58
70
65
67
84
58
67
68
65
84
49
56
58
68
65
84
65
32
35
57
48
48
48
48
48
54
57
51
54
0
0
0
0
0
138
161
192
0
0
0
0
0
204
170
192
0
0
0
0
0
116
161
192
0
0
0
0
0
218
170
192
0
0
0
0
0
96
161
192
0
0
0
0
0
230
170
192
0
0
0
0
0
76
161
192
0
0
0
0
0
242
170
192
0
0
0
0
0
54
161
192
0
0
0
0
0
254
170
192
0
0
0
0
0
34
161
192
0
0
0
0
0
10
171
192
0
0
0
0
0
12
161
192
0
0
0
0
0
22
171
192
0
0
0
0
0
246
160
192
0
0
0
0
0
34
171
192
0
0
0
0
0
224
160
192
0
0
0
0
0
46
171
192
0
0
0
0
0
204
160
192
0
0
0
0
0
60
171
192
0
0
0
0
0
182
160
192
0
0
0
0
0
72
171
192
0
0
0
0
0
158
160
192
0
0
0
0
0
86
171
192
0
0
0
0
0
136
160
192
0
0
0
0
0
98
171
192
0
0
0
0
0
114
160
192
0
0
0
0
0
112
171
192
0
0
0
0
0
92
160
192
0
0
0
0
0
124
171
192
0
0
0
0
0
68
160
192
0
0
0
0
0
136
171
192
0
0
0
0
0
46
160
192
0
0
0
0
0
150
171
192
0
0
0
0
0
22
160
192
0
0
0
0
0
162
171
192
0
0
0
0
0
0
160
192
0
0
0
0
0
174
171
192
0
0
0
0
0
212
159
192
0
0
0
0
0
184
171
192
0
0
0
0
0
164
159
192
0
0
0
0
0
196
171
192
0
0
0
0
0
120
159
192
0
0
0
0
0
208
171
192
0
0
0
0
0
72
159
192
0
0
0
0
0
218
171
192
0
0
0
0
0
28
159
192
0
0
0
0
0
230
171
192
0
0
0
0
0
236
158
192
0
0
0
0
0
240
171
192
0
0
0
0
0
188
158
192
0
0
0
0
0
252
171
192
0
0
0
0
0
144
158
192
0
0
0
0
0
8
172
192
0
0
0
0
0
96
158
192
0
0
0
0
0
18
172
192
0
0
0
0
0
52
158
192
0
0
0
0
0
30
172
192
0
0
0
0
0
4
158
192
0
0
0
0
0
42
172
192
0
0
0
0
0
216
157
192
0
0
0
0
0
54
172
192
0
0
0
0
0
168
157
192
0
0
0
0
0
66
172
192
0
0
0
0
0
120
157
192
0
0
0
0
0
78
172
192
0
0
0
0
0
72
157
192
0
0
0
0
0
90
172
192
0
0
0
0
0
28
157
192
0
0
0
0
0
102
172
192
0
0
0
0
0
236
156
192
0
0
0
0
0
114
172
192
0
0
0
0
0
188
156
192
0
0
0
0
0
124
172
192
0
0
0
0
0
140
156
192
0
0
0
0
0
136
172
192
0
0
0
0
0
96
156
192
0
0
0
0
0
148
172
192
0
0
0
0
0
48
156
192
0
0
0
0
0
158
172
192
0
0
0
0
0
0
156
192
0
0
0
0
0
168
172
192
0
0
0
0
0
208
155
192
0
0
0
0
0
178
172
192
0
0
0
0
0
160
155
192
0
0
0
0
0
190
172
192
0
0
0
0
0
112
155
192
0
0
0
0
0
200
172
192
0
0
0
0
0
64
155
192
0
0
0
0
0
210
172
192
0
0
0
0
0
16
155
192
0
0
0
0
0
220
172
192
0
0
0
0
0
224
154
192
0
0
0
0
0
230
172
192
0
0
0
0
0
176
154
192
0
0
0
0
0
240
172
192
0
0
0
0
0
128
154
192
0
0
0
0
0
250
172
192
0
0
0
0
0
80
154
192
0
0
0
0
0
4
173
192
0
0
0
0
0
32
154
192
0
0
0
0
0
16
173
192
0
0
0
0
0
236
153
192
0
0
0
0
0
26
173
192
0
0
0
0
0
188
153
192
0
0
0
0
0
36
173
192
0
0
0
0
0
140
153
192
0
0
0
0
0
48
173
192
0
0
0
0
0
88
153
192
0
0
0
0
0
58
173
192
0
0
0
0
0
40
153
192
0
0
0
0
0
70
173
192
0
0
0
0
0
244
152
192
0
0
0
0
0
80
173
192
0
0
0
0
0
196
152
192
0
0
0
0
0
92
173
192
0
0
0
0
0
148
152
192
0
0
0
0
0
102
173
192
0
0
0
0
0
96
152
192
0
0
0
0
0
112
173
192
0
0
0
0
0
48
152
192
0
0
0
0
0
122
173
192
0
0
0
0
0
0
152
192
0
0
0
0
0
132
173
192
0
0
0
0
0
204
151
192
0
0
0
0
0
142
173
192
0
0
0
0
0
156
151
192
0
0
0
0
0
152
173
192
0
0
0
0
0
108
151
192
0
0
0
0
0
162
173
192
0
0
0
0
0
56
151
192
0
0
0
0
0
172
173
192
0
0
0
0
0
8
151
192
0
0
0
0
0
182
173
192
0
0
0
0
0
216
150
192
0
0
0
0
0
190
173
192
0
0
0
0
0
164
150
192
0
0
0
0
0
200
173
192
0
0
0
0
0
116
150
192
0
0
0
0
0
210
173
192
0
0
0
0
0
68
150
192
0
0
0
0
0
220
173
192
0
0
0
0
0
16
150
192
0
0
0
0
0
228
173
192
0
0
0
0
0
224
149
192
0
0
0
0
0
238
173
192
0
0
0
0
0
176
149
192
0
0
0
0
0
248
173
192
0
0
0
0
0
128
149
192
0
0
0
0
0
0
174
192
0
0
0
0
0
76
149
192
0
0
0
0
0
10
174
192
0
0
0
0
0
28
149
192
0
0
0
0
0
18
174
192
0
0
0
0
0
236
148
192
0
0
0
0
0
28
174
192
0
0
0
0
0
188
148
192
0
0
0
0
0
36
174
192
0
0
0
0
0
140
148
192
0
0
0
0
0
46
174
192
0
0
0
0
0
88
148
192
0
0
0
0
0
54
174
192
0
0
0
0
0
40
148
192
0
0
0
0
0
62
174
192
0
0
0
0
0
248
147
192
0
0
0
0
0
70
174
192
0
0
0
0
0
200
147
192
0
0
0
0
0
80
174
192
0
0
0
0
0
152
147
192
0
0
0
0
0
88
174
192
0
0
0
0
0
104
147
192
0
0
0
0
0
96
174
192
0
0
0
0
0
56
147
192
0
0
0
0
0
104
174
192
0
0
0
0
0
8
147
192
0
0
0
0
0
112
174
192
0
0
0
0
0
216
146
192
0
0
0
0
0
120
174
192
0
0
0
0
0
168
146
192
0
0
0
0
0
128
174
192
0
0
0
0
0
116
146
192
0
0
0
0
0
136
174
192
0
0
0
0
0
68
146
192
0
0
0
0
0
144
174
192
0
0
0
0
0
20
146
192
0
0
0
0
0
152
174
192
0
0
0
0
0
224
145
192
0
0
0
0
0
160
174
192
0
0
0
0
0
176
145
192
0
0
0
0
0
168
174
192
0
0
0
0
0
124
145
192
0
0
0
0
0
176
174
192
0
0
0
0
0
76
145
192
0
0
0
0
0
184
174
192
0
0
0
0
0
24
145
192
0
0
0
0
0
192
174
192
0
0
0
0
0
232
144
192
0
0
0
0
0
200
174
192
0
0
0
0
0
184
144
192
0
0
0
0
0
208
174
192
0
0
0
0
0
132
144
192
0
0
0
0
0
216
174
192
0
0
0
0
0
84
144
192
0
0
0
0
0
224
174
192
0
0
0
0
0
32
144
192
0
0
0
0
0
232
174
192
0
0
0
0
0
224
143
192
0
0
0
0
0
240
174
192
0
0
0
0
0
128
143
192
0
0
0
0
0
248
174
192
0
0
0
0
0
24
143
192
0
0
0
0
0
254
174
192
0
0
0
0
0
184
142
192
0
0
0
0
0
6
175
192
0
0
0
0
0
88
142
192
0
0
0
0
0
14
175
192
0
0
0
0
0
240
141
192
0
0
0
0
0
20
175
192
0
0
0
0
0
144
141
192
0
0
0
0
0
26
175
192
0
0
0
0
0
40
141
192
0
0
0
0
0
32
175
192
0
0
0
0
0
200
140
192
0
0
0
0
0
38
175
192
0
0
0
0
0
96
140
192
0
0
0
0
0
44
175
192
0
0
0
0
0
0
140
192
0
0
0
0
0
50
175
192
0
0
0
0
0
152
139
192
0
0
0
0
0
56
175
192
0
0
0
0
0
48
139
192
0
0
0
0
0
62
175
192
0
0
0
0
0
208
138
192
0
0
0
0
0
66
175
192
0
0
0
0
0
104
138
192
0
0
0
0
0
72
175
192
0
0
0
0
0
8
138
192
0
0
0
0
0
78
175
192
0
0
0
0
0
160
137
192
0
0
0
0
0
82
175
192
0
0
0
0
0
64
137
192
0
0
0
0
0
88
175
192
0
0
0
0
0
216
136
192
0
0
0
0
0
94
175
192
0
0
0
0
0
120
136
192
0
0
0
0
0
100
175
192
0
0
0
0
0
16
136
192
0
0
0
0
0
106
175
192
0
0
0
0
0
176
135
192
0
0
0
0
0
112
175
192
0
0
0
0
0
72
135
192
0
0
0
0
0
118
175
192
0
0
0
0
0
232
134
192
0
0
0
0
0
124
175
192
0
0
0
0
0
128
134
192
0
0
0
0
0
130
175
192
0
0
0
0
0
32
134
192
0
0
0
0
0
136
175
192
0
0
0
0
0
192
133
192
0
0
0
0
0
142
175
192
0
0
0
0
0
88
133
192
0
0
0
0
0
146
175
192
0
0
0
0
0
248
132
192
0
0
0
0
0
152
175
192
0
0
0
0
0
152
132
192
0
0
0
0
0
158
175
192
0
0
0
0
0
48
132
192
0
0
0
0
0
162
175
192
0
0
0
0
0
208
131
192
0
0
0
0
0
166
175
192
0
0
0
0
0
112
131
192
0
0
0
0
0
172
175
192
0
0
0
0
0
16
131
192
0
0
0
0
0
176
175
192
0
0
0
0
0
176
130
192
0
0
0
0
0
180
175
192
0
0
0
0
0
72
130
192
0
0
0
0
0
184
175
192
0
0
0
0
0
232
129
192
0
0
0
0
0
188
175
192
0
0
0
0
0
136
129
192
0
0
0
0
0
192
175
192
0
0
0
0
0
40
129
192
0
0
0
0
0
196
175
192
0
0
0
0
0
200
128
192
0
0
0
0
0
200
175
192
0
0
0
0
0
104
128
192
0
0
0
0
0
204
175
192
0
0
0
0
0
8
128
192
0
0
0
0
0
206
175
192
0
0
0
0
0
80
127
192
0
0
0
0
0
210
175
192
0
0
0
0
0
144
126
192
0
0
0
0
0
214
175
192
0
0
0
0
0
192
125
192
0
0
0
0
0
216
175
192
0
0
0
0
0
0
125
192
0
0
0
0
0
220
175
192
0
0
0
0
0
64
124
192
0
0
0
0
0
222
175
192
0
0
0
0
0
112
123
192
0
0
0
0
0
226
175
192
0
0
0
0
0
176
122
192
0
0
0
0
0
228
175
192
0
0
0
0
0
224
121
192
0
0
0
0
0
230
175
192
0
0
0
0
0
16
121
192
0
0
0
0
0
234
175
192
0
0
0
0
0
80
120
192
0
0
0
0
0
236
175
192
0
0
0
0
0
128
119
192
0
0
0
0
0
238
175
192
0
0
0
0
0
176
118
192
0
0
0
0
0
240
175
192
0
0
0
0
0
224
117
192
0
0
0
0
0
242
175
192
0
0
0
0
0
32
117
192
0
0
0
0
0
244
175
192
0
0
0
0
0
80
116
192
0
0
0
0
0
246
175
192
0
0
0
0
0
144
115
192
0
0
0
0
0
250
175
192
0
0
0
0
0
192
114
192
0
0
0
0
0
252
175
192
0
0
0
0
0
0
114
192
0
0
0
0
0
254
175
192
0
0
0
0
0
64
113
192
0
0
0
0
0
0
176
192
0
0
0
0
0
128
112
192
0
0
0
0
0
1
176
192
0
0
0
0
0
96
111
192
0
0
0
0
0
3
176
192
0
0
0
0
0
224
109
192
0
0
0
0
0
4
176
192
0
0
0
0
0
96
108
192
0
0
0
0
0
5
176
192
0
0
0
0
0
224
106
192
0
0
0
0
0
6
176
192
0
0
0
0
0
96
105
192
0
0
0
0
0
7
176
192
0
0
0
0
0
224
103
192
0
0
0
0
0
8
176
192
0
0
0
0
0
96
102
192
0
0
0
0
0
8
176
192
0
0
0
0
0
192
100
192
0
0
0
0
0
9
176
192
0
0
0
0
0
64
99
192
0
0
0
0
0
9
176
192
0
0
0
0
0
160
97
192
0
0
0
0
0
9
176
192
0
0
0
0
0
0
96
192
0
0
0
0
0
9
176
192
0
0
0
0
0
0
93
192
0
0
0
0
0
10
176
192
0
0
0
0
0
192
89
192
0
0
0
0
0
9
176
192
0
0
0
0
0
128
86
192
0
0
0
0
0
9
176
192
0
0
0
0
0
64
83
192
0
0
0
0
0
9
176
192
0
0
0
0
0
64
80
192
0
0
0
0
0
9
176
192
0
0
0
0
0
0
74
192
0
0
0
0
0
9
176
192
0
0
0
0
0
128
67
192
0
0
0
0
0
9
176
192
0
0
0
0
0
0
59
192
0
0
0
0
0
8
176
192
0
0
0
0
0
0
44
192
0
0
0
0
0
8
176
192
0
0
0
0
0
0
0
192
0
0
0
0
0
8
176
192
0
0
0
0
0
0
36
64
0
0
0
0
0
8
176
192
0
0
0
0
0
0
55
64
0
0
0
0
0
8
176
192
0
0
0
0
0
128
65
64
0
0
0
0
0
8
176
192
0
0
0
0
0
128
71
64
0
0
0
0
0
8
176
192
0
0
0
0
0
128
77
64
0
0
0
0
0
8
176
192
0
0
0
0
0
0
82
64
0
0
0
0
0
7
176
192
0
0
0
0
0
0
85
64
0
0
0
0
0
7
176
192
0
0
0
0
0
0
88
64
0
0
0
0
0
7
176
192
0
0
0
0
0
64
91
64
0
0
0
0
0
6
176
192
0
0
0
0
0
64
94
64
0
0
0
0
0
6
176
192
0
0
0
0
0
192
96
64
0
0
0
0
0
5
176
192
0
0
0
0
0
64
98
64
0
0
0
0
0
5
176
192
0
0
0
0
0
224
99
64
0
0
0
0
0
4
176
192
0
0
0
0
0
128
101
64
0
0
0
0
0
3
176
192
0
0
0
0
0
0
103
64
0
0
0
0
0
3
176
192
0
0
0
0
0
160
104
64
0
0
0
0
0
2
176
192
0
0
0
0
0
32
106
64
0
0
0
0
0
1
176
192
0
0
0
0
0
192
107
64
0
0
0
0
0
0
176
192
0
0
0
0
0
96
109
64
0
0
0
0
0
254
175
192
0
0
0
0
0
0
111
64
0
0
0
0
0
250
175
192
0
0
0
0
0
64
112
64
0
0
0
0
0
248
175
192
0
0
0
0
0
16
113
64
0
0
0
0
0
246
175
192
0
0
0
0
0
224
113
64
0
0
0
0
0
244
175
192
0
0
0
0
0
176
114
64
0
0
0
0
0
240
175
192
0
0
0
0
0
112
115
64
0
0
0
0
0
238
175
192
0
0
0
0
0
64
116
64
0
0
0
0
0
236
175
192
0
0
0
0
0
16
117
64
0
0
0
0
0
234
175
192
0
0
0
0
0
224
117
64
0
0
0
0
0
230
175
192
0
0
0
0
0
160
118
64
0
0
0
0
0
228
175
192
0
0
0
0
0
112
119
64
0
0
0
0
0
226
175
192
0
0
0
0
0
64
120
64
0
0
0
0
0
222
175
192
0
0
0
0
0
0
121
64
0
0
0
0
0
220
175
192
0
0
0
0
0
208
121
64
0
0
0
0
0
218
175
192
0
0
0
0
0
160
122
64
0
0
0
0
0
214
175
192
0
0
0
0
0
96
123
64
0
0
0
0
0
212
175
192
0
0
0
0
0
48
124
64
0
0
0
0
0
210
175
192
0
0
0
0
0
0
125
64
0
0
0
0
0
206
175
192
0
0
0
0
0
208
125
64
0
0
0
0
0
204
175
192
0
0
0
0
0
160
126
64
0
0
0
0
0
200
175
192
0
0
0
0
0
112
127
64
0
0
0
0
0
196
175
192
0
0
0
0
0
40
128
64
0
0
0
0
0
194
175
192
0
0
0
0
0
144
128
64
0
0
0
0
0
190
175
192
0
0
0
0
0
248
128
64
0
0
0
0
0
186
175
192
0
0
0
0
0
96
129
64
0
0
0
0
0
182
175
192
0
0
0
0
0
200
129
64
0
0
0
0
0
178
175
192
0
0
0
0
0
48
130
64
0
0
0
0
0
174
175
192
0
0
0
0
0
152
130
64
0
0
0
0
0
170
175
192
0
0
0
0
0
248
130
64
0
0
0
0
0
166
175
192
0
0
0
0
0
96
131
64
0
0
0
0
0
164
175
192
0
0
0
0
0
192
131
64
0
0
0
0
0
160
175
192
0
0
0
0
0
40
132
64
0
0
0
0
0
154
175
192
0
0
0
0
0
136
132
64
0
0
0
0
0
150
175
192
0
0
0
0
0
240
132
64
0
0
0
0
0
146
175
192
0
0
0
0
0
80
133
64
0
0
0
0
0
142
175
192
0
0
0
0
0
176
133
64
0
0
0
0
0
138
175
192
0
0
0
0
0
16
134
64
0
0
0
0
0
134
175
192
0
0
0
0
0
112
134
64
0
0
0
0
0
130
175
192
0
0
0
0
0
216
134
64
0
0
0
0
0
126
175
192
0
0
0
0
0
56
135
64
0
0
0
0
0
122
175
192
0
0
0
0
0
152
135
64
0
0
0
0
0
118
175
192
0
0
0
0
0
0
136
64
0
0
0
0
0
114
175
192
0
0
0
0
0
96
136
64
0
0
0
0
0
110
175
192
0
0
0
0
0
200
136
64
0
0
0
0
0
104
175
192
0
0
0
0
0
40
137
64
0
0
0
0
0
100
175
192
0
0
0
0
0
136
137
64
0
0
0
0
0
96
175
192
0
0
0
0
0
240
137
64
0
0
0
0
0
90
175
192
0
0
0
0
0
88
138
64
0
0
0
0
0
86
175
192
0
0
0
0
0
184
138
64
0
0
0
0
0
80
175
192
0
0
0
0
0
32
139
64
0
0
0
0
0
76
175
192
0
0
0
0
0
128
139
64
0
0
0
0
0
70
175
192
0
0
0
0
0
232
139
64
0
0
0
0
0
64
175
192
0
0
0
0
0
80
140
64
0
0
0
0
0
58
175
192
0
0
0
0
0
176
140
64
0
0
0
0
0
52
175
192
0
0
0
0
0
24
141
64
0
0
0
0
0
46
175
192
0
0
0
0
0
120
141
64
0
0
0
0
0
40
175
192
0
0
0
0
0
224
141
64
0
0
0
0
0
34
175
192
0
0
0
0
0
64
142
64
0
0
0
0
0
28
175
192
0
0
0
0
0
168
142
64
0
0
0
0
0
22
175
192
0
0
0
0
0
8
143
64
0
0
0
0
0
16
175
192
0
0
0
0
0
104
143
64
0
0
0
0
0
8
175
192
0
0
0
0
0
200
143
64
0
0
0
0
0
2
175
192
0
0
0
0
0
20
144
64
0
0
0
0
0
252
174
192
0
0
0
0
0
72
144
64
0
0
0
0
0
246
174
192
0
0
0
0
0
120
144
64
0
0
0
0
0
238
174
192
0
0
0
0
0
168
144
64
0
0
0
0
0
232
174
192
0
0
0
0
0
216
144
64
0
0
0
0
0
226
174
192
0
0
0
0
0
8
145
64
0
0
0
0
0
218
174
192
0
0
0
0
0
56
145
64
0
0
0
0
0
212
174
192
0
0
0
0
0
104
145
64
0
0
0
0
0
206
174
192
0
0
0
0
0
152
145
64
0
0
0
0
0
198
174
192
0
0
0
0
0
204
145
64
0
0
0
0
0
192
174
192
0
0
0
0
0
252
145
64
0
0
0
0
0
184
174
192
0
0
0
0
0
44
146
64
0
0
0
0
0
178
174
192
0
0
0
0
0
92
146
64
0
0
0
0
0
170
174
192
0
0
0
0
0
140
146
64
0
0
0
0
0
162
174
192
0
0
0
0
0
192
146
64
0
0
0
0
0
156
174
192
0
0
0
0
0
240
146
64
0
0
0
0
0
148
174
192
0
0
0
0
0
32
147
64
0
0
0
0
0
140
174
192
0
0
0
0
0
80
147
64
0
0
0
0
0
134
174
192
0
0
0
0
0
128
147
64
0
0
0
0
0
126
174
192
0
0
0
0
0
172
147
64
0
0
0
0
0
118
174
192
0
0
0
0
0
220
147
64
0
0
0
0
0
110
174
192
0
0
0
0
0
12
148
64
0
0
0
0
0
102
174
192
0
0
0
0
0
60
148
64
0
0
0
0
0
94
174
192
0
0
0
0
0
108
148
64
0
0
0
0
0
86
174
192
0
0
0
0
0
156
148
64
0
0
0
0
0
78
174
192
0
0
0
0
0
200
148
64
0
0
0
0
0
70
174
192
0
0
0
0
0
248
148
64
0
0
0
0
0
62
174
192
0
0
0
0
0
40
149
64
0
0
0
0
0
54
174
192
0
0
0
0
0
88
149
64
0
0
0
0
0
44
174
192
0
0
0
0
0
136
149
64
0
0
0
0
0
36
174
192
0
0
0
0
0
184
149
64
0
0
0
0
0
28
174
192
0
0
0
0
0
232
149
64
0
0
0
0
0
18
174
192
0
0
0
0
0
24
150
64
0
0
0
0
0
10
174
192
0
0
0
0
0
72
150
64
0
0
0
0
0
0
174
192
0
0
0
0
0
120
150
64
0
0
0
0
0
248
173
192
0
0
0
0
0
168
150
64
0
0
0
0
0
238
173
192
0
0
0
0
0
216
150
64
0
0
0
0
0
230
173
192
0
0
0
0
0
8
151
64
0
0
0
0
0
220
173
192
0
0
0
0
0
52
151
64
0
0
0
0
0
210
173
192
0
0
0
0
0
100
151
64
0
0
0
0
0
202
173
192
0
0
0
0
0
148
151
64
0
0
0
0
0
192
173
192
0
0
0
0
0
196
151
64
0
0
0
0
0
182
173
192
0
0
0
0
0
240
151
64
0
0
0
0
0
172
173
192
0
0
0
0
0
32
152
64
0
0
0
0
0
162
173
192
0
0
0
0
0
80
152
64
0
0
0
0
0
152
173
192
0
0
0
0
0
124
152
64
0
0
0
0
0
142
173
192
0
0
0
0
0
172
152
64
0
0
0
0
0
132
173
192
0
0
0
0
0
216
152
64
0
0
0
0
0
122
173
192
0
0
0
0
0
8
153
64
0
0
0
0
0
112
173
192
0
0
0
0
0
56
153
64
0
0
0
0
0
102
173
192
0
0
0
0
0
100
153
64
0
0
0
0
0
92
173
192
0
0
0
0
0
148
153
64
0
0
0
0
0
82
173
192
0
0
0
0
0
192
153
64
0
0
0
0
0
72
173
192
0
0
0
0
0
240
153
64
0
0
0
0
0
62
173
192
0
0
0
0
0
28
154
64
0
0
0
0
0
52
173
192
0
0
0
0
0
76
154
64
0
0
0
0
0
40
173
192
0
0
0
0
0
120
154
64
0
0
0
0
0
30
173
192
0
0
0
0
0
164
154
64
0
0
0
0
0
20
173
192
0
0
0
0
0
208
154
64
0
0
0
0
0
10
173
192
0
0
0
0
0
0
155
64
0
0
0
0
0
0
173
192
0
0
0
0
0
44
155
64
0
0
0
0
0
244
172
192
0
0
0
0
0
88
155
64
0
0
0
0
0
234
172
192
0
0
0
0
0
132
155
64
0
0
0
0
0
224
172
192
0
0
0
0
0
176
155
64
0
0
0
0
0
214
172
192
0
0
0
0
0
220
155
64
0
0
0
0
0
202
172
192
0
0
0
0
0
12
156
64
0
0
0
0
0
192
172
192
0
0
0
0
0
56
156
64
0
0
0
0
0
180
172
192
0
0
0
0
0
100
156
64
0
0
0
0
0
170
172
192
0
0
0
0
0
144
156
64
0
0
0
0
0
158
172
192
0
0
0
0
0
192
156
64
0
0
0
0
0
146
172
192
0
0
0
0
0
236
156
64
0
0
0
0
0
136
172
192
0
0
0
0
0
28
157
64
0
0
0
0
0
124
172
192
0
0
0
0
0
76
157
64
0
0
0
0
0
112
172
192
0
0
0
0
0
120
157
64
0
0
0
0
0
100
172
192
0
0
0
0
0
168
157
64
0
0
0
0
0
86
172
192
0
0
0
0
0
212
157
64
0
0
0
0
0
74
172
192
0
0
0
0
0
0
158
64
0
0
0
0
0
62
172
192
0
0
0
0
0
48
158
64
0
0
0
0
0
50
172
192
0
0
0
0
0
92
158
64
0
0
0
0
0
38
172
192
0
0
0
0
0
136
158
64
0
0
0
0
0
26
172
192
0
0
0
0
0
180
158
64
0
0
0
0
0
12
172
192
0
0
0
0
0
224
158
64
0
0
0
0
0
0
172
192
0
0
0
0
0
12
159
64
0
0
0
0
0
244
171
192
0
0
0
0
0
52
159
64
0
0
0
0
0
232
171
192
0
0
0
0
0
96
159
64
0
0
0
0
0
218
171
192
0
0
0
0
0
140
159
64
0
0
0
0
0
206
171
192
0
0
0
0
0
184
159
64
0
0
0
0
0
194
171
192
0
0
0
0
0
224
159
64
0
0
0
0
0
180
171
192
0
0
0
0
0
6
160
64
0
0
0
0
0
168
171
192
0
0
0
0
0
28
160
64
0
0
0
0
0
154
171
192
0
0
0
0
0
50
160
64
0
0
0
0
0
140
171
192
0
0
0
0
0
72
160
64
0
0
0
0
0
128
171
192
0
0
0
0
0
94
160
64
0
0
0
0
0
114
171
192
0
0
0
0
0
116
160
64
0
0
0
0
0
100
171
192
0
0
0
0
0
138
160
64
0
0
0
0
0
86
171
192
0
0
0
0
0
160
160
64
0
0
0
0
0
72
171
192
0
0
0
0
0
182
160
64
0
0
0
0
0
58
171
192
0
0
0
0
0
204
160
64
0
0
0
0
0
46
171
192
0
0
0
0
0
224
160
64
0
0
0
0
0
32
171
192
0
0
0
0
0
246
160
64
0
0
0
0
0
18
171
192
0
0
0
0
0
12
161
64
0
0
0
0
0
4
171
192
0
0
0
0
0
32
161
64
0
0
0
0
0
246
170
192
0
0
0
0
0
54
161
64
0
0
0
0
0
232
170
192
0
0
0
0
0
74
161
64
0
0
0
0
0
220
170
192
0
0
0
0
0
94
161
64
0
0
0
0
0
206
170
192
0
0
0
0
0
116
161
64
0
0
0
0
0
192
170
192
0
0
0
0
0
136
161
64
0
0
0
0
0
178
170
192
0
0
0
0
0
156
161
64
0
0
0
0
0
164
170
192
0
0
0
0
0
178
161
64
0
0
0
0
0
150
170
192
0
0
0
0
0
198
161
64
0
0
0
0
0
136
170
192
0
0
0
0
0
218
161
64
0
0
0
0
0
122
170
192
0
0
0
0
0
240
161
64
0
0
0
0
0
108
170
192
0
0
0
0
0
4
162
64
0
0
0
0
0
92
170
192
0
0
0
0
0
24
162
64
0
0
0
0
0
78
170
192
0
0
0
0
0
46
162
64
0
0
0
0
0
62
170
192
0
0
0
0
0
66
162
64
0
0
0
0
0
48
170
192
0
0
0
0
0
86
162
64
0
0
0
0
0
32
170
192
0
0
0
0
0
108
162
64
0
0
0
0
0
18
170
192
0
0
0
0
0
128
162
64
0
0
0
0
0
2
170
192
0
0
0
0
0
150
162
64
0
0
0
0
0
244
169
192
0
0
0
0
0
170
162
64
0
0
0
0
0
230
169
192
0
0
0
0
0
190
162
64
0
0
0
0
0
214
169
192
0
0
0
0
0
212
162
64
0
0
0
0
0
200
169
192
0
0
0
0
0
232
162
64
0
0
0
0
0
184
169
192
0
0
0
0
0
252
162
64
0
0
0
0
0
170
169
192
0
0
0
0
0
18
163
64
0
0
0
0
0
154
169
192
0
0
0
0
0
38
163
64
0
0
0
0
0
140
169
192
0
0
0
0
0
58
163
64
0
0
0
0
0
124
169
192
0
0
0
0
0
80
163
64
0
0
0
0
0
108
169
192
0
0
0
0
0
100
163
64
0
0
0
0
0
92
169
192
0
0
0
0
0
120
163
64
0
0
0
0
0
78
169
192
0
0
0
0
0
140
163
64
0
0
0
0
0
62
169
192
0
0
0
0
0
160
163
64
0
0
0
0
0
44
169
192
0
0
0
0
0
180
163
64
0
0
0
0
0
28
169
192
0
0
0
0
0
200
163
64
0
0
0
0
0
12
169
192
0
0
0
0
0
220
163
64
0
0
0
0
0
252
168
192
0
0
0
0
0
240
163
64
0
0
0
0
0
236
168
192
0
0
0
0
0
4
164
64
0
0
0
0
0
218
168
192
0
0
0
0
0
22
164
64
0
0
0
0
0
202
168
192
0
0
0
0
0
42
164
64
0
0
0
0
0
186
168
192
0
0
0
0
0
62
164
64
0
0
0
0
0
168
168
192
0
0
0
0
0
82
164
64
0
0
0
0
0
152
168
192
0
0
0
0
0
100
164
64
0
0
0
0
0
136
168
192
0
0
0
0
0
120
164
64
0
0
0
0
0
120
168
192
0
0
0
0
0
138
164
64
0
0
0
0
0
102
168
192
0
0
0
0
0
158
164
64
0
0
0
0
0
86
168
192
0
0
0
0
0
176
164
64
0
0
0
0
0
70
168
192
0
0
0
0
0
196
164
64
0
0
0
0
0
54
168
192
0
0
0
0
0
216
164
64
0
0
0
0
0
38
168
192
0
0
0
0
0
234
164
64
0
0
0
0
0
20
168
192
0
0
0
0
0
254
164
64
0
0
0
0
0
4
168
192
0
0
0
0
0
18
165
64
0
0
0
0
0
244
167
192
0
0
0
0
0
36
165
64
0
0
0
0
0
226
167
192
0
0
0
0
0
56
165
64
0
0
0
0
0
210
167
192
0
0
0
0
0
76
165
64
0
0
0
0
0
194
167
192
0
0
0
0
0
94
165
64
0
0
0
0
0
176
167
192
0
0
0
0
0
114
165
64
0
0
0
0
0
160
167
192
0
0
0
0
0
132
165
64
0
0
0
0
0
142
167
192
0
0
0
0
0
152
165
64
0
0
0
0
0
126
167
192
0
0
0
0
0
172
165
64
0
0
0
0
0
108
167
192
0
0
0
0
0
190
165
64
0
0
0
0
0
92
167
192
0
0
0
0
0
208
165
64
0
0
0
0
0
74
167
192
0
0
0
0
0
228
165
64
0
0
0
0
0
56
167
192
0
0
0
0
0
246
165
64
0
0
0
0
0
40
167
192
0
0
0
0
0
8
166
64
0
0
0
0
0
22
167
192
0
0
0
0
0
26
166
64
0
0
0
0
0
4
167
192
0
0
0
0
0
44
166
64
0
0
0
0
0
0
0
0
0
0
0
0
0
0
0
0
0
0
0
0
0
0
0
0
0
0
0
0
0
0
0
0
0
0
0
0
0
0
0
0
0
0
0
0
0
0
0
0
0
0
0
0
0
0
0
0
0
0
0
0
0
0
0
0
0
0
0
0
0
0
0
0
0
0
0
0
0
0
0
0
0
0
0
0
0
0
0
0
0
0
0
0
0
0
0
0
0
0
0
0
0
0
0
0
0
0
0
0
0
0
0
0
0
0
0
0
0
0
0
0
0
0
0
0
0
0
0
0
0
0
0
0
0
0
0
0
0
0
0
0
0
0
0
0
0
0
0
0
0
0
0
0
0
0
0
0
0
0
0
0
0
0
0
0
0
0
0
0
0
0
0
0
0
0
0
0
0
0
0
0
0
0
0
0
0
0
0
0
0
0
0
0
0
0
0
0
0
0
0
0
0
0
0
0
0
0
0
0
0
0
0
0
0
0
0
0
0
0
0
0
0
0
0
0
0
0
0
0
0
0
0
0
0
0
0
0
0
0
0
0
0
0
0
0
0
0
0
0
0
0
0
0
0
0
0
0
0
0
0
0
0
0
0
0
0
0
0
0
0
0
0
0
0
0
0
0
0
0
0
0
0
0
0
0
0
0
0
0
0
0
0
0
0
0
0
0
0
0
0
0
0
0
0
0
0
0
0
0
0
0
0
0
0
0
0
0
0
0
0
0
0
0
0
0
0
0
0
0
0
0
0
0
0
0
0
0
0
0
0
0
0
0
0
0
0
0
0
0
0
0
0
0
0
0
0
0
0
0
0
0
0
0
0
0
0
0
0
0
0
0
0
0
0
0
0
0
0
0
0
0
0
0
0
0
0
0
0
0
0
0
0
0
0
0
0
0
0
0
0
0
0
0
0
0
0
0
0
0
0
0
0
0
0
0
0
0
0
0
0
0
0
0
0
0
0
0
0
0
0
0
0
0
0
0
0
0
0
0
0
0
0
0
0
0
0
0
0
0
0
0
0
0
0
0
0
0
0
0
0
0
0
0
0
0
0
0
0
0
0
0
0
0
0
0
0
0
0
0
0
0
0
0
0
0
0
0
0
0
0
0
0
0
0
0
0
0
0
0
0
0
0
0
0
0
0
0
0
0
0
0
0
0
0
0
0
0
0
0
0
0
0
0
0
0
0
0
0
0
0
0
0
0
0
0
0
0
0
0
0
0
0
0
0
0
0
0
0
0
0
0
0
0
0
0
0
0
0
0
0
0
0
0
0
0
0
0
0
0
0
0
0
0
0
0
0
0
0
0
0
0
0
0
0
0
0
0
0
0
0
0
0
0
0
0
0
0
0
0
0
0
0
0
0
0
0
0
0
0
0
0
0
0
0
0
0
0
0
0
0
0
0
0
0
0
0
0
0
0
0
0
0
0
0
0
0
0
0
0
0
0
0
0
0
0
0
0
0
0
0
0
0
0
0
0
0
0
0
0
0
0
0
0
0
0
0
0
0
0
0
0
0
0
0
0
0
0
0
0
0
0
0
0
0
0
0
0
0
0
0
0
0
0
0
0
0
0
0
0
0
0
0
0
0
0
0
0
0
0
0
0
0
0
0
0
0
0
0
0
0
0
0
0
0
0
0
0
0
0
0
0
0
0
0
0
0
0
0
0
0
0
0
0
0
0
0
0
0
0
0
0
0
0
0
0
0
0
0
0
0
0
0
0
0
0
0
0
0
0
0
0
0
0
0
0
0
0
0
0
0
0
0
0
0
0
0
0
0
0
0
0
0
0
0
0
0
0
0
0
0
0
0
0
0
0
0
0
0
0
0
0
0
0
0
0
0
0
0
0
0
0
0
0
0
0
0
0
0
0
0
0
0
0
0
0
0
0
0
0
0
0
0
0
0
0
0
0
0
0
0
0
0
0
0
0
0
0
0
0
0
0
0
0
0
0
0
0
0
0
0
0
0
0
0
0
0
0
0
0
0
0
0
0
0
0
0
0
0
0
0
0
0
0
0
0
0
0
0
0
0
0
0
0
0
0
0
0
0
0
0
0
0
0
0
0
0
0
0
0
0
0
0
0
0
0
0
0
0
0
0
0
0
0
0
0
0
0
0
0
0
0
0
0
0
0
0
0
0
0
0
0
0
0
0
0
0
0
0
0
0
0
0
0
0
0
0
0
0
0
0
0
0
0
0
0
0
0
0
0
0
0
0
0
0
0
0
0
0
0
0
0
0
0
0
0
0
0
0
0
0
0
0
0
0
0
0
0
0
0
0
0
0
0
0
0
0
0
0
0
0
0
0
0
0
0
0
0
0
0
0
0
0
0
0
0
0
0
0
0
0
0
0
0
0
0
0
0
0
0
0
0
0
0
0
0
0
0
0
0
0
0
0
0
0
0
0
0
0
0
0
0
0
0
0
0
0
0
0
0
0
0
0
0
0
0
0
0
0
0
0
0
0
0
0
0
0
0
0
0
0
0
0
0
0
0
0
0
0
0
0
0
0
0
0
0
0
0
0
0
0
0
0
0
0
0
0
0
0
0
0
0
0
0
0
0
0
0
0
0
0
0
0
0
0
0
0
0
0
0
0
0
0
0
0
0
0
0
0
0
0
0
0
0
0
0
0
0
0
0
0
0
0
0
0
0
0
0
0
0
0
0
0
0
0
0
0
0
0
0
0
0
0
0
0
0
0
0
0
0
0
0
0
0
0
0
0
0
0
0
0
0
0
0
0
0
0
0
0
0
0
0
0
0
0
0
0
0
0