58
70
65
67
84
58
67
68
65
84
49
56
58
68
65
84
65
32
35
57
48
48
48
48
48
54
57
51
54
0
142
175
64
0
0
0
0
0
96
102
64
0
0
0
0
0
140
175
64
0
0
0
0
0
192
102
64
0
0
0
0
0
144
175
64
0
0
0
0
0
64
103
64
0
0
0
0
0
152
175
64
0
0
0
0
0
224
103
64
0
0
0
0
0
164
175
64
0
0
0
0
0
128
104
64
0
0
0
0
0
178
175
64
0
0
0
0
0
32
105
64
0
0
0
0
0
194
175
64
0
0
0
0
0
192
105
64
0
0
0
0
0
210
175
64
0
0
0
0
0
96
106
64
0
0
0
0
0
226
175
64
0
0
0
0
0
224
106
64
0
0
0
0
0
240
175
64
0
0
0
0
0
96
107
64
0
0
0
0
0
248
175
64
0
0
0
0
0
160
107
64
0
0
0
0
0
252
175
64
0
0
0
0
0
224
107
64
0
0
0
0
0
252
175
64
0
0
0
0
0
0
108
64
0
0
0
0
0
244
175
64
0
0
0
0
0
0
108
64
0
0
0
0
0
232
175
64
0
0
0
0
0
224
107
64
0
0
0
0
0
218
175
64
0
0
0
0
0
160
107
64
0
0
0
0
0
200
175
64
0
0
0
0
0
64
107
64
0
0
0
0
0
184
175
64
0
0
0
0
0
224
106
64
0
0
0
0
0
168
175
64
0
0
0
0
0
128
106
64
0
0
0
0
0
154
175
64
0
0
0
0
0
32
106
64
0
0
0
0
0
142
175
64
0
0
0
0
0
192
105
64
0
0
0
0
0
138
175
64
0
0
0
0
0
96
105
64
0
0
0
0
0
138
175
64
0
0
0
0
0
0
105
64
0
0
0
0
0
144
175
64
0
0
0
0
0
224
104
64
0
0
0
0
0
156
175
64
0
0
0
0
0
160
104
64
0
0
0
0
0
172
175
64
0
0
0
0
0
160
104
64
0
0
0
0
0
190
175
64
0
0
0
0
0
160
104
64
0
0
0
0
0
210
175
64
0
0
0
0
0
160
104
64
0
0
0
0
0
230
175
64
0
0
0
0
0
192
104
64
0
0
0
0
0
248
175
64
0
0
0
0
0
0
105
64
0
0
0
0
0
4
176
64
0
0
0
0
0
64
105
64
0
0
0
0
0
10
176
64
0
0
0
0
0
160
105
64
0
0
0
0
0
14
176
64
0
0
0
0
0
32
106
64
0
0
0
0
0
14
176
64
0
0
0
0
0
160
106
64
0
0
0
0
0
12
176
64
0
0
0
0
0
64
107
64
0
0
0
0
0
8
176
64
0
0
0
0
0
224
107
64
0
0
0
0
0
3
176
64
0
0
0
0
0
96
108
64
0
0
0
0
0
250
175
64
0
0
0
0
0
0
109
64
0
0
0
0
0
238
175
64
0
0
0
0
0
128
109
64
0
0
0
0
0
226
175
64
0
0
0
0
0
0
110
64
0
0
0
0
0
216
175
64
0
0
0
0
0
64
110
64
0
0
0
0
0
210
175
64
0
0
0
0
0
128
110
64
0
0
0
0
0
210
175
64
0
0
0
0
0
128
110
64
0
0
0
0
0
212
175
64
0
0
0
0
0
96
110
64
0
0
0
0
0
220
175
64
0
0
0
0
0
0
110
64
0
0
0
0
0
232
175
64
0
0
0
0
0
160
109
64
0
0
0
0
0
246
175
64
0
0
0
0
0
0
109
64
0
0
0
0
0
3
176
64
0
0
0
0
0
128
108
64
0
0
0
0
0
11
176
64
0
0
0
0
0
224
107
64
0
0
0
0
0
18
176
64
0
0
0
0
0
32
107
64
0
0
0
0
0
24
176
64
0
0
0
0
0
160
106
64
0
0
0
0
0
29
176
64
0
0
0
0
0
0
106
64
0
0
0
0
0
31
176
64
0
0
0
0
0
160
105
64
0
0
0
0
0
30
176
64
0
0
0
0
0
64
105
64
0
0
0
0
0
27
176
64
0
0
0
0
0
32
105
64
0
0
0
0
0
22
176
64
0
0
0
0
0
0
105
64
0
0
0
0
0
15
176
64
0
0
0
0
0
32
105
64
0
0
0
0
0
7
176
64
0
0
0
0
0
32
105
64
0
0
0
0
0
0
176
64
0
0
0
0
0
64
105
64
0
0
0
0
0
240
175
64
0
0
0
0
0
128
105
64
0
0
0
0
0
228
175
64
0
0
0
0
0
160
105
64
0
0
0
0
0
218
175
64
0
0
0
0
0
192
105
64
0
0
0
0
0
214
175
64
0
0
0
0
0
224
105
64
0
0
0
0
0
214
175
64
0
0
0
0
0
0
106
64
0
0
0
0
0
222
175
64
0
0
0
0
0
0
106
64
0
0
0
0
0
234
175
64
0
0
0
0
0
224
105
64
0
0
0
0
0
248
175
64
0
0
0
0
0
192
105
64
0
0
0
0
0
5
176
64
0
0
0
0
0
160
105
64
0
0
0
0
0
14
176
64
0
0
0
0
0
96
105
64
0
0
0
0
0
23
176
64
0
0
0
0
0
32
105
64
0
0
0
0
0
31
176
64
0
0
0
0
0
224
104
64
0
0
0
0
0
37
176
64
0
0
0
0
0
160
104
64
0
0
0
0
0
41
176
64
0
0
0
0
0
96
104
64
0
0
0
0
0
42
176
64
0
0
0
0
0
0
104
64
0
0
0
0
0
41
176
64
0
0
0
0
0
160
103
64
0
0
0
0
0
36
176
64
0
0
0
0
0
96
103
64
0
0
0
0
0
30
176
64
0
0
0
0
0
0
103
64
0
0
0
0
0
23
176
64
0
0
0
0
0
192
102
64
0
0
0
0
0
14
176
64
0
0
0
0
0
128
102
64
0
0
0
0
0
7
176
64
0
0
0
0
0
96
102
64
0
0
0
0
0
254
175
64
0
0
0
0
0
64
102
64
0
0
0
0
0
244
175
64
0
0
0
0
0
64
102
64
0
0
0
0
0
236
175
64
0
0
0
0
0
64
102
64
0
0
0
0
0
234
175
64
0
0
0
0
0
96
102
64
0
0
0
0
0
240
175
64
0
0
0
0
0
160
102
64
0
0
0
0
0
250
175
64
0
0
0
0
0
0
103
64
0
0
0
0
0
5
176
64
0
0
0
0
0
128
103
64
0
0
0
0
0
14
176
64
0
0
0
0
0
0
104
64
0
0
0
0
0
24
176
64
0
0
0
0
0
128
104
64
0
0
0
0
0
34
176
64
0
0
0
0
0
0
105
64
0
0
0
0
0
44
176
64
0
0
0
0
0
128
105
64
0
0
0
0
0
52
176
64
0
0
0
0
0
0
106
64
0
0
0
0
0
58
176
64
0
0
0
0
0
96
106
64
0
0
0
0
0
61
176
64
0
0
0
0
0
160
106
64
0
0
0
0
0
62
176
64
0
0
0
0
0
224
106
64
0
0
0
0
0
59
176
64
0
0
0
0
0
0
107
64
0
0
0
0
0
53
176
64
0
0
0
0
0
0
107
64
0
0
0
0
0
46
176
64
0
0
0
0
0
0
107
64
0
0
0
0
0
37
176
64
0
0
0
0
0
224
106
64
0
0
0
0
0
29
176
64
0
0
0
0
0
160
106
64
0
0
0
0
0
20
176
64
0
0
0
0
0
96
106
64
0
0
0
0
0
13
176
64
0
0
0
0
0
0
106
64
0
0
0
0
0
7
176
64
0
0
0
0
0
160
105
64
0
0
0
0
0
4
176
64
0
0
0
0
0
64
105
64
0
0
0
0
0
3
176
64
0
0
0
0
0
192
104
64
0
0
0
0
0
6
176
64
0
0
0
0
0
64
104
64
0
0
0
0
0
11
176
64
0
0
0
0
0
192
103
64
0
0
0
0
0
18
176
64
0
0
0
0
0
64
103
64
0
0
0
0
0
26
176
64
0
0
0
0
0
192
102
64
0
0
0
0
0
35
176
64
0
0
0
0
0
64
102
64
0
0
0
0
0
43
176
64
0
0
0
0
0
192
101
64
0
0
0
0
0
51
176
64
0
0
0
0
0
96
101
64
0
0
0
0
0
56
176
64
0
0
0
0
0
0
101
64
0
0
0
0
0
60
176
64
0
0
0
0
0
160
100
64
0
0
0
0
0
60
176
64
0
0
0
0
0
96
100
64
0
0
0
0
0
57
176
64
0
0
0
0
0
32
100
64
0
0
0
0
0
52
176
64
0
0
0
0
0
0
100
64
0
0
0
0
0
44
176
64
0
0
0
0
0
224
99
64
0
0
0
0
0
35
176
64
0
0
0
0
0
224
99
64
0
0
0
0
0
26
176
64
0
0
0
0
0
192
99
64
0
0
0
0
0
16
176
64
0
0
0
0
0
192
99
64
0
0
0
0
0
6
176
64
0
0
0
0
0
192
99
64
0
0
0
0
0
252
175
64
0
0
0
0
0
224
99
64
0
0
0
0
0
240
175
64
0
0
0
0
0
224
99
64
0
0
0
0
0
232
175
64
0
0
0
0
0
224
99
64
0
0
0
0
0
232
175
64
0
0
0
0
0
224
99
64
0
0
0
0
0
236
175
64
0
0
0
0
0
192
99
64
0
0
0
0
0
242
175
64
0
0
0
0
0
192
99
64
0
0
0
0
0
254
175
64
0
0
0
0
0
160
99
64
0
0
0
0
0
5
176
64
0
0
0
0
0
128
99
64
0
0
0
0
0
11
176
64
0
0
0
0
0
64
99
64
0
0
0
0
0
17
176
64
0
0
0
0
0
32
99
64
0
0
0
0
0
22
176
64
0
0
0
0
0
192
98
64
0
0
0
0
0
25
176
64
0
0
0
0
0
128
98
64
0
0
0
0
0
26
176
64
0
0
0
0
0
32
98
64
0
0
0
0
0
25
176
64
0
0
0
0
0
160
97
64
0
0
0
0
0
20
176
64
0
0
0
0
0
32
97
64
0
0
0
0
0
14
176
64
0
0
0
0
0
160
96
64
0
0
0
0
0
6
176
64
0
0
0
0
0
32
96
64
0
0
0
0
0
252
175
64
0
0
0
0
0
64
95
64
0
0
0
0
0
234
175
64
0
0
0
0
0
128
94
64
0
0
0
0
0
218
175
64
0
0
0
0
0
192
93
64
0
0
0
0
0
202
175
64
0
0
0
0
0
128
93
64
0
0
0
0
0
192
175
64
0
0
0
0
0
64
93
64
0
0
0
0
0
184
175
64
0
0
0
0
0
128
93
64
0
0
0
0
0
180
175
64
0
0
0
0
0
64
94
64
0
0
0
0
0
184
175
64
0
0
0
0
0
64
95
64
0
0
0
0
0
192
175
64
0
0
0
0
0
64
96
64
0
0
0
0
0
202
175
64
0
0
0
0
0
0
97
64
0
0
0
0
0
214
175
64
0
0
0
0
0
160
97
64
0
0
0
0
0
226
175
64
0
0
0
0
0
64
98
64
0
0
0
0
0
238
175
64
0
0
0
0
0
224
98
64
0
0
0
0
0
250
175
64
0
0
0
0
0
32
99
64
0
0
0
0
0
1
176
64
0
0
0
0
0
64
99
64
0
0
0
0
0
3
176
64
0
0
0
0
0
0
99
64
0
0
0
0
0
2
176
64
0
0
0
0
0
96
98
64
0
0
0
0
0
254
175
64
0
0
0
0
0
96
97
64
0
0
0
0
0
244
175
64
0
0
0
0
0
0
96
64
0
0
0
0
0
230
175
64
0
0
0
0
0
64
93
64
0
0
0
0
0
214
175
64
0
0
0
0
0
64
90
64
0
0
0
0
0
198
175
64
0
0
0
0
0
64
87
64
0
0
0
0
0
182
175
64
0
0
0
0
0
192
84
64
0
0
0
0
0
168
175
64
0
0
0
0
0
0
83
64
0
0
0
0
0
158
175
64
0
0
0
0
0
0
82
64
0
0
0
0
0
152
175
64
0
0
0
0
0
0
82
64
0
0
0
0
0
150
175
64
0
0
0
0
0
192
82
64
0
0
0
0
0
150
175
64
0
0
0
0
0
128
84
64
0
0
0
0
0
154
175
64
0
0
0
0
0
128
86
64
0
0
0
0
0
160
175
64
0
0
0
0
0
0
89
64
0
0
0
0
0
166
175
64
0
0
0
0
0
128
91
64
0
0
0
0
0
174
175
64
0
0
0
0
0
0
94
64
0
0
0
0
0
180
175
64
0
0
0
0
0
64
96
64
0
0
0
0
0
186
175
64
0
0
0
0
0
64
97
64
0
0
0
0
0
190
175
64
0
0
0
0
0
224
97
64
0
0
0
0
0
194
175
64
0
0
0
0
0
64
98
64
0
0
0
0
0
192
175
64
0
0
0
0
0
0
98
64
0
0
0
0
0
190
175
64
0
0
0
0
0
96
97
64
0
0
0
0
0
182
175
64
0
0
0
0
0
64
96
64
0
0
0
0
0
172
175
64
0
0
0
0
0
64
93
64
0
0
0
0
0
162
175
64
0
0
0
0
0
192
89
64
0
0
0
0
0
150
175
64
0
0
0
0
0
0
86
64
0
0
0
0
0
138
175
64
0
0
0
0
0
64
82
64
0
0
0
0
0
126
175
64
0
0
0
0
0
0
78
64
0
0
0
0
0
116
175
64
0
0
0
0
0
0
72
64
0
0
0
0
0
108
175
64
0
0
0
0
0
0
68
64
0
0
0
0
0
104
175
64
0
0
0
0
0
128
65
64
0
0
0
0
0
102
175
64
0
0
0
0
0
0
66
64
0
0
0
0
0
102
175
64
0
0
0
0
0
0
69
64
0
0
0
0
0
106
175
64
0
0
0
0
0
0
74
64
0
0
0
0
0
112
175
64
0
0
0
0
0
64
80
64
0
0
0
0
0
120
175
64
0
0
0
0
0
192
83
64
0
0
0
0
0
128
175
64
0
0
0
0
0
128
87
64
0
0
0
0
0
134
175
64
0
0
0
0
0
64
91
64
0
0
0
0
0
142
175
64
0
0
0
0
0
128
94
64
0
0
0
0
0
146
175
64
0
0
0
0
0
160
96
64
0
0
0
0
0
150
175
64
0
0
0
0
0
128
97
64
0
0
0
0
0
150
175
64
0
0
0
0
0
192
97
64
0
0
0
0
0
146
175
64
0
0
0
0
0
96
97
64
0
0
0
0
0
140
175
64
0
0
0
0
0
96
96
64
0
0
0
0
0
132
175
64
0
0
0
0
0
64
94
64
0
0
0
0
0
120
175
64
0
0
0
0
0
64
91
64
0
0
0
0
0
108
175
64
0
0
0
0
0
192
87
64
0
0
0
0
0
96
175
64
0
0
0
0
0
128
84
64
0
0
0
0
0
82
175
64
0
0
0
0
0
128
81
64
0
0
0
0
0
70
175
64
0
0
0
0
0
128
78
64
0
0
0
0
0
56
175
64
0
0
0
0
0
128
75
64
0
0
0
0
0
44
175
64
0
0
0
0
0
0
75
64
0
0
0
0
0
34
175
64
0
0
0
0
0
0
77
64
0
0
0
0
0
26
175
64
0
0
0
0
0
128
80
64
0
0
0
0
0
18
175
64
0
0
0
0
0
128
83
64
0
0
0
0
0
12
175
64
0
0
0
0
0
0
87
64
0
0
0
0
0
8
175
64
0
0
0
0
0
0
91
64
0
0
0
0
0
4
175
64
0
0
0
0
0
0
95
64
0
0
0
0
0
4
175
64
0
0
0
0
0
128
97
64
0
0
0
0
0
4
175
64
0
0
0
0
0
64
99
64
0
0
0
0
0
4
175
64
0
0
0
0
0
160
100
64
0
0
0
0
0
8
175
64
0
0
0
0
0
128
101
64
0
0
0
0
0
14
175
64
0
0
0
0
0
224
101
64
0
0
0
0
0
20
175
64
0
0
0
0
0
160
101
64
0
0
0
0
0
26
175
64
0
0
0
0
0
0
101
64
0
0
0
0
0
32
175
64
0
0
0
0
0
0
100
64
0
0
0
0
0
38
175
64
0
0
0
0
0
192
98
64
0
0
0
0
0
42
175
64
0
0
0
0
0
128
97
64
0
0
0
0
0
46
175
64
0
0
0
0
0
32
96
64
0
0
0
0
0
46
175
64
0
0
0
0
0
128
93
64
0
0
0
0
0
42
175
64
0
0
0
0
0
64
91
64
0
0
0
0
0
34
175
64
0
0
0
0
0
192
89
64
0
0
0
0
0
24
175
64
0
0
0
0
0
0
89
64
0
0
0
0
0
8
175
64
0
0
0
0
0
192
88
64
0
0
0
0
0
246
174
64
0
0
0
0
0
128
89
64
0
0
0
0
0
226
174
64
0
0
0
0
0
128
90
64
0
0
0
0
0
206
174
64
0
0
0
0
0
0
92
64
0
0
0
0
0
186
174
64
0
0
0
0
0
128
93
64
0
0
0
0
0
168
174
64
0
0
0
0
0
64
95
64
0
0
0
0
0
152
174
64
0
0
0
0
0
96
96
64
0
0
0
0
0
140
174
64
0
0
0
0
0
32
97
64
0
0
0
0
0
134
174
64
0
0
0
0
0
128
97
64
0
0
0
0
0
134
174
64
0
0
0
0
0
192
97
64
0
0
0
0
0
142
174
64
0
0
0
0
0
160
97
64
0
0
0
0
0
154
174
64
0
0
0
0
0
96
97
64
0
0
0
0
0
168
174
64
0
0
0
0
0
224
96
64
0
0
0
0
0
184
174
64
0
0
0
0
0
64
96
64
0
0
0
0
0
200
174
64
0
0
0
0
0
0
95
64
0
0
0
0
0
216
174
64
0
0
0
0
0
128
93
64
0
0
0
0
0
226
174
64
0
0
0
0
0
64
92
64
0
0
0
0
0
232
174
64
0
0
0
0
0
0
91
64
0
0
0
0
0
230
174
64
0
0
0
0
0
64
90
64
0
0
0
0
0
220
174
64
0
0
0
0
0
192
89
64
0
0
0
0
0
200
174
64
0
0
0
0
0
0
90
64
0
0
0
0
0
172
174
64
0
0
0
0
0
128
90
64
0
0
0
0
0
140
174
64
0
0
0
0
0
128
91
64
0
0
0
0
0
104
174
64
0
0
0
0
0
0
93
64
0
0
0
0
0
68
174
64
0
0
0
0
0
192
94
64
0
0
0
0
0
32
174
64
0
0
0
0
0
128
96
64
0
0
0
0
0
2
174
64
0
0
0
0
0
192
97
64
0
0
0
0
0
234
173
64
0
0
0
0
0
0
99
64
0
0
0
0
0
218
173
64
0
0
0
0
0
96
100
64
0
0
0
0
0
214
173
64
0
0
0
0
0
224
101
64
0
0
0
0
0
222
173
64
0
0
0
0
0
96
103
64
0
0
0
0
0
242
173
64
0
0
0
0
0
0
105
64
0
0
0
0
0
16
174
64
0
0
0
0
0
96
106
64
0
0
0
0
0
48
174
64
0
0
0
0
0
224
107
64
0
0
0
0
0
84
174
64
0
0
0
0
0
32
109
64
0
0
0
0
0
120
174
64
0
0
0
0
0
64
110
64
0
0
0
0
0
150
174
64
0
0
0
0
0
64
111
64
0
0
0
0
0
174
174
64
0
0
0
0
0
224
111
64
0
0
0
0
0
188
174
64
0
0
0
0
0
32
112
64
0
0
0
0
0
190
174
64
0
0
0
0
0
32
112
64
0
0
0
0
0
174
174
64
0
0
0
0
0
224
111
64
0
0
0
0
0
144
174
64
0
0
0
0
0
32
111
64
0
0
0
0
0
102
174
64
0
0
0
0
0
32
110
64
0
0
0
0
0
54
174
64
0
0
0
0
0
32
109
64
0
0
0
0
0
0
174
64
0
0
0
0
0
224
107
64
0
0
0
0
0
204
173
64
0
0
0
0
0
224
106
64
0
0
0
0
0
156
173
64
0
0
0
0
0
0
106
64
0
0
0
0
0
114
173
64
0
0
0
0
0
96
105
64
0
0
0
0
0
84
173
64
0
0
0
0
0
64
105
64
0
0
0
0
0
70
173
64
0
0
0
0
0
128
105
64
0
0
0
0
0
74
173
64
0
0
0
0
0
96
106
64
0
0
0
0
0
96
173
64
0
0
0
0
0
224
107
64
0
0
0
0
0
136
173
64
0
0
0
0
0
224
109
64
0
0
0
0
0
184
173
64
0
0
0
0
0
32
112
64
0
0
0
0
0
240
173
64
0
0
0
0
0
96
113
64
0
0
0
0
0
42
174
64
0
0
0
0
0
160
114
64
0
0
0
0
0
98
174
64
0
0
0
0
0
224
115
64
0
0
0
0
0
146
174
64
0
0
0
0
0
240
116
64
0
0
0
0
0
184
174
64
0
0
0
0
0
208
117
64
0
0
0
0
0
204
174
64
0
0
0
0
0
112
118
64
0
0
0
0
0
206
174
64
0
0
0
0
0
176
118
64
0
0
0
0
0
184
174
64
0
0
0
0
0
144
118
64
0
0
0
0
0
144
174
64
0
0
0
0
0
32
118
64
0
0
0
0
0
90
174
64
0
0
0
0
0
128
117
64
0
0
0
0
0
28
174
64
0
0
0
0
0
176
116
64
0
0
0
0
0
218
173
64
0
0
0
0
0
208
115
64
0
0
0
0
0
154
173
64
0
0
0
0
0
0
115
64
0
0
0
0
0
96
173
64
0
0
0
0
0
96
114
64
0
0
0
0
0
52
173
64
0
0
0
0
0
224
113
64
0
0
0
0
0
24
173
64
0
0
0
0
0
192
113
64
0
0
0
0
0
16
173
64
0
0
0
0
0
0
114
64
0
0
0
0
0
36
173
64
0
0
0
0
0
192
114
64
0
0
0
0
0
76
173
64
0
0
0
0
0
224
115
64
0
0
0
0
0
136
173
64
0
0
0
0
0
80
117
64
0
0
0
0
0
208
173
64
0
0
0
0
0
240
118
64
0
0
0
0
0
32
174
64
0
0
0
0
0
160
120
64
0
0
0
0
0
112
174
64
0
0
0
0
0
64
122
64
0
0
0
0
0
190
174
64
0
0
0
0
0
192
123
64
0
0
0
0
0
4
175
64
0
0
0
0
0
240
124
64
0
0
0
0
0
58
175
64
0
0
0
0
0
192
125
64
0
0
0
0
0
94
175
64
0
0
0
0
0
16
126
64
0
0
0
0
0
106
175
64
0
0
0
0
0
192
125
64
0
0
0
0
0
92
175
64
0
0
0
0
0
224
124
64
0
0
0
0
0
62
175
64
0
0
0
0
0
144
123
64
0
0
0
0
0
14
175
64
0
0
0
0
0
224
121
64
0
0
0
0
0
216
174
64
0
0
0
0
0
0
120
64
0
0
0
0
0
154
174
64
0
0
0
0
0
16
118
64
0
0
0
0
0
92
174
64
0
0
0
0
0
32
116
64
0
0
0
0
0
34
174
64
0
0
0
0
0
96
114
64
0
0
0
0
0
240
173
64
0
0
0
0
0
224
112
64
0
0
0
0
0
204
173
64
0
0
0
0
0
160
111
64
0
0
0
0
0
184
173
64
0
0
0
0
0
96
110
64
0
0
0
0
0
178
173
64
0
0
0
0
0
32
110
64
0
0
0
0
0
180
173
64
0
0
0
0
0
32
110
64
0
0
0
0
0
182
173
64
0
0
0
0
0
64
110
64
0
0
0
0
0
184
173
64
0
0
0
0
0
96
110
64
0
0
0
0
0
184
173
64
0
0
0
0
0
96
110
64
0
0
0
0
0
184
173
64
0
0
0
0
0
96
110
64
0
0
0
0
0
184
173
64
0
0
0
0
0
96
110
64
0
0
0
0
0
184
173
64
0
0
0
0
0
96
110
64
0
0
0
0
0
184
173
64
0
0
0
0
0
96
110
64
0
0
0
0
0
184
173
64
0
0
0
0
0
96
110
64
0
0
0
0
0
184
173
64
0
0
0
0
0
96
110
64
0
0
0
0
0
184
173
64
0
0
0
0
0
96
110
64
0
0
0
0
0
184
173
64
0
0
0
0
0
96
110
64
0
0
0
0
0
182
173
64
0
0
0
0
0
96
110
64
0
0
0
0
0
182
173
64
0
0
0
0
0
96
110
64
0
0
0
0
0
182
173
64
0
0
0
0
0
96
110
64
0
0
0
0
0
182
173
64
0
0
0
0
0
96
110
64
0
0
0
0
0
182
173
64
0
0
0
0
0
96
110
64
0
0
0
0
0
182
173
64
0
0
0
0
0
96
110
64
0
0
0
0
0
182
173
64
0
0
0
0
0
96
110
64
0
0
0
0
0
182
173
64
0
0
0
0
0
96
110
64
0
0
0
0
0
182
173
64
0
0
0
0
0
96
110
64
0
0
0
0
0
182
173
64
0
0
0
0
0
96
110
64
0
0
0
0
0
182
173
64
0
0
0
0
0
96
110
64
0
0
0
0
0
182
173
64
0
0
0
0
0
96
110
64
0
0
0
0
0
182
173
64
0
0
0
0
0
96
110
64
0
0
0
0
0
182
173
64
0
0
0
0
0
96
110
64
0
0
0
0
0
182
173
64
0
0
0
0
0
96
110
64
0
0
0
0
0
182
173
64
0
0
0
0
0
96
110
64
0
0
0
0
0
182
173
64
0
0
0
0
0
96
110
64
0
0
0
0
0
182
173
64
0
0
0
0
0
96
110
64
0
0
0
0
0
182
173
64
0
0
0
0
0
96
110
64
0
0
0
0
0
182
173
64
0
0
0
0
0
96
110
64
0
0
0
0
0
182
173
64
0
0
0
0
0
96
110
64
0
0
0
0
0
182
173
64
0
0
0
0
0
96
110
64
0
0
0
0
0
182
173
64
0
0
0
0
0
96
110
64
0
0
0
0
0
182
173
64
0
0
0
0
0
96
110
64
0
0
0
0
0
182
173
64
0
0
0
0
0
96
110
64
0
0
0
0
0
182
173
64
0
0
0
0
0
96
110
64
0
0
0
0
0
182
173
64
0
0
0
0
0
96
110
64
0
0
0
0
0
182
173
64
0
0
0
0
0
96
110
64
0
0
0
0
0
180
173
64
0
0
0
0
0
96
110
64
0
0
0
0
0
180
173
64
0
0
0
0
0
96
110
64
0
0
0
0
0
180
173
64
0
0
0
0
0
96
110
64
0
0
0
0
0
180
173
64
0
0
0
0
0
96
110
64
0
0
0
0
0
180
173
64
0
0
0
0
0
96
110
64
0
0
0
0
0
180
173
64
0
0
0
0
0
96
110
64
0
0
0
0
0
180
173
64
0
0
0
0
0
96
110
64
0
0
0
0
0
180
173
64
0
0
0
0
0
96
110
64
0
0
0
0
0
180
173
64
0
0
0
0
0
96
110
64
0
0
0
0
0
180
173
64
0
0
0
0
0
96
110
64
0
0
0
0
0
180
173
64
0
0
0
0
0
96
110
64
0
0
0
0
0
180
173
64
0
0
0
0
0
96
110
64
0
0
0
0
0
180
173
64
0
0
0
0
0
96
110
64
0
0
0
0
0
180
173
64
0
0
0
0
0
96
110
64
0
0
0
0
0
180
173
64
0
0
0
0
0
96
110
64
0
0
0
0
0
180
173
64
0
0
0
0
0
96
110
64
0
0
0
0
0
180
173
64
0
0
0
0
0
96
110
64
0
0
0
0
0
180
173
64
0
0
0
0
0
96
110
64
0
0
0
0
0
180
173
64
0
0
0
0
0
96
110
64
0
0
0
0
0
180
173
64
0
0
0
0
0
96
110
64
0
0
0
0
0
180
173
64
0
0
0
0
0
96
110
64
0
0
0
0
0
180
173
64
0
0
0
0
0
96
110
64
0
0
0
0
0
180
173
64
0
0
0
0
0
96
110
64
0
0
0
0
0
180
173
64
0
0
0
0
0
96
110
64
0
0
0
0
0
180
173
64
0
0
0
0
0
96
110
64
0
0
0
0
0
180
173
64
0
0
0
0
0
96
110
64
0
0
0
0
0
180
173
64
0
0
0
0
0
96
110
64
0
0
0
0
0
180
173
64
0
0
0
0
0
96
110
64
0
0
0
0
0
180
173
64
0
0
0
0
0
64
110
64
0
0
0
0
0
180
173
64
0
0
0
0
0
64
110
64
0
0
0
0
0
180
173
64
0
0
0
0
0
64
110
64
0
0
0
0
0
180
173
64
0
0
0
0
0
64
110
64
0
0
0
0
0
180
173
64
0
0
0
0
0
64
110
64
0
0
0
0
0
180
173
64
0
0
0
0
0
64
110
64
0
0
0
0
0
180
173
64
0
0
0
0
0
64
110
64
0
0
0
0
0
180
173
64
0
0
0
0
0
64
110
64
0
0
0
0
0
180
173
64
0
0
0
0
0
64
110
64
0
0
0
0
0
180
173
64
0
0
0
0
0
64
110
64
0
0
0
0
0
180
173
64
0
0
0
0
0
64
110
64
0
0
0
0
0
180
173
64
0
0
0
0
0
64
110
64
0
0
0
0
0
178
173
64
0
0
0
0
0
64
110
64
0
0
0
0
0
178
173
64
0
0
0
0
0
64
110
64
0
0
0
0
0
178
173
64
0
0
0
0
0
64
110
64
0
0
0
0
0
178
173
64
0
0
0
0
0
64
110
64
0
0
0
0
0
178
173
64
0
0
0
0
0
64
110
64
0
0
0
0
0
178
173
64
0
0
0
0
0
64
110
64
0
0
0
0
0
178
173
64
0
0
0
0
0
64
110
64
0
0
0
0
0
178
173
64
0
0
0
0
0
64
110
64
0
0
0
0
0
180
173
64
0
0
0
0
0
64
110
64
0
0
0
0
0
180
173
64
0
0
0
0
0
64
110
64
0
0
0
0
0
180
173
64
0
0
0
0
0
32
110
64
0
0
0
0
0
182
173
64
0
0
0
0
0
32
110
64
0
0
0
0
0
182
173
64
0
0
0
0
0
32
110
64
0
0
0
0
0
182
173
64
0
0
0
0
0
32
110
64
0
0
0
0
0
182
173
64
0
0
0
0
0
32
110
64
0
0
0
0
0
182
173
64
0
0
0
0
0
32
110
64
0
0
0
0
0
182
173
64
0
0
0
0
0
32
110
64
0
0
0
0
0
182
173
64
0
0
0
0
0
32
110
64
0
0
0
0
0
182
173
64
0
0
0
0
0
32
110
64
0
0
0
0
0
182
173
64
0
0
0
0
0
32
110
64
0
0
0
0
0
182
173
64
0
0
0
0
0
32
110
64
0
0
0
0
0
182
173
64
0
0
0
0
0
32
110
192
0
0
0
0
0
182
173
64
0
0
0
0
0
32
110
192
0
0
0
0
0
182
173
64
0
0
0
0
0
32
110
192
0
0
0
0
0
182
173
64
0
0
0
0
0
32
110
192
0
0
0
0
0
182
173
64
0
0
0
0
0
32
110
192
0
0
0
0
0
182
173
64
0
0
0
0
0
32
110
192
0
0
0
0
0
182
173
64
0
0
0
0
0
32
110
192
0
0
0
0
0
182
173
64
0
0
0
0
0
32
110
192
0
0
0
0
0
182
173
64
0
0
0
0
0
32
110
192
0
0
0
0
0
180
173
64
0
0
0
0
0
32
110
192
0
0
0
0
0
180
173
64
0
0
0
0
0
64
110
192
0
0
0
0
0
180
173
64
0
0
0
0
0
0
0
0
0
0
0
0
0
0
0
0
0
0
0
0
0
0
0
0
0
0
0
0
0
0
0
0
0
0
0
0
0
0
0
0
0
0
0
0
0
0
0
0
0
0
0
0
0
0
0
0
0
0
0
0
0
0
0
0
0
0
0
0
0
0
0
0
0
0
0
0
0
0
0
0
0
0
0
0
0
0
0
0
0
0
0
0
0
0
0
0
0
0
0
0
0
0
0
0
0
0
0
0
0
0
0
0
0
0
0
0
0
0
0
0
0
0
0
0
0
0
0
0
0
0
0
0
0
0
0
0
0
0
0
0
0
0
0
0
0
0
0
0
0
0
0
0
0
0
0
0
0
0
0
0
0
0
0
0
0
0
0
0
0
0
0
0
0
0
0
0
0
0
0
0
0
0
0
0
0
0
0
0
0
0
0
0
0
0
0
0
0
0
0
0
0
0
0
0
0
0
0
0
0
0
0
0
0
0
0
0
0
0
0
0
0
0
0
0
0
0
0
0
0
0
0
0
0
0
0
0
0
0
0
0
0
0
0
0
0
0
0
0
0
0
0
0
0
0
0
0
0
0
0
0
0
0
0
0
0
0
0
0
0
0
0
0
0
0
0
0
0
0
0
0
0
0
0
0
0
0
0
0
0
0
0
0
0
0
0
0
0
0
0
0
0
0
0
0
0
0
0
0
0
0
0
0
0
0
0
0
0
0
0
0
0
0
0
0
0
0
0
0
0
0
0
0
0
0
0
0
0
0
0
0
0
0
0
0
0
0
0
0
0
0
0
0
0
0
0
0
0
0
0
0
0
0
0
0
0
0
0
0
0
0
0
0
0
0
0
0
0
0
0
0
0
0
0
0
0
0
0
0
0
0
0
0
0
0
0
0
0
0
0
0
0
0
0
0
0
0
0
0
0
0
0
0
0
0
0
0
0
0
0
0
0
0
0
0
0
0
0
0
0
0
0
0
0
0
0
0
0
0
0
0
0
0
0
0
0
0
0
0
0
0
0
0
0
0
0
0
0
0
0
0
0
0
0
0
0
0
0
0
0
0
0
0
0
0
0
0
0
0
0
0
0
0
0
0
0
0
0
0
0
0
0
0
0
0
0
0
0
0
0
0
0
0
0
0
0
0
0
0
0
0
0
0
0
0
0
0
0
0
0
0
0
0
0
0
0
0
0
0
0
0
0
0
0
0
0
0
0
0
0
0
0
0
0
0
0
0
0
0
0
0
0
0
0
0
0
0
0
0
0
0
0
0
0
0
0
0
0
0
0
0
0
0
0
0
0
0
0
0
0
0
0
0
0
0
0
0
0
0
0
0
0
0
0
0
0
0
0
0
0
0
0
0
0
0
0
0
0
0
0
0
0
0
0
0
0
0
0
0
0
0
0
0
0
0
0
0
0
0
0
0
0
0
0
0
0
0
0
0
0
0
0
0
0
0
0
0
0
0
0
0
0
0
0
0
0
0
0
0
0
0
0
0
0
0
0
0
0
0
0
0
0
0
0
0
0
0
0
0
0
0
0
0
0
0
0
0
0
0
0
0
0
0
0
0
0
0
0
0
0
0
0
0
0
0
0
0
0
0
0
0
0
0
0
0
0
0
0
0
0
0
0
0
0
0
0
0
0
0
0
0
0
0
0
0
0
0
0
0
0
0
0
0
0
0
0
0
0
0
0
0
0
0
0
0
0
0
0
0
0
0
0
0
0
0
0
0
0
0
0
0
0
0
0
0
0
0
0
0
0
0
0
0
0
0
0
0
0
0
0
0
0
0
0
0
0
0
0
0
0
0
0
0
0
0
0
0
0
0
0
0
0
0
0
0
0
0
0
0
0
0
0
0
0
0
0
0
0
0
0
0
0
0
0
0
0
0
0
0
0
0
0
0
0
0
0
0
0
0
0
0
0
0
0
0
0
0
0
0
0
0
0
0
0
0
0
0
0
0
0
0
0
0
0
0
0
0
0
0
0
0
0
0
0
0
0
0
0
0
0
0
0
0
0
0
0
0
0
0
0
0
0
0
0
0
0
0
0
0
0
0
0
0
0
0
0
0
0
0
0
0
0
0
0
0
0
0
0
0
0
0
0
0
0
0
0
0
0
0
0
0
0
0
0
0
0
0
0
0
0
0
0
0
0
0
0
0
0
0
0
0
0
0
0
0
0
0
0
0
0
0
0
0
0
0
0
0
0
0
0
0
0
0
0
0
0
0
0
0
0
0
0
0
0
0
0
0
0
0
0
0
0
0
0
0
0
0
0
0
0
0
0
0
0
0
0
0
0
0
0
0
0
0
0
0
0
0
0
0
0
0
0
0
0
0
0
0
0
0
0
0
0
0
0
0
0
0
0
0
0
0
0
0
0
0
0
0
0
0
0
0
0
0
0
0
0
0
0
0
0
0
0
0
0
0
0
0
0
0
0
0
0
0
0
0
0
0
0
0
0
0
0
0
0
0
0
0
0
0
0
0
0
0
0
0
0
0
0
0
0
0
0
0
0
0
0
0
0
0
0
0
0
0
0
0
0
0
0
0
0
0
0
0
0
0
0
0
0
0
0
0
0
0
0
0
0
0
0
0
0
0
0
0
0
0
0
0
0
0
0
0
0
0
0
0
0
0
0
0
0
0
0
0
0
0
0
0
0
0
0
0
0
0
0
0
0
0
0
0
0
0
0
0
0
0
0
0
0
0
0
0
0
0
0
0
0
0
0
0
0
0
0
0
0
0
0
0
0
0
0
0
0
0
0
0
0
0
0
0
0
0
0