58
70
65
67
84
58
67
68
65
84
49
56
58
68
65
84
65
32
35
57
48
48
48
48
48
54
57
51
54
0
0
0
0
0
104
145
192
0
0
0
0
0
132
149
192
0
0
0
0
0
80
123
192
0
0
0
0
0
208
145
192
0
0
0
0
0
0
90
64
0
0
0
0
0
8
135
192
0
0
0
0
0
224
120
64
0
0
0
0
0
128
116
192
0
0
0
0
0
128
122
64
0
0
0
0
0
0
72
192
0
0
0
0
0
96
111
64
0
0
0
0
0
128
65
64
0
0
0
0
0
0
0
192
0
0
0
0
0
0
80
192
0
0
0
0
0
0
105
192
0
0
0
0
0
80
112
192
0
0
0
0
0
48
112
192
0
0
0
0
0
144
123
192
0
0
0
0
0
32
100
192
0
0
0
0
0
8
128
192
0
0
0
0
0
0
67
64
0
0
0
0
0
160
123
192
0
0
0
0
0
64
110
64
0
0
0
0
0
112
112
192
0
0
0
0
0
112
118
64
0
0
0
0
0
0
78
192
0
0
0
0
0
80
117
64
0
0
0
0
0
192
82
64
0
0
0
0
0
32
106
64
0
0
0
0
0
0
86
64
0
0
0
0
0
128
66
64
0
0
0
0
0
0
42
192
0
0
0
0
0
64
85
192
0
0
0
0
0
192
100
192
0
0
0
0
0
128
88
192
0
0
0
0
0
160
113
192
0
0
0
0
0
0
0
64
0
0
0
0
0
160
114
192
0
0
0
0
0
224
99
64
0
0
0
0
0
96
105
192
0
0
0
0
0
16
114
64
0
0
0
0
0
0
71
192
0
0
0
0
0
112
116
64
0
0
0
0
0
128
87
64
0
0
0
0
0
192
111
64
0
0
0
0
0
128
98
64
0
0
0
0
0
64
92
64
0
0
0
0
0
192
87
64
0
0
0
0
0
0
51
192
0
0
0
0
0
0
62
192
0
0
0
0
0
128
82
192
0
0
0
0
0
64
99
192
0
0
0
0
0
0
56
192
0
0
0
0
0
224
105
192
0
0
0
0
0
64
89
64
0
0
0
0
0
192
99
192
0
0
0
0
0
192
108
64
0
0
0
0
0
0
64
192
0
0
0
0
0
80
114
64
0
0
0
0
0
0
90
64
0
0
0
0
0
0
112
64
0
0
0
0
0
96
102
64
0
0
0
0
0
128
97
64
0
0
0
0
0
128
99
64
0
0
0
0
0
0
32
64
0
0
0
0
0
0
74
64
0
0
0
0
0
0
81
192
0
0
0
0
0
64
82
192
0
0
0
0
0
0
72
192
0
0
0
0
0
32
98
192
0
0
0
0
0
0
75
64
0
0
0
0
0
64
95
192
0
0
0
0
0
96
102
64
0
0
0
0
0
0
53
192
0
0
0
0
0
16
112
64
0
0
0
0
0
64
91
64
0
0
0
0
0
96
110
64
0
0
0
0
0
128
104
64
0
0
0
0
0
64
98
64
0
0
0
0
0
32
104
64
0
0
0
0
0
0
49
64
0
0
0
0
0
64
90
64
0
0
0
0
0
192
81
192
0
0
0
0
0
0
48
192
0
0
0
0
0
0
82
192
0
0
0
0
0
64
89
192
0
0
0
0
0
0
40
64
0
0
0
0
0
64
89
192
0
0
0
0
0
160
96
64
0
0
0
0
0
0
46
192
0
0
0
0
0
128
107
64
0
0
0
0
0
128
91
64
0
0
0
0
0
0
108
64
0
0
0
0
0
128
105
64
0
0
0
0
0
192
97
64
0
0
0
0
0
32
107
64
0
0
0
0
0
0
50
64
0
0
0
0
0
192
97
64
0
0
0
0
0
192
83
192
0
0
0
0
0
0
57
64
0
0
0
0
0
0
88
192
0
0
0
0
0
64
81
192
0
0
0
0
0
0
57
192
0
0
0
0
0
64
85
192
0
0
0
0
0
192
86
64
0
0
0
0
0
0
42
192
0
0
0
0
0
32
103
64
0
0
0
0
0
128
90
64
0
0
0
0
0
96
105
64
0
0
0
0
0
192
105
64
0
0
0
0
0
160
96
64
0
0
0
0
0
0
109
64
0
0
0
0
0
0
42
64
0
0
0
0
0
32
101
64
0
0
0
0
0
128
86
192
0
0
0
0
0
0
75
64
0
0
0
0
0
192
93
192
0
0
0
0
0
0
71
192
0
0
0
0
0
128
78
192
0
0
0
0
0
128
82
192
0
0
0
0
0
0
73
64
0
0
0
0
0
0
46
192
0
0
0
0
0
192
98
64
0
0
0
0
0
192
88
64
0
0
0
0
0
128
102
64
0
0
0
0
0
96
105
64
0
0
0
0
0
64
94
64
0
0
0
0
0
224
109
64
0
0
0
0
0
0
24
64
0
0
0
0
0
96
103
64
0
0
0
0
0
128
89
192
0
0
0
0
0
0
83
64
0
0
0
0
0
224
97
192
0
0
0
0
0
0
61
192
0
0
0
0
0
0
88
192
0
0
0
0
0
128
81
192
0
0
0
0
0
0
38
64
0
0
0
0
0
0
54
192
0
0
0
0
0
0
93
64
0
0
0
0
0
192
85
64
0
0
0
0
0
128
99
64
0
0
0
0
0
96
104
64
0
0
0
0
0
0
91
64
0
0
0
0
0
64
110
64
0
0
0
0
0
0
8
192
0
0
0
0
0
224
104
64
0
0
0
0
0
192
92
192
0
0
0
0
0
0
87
64
0
0
0
0
0
224
100
192
0
0
0
0
0
0
51
192
0
0
0
0
0
64
96
192
0
0
0
0
0
192
81
192
0
0
0
0
0
0
59
192
0
0
0
0
0
0
65
192
0
0
0
0
0
64
84
64
0
0
0
0
0
128
81
64
0
0
0
0
0
160
96
64
0
0
0
0
0
192
102
64
0
0
0
0
0
192
87
64
0
0
0
0
0
192
109
64
0
0
0
0
0
0
38
192
0
0
0
0
0
192
105
64
0
0
0
0
0
0
96
192
0
0
0
0
0
192
89
64
0
0
0
0
0
192
103
192
0
0
0
0
0
0
42
192
0
0
0
0
0
160
100
192
0
0
0
0
0
64
83
192
0
0
0
0
0
192
80
192
0
0
0
0
0
0
74
192
0
0
0
0
0
128
71
64
0
0
0
0
0
128
71
64
0
0
0
0
0
64
91
64
0
0
0
0
0
96
100
64
0
0
0
0
0
192
84
64
0
0
0
0
0
160
108
64
0
0
0
0
0
0
50
192
0
0
0
0
0
0
106
64
0
0
0
0
0
96
97
192
0
0
0
0
0
64
91
64
0
0
0
0
0
192
106
192
0
0
0
0
0
0
40
192
0
0
0
0
0
0
105
192
0
0
0
0
0
0
86
192
0
0
0
0
0
192
90
192
0
0
0
0
0
64
83
192
0
0
0
0
0
0
38
64
0
0
0
0
0
0
46
64
0
0
0
0
0
128
85
64
0
0
0
0
0
224
96
64
0
0
0
0
0
64
82
64
0
0
0
0
0
160
106
64
0
0
0
0
0
0
54
192
0
0
0
0
0
160
105
64
0
0
0
0
0
128
98
192
0
0
0
0
0
0
92
64
0
0
0
0
0
96
109
192
0
0
0
0
0
0
46
192
0
0
0
0
0
128
109
192
0
0
0
0
0
192
90
192
0
0
0
0
0
192
98
192
0
0
0
0
0
192
91
192
0
0
0
0
0
0
59
192
0
0
0
0
0
0
60
192
0
0
0
0
0
0
79
64
0
0
0
0
0
192
87
64
0
0
0
0
0
128
80
64
0
0
0
0
0
128
103
64
0
0
0
0
0
0
53
192
0
0
0
0
0
96
104
64
0
0
0
0
0
224
98
192
0
0
0
0
0
128
91
64
0
0
0
0
0
192
111
192
0
0
0
0
0
0
55
192
0
0
0
0
0
16
113
192
0
0
0
0
0
128
96
192
0
0
0
0
0
160
104
192
0
0
0
0
0
192
99
192
0
0
0
0
0
64
81
192
0
0
0
0
0
0
86
192
0
0
0
0
0
0
67
64
0
0
0
0
0
0
67
64
0
0
0
0
0
0
80
64
0
0
0
0
0
128
98
64
0
0
0
0
0
0
36
192
0
0
0
0
0
32
102
64
0
0
0
0
0
0
98
192
0
0
0
0
0
0
90
64
0
0
0
0
0
176
112
192
0
0
0
0
0
128
65
192
0
0
0
0
0
96
115
192
0
0
0
0
0
0
101
192
0
0
0
0
0
64
111
192
0
0
0
0
0
0
108
192
0
0
0
0
0
128
93
192
0
0
0
0
0
192
101
192
0
0
0
0
0
0
44
64
0
0
0
0
0
0
72
192
0
0
0
0
0
192
81
64
0
0
0
0
0
0
85
64
0
0
0
0
0
0
52
64
0
0
0
0
0
0
98
64
0
0
0
0
0
192
92
192
0
0
0
0
0
64
87
64
0
0
0
0
0
112
112
192
0
0
0
0
0
0
73
192
0
0
0
0
0
128
117
192
0
0
0
0
0
0
107
192
0
0
0
0
0
112
115
192
0
0
0
0
0
0
116
192
0
0
0
0
0
64
102
192
0
0
0
0
0
80
115
192
0
0
0
0
0
0
42
192
0
0
0
0
0
224
103
192
0
0
0
0
0
64
88
64
0
0
0
0
0
0
63
192
0
0
0
0
0
128
86
64
0
0
0
0
0
64
84
64
0
0
0
0
0
0
65
192
0
0
0
0
0
64
82
64
0
0
0
0
0
224
106
192
0
0
0
0
0
64
80
192
0
0
0
0
0
96
118
192
0
0
0
0
0
128
113
192
0
0
0
0
0
224
119
192
0
0
0
0
0
144
125
192
0
0
0
0
0
96
112
192
0
0
0
0
0
72
129
192
0
0
0
0
0
0
71
192
0
0
0
0
0
0
126
192
0
0
0
0
0
64
101
64
0
0
0
0
0
0
114
192
0
0
0
0
0
96
113
64
0
0
0
0
0
64
83
192
0
0
0
0
0
64
107
64
0
0
0
0
0
128
64
64
0
0
0
0
0
0
34
64
0
0
0
0
0
0
75
192
0
0
0
0
0
48
112
192
0
0
0
0
0
192
117
192
0
0
0
0
0
192
123
192
0
0
0
0
0
64
136
192
0
0
0
0
0
240
121
192
0
0
0
0
0
176
146
192
0
0
0
0
0
128
90
192
0
0
0
0
0
124
150
192
0
0
0
0
0
144
124
64
0
0
0
0
0
124
149
192
0
0
0
0
0
32
146
64
0
0
0
0
0
160
141
192
0
0
0
0
0
128
156
64
0
0
0
0
0
96
105
192
0
0
0
0
0
180
161
64
0
0
0
0
0
168
134
64
0
0
0
0
0
80
162
64
0
0
0
0
0
196
153
64
0
0
0
0
0
56
159
64
0
0
0
0
0
138
162
64
0
0
0
0
0
200
147
64
0
0
0
0
0
104
165
64
0
0
0
0
0
176
112
64
0
0
0
0
0
212
164
64
0
0
0
0
0
144
137
192
0
0
0
0
0
208
160
64
0
0
0
0
0
8
156
192
0
0
0
0
0
8
148
64
0
0
0
0
0
114
163
192
0
0
0
0
0
128
105
64
0
0
0
0
0
192
165
192
0
0
0
0
0
64
140
192
0
0
0
0
0
140
164
192
0
0
0
0
0
28
157
192
0
0
0
0
0
16
160
192
0
0
0
0
0
182
163
192
0
0
0
0
0
16
146
192
0
0
0
0
0
194
165
192
0
0
0
0
0
64
82
192
0
0
0
0
0
100
164
192
0
0
0
0
0
20
144
64
0
0
0
0
0
164
159
192
0
0
0
0
0
244
158
64
0
0
0
0
0
112
145
192
0
0
0
0
0
158
164
64
0
0
0
0
0
0
50
192
0
0
0
0
0
172
166
64
0
0
0
0
0
76
145
64
0
0
0
0
0
66
165
64
0
0
0
0
0
74
160
64
0
0
0
0
0
134
160
64
0
0
0
0
0
144
165
64
0
0
0
0
0
68
146
64
0
0
0
0
0
144
167
64
0
0
0
0
0
0
55
64
0
0
0
0
0
232
165
64
0
0
0
0
0
220
145
192
0
0
0
0
0
198
160
64
0
0
0
0
0
186
160
192
0
0
0
0
0
232
145
64
0
0
0
0
0
238
165
192
0
0
0
0
0
0
69
192
0
0
0
0
0
170
167
192
0
0
0
0
0
40
147
192
0
0
0
0
0
160
165
192
0
0
0
0
0
84
161
192
0
0
0
0
0
36
160
192
0
0
0
0
0
94
166
192
0
0
0
0
0
32
144
192
0
0
0
0
0
234
167
192
0
0
0
0
0
224
101
64
0
0
0
0
0
184
165
192
0
0
0
0
0
112
149
64
0
0
0
0
0
18
160
192
0
0
0
0
0
150
162
64
0
0
0
0
0
24
143
192
0
0
0
0
0
196
167
64
0
0
0
0
0
32
112
64
0
0
0
0
0
104
169
64
0
0
0
0
0
168
151
64
0
0
0
0
0
34
167
64
0
0
0
0
0
40
164
64
0
0
0
0
0
40
161
64
0
0
0
0
0
154
169
64
0
0
0
0
0
140
144
64
0
0
0
0
0
40
171
64
0
0
0
0
0
144
113
192
0
0
0
0
0
114
168
64
0
0
0
0
0
28
153
192
0
0
0
0
0
204
161
64
0
0
0
0
0
18
165
192
0
0
0
0
0
144
144
64
0
0
0
0
0
70
170
192
0
0
0
0
0
0
116
192
0
0
0
0
0
70
171
192
0
0
0
0
0
124
153
192
0
0
0
0
0
246
167
192
0
0
0
0
0
196
164
192
0
0
0
0
0
246
160
192
0
0
0
0
0
94
169
192
0
0
0
0
0
24
142
192
0
0
0
0
0
250
169
192
0
0
0
0
0
64
118
64
0
0
0
0
0
174
166
192
0
0
0
0
0
188
152
64
0
0
0
0
0
34
160
192
0
0
0
0
0
232
163
64
0
0
0
0
0
120
141
192
0
0
0
0
0
106
168
64
0
0
0
0
0
224
114
64
0
0
0
0
0
96
169
64
0
0
0
0
0
124
151
64
0
0
0
0
0
184
166
64
0
0
0
0
0
130
163
64
0
0
0
0
0
200
160
64
0
0
0
0
0
146
168
64
0
0
0
0
0
168
144
64
0
0
0
0
0
34
170
64
0
0
0
0
0
0
104
192
0
0
0
0
0
214
167
64
0
0
0
0
0
156
150
192
0
0
0
0
0
236
161
64
0
0
0
0
0
148
163
192
0
0
0
0
0
104
146
64
0
0
0
0
0
252
168
192
0
0
0
0
0
128
95
192
0
0
0
0
0
156
170
192
0
0
0
0
0
4
150
192
0
0
0
0
0
38
168
192
0
0
0
0
0
70
163
192
0
0
0
0
0
6
162
192
0
0
0
0
0
128
168
192
0
0
0
0
0
120
146
192
0
0
0
0
0
242
169
192
0
0
0
0
0
64
89
64
0
0
0
0
0
130
167
192
0
0
0
0
0
252
148
64
0
0
0
0
0
170
161
192
0
0
0
0
0
124
162
64
0
0
0
0
0
180
146
192
0
0
0
0
0
174
167
64
0
0
0
0
0
0
60
64
0
0
0
0
0
108
169
64
0
0
0
0
0
116
147
64
0
0
0
0
0
138
167
64
0
0
0
0
0
224
161
64
0
0
0
0
0
76
162
64
0
0
0
0
0
142
167
64
0
0
0
0
0
204
148
64
0
0
0
0
0
236
169
64
0
0
0
0
0
192
92
64
0
0
0
0
0
146
168
64
0
0
0
0
0
192
145
192
0
0
0
0
0
158
163
64
0
0
0
0
0
124
161
192
0
0
0
0
0
120
151
64
0
0
0
0
0
158
167
192
0
0
0
0
0
192
112
64
0
0
0
0
0
80
170
192
0
0
0
0
0
96
143
192
0
0
0
0
0
34
169
192
0
0
0
0
0
142
160
192
0
0
0
0
0
76
164
192
0
0
0
0
0
188
166
192
0
0
0
0
0
40
153
192
0
0
0
0
0
136
169
192
0
0
0
0
0
144
121
192
0
0
0
0
0
160
168
192
0
0
0
0
0
192
137
64
0
0
0
0
0
66
164
192
0
0
0
0
0
224
157
64
0
0
0
0
0
84
154
192
0
0
0
0
0
40
165
64
0
0
0
0
0
136
129
192
0
0
0
0
0
80
168
64
0
0
0
0
0
120
131
64
0
0
0
0
0
14
168
64
0
0
0
0
0
172
154
64
0
0
0
0
0
122
164
64
0
0
0
0
0
232
163
64
0
0
0
0
0
40
156
64
0
0
0
0
0
174
167
64
0
0
0
0
0
248
134
64
0
0
0
0
0
40
168
64
0
0
0
0
0
48
123
192
0
0
0
0
0
66
165
64
0
0
0
0
0
48
152
192
0
0
0
0
0
184
158
64
0
0
0
0
0
34
163
192
0
0
0
0
0
32
141
64
0
0
0
0
0
140
167
192
0
0
0
0
0
64
110
192
0
0
0
0
0
184
168
192
0
0
0
0
0
208
149
192
0
0
0
0
0
116
166
192
0
0
0
0
0
140
162
192
0
0
0
0
0
10
161
192
0
0
0
0
0
196
167
192
0
0
0
0
0
72
146
192
0
0
0
0
0
202
169
192
0
0
0
0
0
0
62
64
0
0
0
0
0
62
168
192
0
0
0
0
0
184
147
64
0
0
0
0
0
50
163
192
0
0
0
0
0
106
162
64
0
0
0
0
0
100
150
192
0
0
0
0
0
160
168
64
0
0
0
0
0
224
99
192
0
0
0
0
0
122
171
64
0
0
0
0
0
124
146
64
0
0
0
0
0
92
170
64
0
0
0
0
0
174
162
64
0
0
0
0
0
66
165
64
0
0
0
0
0
140
169
64
0
0
0
0
0
172
153
64
0
0
0
0
0
174
172
64
0
0
0
0
0
160
114
64
0
0
0
0
0
134
171
64
0
0
0
0
0
60
145
192
0
0
0
0
0
66
166
64
0
0
0
0
0
72
162
192
0
0
0
0
0
116
155
64
0
0
0
0
0
44
169
192
0
0
0
0
0
96
122
64
0
0
0
0
0
72
172
192
0
0
0
0
0
200
141
192
0
0
0
0
0
62
171
192
0
0
0
0
0
244
160
192
0
0
0
0
0
82
166
192
0
0
0
0
0
242
167
192
0
0
0
0
0
144
156
192
0
0
0
0
0
130
171
192
0
0
0
0
0
0
129
192
0
0
0
0
0
42
171
192
0
0
0
0
0
200
137
64
0
0
0
0
0
230
166
192
0
0
0
0
0
100
160
64
0
0
0
0
0
76
158
192
0
0
0
0
0
56
168
64
0
0
0
0
0
64
131
192
0
0
0
0
0
182
172
64
0
0
0
0
0
0
139
64
0
0
0
0
0
0
173
64
0
0
0
0
0
218
161
64
0
0
0
0
0
194
168
64
0
0
0
0
0
178
170
64
0
0
0
0
0
84
160
64
0
0
0
0
0
170
175
64
0
0
0
0
0
80
131
64
0
0
0
0
0
182
175
64
0
0
0
0
0
216
143
192
0
0
0
0
0
154
170
64
0
0
0
0
0
236
163
192
0
0
0
0
0
12
161
64
0
0
0
0
0
246
172
192
0
0
0
0
0
112
130
64
0
0
0
0
0
190
176
192
0
0
0
0
0
56
145
192
0
0
0
0
0
90
176
192
0
0
0
0
0
100
164
192
0
0
0
0
0
200
170
192
0
0
0
0
0
212
172
192
0
0
0
0
0
202
160
192
0
0
0
0
0
83
176
192
0
0
0
0
0
192
129
192
0
0
0
0
0
108
175
192
0
0
0
0
0
132
144
64
0
0
0
0
0
128
169
192
0
0
0
0
0
90
163
64
0
0
0
0
0
220
159
192
0
0
0
0
0
64
171
64
0
0
0
0
0
240
128
192
0
0
0
0
0
228
174
64
0
0
0
0
0
112
143
64
0
0
0
0
0
224
173
64
0
0
0
0
0
152
162
64
0
0
0
0
0
110
168
64
0
0
0
0
0
120
170
64
0
0
0
0
0
204
158
64
0
0
0
0
0
94
174
64
0
0
0
0
0
96
128
64
0
0
0
0
0
186
173
64
0
0
0
0
0
104
143
192
0
0
0
0
0
156
168
64
0
0
0
0
0
176
162
192
0
0
0
0
0
124
159
64
0
0
0
0
0
210
170
192
0
0
0
0
0
144
129
64
0
0
0
0
0
254
174
192
0
0
0
0
0
8
143
192
0
0
0
0
0
134
174
192
0
0
0
0
0
220
162
192
0
0
0
0
0
106
169
192
0
0
0
0
0
48
171
192
0
0
0
0
0
102
160
192
0
0
0
0
0
110
175
192
0
0
0
0
0
72
131
192
0
0
0
0
0
224
174
192
0
0
0
0
0
32
142
64
0
0
0
0
0
146
169
192
0
0
0
0
0
184
162
64
0
0
0
0
0
88
160
192
0
0
0
0
0
246
170
64
0
0
0
0
0
192
130
192
0
0
0
0
0
244
174
64
0
0
0
0
0
32
142
64
0
0
0
0
0
24
174
64
0
0
0
0
0
88
162
64
0
0
0
0
0
154
168
64
0
0
0
0
0
18
170
64
0
0
0
0
0
232
158
64
0
0
0
0
0
154
173
64
0
0
0
0
0
200
128
64
0
0
0
0
0
138
172
64
0
0
0
0
0
96
141
192
0
0
0
0
0
66
167
64
0
0
0
0
0
102
161
192
0
0
0
0
0
120
157
64
0
0
0
0
0
140
168
192
0
0
0
0
0
112
129
64
0
0
0
0
0
234
171
192
0
0
0
0
0
80
137
192
0
0
0
0
0
54
171
192
0
0
0
0
0
188
159
192
0
0
0
0
0
178
166
192
0
0
0
0
0
10
167
192
0
0
0
0
0
44
158
192
0
0
0
0
0
242
170
192
0
0
0
0
0
200
133
192
0
0
0
0
0
22
171
192
0
0
0
0
0
224
131
64
0
0
0
0
0
104
167
192
0
0
0
0
0
148
157
64
0
0
0
0
0
76
160
192
0
0
0
0
0
168
166
64
0
0
0
0
0
160
138
192
0
0
0
0
0
102
171
64
0
0
0
0
0
232
128
64
0
0
0
0
0
52
172
64
0
0
0
0
0
124
157
64
0
0
0
0
0
200
168
64
0
0
0
0
0
68
167
64
0
0
0
0
0
132
161
64
0
0
0
0
0
100
172
64
0
0
0
0
0
208
141
64
0
0
0
0
0
64
173
64
0
0
0
0
0
224
126
192
0
0
0
0
0
176
169
64
0
0
0
0
0
72
157
192
0
0
0
0
0
74
162
64
0
0
0
0
0
50
167
192
0
0
0
0
0
128
144
64
0
0
0
0
0
60
172
192
0
0
0
0
0
192
118
192
0
0
0
0
0
22
173
192
0
0
0
0
0
168
154
192
0
0
0
0
0
188
169
192
0
0
0
0
0
182
165
192
0
0
0
0
0
206
162
192
0
0
0
0
0
228
170
192
0
0
0
0
0
184
146
192
0
0
0
0
0
60
172
192
0
0
0
0
0
0
100
64
0
0
0
0
0
162
169
192
0
0
0
0
0
40
151
64
0
0
0
0
0
112
163
192
0
0
0
0
0
62
164
64
0
0
0
0
0
244
148
192
0
0
0
0
0
20
170
64
0
0
0
0
0
0
36
64
0
0
0
0
0
60
172
64
0
0
0
0
0
148
149
64
0
0
0
0
0
84
170
64
0
0
0
0
0
34
164
64
0
0
0
0
0
136
164
64
0
0
0
0
0
184
170
64
0
0
0
0
0
28
151
64
0
0
0
0
0
128
173
64
0
0
0
0
0
0
84
64
0
0
0
0
0
240
171
64
0
0
0
0
0
88
149
192
0
0
0
0
0
42
166
64
0
0
0
0
0
168
164
192
0
0
0
0
0
232
153
64
0
0
0
0
0
202
171
192
0
0
0
0
0
32
106
64
0
0
0
0
0
238
174
192
0
0
0
0
0
64
148
192
0
0
0
0
0
138
173
192
0
0
0
0
0
144
164
192
0
0
0
0
0
192
167
192
0
0
0
0
0
20
172
192
0
0
0
0
0
196
156
192
0
0
0
0
0
130
175
192
0
0
0
0
0
112
118
192
0
0
0
0
0
72
174
192
0
0
0
0
0
144
146
64
0
0
0
0
0
136
168
192
0
0
0
0
0
12
164
64
0
0
0
0
0
48
158
192
0
0
0
0
0
218
171
64
0
0
0
0
0
208
122
192
0
0
0
0
0
128
175
64
0
0
0
0
0
220
145
64
0
0
0
0
0
106
174
64
0
0
0
0
0
232
163
64
0
0
0
0
0
188
168
64
0
0
0
0
0
238
171
64
0
0
0
0
0
148
158
64
0
0
0
0
0
202
175
64
0
0
0
0
0
240
123
64
0
0
0
0
0
232
174
64
0
0
0
0
0
220
145
192
0
0
0
0
0
100
169
64
0
0
0
0
0
36
164
192
0
0
0
0
0
6
160
64
0
0
0
0
0
128
172
192
0
0
0
0
0
120
128
64
0
0
0
0
0
98
176
192
0
0
0
0
0
64
145
192
0
0
0
0
0
32
176
192
0
0
0
0
0
94
164
192
0
0
0
0
0
234
170
192
0
0
0
0
0
88
173
192
0
0
0
0
0
112
161
192
0
0
0
0
0
16
177
192
0
0
0
0
0
96
132
192
0
0
0
0
0
237
176
192
0
0
0
0
0
168
144
64
0
0
0
0
0
96
172
192
0
0
0
0
0
204
164
64
0
0
0
0
0
100
162
192
0
0
0
0
0
82
174
64
0
0
0
0
0
112
133
192
0
0
0
0
0
166
177
64
0
0
0
0
0
112
145
64
0
0
0
0
0
104
177
64
0
0
0
0
0
148
165
64
0
0
0
0
0
218
172
64
0
0
0
0
0
34
175
64
0
0
0
0
0
78
162
64
0
0
0
0
0
235
177
64
0
0
0
0
0
104
131
64
0
0
0
0
0
120
177
64
0
0
0
0
0
184
146
192
0
0
0
0
0
160
172
64
0
0
0
0
0
18
166
192
0
0
0
0
0
242
161
64
0
0
0
0
0
82
175
192
0
0
0
0
0
96
130
64
0
0
0
0
0
223
177
192
0
0
0
0
0
188
146
192
0
0
0
0
0
92
177
192
0
0
0
0
0
214
165
192
0
0
0
0
0
126
172
192
0
0
0
0
0
250
174
192
0
0
0
0
0
6
162
192
0
0
0
0
0
187
177
192
0
0
0
0
0
144
131
192
0
0
0
0
0
81
177
192
0
0
0
0
0
240
145
64
0
0
0
0
0
154
172
192
0
0
0
0
0
128
165
64
0
0
0
0
0
60
162
192
0
0
0
0
0
210
174
64
0
0
0
0
0
56
132
192
0
0
0
0
0
194
177
64
0
0
0
0
0
240
145
64
0
0
0
0
0
104
177
64
0
0
0
0
0
178
165
64
0
0
0
0
0
200
172
64
0
0
0
0
0
46
175
64
0
0
0
0
0
80
162
64
0
0
0
0
0
248
177
64
0
0
0
0
0
232
131
64
0
0
0
0
0
156
177
64
0
0
0
0
0
96
146
192
0
0
0
0
0
36
173
64
0
0
0
0
0
0
166
192
0
0
0
0
0
160
162
64
0
0
0
0
0
134
175
192
0
0
0
0
0
24
133
64
0
0
0
0
0
40
178
192
0
0
0
0
0
200
145
192
0
0
0
0
0
213
177
192
0
0
0
0
0
188
165
192
0
0
0
0
0
176
173
192
0
0
0
0
0
90
175
192
0
0
0
0
0
72
163
192
0
0
0
0
0
38
178
192
0
0
0
0
0
248
135
192
0
0
0
0
0
234
177
192
0
0
0
0
0
92
144
64
0
0
0
0
0
2
174
192
0
0
0
0
0
30
165
64
0
0
0
0
0
178
163
192
0
0
0
0
0
224
174
64
0
0
0
0
0
200
137
192
0
0
0
0
0
252
177
64
0
0
0
0
0
248
142
64
0
0
0
0
0
210
177
64
0
0
0
0
0
186
164
64
0
0
0
0
0
238
173
64
0
0
0
0
0
142
174
64
0
0
0
0
0
186
163
64
0
0
0
0
0
224
177
64
0
0
0
0
0
64
138
64
0
0
0
0
0
200
177
64
0
0
0
0
0
72
142
192
0
0
0
0
0
12
174
64
0
0
0
0
0
144
164
192
0
0
0
0
0
8
164
64
0
0
0
0
0
130
174
192
0
0
0
0
0
240
139
64
0
0
0
0
0
248
177
192
0
0
0
0
0
176
140
192
0
0
0
0
0
6
178
192
0
0
0
0
0
96
164
192
0
0
0
0
0
204
174
192
0
0
0
0
0
172
174
192
0
0
0
0
0
228
164
192
0
0
0
0
0
63
178
192
0
0
0
0
0
248
142
192
0
0
0
0
0
114
178
192
0
0
0
0
0
248
138
64
0
0
0
0
0
178
175
192
0
0
0
0
0
102
164
64
0
0
0
0
0
154
165
192
0
0
0
0
0
28
175
64
0
0
0
0
0
40
144
192
0
0
0
0
0
151
178
64
0
0
0
0
0
104
139
64
0
0
0
0
0
203
178
64
0
0
0
0
0
218
164
64
0
0
0
0
0
23
176
64
0
0
0
0
0
192
175
64
0
0
0
0
0
194
165
64
0
0
0
0
0
231
178
64
0
0
0
0
0
144
143
64
0
0
0
0
0
8
179
64
0
0
0
0
0
24
141
192
0
0
0
0
0
59
176
64
0
0
0
0
0
100
165
192
0
0
0
0
0
222
165
64
0
0
0
0
0
39
176
192
0
0
0
0
0
144
143
64
0
0
0
0
0
43
179
192
0
0
0
0
0
112
141
192
0
0
0
0
0
73
179
192
0
0
0
0
0
146
165
192
0
0
0
0
0
124
176
192
0
0
0
0
0
77
176
192
0
0
0
0
0
88
166
192
0
0
0
0
0
100
179
192
0
0
0
0
0
140
144
192
0
0
0
0
0
144
179
192
0
0
0
0
0
160
140
64
0
0
0
0
0
196
176
192
0
0
0
0
0
156
165
64
0
0
0
0
0
202
166
192
0
0
0
0
0
115
176
64
0
0
0
0
0
244
144
192
0
0
0
0
0
159
179
64
0
0
0
0
0
16
141
64
0
0
0
0
0
208
179
64
0
0
0
0
0
6
166
64
0
0
0
0
0
245
176
64
0
0
0
0
0
196
176
64
0
0
0
0
0
236
166
64
0
0
0
0
0
251
179
64
0
0
0
0
0
140
144
64
0
0
0
0
0
36
180
64
0
0
0
0
0
64
143
192
0
0
0
0
0
45
177
64
0
0
0
0
0
222
166
192
0
0
0
0
0
8
167
64
0
0
0
0
0
71
177
192
0
0
0
0
0
240
143
64
0
0
0
0
0
131
180
192
0
0
0
0
0
0
145
192
0
0
0
0
0
152
180
192
0
0
0
0
0
222
167
192
0
0
0
0
0
120
177
192
0
0
0
0
0
217
177
192
0
0
0
0
0
36
167
192
0
0
0
0
0
7
181
192
0
0
0
0
0
88
142
192
0
0
0
0
0
238
180
192
0
0
0
0
0
164
146
64
0
0
0
0
0
0
0
0
0
0
0
0
0
0
0
0
0
0
0
0
0
0
0
0
0
0
0
0
0
0
0
0
0
0
0
0
0
0
0
0
0
0
0
0
0
0
0
0
0
0
0
0
0
0
0
0
0
0
0
0
0
0
0
0
0
0
0
0
0
0
0
0
0
0
0
0
0
0
0
0
0
0
0
0
0
0
0
0
0
0
0
0
0
0
0
0
0
0
0
0
0
0
0
0
0
0
0
0
0
0
0
0
0
0
0
0
0
0
0
0
0
0
0
0
0
0
0
0
0
0
0
0
0
0
0
0
0
0
0
0
0
0
0
0
0
0
0
0
0
0
0
0
0
0
0
0
0
0
0
0
0
0
0
0
0
0
0
0
0
0
0
0
0
0
0
0
0
0
0
0
0
0
0
0
0
0
0
0
0
0
0
0
0
0
0
0
0
0
0
0
0
0
0
0
0
0
0
0
0
0
0
0
0
0
0
0
0
0
0
0
0
0
0
0
0
0
0
0
0
0
0
0
0
0
0
0
0
0
0
0
0
0
0
0
0
0
0
0
0
0
0
0
0
0
0
0
0
0
0
0
0
0
0
0
0
0
0
0
0
0
0
0
0
0
0
0
0
0
0
0
0
0
0
0
0
0
0
0
0
0
0
0
0
0
0
0
0
0
0
0
0
0
0
0
0
0
0
0
0
0
0
0
0
0
0
0
0
0
0
0
0
0
0
0
0
0
0
0
0
0
0
0
0
0
0
0
0
0
0
0
0
0
0
0
0
0
0
0
0
0
0
0
0
0
0
0
0
0
0
0
0
0
0
0
0
0
0
0
0
0
0
0
0
0
0
0
0
0
0
0
0
0
0
0
0
0
0
0
0
0
0
0
0
0
0
0
0
0
0
0
0
0
0
0
0
0
0
0
0
0
0
0
0
0
0
0
0
0
0
0
0
0
0
0
0
0
0
0
0
0
0
0
0
0
0
0
0
0
0
0
0
0
0
0
0
0
0
0
0
0
0
0
0
0
0
0
0
0
0
0
0
0
0
0
0
0
0
0
0
0
0
0
0
0
0
0
0
0
0
0
0
0
0
0
0
0
0
0
0
0
0
0
0
0
0
0
0
0
0
0
0
0
0
0
0
0
0
0
0
0
0
0
0
0
0
0
0
0
0
0
0
0
0
0
0
0
0
0
0
0
0
0
0
0
0
0
0
0
0
0
0
0
0
0
0
0
0
0
0
0
0
0
0
0
0
0
0
0
0
0
0
0
0
0
0
0
0
0
0
0
0
0
0
0
0
0
0
0
0
0
0
0
0
0
0
0
0
0
0
0
0
0
0
0
0
0
0
0
0
0
0
0
0
0
0
0
0
0
0
0
0
0
0
0
0
0
0
0
0
0
0
0
0
0
0
0
0
0
0
0
0
0
0
0
0
0
0
0
0
0
0
0
0
0
0
0
0
0
0
0
0
0
0
0
0
0
0
0
0
0
0
0
0
0
0
0
0
0
0
0
0
0
0
0
0
0
0
0
0
0
0
0
0
0
0
0
0
0
0
0
0
0
0
0
0
0
0
0
0
0
0
0
0
0
0
0
0
0
0
0
0
0
0
0
0
0
0
0
0
0
0
0
0
0
0
0
0
0
0
0
0
0
0
0
0
0
0
0
0
0
0
0
0
0
0
0
0
0
0
0
0
0
0
0
0
0
0
0
0
0
0
0
0
0
0
0
0
0
0
0
0
0
0
0
0
0
0
0
0
0
0
0
0
0
0
0
0
0
0
0
0
0
0
0
0
0
0
0
0
0
0
0
0
0
0
0
0
0
0
0
0
0
0
0
0
0
0
0
0
0
0
0
0
0
0
0
0
0
0
0
0
0
0
0
0
0
0
0
0
0
0
0
0
0
0
0
0
0
0
0
0
0
0
0
0
0
0
0
0
0
0
0
0
0
0
0
0
0
0
0
0
0
0
0
0
0
0
0
0
0
0
0
0
0
0
0
0
0
0
0
0
0
0
0
0
0
0
0
0
0
0
0
0
0
0
0
0
0
0
0
0
0
0
0
0
0
0
0
0
0
0
0
0
0
0
0
0
0
0
0
0
0
0
0
0
0
0
0
0
0
0
0
0
0
0
0
0
0
0
0
0
0
0
0
0
0
0
0
0
0
0
0
0
0
0
0
0
0
0
0
0
0
0
0
0
0
0
0
0
0
0
0
0
0
0
0
0
0
0
0
0
0
0
0
0
0
0
0
0
0
0
0
0
0
0
0
0
0
0
0
0
0
0
0
0
0
0
0
0
0
0
0
0
0
0
0
0
0
0
0
0
0
0
0
0
0
0
0
0
0
0
0
0
0
0
0
0
0
0
0
0
0
0
0
0
0
0
0
0
0
0
0
0
0
0
0
0
0
0
0
0
0
0
0
0
0
0
0
0
0
0
0
0
0
0
0
0
0
0
0
0
0
0
0
0
0
0
0
0
0
0
0
0
0
0
0
0
0
0
0
0
0
0
0
0
0
0
0
0
0
0
0
0
0
0
0
0
0
0
0
0
0
0
0
0
0
0
0
0
0
0
0
0
0
0
0
0
0
0
0
0
0
0
0
0
0
0
0
0
0
0
0
0
0
0
0
0
0
0
0
0
0
0
0
0
0
0
0
0
0
0
0
0
0
0
0
0
0
0
0
0
0
0
0
0
0
0
0
0
0
0
0
0
0
0
0
0
0
0
0
0
0
0
0
0
0
0
0
0
0
0
0
0
0
0
0
0