58
70
65
67
84
58
67
68
65
84
49
56
58
68
65
84
65
32
35
57
48
48
48
48
48
54
57
51
54
0
0
0
0
0
216
179
64
0
0
0
0
0
94
174
64
0
0
0
0
0
134
174
64
0
0
0
0
0
219
179
64
0
0
0
0
0
190
160
64
0
0
0
0
0
144
181
64
0
0
0
0
0
128
69
64
0
0
0
0
0
253
179
64
0
0
0
0
0
56
160
192
0
0
0
0
0
168
174
64
0
0
0
0
0
92
174
192
0
0
0
0
0
138
160
64
0
0
0
0
0
233
179
192
0
0
0
0
0
0
55
192
0
0
0
0
0
139
181
192
0
0
0
0
0
224
160
192
0
0
0
0
0
203
179
192
0
0
0
0
0
226
174
192
0
0
0
0
0
222
173
192
0
0
0
0
0
1
180
192
0
0
0
0
0
236
158
192
0
0
0
0
0
101
181
192
0
0
0
0
0
64
101
64
0
0
0
0
0
107
179
192
0
0
0
0
0
216
161
64
0
0
0
0
0
204
172
192
0
0
0
0
0
124
175
64
0
0
0
0
0
160
156
192
0
0
0
0
0
18
180
64
0
0
0
0
0
192
114
64
0
0
0
0
0
65
181
64
0
0
0
0
0
148
162
64
0
0
0
0
0
35
179
64
0
0
0
0
0
226
175
64
0
0
0
0
0
34
172
64
0
0
0
0
0
33
180
64
0
0
0
0
0
92
155
64
0
0
0
0
0
54
181
64
0
0
0
0
0
240
118
192
0
0
0
0
0
7
179
64
0
0
0
0
0
248
162
192
0
0
0
0
0
212
171
64
0
0
0
0
0
19
176
192
0
0
0
0
0
152
154
64
0
0
0
0
0
47
180
192
0
0
0
0
0
96
122
192
0
0
0
0
0
43
181
192
0
0
0
0
0
90
163
192
0
0
0
0
0
221
178
192
0
0
0
0
0
46
176
192
0
0
0
0
0
68
171
192
0
0
0
0
0
34
180
192
0
0
0
0
0
48
153
192
0
0
0
0
0
237
180
192
0
0
0
0
0
128
127
64
0
0
0
0
0
118
178
192
0
0
0
0
0
182
163
64
0
0
0
0
0
84
170
192
0
0
0
0
0
32
176
64
0
0
0
0
0
168
151
192
0
0
0
0
0
214
179
64
0
0
0
0
0
8
129
64
0
0
0
0
0
118
180
64
0
0
0
0
0
116
163
64
0
0
0
0
0
250
177
64
0
0
0
0
0
122
175
64
0
0
0
0
0
168
169
64
0
0
0
0
0
79
179
64
0
0
0
0
0
104
151
64
0
0
0
0
0
248
179
64
0
0
0
0
0
80
126
192
0
0
0
0
0
171
177
64
0
0
0
0
0
132
162
192
0
0
0
0
0
148
169
64
0
0
0
0
0
94
174
192
0
0
0
0
0
64
152
64
0
0
0
0
0
209
178
192
0
0
0
0
0
64
120
192
0
0
0
0
0
164
179
192
0
0
0
0
0
170
161
192
0
0
0
0
0
138
177
192
0
0
0
0
0
154
173
192
0
0
0
0
0
168
169
192
0
0
0
0
0
135
178
192
0
0
0
0
0
212
152
192
0
0
0
0
0
115
179
192
0
0
0
0
0
64
117
64
0
0
0
0
0
109
177
192
0
0
0
0
0
68
161
64
0
0
0
0
0
144
169
192
0
0
0
0
0
46
173
64
0
0
0
0
0
240
152
192
0
0
0
0
0
79
178
64
0
0
0
0
0
48
115
64
0
0
0
0
0
62
179
64
0
0
0
0
0
200
160
64
0
0
0
0
0
72
177
64
0
0
0
0
0
134
172
64
0
0
0
0
0
134
169
64
0
0
0
0
0
245
177
64
0
0
0
0
0
144
153
64
0
0
0
0
0
245
178
64
0
0
0
0
0
192
107
192
0
0
0
0
0
37
177
64
0
0
0
0
0
180
159
192
0
0
0
0
0
166
169
64
0
0
0
0
0
130
171
192
0
0
0
0
0
144
154
64
0
0
0
0
0
127
177
192
0
0
0
0
0
64
94
192
0
0
0
0
0
158
178
192
0
0
0
0
0
216
157
192
0
0
0
0
0
247
176
192
0
0
0
0
0
144
170
192
0
0
0
0
0
154
169
192
0
0
0
0
0
18
177
192
0
0
0
0
0
4
155
192
0
0
0
0
0
69
178
192
0
0
0
0
0
0
80
64
0
0
0
0
0
186
176
192
0
0
0
0
0
152
156
64
0
0
0
0
0
104
169
192
0
0
0
0
0
212
169
64
0
0
0
0
0
84
155
192
0
0
0
0
0
181
176
64
0
0
0
0
0
0
0
192
0
0
0
0
0
254
177
64
0
0
0
0
0
8
155
64
0
0
0
0
0
160
176
64
0
0
0
0
0
252
168
64
0
0
0
0
0
176
169
64
0
0
0
0
0
98
176
64
0
0
0
0
0
224
156
64
0
0
0
0
0
229
177
64
0
0
0
0
0
0
98
64
0
0
0
0
0
209
176
64
0
0
0
0
0
180
152
192
0
0
0
0
0
156
170
64
0
0
0
0
0
20
168
192
0
0
0
0
0
88
159
64
0
0
0
0
0
45
176
192
0
0
0
0
0
0
115
64
0
0
0
0
0
249
177
192
0
0
0
0
0
188
150
192
0
0
0
0
0
33
177
192
0
0
0
0
0
130
167
192
0
0
0
0
0
118
171
192
0
0
0
0
0
25
176
192
0
0
0
0
0
134
160
192
0
0
0
0
0
9
178
192
0
0
0
0
0
112
120
192
0
0
0
0
0
65
177
192
0
0
0
0
0
196
149
64
0
0
0
0
0
192
171
192
0
0
0
0
0
38
167
64
0
0
0
0
0
218
160
192
0
0
0
0
0
228
175
64
0
0
0
0
0
0
124
192
0
0
0
0
0
231
177
64
0
0
0
0
0
136
148
64
0
0
0
0
0
48
177
64
0
0
0
0
0
100
166
64
0
0
0
0
0
224
171
64
0
0
0
0
0
34
175
64
0
0
0
0
0
90
161
64
0
0
0
0
0
162
177
64
0
0
0
0
0
136
129
64
0
0
0
0
0
31
177
64
0
0
0
0
0
80
146
192
0
0
0
0
0
62
172
64
0
0
0
0
0
78
165
192
0
0
0
0
0
30
162
64
0
0
0
0
0
80
174
192
0
0
0
0
0
88
133
64
0
0
0
0
0
111
177
192
0
0
0
0
0
136
144
192
0
0
0
0
0
34
177
192
0
0
0
0
0
170
164
192
0
0
0
0
0
140
172
192
0
0
0
0
0
254
173
192
0
0
0
0
0
130
162
192
0
0
0
0
0
103
177
192
0
0
0
0
0
128
134
192
0
0
0
0
0
42
177
192
0
0
0
0
0
72
144
64
0
0
0
0
0
156
172
192
0
0
0
0
0
178
164
64
0
0
0
0
0
134
162
192
0
0
0
0
0
28
174
64
0
0
0
0
0
104
134
192
0
0
0
0
0
120
177
64
0
0
0
0
0
80
144
64
0
0
0
0
0
59
177
64
0
0
0
0
0
168
164
64
0
0
0
0
0
202
172
64
0
0
0
0
0
8
174
64
0
0
0
0
0
206
162
64
0
0
0
0
0
114
177
64
0
0
0
0
0
40
136
64
0
0
0
0
0
68
177
64
0
0
0
0
0
80
142
192
0
0
0
0
0
8
173
64
0
0
0
0
0
254
163
192
0
0
0
0
0
62
163
64
0
0
0
0
0
90
173
192
0
0
0
0
0
168
138
64
0
0
0
0
0
31
177
192
0
0
0
0
0
8
139
192
0
0
0
0
0
250
176
192
0
0
0
0
0
248
162
192
0
0
0
0
0
148
172
192
0
0
0
0
0
28
172
192
0
0
0
0
0
2
163
192
0
0
0
0
0
107
176
192
0
0
0
0
0
40
139
192
0
0
0
0
0
69
176
192
0
0
0
0
0
160
136
64
0
0
0
0
0
102
171
192
0
0
0
0
0
216
161
64
0
0
0
0
0
90
162
192
0
0
0
0
0
150
170
64
0
0
0
0
0
96
139
192
0
0
0
0
0
54
175
64
0
0
0
0
0
120
133
64
0
0
0
0
0
50
175
64
0
0
0
0
0
144
160
64
0
0
0
0
0
180
170
64
0
0
0
0
0
58
169
64
0
0
0
0
0
122
162
64
0
0
0
0
0
54
174
64
0
0
0
0
0
224
142
64
0
0
0
0
0
228
174
64
0
0
0
0
0
88
128
192
0
0
0
0
0
42
171
64
0
0
0
0
0
156
158
192
0
0
0
0
0
134
163
64
0
0
0
0
0
94
168
192
0
0
0
0
0
4
146
64
0
0
0
0
0
240
173
192
0
0
0
0
0
32
119
192
0
0
0
0
0
38
175
192
0
0
0
0
0
200
156
192
0
0
0
0
0
190
171
192
0
0
0
0
0
188
167
192
0
0
0
0
0
48
164
192
0
0
0
0
0
116
173
192
0
0
0
0
0
80
147
192
0
0
0
0
0
176
174
192
0
0
0
0
0
144
113
64
0
0
0
0
0
80
171
192
0
0
0
0
0
4
155
64
0
0
0
0
0
248
163
192
0
0
0
0
0
142
166
64
0
0
0
0
0
212
147
192
0
0
0
0
0
12
172
64
0
0
0
0
0
96
100
64
0
0
0
0
0
86
173
64
0
0
0
0
0
220
151
64
0
0
0
0
0
108
170
64
0
0
0
0
0
156
164
64
0
0
0
0
0
232
163
64
0
0
0
0
0
58
170
64
0
0
0
0
0
160
149
64
0
0
0
0
0
34
172
64
0
0
0
0
0
0
76
64
0
0
0
0
0
48
170
64
0
0
0
0
0
176
147
192
0
0
0
0
0
172
164
64
0
0
0
0
0
180
162
192
0
0
0
0
0
168
152
64
0
0
0
0
0
244
168
192
0
0
0
0
0
240
113
64
0
0
0
0
0
192
171
192
0
0
0
0
0
116
144
192
0
0
0
0
0
164
170
192
0
0
0
0
0
152
161
192
0
0
0
0
0
182
165
192
0
0
0
0
0
128
168
192
0
0
0
0
0
48
155
192
0
0
0
0
0
228
171
192
0
0
0
0
0
128
123
192
0
0
0
0
0
56
171
192
0
0
0
0
0
40
141
64
0
0
0
0
0
142
166
192
0
0
0
0
0
2
161
64
0
0
0
0
0
44
157
192
0
0
0
0
0
66
168
64
0
0
0
0
0
0
130
192
0
0
0
0
0
0
172
64
0
0
0
0
0
240
136
64
0
0
0
0
0
178
171
64
0
0
0
0
0
14
160
64
0
0
0
0
0
110
167
64
0
0
0
0
0
144
167
64
0
0
0
0
0
168
159
64
0
0
0
0
0
178
171
64
0
0
0
0
0
16
136
64
0
0
0
0
0
226
171
64
0
0
0
0
0
104
130
192
0
0
0
0
0
28
168
64
0
0
0
0
0
252
156
192
0
0
0
0
0
242
160
64
0
0
0
0
0
62
166
192
0
0
0
0
0
192
141
64
0
0
0
0
0
190
170
192
0
0
0
0
0
32
120
192
0
0
0
0
0
94
171
192
0
0
0
0
0
204
153
192
0
0
0
0
0
16
168
192
0
0
0
0
0
208
164
192
0
0
0
0
0
88
161
192
0
0
0
0
0
166
169
192
0
0
0
0
0
112
144
192
0
0
0
0
0
198
170
192
0
0
0
0
0
48
112
64
0
0
0
0
0
20
168
192
0
0
0
0
0
232
151
64
0
0
0
0
0
236
161
192
0
0
0
0
0
60
164
64
0
0
0
0
0
56
146
192
0
0
0
0
0
190
169
64
0
0
0
0
0
160
99
64
0
0
0
0
0
174
171
64
0
0
0
0
0
116
151
64
0
0
0
0
0
170
169
64
0
0
0
0
0
236
164
64
0
0
0
0
0
204
163
64
0
0
0
0
0
102
171
64
0
0
0
0
0
116
149
64
0
0
0
0
0
6
174
64
0
0
0
0
0
0
72
192
0
0
0
0
0
44
172
64
0
0
0
0
0
196
151
192
0
0
0
0
0
230
165
64
0
0
0
0
0
250
165
192
0
0
0
0
0
16
152
64
0
0
0
0
0
238
172
192
0
0
0
0
0
0
44
64
0
0
0
0
0
122
175
192
0
0
0
0
0
212
151
192
0
0
0
0
0
28
173
192
0
0
0
0
0
6
166
192
0
0
0
0
0
56
166
192
0
0
0
0
0
146
172
192
0
0
0
0
0
248
151
192
0
0
0
0
0
154
174
192
0
0
0
0
0
0
51
192
0
0
0
0
0
244
171
192
0
0
0
0
0
200
150
64
0
0
0
0
0
62
165
192
0
0
0
0
0
232
164
64
0
0
0
0
0
52
151
192
0
0
0
0
0
28
171
64
0
0
0
0
0
0
80
192
0
0
0
0
0
76
173
64
0
0
0
0
0
20
149
64
0
0
0
0
0
74
171
64
0
0
0
0
0
22
164
64
0
0
0
0
0
106
165
64
0
0
0
0
0
224
170
64
0
0
0
0
0
224
152
64
0
0
0
0
0
244
173
64
0
0
0
0
0
128
103
64
0
0
0
0
0
192
172
64
0
0
0
0
0
24
148
192
0
0
0
0
0
58
167
64
0
0
0
0
0
122
164
192
0
0
0
0
0
244
155
64
0
0
0
0
0
48
172
192
0
0
0
0
0
0
114
64
0
0
0
0
0
212
175
192
0
0
0
0
0
88
148
192
0
0
0
0
0
158
174
192
0
0
0
0
0
70
165
192
0
0
0
0
0
146
168
192
0
0
0
0
0
46
173
192
0
0
0
0
0
32
157
192
0
0
0
0
0
65
176
192
0
0
0
0
0
176
113
192
0
0
0
0
0
182
174
192
0
0
0
0
0
216
148
64
0
0
0
0
0
36
168
192
0
0
0
0
0
68
165
64
0
0
0
0
0
240
155
192
0
0
0
0
0
154
172
64
0
0
0
0
0
192
110
192
0
0
0
0
0
94
175
64
0
0
0
0
0
32
148
64
0
0
0
0
0
80
173
64
0
0
0
0
0
44
164
64
0
0
0
0
0
242
166
64
0
0
0
0
0
252
170
64
0
0
0
0
0
200
154
64
0
0
0
0
0
160
173
64
0
0
0
0
0
64
113
64
0
0
0
0
0
224
171
64
0
0
0
0
0
32
146
192
0
0
0
0
0
28
166
64
0
0
0
0
0
170
162
192
0
0
0
0
0
144
154
64
0
0
0
0
0
80
169
192
0
0
0
0
0
192
117
64
0
0
0
0
0
30
172
192
0
0
0
0
0
4
144
192
0
0
0
0
0
198
170
192
0
0
0
0
0
90
161
192
0
0
0
0
0
142
165
192
0
0
0
0
0
254
167
192
0
0
0
0
0
152
154
192
0
0
0
0
0
14
171
192
0
0
0
0
0
0
122
192
0
0
0
0
0
42
170
192
0
0
0
0
0
136
140
64
0
0
0
0
0
134
165
192
0
0
0
0
0
100
160
64
0
0
0
0
0
172
155
192
0
0
0
0
0
64
167
64
0
0
0
0
0
200
128
192
0
0
0
0
0
202
170
64
0
0
0
0
0
64
136
64
0
0
0
0
0
136
170
64
0
0
0
0
0
4
159
64
0
0
0
0
0
132
166
64
0
0
0
0
0
208
166
64
0
0
0
0
0
140
158
64
0
0
0
0
0
232
170
64
0
0
0
0
0
72
135
64
0
0
0
0
0
42
171
64
0
0
0
0
0
232
129
192
0
0
0
0
0
134
167
64
0
0
0
0
0
48
156
192
0
0
0
0
0
142
160
64
0
0
0
0
0
146
165
192
0
0
0
0
0
128
141
64
0
0
0
0
0
204
169
192
0
0
0
0
0
160
116
192
0
0
0
0
0
56
170
192
0
0
0
0
0
132
151
192
0
0
0
0
0
234
166
192
0
0
0
0
0
222
162
192
0
0
0
0
0
148
160
192
0
0
0
0
0
4
167
192
0
0
0
0
0
148
144
192
0
0
0
0
0
214
167
192
0
0
0
0
0
0
86
64
0
0
0
0
0
118
165
192
0
0
0
0
0
76
146
64
0
0
0
0
0
98
160
192
0
0
0
0
0
22
160
64
0
0
0
0
0
160
146
192
0
0
0
0
0
194
164
64
0
0
0
0
0
160
97
192
0
0
0
0
0
180
166
64
0
0
0
0
0
56
141
64
0
0
0
0
0
178
165
64
0
0
0
0
0
220
157
64
0
0
0
0
0
194
161
64
0
0
0
0
0
196
164
64
0
0
0
0
0
132
150
64
0
0
0
0
0
234
167
64
0
0
0
0
0
64
119
64
0
0
0
0
0
194
167
64
0
0
0
0
0
208
136
192
0
0
0
0
0
36
164
64
0
0
0
0
0
132
157
192
0
0
0
0
0
236
154
64
0
0
0
0
0
102
165
192
0
0
0
0
0
184
130
64
0
0
0
0
0
8
169
192
0
0
0
0
0
112
131
192
0
0
0
0
0
12
169
192
0
0
0
0
0
88
155
192
0
0
0
0
0
112
165
192
0
0
0
0
0
110
164
192
0
0
0
0
0
164
157
192
0
0
0
0
0
52
168
192
0
0
0
0
0
248
136
192
0
0
0
0
0
140
168
192
0
0
0
0
0
48
120
64
0
0
0
0
0
134
165
192
0
0
0
0
0
104
151
64
0
0
0
0
0
56
159
192
0
0
0
0
0
172
162
64
0
0
0
0
0
104
142
192
0
0
0
0
0
14
167
64
0
0
0
0
0
160
103
64
0
0
0
0
0
72
168
64
0
0
0
0
0
236
148
64
0
0
0
0
0
32
166
64
0
0
0
0
0
36
162
64
0
0
0
0
0
198
160
64
0
0
0
0
0
92
167
64
0
0
0
0
0
188
145
64
0
0
0
0
0
68
169
64
0
0
0
0
0
128
81
192
0
0
0
0
0
114
167
64
0
0
0
0
0
44
148
192
0
0
0
0
0
20
162
64
0
0
0
0
0
70
162
192
0
0
0
0
0
232
147
64
0
0
0
0
0
204
167
192
0
0
0
0
0
128
69
64
0
0
0
0
0
198
169
192
0
0
0
0
0
132
146
192
0
0
0
0
0
238
167
192
0
0
0
0
0
92
161
192
0
0
0
0
0
158
162
192
0
0
0
0
0
208
166
192
0
0
0
0
0
108
149
192
0
0
0
0
0
230
168
192
0
0
0
0
0
32
103
192
0
0
0
0
0
106
167
192
0
0
0
0
0
120
143
64
0
0
0
0
0
166
162
192
0
0
0
0
0
224
159
64
0
0
0
0
0
136
150
192
0
0
0
0
0
176
165
64
0
0
0
0
0
32
114
192
0
0
0
0
0
88
168
64
0
0
0
0
0
144
140
64
0
0
0
0
0
124
167
64
0
0
0
0
0
64
159
64
0
0
0
0
0
42
163
64
0
0
0
0
0
238
165
64
0
0
0
0
0
204
151
64
0
0
0
0
0
12
169
64
0
0
0
0
0
176
117
64
0
0
0
0
0
110
168
64
0
0
0
0
0
40
140
192
0
0
0
0
0
28
164
64
0
0
0
0
0
180
159
192
0
0
0
0
0
116
153
64
0
0
0
0
0
90
166
192
0
0
0
0
0
112
123
64
0
0
0
0
0
138
169
192
0
0
0
0
0
104
137
192
0
0
0
0
0
244
168
192
0
0
0
0
0
84
158
192
0
0
0
0
0
186
164
192
0
0
0
0
0
186
165
192
0
0
0
0
0
12
155
192
0
0
0
0
0
30
169
192
0
0
0
0
0
144
129
192
0
0
0
0
0
216
168
192
0
0
0
0
0
112
133
64
0
0
0
0
0
238
164
192
0
0
0
0
0
180
156
64
0
0
0
0
0
188
155
192
0
0
0
0
0
66
165
64
0
0
0
0
0
128
130
192
0
0
0
0
0
254
168
64
0
0
0
0
0
184
133
64
0
0
0
0
0
228
168
64
0
0
0
0
0
116
157
64
0
0
0
0
0
220
164
64
0
0
0
0
0
186
165
64
0
0
0
0
0
240
154
64
0
0
0
0
0
58
169
64
0
0
0
0
0
80
127
64
0
0
0
0
0
164
168
64
0
0
0
0
0
192
136
192
0
0
0
0
0
30
164
64
0
0
0
0
0
64
158
192
0
0
0
0
0
28
153
64
0
0
0
0
0
106
165
192
0
0
0
0
0
144
122
64
0
0
0
0
0
38
168
192
0
0
0
0
0
8
136
192
0
0
0
0
0
22
167
192
0
0
0
0
0
248
155
192
0
0
0
0
0
162
162
192
0
0
0
0
0
136
163
192
0
0
0
0
0
92
151
192
0
0
0
0
0
8
166
192
0
0
0
0
0
224
122
192
0
0
0
0
0
78
165
192
0
0
0
0
0
168
132
64
0
0
0
0
0
140
161
192
0
0
0
0
0
132
153
64
0
0
0
0
0
136
150
192
0
0
0
0
0
116
162
64
0
0
0
0
0
16
122
192
0
0
0
0
0
110
165
64
0
0
0
0
0
144
133
64
0
0
0
0
0
46
165
64
0
0
0
0
0
208
154
64
0
0
0
0
0
148
161
64
0
0
0
0
0
120
163
64
0
0
0
0
0
24
150
64
0
0
0
0
0
120
166
64
0
0
0
0
0
112
116
64
0
0
0
0
0
210
165
64
0
0
0
0
0
232
137
192
0
0
0
0
0
150
161
64
0
0
0
0
0
240
156
192
0
0
0
0
0
32
149
64
0
0
0
0
0
8
164
192
0
0
0
0
0
48
112
64
0
0
0
0
0
72
166
192
0
0
0
0
0
16
138
192
0
0
0
0
0
254
164
192
0
0
0
0
0
100
155
192
0
0
0
0
0
152
160
192
0
0
0
0
0
136
162
192
0
0
0
0
0
236
147
192
0
0
0
0
0
124
164
192
0
0
0
0
0
128
113
192
0
0
0
0
0
114
163
192
0
0
0
0
0
136
134
64
0
0
0
0
0
80
159
192
0
0
0
0
0
236
152
64
0
0
0
0
0
60
147
192
0
0
0
0
0
104
161
64
0
0
0
0
0
0
113
192
0
0
0
0
0
186
163
64
0
0
0
0
0
248
134
64
0
0
0
0
0
248
162
64
0
0
0
0
0
88
153
64
0
0
0
0
0
64
158
64
0
0
0
0
0
98
161
64
0
0
0
0
0
144
145
64
0
0
0
0
0
234
162
64
0
0
0
0
0
160
98
64
0
0
0
0
0
0
161
64
0
0
0
0
0
104
136
192
0
0
0
0
0
128
152
64
0
0
0
0
0
212
150
192
0
0
0
0
0
64
136
64
0
0
0
0
0
96
155
192
0
0
0
0
0
0
57
64
0
0
0
0
0
128
153
192
0
0
0
0
0
112
126
192
0
0
0
0
0
224
146
192
0
0
0
0
0
152
132
192
0
0
0
0
0
0
133
192
0
0
0
0
0
80
128
192
0
0
0
0
0
160
108
192
0
0
0
0
0
96
106
192
0
0
0
0
0
0
52
192
0
0
0
0
0
128
87
64
0
0
0
0
0
64
81
192
0
0
0
0
0
224
109
64
0
0
0
0
0
96
114
192
0
0
0
0
0
0
102
64
0
0
0
0
0
224
128
192
0
0
0
0
0
0
69
192
0
0
0
0
0
248
132
192
0
0
0
0
0
112
114
192
0
0
0
0
0
120
131
192
0
0
0
0
0
128
124
192
0
0
0
0
0
160
122
192
0
0
0
0
0
112
124
192
0
0
0
0
0
64
103
192
0
0
0
0
0
128
115
192
0
0
0
0
0
0
49
192
0
0
0
0
0
192
92
192
0
0
0
0
0
0
32
64
0
0
0
0
0
0
60
64
0
0
0
0
0
64
89
192
0
0
0
0
0
128
71
64
0
0
0
0
0
192
112
192
0
0
0
0
0
0
78
192
0
0
0
0
0
176
120
192
0
0
0
0
0
96
108
192
0
0
0
0
0
160
121
192
0
0
0
0
0
128
118
192
0
0
0
0
0
48
115
192
0
0
0
0
0
96
120
192
0
0
0
0
0
0
98
192
0
0
0
0
0
64
115
192
0
0
0
0
0
0
32
192
0
0
0
0
0
192
100
192
0
0
0
0
0
0
65
64
0
0
0
0
0
128
69
192
0
0
0
0
0
0
62
192
0
0
0
0
0
0
28
192
0
0
0
0
0
96
99
192
0
0
0
0
0
192
81
192
0
0
0
0
0
144
112
192
0
0
0
0
0
32
104
192
0
0
0
0
0
112
114
192
0
0
0
0
0
0
115
192
0
0
0
0
0
0
109
192
0
0
0
0
0
80
117
192
0
0
0
0
0
128
91
192
0
0
0
0
0
0
114
192
0
0
0
0
0
0
0
64
0
0
0
0
0
32
102
192
0
0
0
0
0
0
71
64
0
0
0
0
0
128
82
192
0
0
0
0
0
0
8
64
0
0
0
0
0
0
65
192
0
0
0
0
0
0
88
192
0
0
0
0
0
64
83
192
0
0
0
0
0
192
103
192
0
0
0
0
0
192
101
192
0
0
0
0
0
0
108
192
0
0
0
0
0
192
112
192
0
0
0
0
0
128
102
192
0
0
0
0
0
16
115
192
0
0
0
0
0
192
84
192
0
0
0
0
0
176
112
192
0
0
0
0
0
0
40
64
0
0
0
0
0
0
102
192
0
0
0
0
0
128
74
64
0
0
0
0
0
0
86
192
0
0
0
0
0
0
53
64
0
0
0
0
0
0
73
192
0
0
0
0
0
0
79
192
0
0
0
0
0
192
84
192
0
0
0
0
0
224
97
192
0
0
0
0
0
128
100
192
0
0
0
0
0
32
102
192
0
0
0
0
0
160
110
192
0
0
0
0
0
192
97
192
0
0
0
0
0
128
113
192
0
0
0
0
0
0
78
192
0
0
0
0
0
0
111
192
0
0
0
0
0
0
54
64
0
0
0
0
0
96
101
192
0
0
0
0
0
128
77
64
0
0
0
0
0
64
87
192
0
0
0
0
0
0
64
64
0
0
0
0
0
128
77
192
0
0
0
0
0
0
68
192
0
0
0
0
0
192
85
192
0
0
0
0
0
64
92
192
0
0
0
0
0
224
99
192
0
0
0
0
0
224
97
192
0
0
0
0
0
224
108
192
0
0
0
0
0
64
92
192
0
0
0
0
0
96
112
192
0
0
0
0
0
0
68
192
0
0
0
0
0
64
109
192
0
0
0
0
0
128
64
64
0
0
0
0
0
128
100
192
0
0
0
0
0
64
80
64
0
0
0
0
0
128
87
192
0
0
0
0
0
0
68
64
0
0
0
0
0
0
80
192
0
0
0
0
0
0
58
192
0
0
0
0
0
192
86
192
0
0
0
0
0
64
87
192
0
0
0
0
0
192
99
192
0
0
0
0
0
192
93
192
0
0
0
0
0
0
108
192
0
0
0
0
0
128
86
192
0
0
0
0
0
96
111
192
0
0
0
0
0
0
54
192
0
0
0
0
0
0
108
192
0
0
0
0
0
128
70
64
0
0
0
0
0
192
99
192
0
0
0
0
0
64
82
64
0
0
0
0
0
64
87
192
0
0
0
0
0
128
71
64
0
0
0
0
0
192
80
192
0
0
0
0
0
0
48
192
0
0
0
0
0
192
87
192
0
0
0
0
0
128
83
192
0
0
0
0
0
0
100
192
0
0
0
0
0
128
89
192
0
0
0
0
0
224
107
192
0
0
0
0
0
0
82
192
0
0
0
0
0
224
110
192
0
0
0
0
0
0
24
192
0
0
0
0
0
64
107
192
0
0
0
0
0
128
77
64
0
0
0
0
0
32
99
192
0
0
0
0
0
0
85
64
0
0
0
0
0
192
86
192
0
0
0
0
0
0
76
64
0
0
0
0
0
0
81
192
0
0
0
0
0
0
32
192
0
0
0
0
0
128
88
192
0
0
0
0
0
0
81
192
0
0
0
0
0
128
100
192
0
0
0
0
0
64
86
192
0
0
0
0
0
64
108
192
0
0
0
0
0
0
76
192
0
0
0
0
0
0
111
192
0
0
0
0
0
0
38
64
0
0
0
0
0
0
107
192
0
0
0
0
0
192
82
64
0
0
0
0
0
192
98
192
0
0
0
0
0
64
88
64
0
0
0
0
0
0
86
192
0
0
0
0
0
192
80
64
0
0
0
0
0
192
80
192
0
0
0
0
0
0
240
63
0
0
0
0
0
64
89
192
0
0
0
0
0
0
78
192
0
0
0
0
0
64
101
192
0
0
0
0
0
192
83
192
0
0
0
0
0
64
109
192
0
0
0
0
0
128
69
192
0
0
0
0
0
224
111
192
0
0
0
0
0
0
60
64
0
0
0
0
0
128
107
192
0
0
0
0
0
128
87
64
0
0
0
0
0
160
98
192
0
0
0
0
0
0
93
64
0
0
0
0
0
0
85
192
0
0
0
0
0
128
84
64
0
0
0
0
0
0
80
192
0
0
0
0
0
0
38
64
0
0
0
0
0
128
89
192
0
0
0
0
0
128
74
192
0
0
0
0
0
32
102
192
0
0
0
0
0
0
82
192
0
0
0
0
0
192
110
192
0
0
0
0
0
0
64
192
0
0
0
0
0
192
112
192
0
0
0
0
0
0
71
64
0
0
0
0
0
160
108
192
0
0
0
0
0
128
93
64
0
0
0
0
0
0
99
192
0
0
0
0
0
192
97
64
0
0
0
0
0
64
84
192
0
0
0
0
0
0
90
64
0
0
0
0
0
128
77
192
0
0
0
0
0
0
58
64
0
0
0
0
0
64
89
192
0
0
0
0
0
128
70
192
0
0
0
0
0
32
103
192
0
0
0
0
0
192
80
192
0
0
0
0
0
96
112
192
0
0
0
0
0
0
54
192
0
0
0
0
0
0
114
192
0
0
0
0
0
128
80
64
0
0
0
0
0
160
110
192
0
0
0
0
0
160
98
64
0
0
0
0
0
192
99
192
0
0
0
0
0
64
102
64
0
0
0
0
0
64
83
192
0
0
0
0
0
32
97
64
0
0
0
0
0
128
72
192
0
0
0
0
0
128
72
64
0
0
0
0
0
192
87
192
0
0
0
0
0
0
65
192
0
0
0
0
0
224
103
192
0
0
0
0
0
128
78
192
0
0
0
0
0
160
113
192
0
0
0
0
0
0
40
192
0
0
0
0
0
192
115
192
0
0
0
0
0
128
86
64
0
0
0
0
0
240
112
192
0
0
0
0
0
160
103
64
0
0
0
0
0
64
101
192
0
0
0
0
0
160
108
64
0
0
0
0
0
192
81
192
0
0
0
0
0
64
103
64
0
0
0
0
0
128
64
192
0
0
0
0
0
64
85
64
0
0
0
0
0
64
84
192
0
0
0
0
0
0
48
192
0
0
0
0
0
0
104
192
0
0
0
0
0
0
75
192
0
0
0
0
0
16
115
192
0
0
0
0
0
0
0
192
0
0
0
0
0
48
118
192
0
0
0
0
0
128
93
64
0
0
0
0
0
96
115
192
0
0
0
0
0
96
110
64
0
0
0
0
0
224
103
192
0
0
0
0
0
0
115
64
0
0
0
0
0
64
80
192
0
0
0
0
0
160
112
64
0
0
0
0
0
0
0
0
0
0
0
0
0
0
0
0
0
0
0
0
0
0
0
0
0
0
0
0
0
0
0
0
0
0
0
0
0
0
0
0
0
0
0
0
0
0
0
0
0
0
0
0
0
0
0
0
0
0
0
0
0
0
0
0
0
0
0
0
0
0
0
0
0
0
0
0
0
0
0
0
0
0
0
0
0
0
0
0
0
0
0
0
0
0
0
0
0
0
0
0
0
0
0
0
0
0
0
0
0
0
0
0
0
0
0
0
0
0
0
0
0
0
0
0
0
0
0
0
0
0
0
0
0
0
0
0
0
0
0
0
0
0
0
0
0
0
0
0
0
0
0
0
0
0
0
0
0
0
0
0
0
0
0
0
0
0
0
0
0
0
0
0
0
0
0
0
0
0
0
0
0
0
0
0
0
0
0
0
0
0
0
0
0
0
0
0
0
0
0
0
0
0
0
0
0
0
0
0
0
0
0
0
0
0
0
0
0
0
0
0
0
0
0
0
0
0
0
0
0
0
0
0
0
0
0
0
0
0
0
0
0
0
0
0
0
0
0
0
0
0
0
0
0
0
0
0
0
0
0
0
0
0
0
0
0
0
0
0
0
0
0
0
0
0
0
0
0
0
0
0
0
0
0
0
0
0
0
0
0
0
0
0
0
0
0
0
0
0
0
0
0
0
0
0
0
0
0
0
0
0
0
0
0
0
0
0
0
0
0
0
0
0
0
0
0
0
0
0
0
0
0
0
0
0
0
0
0
0
0
0
0
0
0
0
0
0
0
0
0
0
0
0
0
0
0
0
0
0
0
0
0
0
0
0
0
0
0
0
0
0
0
0
0
0
0
0
0
0
0
0
0
0
0
0
0
0
0
0
0
0
0
0
0
0
0
0
0
0
0
0
0
0
0
0
0
0
0
0
0
0
0
0
0
0
0
0
0
0
0
0
0
0
0
0
0
0
0
0
0
0
0
0
0
0
0
0
0
0
0
0
0
0
0
0
0
0
0
0
0
0
0
0
0
0
0
0
0
0
0
0
0
0
0
0
0
0
0
0
0
0
0
0
0
0
0
0
0
0
0
0
0
0
0
0
0
0
0
0
0
0
0
0
0
0
0
0
0
0
0
0
0
0
0
0
0
0
0
0
0
0
0
0
0
0
0
0
0
0
0
0
0
0
0
0
0
0
0
0
0
0
0
0
0
0
0
0
0
0
0
0
0
0
0
0
0
0
0
0
0
0
0
0
0
0
0
0
0
0
0
0
0
0
0
0
0
0
0
0
0
0
0
0
0
0
0
0
0
0
0
0
0
0
0
0
0
0
0
0
0
0
0
0
0
0
0
0
0
0
0
0
0
0
0
0
0
0
0
0
0
0
0
0
0
0
0
0
0
0
0
0
0
0
0
0
0
0
0
0
0
0
0
0
0
0
0
0
0
0
0
0
0
0
0
0
0
0
0
0
0
0
0
0
0
0
0
0
0
0
0
0
0
0
0
0
0
0
0
0
0
0
0
0
0
0
0
0
0
0
0
0
0
0
0
0
0
0
0
0
0
0
0
0
0
0
0
0
0
0
0
0
0
0
0
0
0
0
0
0
0
0
0
0
0
0
0
0
0
0
0
0
0
0
0
0
0
0
0
0
0
0
0
0
0
0
0
0
0
0
0
0
0
0
0
0
0
0
0
0
0
0
0
0
0
0
0
0
0
0
0
0
0
0
0
0
0
0
0
0
0
0
0
0
0
0
0
0
0
0
0
0
0
0
0
0
0
0
0
0
0
0
0
0
0
0
0
0
0
0
0
0
0
0
0
0
0
0
0
0
0
0
0
0
0
0
0
0
0
0
0
0
0
0
0
0
0
0
0
0
0
0
0
0
0
0
0
0
0
0
0
0
0
0
0
0
0
0
0
0
0
0
0
0
0
0
0
0
0
0
0
0
0
0
0
0
0
0
0
0
0
0
0
0
0
0
0
0
0
0
0
0
0
0
0
0
0
0
0
0
0
0
0
0
0
0
0
0
0
0
0
0
0
0
0
0
0
0
0
0
0
0
0
0
0
0
0
0
0
0
0
0
0
0
0
0
0
0
0
0
0
0
0
0
0
0
0
0
0
0
0
0
0
0
0
0
0
0
0
0
0
0
0
0
0
0
0
0
0
0
0
0
0
0
0
0
0
0
0
0
0
0
0
0
0
0
0
0
0
0
0
0
0
0
0
0
0
0
0
0
0
0
0
0
0
0
0
0
0
0
0
0
0
0
0
0
0
0
0
0
0
0
0
0
0
0
0
0
0
0
0
0
0
0
0
0
0
0
0
0
0
0
0
0
0
0
0
0
0
0
0
0
0
0
0
0
0
0
0
0
0
0
0
0
0
0
0
0
0
0
0
0
0
0
0
0
0
0
0
0
0
0
0
0
0
0
0
0
0
0
0
0
0
0
0
0
0
0
0
0
0
0
0
0
0
0
0
0
0
0
0
0
0
0
0
0
0
0
0
0
0
0
0
0
0
0
0
0
0
0
0
0
0
0
0
0
0
0
0
0
0
0
0
0
0
0
0
0
0
0
0
0
0
0
0
0
0
0
0
0
0
0
0
0
0
0
0
0
0
0
0
0
0
0
0
0
0
0
0
0
0
0
0
0
0
0
0
0
0
0
0
0
0
0
0
0
0
0
0
0
0
0
0
0
0
0
0
0
0
0
0
0
0
0
0
0
0
0
0
0
0
0
0
0
0
0
0
0
0
0
0
0
0
0
0
0
0
0
0