58
70
65
67
84
58
67
68
65
84
49
56
58
68
65
84
65
32
35
57
48
48
48
48
48
54
57
51
54
0
0
0
0
0
180
159
64
0
0
0
0
0
80
165
64
0
0
0
0
0
232
166
64
0
0
0
0
0
244
154
64
0
0
0
0
0
76
170
64
0
0
0
0
0
240
123
64
0
0
0
0
0
114
169
64
0
0
0
0
0
216
139
192
0
0
0
0
0
146
164
64
0
0
0
0
0
30
160
192
0
0
0
0
0
40
153
64
0
0
0
0
0
124
166
192
0
0
0
0
0
112
119
64
0
0
0
0
0
32
169
192
0
0
0
0
0
248
138
192
0
0
0
0
0
210
167
192
0
0
0
0
0
228
157
192
0
0
0
0
0
4
163
192
0
0
0
0
0
144
164
192
0
0
0
0
0
76
151
192
0
0
0
0
0
246
166
192
0
0
0
0
0
80
119
192
0
0
0
0
0
250
165
192
0
0
0
0
0
184
135
64
0
0
0
0
0
222
161
192
0
0
0
0
0
112
155
64
0
0
0
0
0
100
150
192
0
0
0
0
0
116
163
64
0
0
0
0
0
144
118
192
0
0
0
0
0
84
166
64
0
0
0
0
0
112
136
64
0
0
0
0
0
216
165
64
0
0
0
0
0
152
156
64
0
0
0
0
0
236
161
64
0
0
0
0
0
102
164
64
0
0
0
0
0
20
150
64
0
0
0
0
0
82
167
64
0
0
0
0
0
192
113
64
0
0
0
0
0
120
166
64
0
0
0
0
0
88
140
192
0
0
0
0
0
246
161
64
0
0
0
0
0
132
158
192
0
0
0
0
0
56
149
64
0
0
0
0
0
228
164
192
0
0
0
0
0
0
108
64
0
0
0
0
0
18
167
192
0
0
0
0
0
72
140
192
0
0
0
0
0
154
165
192
0
0
0
0
0
224
156
192
0
0
0
0
0
238
160
192
0
0
0
0
0
84
163
192
0
0
0
0
0
244
147
192
0
0
0
0
0
54
165
192
0
0
0
0
0
32
110
192
0
0
0
0
0
254
163
192
0
0
0
0
0
184
136
64
0
0
0
0
0
228
159
192
0
0
0
0
0
84
154
64
0
0
0
0
0
68
147
192
0
0
0
0
0
36
162
64
0
0
0
0
0
64
110
192
0
0
0
0
0
102
164
64
0
0
0
0
0
168
136
64
0
0
0
0
0
130
163
64
0
0
0
0
0
112
154
64
0
0
0
0
0
244
158
64
0
0
0
0
0
254
161
64
0
0
0
0
0
228
145
64
0
0
0
0
0
132
163
64
0
0
0
0
0
32
98
64
0
0
0
0
0
136
161
64
0
0
0
0
0
48
137
192
0
0
0
0
0
88
153
64
0
0
0
0
0
124
151
192
0
0
0
0
0
80
137
64
0
0
0
0
0
48
156
192
0
0
0
0
0
0
67
64
0
0
0
0
0
88
154
192
0
0
0
0
0
192
126
192
0
0
0
0
0
156
147
192
0
0
0
0
0
40
133
192
0
0
0
0
0
0
134
192
0
0
0
0
0
240
128
192
0
0
0
0
0
160
110
192
0
0
0
0
0
0
108
192
0
0
0
0
0
0
54
192
0
0
0
0
0
128
87
64
0
0
0
0
0
64
80
192
0
0
0
0
0
32
111
64
0
0
0
0
0
128
114
192
0
0
0
0
0
224
103
64
0
0
0
0
0
72
129
192
0
0
0
0
0
128
64
192
0
0
0
0
0
184
133
192
0
0
0
0
0
160
114
192
0
0
0
0
0
88
132
192
0
0
0
0
0
112
125
192
0
0
0
0
0
32
124
192
0
0
0
0
0
208
125
192
0
0
0
0
0
224
104
192
0
0
0
0
0
208
116
192
0
0
0
0
0
0
50
192
0
0
0
0
0
192
95
192
0
0
0
0
0
0
48
64
0
0
0
0
0
0
60
64
0
0
0
0
0
64
87
192
0
0
0
0
0
128
74
64
0
0
0
0
0
192
112
192
0
0
0
0
0
0
75
192
0
0
0
0
0
64
121
192
0
0
0
0
0
96
108
192
0
0
0
0
0
144
122
192
0
0
0
0
0
32
119
192
0
0
0
0
0
48
116
192
0
0
0
0
0
128
121
192
0
0
0
0
0
64
99
192
0
0
0
0
0
112
116
192
0
0
0
0
0
0
32
192
0
0
0
0
0
128
102
192
0
0
0
0
0
0
69
64
0
0
0
0
0
128
72
192
0
0
0
0
0
0
51
192
0
0
0
0
0
0
16
192
0
0
0
0
0
128
98
192
0
0
0
0
0
64
80
192
0
0
0
0
0
160
112
192
0
0
0
0
0
224
103
192
0
0
0
0
0
0
115
192
0
0
0
0
0
96
115
192
0
0
0
0
0
96
110
192
0
0
0
0
0
48
118
192
0
0
0
0
0
128
93
192
0
0
0
0
0
16
115
192
0
0
0
0
0
0
0
64
0
0
0
0
0
0
104
192
0
0
0
0
0
0
75
64
0
0
0
0
0
64
84
192
0
0
0
0
0
0
48
64
0
0
0
0
0
128
64
192
0
0
0
0
0
64
85
192
0
0
0
0
0
192
81
192
0
0
0
0
0
64
103
192
0
0
0
0
0
64
101
192
0
0
0
0
0
160
108
192
0
0
0
0
0
240
112
192
0
0
0
0
0
160
103
192
0
0
0
0
0
192
115
192
0
0
0
0
0
128
86
192
0
0
0
0
0
160
113
192
0
0
0
0
0
0
40
64
0
0
0
0
0
224
103
192
0
0
0
0
0
128
78
64
0
0
0
0
0
192
87
192
0
0
0
0
0
0
65
64
0
0
0
0
0
128
72
192
0
0
0
0
0
128
72
192
0
0
0
0
0
64
83
192
0
0
0
0
0
32
97
192
0
0
0
0
0
192
99
192
0
0
0
0
0
64
102
192
0
0
0
0
0
160
110
192
0
0
0
0
0
160
98
192
0
0
0
0
0
0
114
192
0
0
0
0
0
128
80
192
0
0
0
0
0
96
112
192
0
0
0
0
0
0
54
64
0
0
0
0
0
32
103
192
0
0
0
0
0
192
80
64
0
0
0
0
0
64
89
192
0
0
0
0
0
128
70
64
0
0
0
0
0
128
77
192
0
0
0
0
0
0
58
192
0
0
0
0
0
64
84
192
0
0
0
0
0
0
90
192
0
0
0
0
0
0
99
192
0
0
0
0
0
192
97
192
0
0
0
0
0
160
108
192
0
0
0
0
0
128
93
192
0
0
0
0
0
192
112
192
0
0
0
0
0
0
71
192
0
0
0
0
0
192
110
192
0
0
0
0
0
0
64
64
0
0
0
0
0
32
102
192
0
0
0
0
0
0
82
64
0
0
0
0
0
128
89
192
0
0
0
0
0
128
74
64
0
0
0
0
0
0
80
192
0
0
0
0
0
0
38
192
0
0
0
0
0
0
85
192
0
0
0
0
0
128
84
192
0
0
0
0
0
160
98
192
0
0
0
0
0
0
93
192
0
0
0
0
0
128
107
192
0
0
0
0
0
128
87
192
0
0
0
0
0
224
111
192
0
0
0
0
0
0
60
192
0
0
0
0
0
64
109
192
0
0
0
0
0
128
69
64
0
0
0
0
0
64
101
192
0
0
0
0
0
192
83
64
0
0
0
0
0
64
89
192
0
0
0
0
0
0
78
64
0
0
0
0
0
192
80
192
0
0
0
0
0
0
240
191
0
0
0
0
0
0
86
192
0
0
0
0
0
192
80
192
0
0
0
0
0
192
98
192
0
0
0
0
0
64
88
192
0
0
0
0
0
0
107
192
0
0
0
0
0
192
82
192
0
0
0
0
0
0
111
192
0
0
0
0
0
0
38
192
0
0
0
0
0
64
108
192
0
0
0
0
0
0
76
64
0
0
0
0
0
128
100
192
0
0
0
0
0
64
86
64
0
0
0
0
0
128
88
192
0
0
0
0
0
0
81
64
0
0
0
0
0
0
81
192
0
0
0
0
0
0
32
64
0
0
0
0
0
192
86
192
0
0
0
0
0
0
76
192
0
0
0
0
0
32
99
192
0
0
0
0
0
0
85
192
0
0
0
0
0
64
107
192
0
0
0
0
0
128
77
192
0
0
0
0
0
224
110
192
0
0
0
0
0
0
24
64
0
0
0
0
0
224
107
192
0
0
0
0
0
0
82
64
0
0
0
0
0
0
100
192
0
0
0
0
0
128
89
64
0
0
0
0
0
192
87
192
0
0
0
0
0
128
83
64
0
0
0
0
0
192
80
192
0
0
0
0
0
0
48
64
0
0
0
0
0
64
87
192
0
0
0
0
0
128
71
192
0
0
0
0
0
192
99
192
0
0
0
0
0
64
82
192
0
0
0
0
0
0
108
192
0
0
0
0
0
128
70
192
0
0
0
0
0
96
111
192
0
0
0
0
0
0
54
64
0
0
0
0
0
0
108
192
0
0
0
0
0
128
86
64
0
0
0
0
0
192
99
192
0
0
0
0
0
192
93
64
0
0
0
0
0
192
86
192
0
0
0
0
0
64
87
64
0
0
0
0
0
0
80
192
0
0
0
0
0
0
58
64
0
0
0
0
0
128
87
192
0
0
0
0
0
0
68
192
0
0
0
0
0
128
100
192
0
0
0
0
0
64
80
192
0
0
0
0
0
64
109
192
0
0
0
0
0
128
64
192
0
0
0
0
0
96
112
192
0
0
0
0
0
0
68
64
0
0
0
0
0
224
108
192
0
0
0
0
0
64
92
64
0
0
0
0
0
224
99
192
0
0
0
0
0
224
97
64
0
0
0
0
0
192
85
192
0
0
0
0
0
64
92
64
0
0
0
0
0
128
77
192
0
0
0
0
0
0
68
64
0
0
0
0
0
64
87
192
0
0
0
0
0
0
64
192
0
0
0
0
0
96
101
192
0
0
0
0
0
128
77
192
0
0
0
0
0
0
111
192
0
0
0
0
0
0
54
192
0
0
0
0
0
128
113
192
0
0
0
0
0
0
78
64
0
0
0
0
0
160
110
192
0
0
0
0
0
192
97
64
0
0
0
0
0
128
100
192
0
0
0
0
0
32
102
64
0
0
0
0
0
192
84
192
0
0
0
0
0
224
97
64
0
0
0
0
0
0
73
192
0
0
0
0
0
0
79
64
0
0
0
0
0
0
86
192
0
0
0
0
0
0
53
192
0
0
0
0
0
0
102
192
0
0
0
0
0
128
74
192
0
0
0
0
0
176
112
192
0
0
0
0
0
0
40
192
0
0
0
0
0
16
115
192
0
0
0
0
0
192
84
64
0
0
0
0
0
192
112
192
0
0
0
0
0
128
102
64
0
0
0
0
0
192
101
192
0
0
0
0
0
0
108
64
0
0
0
0
0
64
83
192
0
0
0
0
0
192
103
64
0
0
0
0
0
0
65
192
0
0
0
0
0
0
88
64
0
0
0
0
0
128
82
192
0
0
0
0
0
0
8
192
0
0
0
0
0
32
102
192
0
0
0
0
0
0
71
192
0
0
0
0
0
0
114
192
0
0
0
0
0
0
0
192
0
0
0
0
0
80
117
192
0
0
0
0
0
128
91
64
0
0
0
0
0
0
115
192
0
0
0
0
0
0
109
64
0
0
0
0
0
32
104
192
0
0
0
0
0
112
114
64
0
0
0
0
0
192
81
192
0
0
0
0
0
144
112
64
0
0
0
0
0
0
28
192
0
0
0
0
0
96
99
64
0
0
0
0
0
128
69
192
0
0
0
0
0
0
62
64
0
0
0
0
0
192
100
192
0
0
0
0
0
0
65
192
0
0
0
0
0
64
115
192
0
0
0
0
0
0
32
64
0
0
0
0
0
96
120
192
0
0
0
0
0
0
98
64
0
0
0
0
0
128
118
192
0
0
0
0
0
48
115
64
0
0
0
0
0
96
108
192
0
0
0
0
0
160
121
64
0
0
0
0
0
0
78
192
0
0
0
0
0
176
120
64
0
0
0
0
0
128
71
64
0
0
0
0
0
192
112
64
0
0
0
0
0
0
60
64
0
0
0
0
0
64
89
64
0
0
0
0
0
192
92
192
0
0
0
0
0
0
32
192
0
0
0
0
0
128
115
192
0
0
0
0
0
0
49
64
0
0
0
0
0
112
124
192
0
0
0
0
0
64
103
64
0
0
0
0
0
128
124
192
0
0
0
0
0
160
122
64
0
0
0
0
0
112
114
192
0
0
0
0
0
120
131
64
0
0
0
0
0
0
69
192
0
0
0
0
0
248
132
64
0
0
0
0
0
0
102
64
0
0
0
0
0
224
128
64
0
0
0
0
0
224
109
64
0
0
0
0
0
96
114
64
0
0
0
0
0
128
87
64
0
0
0
0
0
64
81
64
0
0
0
0
0
96
106
192
0
0
0
0
0
0
52
64
0
0
0
0
0
80
128
192
0
0
0
0
0
160
108
64
0
0
0
0
0
152
132
192
0
0
0
0
0
0
133
64
0
0
0
0
0
112
126
192
0
0
0
0
0
224
146
64
0
0
0
0
0
0
57
64
0
0
0
0
0
128
153
64
0
0
0
0
0
64
136
64
0
0
0
0
0
96
155
64
0
0
0
0
0
128
152
64
0
0
0
0
0
212
150
64
0
0
0
0
0
0
161
64
0
0
0
0
0
104
136
64
0
0
0
0
0
234
162
64
0
0
0
0
0
160
98
192
0
0
0
0
0
98
161
64
0
0
0
0
0
144
145
192
0
0
0
0
0
88
153
64
0
0
0
0
0
64
158
192
0
0
0
0
0
248
134
64
0
0
0
0
0
248
162
192
0
0
0
0
0
0
113
192
0
0
0
0
0
186
163
192
0
0
0
0
0
60
147
192
0
0
0
0
0
104
161
192
0
0
0
0
0
80
159
192
0
0
0
0
0
236
152
192
0
0
0
0
0
114
163
192
0
0
0
0
0
136
134
192
0
0
0
0
0
124
164
192
0
0
0
0
0
128
113
64
0
0
0
0
0
136
162
192
0
0
0
0
0
236
147
64
0
0
0
0
0
100
155
192
0
0
0
0
0
152
160
64
0
0
0
0
0
16
138
192
0
0
0
0
0
254
164
64
0
0
0
0
0
48
112
64
0
0
0
0
0
72
166
64
0
0
0
0
0
32
149
64
0
0
0
0
0
8
164
64
0
0
0
0
0
150
161
64
0
0
0
0
0
240
156
64
0
0
0
0
0
210
165
64
0
0
0
0
0
232
137
64
0
0
0
0
0
120
166
64
0
0
0
0
0
112
116
192
0
0
0
0
0
120
163
64
0
0
0
0
0
24
150
192
0
0
0
0
0
208
154
64
0
0
0
0
0
148
161
192
0
0
0
0
0
144
133
64
0
0
0
0
0
46
165
192
0
0
0
0
0
16
122
192
0
0
0
0
0
110
165
192
0
0
0
0
0
136
150
192
0
0
0
0
0
116
162
192
0
0
0
0
0
140
161
192
0
0
0
0
0
132
153
192
0
0
0
0
0
78
165
192
0
0
0
0
0
168
132
192
0
0
0
0
0
8
166
192
0
0
0
0
0
224
122
64
0
0
0
0
0
136
163
192
0
0
0
0
0
92
151
64
0
0
0
0
0
248
155
192
0
0
0
0
0
162
162
64
0
0
0
0
0
8
136
192
0
0
0
0
0
22
167
64
0
0
0
0
0
144
122
64
0
0
0
0
0
38
168
64
0
0
0
0
0
28
153
64
0
0
0
0
0
106
165
64
0
0
0
0
0
30
164
64
0
0
0
0
0
64
158
64
0
0
0
0
0
164
168
64
0
0
0
0
0
192
136
64
0
0
0
0
0
58
169
64
0
0
0
0
0
80
127
192
0
0
0
0
0
186
165
64
0
0
0
0
0
240
154
192
0
0
0
0
0
116
157
64
0
0
0
0
0
220
164
192
0
0
0
0
0
184
133
64
0
0
0
0
0
228
168
192
0
0
0
0
0
128
130
192
0
0
0
0
0
254
168
192
0
0
0
0
0
188
155
192
0
0
0
0
0
66
165
192
0
0
0
0
0
238
164
192
0
0
0
0
0
180
156
192
0
0
0
0
0
216
168
192
0
0
0
0
0
112
133
192
0
0
0
0
0
30
169
192
0
0
0
0
0
144
129
64
0
0
0
0
0
186
165
192
0
0
0
0
0
12
155
64
0
0
0
0
0
84
158
192
0
0
0
0
0
186
164
64
0
0
0
0
0
104
137
192
0
0
0
0
0
244
168
64
0
0
0
0
0
112
123
64
0
0
0
0
0
138
169
64
0
0
0
0
0
116
153
64
0
0
0
0
0
90
166
64
0
0
0
0
0
28
164
64
0
0
0
0
0
180
159
64
0
0
0
0
0
110
168
64
0
0
0
0
0
40
140
64
0
0
0
0
0
12
169
64
0
0
0
0
0
176
117
192
0
0
0
0
0
238
165
64
0
0
0
0
0
204
151
192
0
0
0
0
0
64
159
64
0
0
0
0
0
42
163
192
0
0
0
0
0
144
140
64
0
0
0
0
0
124
167
192
0
0
0
0
0
32
114
192
0
0
0
0
0
88
168
192
0
0
0
0
0
136
150
192
0
0
0
0
0
176
165
192
0
0
0
0
0
166
162
192
0
0
0
0
0
224
159
192
0
0
0
0
0
106
167
192
0
0
0
0
0
120
143
192
0
0
0
0
0
230
168
192
0
0
0
0
0
32
103
64
0
0
0
0
0
208
166
192
0
0
0
0
0
108
149
64
0
0
0
0
0
92
161
192
0
0
0
0
0
158
162
64
0
0
0
0
0
132
146
192
0
0
0
0
0
238
167
64
0
0
0
0
0
128
69
64
0
0
0
0
0
198
169
64
0
0
0
0
0
232
147
64
0
0
0
0
0
204
167
64
0
0
0
0
0
20
162
64
0
0
0
0
0
70
162
64
0
0
0
0
0
114
167
64
0
0
0
0
0
44
148
64
0
0
0
0
0
68
169
64
0
0
0
0
0
128
81
64
0
0
0
0
0
92
167
64
0
0
0
0
0
188
145
192
0
0
0
0
0
36
162
64
0
0
0
0
0
198
160
192
0
0
0
0
0
236
148
64
0
0
0
0
0
32
166
192
0
0
0
0
0
160
103
64
0
0
0
0
0
72
168
192
0
0
0
0
0
104
142
192
0
0
0
0
0
14
167
192
0
0
0
0
0
56
159
192
0
0
0
0
0
172
162
192
0
0
0
0
0
134
165
192
0
0
0
0
0
104
151
192
0
0
0
0
0
140
168
192
0
0
0
0
0
48
120
192
0
0
0
0
0
52
168
192
0
0
0
0
0
248
136
64
0
0
0
0
0
110
164
192
0
0
0
0
0
164
157
64
0
0
0
0
0
88
155
192
0
0
0
0
0
112
165
64
0
0
0
0
0
112
131
192
0
0
0
0
0
12
169
64
0
0
0
0
0
184
130
64
0
0
0
0
0
8
169
64
0
0
0
0
0
236
154
64
0
0
0
0
0
102
165
64
0
0
0
0
0
36
164
64
0
0
0
0
0
132
157
64
0
0
0
0
0
194
167
64
0
0
0
0
0
208
136
64
0
0
0
0
0
234
167
64
0
0
0
0
0
64
119
192
0
0
0
0
0
196
164
64
0
0
0
0
0
132
150
192
0
0
0
0
0
220
157
64
0
0
0
0
0
194
161
192
0
0
0
0
0
56
141
64
0
0
0
0
0
178
165
192
0
0
0
0
0
160
97
192
0
0
0
0
0
180
166
192
0
0
0
0
0
160
146
192
0
0
0
0
0
194
164
192
0
0
0
0
0
98
160
192
0
0
0
0
0
22
160
192
0
0
0
0
0
118
165
192
0
0
0
0
0
76
146
192
0
0
0
0
0
214
167
192
0
0
0
0
0
0
86
192
0
0
0
0
0
4
167
192
0
0
0
0
0
148
144
64
0
0
0
0
0
222
162
192
0
0
0
0
0
148
160
64
0
0
0
0
0
132
151
192
0
0
0
0
0
234
166
64
0
0
0
0
0
160
116
192
0
0
0
0
0
56
170
64
0
0
0
0
0
128
141
64
0
0
0
0
0
204
169
64
0
0
0
0
0
142
160
64
0
0
0
0
0
146
165
64
0
0
0
0
0
134
167
64
0
0
0
0
0
48
156
64
0
0
0
0
0
42
171
64
0
0
0
0
0
232
129
64
0
0
0
0
0
232
170
64
0
0
0
0
0
72
135
192
0
0
0
0
0
208
166
64
0
0
0
0
0
140
158
192
0
0
0
0
0
4
159
64
0
0
0
0
0
132
166
192
0
0
0
0
0
64
136
64
0
0
0
0
0
136
170
192
0
0
0
0
0
200
128
192
0
0
0
0
0
202
170
192
0
0
0
0
0
172
155
192
0
0
0
0
0
64
167
192
0
0
0
0
0
134
165
192
0
0
0
0
0
100
160
192
0
0
0
0
0
42
170
192
0
0
0
0
0
136
140
192
0
0
0
0
0
14
171
192
0
0
0
0
0
0
122
64
0
0
0
0
0
254
167
192
0
0
0
0
0
152
154
64
0
0
0
0
0
90
161
192
0
0
0
0
0
142
165
64
0
0
0
0
0
4
144
192
0
0
0
0
0
198
170
64
0
0
0
0
0
192
117
64
0
0
0
0
0
30
172
64
0
0
0
0
0
144
154
64
0
0
0
0
0
80
169
64
0
0
0
0
0
28
166
64
0
0
0
0
0
170
162
64
0
0
0
0
0
224
171
64
0
0
0
0
0
32
146
64
0
0
0
0
0
160
173
64
0
0
0
0
0
64
113
192
0
0
0
0
0
252
170
64
0
0
0
0
0
200
154
192
0
0
0
0
0
44
164
64
0
0
0
0
0
242
166
192
0
0
0
0
0
32
148
64
0
0
0
0
0
80
173
192
0
0
0
0
0
192
110
192
0
0
0
0
0
94
175
192
0
0
0
0
0
240
155
192
0
0
0
0
0
154
172
192
0
0
0
0
0
36
168
192
0
0
0
0
0
68
165
192
0
0
0
0
0
182
174
192
0
0
0
0
0
216
148
192
0
0
0
0
0
65
176
192
0
0
0
0
0
176
113
64
0
0
0
0
0
46
173
192
0
0
0
0
0
32
157
64
0
0
0
0
0
70
165
192
0
0
0
0
0
146
168
64
0
0
0
0
0
88
148
192
0
0
0
0
0
158
174
64
0
0
0
0
0
0
114
64
0
0
0
0
0
212
175
64
0
0
0
0
0
244
155
64
0
0
0
0
0
48
172
64
0
0
0
0
0
58
167
64
0
0
0
0
0
122
164
64
0
0
0
0
0
192
172
64
0
0
0
0
0
24
148
64
0
0
0
0
0
244
173
64
0
0
0
0
0
128
103
192
0
0
0
0
0
224
170
64
0
0
0
0
0
224
152
192
0
0
0
0
0
22
164
64
0
0
0
0
0
106
165
192
0
0
0
0
0
20
149
64
0
0
0
0
0
74
171
192
0
0
0
0
0
0
80
192
0
0
0
0
0
76
173
192
0
0
0
0
0
52
151
192
0
0
0
0
0
28
171
192
0
0
0
0
0
62
165
192
0
0
0
0
0
232
164
192
0
0
0
0
0
244
171
192
0
0
0
0
0
200
150
192
0
0
0
0
0
154
174
192
0
0
0
0
0
0
51
64
0
0
0
0
0
146
172
192
0
0
0
0
0
248
151
64
0
0
0
0
0
6
166
192
0
0
0
0
0
56
166
64
0
0
0
0
0
212
151
192
0
0
0
0
0
28
173
64
0
0
0
0
0
0
44
64
0
0
0
0
0
122
175
64
0
0
0
0
0
16
152
64
0
0
0
0
0
238
172
64
0
0
0
0
0
230
165
64
0
0
0
0
0
250
165
64
0
0
0
0
0
44
172
64
0
0
0
0
0
196
151
64
0
0
0
0
0
6
174
64
0
0
0
0
0
0
72
64
0
0
0
0
0
102
171
64
0
0
0
0
0
116
149
192
0
0
0
0
0
236
164
64
0
0
0
0
0
204
163
192
0
0
0
0
0
116
151
64
0
0
0
0
0
170
169
192
0
0
0
0
0
160
99
64
0
0
0
0
0
174
171
192
0
0
0
0
0
56
146
192
0
0
0
0
0
190
169
192
0
0
0
0
0
236
161
192
0
0
0
0
0
60
164
192
0
0
0
0
0
20
168
192
0
0
0
0
0
232
151
192
0
0
0
0
0
198
170
192
0
0
0
0
0
48
112
192
0
0
0
0
0
166
169
192
0
0
0
0
0
112
144
64
0
0
0
0
0
208
164
192
0
0
0
0
0
88
161
64
0
0
0
0
0
204
153
192
0
0
0
0
0
16
168
64
0
0
0
0
0
32
120
192
0
0
0
0
0
94
171
64
0
0
0
0
0
192
141
64
0
0
0
0
0
190
170
64
0
0
0
0
0
242
160
64
0
0
0
0
0
62
166
64
0
0
0
0
0
28
168
64
0
0
0
0
0
252
156
64
0
0
0
0
0
226
171
64
0
0
0
0
0
104
130
64
0
0
0
0
0
178
171
64
0
0
0
0
0
16
136
192
0
0
0
0
0
144
167
64
0
0
0
0
0
168
159
192
0
0
0
0
0
14
160
64
0
0
0
0
0
110
167
192
0
0
0
0
0
240
136
64
0
0
0
0
0
178
171
192
0
0
0
0
0
0
130
192
0
0
0
0
0
0
172
192
0
0
0
0
0
44
157
192
0
0
0
0
0
66
168
192
0
0
0
0
0
142
166
192
0
0
0
0
0
2
161
192
0
0
0
0
0
56
171
192
0
0
0
0
0
40
141
192
0
0
0
0
0
228
171
192
0
0
0
0
0
128
123
64
0
0
0
0
0
128
168
192
0
0
0
0
0
48
155
64
0
0
0
0
0
152
161
192
0
0
0
0
0
182
165
64
0
0
0
0
0
116
144
192
0
0
0
0
0
164
170
64
0
0
0
0
0
240
113
64
0
0
0
0
0
192
171
64
0
0
0
0
0
168
152
64
0
0
0
0
0
244
168
64
0
0
0
0
0
172
164
64
0
0
0
0
0
180
162
64
0
0
0
0
0
48
170
64
0
0
0
0
0
176
147
64
0
0
0
0
0
34
172
64
0
0
0
0
0
0
76
192
0
0
0
0
0
58
170
64
0
0
0
0
0
160
149
192
0
0
0
0
0
156
164
64
0
0
0
0
0
232
163
192
0
0
0
0
0
220
151
64
0
0
0
0
0
108
170
192
0
0
0
0
0
96
100
64
0
0
0
0
0
86
173
192
0
0
0
0
0
212
147
192
0
0
0
0
0
12
172
192
0
0
0
0
0
248
163
192
0
0
0
0
0
142
166
192
0
0
0
0
0
80
171
192
0
0
0
0
0
4
155
192
0
0
0
0
0
176
174
192
0
0
0
0
0
144
113
192
0
0
0
0
0
116
173
192
0
0
0
0
0
80
147
64
0
0
0
0
0
188
167
192
0
0
0
0
0
48
164
64
0
0
0
0
0
200
156
192
0
0
0
0
0
190
171
64
0
0
0
0
0
32
119
192
0
0
0
0
0
38
175
64
0
0
0
0
0
4
146
64
0
0
0
0
0
240
173
64
0
0
0
0
0
134
163
64
0
0
0
0
0
94
168
64
0
0
0
0
0
42
171
64
0
0
0
0
0
156
158
64
0
0
0
0
0
228
174
64
0
0
0
0
0
88
128
64
0
0
0
0
0
54
174
64
0
0
0
0
0
224
142
192
0
0
0
0
0
58
169
64
0
0
0
0
0
122
162
192
0
0
0
0
0
144
160
64
0
0
0
0
0
180
170
192
0
0
0
0
0
120
133
64
0
0
0
0
0
50
175
192
0
0
0
0
0
96
139
192
0
0
0
0
0
54
175
192
0
0
0
0
0
90
162
192
0
0
0
0
0
150
170
192
0
0
0
0
0
102
171
192
0
0
0
0
0
216
161
192
0
0
0
0
0
69
176
192
0
0
0
0
0
160
136
192
0
0
0
0
0
107
176
192
0
0
0
0
0
40
139
64
0
0
0
0
0
28
172
192
0
0
0
0
0
2
163
64
0
0
0
0
0
248
162
192
0
0
0
0
0
148
172
64
0
0
0
0
0
8
139
192
0
0
0
0
0
250
176
64
0
0
0
0
0
168
138
64
0
0
0
0
0
31
177
64
0
0
0
0
0
62
163
64
0
0
0
0
0
90
173
64
0
0
0
0
0
8
173
64
0
0
0
0
0
254
163
64
0
0
0
0
0
68
177
64
0
0
0
0
0
80
142
64
0
0
0
0
0
114
177
64
0
0
0
0
0
40
136
192
0
0
0
0
0
8
174
64
0
0
0
0
0
206
162
192
0
0
0
0
0
168
164
64
0
0
0
0
0
202
172
192
0
0
0
0
0
80
144
64
0
0
0
0
0
59
177
192
0
0
0
0
0
104
134
192
0
0
0
0
0
120
177
192
0
0
0
0
0
134
162
192
0
0
0
0
0
28
174
192
0
0
0
0
0
156
172
192
0
0
0
0
0
178
164
192
0
0
0
0
0
42
177
192
0
0
0
0
0
72
144
192
0
0
0
0
0
103
177
192
0
0
0
0
0
128
134
64
0
0
0
0
0
254
173
192
0
0
0
0
0
130
162
64
0
0
0
0
0
170
164
192
0
0
0
0
0
140
172
64
0
0
0
0
0
136
144
192
0
0
0
0
0
34
177
64
0
0
0
0
0
88
133
64
0
0
0
0
0
111
177
64
0
0
0
0
0
30
162
64
0
0
0
0
0
80
174
64
0
0
0
0
0
62
172
64
0
0
0
0
0
78
165
64
0
0
0
0
0
31
177
64
0
0
0
0
0
80
146
64
0
0
0
0
0
162
177
64
0
0
0
0
0
136
129
192
0
0
0
0
0
34
175
64
0
0
0
0
0
90
161
192
0
0
0
0
0
100
166
64
0
0
0
0
0
224
171
192
0
0
0
0
0
136
148
64
0
0
0
0
0
48
177
192
0
0
0
0
0
0
124
192
0
0
0
0
0
231
177
192
0
0
0
0
0
218
160
192
0
0
0
0
0
228
175
192
0
0
0
0
0
192
171
192
0
0
0
0
0
38
167
192
0
0
0
0
0
65
177
192
0
0
0
0
0
196
149
192
0
0
0
0
0
9
178
192
0
0
0
0
0
112
120
64
0
0
0
0
0
25
176
192
0
0
0
0
0
134
160
64
0
0
0
0
0
130
167
192
0
0
0
0
0
118
171
64
0
0
0
0
0
188
150
192
0
0
0
0
0
33
177
64
0
0
0
0
0
0
115
64
0
0
0
0
0
249
177
64
0
0
0
0
0
88
159
64
0
0
0
0
0
45
176
64
0
0
0
0
0
156
170
64
0
0
0
0
0
20
168
64
0
0
0
0
0
209
176
64
0
0
0
0
0
180
152
64
0
0
0
0
0
229
177
64
0
0
0
0
0
0
98
192
0
0
0
0
0
98
176
64
0
0
0
0
0
224
156
192
0
0
0
0
0
252
168
64
0
0
0
0
0
176
169
192
0
0
0
0
0
8
155
64
0
0
0
0
0
160
176
192
0
0
0
0
0
0
0
192
0
0
0
0
0
254
177
192
0
0
0
0
0
84
155
192
0
0
0
0
0
0
0
0
0
0
0
0
0
0
0
0
0
0
0
0
0
0
0
0
0
0
0
0
0
0
0
0
0
0
0
0
0
0
0
0
0
0
0
0
0
0
0
0
0
0
0
0
0
0
0
0
0
0
0
0
0
0
0
0
0
0
0
0
0
0
0
0
0
0
0
0
0
0
0
0
0
0
0
0
0
0
0
0
0
0
0
0
0
0
0
0
0
0
0
0
0
0
0
0
0
0
0
0
0
0
0
0
0
0
0
0
0
0
0
0
0
0
0
0
0
0
0
0
0
0
0
0
0
0
0
0
0
0
0
0
0
0
0
0
0
0
0
0
0
0
0
0
0
0
0
0
0
0
0
0
0
0
0
0
0
0
0
0
0
0
0
0
0
0
0
0
0
0
0
0
0
0
0
0
0
0
0
0
0
0
0
0
0
0
0
0
0
0
0
0
0
0
0
0
0
0
0
0
0
0
0
0
0
0
0
0
0
0
0
0
0
0
0
0
0
0
0
0
0
0
0
0
0
0
0
0
0
0
0
0
0
0
0
0
0
0
0
0
0
0
0
0
0
0
0
0
0
0
0
0
0
0
0
0
0
0
0
0
0
0
0
0
0
0
0
0
0
0
0
0
0
0
0
0
0
0
0
0
0
0
0
0
0
0
0
0
0
0
0
0
0
0
0
0
0
0
0
0
0
0
0
0
0
0
0
0
0
0
0
0
0
0
0
0
0
0
0
0
0
0
0
0
0
0
0
0
0
0
0
0
0
0
0
0
0
0
0
0
0
0
0
0
0
0
0
0
0
0
0
0
0
0
0
0
0
0
0
0
0
0
0
0
0
0
0
0
0
0
0
0
0
0
0
0
0
0
0
0
0
0
0
0
0
0
0
0
0
0
0
0
0
0
0
0
0
0
0
0
0
0
0
0
0
0
0
0
0
0
0
0
0
0
0
0
0
0
0
0
0
0
0
0
0
0
0
0
0
0
0
0
0
0
0
0
0
0
0
0
0
0
0
0
0
0
0
0
0
0
0
0
0
0
0
0
0
0
0
0
0
0
0
0
0
0
0
0
0
0
0
0
0
0
0
0
0
0
0
0
0
0
0
0
0
0
0
0
0
0
0
0
0
0
0
0
0
0
0
0
0
0
0
0
0
0
0
0
0
0
0
0
0
0
0
0
0
0
0
0
0
0
0
0
0
0
0
0
0
0
0
0
0
0
0
0
0
0
0
0
0
0
0
0
0
0
0
0
0
0
0
0
0
0
0
0
0
0
0
0
0
0
0
0
0
0
0
0
0
0
0
0
0
0
0
0
0
0
0
0
0
0
0
0
0
0
0
0
0
0
0
0
0
0
0
0
0
0
0
0
0
0
0
0
0
0
0
0
0
0
0
0
0
0
0
0
0
0
0
0
0
0
0
0
0
0
0
0
0
0
0
0
0
0
0
0
0
0
0
0
0
0
0
0
0
0
0
0
0
0
0
0
0
0
0
0
0
0
0
0
0
0
0
0
0
0
0
0
0
0
0
0
0
0
0
0
0
0
0
0
0
0
0
0
0
0
0
0
0
0
0
0
0
0
0
0
0
0
0
0
0
0
0
0
0
0
0
0
0
0
0
0
0
0
0
0
0
0
0
0
0
0
0
0
0
0
0
0
0
0
0
0
0
0
0
0
0
0
0
0
0
0
0
0
0
0
0
0
0
0
0
0
0
0
0
0
0
0
0
0
0
0
0
0
0
0
0
0
0
0
0
0
0
0
0
0
0
0
0
0
0
0
0
0
0
0
0
0
0
0
0
0
0
0
0
0
0
0
0
0
0
0
0
0
0
0
0
0
0
0
0
0
0
0
0
0
0
0
0
0
0
0
0
0
0
0
0
0
0
0
0
0
0
0
0
0
0
0
0
0
0
0
0
0
0
0
0
0
0
0
0
0
0
0
0
0
0
0
0
0
0
0
0
0
0
0
0
0
0
0
0
0
0
0
0
0
0
0
0
0
0
0
0
0
0
0
0
0
0
0
0
0
0
0
0
0
0
0
0
0
0
0
0
0
0
0
0
0
0
0
0
0
0
0
0
0
0
0
0
0
0
0
0
0
0
0
0
0
0
0
0
0
0
0
0
0
0
0
0
0
0
0
0
0
0
0
0
0
0
0
0
0
0
0
0
0
0
0
0
0
0
0
0
0
0
0
0
0
0
0
0
0
0
0
0
0
0
0
0
0
0
0
0
0
0
0
0
0
0
0
0
0
0
0
0
0
0
0
0
0
0
0
0
0
0
0
0
0
0
0
0
0
0
0
0
0
0
0
0
0
0
0
0
0
0
0
0
0
0
0
0
0
0
0
0
0
0
0
0
0
0
0
0
0
0
0
0
0
0
0
0
0
0
0
0
0
0
0
0
0
0
0
0
0
0
0
0
0
0
0
0
0
0
0
0
0
0
0
0
0
0
0
0
0
0
0
0
0
0
0
0
0
0
0
0
0
0
0
0
0
0
0
0
0
0
0
0
0
0
0
0
0
0
0
0
0
0
0
0
0
0
0
0
0
0
0
0
0
0
0
0
0
0
0
0
0
0
0
0
0
0
0
0
0
0
0
0
0
0
0
0
0
0
0
0
0
0
0
0
0
0
0
0
0
0
0
0
0
0
0
0
0
0
0
0
0
0
0
0
0
0
0
0
0
0
0
0
0
0
0
0
0
0
0
0
0
0
0
0
0
0
0
0
0
0
0
0
0
0
0
0
0
0
0
0
0
0
0
0