58
70
65
67
84
58
67
68
65
84
49
56
58
68
65
84
65
32
35
57
48
48
48
48
48
54
57
51
54
0
0
0
0
0
128
104
64
0
0
0
0
0
78
178
64
0
0
0
0
0
180
158
64
0
0
0
0
0
145
176
64
0
0
0
0
0
194
170
64
0
0
0
0
0
170
168
64
0
0
0
0
0
4
177
64
0
0
0
0
0
16
153
64
0
0
0
0
0
15
178
64
0
0
0
0
0
192
102
192
0
0
0
0
0
92
176
64
0
0
0
0
0
32
158
192
0
0
0
0
0
104
168
64
0
0
0
0
0
86
170
192
0
0
0
0
0
228
152
64
0
0
0
0
0
199
176
192
0
0
0
0
0
64
101
192
0
0
0
0
0
211
177
192
0
0
0
0
0
160
157
192
0
0
0
0
0
41
176
192
0
0
0
0
0
250
169
192
0
0
0
0
0
28
168
192
0
0
0
0
0
143
176
192
0
0
0
0
0
144
152
192
0
0
0
0
0
151
177
192
0
0
0
0
0
128
101
64
0
0
0
0
0
224
175
192
0
0
0
0
0
92
157
64
0
0
0
0
0
188
167
192
0
0
0
0
0
178
169
64
0
0
0
0
0
16
152
192
0
0
0
0
0
93
176
64
0
0
0
0
0
224
102
64
0
0
0
0
0
94
177
64
0
0
0
0
0
48
157
64
0
0
0
0
0
114
175
64
0
0
0
0
0
116
169
64
0
0
0
0
0
100
167
64
0
0
0
0
0
48
176
64
0
0
0
0
0
168
151
64
0
0
0
0
0
44
177
64
0
0
0
0
0
64
103
192
0
0
0
0
0
22
175
64
0
0
0
0
0
224
156
192
0
0
0
0
0
34
167
64
0
0
0
0
0
38
169
192
0
0
0
0
0
116
151
64
0
0
0
0
0
246
175
192
0
0
0
0
0
224
101
192
0
0
0
0
0
242
176
192
0
0
0
0
0
68
156
192
0
0
0
0
0
170
174
192
0
0
0
0
0
166
168
192
0
0
0
0
0
212
166
192
0
0
0
0
0
80
175
192
0
0
0
0
0
68
151
192
0
0
0
0
0
152
176
192
0
0
0
0
0
224
98
64
0
0
0
0
0
10
174
192
0
0
0
0
0
76
155
64
0
0
0
0
0
112
166
192
0
0
0
0
0
232
167
64
0
0
0
0
0
44
151
192
0
0
0
0
0
116
174
64
0
0
0
0
0
0
91
64
0
0
0
0
0
49
176
64
0
0
0
0
0
4
154
64
0
0
0
0
0
126
173
64
0
0
0
0
0
32
167
64
0
0
0
0
0
70
166
64
0
0
0
0
0
196
173
64
0
0
0
0
0
164
151
64
0
0
0
0
0
0
176
64
0
0
0
0
0
0
69
64
0
0
0
0
0
196
173
64
0
0
0
0
0
164
151
192
0
0
0
0
0
32
167
64
0
0
0
0
0
70
166
192
0
0
0
0
0
4
154
64
0
0
0
0
0
126
173
192
0
0
0
0
0
0
91
64
0
0
0
0
0
49
176
192
0
0
0
0
0
44
151
192
0
0
0
0
0
116
174
192
0
0
0
0
0
112
166
192
0
0
0
0
0
232
167
192
0
0
0
0
0
10
174
192
0
0
0
0
0
76
155
192
0
0
0
0
0
152
176
192
0
0
0
0
0
224
98
192
0
0
0
0
0
80
175
192
0
0
0
0
0
68
151
64
0
0
0
0
0
166
168
192
0
0
0
0
0
212
166
64
0
0
0
0
0
68
156
192
0
0
0
0
0
170
174
64
0
0
0
0
0
224
101
192
0
0
0
0
0
242
176
64
0
0
0
0
0
116
151
64
0
0
0
0
0
246
175
64
0
0
0
0
0
34
167
64
0
0
0
0
0
38
169
64
0
0
0
0
0
22
175
64
0
0
0
0
0
224
156
64
0
0
0
0
0
44
177
64
0
0
0
0
0
64
103
64
0
0
0
0
0
48
176
64
0
0
0
0
0
168
151
192
0
0
0
0
0
116
169
64
0
0
0
0
0
100
167
192
0
0
0
0
0
48
157
64
0
0
0
0
0
114
175
192
0
0
0
0
0
224
102
64
0
0
0
0
0
94
177
192
0
0
0
0
0
16
152
192
0
0
0
0
0
93
176
192
0
0
0
0
0
188
167
192
0
0
0
0
0
178
169
192
0
0
0
0
0
224
175
192
0
0
0
0
0
92
157
192
0
0
0
0
0
151
177
192
0
0
0
0
0
128
101
192
0
0
0
0
0
143
176
192
0
0
0
0
0
144
152
64
0
0
0
0
0
250
169
192
0
0
0
0
0
28
168
64
0
0
0
0
0
160
157
192
0
0
0
0
0
41
176
64
0
0
0
0
0
64
101
192
0
0
0
0
0
211
177
64
0
0
0
0
0
228
152
64
0
0
0
0
0
199
176
64
0
0
0
0
0
104
168
64
0
0
0
0
0
86
170
64
0
0
0
0
0
92
176
64
0
0
0
0
0
32
158
64
0
0
0
0
0
15
178
64
0
0
0
0
0
192
102
64
0
0
0
0
0
4
177
64
0
0
0
0
0
16
153
192
0
0
0
0
0
194
170
64
0
0
0
0
0
170
168
192
0
0
0
0
0
180
158
64
0
0
0
0
0
145
176
192
0
0
0
0
0
128
104
64
0
0
0
0
0
78
178
192
0
0
0
0
0
60
153
192
0
0
0
0
0
68
177
192
0
0
0
0
0
242
168
192
0
0
0
0
0
44
171
192
0
0
0
0
0
197
176
192
0
0
0
0
0
64
159
192
0
0
0
0
0
137
178
192
0
0
0
0
0
224
105
192
0
0
0
0
0
123
177
192
0
0
0
0
0
108
153
64
0
0
0
0
0
130
171
192
0
0
0
0
0
42
169
64
0
0
0
0
0
168
159
192
0
0
0
0
0
235
176
64
0
0
0
0
0
0
107
192
0
0
0
0
0
176
178
64
0
0
0
0
0
128
153
64
0
0
0
0
0
157
177
64
0
0
0
0
0
74
169
64
0
0
0
0
0
180
171
64
0
0
0
0
0
255
176
64
0
0
0
0
0
224
159
64
0
0
0
0
0
197
178
64
0
0
0
0
0
128
107
64
0
0
0
0
0
176
177
64
0
0
0
0
0
152
153
192
0
0
0
0
0
210
171
64
0
0
0
0
0
100
169
192
0
0
0
0
0
0
160
64
0
0
0
0
0
21
177
192
0
0
0
0
0
64
107
64
0
0
0
0
0
224
178
192
0
0
0
0
0
212
153
192
0
0
0
0
0
206
177
192
0
0
0
0
0
162
169
192
0
0
0
0
0
6
172
192
0
0
0
0
0
66
177
192
0
0
0
0
0
32
160
192
0
0
0
0
0
25
179
192
0
0
0
0
0
224
106
192
0
0
0
0
0
8
178
192
0
0
0
0
0
64
154
64
0
0
0
0
0
104
172
192
0
0
0
0
0
12
170
64
0
0
0
0
0
84
160
192
0
0
0
0
0
140
177
64
0
0
0
0
0
96
106
192
0
0
0
0
0
108
179
64
0
0
0
0
0
216
154
64
0
0
0
0
0
85
178
64
0
0
0
0
0
142
170
64
0
0
0
0
0
216
172
64
0
0
0
0
0
221
177
64
0
0
0
0
0
136
160
64
0
0
0
0
0
190
179
64
0
0
0
0
0
96
105
64
0
0
0
0
0
154
178
64
0
0
0
0
0
108
155
192
0
0
0
0
0
50
173
64
0
0
0
0
0
0
171
192
0
0
0
0
0
174
160
64
0
0
0
0
0
29
178
192
0
0
0
0
0
224
104
64
0
0
0
0
0
250
179
192
0
0
0
0
0
196
155
192
0
0
0
0
0
204
178
192
0
0
0
0
0
66
171
192
0
0
0
0
0
128
173
192
0
0
0
0
0
70
178
192
0
0
0
0
0
224
160
192
0
0
0
0
0
40
180
192
0
0
0
0
0
32
106
192
0
0
0
0
0
252
178
192
0
0
0
0
0
216
155
64
0
0
0
0
0
214
173
192
0
0
0
0
0
114
171
64
0
0
0
0
0
30
161
192
0
0
0
0
0
110
178
64
0
0
0
0
0
96
107
192
0
0
0
0
0
90
180
64
0
0
0
0
0
20
156
64
0
0
0
0
0
46
179
64
0
0
0
0
0
190
171
64
0
0
0
0
0
32
174
64
0
0
0
0
0
163
178
64
0
0
0
0
0
54
161
64
0
0
0
0
0
143
180
64
0
0
0
0
0
96
105
64
0
0
0
0
0
83
179
64
0
0
0
0
0
188
156
192
0
0
0
0
0
52
174
64
0
0
0
0
0
46
172
192
0
0
0
0
0
16
161
64
0
0
0
0
0
215
178
192
0
0
0
0
0
32
100
64
0
0
0
0
0
179
180
192
0
0
0
0
0
140
157
192
0
0
0
0
0
93
179
192
0
0
0
0
0
142
172
192
0
0
0
0
0
22
174
192
0
0
0
0
0
248
178
192
0
0
0
0
0
204
160
192
0
0
0
0
0
191
180
192
0
0
0
0
0
128
93
192
0
0
0
0
0
84
179
192
0
0
0
0
0
56
158
64
0
0
0
0
0
224
173
192
0
0
0
0
0
208
172
64
0
0
0
0
0
126
160
192
0
0
0
0
0
12
179
64
0
0
0
0
0
192
81
192
0
0
0
0
0
193
180
64
0
0
0
0
0
244
158
64
0
0
0
0
0
67
179
64
0
0
0
0
0
36
173
64
0
0
0
0
0
148
173
64
0
0
0
0
0
40
179
64
0
0
0
0
0
14
160
64
0
0
0
0
0
199
180
64
0
0
0
0
0
0
8
64
0
0
0
0
0
47
179
64
0
0
0
0
0
10
160
192
0
0
0
0
0
58
173
64
0
0
0
0
0
166
173
192
0
0
0
0
0
20
159
64
0
0
0
0
0
87
179
192
0
0
0
0
0
0
83
192
0
0
0
0
0
224
180
192
0
0
0
0
0
174
160
192
0
0
0
0
0
47
179
192
0
0
0
0
0
64
174
192
0
0
0
0
0
14
173
192
0
0
0
0
0
155
179
192
0
0
0
0
0
108
158
192
0
0
0
0
0
23
181
192
0
0
0
0
0
192
96
64
0
0
0
0
0
87
179
192
0
0
0
0
0
64
161
64
0
0
0
0
0
48
173
192
0
0
0
0
0
232
174
64
0
0
0
0
0
64
158
192
0
0
0
0
0
245
179
64
0
0
0
0
0
64
102
64
0
0
0
0
0
107
181
64
0
0
0
0
0
214
161
64
0
0
0
0
0
149
179
64
0
0
0
0
0
166
175
64
0
0
0
0
0
102
173
64
0
0
0
0
0
85
180
64
0
0
0
0
0
12
158
64
0
0
0
0
0
186
181
64
0
0
0
0
0
64
108
192
0
0
0
0
0
198
179
64
0
0
0
0
0
94
162
192
0
0
0
0
0
142
173
64
0
0
0
0
0
26
176
192
0
0
0
0
0
4
158
64
0
0
0
0
0
146
180
192
0
0
0
0
0
128
109
192
0
0
0
0
0
233
181
192
0
0
0
0
0
108
162
192
0
0
0
0
0
239
179
192
0
0
0
0
0
29
176
192
0
0
0
0
0
234
173
192
0
0
0
0
0
154
180
192
0
0
0
0
0
248
158
192
0
0
0
0
0
6
182
192
0
0
0
0
0
0
100
64
0
0
0
0
0
46
180
192
0
0
0
0
0
208
161
64
0
0
0
0
0
176
174
192
0
0
0
0
0
198
175
64
0
0
0
0
0
114
160
192
0
0
0
0
0
137
180
64
0
0
0
0
0
0
67
64
0
0
0
0
0
40
182
64
0
0
0
0
0
24
161
64
0
0
0
0
0
123
180
64
0
0
0
0
0
110
175
64
0
0
0
0
0
110
175
64
0
0
0
0
0
141
180
64
0
0
0
0
0
14
161
64
0
0
0
0
0
69
182
64
0
0
0
0
0
0
24
192
0
0
0
0
0
138
180
64
0
0
0
0
0
70
161
192
0
0
0
0
0
34
175
64
0
0
0
0
0
224
175
192
0
0
0
0
0
60
160
64
0
0
0
0
0
187
180
192
0
0
0
0
0
0
100
192
0
0
0
0
0
58
182
192
0
0
0
0
0
126
162
192
0
0
0
0
0
47
180
192
0
0
0
0
0
92
176
192
0
0
0
0
0
226
173
192
0
0
0
0
0
217
180
192
0
0
0
0
0
112
157
192
0
0
0
0
0
4
182
192
0
0
0
0
0
144
117
64
0
0
0
0
0
182
179
192
0
0
0
0
0
152
163
64
0
0
0
0
0
162
172
192
0
0
0
0
0
171
176
64
0
0
0
0
0
196
154
192
0
0
0
0
0
231
180
64
0
0
0
0
0
160
127
64
0
0
0
0
0
217
181
64
0
0
0
0
0
170
164
64
0
0
0
0
0
92
179
64
0
0
0
0
0
22
177
64
0
0
0
0
0
160
171
64
0
0
0
0
0
43
181
64
0
0
0
0
0
68
152
64
0
0
0
0
0
235
181
64
0
0
0
0
0
128
133
192
0
0
0
0
0
50
179
64
0
0
0
0
0
38
166
192
0
0
0
0
0
206
170
64
0
0
0
0
0
195
177
192
0
0
0
0
0
184
149
64
0
0
0
0
0
172
181
192
0
0
0
0
0
168
139
192
0
0
0
0
0
42
182
192
0
0
0
0
0
178
167
192
0
0
0
0
0
35
179
192
0
0
0
0
0
102
178
192
0
0
0
0
0
34
170
192
0
0
0
0
0
15
182
192
0
0
0
0
0
176
147
192
0
0
0
0
0
63
182
192
0
0
0
0
0
0
144
64
0
0
0
0
0
242
178
192
0
0
0
0
0
138
168
64
0
0
0
0
0
102
169
192
0
0
0
0
0
147
178
64
0
0
0
0
0
32
146
192
0
0
0
0
0
238
181
64
0
0
0
0
0
0
145
64
0
0
0
0
0
215
181
64
0
0
0
0
0
124
168
64
0
0
0
0
0
94
178
64
0
0
0
0
0
54
178
64
0
0
0
0
0
58
168
64
0
0
0
0
0
65
181
64
0
0
0
0
0
116
144
64
0
0
0
0
0
248
180
64
0
0
0
0
0
104
145
192
0
0
0
0
0
122
177
64
0
0
0
0
0
236
167
192
0
0
0
0
0
204
166
64
0
0
0
0
0
146
177
192
0
0
0
0
0
216
141
64
0
0
0
0
0
100
180
192
0
0
0
0
0
92
145
192
0
0
0
0
0
17
180
192
0
0
0
0
0
50
167
192
0
0
0
0
0
188
176
192
0
0
0
0
0
254
176
192
0
0
0
0
0
234
165
192
0
0
0
0
0
200
179
192
0
0
0
0
0
0
141
192
0
0
0
0
0
152
179
192
0
0
0
0
0
172
144
64
0
0
0
0
0
125
176
192
0
0
0
0
0
146
166
64
0
0
0
0
0
222
165
192
0
0
0
0
0
176
176
64
0
0
0
0
0
248
141
192
0
0
0
0
0
148
179
64
0
0
0
0
0
12
144
64
0
0
0
0
0
133
179
64
0
0
0
0
0
84
166
64
0
0
0
0
0
127
176
64
0
0
0
0
0
159
176
64
0
0
0
0
0
228
165
64
0
0
0
0
0
133
179
64
0
0
0
0
0
192
141
64
0
0
0
0
0
102
179
64
0
0
0
0
0
64
144
192
0
0
0
0
0
73
176
64
0
0
0
0
0
90
166
192
0
0
0
0
0
90
165
64
0
0
0
0
0
129
176
192
0
0
0
0
0
240
139
64
0
0
0
0
0
58
179
192
0
0
0
0
0
128
144
192
0
0
0
0
0
246
178
192
0
0
0
0
0
248
165
192
0
0
0
0
0
160
175
192
0
0
0
0
0
13
176
192
0
0
0
0
0
170
164
192
0
0
0
0
0
157
178
192
0
0
0
0
0
80
139
192
0
0
0
0
0
89
178
192
0
0
0
0
0
0
143
64
0
0
0
0
0
190
174
192
0
0
0
0
0
230
164
64
0
0
0
0
0
94
164
192
0
0
0
0
0
184
174
64
0
0
0
0
0
168
140
192
0
0
0
0
0
236
177
64
0
0
0
0
0
152
139
64
0
0
0
0
0
206
177
64
0
0
0
0
0
194
163
64
0
0
0
0
0
28
174
64
0
0
0
0
0
134
173
64
0
0
0
0
0
52
164
64
0
0
0
0
0
98
177
64
0
0
0
0
0
136
141
64
0
0
0
0
0
95
177
64
0
0
0
0
0
160
137
192
0
0
0
0
0
126
173
64
0
0
0
0
0
22
163
192
0
0
0
0
0
220
163
64
0
0
0
0
0
192
172
192
0
0
0
0
0
96
141
64
0
0
0
0
0
254
176
192
0
0
0
0
0
144
136
192
0
0
0
0
0
7
177
192
0
0
0
0
0
140
162
192
0
0
0
0
0
8
173
192
0
0
0
0
0
16
172
192
0
0
0
0
0
190
163
192
0
0
0
0
0
170
176
192
0
0
0
0
0
120
142
192
0
0
0
0
0
208
176
192
0
0
0
0
0
32
134
64
0
0
0
0
0
248
172
192
0
0
0
0
0
196
161
64
0
0
0
0
0
16
164
192
0
0
0
0
0
82
171
64
0
0
0
0
0
116
144
192
0
0
0
0
0
103
176
64
0
0
0
0
0
56
131
64
0
0
0
0
0
179
176
64
0
0
0
0
0
24
161
64
0
0
0
0
0
0
173
64
0
0
0
0
0
204
170
64
0
0
0
0
0
64
164
64
0
0
0
0
0
54
176
64
0
0
0
0
0
232
144
64
0
0
0
0
0
141
176
64
0
0
0
0
0
112
130
192
0
0
0
0
0
186
172
64
0
0
0
0
0
234
160
192
0
0
0
0
0
250
163
64
0
0
0
0
0
150
170
192
0
0
0
0
0
116
144
64
0
0
0
0
0
19
176
192
0
0
0
0
0
224
130
192
0
0
0
0
0
102
176
192
0
0
0
0
0
228
160
192
0
0
0
0
0
124
172
192
0
0
0
0
0
124
170
192
0
0
0
0
0
228
163
192
0
0
0
0
0
13
176
192
0
0
0
0
0
164
144
192
0
0
0
0
0
119
176
192
0
0
0
0
0
8
130
64
0
0
0
0
0
214
172
192
0
0
0
0
0
186
160
64
0
0
0
0
0
102
164
192
0
0
0
0
0
136
170
64
0
0
0
0
0
156
145
192
0
0
0
0
0
57
176
64
0
0
0
0
0
8
129
64
0
0
0
0
0
191
176
64
0
0
0
0
0
212
160
64
0
0
0
0
0
112
173
64
0
0
0
0
0
240
170
64
0
0
0
0
0
200
164
64
0
0
0
0
0
121
176
64
0
0
0
0
0
160
145
64
0
0
0
0
0
234
176
64
0
0
0
0
0
112
130
192
0
0
0
0
0
102
173
64
0
0
0
0
0
86
161
192
0
0
0
0
0
92
164
64
0
0
0
0
0
80
171
192
0
0
0
0
0
96
144
64
0
0
0
0
0
120
176
192
0
0
0
0
0
120
132
192
0
0
0
0
0
176
176
192
0
0
0
0
0
108
161
192
0
0
0
0
0
166
172
192
0
0
0
0
0
212
170
192
0
0
0
0
0
166
163
192
0
0
0
0
0
252
175
192
0
0
0
0
0
136
143
192
0
0
0
0
0
33
176
192
0
0
0
0
0
32
131
64
0
0
0
0
0
194
171
192
0
0
0
0
0
110
160
64
0
0
0
0
0
78
163
192
0
0
0
0
0
104
169
64
0
0
0
0
0
112
144
192
0
0
0
0
0
122
174
64
0
0
0
0
0
192
126
64
0
0
0
0
0
2
175
64
0
0
0
0
0
72
158
64
0
0
0
0
0
0
171
64
0
0
0
0
0
10
168
64
0
0
0
0
0
22
163
64
0
0
0
0
0
74
173
64
0
0
0
0
0
228
144
64
0
0
0
0
0
30
174
64
0
0
0
0
0
192
122
192
0
0
0
0
0
114
170
64
0
0
0
0
0
20
157
192
0
0
0
0
0
208
162
64
0
0
0
0
0
122
167
192
0
0
0
0
0
204
144
64
0
0
0
0
0
214
172
192
0
0
0
0
0
224
121
192
0
0
0
0
0
214
173
192
0
0
0
0
0
168
156
192
0
0
0
0
0
92
170
192
0
0
0
0
0
58
167
192
0
0
0
0
0
246
162
192
0
0
0
0
0
162
172
192
0
0
0
0
0
148
145
192
0
0
0
0
0
198
173
192
0
0
0
0
0
224
116
64
0
0
0
0
0
136
170
192
0
0
0
0
0
12
155
64
0
0
0
0
0
110
163
192
0
0
0
0
0
86
166
64
0
0
0
0
0
44
147
192
0
0
0
0
0
190
171
64
0
0
0
0
0
128
103
64
0
0
0
0
0
0
173
64
0
0
0
0
0
32
152
64
0
0
0
0
0
252
169
64
0
0
0
0
0
158
164
64
0
0
0
0
0
62
163
64
0
0
0
0
0
226
169
64
0
0
0
0
0
196
147
64
0
0
0
0
0
50
171
64
0
0
0
0
0
128
83
192
0
0
0
0
0
126
168
64
0
0
0
0
0
76
149
192
0
0
0
0
0
86
162
64
0
0
0
0
0
204
162
192
0
0
0
0
0
124
147
64
0
0
0
0
0
248
167
192
0
0
0
0
0
0
0
0
0
0
0
0
0
150
169
192
0
0
0
0
0
12
147
192
0
0
0
0
0
142
167
192
0
0
0
0
0
148
161
192
0
0
0
0
0
68
162
192
0
0
0
0
0
42
167
192
0
0
0
0
0
236
148
192
0
0
0
0
0
144
169
192
0
0
0
0
0
160
98
192
0
0
0
0
0
108
168
192
0
0
0
0
0
224
144
64
0
0
0
0
0
208
163
192
0
0
0
0
0
16
161
64
0
0
0
0
0
124
152
192
0
0
0
0
0
122
167
64
0
0
0
0
0
112
117
192
0
0
0
0
0
168
170
64
0
0
0
0
0
40
142
64
0
0
0
0
0
252
169
64
0
0
0
0
0
218
160
64
0
0
0
0
0
104
165
64
0
0
0
0
0
194
167
64
0
0
0
0
0
16
155
64
0
0
0
0
0
28
171
64
0
0
0
0
0
96
124
64
0
0
0
0
0
88
170
64
0
0
0
0
0
224
139
192
0
0
0
0
0
152
165
64
0
0
0
0
0
88
160
192
0
0
0
0
0
88
155
64
0
0
0
0
0
30
167
192
0
0
0
0
0
0
127
64
0
0
0
0
0
84
170
192
0
0
0
0
0
24
137
192
0
0
0
0
0
158
169
192
0
0
0
0
0
156
158
192
0
0
0
0
0
62
165
192
0
0
0
0
0
4
166
192
0
0
0
0
0
216
155
192
0
0
0
0
0
146
169
192
0
0
0
0
0
232
130
192
0
0
0
0
0
140
169
192
0
0
0
0
0
112
132
64
0
0
0
0
0
246
165
192
0
0
0
0
0
156
156
64
0
0
0
0
0
112
158
192
0
0
0
0
0
166
165
64
0
0
0
0
0
128
136
192
0
0
0
0
0
22
170
64
0
0
0
0
0
160
128
64
0
0
0
0
0
226
170
64
0
0
0
0
0
112
156
64
0
0
0
0
0
184
167
64
0
0
0
0
0
138
166
64
0
0
0
0
0
216
160
64
0
0
0
0
0
188
171
64
0
0
0
0
0
96
140
64
0
0
0
0
0
208
172
64
0
0
0
0
0
144
128
192
0
0
0
0
0
102
169
64
0
0
0
0
0
64
158
192
0
0
0
0
0
220
161
64
0
0
0
0
0
16
168
192
0
0
0
0
0
56
141
64
0
0
0
0
0
108
173
192
0
0
0
0
0
120
130
192
0
0
0
0
0
60
174
192
0
0
0
0
0
236
159
192
0
0
0
0
0
78
170
192
0
0
0
0
0
228
168
192
0
0
0
0
0
60
162
192
0
0
0
0
0
242
173
192
0
0
0
0
0
96
141
192
0
0
0
0
0
88
174
192
0
0
0
0
0
104
130
64
0
0
0
0
0
28
170
192
0
0
0
0
0
84
159
64
0
0
0
0
0
254
161
192
0
0
0
0
0
32
168
64
0
0
0
0
0
120
141
192
0
0
0
0
0
188
172
64
0
0
0
0
0
40
128
64
0
0
0
0
0
228
172
64
0
0
0
0
0
244
156
64
0
0
0
0
0
184
168
64
0
0
0
0
0
104
166
64
0
0
0
0
0
4
161
64
0
0
0
0
0
196
170
64
0
0
0
0
0
48
140
64
0
0
0
0
0
14
171
64
0
0
0
0
0
144
125
192
0
0
0
0
0
90
167
64
0
0
0
0
0
80
155
192
0
0
0
0
0
70
160
64
0
0
0
0
0
126
165
192
0
0
0
0
0
56
139
64
0
0
0
0
0
38
170
192
0
0
0
0
0
16
126
192
0
0
0
0
0
250
170
192
0
0
0
0
0
236
155
192
0
0
0
0
0
206
167
192
0
0
0
0
0
92
166
192
0
0
0
0
0
246
160
192
0
0
0
0
0
166
171
192
0
0
0
0
0
40
141
192
0
0
0
0
0
224
172
192
0
0
0
0
0
0
127
64
0
0
0
0
0
162
169
192
0
0
0
0
0
180
157
64
0
0
0
0
0
64
162
192
0
0
0
0
0
218
167
64
0
0
0
0
0
32
143
192
0
0
0
0
0
74
173
64
0
0
0
0
0
96
128
64
0
0
0
0
0
36
174
64
0
0
0
0
0
188
158
64
0
0
0
0
0
48
170
64
0
0
0
0
0
34
168
64
0
0
0
0
0
22
162
64
0
0
0
0
0
238
172
64
0
0
0
0
0
248
140
64
0
0
0
0
0
12
173
64
0
0
0
0
0
240
129
192
0
0
0
0
0
162
168
64
0
0
0
0
0
72
158
192
0
0
0
0
0
148
160
64
0
0
0
0
0
28
167
192
0
0
0
0
0
32
137
64
0
0
0
0
0
78
171
192
0
0
0
0
0
128
130
192
0
0
0
0
0
74
171
192
0
0
0
0
0
40
157
192
0
0
0
0
0
64
167
192
0
0
0
0
0
54
166
192
0
0
0
0
0
208
159
192
0
0
0
0
0
142
170
192
0
0
0
0
0
88
137
192
0
0
0
0
0
14
171
192
0
0
0
0
0
128
128
64
0
0
0
0
0
162
167
192
0
0
0
0
0
8
156
64
0
0
0
0
0
190
160
192
0
0
0
0
0
238
165
64
0
0
0
0
0
104
141
192
0
0
0
0
0
174
170
64
0
0
0
0
0
80
121
64
0
0
0
0
0
128
171
64
0
0
0
0
0
100
154
64
0
0
0
0
0
60
168
64
0
0
0
0
0
44
165
64
0
0
0
0
0
100
161
64
0
0
0
0
0
220
169
64
0
0
0
0
0
40
144
64
0
0
0
0
0
150
170
64
0
0
0
0
0
160
113
192
0
0
0
0
0
98
167
64
0
0
0
0
0
156
151
192
0
0
0
0
0
230
160
64
0
0
0
0
0
82
163
192
0
0
0
0
0
132
144
64
0
0
0
0
0
184
167
192
0
0
0
0
0
128
98
192
0
0
0
0
0
144
168
192
0
0
0
0
0
0
148
192
0
0
0
0
0
240
165
192
0
0
0
0
0
28
161
192
0
0
0
0
0
100
160
192
0
0
0
0
0
158
165
192
0
0
0
0
0
152
145
192
0
0
0
0
0
12
167
192
0
0
0
0
0
0
62
192
0
0
0
0
0
78
165
192
0
0
0
0
0
80
144
64
0
0
0
0
0
174
160
192
0
0
0
0
0
140
158
64
0
0
0
0
0
176
147
192
0
0
0
0
0
48
164
64
0
0
0
0
0
160
107
192
0
0
0
0
0
62
166
64
0
0
0
0
0
40
138
64
0
0
0
0
0
50
165
64
0
0
0
0
0
160
155
64
0
0
0
0
0
54
161
64
0
0
0
0
0
32
163
64
0
0
0
0
0
192
149
64
0
0
0
0
0
196
165
64
0
0
0
0
0
112
120
64
0
0
0
0
0
104
165
64
0
0
0
0
0
208
132
192
0
0
0
0
0
26
162
64
0
0
0
0
0
160
153
192
0
0
0
0
0
124
152
64
0
0
0
0
0
206
162
192
0
0
0
0
0
24
130
64
0
0
0
0
0
92
166
192
0
0
0
0
0
136
128
192
0
0
0
0
0
236
166
192
0
0
0
0
0
56
153
192
0
0
0
0
0
66
164
192
0
0
0
0
0
182
163
192
0
0
0
0
0
16
157
192
0
0
0
0
0
82
168
192
0
0
0
0
0
96
137
192
0
0
0
0
0
142
169
192
0
0
0
0
0
176
121
64
0
0
0
0
0
4
167
192
0
0
0
0
0
132
153
64
0
0
0
0
0
232
160
192
0
0
0
0
0
196
164
64
0
0
0
0
0
32
144
192
0
0
0
0
0
232
169
64
0
0
0
0
0
112
113
64
0
0
0
0
0
74
171
64
0
0
0
0
0
120
152
64
0
0
0
0
0
164
168
64
0
0
0
0
0
148
164
64
0
0
0
0
0
94
162
64
0
0
0
0
0
246
169
64
0
0
0
0
0
216
146
64
0
0
0
0
0
168
171
64
0
0
0
0
0
0
93
192
0
0
0
0
0
114
169
64
0
0
0
0
0
88
150
192
0
0
0
0
0
154
163
64
0
0
0
0
0
252
163
192
0
0
0
0
0
176
149
64
0
0
0
0
0
40
170
192
0
0
0
0
0
0
64
64
0
0
0
0
0
194
172
192
0
0
0
0
0
148
149
192
0
0
0
0
0
64
171
192
0
0
0
0
0
184
164
192
0
0
0
0
0
154
165
192
0
0
0
0
0
246
171
192
0
0
0
0
0
200
152
192
0
0
0
0
0
52
175
192
0
0
0
0
0
64
91
192
0
0
0
0
0
178
173
192
0
0
0
0
0
148
150
64
0
0
0
0
0
122
167
192
0
0
0
0
0
12
166
64
0
0
0
0
0
228
154
192
0
0
0
0
0
150
173
64
0
0
0
0
0
96
99
192
0
0
0
0
0
77
176
64
0
0
0
0
0
112
150
64
0
0
0
0
0
156
174
64
0
0
0
0
0
220
165
64
0
0
0
0
0
2
168
64
0
0
0
0
0
24
173
64
0
0
0
0
0
216
155
64
0
0
0
0
0
246
175
64
0
0
0
0
0
96
111
64
0
0
0
0
0
48
174
64
0
0
0
0
0
56
148
192
0
0
0
0
0
34
168
64
0
0
0
0
0
162
164
192
0
0
0
0
0
76
157
64
0
0
0
0
0
60
172
192
0
0
0
0
0
176
119
64
0
0
0
0
0
230
175
192
0
0
0
0
0
220
146
192
0
0
0
0
0
6
175
192
0
0
0
0
0
218
164
192
0
0
0
0
0
136
169
192
0
0
0
0
0
148
173
192
0
0
0
0
0
232
159
192
0
0
0
0
0
15
177
192
0
0
0
0
0
208
123
192
0
0
0
0
0
189
176
192
0
0
0
0
0
48
148
64
0
0
0
0
0
118
171
192
0
0
0
0
0
146
166
64
0
0
0
0
0
218
160
192
0
0
0
0
0
0
0
0
0
0
0
0
0
0
0
0
0
0
0
0
0
0
0
0
0
0
0
0
0
0
0
0
0
0
0
0
0
0
0
0
0
0
0
0
0
0
0
0
0
0
0
0
0
0
0
0
0
0
0
0
0
0
0
0
0
0
0
0
0
0
0
0
0
0
0
0
0
0
0
0
0
0
0
0
0
0
0
0
0
0
0
0
0
0
0
0
0
0
0
0
0
0
0
0
0
0
0
0
0
0
0
0
0
0
0
0
0
0
0
0
0
0
0
0
0
0
0
0
0
0
0
0
0
0
0
0
0
0
0
0
0
0
0
0
0
0
0
0
0
0
0
0
0
0
0
0
0
0
0
0
0
0
0
0
0
0
0
0
0
0
0
0
0
0
0
0
0
0
0
0
0
0
0
0
0
0
0
0
0
0
0
0
0
0
0
0
0
0
0
0
0
0
0
0
0
0
0
0
0
0
0
0
0
0
0
0
0
0
0
0
0
0
0
0
0
0
0
0
0
0
0
0
0
0
0
0
0
0
0
0
0
0
0
0
0
0
0
0
0
0
0
0
0
0
0
0
0
0
0
0
0
0
0
0
0
0
0
0
0
0
0
0
0
0
0
0
0
0
0
0
0
0
0
0
0
0
0
0
0
0
0
0
0
0
0
0
0
0
0
0
0
0
0
0
0
0
0
0
0
0
0
0
0
0
0
0
0
0
0
0
0
0
0
0
0
0
0
0
0
0
0
0
0
0
0
0
0
0
0
0
0
0
0
0
0
0
0
0
0
0
0
0
0
0
0
0
0
0
0
0
0
0
0
0
0
0
0
0
0
0
0
0
0
0
0
0
0
0
0
0
0
0
0
0
0
0
0
0
0
0
0
0
0
0
0
0
0
0
0
0
0
0
0
0
0
0
0
0
0
0
0
0
0
0
0
0
0
0
0
0
0
0
0
0
0
0
0
0
0
0
0
0
0
0
0
0
0
0
0
0
0
0
0
0
0
0
0
0
0
0
0
0
0
0
0
0
0
0
0
0
0
0
0
0
0
0
0
0
0
0
0
0
0
0
0
0
0
0
0
0
0
0
0
0
0
0
0
0
0
0
0
0
0
0
0
0
0
0
0
0
0
0
0
0
0
0
0
0
0
0
0
0
0
0
0
0
0
0
0
0
0
0
0
0
0
0
0
0
0
0
0
0
0
0
0
0
0
0
0
0
0
0
0
0
0
0
0
0
0
0
0
0
0
0
0
0
0
0
0
0
0
0
0
0
0
0
0
0
0
0
0
0
0
0
0
0
0
0
0
0
0
0
0
0
0
0
0
0
0
0
0
0
0
0
0
0
0
0
0
0
0
0
0
0
0
0
0
0
0
0
0
0
0
0
0
0
0
0
0
0
0
0
0
0
0
0
0
0
0
0
0
0
0
0
0
0
0
0
0
0
0
0
0
0
0
0
0
0
0
0
0
0
0
0
0
0
0
0
0
0
0
0
0
0
0
0
0
0
0
0
0
0
0
0
0
0
0
0
0
0
0
0
0
0
0
0
0
0
0
0
0
0
0
0
0
0
0
0
0
0
0
0
0
0
0
0
0
0
0
0
0
0
0
0
0
0
0
0
0
0
0
0
0
0
0
0
0
0
0
0
0
0
0
0
0
0
0
0
0
0
0
0
0
0
0
0
0
0
0
0
0
0
0
0
0
0
0
0
0
0
0
0
0
0
0
0
0
0
0
0
0
0
0
0
0
0
0
0
0
0
0
0
0
0
0
0
0
0
0
0
0
0
0
0
0
0
0
0
0
0
0
0
0
0
0
0
0
0
0
0
0
0
0
0
0
0
0
0
0
0
0
0
0
0
0
0
0
0
0
0
0
0
0
0
0
0
0
0
0
0
0
0
0
0
0
0
0
0
0
0
0
0
0
0
0
0
0
0
0
0
0
0
0
0
0
0
0
0
0
0
0
0
0
0
0
0
0
0
0
0
0
0
0
0
0
0
0
0
0
0
0
0
0
0
0
0
0
0
0
0
0
0
0
0
0
0
0
0
0
0
0
0
0
0
0
0
0
0
0
0
0
0
0
0
0
0
0
0
0
0
0
0
0
0
0
0
0
0
0
0
0
0
0
0
0
0
0
0
0
0
0
0
0
0
0
0
0
0
0
0
0
0
0
0
0
0
0
0
0
0
0
0
0
0
0
0
0
0
0
0
0
0
0
0
0
0
0
0
0
0
0
0
0
0
0
0
0
0
0
0
0
0
0
0
0
0
0
0
0
0
0
0
0
0
0
0
0
0
0
0
0
0
0
0
0
0
0
0
0
0
0
0
0
0
0
0
0
0
0
0
0
0
0
0
0
0
0
0
0
0
0
0
0
0
0
0
0
0
0
0
0
0
0
0
0
0
0
0
0
0
0
0
0
0
0
0
0
0
0
0
0
0
0
0
0
0
0
0
0
0
0
0
0
0
0
0
0
0
0
0
0
0
0
0
0
0
0
0
0
0
0
0
0
0
0
0
0
0
0
0
0
0
0
0
0
0
0
0
0
0
0
0
0
0
0
0
0
0
0
0
0
0
0
0
0
0
0
0
0
0
0
0
0
0
0
0
0
0
0
0
0
0
0
0
0
0
0
0
0
0
0
0
0
0
0
0
0
0
0
0
0
0
0
0
0
0
0
0
0
0
0
0
0
0
0
0
0
0
0
0
0
0
0
0
0
0
0
0
0
0
0
0
0
0
0
0
0
0
0
0
0
0
0
0
0
0
0