58
70
65
67
84
58
67
68
65
84
49
56
58
68
65
84
65
32
35
57
48
48
48
48
48
54
57
51
54
0
0
0
0
0
84
157
192
0
0
0
0
0
100
158
192
0
0
0
0
0
108
163
192
0
0
0
0
0
208
145
192
0
0
0
0
0
186
165
192
0
0
0
0
0
64
99
192
0
0
0
0
0
38
165
192
0
0
0
0
0
8
140
64
0
0
0
0
0
140
161
192
0
0
0
0
0
88
157
64
0
0
0
0
0
108
150
192
0
0
0
0
0
164
164
64
0
0
0
0
0
32
119
192
0
0
0
0
0
234
167
64
0
0
0
0
0
16
137
64
0
0
0
0
0
210
167
64
0
0
0
0
0
192
157
64
0
0
0
0
0
56
164
64
0
0
0
0
0
152
165
64
0
0
0
0
0
16
155
64
0
0
0
0
0
88
169
64
0
0
0
0
0
208
130
64
0
0
0
0
0
132
169
64
0
0
0
0
0
232
131
192
0
0
0
0
0
10
166
64
0
0
0
0
0
48
156
192
0
0
0
0
0
200
158
64
0
0
0
0
0
80
165
192
0
0
0
0
0
248
137
64
0
0
0
0
0
156
169
192
0
0
0
0
0
160
123
192
0
0
0
0
0
82
170
192
0
0
0
0
0
24
154
192
0
0
0
0
0
74
167
192
0
0
0
0
0
234
164
192
0
0
0
0
0
218
160
192
0
0
0
0
0
228
169
192
0
0
0
0
0
104
143
192
0
0
0
0
0
38
171
192
0
0
0
0
0
192
115
64
0
0
0
0
0
104
168
192
0
0
0
0
0
64
153
64
0
0
0
0
0
248
161
192
0
0
0
0
0
20
165
64
0
0
0
0
0
116
145
192
0
0
0
0
0
128
170
64
0
0
0
0
0
96
111
64
0
0
0
0
0
8
172
64
0
0
0
0
0
252
152
64
0
0
0
0
0
94
169
64
0
0
0
0
0
70
165
64
0
0
0
0
0
224
162
64
0
0
0
0
0
250
170
64
0
0
0
0
0
252
146
64
0
0
0
0
0
186
172
64
0
0
0
0
0
160
102
192
0
0
0
0
0
54
170
64
0
0
0
0
0
124
152
192
0
0
0
0
0
188
163
64
0
0
0
0
0
98
165
192
0
0
0
0
0
96
148
64
0
0
0
0
0
114
171
192
0
0
0
0
0
224
96
192
0
0
0
0
0
108
173
192
0
0
0
0
0
148
152
192
0
0
0
0
0
232
170
192
0
0
0
0
0
192
165
192
0
0
0
0
0
52
164
192
0
0
0
0
0
230
171
192
0
0
0
0
0
152
148
192
0
0
0
0
0
174
173
192
0
0
0
0
0
224
99
64
0
0
0
0
0
208
170
192
0
0
0
0
0
20
153
64
0
0
0
0
0
200
163
192
0
0
0
0
0
188
165
64
0
0
0
0
0
168
147
192
0
0
0
0
0
100
171
64
0
0
0
0
0
0
102
64
0
0
0
0
0
182
172
64
0
0
0
0
0
12
152
64
0
0
0
0
0
170
169
64
0
0
0
0
0
140
164
64
0
0
0
0
0
236
162
64
0
0
0
0
0
210
169
64
0
0
0
0
0
76
147
64
0
0
0
0
0
68
171
64
0
0
0
0
0
192
87
192
0
0
0
0
0
216
168
64
0
0
0
0
0
164
149
192
0
0
0
0
0
252
162
64
0
0
0
0
0
80
163
192
0
0
0
0
0
216
148
64
0
0
0
0
0
36
169
192
0
0
0
0
0
0
61
64
0
0
0
0
0
132
171
192
0
0
0
0
0
172
148
192
0
0
0
0
0
252
169
192
0
0
0
0
0
204
163
192
0
0
0
0
0
138
164
192
0
0
0
0
0
180
170
192
0
0
0
0
0
104
151
192
0
0
0
0
0
202
173
192
0
0
0
0
0
0
84
192
0
0
0
0
0
78
172
192
0
0
0
0
0
28
150
64
0
0
0
0
0
68
166
192
0
0
0
0
0
104
165
64
0
0
0
0
0
252
152
192
0
0
0
0
0
162
172
64
0
0
0
0
0
128
82
192
0
0
0
0
0
106
175
64
0
0
0
0
0
232
150
64
0
0
0
0
0
60
173
64
0
0
0
0
0
146
165
64
0
0
0
0
0
132
166
64
0
0
0
0
0
36
172
64
0
0
0
0
0
0
153
64
0
0
0
0
0
62
174
64
0
0
0
0
0
0
94
64
0
0
0
0
0
200
171
64
0
0
0
0
0
144
148
192
0
0
0
0
0
102
165
64
0
0
0
0
0
124
163
192
0
0
0
0
0
132
152
64
0
0
0
0
0
118
169
192
0
0
0
0
0
224
108
64
0
0
0
0
0
146
171
192
0
0
0
0
0
236
144
192
0
0
0
0
0
186
169
192
0
0
0
0
0
50
161
192
0
0
0
0
0
94
164
192
0
0
0
0
0
80
167
192
0
0
0
0
0
152
152
192
0
0
0
0
0
14
170
192
0
0
0
0
0
0
117
192
0
0
0
0
0
22
169
192
0
0
0
0
0
104
141
64
0
0
0
0
0
134
164
192
0
0
0
0
0
68
160
64
0
0
0
0
0
244
153
192
0
0
0
0
0
228
166
64
0
0
0
0
0
224
123
192
0
0
0
0
0
64
170
64
0
0
0
0
0
112
138
64
0
0
0
0
0
214
169
64
0
0
0
0
0
176
159
64
0
0
0
0
0
172
165
64
0
0
0
0
0
222
166
64
0
0
0
0
0
176
156
64
0
0
0
0
0
166
170
64
0
0
0
0
0
152
131
64
0
0
0
0
0
160
170
64
0
0
0
0
0
40
133
192
0
0
0
0
0
204
166
64
0
0
0
0
0
120
157
192
0
0
0
0
0
112
159
64
0
0
0
0
0
14
166
192
0
0
0
0
0
184
137
64
0
0
0
0
0
52
170
192
0
0
0
0
0
208
125
192
0
0
0
0
0
148
170
192
0
0
0
0
0
136
154
192
0
0
0
0
0
34
167
192
0
0
0
0
0
202
164
192
0
0
0
0
0
98
160
192
0
0
0
0
0
58
169
192
0
0
0
0
0
104
141
192
0
0
0
0
0
244
169
192
0
0
0
0
0
0
117
64
0
0
0
0
0
236
166
192
0
0
0
0
0
44
152
64
0
0
0
0
0
164
160
192
0
0
0
0
0
176
163
64
0
0
0
0
0
32
144
192
0
0
0
0
0
102
168
64
0
0
0
0
0
96
105
64
0
0
0
0
0
158
169
64
0
0
0
0
0
240
149
64
0
0
0
0
0
64
167
64
0
0
0
0
0
218
162
64
0
0
0
0
0
168
161
64
0
0
0
0
0
52
168
64
0
0
0
0
0
40
147
64
0
0
0
0
0
78
170
64
0
0
0
0
0
0
20
64
0
0
0
0
0
210
168
64
0
0
0
0
0
120
147
192
0
0
0
0
0
206
163
64
0
0
0
0
0
116
162
192
0
0
0
0
0
148
151
64
0
0
0
0
0
220
168
192
0
0
0
0
0
32
108
64
0
0
0
0
0
236
171
192
0
0
0
0
0
220
145
192
0
0
0
0
0
254
170
192
0
0
0
0
0
174
162
192
0
0
0
0
0
0
166
192
0
0
0
0
0
238
169
192
0
0
0
0
0
8
155
192
0
0
0
0
0
110
173
192
0
0
0
0
0
224
117
192
0
0
0
0
0
132
172
192
0
0
0
0
0
100
145
64
0
0
0
0
0
58
167
192
0
0
0
0
0
246
162
64
0
0
0
0
0
192
156
192
0
0
0
0
0
112
170
64
0
0
0
0
0
192
122
192
0
0
0
0
0
244
173
64
0
0
0
0
0
88
144
64
0
0
0
0
0
6
173
64
0
0
0
0
0
112
162
64
0
0
0
0
0
214
167
64
0
0
0
0
0
254
169
64
0
0
0
0
0
112
158
64
0
0
0
0
0
202
173
64
0
0
0
0
0
192
129
64
0
0
0
0
0
86
173
64
0
0
0
0
0
232
139
192
0
0
0
0
0
178
168
64
0
0
0
0
0
116
161
192
0
0
0
0
0
122
160
64
0
0
0
0
0
138
169
192
0
0
0
0
0
0
135
64
0
0
0
0
0
12
174
192
0
0
0
0
0
24
136
192
0
0
0
0
0
66
174
192
0
0
0
0
0
46
161
192
0
0
0
0
0
0
170
192
0
0
0
0
0
12
170
192
0
0
0
0
0
190
161
192
0
0
0
0
0
50
175
192
0
0
0
0
0
88
138
192
0
0
0
0
0
186
175
192
0
0
0
0
0
120
135
64
0
0
0
0
0
106
171
192
0
0
0
0
0
184
161
64
0
0
0
0
0
204
162
192
0
0
0
0
0
30
171
64
0
0
0
0
0
144
140
192
0
0
0
0
0
69
176
64
0
0
0
0
0
56
135
64
0
0
0
0
0
138
176
64
0
0
0
0
0
8
162
64
0
0
0
0
0
152
172
64
0
0
0
0
0
166
171
64
0
0
0
0
0
190
163
64
0
0
0
0
0
149
176
64
0
0
0
0
0
96
143
64
0
0
0
0
0
220
176
64
0
0
0
0
0
40
133
192
0
0
0
0
0
52
173
64
0
0
0
0
0
168
161
192
0
0
0
0
0
78
164
64
0
0
0
0
0
94
171
192
0
0
0
0
0
188
144
64
0
0
0
0
0
121
176
192
0
0
0
0
0
48
131
192
0
0
0
0
0
196
176
192
0
0
0
0
0
44
161
192
0
0
0
0
0
12
173
192
0
0
0
0
0
220
170
192
0
0
0
0
0
48
164
192
0
0
0
0
0
53
176
192
0
0
0
0
0
168
144
192
0
0
0
0
0
129
176
192
0
0
0
0
0
208
130
64
0
0
0
0
0
156
172
192
0
0
0
0
0
236
160
64
0
0
0
0
0
240
163
192
0
0
0
0
0
130
170
64
0
0
0
0
0
176
144
192
0
0
0
0
0
8
176
64
0
0
0
0
0
192
129
64
0
0
0
0
0
105
176
64
0
0
0
0
0
134
160
64
0
0
0
0
0
186
172
64
0
0
0
0
0
42
170
64
0
0
0
0
0
104
164
64
0
0
0
0
0
252
175
64
0
0
0
0
0
48
146
64
0
0
0
0
0
146
176
64
0
0
0
0
0
192
124
192
0
0
0
0
0
114
173
64
0
0
0
0
0
164
159
192
0
0
0
0
0
102
165
64
0
0
0
0
0
204
169
192
0
0
0
0
0
68
148
64
0
0
0
0
0
6
176
192
0
0
0
0
0
208
117
192
0
0
0
0
0
203
176
192
0
0
0
0
0
140
158
192
0
0
0
0
0
32
174
192
0
0
0
0
0
156
169
192
0
0
0
0
0
32
166
192
0
0
0
0
0
21
176
192
0
0
0
0
0
132
149
192
0
0
0
0
0
244
176
192
0
0
0
0
0
64
114
64
0
0
0
0
0
144
174
192
0
0
0
0
0
12
158
64
0
0
0
0
0
164
166
192
0
0
0
0
0
144
169
64
0
0
0
0
0
168
150
192
0
0
0
0
0
42
176
64
0
0
0
0
0
128
107
64
0
0
0
0
0
44
177
64
0
0
0
0
0
40
157
64
0
0
0
0
0
80
175
64
0
0
0
0
0
100
169
64
0
0
0
0
0
172
167
64
0
0
0
0
0
77
176
64
0
0
0
0
0
4
153
64
0
0
0
0
0
144
177
64
0
0
0
0
0
128
83
192
0
0
0
0
0
71
176
64
0
0
0
0
0
160
155
192
0
0
0
0
0
44
169
64
0
0
0
0
0
48
169
192
0
0
0
0
0
232
155
64
0
0
0
0
0
131
176
192
0
0
0
0
0
0
79
64
0
0
0
0
0
13
178
192
0
0
0
0
0
144
154
192
0
0
0
0
0
237
176
192
0
0
0
0
0
76
169
192
0
0
0
0
0
124
170
192
0
0
0
0
0
218
176
192
0
0
0
0
0
8
158
192
0
0
0
0
0
148
178
192
0
0
0
0
0
96
97
192
0
0
0
0
0
134
177
192
0
0
0
0
0
116
154
64
0
0
0
0
0
156
171
192
0
0
0
0
0
196
169
64
0
0
0
0
0
192
159
192
0
0
0
0
0
78
177
64
0
0
0
0
0
0
105
192
0
0
0
0
0
45
179
64
0
0
0
0
0
100
154
64
0
0
0
0
0
48
178
64
0
0
0
0
0
48
170
64
0
0
0
0
0
228
172
64
0
0
0
0
0
181
177
64
0
0
0
0
0
244
160
64
0
0
0
0
0
183
179
64
0
0
0
0
0
112
114
64
0
0
0
0
0
199
178
64
0
0
0
0
0
180
153
192
0
0
0
0
0
0
174
64
0
0
0
0
0
54
170
192
0
0
0
0
0
220
161
64
0
0
0
0
0
218
177
192
0
0
0
0
0
192
119
64
0
0
0
0
0
238
179
192
0
0
0
0
0
216
152
192
0
0
0
0
0
0
179
192
0
0
0
0
0
242
169
192
0
0
0
0
0
102
174
192
0
0
0
0
0
200
177
192
0
0
0
0
0
52
162
192
0
0
0
0
0
234
179
192
0
0
0
0
0
32
122
192
0
0
0
0
0
15
179
192
0
0
0
0
0
92
152
64
0
0
0
0
0
176
174
192
0
0
0
0
0
218
169
64
0
0
0
0
0
160
162
192
0
0
0
0
0
224
177
64
0
0
0
0
0
96
125
192
0
0
0
0
0
52
180
64
0
0
0
0
0
20
152
64
0
0
0
0
0
143
179
64
0
0
0
0
0
60
170
64
0
0
0
0
0
244
175
64
0
0
0
0
0
104
178
64
0
0
0
0
0
220
163
64
0
0
0
0
0
14
181
64
0
0
0
0
0
232
129
64
0
0
0
0
0
150
180
64
0
0
0
0
0
252
151
192
0
0
0
0
0
246
176
64
0
0
0
0
0
18
171
192
0
0
0
0
0
70
165
64
0
0
0
0
0
48
179
192
0
0
0
0
0
40
132
64
0
0
0
0
0
2
182
192
0
0
0
0
0
160
152
192
0
0
0
0
0
117
181
192
0
0
0
0
0
4
172
192
0
0
0
0
0
139
177
192
0
0
0
0
0
193
179
192
0
0
0
0
0
174
165
192
0
0
0
0
0
115
182
192
0
0
0
0
0
16
131
192
0
0
0
0
0
161
181
192
0
0
0
0
0
228
153
64
0
0
0
0
0
109
177
192
0
0
0
0
0
158
172
64
0
0
0
0
0
12
165
192
0
0
0
0
0
227
179
64
0
0
0
0
0
40
128
192
0
0
0
0
0
87
182
64
0
0
0
0
0
240
154
64
0
0
0
0
0
82
181
64
0
0
0
0
0
198
172
64
0
0
0
0
0
5
177
64
0
0
0
0
0
198
179
64
0
0
0
0
0
66
164
64
0
0
0
0
0
23
182
64
0
0
0
0
0
160
123
64
0
0
0
0
0
0
181
64
0
0
0
0
0
156
155
192
0
0
0
0
0
175
176
64
0
0
0
0
0
224
172
192
0
0
0
0
0
158
163
64
0
0
0
0
0
187
179
192
0
0
0
0
0
176
118
64
0
0
0
0
0
248
181
192
0
0
0
0
0
196
156
192
0
0
0
0
0
203
180
192
0
0
0
0
0
96
173
192
0
0
0
0
0
97
176
192
0
0
0
0
0
230
179
192
0
0
0
0
0
200
162
192
0
0
0
0
0
255
181
192
0
0
0
0
0
64
109
192
0
0
0
0
0
164
180
192
0
0
0
0
0
228
158
64
0
0
0
0
0
8
176
192
0
0
0
0
0
82
174
64
0
0
0
0
0
200
161
192
0
0
0
0
0
59
180
64
0
0
0
0
0
128
85
192
0
0
0
0
0
34
182
64
0
0
0
0
0
146
160
64
0
0
0
0
0
146
180
64
0
0
0
0
0
62
175
64
0
0
0
0
0
150
175
64
0
0
0
0
0
136
180
64
0
0
0
0
0
34
161
64
0
0
0
0
0
70
182
64
0
0
0
0
0
0
34
64
0
0
0
0
0
157
180
64
0
0
0
0
0
242
160
192
0
0
0
0
0
182
175
64
0
0
0
0
0
84
175
192
0
0
0
0
0
132
161
64
0
0
0
0
0
125
180
192
0
0
0
0
0
0
89
64
0
0
0
0
0
65
182
192
0
0
0
0
0
252
159
192
0
0
0
0
0
187
180
192
0
0
0
0
0
90
174
192
0
0
0
0
0
43
176
192
0
0
0
0
0
25
180
192
0
0
0
0
0
126
162
192
0
0
0
0
0
11
182
192
0
0
0
0
0
224
111
192
0
0
0
0
0
191
180
192
0
0
0
0
0
116
157
64
0
0
0
0
0
103
176
192
0
0
0
0
0
56
173
64
0
0
0
0
0
80
163
192
0
0
0
0
0
174
179
64
0
0
0
0
0
32
120
192
0
0
0
0
0
214
181
64
0
0
0
0
0
100
155
64
0
0
0
0
0
195
180
64
0
0
0
0
0
90
172
64
0
0
0
0
0
157
176
64
0
0
0
0
0
100
179
64
0
0
0
0
0
0
164
64
0
0
0
0
0
182
181
64
0
0
0
0
0
112
126
64
0
0
0
0
0
199
180
64
0
0
0
0
0
224
153
192
0
0
0
0
0
186
176
64
0
0
0
0
0
180
171
192
0
0
0
0
0
86
164
64
0
0
0
0
0
32
179
192
0
0
0
0
0
208
128
64
0
0
0
0
0
124
181
192
0
0
0
0
0
244
152
192
0
0
0
0
0
147
180
192
0
0
0
0
0
36
171
192
0
0
0
0
0
140
176
192
0
0
0
0
0
199
178
192
0
0
0
0
0
22
164
192
0
0
0
0
0
22
181
192
0
0
0
0
0
152
128
192
0
0
0
0
0
44
180
192
0
0
0
0
0
136
152
64
0
0
0
0
0
53
176
192
0
0
0
0
0
172
170
64
0
0
0
0
0
166
163
192
0
0
0
0
0
117
178
64
0
0
0
0
0
0
128
192
0
0
0
0
0
193
180
64
0
0
0
0
0
84
152
64
0
0
0
0
0
230
179
64
0
0
0
0
0
110
170
64
0
0
0
0
0
11
176
64
0
0
0
0
0
86
178
64
0
0
0
0
0
140
163
64
0
0
0
0
0
175
180
64
0
0
0
0
0
56
128
64
0
0
0
0
0
230
179
64
0
0
0
0
0
32
152
192
0
0
0
0
0
25
176
64
0
0
0
0
0
94
170
192
0
0
0
0
0
176
163
64
0
0
0
0
0
88
178
192
0
0
0
0
0
176
128
64
0
0
0
0
0
184
180
192
0
0
0
0
0
252
151
192
0
0
0
0
0
241
179
192
0
0
0
0
0
84
170
192
0
0
0
0
0
30
176
192
0
0
0
0
0
81
178
192
0
0
0
0
0
174
163
192
0
0
0
0
0
170
180
192
0
0
0
0
0
152
128
192
0
0
0
0
0
219
179
192
0
0
0
0
0
240
151
64
0
0
0
0
0
8
176
192
0
0
0
0
0
56
170
64
0
0
0
0
0
146
163
192
0
0
0
0
0
56
178
64
0
0
0
0
0
160
128
192
0
0
0
0
0
142
180
64
0
0
0
0
0
176
151
64
0
0
0
0
0
198
179
64
0
0
0
0
0
4
170
64
0
0
0
0
0
2
176
64
0
0
0
0
0
30
178
64
0
0
0
0
0
172
163
64
0
0
0
0
0
124
180
64
0
0
0
0
0
152
129
64
0
0
0
0
0
196
179
64
0
0
0
0
0
8
151
192
0
0
0
0
0
18
176
64
0
0
0
0
0
168
169
192
0
0
0
0
0
242
163
64
0
0
0
0
0
242
177
192
0
0
0
0
0
40
131
64
0
0
0
0
0
89
180
192
0
0
0
0
0
8
150
192
0
0
0
0
0
174
179
192
0
0
0
0
0
20
169
192
0
0
0
0
0
15
176
192
0
0
0
0
0
164
177
192
0
0
0
0
0
28
164
192
0
0
0
0
0
18
180
192
0
0
0
0
0
176
132
192
0
0
0
0
0
122
179
192
0
0
0
0
0
224
148
64
0
0
0
0
0
244
175
192
0
0
0
0
0
94
168
64
0
0
0
0
0
62
164
192
0
0
0
0
0
73
177
64
0
0
0
0
0
80
134
192
0
0
0
0
0
200
179
64
0
0
0
0
0
172
147
64
0
0
0
0
0
80
179
64
0
0
0
0
0
182
167
64
0
0
0
0
0
238
175
64
0
0
0
0
0
254
176
64
0
0
0
0
0
128
164
64
0
0
0
0
0
147
179
64
0
0
0
0
0
56
136
64
0
0
0
0
0
55
179
64
0
0
0
0
0
128
146
192
0
0
0
0
0
244
175
64
0
0
0
0
0
26
167
192
0
0
0
0
0
182
164
64
0
0
0
0
0
180
176
192
0
0
0
0
0
184
137
64
0
0
0
0
0
81
179
192
0
0
0
0
0
104
145
192
0
0
0
0
0
1
179
192
0
0
0
0
0
104
166
192
0
0
0
0
0
176
175
192
0
0
0
0
0
78
176
192
0
0
0
0
0
172
164
192
0
0
0
0
0
234
178
192
0
0
0
0
0
176
138
192
0
0
0
0
0
170
178
192
0
0
0
0
0
96
144
64
0
0
0
0
0
68
175
192
0
0
0
0
0
172
165
64
0
0
0
0
0
150
164
192
0
0
0
0
0
206
175
64
0
0
0
0
0
184
139
192
0
0
0
0
0
144
178
64
0
0
0
0
0
192
142
64
0
0
0
0
0
114
178
64
0
0
0
0
0
24
165
64
0
0
0
0
0
40
175
64
0
0
0
0
0
82
175
64
0
0
0
0
0
204
164
64
0
0
0
0
0
111
178
64
0
0
0
0
0
96
141
64
0
0
0
0
0
115
178
64
0
0
0
0
0
216
140
192
0
0
0
0
0
102
175
64
0
0
0
0
0
174
164
192
0
0
0
0
0
50
165
64
0
0
0
0
0
12
175
192
0
0
0
0
0
64
143
64
0
0
0
0
0
95
178
192
0
0
0
0
0
216
138
192
0
0
0
0
0
116
178
192
0
0
0
0
0
48
164
192
0
0
0
0
0
138
175
192
0
0
0
0
0
144
174
192
0
0
0
0
0
118
165
192
0
0
0
0
0
39
178
192
0
0
0
0
0
116
144
192
0
0
0
0
0
75
178
192
0
0
0
0
0
144
136
64
0
0
0
0
0
102
175
192
0
0
0
0
0
124
163
64
0
0
0
0
0
148
165
192
0
0
0
0
0
212
173
64
0
0
0
0
0
60
145
192
0
0
0
0
0
211
177
64
0
0
0
0
0
24
134
64
0
0
0
0
0
17
178
64
0
0
0
0
0
194
162
64
0
0
0
0
0
60
175
64
0
0
0
0
0
32
173
64
0
0
0
0
0
186
165
64
0
0
0
0
0
140
177
64
0
0
0
0
0
12
146
64
0
0
0
0
0
231
177
64
0
0
0
0
0
208
131
192
0
0
0
0
0
44
175
64
0
0
0
0
0
34
162
192
0
0
0
0
0
230
165
64
0
0
0
0
0
136
172
192
0
0
0
0
0
204
146
64
0
0
0
0
0
78
177
192
0
0
0
0
0
184
129
192
0
0
0
0
0
188
177
192
0
0
0
0
0
128
161
192
0
0
0
0
0
6
175
192
0
0
0
0
0
222
171
192
0
0
0
0
0
248
165
192
0
0
0
0
0
255
176
192
0
0
0
0
0
104
147
192
0
0
0
0
0
126
177
192
0
0
0
0
0
96
127
64
0
0
0
0
0
192
174
192
0
0
0
0
0
220
160
64
0
0
0
0
0
242
165
192
0
0
0
0
0
46
171
64
0
0
0
0
0
220
147
192
0
0
0
0
0
175
176
64
0
0
0
0
0
0
124
64
0
0
0
0
0
68
177
64
0
0
0
0
0
84
160
64
0
0
0
0
0
132
174
64
0
0
0
0
0
166
170
64
0
0
0
0
0
244
165
64
0
0
0
0
0
118
176
64
0
0
0
0
0
72
148
64
0
0
0
0
0
30
177
64
0
0
0
0
0
32
121
192
0
0
0
0
0
102
174
64
0
0
0
0
0
200
159
192
0
0
0
0
0
4
166
64
0
0
0
0
0
44
170
192
0
0
0
0
0
204
148
64
0
0
0
0
0
60
176
192
0
0
0
0
0
128
117
192
0
0
0
0
0
237
176
192
0
0
0
0
0
124
158
192
0
0
0
0
0
44
174
192
0
0
0
0
0
100
169
192
0
0
0
0
0
10
166
192
0
0
0
0
0
166
175
192
0
0
0
0
0
124
149
192
0
0
0
0
0
147
176
192
0
0
0
0
0
224
111
64
0
0
0
0
0
190
173
192
0
0
0
0
0
132
156
64
0
0
0
0
0
6
166
192
0
0
0
0
0
66
168
64
0
0
0
0
0
96
150
192
0
0
0
0
0
146
174
64
0
0
0
0
0
96
98
64
0
0
0
0
0
44
176
64
0
0
0
0
0
96
154
64
0
0
0
0
0
98
173
64
0
0
0
0
0
54
167
64
0
0
0
0
0
44
166
64
0
0
0
0
0
200
173
64
0
0
0
0
0
136
151
64
0
0
0
0
0
0
176
64
0
0
0
0
0
0
69
64
0
0
0
0
0
200
173
64
0
0
0
0
0
136
151
192
0
0
0
0
0
54
167
64
0
0
0
0
0
44
166
192
0
0
0
0
0
96
154
64
0
0
0
0
0
98
173
192
0
0
0
0
0
96
98
64
0
0
0
0
0
44
176
192
0
0
0
0
0
96
150
192
0
0
0
0
0
146
174
192
0
0
0
0
0
6
166
192
0
0
0
0
0
66
168
192
0
0
0
0
0
190
173
192
0
0
0
0
0
132
156
192
0
0
0
0
0
147
176
192
0
0
0
0
0
224
111
192
0
0
0
0
0
166
175
192
0
0
0
0
0
124
149
64
0
0
0
0
0
100
169
192
0
0
0
0
0
10
166
64
0
0
0
0
0
124
158
192
0
0
0
0
0
44
174
64
0
0
0
0
0
128
117
192
0
0
0
0
0
237
176
64
0
0
0
0
0
204
148
64
0
0
0
0
0
60
176
64
0
0
0
0
0
4
166
64
0
0
0
0
0
44
170
64
0
0
0
0
0
102
174
64
0
0
0
0
0
200
159
64
0
0
0
0
0
30
177
64
0
0
0
0
0
32
121
64
0
0
0
0
0
118
176
64
0
0
0
0
0
72
148
192
0
0
0
0
0
166
170
64
0
0
0
0
0
244
165
192
0
0
0
0
0
84
160
64
0
0
0
0
0
132
174
192
0
0
0
0
0
0
124
64
0
0
0
0
0
68
177
192
0
0
0
0
0
220
147
192
0
0
0
0
0
175
176
192
0
0
0
0
0
242
165
192
0
0
0
0
0
46
171
192
0
0
0
0
0
192
174
192
0
0
0
0
0
220
160
192
0
0
0
0
0
126
177
192
0
0
0
0
0
96
127
192
0
0
0
0
0
255
176
192
0
0
0
0
0
104
147
64
0
0
0
0
0
222
171
192
0
0
0
0
0
248
165
64
0
0
0
0
0
128
161
192
0
0
0
0
0
6
175
64
0
0
0
0
0
184
129
192
0
0
0
0
0
188
177
64
0
0
0
0
0
204
146
64
0
0
0
0
0
78
177
64
0
0
0
0
0
230
165
64
0
0
0
0
0
136
172
64
0
0
0
0
0
44
175
64
0
0
0
0
0
34
162
64
0
0
0
0
0
231
177
64
0
0
0
0
0
208
131
64
0
0
0
0
0
140
177
64
0
0
0
0
0
12
146
192
0
0
0
0
0
32
173
64
0
0
0
0
0
186
165
192
0
0
0
0
0
194
162
64
0
0
0
0
0
60
175
192
0
0
0
0
0
24
134
64
0
0
0
0
0
17
178
192
0
0
0
0
0
60
145
192
0
0
0
0
0
211
177
192
0
0
0
0
0
148
165
192
0
0
0
0
0
212
173
192
0
0
0
0
0
102
175
192
0
0
0
0
0
124
163
192
0
0
0
0
0
75
178
192
0
0
0
0
0
144
136
192
0
0
0
0
0
39
178
192
0
0
0
0
0
116
144
64
0
0
0
0
0
144
174
192
0
0
0
0
0
118
165
64
0
0
0
0
0
48
164
192
0
0
0
0
0
138
175
64
0
0
0
0
0
216
138
192
0
0
0
0
0
116
178
64
0
0
0
0
0
64
143
64
0
0
0
0
0
95
178
64
0
0
0
0
0
50
165
64
0
0
0
0
0
12
175
64
0
0
0
0
0
102
175
64
0
0
0
0
0
174
164
64
0
0
0
0
0
115
178
64
0
0
0
0
0
216
140
64
0
0
0
0
0
111
178
64
0
0
0
0
0
96
141
192
0
0
0
0
0
82
175
64
0
0
0
0
0
204
164
192
0
0
0
0
0
24
165
64
0
0
0
0
0
40
175
192
0
0
0
0
0
192
142
64
0
0
0
0
0
114
178
192
0
0
0
0
0
184
139
192
0
0
0
0
0
144
178
192
0
0
0
0
0
150
164
192
0
0
0
0
0
206
175
192
0
0
0
0
0
68
175
192
0
0
0
0
0
172
165
192
0
0
0
0
0
170
178
192
0
0
0
0
0
96
144
192
0
0
0
0
0
234
178
192
0
0
0
0
0
176
138
64
0
0
0
0
0
78
176
192
0
0
0
0
0
172
164
64
0
0
0
0
0
104
166
192
0
0
0
0
0
176
175
64
0
0
0
0
0
104
145
192
0
0
0
0
0
1
179
64
0
0
0
0
0
184
137
64
0
0
0
0
0
81
179
64
0
0
0
0
0
182
164
64
0
0
0
0
0
180
176
64
0
0
0
0
0
244
175
64
0
0
0
0
0
26
167
64
0
0
0
0
0
55
179
64
0
0
0
0
0
128
146
64
0
0
0
0
0
147
179
64
0
0
0
0
0
56
136
192
0
0
0
0
0
254
176
64
0
0
0
0
0
128
164
192
0
0
0
0
0
182
167
64
0
0
0
0
0
238
175
192
0
0
0
0
0
172
147
64
0
0
0
0
0
80
179
192
0
0
0
0
0
80
134
192
0
0
0
0
0
200
179
192
0
0
0
0
0
62
164
192
0
0
0
0
0
73
177
192
0
0
0
0
0
244
175
192
0
0
0
0
0
94
168
192
0
0
0
0
0
122
179
192
0
0
0
0
0
224
148
192
0
0
0
0
0
18
180
192
0
0
0
0
0
176
132
64
0
0
0
0
0
164
177
192
0
0
0
0
0
28
164
64
0
0
0
0
0
20
169
192
0
0
0
0
0
15
176
64
0
0
0
0
0
8
150
192
0
0
0
0
0
174
179
64
0
0
0
0
0
40
131
64
0
0
0
0
0
89
180
64
0
0
0
0
0
242
163
64
0
0
0
0
0
242
177
64
0
0
0
0
0
18
176
64
0
0
0
0
0
168
169
64
0
0
0
0
0
196
179
64
0
0
0
0
0
8
151
64
0
0
0
0
0
124
180
64
0
0
0
0
0
152
129
192
0
0
0
0
0
30
178
64
0
0
0
0
0
172
163
192
0
0
0
0
0
4
170
64
0
0
0
0
0
0
0
0
0
0
0
0
0
0
0
0
0
0
0
0
0
0
0
0
0
0
0
0
0
0
0
0
0
0
0
0
0
0
0
0
0
0
0
0
0
0
0
0
0
0
0
0
0
0
0
0
0
0
0
0
0
0
0
0
0
0
0
0
0
0
0
0
0
0
0
0
0
0
0
0
0
0
0
0
0
0
0
0
0
0
0
0
0
0
0
0
0
0
0
0
0
0
0
0
0
0
0
0
0
0
0
0
0
0
0
0
0
0
0
0
0
0
0
0
0
0
0
0
0
0
0
0
0
0
0
0
0
0
0
0
0
0
0
0
0
0
0
0
0
0
0
0
0
0
0
0
0
0
0
0
0
0
0
0
0
0
0
0
0
0
0
0
0
0
0
0
0
0
0
0
0
0
0
0
0
0
0
0
0
0
0
0
0
0
0
0
0
0
0
0
0
0
0
0
0
0
0
0
0
0
0
0
0
0
0
0
0
0
0
0
0
0
0
0
0
0
0
0
0
0
0
0
0
0
0
0
0
0
0
0
0
0
0
0
0
0
0
0
0
0
0
0
0
0
0
0
0
0
0
0
0
0
0
0
0
0
0
0
0
0
0
0
0
0
0
0
0
0
0
0
0
0
0
0
0
0
0
0
0
0
0
0
0
0
0
0
0
0
0
0
0
0
0
0
0
0
0
0
0
0
0
0
0
0
0
0
0
0
0
0
0
0
0
0
0
0
0
0
0
0
0
0
0
0
0
0
0
0
0
0
0
0
0
0
0
0
0
0
0
0
0
0
0
0
0
0
0
0
0
0
0
0
0
0
0
0
0
0
0
0
0
0
0
0
0
0
0
0
0
0
0
0
0
0
0
0
0
0
0
0
0
0
0
0
0
0
0
0
0
0
0
0
0
0
0
0
0
0
0
0
0
0
0
0
0
0
0
0
0
0
0
0
0
0
0
0
0
0
0
0
0
0
0
0
0
0
0
0
0
0
0
0
0
0
0
0
0
0
0
0
0
0
0
0
0
0
0
0
0
0
0
0
0
0
0
0
0
0
0
0
0
0
0
0
0
0
0
0
0
0
0
0
0
0
0
0
0
0
0
0
0
0
0
0
0
0
0
0
0
0
0
0
0
0
0
0
0
0
0
0
0
0
0
0
0
0
0
0
0
0
0
0
0
0
0
0
0
0
0
0
0
0
0
0
0
0
0
0
0
0
0
0
0
0
0
0
0
0
0
0
0
0
0
0
0
0
0
0
0
0
0
0
0
0
0
0
0
0
0
0
0
0
0
0
0
0
0
0
0
0
0
0
0
0
0
0
0
0
0
0
0
0
0
0
0
0
0
0
0
0
0
0
0
0
0
0
0
0
0
0
0
0
0
0
0
0
0
0
0
0
0
0
0
0
0
0
0
0
0
0
0
0
0
0
0
0
0
0
0
0
0
0
0
0
0
0
0
0
0
0
0
0
0
0
0
0
0
0
0
0
0
0
0
0
0
0
0
0
0
0
0
0
0
0
0
0
0
0
0
0
0
0
0
0
0
0
0
0
0
0
0
0
0
0
0
0
0
0
0
0
0
0
0
0
0
0
0
0
0
0
0
0
0
0
0
0
0
0
0
0
0
0
0
0
0
0
0
0
0
0
0
0
0
0
0
0
0
0
0
0
0
0
0
0
0
0
0
0
0
0
0
0
0
0
0
0
0
0
0
0
0
0
0
0
0
0
0
0
0
0
0
0
0
0
0
0
0
0
0
0
0
0
0
0
0
0
0
0
0
0
0
0
0
0
0
0
0
0
0
0
0
0
0
0
0
0
0
0
0
0
0
0
0
0
0
0
0
0
0
0
0
0
0
0
0
0
0
0
0
0
0
0
0
0
0
0
0
0
0
0
0
0
0
0
0
0
0
0
0
0
0
0
0
0
0
0
0
0
0
0
0
0
0
0
0
0
0
0
0
0
0
0
0
0
0
0
0
0
0
0
0
0
0
0
0
0
0
0
0
0
0
0
0
0
0
0
0
0
0
0
0
0
0
0
0
0
0
0
0
0
0
0
0
0
0
0
0
0
0
0
0
0
0
0
0
0
0
0
0
0
0
0
0
0
0
0
0
0
0
0
0
0
0
0
0
0
0
0
0
0
0
0
0
0
0
0
0
0
0
0
0
0
0
0
0
0
0
0
0
0
0
0
0
0
0
0
0
0
0
0
0
0
0
0
0
0
0
0
0
0
0
0
0
0
0
0
0
0
0
0
0
0
0
0
0
0
0
0
0
0
0
0
0
0
0
0
0
0
0
0
0
0
0
0
0
0
0
0
0
0
0
0
0
0
0
0
0
0
0
0
0
0
0
0
0
0
0
0
0
0
0
0
0
0
0
0
0
0
0
0
0
0
0
0
0
0
0
0
0
0
0
0
0
0
0
0
0
0
0
0
0
0
0
0
0
0
0
0
0
0
0
0
0
0
0
0
0
0
0
0
0
0
0
0
0
0
0
0
0
0
0
0
0
0
0
0
0
0
0
0
0
0
0
0
0
0
0
0
0
0
0
0
0
0
0
0
0
0
0
0
0
0
0
0
0
0
0
0
0
0
0
0
0
0
0
0
0
0
0
0
0
0
0
0
0
0
0
0
0
0
0
0
0
0
0
0
0
0
0
0
0
0
0
0
0
0
0
0
0
0
0
0
0
0
0
0
0
0
0
0
0
0
0
0
0
0
0
0
0
0
0
0
0
0
0
0
0
0
0
0
0
0
0
0
0
0
0