58
70
65
67
84
58
67
68
65
84
49
56
58
68
65
84
65
32
35
57
48
48
48
48
48
54
57
51
54
0
0
0
0
0
0
78
192
0
0
0
0
0
0
44
192
0
0
0
0
0
192
82
192
0
0
0
0
0
0
59
192
0
0
0
0
0
192
87
192
0
0
0
0
0
0
60
192
0
0
0
0
0
128
91
192
0
0
0
0
0
0
48
192
0
0
0
0
0
128
92
192
0
0
0
0
0
0
8
64
0
0
0
0
0
0
90
192
0
0
0
0
0
0
52
64
0
0
0
0
0
0
85
192
0
0
0
0
0
0
58
64
0
0
0
0
0
0
80
192
0
0
0
0
0
0
49
64
0
0
0
0
0
0
75
192
0
0
0
0
0
0
20
192
0
0
0
0
0
128
78
192
0
0
0
0
0
0
62
192
0
0
0
0
0
0
85
192
0
0
0
0
0
0
71
192
0
0
0
0
0
64
92
192
0
0
0
0
0
0
70
192
0
0
0
0
0
160
96
192
0
0
0
0
0
0
55
192
0
0
0
0
0
224
96
192
0
0
0
0
0
0
24
64
0
0
0
0
0
192
92
192
0
0
0
0
0
0
61
64
0
0
0
0
0
0
85
192
0
0
0
0
0
0
63
64
0
0
0
0
0
0
77
192
0
0
0
0
0
0
34
64
0
0
0
0
0
128
74
192
0
0
0
0
0
0
59
192
0
0
0
0
0
0
83
192
0
0
0
0
0
128
78
192
0
0
0
0
0
64
93
192
0
0
0
0
0
0
82
192
0
0
0
0
0
160
99
192
0
0
0
0
0
128
74
192
0
0
0
0
0
224
101
192
0
0
0
0
0
0
40
192
0
0
0
0
0
0
100
192
0
0
0
0
0
0
63
64
0
0
0
0
0
128
93
192
0
0
0
0
0
0
73
64
0
0
0
0
0
64
82
192
0
0
0
0
0
0
65
64
0
0
0
0
0
128
73
192
0
0
0
0
0
0
42
192
0
0
0
0
0
64
81
192
0
0
0
0
0
192
80
192
0
0
0
0
0
192
94
192
0
0
0
0
0
128
88
192
0
0
0
0
0
64
103
192
0
0
0
0
0
128
85
192
0
0
0
0
0
128
108
192
0
0
0
0
0
0
65
192
0
0
0
0
0
0
108
192
0
0
0
0
0
128
64
64
0
0
0
0
0
224
101
192
0
0
0
0
0
128
83
64
0
0
0
0
0
192
90
192
0
0
0
0
0
192
82
64
0
0
0
0
0
128
77
192
0
0
0
0
0
0
52
64
0
0
0
0
0
0
80
192
0
0
0
0
0
0
77
192
0
0
0
0
0
192
95
192
0
0
0
0
0
128
93
192
0
0
0
0
0
160
107
192
0
0
0
0
0
128
94
192
0
0
0
0
0
160
114
192
0
0
0
0
0
128
78
192
0
0
0
0
0
224
115
192
0
0
0
0
0
128
66
64
0
0
0
0
0
160
112
192
0
0
0
0
0
128
94
64
0
0
0
0
0
64
101
192
0
0
0
0
0
96
98
64
0
0
0
0
0
192
84
192
0
0
0
0
0
64
87
64
0
0
0
0
0
0
78
192
0
0
0
0
0
0
46
192
0
0
0
0
0
64
95
192
0
0
0
0
0
128
93
192
0
0
0
0
0
0
112
192
0
0
0
0
0
96
99
192
0
0
0
0
0
96
120
192
0
0
0
0
0
192
87
192
0
0
0
0
0
160
124
192
0
0
0
0
0
0
70
64
0
0
0
0
0
80
122
192
0
0
0
0
0
128
104
64
0
0
0
0
0
64
114
192
0
0
0
0
0
176
113
64
0
0
0
0
0
128
97
192
0
0
0
0
0
192
111
64
0
0
0
0
0
0
75
192
0
0
0
0
0
192
93
64
0
0
0
0
0
0
88
192
0
0
0
0
0
0
74
192
0
0
0
0
0
160
112
192
0
0
0
0
0
0
100
192
0
0
0
0
0
224
126
192
0
0
0
0
0
0
96
192
0
0
0
0
0
240
132
192
0
0
0
0
0
0
77
64
0
0
0
0
0
216
133
192
0
0
0
0
0
160
116
64
0
0
0
0
0
56
129
192
0
0
0
0
0
200
129
64
0
0
0
0
0
224
113
192
0
0
0
0
0
144
132
64
0
0
0
0
0
128
65
192
0
0
0
0
0
248
128
64
0
0
0
0
0
0
76
64
0
0
0
0
0
48
113
64
0
0
0
0
0
128
88
192
0
0
0
0
0
0
32
192
0
0
0
0
0
208
125
192
0
0
0
0
0
192
93
192
0
0
0
0
0
48
141
192
0
0
0
0
0
128
82
64
0
0
0
0
0
168
147
192
0
0
0
0
0
200
130
64
0
0
0
0
0
108
147
192
0
0
0
0
0
16
149
64
0
0
0
0
0
120
136
192
0
0
0
0
0
84
160
64
0
0
0
0
0
0
85
64
0
0
0
0
0
16
164
64
0
0
0
0
0
88
146
64
0
0
0
0
0
40
164
64
0
0
0
0
0
88
161
64
0
0
0
0
0
12
160
64
0
0
0
0
0
22
167
64
0
0
0
0
0
176
144
64
0
0
0
0
0
242
168
64
0
0
0
0
0
0
102
192
0
0
0
0
0
120
166
64
0
0
0
0
0
44
150
192
0
0
0
0
0
48
160
64
0
0
0
0
0
230
162
192
0
0
0
0
0
120
141
64
0
0
0
0
0
124
167
192
0
0
0
0
0
64
115
192
0
0
0
0
0
62
168
192
0
0
0
0
0
56
151
192
0
0
0
0
0
68
165
192
0
0
0
0
0
246
162
192
0
0
0
0
0
60
158
192
0
0
0
0
0
132
167
192
0
0
0
0
0
232
138
192
0
0
0
0
0
174
168
192
0
0
0
0
0
96
118
64
0
0
0
0
0
50
166
192
0
0
0
0
0
96
152
64
0
0
0
0
0
68
160
192
0
0
0
0
0
26
164
64
0
0
0
0
0
88
142
192
0
0
0
0
0
64
169
64
0
0
0
0
0
224
116
64
0
0
0
0
0
168
170
64
0
0
0
0
0
112
153
64
0
0
0
0
0
226
167
64
0
0
0
0
0
250
164
64
0
0
0
0
0
60
161
64
0
0
0
0
0
236
169
64
0
0
0
0
0
16
143
64
0
0
0
0
0
168
170
64
0
0
0
0
0
16
119
192
0
0
0
0
0
30
167
64
0
0
0
0
0
196
153
192
0
0
0
0
0
248
159
64
0
0
0
0
0
150
164
192
0
0
0
0
0
56
138
64
0
0
0
0
0
218
168
192
0
0
0
0
0
48
125
192
0
0
0
0
0
42
169
192
0
0
0
0
0
48
154
192
0
0
0
0
0
170
165
192
0
0
0
0
0
134
164
192
0
0
0
0
0
232
157
192
0
0
0
0
0
250
168
192
0
0
0
0
0
248
135
192
0
0
0
0
0
218
169
192
0
0
0
0
0
72
128
64
0
0
0
0
0
240
166
192
0
0
0
0
0
224
155
64
0
0
0
0
0
108
160
192
0
0
0
0
0
62
166
64
0
0
0
0
0
232
139
192
0
0
0
0
0
172
171
64
0
0
0
0
0
200
128
64
0
0
0
0
0
40
173
64
0
0
0
0
0
236
158
64
0
0
0
0
0
26
170
64
0
0
0
0
0
240
168
64
0
0
0
0
0
170
162
64
0
0
0
0
0
228
174
64
0
0
0
0
0
32
143
64
0
0
0
0
0
8
176
64
0
0
0
0
0
128
131
192
0
0
0
0
0
10
172
64
0
0
0
0
0
48
161
192
0
0
0
0
0
86
163
64
0
0
0
0
0
4
171
192
0
0
0
0
0
112
141
64
0
0
0
0
0
82
176
192
0
0
0
0
0
152
135
192
0
0
0
0
0
139
176
192
0
0
0
0
0
66
162
192
0
0
0
0
0
80
172
192
0
0
0
0
0
192
171
192
0
0
0
0
0
38
163
192
0
0
0
0
0
119
176
192
0
0
0
0
0
128
140
192
0
0
0
0
0
143
176
192
0
0
0
0
0
112
135
64
0
0
0
0
0
100
172
192
0
0
0
0
0
214
161
64
0
0
0
0
0
142
163
192
0
0
0
0
0
14
171
64
0
0
0
0
0
240
143
192
0
0
0
0
0
27
176
64
0
0
0
0
0
72
130
64
0
0
0
0
0
79
176
64
0
0
0
0
0
70
160
64
0
0
0
0
0
76
172
64
0
0
0
0
0
106
169
64
0
0
0
0
0
240
163
64
0
0
0
0
0
174
174
64
0
0
0
0
0
168
145
64
0
0
0
0
0
94
175
64
0
0
0
0
0
176
122
192
0
0
0
0
0
116
171
64
0
0
0
0
0
140
157
192
0
0
0
0
0
156
163
64
0
0
0
0
0
208
167
192
0
0
0
0
0
24
146
64
0
0
0
0
0
54
173
192
0
0
0
0
0
80
117
192
0
0
0
0
0
70
174
192
0
0
0
0
0
184
155
192
0
0
0
0
0
238
170
192
0
0
0
0
0
246
166
192
0
0
0
0
0
182
163
192
0
0
0
0
0
182
172
192
0
0
0
0
0
80
147
192
0
0
0
0
0
76
174
192
0
0
0
0
0
224
108
64
0
0
0
0
0
122
171
192
0
0
0
0
0
4
154
64
0
0
0
0
0
168
164
192
0
0
0
0
0
80
166
64
0
0
0
0
0
168
149
192
0
0
0
0
0
84
172
64
0
0
0
0
0
0
80
64
0
0
0
0
0
36
174
64
0
0
0
0
0
44
151
64
0
0
0
0
0
130
171
64
0
0
0
0
0
184
164
64
0
0
0
0
0
230
164
64
0
0
0
0
0
142
170
64
0
0
0
0
0
224
150
64
0
0
0
0
0
82
172
64
0
0
0
0
0
0
85
64
0
0
0
0
0
238
169
64
0
0
0
0
0
136
147
192
0
0
0
0
0
242
163
64
0
0
0
0
0
88
162
192
0
0
0
0
0
212
150
64
0
0
0
0
0
246
167
192
0
0
0
0
0
64
106
64
0
0
0
0
0
4
170
192
0
0
0
0
0
8
144
192
0
0
0
0
0
106
168
192
0
0
0
0
0
80
160
192
0
0
0
0
0
134
163
192
0
0
0
0
0
58
166
192
0
0
0
0
0
36
152
192
0
0
0
0
0
10
169
192
0
0
0
0
0
112
120
192
0
0
0
0
0
98
168
192
0
0
0
0
0
88
137
64
0
0
0
0
0
86
164
192
0
0
0
0
0
156
157
64
0
0
0
0
0
232
154
192
0
0
0
0
0
42
165
64
0
0
0
0
0
224
130
192
0
0
0
0
0
116
168
64
0
0
0
0
0
40
130
64
0
0
0
0
0
54
168
64
0
0
0
0
0
208
153
64
0
0
0
0
0
132
164
64
0
0
0
0
0
34
163
64
0
0
0
0
0
16
156
64
0
0
0
0
0
98
166
64
0
0
0
0
0
112
135
64
0
0
0
0
0
86
166
64
0
0
0
0
0
160
117
192
0
0
0
0
0
58
163
64
0
0
0
0
0
208
148
192
0
0
0
0
0
104
155
64
0
0
0
0
0
76
160
192
0
0
0
0
0
152
138
64
0
0
0
0
0
188
163
192
0
0
0
0
0
0
96
192
0
0
0
0
0
126
164
192
0
0
0
0
0
176
144
192
0
0
0
0
0
154
162
192
0
0
0
0
0
44
157
192
0
0
0
0
0
168
156
192
0
0
0
0
0
8
163
192
0
0
0
0
0
64
144
192
0
0
0
0
0
22
165
192
0
0
0
0
0
0
84
192
0
0
0
0
0
88
164
192
0
0
0
0
0
56
141
64
0
0
0
0
0
178
160
192
0
0
0
0
0
72
157
64
0
0
0
0
0
220
148
192
0
0
0
0
0
76
164
64
0
0
0
0
0
96
114
192
0
0
0
0
0
80
167
64
0
0
0
0
0
96
138
64
0
0
0
0
0
10
167
64
0
0
0
0
0
200
157
64
0
0
0
0
0
92
163
64
0
0
0
0
0
74
165
64
0
0
0
0
0
108
153
64
0
0
0
0
0
192
168
64
0
0
0
0
0
40
128
64
0
0
0
0
0
180
168
64
0
0
0
0
0
144
133
192
0
0
0
0
0
28
165
64
0
0
0
0
0
92
156
192
0
0
0
0
0
240
156
64
0
0
0
0
0
16
165
192
0
0
0
0
0
208
134
64
0
0
0
0
0
6
169
192
0
0
0
0
0
240
127
192
0
0
0
0
0
122
169
192
0
0
0
0
0
128
154
192
0
0
0
0
0
76
166
192
0
0
0
0
0
192
164
192
0
0
0
0
0
180
159
192
0
0
0
0
0
96
169
192
0
0
0
0
0
232
139
192
0
0
0
0
0
90
170
192
0
0
0
0
0
208
120
64
0
0
0
0
0
112
167
192
0
0
0
0
0
216
153
64
0
0
0
0
0
246
160
192
0
0
0
0
0
254
164
64
0
0
0
0
0
72
143
192
0
0
0
0
0
12
170
64
0
0
0
0
0
16
117
64
0
0
0
0
0
66
171
64
0
0
0
0
0
164
153
64
0
0
0
0
0
98
168
64
0
0
0
0
0
48
165
64
0
0
0
0
0
212
161
64
0
0
0
0
0
122
170
64
0
0
0
0
0
24
145
64
0
0
0
0
0
222
171
64
0
0
0
0
0
192
112
192
0
0
0
0
0
30
169
64
0
0
0
0
0
16
153
192
0
0
0
0
0
150
162
64
0
0
0
0
0
54
165
192
0
0
0
0
0
96
146
64
0
0
0
0
0
210
170
192
0
0
0
0
0
192
107
192
0
0
0
0
0
114
172
192
0
0
0
0
0
20
153
192
0
0
0
0
0
192
169
192
0
0
0
0
0
138
165
192
0
0
0
0
0
12
163
192
0
0
0
0
0
70
171
192
0
0
0
0
0
168
146
192
0
0
0
0
0
196
172
192
0
0
0
0
0
64
110
64
0
0
0
0
0
192
169
192
0
0
0
0
0
148
153
64
0
0
0
0
0
190
162
192
0
0
0
0
0
152
165
64
0
0
0
0
0
228
145
192
0
0
0
0
0
228
170
64
0
0
0
0
0
224
111
64
0
0
0
0
0
242
171
64
0
0
0
0
0
160
152
64
0
0
0
0
0
190
168
64
0
0
0
0
0
120
164
64
0
0
0
0
0
250
161
64
0
0
0
0
0
98
169
64
0
0
0
0
0
156
145
64
0
0
0
0
0
134
170
64
0
0
0
0
0
224
101
192
0
0
0
0
0
230
167
64
0
0
0
0
0
60
150
192
0
0
0
0
0
246
161
64
0
0
0
0
0
54
163
192
0
0
0
0
0
252
146
64
0
0
0
0
0
162
168
192
0
0
0
0
0
0
77
192
0
0
0
0
0
168
170
192
0
0
0
0
0
68
149
192
0
0
0
0
0
232
168
192
0
0
0
0
0
168
163
192
0
0
0
0
0
106
163
192
0
0
0
0
0
36
170
192
0
0
0
0
0
112
149
192
0
0
0
0
0
230
172
192
0
0
0
0
0
0
34
64
0
0
0
0
0
62
171
192
0
0
0
0
0
184
150
64
0
0
0
0
0
46
165
192
0
0
0
0
0
76
165
64
0
0
0
0
0
28
151
192
0
0
0
0
0
34
172
64
0
0
0
0
0
0
40
64
0
0
0
0
0
156
174
64
0
0
0
0
0
136
151
64
0
0
0
0
0
66
172
64
0
0
0
0
0
126
165
64
0
0
0
0
0
132
165
64
0
0
0
0
0
176
171
64
0
0
0
0
0
60
151
64
0
0
0
0
0
126
173
64
0
0
0
0
0
128
67
64
0
0
0
0
0
218
170
64
0
0
0
0
0
44
149
192
0
0
0
0
0
110
164
64
0
0
0
0
0
106
163
192
0
0
0
0
0
204
150
64
0
0
0
0
0
8
169
192
0
0
0
0
0
224
98
64
0
0
0
0
0
218
170
192
0
0
0
0
0
140
145
192
0
0
0
0
0
216
168
192
0
0
0
0
0
42
161
192
0
0
0
0
0
112
163
192
0
0
0
0
0
244
166
192
0
0
0
0
0
236
150
192
0
0
0
0
0
110
169
192
0
0
0
0
0
192
111
192
0
0
0
0
0
74
168
192
0
0
0
0
0
216
142
64
0
0
0
0
0
172
163
192
0
0
0
0
0
82
160
64
0
0
0
0
0
92
152
192
0
0
0
0
0
164
166
64
0
0
0
0
0
192
118
192
0
0
0
0
0
188
169
64
0
0
0
0
0
8
140
64
0
0
0
0
0
30
169
64
0
0
0
0
0
224
159
64
0
0
0
0
0
218
164
64
0
0
0
0
0
164
166
64
0
0
0
0
0
16
155
64
0
0
0
0
0
28
170
64
0
0
0
0
0
240
128
64
0
0
0
0
0
220
169
64
0
0
0
0
0
192
134
192
0
0
0
0
0
236
165
64
0
0
0
0
0
152
157
192
0
0
0
0
0
196
157
64
0
0
0
0
0
196
165
192
0
0
0
0
0
16
135
64
0
0
0
0
0
158
169
192
0
0
0
0
0
120
128
192
0
0
0
0
0
202
169
192
0
0
0
0
0
168
154
192
0
0
0
0
0
70
166
192
0
0
0
0
0
142
164
192
0
0
0
0
0
44
159
192
0
0
0
0
0
188
168
192
0
0
0
0
0
216
138
192
0
0
0
0
0
76
169
192
0
0
0
0
0
96
120
64
0
0
0
0
0
50
166
192
0
0
0
0
0
132
152
64
0
0
0
0
0
216
159
192
0
0
0
0
0
154
163
64
0
0
0
0
0
184
141
192
0
0
0
0
0
20
168
64
0
0
0
0
0
112
112
64
0
0
0
0
0
26
169
64
0
0
0
0
0
116
150
64
0
0
0
0
0
154
166
64
0
0
0
0
0
216
162
64
0
0
0
0
0
242
160
64
0
0
0
0
0
234
167
64
0
0
0
0
0
208
145
64
0
0
0
0
0
194
169
64
0
0
0
0
0
128
78
192
0
0
0
0
0
22
168
64
0
0
0
0
0
0
148
192
0
0
0
0
0
0
163
64
0
0
0
0
0
102
162
192
0
0
0
0
0
24
150
64
0
0
0
0
0
126
168
192
0
0
0
0
0
64
99
64
0
0
0
0
0
72
171
192
0
0
0
0
0
104
146
192
0
0
0
0
0
48
170
192
0
0
0
0
0
164
162
192
0
0
0
0
0
38
165
192
0
0
0
0
0
152
169
192
0
0
0
0
0
124
153
192
0
0
0
0
0
218
172
192
0
0
0
0
0
32
113
192
0
0
0
0
0
198
171
192
0
0
0
0
0
24
146
64
0
0
0
0
0
110
166
192
0
0
0
0
0
8
163
64
0
0
0
0
0
60
155
192
0
0
0
0
0
56
170
64
0
0
0
0
0
192
117
192
0
0
0
0
0
126
173
64
0
0
0
0
0
36
145
64
0
0
0
0
0
94
172
64
0
0
0
0
0
144
162
64
0
0
0
0
0
18
167
64
0
0
0
0
0
208
169
64
0
0
0
0
0
236
156
64
0
0
0
0
0
84
173
64
0
0
0
0
0
112
126
64
0
0
0
0
0
166
172
64
0
0
0
0
0
136
141
192
0
0
0
0
0
230
167
64
0
0
0
0
0
142
161
192
0
0
0
0
0
96
159
64
0
0
0
0
0
80
169
192
0
0
0
0
0
96
132
64
0
0
0
0
0
136
173
192
0
0
0
0
0
192
137
192
0
0
0
0
0
136
173
192
0
0
0
0
0
76
161
192
0
0
0
0
0
42
169
192
0
0
0
0
0
218
169
192
0
0
0
0
0
234
160
192
0
0
0
0
0
184
174
192
0
0
0
0
0
128
135
192
0
0
0
0
0
6
175
192
0
0
0
0
0
112
137
64
0
0
0
0
0
146
170
192
0
0
0
0
0
236
161
64
0
0
0
0
0
238
161
192
0
0
0
0
0
254
170
64
0
0
0
0
0
128
137
192
0
0
0
0
0
13
176
64
0
0
0
0
0
96
137
64
0
0
0
0
0
49
176
64
0
0
0
0
0
64
162
64
0
0
0
0
0
190
171
64
0
0
0
0
0
130
171
64
0
0
0
0
0
222
162
64
0
0
0
0
0
88
176
64
0
0
0
0
0
112
140
64
0
0
0
0
0
126
176
64
0
0
0
0
0
16
135
192
0
0
0
0
0
90
172
64
0
0
0
0
0
202
161
192
0
0
0
0
0
120
163
64
0
0
0
0
0
40
171
192
0
0
0
0
0
192
142
64
0
0
0
0
0
55
176
192
0
0
0
0
0
232
132
192
0
0
0
0
0
104
176
192
0
0
0
0
0
78
161
192
0
0
0
0
0
58
172
192
0
0
0
0
0
178
170
192
0
0
0
0
0
100
163
192
0
0
0
0
0
252
175
192
0
0
0
0
0
152
142
192
0
0
0
0
0
48
176
192
0
0
0
0
0
192
132
64
0
0
0
0
0
220
171
192
0
0
0
0
0
38
161
64
0
0
0
0
0
42
163
192
0
0
0
0
0
116
170
64
0
0
0
0
0
136
142
192
0
0
0
0
0
186
175
64
0
0
0
0
0
224
131
64
0
0
0
0
0
31
176
64
0
0
0
0
0
202
160
64
0
0
0
0
0
252
171
64
0
0
0
0
0
28
170
64
0
0
0
0
0
160
163
64
0
0
0
0
0
158
175
64
0
0
0
0
0
200
144
64
0
0
0
0
0
66
176
64
0
0
0
0
0
88
128
192
0
0
0
0
0
172
172
64
0
0
0
0
0
4
160
192
0
0
0
0
0
156
164
64
0
0
0
0
0
170
169
192
0
0
0
0
0
236
146
64
0
0
0
0
0
158
175
192
0
0
0
0
0
112
121
192
0
0
0
0
0
119
176
192
0
0
0
0
0
228
158
192
0
0
0
0
0
88
173
192
0
0
0
0
0
126
169
192
0
0
0
0
0
88
165
192
0
0
0
0
0
198
175
192
0
0
0
0
0
36
148
192
0
0
0
0
0
167
176
192
0
0
0
0
0
64
118
64
0
0
0
0
0
214
173
192
0
0
0
0
0
144
158
64
0
0
0
0
0
224
165
192
0
0
0
0
0
138
169
64
0
0
0
0
0
60
149
192
0
0
0
0
0
4
176
64
0
0
0
0
0
16
114
64
0
0
0
0
0
231
176
64
0
0
0
0
0
192
157
64
0
0
0
0
0
156
174
64
0
0
0
0
0
100
169
64
0
0
0
0
0
234
166
64
0
0
0
0
0
37
176
64
0
0
0
0
0
160
151
64
0
0
0
0
0
72
177
64
0
0
0
0
0
0
98
192
0
0
0
0
0
212
175
64
0
0
0
0
0
28
156
192
0
0
0
0
0
104
168
64
0
0
0
0
0
30
169
192
0
0
0
0
0
144
154
64
0
0
0
0
0
85
176
192
0
0
0
0
0
0
0
128
0
0
0
0
0
193
177
192
0
0
0
0
0
8
155
192
0
0
0
0
0
143
176
192
0
0
0
0
0
64
169
192
0
0
0
0
0
184
169
192
0
0
0
0
0
177
176
192
0
0
0
0
0
160
156
192
0
0
0
0
0
79
178
192
0
0
0
0
0
64
81
192
0
0
0
0
0
44
177
192
0
0
0
0
0
28
155
64
0
0
0
0
0
212
170
192
0
0
0
0
0
210
169
64
0
0
0
0
0
64
158
192
0
0
0
0
0
47
177
64
0
0
0
0
0
192
94
192
0
0
0
0
0
237
178
64
0
0
0
0
0
32
155
64
0
0
0
0
0
215
177
64
0
0
0
0
0
64
170
64
0
0
0
0
0
28
172
64
0
0
0
0
0
148
177
64
0
0
0
0
0
54
160
64
0
0
0
0
0
115
179
64
0
0
0
0
0
224
107
64
0
0
0
0
0
107
178
64
0
0
0
0
0
72
154
192
0
0
0
0
0
58
173
64
0
0
0
0
0
48
170
192
0
0
0
0
0
42
161
64
0
0
0
0
0
178
177
192
0
0
0
0
0
160
115
64
0
0
0
0
0
167
179
192
0
0
0
0
0
96
153
192
0
0
0
0
0
166
178
192
0
0
0
0
0
240
169
192
0
0
0
0
0
168
173
192
0
0
0
0
0
166
177
192
0
0
0
0
0
132
161
192
0
0
0
0
0
171
179
192
0
0
0
0
0
192
117
192
0
0
0
0
0
187
178
192
0
0
0
0
0
8
153
64
0
0
0
0
0
244
173
192
0
0
0
0
0
240
169
64
0
0
0
0
0
234
161
192
0
0
0
0
0
200
177
64
0
0
0
0
0
160
120
192
0
0
0
0
0
252
179
64
0
0
0
0
0
212
152
64
0
0
0
0
0
61
179
64
0
0
0
0
0
84
170
64
0
0
0
0
0
58
175
64
0
0
0
0
0
77
178
64
0
0
0
0
0
40
163
64
0
0
0
0
0
209
180
64
0
0
0
0
0
80
127
64
0
0
0
0
0
65
180
64
0
0
0
0
0
156
152
192
0
0
0
0
0
152
176
64
0
0
0
0
0
22
171
192
0
0
0
0
0
152
164
64
0
0
0
0
0
13
179
192
0
0
0
0
0
24
130
64
0
0
0
0
0
192
181
192
0
0
0
0
0
48
153
192
0
0
0
0
0
31
181
192
0
0
0
0
0
8
172
192
0
0
0
0
0
46
177
192
0
0
0
0
0
162
179
192
0
0
0
0
0
252
164
192
0
0
0
0
0
54
182
192
0
0
0
0
0
208
128
192
0
0
0
0
0
79
181
192
0
0
0
0
0
152
154
64
0
0
0
0
0
17
177
192
0
0
0
0
0
184
172
64
0
0
0
0
0
86
164
192
0
0
0
0
0
206
179
64
0
0
0
0
0
160
123
192
0
0
0
0
0
34
182
64
0
0
0
0
0
180
155
64
0
0
0
0
0
5
181
64
0
0
0
0
0
226
172
64
0
0
0
0
0
172
176
64
0
0
0
0
0
174
179
64
0
0
0
0
0
152
163
64
0
0
0
0
0
223
181
64
0
0
0
0
0
112
119
64
0
0
0
0
0
179
180
64
0
0
0
0
0
48
156
192
0
0
0
0
0
91
176
64
0
0
0
0
0
228
172
192
0
0
0
0
0
4
163
64
0
0
0
0
0
155
179
192
0
0
0
0
0
48
115
64
0
0
0
0
0
189
181
192
0
0
0
0
0
56
157
192
0
0
0
0
0
128
180
192
0
0
0
0
0
94
173
192
0
0
0
0
0
16
176
192
0
0
0
0
0
201
179
192
0
0
0
0
0
52
162
192
0
0
0
0
0
202
181
192
0
0
0
0
0
0
102
192
0
0
0
0
0
94
180
192
0
0
0
0
0
112
159
64
0
0
0
0
0
116
175
192
0
0
0
0
0
100
174
64
0
0
0
0
0
48
161
192
0
0
0
0
0
39
180
64
0
0
0
0
0
0
56
192
0
0
0
0
0
243
181
64
0
0
0
0
0
224
160
64
0
0
0
0
0
78
180
64
0
0
0
0
0
80
175
64
0
0
0
0
0
252
174
64
0
0
0
0
0
113
180
64
0
0
0
0
0
146
160
64
0
0
0
0
0
19
182
64
0
0
0
0
0
128
71
192
0
0
0
0
0
89
180
64
0
0
0
0
0
46
161
192
0
0
0
0
0
34
175
64
0
0
0
0
0
82
175
192
0
0
0
0
0
254
160
64
0
0
0
0
0
94
180
192
0
0
0
0
0
128
73
64
0
0
0
0
0
11
182
192
0
0
0
0
0
48
160
192
0
0
0
0
0
120
180
192
0
0
0
0
0
88
174
192
0
0
0
0
0
200
175
192
0
0
0
0
0
255
179
192
0
0
0
0
0
250
161
192
0
0
0
0
0
221
181
192
0
0
0
0
0
96
105
192
0
0
0
0
0
129
180
192
0
0
0
0
0
252
157
64
0
0
0
0
0
33
176
192
0
0
0
0
0
78
173
64
0
0
0
0
0
200
162
192
0
0
0
0
0
159
179
64
0
0
0
0
0
128
116
192
0
0
0
0
0
175
181
64
0
0
0
0
0
0
156
64
0
0
0
0
0
138
180
64
0
0
0
0
0
116
172
64
0
0
0
0
0
90
176
64
0
0
0
0
0
86
179
64
0
0
0
0
0
126
163
64
0
0
0
0
0
143
181
64
0
0
0
0
0
64
123
64
0
0
0
0
0
144
180
64
0
0
0
0
0
88
154
192
0
0
0
0
0
125
176
64
0
0
0
0
0
188
171
192
0
0
0
0
0
230
163
64
0
0
0
0
0
11
179
192
0
0
0
0
0
240
126
64
0
0
0
0
0
84
181
192
0
0
0
0
0
84
153
192
0
0
0
0
0
94
180
192
0
0
0
0
0
42
171
192
0
0
0
0
0
83
176
192
0
0
0
0
0
182
178
192
0
0
0
0
0
170
163
192
0
0
0
0
0
243
180
192
0
0
0
0
0
96
126
192
0
0
0
0
0
252
179
192
0
0
0
0
0
4
153
64
0
0
0
0
0
252
175
192
0
0
0
0
0
196
170
64
0
0
0
0
0
54
163
192
0
0
0
0
0
109
178
64
0
0
0
0
0
240
124
192
0
0
0
0
0
165
180
64
0
0
0
0
0
220
152
64
0
0
0
0
0
186
179
64
0
0
0
0
0
136
170
64
0
0
0
0
0
172
175
64
0
0
0
0
0
76
178
64
0
0
0
0
0
34
163
64
0
0
0
0
0
145
180
64
0
0
0
0
0
192
125
64
0
0
0
0
0
186
179
64
0
0
0
0
0
132
152
192
0
0
0
0
0
208
175
64
0
0
0
0
0
102
170
192
0
0
0
0
0
86
163
64
0
0
0
0
0
71
178
192
0
0
0
0
0
64
127
64
0
0
0
0
0
151
180
192
0
0
0
0
0
72
152
192
0
0
0
0
0
198
179
192
0
0
0
0
0
88
170
192
0
0
0
0
0
224
175
192
0
0
0
0
0
67
178
192
0
0
0
0
0
88
163
192
0
0
0
0
0
142
180
192
0
0
0
0
0
240
126
192
0
0
0
0
0
180
179
192
0
0
0
0
0
84
152
64
0
0
0
0
0
182
175
192
0
0
0
0
0
78
170
64
0
0
0
0
0
54
163
192
0
0
0
0
0
51
178
64
0
0
0
0
0
160
126
192
0
0
0
0
0
121
180
64
0
0
0
0
0
40
152
64
0
0
0
0
0
163
179
64
0
0
0
0
0
30
170
64
0
0
0
0
0
174
175
64
0
0
0
0
0
24
178
64
0
0
0
0
0
86
163
64
0
0
0
0
0
101
180
64
0
0
0
0
0
120
128
64
0
0
0
0
0
161
179
64
0
0
0
0
0
92
151
192
0
0
0
0
0
214
175
64
0
0
0
0
0
176
169
192
0
0
0
0
0
170
163
64
0
0
0
0
0
230
177
192
0
0
0
0
0
80
130
64
0
0
0
0
0
64
180
192
0
0
0
0
0
68
150
192
0
0
0
0
0
141
179
192
0
0
0
0
0
22
169
192
0
0
0
0
0
214
175
192
0
0
0
0
0
154
177
192
0
0
0
0
0
0
0
0
0
0
0
0
0
0
0
0
0
0
0
0
0
0
0
0
0
0
0
0
0
0
0
0
0
0
0
0
0
0
0
0
0
0
0
0
0
0
0
0
0
0
0
0
0
0
0
0
0
0
0
0
0
0
0
0
0
0
0
0
0
0
0
0
0
0
0
0
0
0
0
0
0
0
0
0
0
0
0
0
0
0
0
0
0
0
0
0
0
0
0
0
0
0
0
0
0
0
0
0
0
0
0
0
0
0
0
0
0
0
0
0
0
0
0
0
0
0
0
0
0
0
0
0
0
0
0
0
0
0
0
0
0
0
0
0
0
0
0
0
0
0
0
0
0
0
0
0
0
0
0
0
0
0
0
0
0
0
0
0
0
0
0
0
0
0
0
0
0
0
0
0
0
0
0
0
0
0
0
0
0
0
0
0
0
0
0
0
0
0
0
0
0
0
0
0
0
0
0
0
0
0
0
0
0
0
0
0
0
0
0
0
0
0
0
0
0
0
0
0
0
0
0
0
0
0
0
0
0
0
0
0
0
0
0
0
0
0
0
0
0
0
0
0
0
0
0
0
0
0
0
0
0
0
0
0
0
0
0
0
0
0
0
0
0
0
0
0
0
0
0
0
0
0
0
0
0
0
0
0
0
0
0
0
0
0
0
0
0
0
0
0
0
0
0
0
0
0
0
0
0
0
0
0
0
0
0
0
0
0
0
0
0
0
0
0
0
0
0
0
0
0
0
0
0
0
0
0
0
0
0
0
0
0
0
0
0
0
0
0
0
0
0
0
0
0
0
0
0
0
0
0
0
0
0
0
0
0
0
0
0
0
0
0
0
0
0
0
0
0
0
0
0
0
0
0
0
0
0
0
0
0
0
0
0
0
0
0
0
0
0
0
0
0
0
0
0
0
0
0
0
0
0
0
0
0
0
0
0
0
0
0
0
0
0
0
0
0
0
0
0
0
0
0
0
0
0
0
0
0
0
0
0
0
0
0
0
0
0
0
0
0
0
0
0
0
0
0
0
0
0
0
0
0
0
0
0
0
0
0
0
0
0
0
0
0
0
0
0
0
0
0
0
0
0
0
0
0
0
0
0
0
0
0
0
0
0
0
0
0
0
0
0
0
0
0
0
0
0
0
0
0
0
0
0
0
0
0
0
0
0
0
0
0
0
0
0
0
0
0
0
0
0
0
0
0
0
0
0
0
0
0
0
0
0
0
0
0
0
0
0
0
0
0
0
0
0
0
0
0
0
0
0
0
0
0
0
0
0
0
0
0
0
0
0
0
0
0
0
0
0
0
0
0
0
0
0
0
0
0
0
0
0
0
0
0
0
0
0
0
0
0
0
0
0
0
0
0
0
0
0
0
0
0
0
0
0
0
0
0
0
0
0
0
0
0
0
0
0
0
0
0
0
0
0
0
0
0
0
0
0
0
0
0
0
0
0
0
0
0
0
0
0
0
0
0
0
0
0
0
0
0
0
0
0
0
0
0
0
0
0
0
0
0
0
0
0
0
0
0
0
0
0
0
0
0
0
0
0
0
0
0
0
0
0
0
0
0
0
0
0
0
0
0
0
0
0
0
0
0
0
0
0
0
0
0
0
0
0
0
0
0
0
0
0
0
0
0
0
0
0
0
0
0
0
0
0
0
0
0
0
0
0
0
0
0
0
0
0
0
0
0
0
0
0
0
0
0
0
0
0
0
0
0
0
0
0
0
0
0
0
0
0
0
0
0
0
0
0
0
0
0
0
0
0
0
0
0
0
0
0
0
0
0
0
0
0
0
0
0
0
0
0
0
0
0
0
0
0
0
0
0
0
0
0
0
0
0
0
0
0
0
0
0
0
0
0
0
0
0
0
0
0
0
0
0
0
0
0
0
0
0
0
0
0
0
0
0
0
0
0
0
0
0
0
0
0
0
0
0
0
0
0
0
0
0
0
0
0
0
0
0
0
0
0
0
0
0
0
0
0
0
0
0
0
0
0
0
0
0
0
0
0
0
0
0
0
0
0
0
0
0
0
0
0
0
0
0
0
0
0
0
0
0
0
0
0
0
0
0
0
0
0
0
0
0
0
0
0
0
0
0
0
0
0
0
0
0
0
0
0
0
0
0
0
0
0
0
0
0
0
0
0
0
0
0
0
0
0
0
0
0
0
0
0
0
0
0
0
0
0
0
0
0
0
0
0
0
0
0
0
0
0
0
0
0
0
0
0
0
0
0
0
0
0
0
0
0
0
0
0
0
0
0
0
0
0
0
0
0
0
0
0
0
0
0
0
0
0
0
0
0
0
0
0
0
0
0
0
0
0
0
0
0
0
0
0
0
0
0
0
0
0
0
0
0
0
0
0
0
0
0
0
0
0
0
0
0
0
0
0
0
0
0
0
0
0
0
0
0
0
0
0
0
0
0
0
0
0
0
0
0
0
0
0
0
0
0
0
0
0
0
0
0
0
0
0
0
0
0
0
0
0
0
0
0
0
0
0
0
0
0
0
0
0
0
0
0
0
0
0
0
0
0
0
0
0
0
0
0
0
0
0
0
0
0
0
0
0
0
0
0
0
0
0
0
0
0
0
0
0
0
0
0
0
0
0
0
0
0
0
0
0
0
0
0
0
0
0
0
0
0
0
0
0
0
0
0
0
0
0
0
0
0
0
0
0
0
0
0
0
0
0
0
0
0
0
0
0
0
0
0
0
0
0
0
0
0
0
0
0
0
0
0
0
0
0
0
0
0
0
0
0
0
0
0
0
0
0