58
70
65
67
84
58
67
68
65
84
49
56
58
68
65
84
65
32
35
57
48
48
48
48
48
54
57
51
54
0
180
168
192
0
0
0
0
0
96
98
64
0
0
0
0
0
120
171
192
0
0
0
0
0
204
146
192
0
0
0
0
0
62
170
192
0
0
0
0
0
214
162
192
0
0
0
0
0
16
165
192
0
0
0
0
0
176
169
192
0
0
0
0
0
40
153
192
0
0
0
0
0
202
172
192
0
0
0
0
0
0
112
192
0
0
0
0
0
140
171
192
0
0
0
0
0
16
146
64
0
0
0
0
0
26
166
192
0
0
0
0
0
190
162
64
0
0
0
0
0
168
154
192
0
0
0
0
0
142
169
64
0
0
0
0
0
96
117
192
0
0
0
0
0
100
172
64
0
0
0
0
0
64
144
64
0
0
0
0
0
230
170
64
0
0
0
0
0
94
161
64
0
0
0
0
0
116
165
64
0
0
0
0
0
184
167
64
0
0
0
0
0
24
154
64
0
0
0
0
0
92
170
64
0
0
0
0
0
128
120
64
0
0
0
0
0
26
169
64
0
0
0
0
0
240
139
192
0
0
0
0
0
72
164
64
0
0
0
0
0
96
159
192
0
0
0
0
0
104
153
64
0
0
0
0
0
228
165
192
0
0
0
0
0
224
123
64
0
0
0
0
0
216
168
192
0
0
0
0
0
96
136
192
0
0
0
0
0
50
168
192
0
0
0
0
0
116
157
192
0
0
0
0
0
20
164
192
0
0
0
0
0
54
165
192
0
0
0
0
0
36
154
192
0
0
0
0
0
158
168
192
0
0
0
0
0
136
128
192
0
0
0
0
0
106
168
192
0
0
0
0
0
208
133
64
0
0
0
0
0
148
164
192
0
0
0
0
0
136
156
64
0
0
0
0
0
88
155
192
0
0
0
0
0
242
164
64
0
0
0
0
0
248
130
192
0
0
0
0
0
116
168
64
0
0
0
0
0
48
131
64
0
0
0
0
0
62
168
64
0
0
0
0
0
228
154
64
0
0
0
0
0
106
164
64
0
0
0
0
0
224
163
64
0
0
0
0
0
68
155
64
0
0
0
0
0
42
167
64
0
0
0
0
0
40
132
64
0
0
0
0
0
246
166
64
0
0
0
0
0
8
128
192
0
0
0
0
0
110
163
64
0
0
0
0
0
88
152
192
0
0
0
0
0
112
154
64
0
0
0
0
0
84
162
192
0
0
0
0
0
32
133
64
0
0
0
0
0
182
165
192
0
0
0
0
0
16
122
192
0
0
0
0
0
238
165
192
0
0
0
0
0
116
150
192
0
0
0
0
0
4
163
192
0
0
0
0
0
138
161
192
0
0
0
0
0
196
154
192
0
0
0
0
0
78
165
192
0
0
0
0
0
48
135
192
0
0
0
0
0
240
165
192
0
0
0
0
0
48
117
64
0
0
0
0
0
74
163
192
0
0
0
0
0
108
149
64
0
0
0
0
0
124
155
192
0
0
0
0
0
24
161
64
0
0
0
0
0
192
136
192
0
0
0
0
0
188
164
64
0
0
0
0
0
128
112
64
0
0
0
0
0
6
165
64
0
0
0
0
0
0
147
64
0
0
0
0
0
0
162
64
0
0
0
0
0
148
157
64
0
0
0
0
0
192
152
64
0
0
0
0
0
14
161
64
0
0
0
0
0
184
133
64
0
0
0
0
0
40
160
64
0
0
0
0
0
224
100
192
0
0
0
0
0
96
153
64
0
0
0
0
0
192
137
192
0
0
0
0
0
104
143
64
0
0
0
0
0
40
146
192
0
0
0
0
0
128
120
64
0
0
0
0
0
52
146
192
0
0
0
0
0
128
76
192
0
0
0
0
0
96
140
192
0
0
0
0
0
0
112
192
0
0
0
0
0
168
128
192
0
0
0
0
0
96
106
192
0
0
0
0
0
96
104
192
0
0
0
0
0
0
0
64
0
0
0
0
0
0
36
192
0
0
0
0
0
192
107
64
0
0
0
0
0
0
49
192
0
0
0
0
0
176
118
64
0
0
0
0
0
0
102
192
0
0
0
0
0
0
118
64
0
0
0
0
0
64
120
192
0
0
0
0
0
32
105
64
0
0
0
0
0
0
129
192
0
0
0
0
0
0
48
192
0
0
0
0
0
240
129
192
0
0
0
0
0
96
105
192
0
0
0
0
0
80
125
192
0
0
0
0
0
176
113
192
0
0
0
0
0
192
113
192
0
0
0
0
0
128
109
192
0
0
0
0
0
64
90
192
0
0
0
0
0
128
88
192
0
0
0
0
0
0
34
192
0
0
0
0
0
128
74
64
0
0
0
0
0
0
65
192
0
0
0
0
0
96
97
64
0
0
0
0
0
160
98
192
0
0
0
0
0
0
94
64
0
0
0
0
0
64
114
192
0
0
0
0
0
0
24
64
0
0
0
0
0
48
120
192
0
0
0
0
0
32
98
192
0
0
0
0
0
0
120
192
0
0
0
0
0
48
112
192
0
0
0
0
0
224
113
192
0
0
0
0
0
192
113
192
0
0
0
0
0
160
97
192
0
0
0
0
0
192
106
192
0
0
0
0
0
0
53
192
0
0
0
0
0
0
86
192
0
0
0
0
0
0
51
64
0
0
0
0
0
0
58
64
0
0
0
0
0
0
66
192
0
0
0
0
0
64
80
64
0
0
0
0
0
224
98
192
0
0
0
0
0
0
44
64
0
0
0
0
0
112
112
192
0
0
0
0
0
128
89
192
0
0
0
0
0
112
115
192
0
0
0
0
0
192
107
192
0
0
0
0
0
208
112
192
0
0
0
0
0
224
113
192
0
0
0
0
0
224
99
192
0
0
0
0
0
112
112
192
0
0
0
0
0
128
66
192
0
0
0
0
0
224
100
192
0
0
0
0
0
128
66
64
0
0
0
0
0
128
74
192
0
0
0
0
0
0
57
64
0
0
0
0
0
0
52
64
0
0
0
0
0
0
78
192
0
0
0
0
0
0
44
64
0
0
0
0
0
96
101
192
0
0
0
0
0
128
81
192
0
0
0
0
0
224
110
192
0
0
0
0
0
32
103
192
0
0
0
0
0
192
110
192
0
0
0
0
0
240
112
192
0
0
0
0
0
0
101
192
0
0
0
0
0
176
113
192
0
0
0
0
0
128
74
192
0
0
0
0
0
0
107
192
0
0
0
0
0
0
68
64
0
0
0
0
0
64
91
192
0
0
0
0
0
0
79
64
0
0
0
0
0
0
49
192
0
0
0
0
0
0
8
64
0
0
0
0
0
0
32
64
0
0
0
0
0
128
88
192
0
0
0
0
0
0
71
192
0
0
0
0
0
160
103
192
0
0
0
0
0
192
98
192
0
0
0
0
0
96
107
192
0
0
0
0
0
224
110
192
0
0
0
0
0
64
101
192
0
0
0
0
0
240
113
192
0
0
0
0
0
192
80
192
0
0
0
0
0
0
111
192
0
0
0
0
0
128
65
64
0
0
0
0
0
32
99
192
0
0
0
0
0
128
84
64
0
0
0
0
0
128
74
192
0
0
0
0
0
0
74
64
0
0
0
0
0
0
0
192
0
0
0
0
0
0
67
192
0
0
0
0
0
0
61
192
0
0
0
0
0
0
97
192
0
0
0
0
0
128
93
192
0
0
0
0
0
160
103
192
0
0
0
0
0
160
107
192
0
0
0
0
0
224
100
192
0
0
0
0
0
144
113
192
0
0
0
0
0
0
84
192
0
0
0
0
0
192
112
192
0
0
0
0
0
0
57
64
0
0
0
0
0
128
103
192
0
0
0
0
0
64
87
64
0
0
0
0
0
128
85
192
0
0
0
0
0
192
85
64
0
0
0
0
0
0
48
192
0
0
0
0
0
0
44
64
0
0
0
0
0
0
51
192
0
0
0
0
0
128
85
192
0
0
0
0
0
128
86
192
0
0
0
0
0
160
99
192
0
0
0
0
0
0
104
192
0
0
0
0
0
224
99
192
0
0
0
0
0
208
112
192
0
0
0
0
0
128
86
192
0
0
0
0
0
112
113
192
0
0
0
0
0
0
42
64
0
0
0
0
0
64
107
192
0
0
0
0
0
0
88
64
0
0
0
0
0
128
93
192
0
0
0
0
0
128
92
64
0
0
0
0
0
0
65
192
0
0
0
0
0
128
77
64
0
0
0
0
0
0
42
192
0
0
0
0
0
0
67
192
0
0
0
0
0
64
80
192
0
0
0
0
0
128
94
192
0
0
0
0
0
64
100
192
0
0
0
0
0
96
98
192
0
0
0
0
0
96
111
192
0
0
0
0
0
64
88
192
0
0
0
0
0
176
113
192
0
0
0
0
0
0
0
128
0
0
0
0
0
64
110
192
0
0
0
0
0
64
87
64
0
0
0
0
0
128
98
192
0
0
0
0
0
160
96
64
0
0
0
0
0
128
75
192
0
0
0
0
0
192
88
64
0
0
0
0
0
0
42
192
0
0
0
0
0
0
32
64
0
0
0
0
0
128
69
192
0
0
0
0
0
192
84
192
0
0
0
0
0
128
96
192
0
0
0
0
0
32
96
192
0
0
0
0
0
128
108
192
0
0
0
0
0
64
89
192
0
0
0
0
0
144
113
192
0
0
0
0
0
0
42
192
0
0
0
0
0
64
112
192
0
0
0
0
0
192
85
64
0
0
0
0
0
64
102
192
0
0
0
0
0
96
98
64
0
0
0
0
0
192
83
192
0
0
0
0
0
192
96
64
0
0
0
0
0
0
48
192
0
0
0
0
0
0
77
64
0
0
0
0
0
0
58
192
0
0
0
0
0
0
68
192
0
0
0
0
0
0
89
192
0
0
0
0
0
0
90
192
0
0
0
0
0
0
105
192
0
0
0
0
0
192
88
192
0
0
0
0
0
240
112
192
0
0
0
0
0
0
57
192
0
0
0
0
0
32
113
192
0
0
0
0
0
128
83
64
0
0
0
0
0
224
105
192
0
0
0
0
0
128
99
64
0
0
0
0
0
128
90
192
0
0
0
0
0
224
100
64
0
0
0
0
0
0
58
192
0
0
0
0
0
192
90
64
0
0
0
0
0
0
40
192
0
0
0
0
0
0
32
64
0
0
0
0
0
192
80
192
0
0
0
0
0
192
81
192
0
0
0
0
0
192
100
192
0
0
0
0
0
128
86
192
0
0
0
0
0
160
111
192
0
0
0
0
0
128
65
192
0
0
0
0
0
144
113
192
0
0
0
0
0
128
80
64
0
0
0
0
0
32
109
192
0
0
0
0
0
0
100
64
0
0
0
0
0
0
97
192
0
0
0
0
0
160
104
64
0
0
0
0
0
128
68
192
0
0
0
0
0
224
99
64
0
0
0
0
0
0
240
63
0
0
0
0
0
192
80
64
0
0
0
0
0
128
64
192
0
0
0
0
0
0
60
192
0
0
0
0
0
64
95
192
0
0
0
0
0
0
82
192
0
0
0
0
0
0
108
192
0
0
0
0
0
128
68
192
0
0
0
0
0
96
113
192
0
0
0
0
0
0
74
64
0
0
0
0
0
16
112
192
0
0
0
0
0
224
99
64
0
0
0
0
0
64
101
192
0
0
0
0
0
0
108
64
0
0
0
0
0
128
79
192
0
0
0
0
0
224
106
64
0
0
0
0
0
0
32
64
0
0
0
0
0
32
97
64
0
0
0
0
0
0
24
64
0
0
0
0
0
0
64
64
0
0
0
0
0
192
81
192
0
0
0
0
0
0
68
192
0
0
0
0
0
96
102
192
0
0
0
0
0
0
68
192
0
0
0
0
0
80
112
192
0
0
0
0
0
0
66
64
0
0
0
0
0
16
113
192
0
0
0
0
0
224
98
64
0
0
0
0
0
192
105
192
0
0
0
0
0
0
111
64
0
0
0
0
0
0
87
192
0
0
0
0
0
64
113
64
0
0
0
0
0
0
34
64
0
0
0
0
0
0
108
64
0
0
0
0
0
128
71
64
0
0
0
0
0
128
93
64
0
0
0
0
0
0
0
192
0
0
0
0
0
0
49
64
0
0
0
0
0
128
90
192
0
0
0
0
0
0
56
192
0
0
0
0
0
32
107
192
0
0
0
0
0
0
53
64
0
0
0
0
0
16
113
192
0
0
0
0
0
224
96
64
0
0
0
0
0
32
110
192
0
0
0
0
0
128
112
64
0
0
0
0
0
128
96
192
0
0
0
0
0
160
117
64
0
0
0
0
0
0
8
64
0
0
0
0
0
64
117
64
0
0
0
0
0
192
88
64
0
0
0
0
0
32
111
64
0
0
0
0
0
0
91
64
0
0
0
0
0
0
94
64
0
0
0
0
0
0
56
64
0
0
0
0
0
0
52
64
0
0
0
0
0
0
92
192
0
0
0
0
0
0
38
64
0
0
0
0
0
192
108
192
0
0
0
0
0
128
89
64
0
0
0
0
0
112
112
192
0
0
0
0
0
112
112
64
0
0
0
0
0
0
103
192
0
0
0
0
0
144
122
64
0
0
0
0
0
0
46
192
0
0
0
0
0
240
127
64
0
0
0
0
0
224
101
64
0
0
0
0
0
240
125
64
0
0
0
0
0
240
114
64
0
0
0
0
0
32
117
64
0
0
0
0
0
48
115
64
0
0
0
0
0
32
99
64
0
0
0
0
0
160
102
64
0
0
0
0
0
0
50
64
0
0
0
0
0
0
52
192
0
0
0
0
0
0
38
64
0
0
0
0
0
224
104
192
0
0
0
0
0
192
102
64
0
0
0
0
0
160
109
192
0
0
0
0
0
64
126
64
0
0
0
0
0
128
77
192
0
0
0
0
0
168
137
64
0
0
0
0
0
112
117
64
0
0
0
0
0
128
144
64
0
0
0
0
0
0
140
64
0
0
0
0
0
156
144
64
0
0
0
0
0
224
150
64
0
0
0
0
0
248
135
64
0
0
0
0
0
100
157
64
0
0
0
0
0
64
102
64
0
0
0
0
0
84
159
64
0
0
0
0
0
0
131
192
0
0
0
0
0
120
155
64
0
0
0
0
0
92
150
192
0
0
0
0
0
248
145
64
0
0
0
0
0
124
160
192
0
0
0
0
0
80
113
64
0
0
0
0
0
112
163
192
0
0
0
0
0
248
133
192
0
0
0
0
0
82
163
192
0
0
0
0
0
40
153
192
0
0
0
0
0
16
160
192
0
0
0
0
0
214
161
192
0
0
0
0
0
104
148
192
0
0
0
0
0
98
164
192
0
0
0
0
0
224
117
192
0
0
0
0
0
222
163
192
0
0
0
0
0
128
132
64
0
0
0
0
0
110
160
192
0
0
0
0
0
88
152
64
0
0
0
0
0
68
149
192
0
0
0
0
0
108
161
64
0
0
0
0
0
128
122
192
0
0
0
0
0
42
164
64
0
0
0
0
0
40
130
64
0
0
0
0
0
10
164
64
0
0
0
0
0
184
151
64
0
0
0
0
0
6
161
64
0
0
0
0
0
168
161
64
0
0
0
0
0
236
150
64
0
0
0
0
0
10
165
64
0
0
0
0
0
16
128
64
0
0
0
0
0
104
165
64
0
0
0
0
0
64
129
192
0
0
0
0
0
138
162
64
0
0
0
0
0
168
152
192
0
0
0
0
0
112
153
64
0
0
0
0
0
192
162
192
0
0
0
0
0
8
131
64
0
0
0
0
0
130
166
192
0
0
0
0
0
160
128
192
0
0
0
0
0
226
166
192
0
0
0
0
0
36
153
192
0
0
0
0
0
194
163
192
0
0
0
0
0
38
163
192
0
0
0
0
0
44
155
192
0
0
0
0
0
212
166
192
0
0
0
0
0
112
133
192
0
0
0
0
0
20
167
192
0
0
0
0
0
240
124
64
0
0
0
0
0
238
163
192
0
0
0
0
0
244
151
64
0
0
0
0
0
208
155
192
0
0
0
0
0
132
162
64
0
0
0
0
0
168
135
192
0
0
0
0
0
90
166
64
0
0
0
0
0
112
119
64
0
0
0
0
0
252
166
64
0
0
0
0
0
232
150
64
0
0
0
0
0
86
164
64
0
0
0
0
0
126
162
64
0
0
0
0
0
104
157
64
0
0
0
0
0
16
167
64
0
0
0
0
0
0
139
64
0
0
0
0
0
104
168
64
0
0
0
0
0
32
116
192
0
0
0
0
0
36
166
64
0
0
0
0
0
160
151
192
0
0
0
0
0
102
160
64
0
0
0
0
0
192
163
192
0
0
0
0
0
128
143
64
0
0
0
0
0
0
169
192
0
0
0
0
0
144
113
192
0
0
0
0
0
146
170
192
0
0
0
0
0
112
152
192
0
0
0
0
0
16
168
192
0
0
0
0
0
136
164
192
0
0
0
0
0
202
161
192
0
0
0
0
0
188
169
192
0
0
0
0
0
124
145
192
0
0
0
0
0
254
170
192
0
0
0
0
0
96
105
64
0
0
0
0
0
42
168
192
0
0
0
0
0
4
151
64
0
0
0
0
0
208
161
192
0
0
0
0
0
124
163
64
0
0
0
0
0
20
146
192
0
0
0
0
0
96
168
64
0
0
0
0
0
0
89
64
0
0
0
0
0
150
169
64
0
0
0
0
0
108
148
64
0
0
0
0
0
24
167
64
0
0
0
0
0
250
161
64
0
0
0
0
0
92
161
64
0
0
0
0
0
16
167
64
0
0
0
0
0
128
146
64
0
0
0
0
0
210
168
64
0
0
0
0
0
0
50
192
0
0
0
0
0
2
167
64
0
0
0
0
0
20
147
192
0
0
0
0
0
208
161
64
0
0
0
0
0
168
161
192
0
0
0
0
0
208
147
64
0
0
0
0
0
74
167
192
0
0
0
0
0
128
71
64
0
0
0
0
0
138
169
192
0
0
0
0
0
200
146
192
0
0
0
0
0
254
167
192
0
0
0
0
0
220
161
192
0
0
0
0
0
200
162
192
0
0
0
0
0
178
167
192
0
0
0
0
0
100
149
192
0
0
0
0
0
246
169
192
0
0
0
0
0
64
95
192
0
0
0
0
0
82
168
192
0
0
0
0
0
172
145
64
0
0
0
0
0
20
163
192
0
0
0
0
0
58
161
64
0
0
0
0
0
56
150
192
0
0
0
0
0
242
166
64
0
0
0
0
0
96
106
192
0
0
0
0
0
56
169
64
0
0
0
0
0
160
143
64
0
0
0
0
0
202
167
64
0
0
0
0
0
48
160
64
0
0
0
0
0
242
162
64
0
0
0
0
0
16
166
64
0
0
0
0
0
208
150
64
0
0
0
0
0
188
168
64
0
0
0
0
0
240
113
64
0
0
0
0
0
206
167
64
0
0
0
0
0
40
141
192
0
0
0
0
0
98
163
64
0
0
0
0
0
164
159
192
0
0
0
0
0
16
152
64
0
0
0
0
0
24
166
192
0
0
0
0
0
112
118
64
0
0
0
0
0
36
169
192
0
0
0
0
0
184
139
192
0
0
0
0
0
112
168
192
0
0
0
0
0
88
159
192
0
0
0
0
0
12
164
192
0
0
0
0
0
10
166
192
0
0
0
0
0
68
153
192
0
0
0
0
0
14
169
192
0
0
0
0
0
0
123
192
0
0
0
0
0
72
168
192
0
0
0
0
0
0
137
64
0
0
0
0
0
236
163
192
0
0
0
0
0
140
157
64
0
0
0
0
0
124
153
192
0
0
0
0
0
234
164
64
0
0
0
0
0
32
127
192
0
0
0
0
0
220
167
64
0
0
0
0
0
64
133
64
0
0
0
0
0
72
167
64
0
0
0
0
0
28
155
64
0
0
0
0
0
94
163
64
0
0
0
0
0
180
163
64
0
0
0
0
0
120
153
64
0
0
0
0
0
246
166
64
0
0
0
0
0
96
129
64
0
0
0
0
0
224
166
64
0
0
0
0
0
152
130
192
0
0
0
0
0
116
163
64
0
0
0
0
0
240
153
192
0
0
0
0
0
76
154
64
0
0
0
0
0
110
163
192
0
0
0
0
0
104
131
64
0
0
0
0
0
14
167
192
0
0
0
0
0
240
128
192
0
0
0
0
0
72
167
192
0
0
0
0
0
132
153
192
0
0
0
0
0
8
164
192
0
0
0
0
0
106
163
192
0
0
0
0
0
140
155
192
0
0
0
0
0
50
167
192
0
0
0
0
0
200
133
192
0
0
0
0
0
140
167
192
0
0
0
0
0
128
125
64
0
0
0
0
0
114
164
192
0
0
0
0
0
144
152
64
0
0
0
0
0
176
156
192
0
0
0
0
0
26
163
64
0
0
0
0
0
136
136
192
0
0
0
0
0
48
167
64
0
0
0
0
0
144
120
64
0
0
0
0
0
244
167
64
0
0
0
0
0
248
151
64
0
0
0
0
0
64
165
64
0
0
0
0
0
96
163
64
0
0
0
0
0
192
158
64
0
0
0
0
0
36
168
64
0
0
0
0
0
48
140
64
0
0
0
0
0
122
169
64
0
0
0
0
0
32
117
192
0
0
0
0
0
6
167
64
0
0
0
0
0
152
152
192
0
0
0
0
0
246
160
64
0
0
0
0
0
112
164
192
0
0
0
0
0
52
144
64
0
0
0
0
0
184
169
192
0
0
0
0
0
240
113
192
0
0
0
0
0
44
171
192
0
0
0
0
0
212
152
192
0
0
0
0
0
120
168
192
0
0
0
0
0
194
164
192
0
0
0
0
0
2
162
192
0
0
0
0
0
238
169
192
0
0
0
0
0
164
145
192
0
0
0
0
0
38
171
192
0
0
0
0
0
96
105
64
0
0
0
0
0
82
168
192
0
0
0
0
0
40
151
64
0
0
0
0
0
254
161
192
0
0
0
0
0
174
163
64
0
0
0
0
0
92
146
192
0
0
0
0
0
202
168
64
0
0
0
0
0
64
90
64
0
0
0
0
0
74
170
64
0
0
0
0
0
84
149
64
0
0
0
0
0
14
168
64
0
0
0
0
0
18
163
64
0
0
0
0
0
100
162
64
0
0
0
0
0
240
168
64
0
0
0
0
0
244
147
64
0
0
0
0
0
102
171
64
0
0
0
0
0
0
55
192
0
0
0
0
0
238
169
64
0
0
0
0
0
140
149
192
0
0
0
0
0
126
164
64
0
0
0
0
0
80
164
192
0
0
0
0
0
60
151
64
0
0
0
0
0
76
171
192
0
0
0
0
0
128
77
64
0
0
0
0
0
116
174
192
0
0
0
0
0
160
150
192
0
0
0
0
0
4
173
192
0
0
0
0
0
206
165
192
0
0
0
0
0
0
167
192
0
0
0
0
0
50
173
192
0
0
0
0
0
120
154
192
0
0
0
0
0
24
176
192
0
0
0
0
0
64
100
192
0
0
0
0
0
66
174
192
0
0
0
0
0
224
149
64
0
0
0
0
0
192
167
192
0
0
0
0
0
98
165
64
0
0
0
0
0
152
155
192
0
0
0
0
0
110
172
64
0
0
0
0
0
80
112
192
0
0
0
0
0
22
175
64
0
0
0
0
0
84
147
64
0
0
0
0
0
28
173
64
0
0
0
0
0
160
163
64
0
0
0
0
0
246
166
64
0
0
0
0
0
122
170
64
0
0
0
0
0
92
155
64
0
0
0
0
0
98
173
64
0
0
0
0
0
48
117
64
0
0
0
0
0
8
172
64
0
0
0
0
0
44
145
192
0
0
0
0
0
170
166
64
0
0
0
0
0
128
162
192
0
0
0
0
0
12
156
64
0
0
0
0
0
188
169
192
0
0
0
0
0
64
122
64
0
0
0
0
0
66
173
192
0
0
0
0
0
32
144
192
0
0
0
0
0
132
172
192
0
0
0
0
0
92
162
192
0
0
0
0
0
140
167
192
0
0
0
0
0
18
170
192
0
0
0
0
0
252
157
192
0
0
0
0
0
252
173
192
0
0
0
0
0
96
128
192
0
0
0
0
0
116
173
192
0
0
0
0
0
40
142
64
0
0
0
0
0
132
168
192
0
0
0
0
0
30
162
64
0
0
0
0
0
204
159
192
0
0
0
0
0
6
170
64
0
0
0
0
0
176
131
192
0
0
0
0
0
14
174
64
0
0
0
0
0
240
138
64
0
0
0
0
0
156
173
64
0
0
0
0
0
82
161
64
0
0
0
0
0
200
168
64
0
0
0
0
0
64
169
64
0
0
0
0
0
84
160
64
0
0
0
0
0
92
173
64
0
0
0
0
0
64
134
64
0
0
0
0
0
20
173
64
0
0
0
0
0
152
135
192
0
0
0
0
0
128
168
64
0
0
0
0
0
80
160
192
0
0
0
0
0
96
160
64
0
0
0
0
0
36
168
192
0
0
0
0
0
240
135
64
0
0
0
0
0
64
172
192
0
0
0
0
0
80
132
192
0
0
0
0
0
26
172
192
0
0
0
0
0
64
158
192
0
0
0
0
0
210
167
192
0
0
0
0
0
178
166
192
0
0
0
0
0
36
160
192
0
0
0
0
0
194
170
192
0
0
0
0
0
64
137
192
0
0
0
0
0
214
170
192
0
0
0
0
0
184
128
64
0
0
0
0
0
12
167
192
0
0
0
0
0
172
155
64
0
0
0
0
0
6
160
192
0
0
0
0
0
84
165
64
0
0
0
0
0
40
139
192
0
0
0
0
0
174
169
64
0
0
0
0
0
16
123
64
0
0
0
0
0
90
170
64
0
0
0
0
0
60
154
64
0
0
0
0
0
60
167
64
0
0
0
0
0
24
165
64
0
0
0
0
0
184
160
64
0
0
0
0
0
40
170
64
0
0
0
0
0
120
142
64
0
0
0
0
0
122
171
64
0
0
0
0
0
224
118
192
0
0
0
0
0
184
168
64
0
0
0
0
0
112
154
192
0
0
0
0
0
38
162
64
0
0
0
0
0
224
165
192
0
0
0
0
0
72
145
64
0
0
0
0
0
106
171
192
0
0
0
0
0
240
114
192
0
0
0
0
0
224
172
192
0
0
0
0
0
72
154
192
0
0
0
0
0
240
169
192
0
0
0
0
0
238
165
192
0
0
0
0
0
12
163
192
0
0
0
0
0
86
171
192
0
0
0
0
0
168
146
192
0
0
0
0
0
144
172
192
0
0
0
0
0
64
106
64
0
0
0
0
0
136
169
192
0
0
0
0
0
68
152
64
0
0
0
0
0
212
162
192
0
0
0
0
0
146
164
64
0
0
0
0
0
36
147
192
0
0
0
0
0
206
169
64
0
0
0
0
0
0
91
64
0
0
0
0
0
52
171
64
0
0
0
0
0
228
149
64
0
0
0
0
0
180
168
64
0
0
0
0
0
104
163
64
0
0
0
0
0
180
162
64
0
0
0
0
0
28
169
64
0
0
0
0
0
16
148
64
0
0
0
0
0
66
171
64
0
0
0
0
0
0
56
192
0
0
0
0
0
126
169
64
0
0
0
0
0
56
149
192
0
0
0
0
0
236
163
64
0
0
0
0
0
196
163
192
0
0
0
0
0
88
150
64
0
0
0
0
0
74
170
192
0
0
0
0
0
128
75
64
0
0
0
0
0
22
173
192
0
0
0
0
0
132
149
192
0
0
0
0
0
142
171
192
0
0
0
0
0
166
164
192
0
0
0
0
0
198
165
192
0
0
0
0
0
166
171
192
0
0
0
0
0
12
153
192
0
0
0
0
0
146
174
192
0
0
0
0
0
64
99
192
0
0
0
0
0
230
172
192
0
0
0
0
0
228
148
64
0
0
0
0
0
226
166
192
0
0
0
0
0
152
164
64
0
0
0
0
0
224
154
192
0
0
0
0
0
174
171
64
0
0
0
0
0
48
112
192
0
0
0
0
0
166
174
64
0
0
0
0
0
80
147
64
0
0
0
0
0
26
173
64
0
0
0
0
0
226
163
64
0
0
0
0
0
72
167
64
0
0
0
0
0
52
171
64
0
0
0
0
0
32
156
64
0
0
0
0
0
144
174
64
0
0
0
0
0
32
118
64
0
0
0
0
0
118
173
64
0
0
0
0
0
8
146
192
0
0
0
0
0
4
168
64
0
0
0
0
0
150
163
192
0
0
0
0
0
232
157
64
0
0
0
0
0
106
171
192
0
0
0
0
0
48
124
64
0
0
0
0
0
76
175
192
0
0
0
0
0
64
145
192
0
0
0
0
0
150
174
192
0
0
0
0
0
180
163
192
0
0
0
0
0
78
169
192
0
0
0
0
0
10
172
192
0
0
0
0
0
38
160
192
0
0
0
0
0
42
176
192
0
0
0
0
0
184
129
192
0
0
0
0
0
222
175
192
0
0
0
0
0
68
144
64
0
0
0
0
0
170
170
192
0
0
0
0
0
176
163
64
0
0
0
0
0
108
161
192
0
0
0
0
0
128
172
64
0
0
0
0
0
200
133
192
0
0
0
0
0
157
176
64
0
0
0
0
0
32
142
64
0
0
0
0
0
141
176
64
0
0
0
0
0
160
163
64
0
0
0
0
0
16
172
64
0
0
0
0
0
4
173
64
0
0
0
0
0
194
162
64
0
0
0
0
0
33
177
64
0
0
0
0
0
240
137
64
0
0
0
0
0
60
177
64
0
0
0
0
0
240
139
192
0
0
0
0
0
130
173
64
0
0
0
0
0
162
163
192
0
0
0
0
0
10
164
64
0
0
0
0
0
128
173
192
0
0
0
0
0
208
141
64
0
0
0
0
0
133
177
192
0
0
0
0
0
88
137
192
0
0
0
0
0
172
177
192
0
0
0
0
0
50
163
192
0
0
0
0
0
88
174
192
0
0
0
0
0
40
173
192
0
0
0
0
0
210
164
192
0
0
0
0
0
92
177
192
0
0
0
0
0
136
144
192
0
0
0
0
0
139
177
192
0
0
0
0
0
144
133
64
0
0
0
0
0
74
174
192
0
0
0
0
0
26
162
64
0
0
0
0
0
30
165
192
0
0
0
0
0
4
172
64
0
0
0
0
0
240
145
192
0
0
0
0
0
224
176
64
0
0
0
0
0
152
129
64
0
0
0
0
0
69
177
64
0
0
0
0
0
20
161
64
0
0
0
0
0
80
174
64
0
0
0
0
0
78
171
64
0
0
0
0
0
172
165
64
0
0
0
0
0
206
176
64
0
0
0
0
0
160
147
64
0
0
0
0
0
134
177
64
0
0
0
0
0
0
125
192
0
0
0
0
0
82
175
64
0
0
0
0
0
182
160
192
0
0
0
0
0
226
166
64
0
0
0
0
0
134
171
192
0
0
0
0
0
196
149
64
0
0
0
0
0
51
177
192
0
0
0
0
0
96
119
192
0
0
0
0
0
26
178
192
0
0
0
0
0
114
160
192
0
0
0
0
0
76
176
192
0
0
0
0
0
156
171
192
0
0
0
0
0
16
168
192
0
0
0
0
0
86
177
192
0
0
0
0
0
204
151
192
0
0
0
0
0
72
178
192
0
0
0
0
0
80
112
64
0
0
0
0
0
129
176
192
0
0
0
0
0
60
159
64
0
0
0
0
0
154
168
192
0
0
0
0
0
202
170
64
0
0
0
0
0
72
153
192
0
0
0
0
0
247
176
64
0
0
0
0
0
32
97
64
0
0
0
0
0
5
178
64
0
0
0
0
0
12
157
64
0
0
0
0
0
110
176
64
0
0
0
0
0
0
0
0
0
0
0
0
0
0
0
0
0
0
0
0
0
0
0
0
0
0
0
0
0
0
0
0
0
0
0
0
0
0
0
0
0
0
0
0
0
0
0
0
0
0
0
0
0
0
0
0
0
0
0
0
0
0
0
0
0
0
0
0
0
0
0
0
0
0
0
0
0
0
0
0
0
0
0
0
0
0
0
0
0
0
0
0
0
0
0
0
0
0
0
0
0
0
0
0
0
0
0
0
0
0
0
0
0
0
0
0
0
0
0
0
0
0
0
0
0
0
0
0
0
0
0
0
0
0
0
0
0
0
0
0
0
0
0
0
0
0
0
0
0
0
0
0
0
0
0
0
0
0
0
0
0
0
0
0
0
0
0
0
0
0
0
0
0
0
0
0
0
0
0
0
0
0
0
0
0
0
0
0
0
0
0
0
0
0
0
0
0
0
0
0
0
0
0
0
0
0
0
0
0
0
0
0
0
0
0
0
0
0
0
0
0
0
0
0
0
0
0
0
0
0
0
0
0
0
0
0
0
0
0
0
0
0
0
0
0
0
0
0
0
0
0
0
0
0
0
0
0
0
0
0
0
0
0
0
0
0
0
0
0
0
0
0
0
0
0
0
0
0
0
0
0
0
0
0
0
0
0
0
0
0
0
0
0
0
0
0
0
0
0
0
0
0
0
0
0
0
0
0
0
0
0
0
0
0
0
0
0
0
0
0
0
0
0
0
0
0
0
0
0
0
0
0
0
0
0
0
0
0
0
0
0
0
0
0
0
0
0
0
0
0
0
0
0
0
0
0
0
0
0
0
0
0
0
0
0
0
0
0
0
0
0
0
0
0
0
0
0
0
0
0
0
0
0
0
0
0
0
0
0
0
0
0
0
0
0
0
0
0
0
0
0
0
0
0
0
0
0
0
0
0
0
0
0
0
0
0
0
0
0
0
0
0
0
0
0
0
0
0
0
0
0
0
0
0
0
0
0
0
0
0
0
0
0
0
0
0
0
0
0
0
0
0
0
0
0
0
0
0
0
0
0
0
0
0
0
0
0
0
0
0
0
0
0
0
0
0
0
0
0
0
0
0
0
0
0
0
0
0
0
0
0
0
0
0
0
0
0
0
0
0
0
0
0
0
0
0
0
0
0
0
0
0
0
0
0
0
0
0
0
0
0
0
0
0
0
0
0
0
0
0
0
0
0
0
0
0
0
0
0
0
0
0
0
0
0
0
0
0
0
0
0
0
0
0
0
0
0
0
0
0
0
0
0
0
0
0
0
0
0
0
0
0
0
0
0
0
0
0
0
0
0
0
0
0
0
0
0
0
0
0
0
0
0
0
0
0
0
0
0
0
0
0
0
0
0
0
0
0
0
0
0
0
0
0
0
0
0
0
0
0
0
0
0
0
0
0
0
0
0
0
0
0
0
0
0
0
0
0
0
0
0
0
0
0
0
0
0
0
0
0
0
0
0
0
0
0
0
0
0
0
0
0
0
0
0
0
0
0
0
0
0
0
0
0
0
0
0
0
0
0
0
0
0
0
0
0
0
0
0
0
0
0
0
0
0
0
0
0
0
0
0
0
0
0
0
0
0
0
0
0
0
0
0
0
0
0
0
0
0
0
0
0
0
0
0
0
0
0
0
0
0
0
0
0
0
0
0
0
0
0
0
0
0
0
0
0
0
0
0
0
0
0
0
0
0
0
0
0
0
0
0
0
0
0
0
0
0
0
0
0
0
0
0
0
0
0
0
0
0
0
0
0
0
0
0
0
0
0
0
0
0
0
0
0
0
0
0
0
0
0
0
0
0
0
0
0
0
0
0
0
0
0
0
0
0
0
0
0
0
0
0
0
0
0
0
0
0
0
0
0
0
0
0
0
0
0
0
0
0
0
0
0
0
0
0
0
0
0
0
0
0
0
0
0
0
0
0
0
0
0
0
0
0
0
0
0
0
0
0
0
0
0
0
0
0
0
0
0
0
0
0
0
0
0
0
0
0
0
0
0
0
0
0
0
0
0
0
0
0
0
0
0
0
0
0
0
0
0
0
0
0
0
0
0
0
0
0
0
0
0
0
0
0
0
0
0
0
0
0
0
0
0
0
0
0
0
0
0
0
0
0
0
0
0
0
0
0
0
0
0
0
0
0
0
0
0
0
0
0
0
0
0
0
0
0
0
0
0
0
0
0
0
0
0
0
0
0
0
0
0
0
0
0
0
0
0
0
0
0
0
0
0
0
0
0
0
0
0
0
0
0
0
0
0
0
0
0
0
0
0
0
0
0
0
0
0
0
0
0
0
0
0
0
0
0
0
0
0
0
0
0
0
0
0
0
0
0
0
0
0
0
0
0
0
0
0
0
0
0
0
0
0
0
0
0
0
0
0
0
0
0
0
0
0
0
0
0
0
0
0
0
0
0
0
0
0
0
0
0
0
0
0
0
0
0
0
0
0
0
0
0
0
0
0
0
0
0
0
0
0
0
0
0
0
0
0
0
0
0
0
0
0
0
0
0
0
0
0
0
0
0
0
0
0
0
0
0
0
0
0
0
0
0
0
0
0
0
0
0
0
0
0
0
0
0
0
0
0
0
0
0
0
0
0
0
0
0
0
0
0
0
0
0
0
0
0
0
0
0
0
0
0
0
0
0
0
0
0
0
0
0
0
0
0
0
0
0
0
0
0
0
0
0
0
0
0
0
0
0
0
0
0
0
0
0
0
0
0
0
0
0
0
0
0
0
0
0
0
0
0
0
0
0
0
0
0
0
0
0
0
0