58
70
65
67
84
58
67
68
65
84
49
56
58
68
65
84
65
32
35
57
48
48
48
48
48
54
57
51
54
0
224
130
64
0
0
0
0
0
128
168
192
0
0
0
0
0
136
131
192
0
0
0
0
0
130
168
192
0
0
0
0
0
144
155
192
0
0
0
0
0
226
164
192
0
0
0
0
0
166
164
192
0
0
0
0
0
80
156
192
0
0
0
0
0
120
168
192
0
0
0
0
0
96
133
192
0
0
0
0
0
178
168
192
0
0
0
0
0
16
129
64
0
0
0
0
0
78
165
192
0
0
0
0
0
136
154
64
0
0
0
0
0
152
157
192
0
0
0
0
0
94
164
64
0
0
0
0
0
88
136
192
0
0
0
0
0
148
168
64
0
0
0
0
0
16
125
64
0
0
0
0
0
70
169
64
0
0
0
0
0
12
154
64
0
0
0
0
0
76
166
64
0
0
0
0
0
194
164
64
0
0
0
0
0
248
159
64
0
0
0
0
0
170
169
64
0
0
0
0
0
104
140
64
0
0
0
0
0
234
170
64
0
0
0
0
0
48
121
192
0
0
0
0
0
40
168
64
0
0
0
0
0
156
154
192
0
0
0
0
0
162
161
64
0
0
0
0
0
200
165
192
0
0
0
0
0
108
144
64
0
0
0
0
0
46
171
192
0
0
0
0
0
128
117
192
0
0
0
0
0
140
172
192
0
0
0
0
0
172
154
192
0
0
0
0
0
142
169
192
0
0
0
0
0
6
166
192
0
0
0
0
0
166
162
192
0
0
0
0
0
88
171
192
0
0
0
0
0
220
145
192
0
0
0
0
0
130
172
192
0
0
0
0
0
80
112
64
0
0
0
0
0
106
169
192
0
0
0
0
0
16
153
64
0
0
0
0
0
164
162
192
0
0
0
0
0
0
165
64
0
0
0
0
0
144
146
192
0
0
0
0
0
72
170
64
0
0
0
0
0
224
100
64
0
0
0
0
0
184
171
64
0
0
0
0
0
84
151
64
0
0
0
0
0
50
169
64
0
0
0
0
0
110
164
64
0
0
0
0
0
18
163
64
0
0
0
0
0
114
170
64
0
0
0
0
0
52
148
64
0
0
0
0
0
212
172
64
0
0
0
0
0
192
83
192
0
0
0
0
0
20
171
64
0
0
0
0
0
96
151
192
0
0
0
0
0
54
165
64
0
0
0
0
0
146
165
192
0
0
0
0
0
168
151
64
0
0
0
0
0
182
172
192
0
0
0
0
0
0
51
64
0
0
0
0
0
210
175
192
0
0
0
0
0
56
152
192
0
0
0
0
0
44
174
192
0
0
0
0
0
248
166
192
0
0
0
0
0
202
167
192
0
0
0
0
0
152
174
192
0
0
0
0
0
24
155
192
0
0
0
0
0
210
176
192
0
0
0
0
0
128
96
192
0
0
0
0
0
146
175
192
0
0
0
0
0
112
151
64
0
0
0
0
0
182
168
192
0
0
0
0
0
164
166
64
0
0
0
0
0
116
156
192
0
0
0
0
0
2
174
64
0
0
0
0
0
128
109
192
0
0
0
0
0
97
176
64
0
0
0
0
0
4
149
64
0
0
0
0
0
154
174
64
0
0
0
0
0
250
164
64
0
0
0
0
0
8
168
64
0
0
0
0
0
32
172
64
0
0
0
0
0
72
156
64
0
0
0
0
0
10
175
64
0
0
0
0
0
144
115
64
0
0
0
0
0
110
173
64
0
0
0
0
0
200
146
192
0
0
0
0
0
154
167
64
0
0
0
0
0
188
163
192
0
0
0
0
0
196
156
64
0
0
0
0
0
42
171
192
0
0
0
0
0
144
120
64
0
0
0
0
0
166
174
192
0
0
0
0
0
136
145
192
0
0
0
0
0
172
173
192
0
0
0
0
0
108
163
192
0
0
0
0
0
82
168
192
0
0
0
0
0
86
171
192
0
0
0
0
0
160
158
192
0
0
0
0
0
74
175
192
0
0
0
0
0
80
127
192
0
0
0
0
0
160
174
192
0
0
0
0
0
100
144
64
0
0
0
0
0
100
169
192
0
0
0
0
0
50
163
64
0
0
0
0
0
88
160
192
0
0
0
0
0
100
171
64
0
0
0
0
0
88
131
192
0
0
0
0
0
138
175
64
0
0
0
0
0
128
141
64
0
0
0
0
0
252
174
64
0
0
0
0
0
112
162
64
0
0
0
0
0
216
169
64
0
0
0
0
0
174
170
64
0
0
0
0
0
232
160
64
0
0
0
0
0
226
174
64
0
0
0
0
0
64
134
64
0
0
0
0
0
118
174
64
0
0
0
0
0
208
137
192
0
0
0
0
0
138
169
64
0
0
0
0
0
82
161
192
0
0
0
0
0
238
160
64
0
0
0
0
0
108
169
192
0
0
0
0
0
0
136
64
0
0
0
0
0
154
173
192
0
0
0
0
0
56
134
192
0
0
0
0
0
80
173
192
0
0
0
0
0
4
160
192
0
0
0
0
0
184
168
192
0
0
0
0
0
218
167
192
0
0
0
0
0
160
160
192
0
0
0
0
0
4
172
192
0
0
0
0
0
56
137
192
0
0
0
0
0
0
172
192
0
0
0
0
0
192
130
64
0
0
0
0
0
240
167
192
0
0
0
0
0
140
157
64
0
0
0
0
0
124
160
192
0
0
0
0
0
146
166
64
0
0
0
0
0
232
138
192
0
0
0
0
0
10
171
64
0
0
0
0
0
192
127
64
0
0
0
0
0
154
171
64
0
0
0
0
0
76
156
64
0
0
0
0
0
44
168
64
0
0
0
0
0
102
166
64
0
0
0
0
0
48
161
64
0
0
0
0
0
134
171
64
0
0
0
0
0
56
142
64
0
0
0
0
0
178
172
64
0
0
0
0
0
96
123
192
0
0
0
0
0
158
169
64
0
0
0
0
0
88
156
192
0
0
0
0
0
156
162
64
0
0
0
0
0
14
167
192
0
0
0
0
0
64
145
64
0
0
0
0
0
166
172
192
0
0
0
0
0
160
118
192
0
0
0
0
0
254
173
192
0
0
0
0
0
236
155
192
0
0
0
0
0
200
170
192
0
0
0
0
0
0
167
192
0
0
0
0
0
132
163
192
0
0
0
0
0
130
172
192
0
0
0
0
0
184
146
192
0
0
0
0
0
172
173
192
0
0
0
0
0
112
112
64
0
0
0
0
0
106
170
192
0
0
0
0
0
228
153
64
0
0
0
0
0
90
163
192
0
0
0
0
0
176
165
64
0
0
0
0
0
68
147
192
0
0
0
0
0
16
171
64
0
0
0
0
0
128
100
64
0
0
0
0
0
108
172
64
0
0
0
0
0
168
151
64
0
0
0
0
0
172
169
64
0
0
0
0
0
154
164
64
0
0
0
0
0
68
163
64
0
0
0
0
0
106
170
64
0
0
0
0
0
44
148
64
0
0
0
0
0
120
172
64
0
0
0
0
0
128
84
192
0
0
0
0
0
104
170
64
0
0
0
0
0
240
150
192
0
0
0
0
0
106
164
64
0
0
0
0
0
226
164
192
0
0
0
0
0
100
150
64
0
0
0
0
0
122
171
192
0
0
0
0
0
0
240
63
0
0
0
0
0
42
174
192
0
0
0
0
0
24
151
192
0
0
0
0
0
96
172
192
0
0
0
0
0
176
165
192
0
0
0
0
0
58
166
192
0
0
0
0
0
200
172
192
0
0
0
0
0
28
153
192
0
0
0
0
0
166
175
192
0
0
0
0
0
64
89
192
0
0
0
0
0
196
173
192
0
0
0
0
0
128
150
64
0
0
0
0
0
100
167
192
0
0
0
0
0
176
165
64
0
0
0
0
0
4
155
192
0
0
0
0
0
234
172
64
0
0
0
0
0
224
105
192
0
0
0
0
0
216
175
64
0
0
0
0
0
248
148
64
0
0
0
0
0
16
174
64
0
0
0
0
0
4
165
64
0
0
0
0
0
222
167
64
0
0
0
0
0
116
172
64
0
0
0
0
0
96
156
64
0
0
0
0
0
192
175
64
0
0
0
0
0
80
115
64
0
0
0
0
0
104
174
64
0
0
0
0
0
136
147
192
0
0
0
0
0
152
168
64
0
0
0
0
0
158
164
192
0
0
0
0
0
48
158
64
0
0
0
0
0
140
172
192
0
0
0
0
0
208
121
64
0
0
0
0
0
47
176
192
0
0
0
0
0
152
146
192
0
0
0
0
0
116
175
192
0
0
0
0
0
168
164
192
0
0
0
0
0
216
169
192
0
0
0
0
0
34
173
192
0
0
0
0
0
72
160
192
0
0
0
0
0
181
176
192
0
0
0
0
0
120
128
192
0
0
0
0
0
100
176
192
0
0
0
0
0
188
145
64
0
0
0
0
0
64
171
192
0
0
0
0
0
192
164
64
0
0
0
0
0
142
161
192
0
0
0
0
0
190
173
64
0
0
0
0
0
88
132
192
0
0
0
0
0
58
177
64
0
0
0
0
0
176
144
64
0
0
0
0
0
15
177
64
0
0
0
0
0
196
164
64
0
0
0
0
0
178
172
64
0
0
0
0
0
78
174
64
0
0
0
0
0
234
162
64
0
0
0
0
0
190
177
64
0
0
0
0
0
152
136
64
0
0
0
0
0
186
177
64
0
0
0
0
0
232
142
192
0
0
0
0
0
30
174
64
0
0
0
0
0
166
164
192
0
0
0
0
0
56
164
64
0
0
0
0
0
162
174
192
0
0
0
0
0
216
140
64
0
0
0
0
0
15
178
192
0
0
0
0
0
192
139
192
0
0
0
0
0
29
178
192
0
0
0
0
0
18
164
192
0
0
0
0
0
238
174
192
0
0
0
0
0
46
174
192
0
0
0
0
0
10
165
192
0
0
0
0
0
224
177
192
0
0
0
0
0
40
144
192
0
0
0
0
0
254
177
192
0
0
0
0
0
216
135
64
0
0
0
0
0
236
174
192
0
0
0
0
0
254
162
64
0
0
0
0
0
96
165
192
0
0
0
0
0
30
173
64
0
0
0
0
0
144
145
192
0
0
0
0
0
114
177
64
0
0
0
0
0
16
132
64
0
0
0
0
0
198
177
64
0
0
0
0
0
12
162
64
0
0
0
0
0
4
175
64
0
0
0
0
0
120
172
64
0
0
0
0
0
244
165
64
0
0
0
0
0
99
177
64
0
0
0
0
0
68
147
64
0
0
0
0
0
4
178
64
0
0
0
0
0
232
128
192
0
0
0
0
0
252
175
64
0
0
0
0
0
158
161
192
0
0
0
0
0
36
167
64
0
0
0
0
0
148
172
192
0
0
0
0
0
116
149
64
0
0
0
0
0
183
177
192
0
0
0
0
0
144
123
192
0
0
0
0
0
138
178
192
0
0
0
0
0
64
161
192
0
0
0
0
0
153
176
192
0
0
0
0
0
146
172
192
0
0
0
0
0
80
168
192
0
0
0
0
0
213
177
192
0
0
0
0
0
132
151
192
0
0
0
0
0
184
178
192
0
0
0
0
0
96
116
64
0
0
0
0
0
210
176
192
0
0
0
0
0
110
160
64
0
0
0
0
0
228
168
192
0
0
0
0
0
206
171
64
0
0
0
0
0
12
153
192
0
0
0
0
0
129
177
64
0
0
0
0
0
96
105
64
0
0
0
0
0
128
178
64
0
0
0
0
0
188
158
64
0
0
0
0
0
200
176
64
0
0
0
0
0
210
170
64
0
0
0
0
0
60
169
64
0
0
0
0
0
40
177
64
0
0
0
0
0
124
154
64
0
0
0
0
0
98
178
64
0
0
0
0
0
128
85
192
0
0
0
0
0
235
176
64
0
0
0
0
0
0
157
192
0
0
0
0
0
234
169
64
0
0
0
0
0
60
170
192
0
0
0
0
0
72
156
64
0
0
0
0
0
20
177
192
0
0
0
0
0
0
60
64
0
0
0
0
0
137
178
192
0
0
0
0
0
160
155
192
0
0
0
0
0
66
177
192
0
0
0
0
0
226
169
192
0
0
0
0
0
214
170
192
0
0
0
0
0
23
177
192
0
0
0
0
0
68
158
192
0
0
0
0
0
185
178
192
0
0
0
0
0
0
98
192
0
0
0
0
0
152
177
192
0
0
0
0
0
52
154
64
0
0
0
0
0
182
171
192
0
0
0
0
0
118
169
64
0
0
0
0
0
26
160
192
0
0
0
0
0
15
177
64
0
0
0
0
0
128
112
192
0
0
0
0
0
229
178
64
0
0
0
0
0
196
152
64
0
0
0
0
0
244
177
64
0
0
0
0
0
30
169
64
0
0
0
0
0
184
172
64
0
0
0
0
0
34
177
64
0
0
0
0
0
56
161
64
0
0
0
0
0
57
179
64
0
0
0
0
0
112
120
64
0
0
0
0
0
126
178
64
0
0
0
0
0
124
151
192
0
0
0
0
0
4
174
64
0
0
0
0
0
248
168
192
0
0
0
0
0
126
162
64
0
0
0
0
0
83
177
192
0
0
0
0
0
88
128
64
0
0
0
0
0
162
179
192
0
0
0
0
0
36
150
192
0
0
0
0
0
10
179
192
0
0
0
0
0
178
168
192
0
0
0
0
0
52
175
192
0
0
0
0
0
93
177
192
0
0
0
0
0
164
163
192
0
0
0
0
0
210
179
192
0
0
0
0
0
112
132
192
0
0
0
0
0
88
179
192
0
0
0
0
0
116
148
64
0
0
0
0
0
2
176
192
0
0
0
0
0
22
168
64
0
0
0
0
0
152
164
192
0
0
0
0
0
53
177
64
0
0
0
0
0
112
136
192
0
0
0
0
0
218
179
64
0
0
0
0
0
172
146
64
0
0
0
0
0
149
179
64
0
0
0
0
0
124
167
64
0
0
0
0
0
110
176
64
0
0
0
0
0
35
177
64
0
0
0
0
0
170
165
64
0
0
0
0
0
14
180
64
0
0
0
0
0
184
140
64
0
0
0
0
0
9
180
64
0
0
0
0
0
8
145
192
0
0
0
0
0
13
177
64
0
0
0
0
0
34
167
192
0
0
0
0
0
2
167
64
0
0
0
0
0
63
177
192
0
0
0
0
0
180
144
64
0
0
0
0
0
110
180
192
0
0
0
0
0
208
142
192
0
0
0
0
0
156
180
192
0
0
0
0
0
202
166
192
0
0
0
0
0
185
177
192
0
0
0
0
0
79
177
192
0
0
0
0
0
88
168
192
0
0
0
0
0
178
180
192
0
0
0
0
0
16
147
192
0
0
0
0
0
9
181
192
0
0
0
0
0
48
139
64
0
0
0
0
0
64
178
192
0
0
0
0
0
56
166
64
0
0
0
0
0
128
169
192
0
0
0
0
0
55
177
64
0
0
0
0
0
88
149
192
0
0
0
0
0
205
180
64
0
0
0
0
0
64
135
64
0
0
0
0
0
86
181
64
0
0
0
0
0
136
165
64
0
0
0
0
0
184
178
64
0
0
0
0
0
20
177
64
0
0
0
0
0
162
170
64
0
0
0
0
0
230
180
64
0
0
0
0
0
168
151
64
0
0
0
0
0
167
181
64
0
0
0
0
0
64
131
192
0
0
0
0
0
51
179
64
0
0
0
0
0
216
164
192
0
0
0
0
0
198
171
64
0
0
0
0
0
239
176
192
0
0
0
0
0
248
153
64
0
0
0
0
0
245
180
192
0
0
0
0
0
64
126
192
0
0
0
0
0
227
181
192
0
0
0
0
0
4
164
192
0
0
0
0
0
147
179
192
0
0
0
0
0
166
176
192
0
0
0
0
0
184
172
192
0
0
0
0
0
211
180
192
0
0
0
0
0
20
156
192
0
0
0
0
0
234
181
192
0
0
0
0
0
144
117
64
0
0
0
0
0
198
179
192
0
0
0
0
0
0
163
64
0
0
0
0
0
112
173
192
0
0
0
0
0
61
176
64
0
0
0
0
0
4
158
192
0
0
0
0
0
147
180
64
0
0
0
0
0
224
105
64
0
0
0
0
0
224
181
64
0
0
0
0
0
254
161
64
0
0
0
0
0
245
179
64
0
0
0
0
0
184
175
64
0
0
0
0
0
48
174
64
0
0
0
0
0
100
180
64
0
0
0
0
0
2
160
64
0
0
0
0
0
235
181
64
0
0
0
0
0
128
81
192
0
0
0
0
0
53
180
64
0
0
0
0
0
10
161
192
0
0
0
0
0
4
175
64
0
0
0
0
0
6
175
192
0
0
0
0
0
6
161
64
0
0
0
0
0
54
180
192
0
0
0
0
0
192
80
64
0
0
0
0
0
235
181
192
0
0
0
0
0
6
160
192
0
0
0
0
0
97
180
192
0
0
0
0
0
42
174
192
0
0
0
0
0
170
175
192
0
0
0
0
0
231
179
192
0
0
0
0
0
238
161
192
0
0
0
0
0
199
181
192
0
0
0
0
0
128
105
192
0
0
0
0
0
112
180
192
0
0
0
0
0
212
157
64
0
0
0
0
0
25
176
192
0
0
0
0
0
48
173
64
0
0
0
0
0
206
162
192
0
0
0
0
0
146
179
64
0
0
0
0
0
80
117
192
0
0
0
0
0
171
181
64
0
0
0
0
0
192
155
64
0
0
0
0
0
148
180
64
0
0
0
0
0
100
172
64
0
0
0
0
0
118
176
64
0
0
0
0
0
96
179
64
0
0
0
0
0
208
163
64
0
0
0
0
0
181
181
64
0
0
0
0
0
240
125
64
0
0
0
0
0
214
180
64
0
0
0
0
0
216
153
192
0
0
0
0
0
224
176
64
0
0
0
0
0
178
171
192
0
0
0
0
0
208
164
64
0
0
0
0
0
49
179
192
0
0
0
0
0
56
131
64
0
0
0
0
0
175
181
192
0
0
0
0
0
196
151
192
0
0
0
0
0
245
180
192
0
0
0
0
0
192
170
192
0
0
0
0
0
33
177
192
0
0
0
0
0
202
178
192
0
0
0
0
0
148
165
192
0
0
0
0
0
100
181
192
0
0
0
0
0
48
135
192
0
0
0
0
0
211
180
192
0
0
0
0
0
112
149
64
0
0
0
0
0
50
177
192
0
0
0
0
0
134
169
64
0
0
0
0
0
38
166
192
0
0
0
0
0
59
178
64
0
0
0
0
0
248
138
192
0
0
0
0
0
252
180
64
0
0
0
0
0
24
147
64
0
0
0
0
0
164
180
64
0
0
0
0
0
86
168
64
0
0
0
0
0
69
177
64
0
0
0
0
0
190
177
64
0
0
0
0
0
194
166
64
0
0
0
0
0
175
180
64
0
0
0
0
0
192
142
64
0
0
0
0
0
147
180
64
0
0
0
0
0
236
144
192
0
0
0
0
0
111
177
64
0
0
0
0
0
80
167
192
0
0
0
0
0
122
167
64
0
0
0
0
0
88
177
192
0
0
0
0
0
76
145
64
0
0
0
0
0
117
180
192
0
0
0
0
0
152
141
192
0
0
0
0
0
139
180
192
0
0
0
0
0
78
166
192
0
0
0
0
0
155
177
192
0
0
0
0
0
240
176
192
0
0
0
0
0
40
168
192
0
0
0
0
0
53
180
192
0
0
0
0
0
44
147
192
0
0
0
0
0
125
180
192
0
0
0
0
0
96
137
64
0
0
0
0
0
194
177
192
0
0
0
0
0
76
165
64
0
0
0
0
0
214
168
192
0
0
0
0
0
138
176
64
0
0
0
0
0
12
149
192
0
0
0
0
0
252
179
64
0
0
0
0
0
64
133
64
0
0
0
0
0
123
180
64
0
0
0
0
0
92
164
64
0
0
0
0
0
246
177
64
0
0
0
0
0
49
176
64
0
0
0
0
0
148
169
64
0
0
0
0
0
207
179
64
0
0
0
0
0
244
150
64
0
0
0
0
0
125
180
64
0
0
0
0
0
56
129
192
0
0
0
0
0
35
178
64
0
0
0
0
0
104
163
192
0
0
0
0
0
58
170
64
0
0
0
0
0
150
175
192
0
0
0
0
0
180
152
64
0
0
0
0
0
134
179
192
0
0
0
0
0
32
122
192
0
0
0
0
0
89
180
192
0
0
0
0
0
78
162
192
0
0
0
0
0
43
178
192
0
0
0
0
0
138
174
192
0
0
0
0
0
168
170
192
0
0
0
0
0
25
179
192
0
0
0
0
0
64
154
192
0
0
0
0
0
24
180
192
0
0
0
0
0
224
113
64
0
0
0
0
0
35
178
192
0
0
0
0
0
44
161
64
0
0
0
0
0
16
171
192
0
0
0
0
0
130
173
64
0
0
0
0
0
212
155
192
0
0
0
0
0
188
178
64
0
0
0
0
0
192
99
64
0
0
0
0
0
245
179
64
0
0
0
0
0
46
160
64
0
0
0
0
0
61
178
64
0
0
0
0
0
188
172
64
0
0
0
0
0
174
171
64
0
0
0
0
0
133
178
64
0
0
0
0
0
152
157
64
0
0
0
0
0
239
179
64
0
0
0
0
0
128
64
192
0
0
0
0
0
101
178
64
0
0
0
0
0
128
158
192
0
0
0
0
0
70
172
64
0
0
0
0
0
242
171
192
0
0
0
0
0
60
159
64
0
0
0
0
0
58
178
192
0
0
0
0
0
0
87
64
0
0
0
0
0
195
179
192
0
0
0
0
0
92
156
192
0
0
0
0
0
93
178
192
0
0
0
0
0
218
170
192
0
0
0
0
0
138
172
192
0
0
0
0
0
187
177
192
0
0
0
0
0
58
160
192
0
0
0
0
0
98
179
192
0
0
0
0
0
128
106
192
0
0
0
0
0
46
178
192
0
0
0
0
0
12
154
64
0
0
0
0
0
166
172
192
0
0
0
0
0
170
169
64
0
0
0
0
0
206
160
192
0
0
0
0
0
58
177
64
0
0
0
0
0
144
116
192
0
0
0
0
0
19
179
64
0
0
0
0
0
248
151
64
0
0
0
0
0
30
178
64
0
0
0
0
0
188
168
64
0
0
0
0
0
4
173
64
0
0
0
0
0
234
176
64
0
0
0
0
0
138
161
64
0
0
0
0
0
247
178
64
0
0
0
0
0
240
123
64
0
0
0
0
0
56
178
64
0
0
0
0
0
32
150
192
0
0
0
0
0
144
173
64
0
0
0
0
0
248
167
192
0
0
0
0
0
84
162
64
0
0
0
0
0
167
176
192
0
0
0
0
0
160
129
64
0
0
0
0
0
217
178
192
0
0
0
0
0
52
148
192
0
0
0
0
0
62
178
192
0
0
0
0
0
10
167
192
0
0
0
0
0
228
173
192
0
0
0
0
0
62
176
192
0
0
0
0
0
238
162
192
0
0
0
0
0
137
178
192
0
0
0
0
0
16
133
192
0
0
0
0
0
21
178
192
0
0
0
0
0
32
146
64
0
0
0
0
0
242
173
192
0
0
0
0
0
238
165
64
0
0
0
0
0
100
163
192
0
0
0
0
0
120
175
64
0
0
0
0
0
72
136
192
0
0
0
0
0
41
178
64
0
0
0
0
0
24
144
64
0
0
0
0
0
231
177
64
0
0
0
0
0
228
164
64
0
0
0
0
0
12
174
64
0
0
0
0
0
152
174
64
0
0
0
0
0
230
163
64
0
0
0
0
0
224
177
64
0
0
0
0
0
136
139
64
0
0
0
0
0
208
177
64
0
0
0
0
0
88
140
192
0
0
0
0
0
64
174
64
0
0
0
0
0
242
163
192
0
0
0
0
0
114
164
64
0
0
0
0
0
206
173
192
0
0
0
0
0
184
142
64
0
0
0
0
0
154
177
192
0
0
0
0
0
144
136
192
0
0
0
0
0
177
177
192
0
0
0
0
0
244
162
192
0
0
0
0
0
88
174
192
0
0
0
0
0
226
172
192
0
0
0
0
0
224
164
192
0
0
0
0
0
60
177
192
0
0
0
0
0
208
144
192
0
0
0
0
0
121
177
192
0
0
0
0
0
192
132
64
0
0
0
0
0
74
174
192
0
0
0
0
0
230
161
64
0
0
0
0
0
56
165
192
0
0
0
0
0
228
171
64
0
0
0
0
0
56
146
192
0
0
0
0
0
219
176
64
0
0
0
0
0
8
129
64
0
0
0
0
0
70
177
64
0
0
0
0
0
234
160
64
0
0
0
0
0
76
174
64
0
0
0
0
0
4
171
64
0
0
0
0
0
160
165
64
0
0
0
0
0
140
176
64
0
0
0
0
0
164
147
64
0
0
0
0
0
34
177
64
0
0
0
0
0
0
123
192
0
0
0
0
0
96
174
64
0
0
0
0
0
0
160
192
0
0
0
0
0
8
166
64
0
0
0
0
0
48
170
192
0
0
0
0
0
252
148
64
0
0
0
0
0
56
176
192
0
0
0
0
0
0
116
192
0
0
0
0
0
237
176
192
0
0
0
0
0
0
158
192
0
0
0
0
0
66
174
192
0
0
0
0
0
40
169
192
0
0
0
0
0
64
166
192
0
0
0
0
0
126
175
192
0
0
0
0
0
28
150
192
0
0
0
0
0
143
176
192
0
0
0
0
0
0
106
64
0
0
0
0
0
222
173
192
0
0
0
0
0
204
155
64
0
0
0
0
0
70
166
192
0
0
0
0
0
250
167
64
0
0
0
0
0
12
151
192
0
0
0
0
0
106
174
64
0
0
0
0
0
128
89
64
0
0
0
0
0
43
176
64
0
0
0
0
0
188
153
64
0
0
0
0
0
132
173
64
0
0
0
0
0
248
166
64
0
0
0
0
0
106
166
64
0
0
0
0
0
168
173
64
0
0
0
0
0
36
152
64
32
32
32
32
32
32
32
32
32
32
32
32
32
32
32
32
32
32
32
32
32
32
32
32
32
32
32
32
32
32
32
32
32
32
32
32
32
32
32
32
32
68
101
108
97
121
65
70
67
95
65
108
108
45
50
48
71
95
67
51
95
76
79
87
1
0
0
0
0
0
0
0
0
64
84
64
32
32
32
32
32
32
32
32
32
32
32
32
32
32
32
32
32
32
32
32
32
32
32
32
32
32
32
32
32
32
32
32
32
32
32
32
32
32
32
32
32
68
101
108
97
121
80
70
67
95
65
108
108
45
50
48
71
95
67
51
95
76
79
87
1
0
0
0
0
0
0
0
0
0
0
0
32
32
32
32
32
32
32
32
32
32
32
32
32
32
32
32
32
32
32
32
32
32
32
32
32
32
32
32
32
32
32
32
32
32
32
32
32
32
32
32
32
65
70
67
95
65
108
108
45
50
48
71
95
67
51
95
76
79
87
95
53
48
77
118
0
1
0
0
226
78
132
53
23
125
114
63
50
132
107
7
134
32
133
191
102
181
210
1
207
17
119
63
46
213
235
103
200
176
118
63
44
5
30
196
64
106
114
191
244
92
159
108
220
248
113
191
119
144
80
147
22
183
108
63
252
75
166
152
240
60
114
63
141
1
2
107
15
90
99
191
216
198
76
96
66
30
116
191
47
24
64
30
24
69
65
63
15
153
209
19
191
247
113
63
102
6
166
97
28
6
65
63
14
18
81
53
66
139
113
191
209
160
130
114
196
34
98
191
138
215
186
169
136
160
104
63
181
137
114
237
52
103
103
63
87
178
71
206
224
244
96
191
10
37
145
82
16
9
109
191
134
102
189
105
17
137
70
63
221
135
86
3
161
176
108
63
223
132
197
23
155
133
46
63
201
32
200
88
165
168
110
191
78
38
171
120
220
29
93
191
139
131
50
42
252
91
106
63
40
156
145
204
224
171
106
63
121
99
232
168
8
15
97
191
105
182
192
88
190
178
115
191
228
248
169
250
177
218
71
191
189
245
67
103
247
182
113
63
72
180
173
254
185
124
108
63
115
98
71
151
194
121
84
191
160
248
6
102
82
49
104
191
220
163
36
212
102
61
64
191
94
100
110
245
150
22
80
63
235
192
181
51
197
197
69
191
137
222
48
113
174
216
84
191
13
63
190
216
9
156
93
63
135
68
187
185
225
63
113
63
18
179
249
224
254
33
82
63
157
10
45
245
112
37
114
191
2
139
135
237
170
228
116
191
140
23
92
138
227
116
29
191
48
212
130
147
68
97
109
63
140
145
120
187
86
41
90
63
154
196
7
19
210
92
95
191
211
61
204
13
111
158
86
191
140
234
147
45
169
18
89
63
243
157
225
203
25
145
85
63
142
193
32
111
13
250
95
191
161
50
112
211
174
40
102
191
193
243
236
96
38
68
71
63
51
129
184
49
145
96
103
63
197
218
206
217
224
131
22
191
119
77
120
164
34
151
109
191
106
209
228
93
83
242
90
191
38
118
81
26
136
106
108
63
214
240
232
215
186
250
111
63
26
52
54
108
66
247
88
191
73
149
5
108
55
92
116
191
104
229
46
39
64
203
85
191
14
181
221
108
194
169
110
63
6
119
248
79
93
23
99
63
17
7
1
224
117
137
108
191
101
53
121
164
163
23
115
191
151
31
115
63
210
233
74
63
61
59
80
15
32
47
115
63
195
148
123
147
60
93
81
63
87
213
38
169
167
234
113
191
165
21
15
138
14
202
105
191
22
235
162
136
15
99
103
63
206
80
177
113
202
202
113
63
177
235
18
234
173
46
76
191
151
18
119
44
30
45
114
191
185
211
84
81
231
74
71
191
151
94
180
42
54
164
113
63
72
188
78
128
231
50
99
63
255
247
79
83
165
15
112
191
6
41
82
67
22
199
115
191
154
181
35
187
35
122
81
63
241
198
127
10
18
158
114
63
55
146
35
92
138
228
41
63
218
176
181
221
85
38
116
191
148
95
37
112
2
11
100
191
84
115
109
51
11
112
110
63
5
224
207
139
59
39
107
63
101
184
141
72
12
233
109
191
139
31
48
253
181
54
121
191
47
11
10
96
218
89
67
63
76
123
62
91
235
177
123
63
68
114
212
255
169
32
101
63
152
42
118
6
214
9
121
191
220
41
123
29
1
116
121
191
84
200
164
165
67
190
99
63
142
119
10
99
82
22
122
63
233
110
26
68
43
188
66
191
248
62
153
162
3
98
127
191
106
116
118
78
141
121
112
191
165
181
232
235
153
40
113
63
134
126
130
152
63
55
112
63
223
70
101
235
98
152
104
191
7
133
29
211
206
193
103
191
58
9
175
161
247
109
120
63
176
161
6
153
133
242
125
63
231
215
151
235
187
194
125
191
20
148
195
163
100
164
148
191
201
187
184
199
177
121
133
191
9
241
212
101
41
64
137
63
181
13
14
188
123
252
145
63
158
211
163
222
144
156
101
191
162
192
241
107
218
123
147
191
21
134
213
19
238
121
124
191
161
163
176
230
91
122
143
63
33
97
148
119
64
159
137
63
125
60
87
8
105
149
138
191
196
144
255
118
151
147
149
191
150
75
196
10
160
224
110
63
189
206
159
153
212
142
150
63
64
146
191
159
13
5
115
191
144
91
31
24
56
135
168
191
245
60
201
103
195
171
166
191
123
172
169
196
38
70
127
63
158
181
219
46
52
215
157
63
32
122
148
66
7
250
155
191
109
176
170
61
112
190
180
191
91
169
144
192
89
41
112
63
67
106
127
12
194
129
206
63
126
197
26
46
114
207
220
63
126
197
26
46
114
207
220
63
67
106
127
12
194
129
206
63
91
169
144
192
89
41
112
63
109
176
170
61
112
190
180
191
0
0
0
0
0
0
0
0
0
0
0
0
0
0
0
0
0
0
0
0
0
0
0
0
0
0
0
0
0
0
0
0
0
0
0
0
0
0
0
0
0
0
0
0
0
0
0
0
0
0
0
0
0
0
0
0
0
0
0
0
0
0
0
0
0
0
0
0
0
0
0
0
0
0
0
0
0
0
0
0
0
0
0
0
0
0
0
0
0
0
0
0
0
0
0
0
0
0
0
0
0
0
0
0
0
0
0
0
0
0
0
0
0
0
0
0
0
0
0
0
0
0
0
0
0
0
0
0
0
0
0
0
0
0
0
0
0
0
0
0
0
0
0
0
0
0
0
0
0
0
0
0
0
0
0
0
0
0
0
0
0
0
0
0
0
0
0
0
0
0
0
0
0
0
0
0
0
0
0
0
0
0
0
0
0
0
0
0
0
0
0
0
0
0
0
0
0
0
0
0
0
0
0
0
0
0
0
0
0
0
0
0
0
0
0
0
0
0
0
0
0
0
0
0
0
0
0
0
0
0
0
0
0
0
0
0
0
0
0
0
0
0
0
0
0
0
0
0
0
0
0
0
0
0
0
0
0
0
0
0
0
0
0
0
0
0
0
0
0
0
0
0
0
0
0
0
0
0
0
0
0
0
0
0
0
0
0
0
0
0
0
0
0
0
0
0
0
0
0
0
0
0
0
0
0
0
0
0
0
0
0
0
0
0
0
0
0
0
0
0
0
0
0
0
0
0
0
0
0
0
0
0
0
0
0
0
0
0
0
0
0
0
0
0
0
0
0
0
0
0
0
0
0
0
0
0
0
0
0
0
0
0
0
0
0
0
0
0
0
0
0
0
0
0
0
0
0
0
0
0
0
0
0
0
0
0
0
0
0
0
0
0
0
0
0
0
0
0
0
0
0
0
0
0
0
0
0
0
0
0
0
0
0
0
0
0
0
0
0
0
0
0
0
0
0
0
0
0
0
0
0
0
0
0
0
0
0
0
0
0
0
0
0
0
0
0
0
0
0
0
0
0
0
0
0
0
0
0
0
0
0
0
0
0
0
0
0
0
0
0
0
0
0
0
0
0
0
0
0
0
0
0
0
0
0
0
0
0
0
0
0
0
0
0
0
0
0
0
0
0
0
0
0
0
0
0
0
0
0
0
0
0
0
0
0
0
0
0
0
0
0
0
0
0
0
0
0
0
0
0
0
0
0
0
0
0
0
0
0
0
0
0
0
0
0
0
0
0
0
0
0
0
0
0
0
0
0
0
0
0
0
0
0
0
0
0
0
0
0
0
0
0
0
0
0
0
0
0
0
0
0
0
0
0
0
0
0
0
0
0
0
0
0
0
0
0
0
0
0
0
0
0
0
0
0
0
0
0
0
0
0
0
0
0
0
0
0
0
0
0
0
0
0
0
0
0
0
0
0
0
0
0
0
0
0
0
0
0
0
0
0
0
0
0
0
0
0
0
0
0
0
0
0
0
0
0
0
0
0
0
0
0
0
0
0
0
0
0
0
0
0
0
0
0
0
0
0
0
0
0
0
0
0
0
0
0
0
0
0
0
0
0
0
0
0
0
0
0
0
0
0
0
0
0
0
0
0
0
0
0
0
0
0
0
0
0
0
0
0
0
0
0
0
0
0
0
0
0
0
0
0
0
0
0
0
0
0
0
0
0
0
0
0
0
0
0
0
0
0
0
0
0
0
0
0
0
0
0
0
0
0
0
0
0
0
0
0
0
0
0
0
0
0
0
0
0
0
0
0
0
0
0
0
0
0
0
0
0
0
0
0
0
0
0
0
0
0
0
0
0
0
0
0
0
0
0
0
0
0
0
0
0
0
0
0
0
0
0
0
0
0
0
0
0
0
0
0
0
0
0
0
0
0
0
0
0
0
0
0
0
0
0
0
0
0
0
0
0
0
0
0
0
0
0
0
0
0
0
0
0
0
0
0
0
0
0
0
0
0
0
0
0
0
0
0
0
0
0
0
0
0
0
0
0
0
0
0
0
0
0
0
0
0
0
0
0
0
0
0
0
0
0
0
0
0
0
0
0
0
0
0
0
0
0
0
0
0
0
0
0
0
0
0
0
0
0
0
0
0
0
0
0
0
0
0
0
0
0
0
0
0
0
0
0
0
0
0
0
0
0
0
0
0
0
0
0
0
0
0
0
0
0
0
0
0
0
0
0
0
0
0
0
0
0
0
0
0
0
0
0
0
0
0
0
0
0
0
0
0
0
0
0
0
0
0
0
0
0
0
0
0
0
0
0
0
0
0
0
0
0
0
0
0
0
0
0
0
0
0
0
0
0
0
0
0
0
0
0
0
0
0
0
0
0
0
0
0
0
0
0
0
0
0
0
0
0
0
0
0
0
0
0
0
0
0
0
0
0
0
0
0
0
0
0
0
0
0
0
0
0
0
0
0
0
0
0
0
0
0
0
0
0
0
0
0
0
0
0
0
0
0
0
0
0
0
0
0
0
0
0
0
0
0
0
0
0
0
0
0
0
0
0
0
0
0
0
0
0
0
0
0
0
0
0
0
0
0
0
0
0
0
0
0
0
0
0
0
0
0
0
0
0
0
0
0
0
0
0
0
0
0
0
0
0
0
0
0
0
0
0
0
0
0
0
0
0
0
0
0
0
0
0
0
0
0
0
0
0
0
0
0
0
0
0
0
0
0
0
0
0
0
0
0
0
0
0
0
0
0
0
0
0
0
0
0
0
0
0
0
0
0
0
0
0
0
0
0
0
0
0
0
0
0
0
0
0
0