58
70
65
67
84
58
67
68
65
84
49
56
58
68
65
84
65
32
35
57
48
48
48
48
48
54
57
51
54
0
0
0
0
0
125
176
192
0
0
0
0
0
128
119
64
0
0
0
0
0
53
176
192
0
0
0
0
0
16
140
64
0
0
0
0
0
92
175
192
0
0
0
0
0
0
150
64
0
0
0
0
0
206
173
192
0
0
0
0
0
172
157
64
0
0
0
0
0
202
171
192
0
0
0
0
0
114
162
64
0
0
0
0
0
84
169
192
0
0
0
0
0
202
165
64
0
0
0
0
0
122
166
192
0
0
0
0
0
206
168
64
0
0
0
0
0
66
163
192
0
0
0
0
0
114
171
64
0
0
0
0
0
120
159
192
0
0
0
0
0
172
173
64
0
0
0
0
0
232
151
192
0
0
0
0
0
114
175
64
0
0
0
0
0
232
143
192
0
0
0
0
0
94
176
64
0
0
0
0
0
224
126
192
0
0
0
0
0
195
176
64
0
0
0
0
0
128
68
64
0
0
0
0
0
230
176
64
0
0
0
0
0
16
130
64
0
0
0
0
0
197
176
64
0
0
0
0
0
76
145
64
0
0
0
0
0
98
176
64
0
0
0
0
0
84
153
64
0
0
0
0
0
124
175
64
0
0
0
0
0
124
160
64
0
0
0
0
0
182
173
64
0
0
0
0
0
18
164
64
0
0
0
0
0
122
171
64
0
0
0
0
0
88
167
64
0
0
0
0
0
206
168
64
0
0
0
0
0
70
170
64
0
0
0
0
0
192
165
64
0
0
0
0
0
204
172
64
0
0
0
0
0
90
162
64
0
0
0
0
0
226
174
64
0
0
0
0
0
80
157
64
0
0
0
0
0
64
176
64
0
0
0
0
0
116
149
64
0
0
0
0
0
206
176
64
0
0
0
0
0
128
138
64
0
0
0
0
0
27
177
64
0
0
0
0
0
80
115
64
0
0
0
0
0
36
177
64
0
0
0
0
0
128
109
192
0
0
0
0
0
233
176
64
0
0
0
0
0
88
136
192
0
0
0
0
0
107
176
64
0
0
0
0
0
124
148
192
0
0
0
0
0
90
175
64
0
0
0
0
0
124
156
192
0
0
0
0
0
94
173
64
0
0
0
0
0
8
162
192
0
0
0
0
0
240
170
64
0
0
0
0
0
142
165
192
0
0
0
0
0
20
168
64
0
0
0
0
0
192
168
192
0
0
0
0
0
218
164
64
0
0
0
0
0
146
171
192
0
0
0
0
0
74
161
64
0
0
0
0
0
248
173
192
0
0
0
0
0
232
154
64
0
0
0
0
0
234
175
192
0
0
0
0
0
208
146
64
0
0
0
0
0
175
176
192
0
0
0
0
0
208
132
64
0
0
0
0
0
40
177
192
0
0
0
0
0
64
93
64
0
0
0
0
0
93
177
192
0
0
0
0
0
48
123
192
0
0
0
0
0
78
177
192
0
0
0
0
0
168
142
192
0
0
0
0
0
250
176
192
0
0
0
0
0
168
151
192
0
0
0
0
0
99
176
192
0
0
0
0
0
160
159
192
0
0
0
0
0
24
175
192
0
0
0
0
0
146
163
192
0
0
0
0
0
236
172
192
0
0
0
0
0
6
167
192
0
0
0
0
0
76
170
192
0
0
0
0
0
34
170
192
0
0
0
0
0
68
167
192
0
0
0
0
0
218
172
192
0
0
0
0
0
222
163
192
0
0
0
0
0
30
175
192
0
0
0
0
0
40
160
192
0
0
0
0
0
118
176
192
0
0
0
0
0
96
152
192
0
0
0
0
0
27
177
192
0
0
0
0
0
12
144
192
0
0
0
0
0
125
177
192
0
0
0
0
0
208
125
192
0
0
0
0
0
154
177
192
0
0
0
0
0
128
84
64
0
0
0
0
0
114
177
192
0
0
0
0
0
8
132
64
0
0
0
0
0
4
177
192
0
0
0
0
0
152
146
64
0
0
0
0
0
83
176
192
0
0
0
0
0
236
154
64
0
0
0
0
0
194
174
192
0
0
0
0
0
108
161
64
0
0
0
0
0
100
172
192
0
0
0
0
0
30
165
64
0
0
0
0
0
148
169
192
0
0
0
0
0
128
168
64
0
0
0
0
0
92
166
192
0
0
0
0
0
130
171
64
0
0
0
0
0
204
162
192
0
0
0
0
0
24
174
64
0
0
0
0
0
220
157
192
0
0
0
0
0
28
176
64
0
0
0
0
0
172
149
192
0
0
0
0
0
236
176
64
0
0
0
0
0
56
138
192
0
0
0
0
0
122
177
64
0
0
0
0
0
96
113
192
0
0
0
0
0
195
177
64
0
0
0
0
0
0
114
64
0
0
0
0
0
198
177
64
0
0
0
0
0
144
138
64
0
0
0
0
0
131
177
64
0
0
0
0
0
224
149
64
0
0
0
0
0
250
176
64
0
0
0
0
0
36
158
64
0
0
0
0
0
45
176
64
0
0
0
0
0
250
162
64
0
0
0
0
0
64
174
64
0
0
0
0
0
152
166
64
0
0
0
0
0
176
171
64
0
0
0
0
0
222
169
64
0
0
0
0
0
176
168
64
0
0
0
0
0
190
172
64
0
0
0
0
0
78
165
64
0
0
0
0
0
46
175
64
0
0
0
0
0
150
161
64
0
0
0
0
0
145
176
64
0
0
0
0
0
48
155
64
0
0
0
0
0
74
177
64
0
0
0
0
0
200
146
64
0
0
0
0
0
192
177
64
0
0
0
0
0
32
132
64
0
0
0
0
0
239
177
64
0
0
0
0
0
0
83
64
0
0
0
0
0
216
177
64
0
0
0
0
0
208
126
192
0
0
0
0
0
122
177
64
0
0
0
0
0
128
144
192
0
0
0
0
0
215
176
64
0
0
0
0
0
16
153
192
0
0
0
0
0
228
175
64
0
0
0
0
0
158
160
192
0
0
0
0
0
156
173
64
0
0
0
0
0
116
164
192
0
0
0
0
0
220
170
64
0
0
0
0
0
252
167
192
0
0
0
0
0
178
167
64
0
0
0
0
0
36
171
192
0
0
0
0
0
42
164
64
0
0
0
0
0
228
173
192
0
0
0
0
0
82
160
64
0
0
0
0
0
23
176
192
0
0
0
0
0
108
152
64
0
0
0
0
0
253
176
192
0
0
0
0
0
168
143
64
0
0
0
0
0
161
177
192
0
0
0
0
0
240
123
64
0
0
0
0
0
255
177
192
0
0
0
0
0
0
96
192
0
0
0
0
0
23
178
192
0
0
0
0
0
232
133
192
0
0
0
0
0
231
177
192
0
0
0
0
0
196
147
192
0
0
0
0
0
113
177
192
0
0
0
0
0
72
156
192
0
0
0
0
0
182
176
192
0
0
0
0
0
48
162
192
0
0
0
0
0
112
175
192
0
0
0
0
0
248
165
192
0
0
0
0
0
248
172
192
0
0
0
0
0
106
169
192
0
0
0
0
0
14
170
192
0
0
0
0
0
122
172
192
0
0
0
0
0
186
166
192
0
0
0
0
0
26
175
192
0
0
0
0
0
10
163
192
0
0
0
0
0
161
176
192
0
0
0
0
0
28
158
192
0
0
0
0
0
115
177
192
0
0
0
0
0
168
149
192
0
0
0
0
0
1
178
192
0
0
0
0
0
184
137
192
0
0
0
0
0
71
178
192
0
0
0
0
0
160
110
192
0
0
0
0
0
70
178
192
0
0
0
0
0
0
117
64
0
0
0
0
0
252
177
192
0
0
0
0
0
144
140
64
0
0
0
0
0
107
177
192
0
0
0
0
0
28
151
64
0
0
0
0
0
149
176
192
0
0
0
0
0
148
159
64
0
0
0
0
0
250
174
192
0
0
0
0
0
204
163
64
0
0
0
0
0
78
172
192
0
0
0
0
0
128
167
64
0
0
0
0
0
50
169
192
0
0
0
0
0
218
170
64
0
0
0
0
0
176
165
192
0
0
0
0
0
202
173
64
0
0
0
0
0
216
161
192
0
0
0
0
0
35
176
64
0
0
0
0
0
108
155
192
0
0
0
0
0
33
177
64
0
0
0
0
0
188
146
192
0
0
0
0
0
220
177
64
0
0
0
0
0
120
131
192
0
0
0
0
0
81
178
64
0
0
0
0
0
128
66
192
0
0
0
0
0
125
178
64
0
0
0
0
0
56
129
64
0
0
0
0
0
95
178
64
0
0
0
0
0
168
145
64
0
0
0
0
0
249
177
64
0
0
0
0
0
116
154
64
0
0
0
0
0
76
177
64
0
0
0
0
0
108
161
64
0
0
0
0
0
90
176
64
0
0
0
0
0
88
165
64
0
0
0
0
0
78
174
64
0
0
0
0
0
242
168
64
0
0
0
0
0
112
171
64
0
0
0
0
0
42
172
64
0
0
0
0
0
36
168
64
0
0
0
0
0
244
174
64
0
0
0
0
0
120
164
64
0
0
0
0
0
161
176
64
0
0
0
0
0
122
160
64
0
0
0
0
0
135
177
64
0
0
0
0
0
116
152
64
0
0
0
0
0
40
178
64
0
0
0
0
0
40
143
64
0
0
0
0
0
129
178
64
0
0
0
0
0
208
121
64
0
0
0
0
0
145
178
64
0
0
0
0
0
64
102
192
0
0
0
0
0
88
178
64
0
0
0
0
0
240
135
192
0
0
0
0
0
214
177
64
0
0
0
0
0
252
148
192
0
0
0
0
0
14
177
64
0
0
0
0
0
176
157
192
0
0
0
0
0
3
176
64
0
0
0
0
0
248
162
192
0
0
0
0
0
114
173
64
0
0
0
0
0
206
166
192
0
0
0
0
0
104
170
64
0
0
0
0
0
74
170
192
0
0
0
0
0
246
166
64
0
0
0
0
0
96
173
192
0
0
0
0
0
40
163
64
0
0
0
0
0
2
176
192
0
0
0
0
0
24
158
64
0
0
0
0
0
21
177
192
0
0
0
0
0
108
149
64
0
0
0
0
0
228
177
192
0
0
0
0
0
200
136
64
0
0
0
0
0
110
178
192
0
0
0
0
0
64
105
64
0
0
0
0
0
174
178
192
0
0
0
0
0
128
120
192
0
0
0
0
0
164
178
192
0
0
0
0
0
168
142
192
0
0
0
0
0
80
178
192
0
0
0
0
0
72
152
192
0
0
0
0
0
179
177
192
0
0
0
0
0
114
160
192
0
0
0
0
0
209
176
192
0
0
0
0
0
126
164
192
0
0
0
0
0
88
175
192
0
0
0
0
0
58
168
192
0
0
0
0
0
144
172
192
0
0
0
0
0
150
171
192
0
0
0
0
0
90
169
192
0
0
0
0
0
134
174
192
0
0
0
0
0
190
165
192
0
0
0
0
0
128
176
192
0
0
0
0
0
204
161
192
0
0
0
0
0
124
177
192
0
0
0
0
0
40
155
192
0
0
0
0
0
52
178
192
0
0
0
0
0
76
146
192
0
0
0
0
0
165
178
192
0
0
0
0
0
72
130
192
0
0
0
0
0
205
178
192
0
0
0
0
0
0
38
64
0
0
0
0
0
171
178
192
0
0
0
0
0
0
131
64
0
0
0
0
0
63
178
192
0
0
0
0
0
176
146
64
0
0
0
0
0
139
177
192
0
0
0
0
0
156
155
64
0
0
0
0
0
145
176
192
0
0
0
0
0
16
162
64
0
0
0
0
0
170
174
192
0
0
0
0
0
12
166
64
0
0
0
0
0
182
171
192
0
0
0
0
0
178
169
64
0
0
0
0
0
84
168
192
0
0
0
0
0
242
172
64
0
0
0
0
0
144
164
192
0
0
0
0
0
192
175
64
0
0
0
0
0
120
160
192
0
0
0
0
0
8
177
64
0
0
0
0
0
64
152
192
0
0
0
0
0
236
177
64
0
0
0
0
0
88
142
192
0
0
0
0
0
137
178
64
0
0
0
0
0
112
119
192
0
0
0
0
0
220
178
64
0
0
0
0
0
96
108
64
0
0
0
0
0
229
178
64
0
0
0
0
0
192
137
64
0
0
0
0
0
162
178
64
0
0
0
0
0
4
150
64
0
0
0
0
0
22
178
64
0
0
0
0
0
204
158
64
0
0
0
0
0
67
177
64
0
0
0
0
0
142
163
64
0
0
0
0
0
44
176
64
0
0
0
0
0
104
167
64
0
0
0
0
0
170
173
64
0
0
0
0
0
228
170
64
0
0
0
0
0
136
170
64
0
0
0
0
0
246
173
64
0
0
0
0
0
0
167
64
0
0
0
0
0
74
176
64
0
0
0
0
0
30
163
64
0
0
0
0
0
88
177
64
0
0
0
0
0
224
157
64
0
0
0
0
0
34
178
64
0
0
0
0
0
16
149
64
0
0
0
0
0
165
178
64
0
0
0
0
0
216
135
64
0
0
0
0
0
222
178
64
0
0
0
0
0
192
100
64
0
0
0
0
0
205
178
64
0
0
0
0
0
16
123
192
0
0
0
0
0
114
178
64
0
0
0
0
0
8
144
192
0
0
0
0
0
205
177
64
0
0
0
0
0
12
153
192
0
0
0
0
0
227
176
64
0
0
0
0
0
216
160
192
0
0
0
0
0
106
175
64
0
0
0
0
0
230
164
192
0
0
0
0
0
148
172
64
0
0
0
0
0
162
168
192
0
0
0
0
0
76
169
64
0
0
0
0
0
252
171
192
0
0
0
0
0
160
165
64
0
0
0
0
0
232
174
192
0
0
0
0
0
158
161
64
0
0
0
0
0
173
176
192
0
0
0
0
0
172
154
64
0
0
0
0
0
165
177
192
0
0
0
0
0
184
145
64
0
0
0
0
0
86
178
192
0
0
0
0
0
240
128
64
0
0
0
0
0
192
178
192
0
0
0
0
0
128
76
192
0
0
0
0
0
224
178
192
0
0
0
0
0
128
132
192
0
0
0
0
0
182
178
192
0
0
0
0
0
116
147
192
0
0
0
0
0
67
178
192
0
0
0
0
0
96
156
192
0
0
0
0
0
135
177
192
0
0
0
0
0
112
162
192
0
0
0
0
0
135
176
192
0
0
0
0
0
104
166
192
0
0
0
0
0
140
174
192
0
0
0
0
0
12
170
192
0
0
0
0
0
146
171
192
0
0
0
0
0
74
173
192
0
0
0
0
0
40
168
192
0
0
0
0
0
12
176
192
0
0
0
0
0
94
164
192
0
0
0
0
0
52
177
192
0
0
0
0
0
66
160
192
0
0
0
0
0
26
178
192
0
0
0
0
0
196
151
192
0
0
0
0
0
185
178
192
0
0
0
0
0
64
141
192
0
0
0
0
0
15
179
192
0
0
0
0
0
240
116
192
0
0
0
0
0
25
179
192
0
0
0
0
0
16
113
64
0
0
0
0
0
216
178
192
0
0
0
0
0
120
139
64
0
0
0
0
0
75
178
192
0
0
0
0
0
0
151
64
0
0
0
0
0
117
177
192
0
0
0
0
0
240
159
64
0
0
0
0
0
89
176
192
0
0
0
0
0
50
164
64
0
0
0
0
0
246
173
192
0
0
0
0
0
30
168
64
0
0
0
0
0
194
170
192
0
0
0
0
0
170
171
64
0
0
0
0
0
34
167
192
0
0
0
0
0
202
174
64
0
0
0
0
0
36
163
192
0
0
0
0
0
182
176
64
0
0
0
0
0
180
157
192
0
0
0
0
0
197
177
64
0
0
0
0
0
172
148
192
0
0
0
0
0
140
178
64
0
0
0
0
0
160
134
192
0
0
0
0
0
10
179
64
0
0
0
0
0
192
92
192
0
0
0
0
0
59
179
64
0
0
0
0
0
0
127
64
0
0
0
0
0
32
179
64
0
0
0
0
0
36
145
64
0
0
0
0
0
186
178
64
0
0
0
0
0
68
154
64
0
0
0
0
0
9
178
64
0
0
0
0
0
124
161
64
0
0
0
0
0
18
177
64
0
0
0
0
0
144
165
64
0
0
0
0
0
176
175
64
0
0
0
0
0
78
169
64
0
0
0
0
0
190
172
64
0
0
0
0
0
166
172
64
0
0
0
0
0
94
169
64
0
0
0
0
0
142
175
64
0
0
0
0
0
156
165
64
0
0
0
0
0
252
176
64
0
0
0
0
0
132
161
64
0
0
0
0
0
237
177
64
0
0
0
0
0
80
154
64
0
0
0
0
0
151
178
64
0
0
0
0
0
52
145
64
0
0
0
0
0
247
178
64
0
0
0
0
0
96
127
64
0
0
0
0
0
11
179
64
0
0
0
0
0
0
90
192
0
0
0
0
0
212
178
64
0
0
0
0
0
16
134
192
0
0
0
0
0
82
178
64
0
0
0
0
0
68
148
192
0
0
0
0
0
136
177
64
0
0
0
0
0
40
157
192
0
0
0
0
0
120
176
64
0
0
0
0
0
200
162
192
0
0
0
0
0
82
174
64
0
0
0
0
0
176
166
192
0
0
0
0
0
60
171
64
0
0
0
0
0
60
170
192
0
0
0
0
0
190
167
64
0
0
0
0
0
92
173
192
0
0
0
0
0
228
163
64
0
0
0
0
0
4
176
192
0
0
0
0
0
124
159
64
0
0
0
0
0
25
177
192
0
0
0
0
0
188
150
64
0
0
0
0
0
234
177
192
0
0
0
0
0
80
139
64
0
0
0
0
0
117
178
192
0
0
0
0
0
160
113
64
0
0
0
0
0
182
178
192
0
0
0
0
0
160
115
192
0
0
0
0
0
174
178
192
0
0
0
0
0
56
140
192
0
0
0
0
0
92
178
192
0
0
0
0
0
20
151
192
0
0
0
0
0
194
177
192
0
0
0
0
0
172
159
192
0
0
0
0
0
227
176
192
0
0
0
0
0
226
163
192
0
0
0
0
0
132
175
192
0
0
0
0
0
158
167
192
0
0
0
0
0
200
172
192
0
0
0
0
0
252
170
192
0
0
0
0
0
156
169
192
0
0
0
0
0
238
173
192
0
0
0
0
0
12
166
192
0
0
0
0
0
52
176
192
0
0
0
0
0
38
162
192
0
0
0
0
0
50
177
192
0
0
0
0
0
248
155
192
0
0
0
0
0
235
177
192
0
0
0
0
0
52
147
192
0
0
0
0
0
94
178
192
0
0
0
0
0
88
132
192
0
0
0
0
0
136
178
192
0
0
0
0
0
128
79
192
0
0
0
0
0
105
178
192
0
0
0
0
0
104
128
64
0
0
0
0
0
2
178
192
0
0
0
0
0
68
145
64
0
0
0
0
0
84
177
192
0
0
0
0
0
12
154
64
0
0
0
0
0
98
176
192
0
0
0
0
0
54
161
64
0
0
0
0
0
96
174
192
0
0
0
0
0
34
165
64
0
0
0
0
0
132
171
192
0
0
0
0
0
186
168
64
0
0
0
0
0
60
168
192
0
0
0
0
0
240
171
64
0
0
0
0
0
148
164
192
0
0
0
0
0
182
174
64
0
0
0
0
0
158
160
192
0
0
0
0
0
130
176
64
0
0
0
0
0
200
152
192
0
0
0
0
0
104
177
64
0
0
0
0
0
240
143
192
0
0
0
0
0
8
178
64
0
0
0
0
0
160
123
192
0
0
0
0
0
97
178
64
0
0
0
0
0
0
98
64
0
0
0
0
0
113
178
64
0
0
0
0
0
192
134
64
0
0
0
0
0
55
178
64
0
0
0
0
0
76
148
64
0
0
0
0
0
181
177
64
0
0
0
0
0
228
156
64
0
0
0
0
0
236
176
64
0
0
0
0
0
130
162
64
0
0
0
0
0
192
175
64
0
0
0
0
0
68
166
64
0
0
0
0
0
42
173
64
0
0
0
0
0
172
169
64
0
0
0
0
0
34
170
64
0
0
0
0
0
168
172
64
0
0
0
0
0
178
166
64
0
0
0
0
0
46
175
64
0
0
0
0
0
234
162
64
0
0
0
0
0
153
176
64
0
0
0
0
0
184
157
64
0
0
0
0
0
88
177
64
0
0
0
0
0
44
149
64
0
0
0
0
0
208
177
64
0
0
0
0
0
184
136
64
0
0
0
0
0
0
178
64
0
0
0
0
0
32
107
64
0
0
0
0
0
231
177
64
0
0
0
0
0
48
118
192
0
0
0
0
0
136
177
64
0
0
0
0
0
176
140
192
0
0
0
0
0
228
176
64
0
0
0
0
0
216
150
192
0
0
0
0
0
252
175
64
0
0
0
0
0
240
158
192
0
0
0
0
0
182
173
64
0
0
0
0
0
62
163
192
0
0
0
0
0
0
171
64
0
0
0
0
0
176
166
192
0
0
0
0
0
232
167
64
0
0
0
0
0
194
169
192
0
0
0
0
0
118
164
64
0
0
0
0
0
104
172
192
0
0
0
0
0
188
160
64
0
0
0
0
0
156
174
192
0
0
0
0
0
144
153
64
0
0
0
0
0
43
176
192
0
0
0
0
0
80
145
64
0
0
0
0
0
199
176
192
0
0
0
0
0
184
129
64
0
0
0
0
0
33
177
192
0
0
0
0
0
0
53
64
0
0
0
0
0
56
177
192
0
0
0
0
0
88
128
192
0
0
0
0
0
13
177
192
0
0
0
0
0
128
144
192
0
0
0
0
0
159
176
192
0
0
0
0
0
140
152
192
0
0
0
0
0
226
175
192
0
0
0
0
0
24
160
192
0
0
0
0
0
12
174
192
0
0
0
0
0
166
163
192
0
0
0
0
0
194
171
192
0
0
0
0
0
230
166
192
0
0
0
0
0
16
169
192
0
0
0
0
0
200
169
192
0
0
0
0
0
252
165
192
0
0
0
0
0
66
172
192
0
0
0
0
0
150
162
192
0
0
0
0
0
76
174
192
0
0
0
0
0
212
157
192
0
0
0
0
0
220
175
192
0
0
0
0
0
12
150
192
0
0
0
0
0
119
176
192
0
0
0
0
0
232
139
192
0
0
0
0
0
191
176
192
0
0
0
0
0
160
118
192
0
0
0
0
0
196
176
192
0
0
0
0
0
96
101
64
0
0
0
0
0
136
176
192
0
0
0
0
0
232
133
64
0
0
0
0
0
11
176
192
0
0
0
0
0
8
147
64
0
0
0
0
0
158
174
192
0
0
0
0
0
204
154
64
0
0
0
0
0
176
172
192
0
0
0
0
0
18
161
64
0
0
0
0
0
82
170
192
0
0
0
0
0
120
164
64
0
0
0
0
0
144
167
192
0
0
0
0
0
140
167
64
0
0
0
0
0
114
164
192
0
0
0
0
0
66
170
64
0
0
0
0
0
4
161
192
0
0
0
0
0
144
172
64
0
0
0
0
0
172
154
192
0
0
0
0
0
110
174
64
0
0
0
0
0
236
146
192
0
0
0
0
0
214
175
64
0
0
0
0
0
192
133
192
0
0
0
0
0
95
176
64
0
0
0
0
0
96
101
192
0
0
0
0
0
148
176
64
0
0
0
0
0
80
118
64
0
0
0
0
0
135
176
64
0
0
0
0
0
120
139
64
0
0
0
0
0
56
176
64
0
0
0
0
0
168
149
64
0
0
0
0
0
82
175
64
0
0
0
0
0
64
157
64
0
0
0
0
0
186
173
64
0
0
0
0
0
48
162
64
0
0
0
0
0
170
171
64
0
0
0
0
0
118
165
64
0
0
0
0
0
46
169
64
0
0
0
0
0
100
168
64
0
0
0
0
0
78
166
64
0
0
0
0
0
240
170
64
0
0
0
0
0
22
163
64
0
0
0
0
0
14
173
64
0
0
0
0
0
44
159
64
0
0
0
0
0
184
174
64
0
0
0
0
0
180
151
64
0
0
0
0
0
230
175
64
0
0
0
0
0
192
143
64
0
0
0
0
0
74
176
64
0
0
0
0
0
96
127
64
0
0
0
0
0
96
176
64
0
0
0
0
0
0
50
192
0
0
0
0
0
53
176
64
0
0
0
0
0
192
128
192
0
0
0
0
0
150
175
64
0
0
0
0
0
76
144
192
0
0
0
0
0
68
174
64
0
0
0
0
0
244
151
192
0
0
0
0
0
126
172
64
0
0
0
0
0
52
159
192
0
0
0
0
0
74
170
64
0
0
0
0
0
248
162
192
0
0
0
0
0
176
167
64
0
0
0
0
0
10
166
192
0
0
0
0
0
188
164
64
0
0
0
0
0
194
168
192
0
0
0
0
0
120
161
64
0
0
0
0
0
20
171
192
0
0
0
0
0
228
155
64
0
0
0
0
0
250
172
192
0
0
0
0
0
116
148
64
0
0
0
0
0
110
174
192
0
0
0
0
0
112
137
64
0
0
0
0
0
102
175
192
0
0
0
0
0
80
115
64
0
0
0
0
0
226
175
192
0
0
0
0
0
224
104
192
0
0
0
0
0
222
175
192
0
0
0
0
0
240
133
192
0
0
0
0
0
94
175
192
0
0
0
0
0
164
146
192
0
0
0
0
0
98
174
192
0
0
0
0
0
248
153
192
0
0
0
0
0
238
172
192
0
0
0
0
0
112
160
192
0
0
0
0
0
8
171
192
0
0
0
0
0
158
163
192
0
0
0
0
0
188
168
192
0
0
0
0
0
124
166
192
0
0
0
0
0
16
166
192
0
0
0
0
0
254
168
192
0
0
0
0
0
16
163
192
0
0
0
0
0
28
171
192
0
0
0
0
0
148
159
192
0
0
0
0
0
206
172
192
0
0
0
0
0
144
152
192
0
0
0
0
0
14
174
192
0
0
0
0
0
52
145
192
0
0
0
0
0
214
174
192
0
0
0
0
0
56
131
192
0
0
0
0
0
38
175
192
0
0
0
0
0
128
94
192
0
0
0
0
0
254
174
192
0
0
0
0
0
80
119
64
0
0
0
0
0
92
174
192
0
0
0
0
0
224
138
64
0
0
0
0
0
70
173
192
0
0
0
0
0
212
148
64
0
0
0
0
0
188
171
192
0
0
0
0
0
228
155
64
0
0
0
0
0
198
169
192
0
0
0
0
0
66
161
64
0
0
0
0
0
108
167
192
0
0
0
0
0
76
164
64
0
0
0
0
0
182
164
192
0
0
0
0
0
4
167
64
0
0
0
0
0
174
161
192
0
0
0
0
0
96
169
64
0
0
0
0
0
196
156
192
0
0
0
0
0
88
171
64
0
0
0
0
0
192
149
192
0
0
0
0
0
224
172
64
0
0
0
0
0
200
140
192
0
0
0
0
0
244
173
64
0
0
0
0
0
96
123
192
0
0
0
0
0
144
174
64
0
0
0
0
0
0
73
64
0
0
0
0
0
176
174
64
0
0
0
0
0
192
128
64
0
0
0
0
0
88
174
64
0
0
0
0
0
160
143
64
0
0
0
0
0
136
173
64
0
0
0
0
0
248
150
64
0
0
0
0
0
66
172
64
0
0
0
0
0
188
157
64
0
0
0
0
0
142
170
64
0
0
0
0
0
2
162
64
0
0
0
0
0
116
168
64
0
0
0
0
0
220
164
64
0
0
0
0
0
252
165
64
0
0
0
0
0
96
167
64
0
0
0
0
0
48
163
64
0
0
0
0
0
134
169
64
0
0
0
0
0
28
160
64
0
0
0
0
0
72
171
64
0
0
0
0
0
152
153
64
0
0
0
0
0
156
172
64
0
0
0
0
0
156
146
64
0
0
0
0
0
126
173
64
0
0
0
0
0
184
134
64
0
0
0
0
0
236
173
64
0
0
0
0
0
160
111
64
0
0
0
0
0
228
173
64
0
0
0
0
0
0
108
192
0
0
0
0
0
100
173
64
0
0
0
0
0
184
133
192
0
0
0
0
0
114
172
64
0
0
0
0
0
8
146
192
0
0
0
0
0
16
171
64
0
0
0
0
0
228
152
192
0
0
0
0
0
66
169
64
0
0
0
0
0
88
159
192
0
0
0
0
0
20
167
64
0
0
0
0
0
166
162
192
0
0
0
0
0
138
164
64
0
0
0
0
0
80
165
192
0
0
0
0
0
178
161
64
0
0
0
0
0
164
167
192
0
0
0
0
0
48
157
64
0
0
0
0
0
152
169
192
0
0
0
0
0
140
150
64
0
0
0
0
0
34
171
192
0
0
0
0
0
56
143
64
0
0
0
0
0
64
172
192
0
0
0
0
0
232
128
64
0
0
0
0
0
236
172
192
0
0
0
0
0
64
83
64
0
0
0
0
0
38
173
192
0
0
0
0
0
16
120
192
0
0
0
0
0
238
172
192
0
0
0
0
0
64
138
192
0
0
0
0
0
68
172
192
0
0
0
0
0
252
147
192
0
0
0
0
0
44
171
192
0
0
0
0
0
132
154
192
0
0
0
0
0
170
169
192
0
0
0
0
0
78
160
192
0
0
0
0
0
198
167
192
0
0
0
0
0
24
163
192
0
0
0
0
0
134
165
192
0
0
0
0
0
148
165
192
0
0
0
0
0
246
162
192
0
0
0
0
0
186
167
192
0
0
0
0
0
28
160
192
0
0
0
0
0
130
169
192
0
0
0
0
0
16
154
192
0
0
0
0
0
230
170
192
0
0
0
0
0
132
147
192
0
0
0
0
0
222
171
192
0
0
0
0
0
96
137
192
0
0
0
0
0
108
172
192
0
0
0
0
0
192
118
192
0
0
0
0
0
138
172
192
0
0
0
0
0
64
86
64
0
0
0
0
0
58
172
192
0
0
0
0
0
224
128
64
0
0
0
0
0
122
171
192
0
0
0
0
0
184
142
64
0
0
0
0
0
80
170
192
0
0
0
0
0
8
150
64
0
0
0
0
0
192
168
192
0
0
0
0
0
96
156
64
0
0
0
0
0
208
166
192
0
0
0
0
0
34
161
64
0
0
0
0
0
132
164
192
0
0
0
0
0
212
163
64
0
0
0
0
0
232
161
192
0
0
0
0
0
54
166
64
0
0
0
0
0
8
158
192
0
0
0
0
0
64
168
64
0
0
0
0
0
200
151
192
0
0
0
0
0
234
169
64
0
0
0
0
0
44
145
192
0
0
0
0
0
46
171
64
0
0
0
0
0
152
132
192
0
0
0
0
0
4
172
64
0
0
0
0
0
0
106
192
0
0
0
0
0
104
172
64
0
0
0
0
0
160
110
64
0
0
0
0
0
92
172
64
0
0
0
0
0
168
133
64
0
0
0
0
0
222
171
64
0
0
0
0
0
168
145
64
0
0
0
0
0
240
170
64
0
0
0
0
0
44
152
64
0
0
0
0
0
152
169
64
0
0
0
0
0
76
158
64
0
0
0
0
0
220
167
64
0
0
0
0
0
248
161
64
0
0
0
0
0
194
165
64
0
0
0
0
0
128
164
64
0
0
0
0
0
84
163
64
0
0
0
0
0
180
166
64
0
0
0
0
0
156
160
64
0
0
0
0
0
142
168
64
0
0
0
0
0
76
155
64
0
0
0
0
0
6
170
64
0
0
0
0
0
252
148
64
0
0
0
0
0
22
171
64
0
0
0
0
0
192
140
64
0
0
0
0
0
188
171
64
0
0
0
0
0
48
126
64
0
0
0
0
0
246
171
64
0
0
0
0
0
128
68
64
0
0
0
0
0
192
171
64
0
0
0
0
0
16
121
192
0
0
0
0
0
28
171
64
0
0
0
0
0
32
138
192
0
0
0
0
0
14
170
64
0
0
0
0
0
164
147
192
0
0
0
0
0
152
168
64
0
0
0
0
0
0
0
0
0
0
0
0
0
0
0
0
0
0
0
0
0
0
0
0
0
0
0
0
0
0
0
0
0
0
0
0
0
0
0
0
0
0
0
0
0
0
0
0
0
0
0
0
0
0
0
0
0
0
0
0
0
0
0
0
0
0
0
0
0
0
0
0
0
0
0
0
0
0
0
0
0
0
0
0
0
0
0
0
0
0
0
0
0
0
0
0
0
0
0
0
0
0
0
0
0
0
0
0
0
0
0
0
0
0
0
0
0
0
0
0
0
0
0
0
0
0
0
0
0
0
0
0
0
0
0
0
0
0
0
0
0
0
0
0
0
0
0
0
0
0
0
0
0
0
0
0
0
0
0
0
0
0
0
0
0
0
0
0
0
0
0
0
0
0
0
0
0
0
0
0
0
0
0
0
0
0
0
0
0
0
0
0
0
0
0
0
0
0
0
0
0
0
0
0
0
0
0
0
0
0
0
0
0
0
0
0
0
0
0
0
0
0
0
0
0
0
0
0
0
0
0
0
0
0
0
0
0
0
0
0
0
0
0
0
0
0
0
0
0
0
0
0
0
0
0
0
0
0
0
0
0
0
0
0
0
0
0
0
0
0
0
0
0
0
0
0
0
0
0
0
0
0
0
0
0
0
0
0
0
0
0
0
0
0
0
0
0
0
0
0
0
0
0
0
0
0
0
0
0
0
0
0
0
0
0
0
0
0
0
0
0
0
0
0
0
0
0
0
0
0
0
0
0
0
0
0
0
0
0
0
0
0
0
0
0
0
0
0
0
0
0
0
0
0
0
0
0
0
0
0
0
0
0
0
0
0
0
0
0
0
0
0
0
0
0
0
0
0
0
0
0
0
0
0
0
0
0
0
0
0
0
0
0
0
0
0
0
0
0
0
0
0
0
0
0
0
0
0
0
0
0
0
0
0
0
0
0
0
0
0
0
0
0
0
0
0
0
0
0
0
0
0
0
0
0
0
0
0
0
0
0
0
0
0
0
0
0
0
0
0
0
0
0
0
0
0
0
0
0
0
0
0
0
0
0
0
0
0
0
0
0
0
0
0
0
0
0
0
0
0
0
0
0
0
0
0
0
0
0
0
0
0
0
0
0
0
0
0
0
0
0
0
0
0
0
0
0
0
0
0
0
0
0
0
0
0
0
0
0
0
0
0
0
0
0
0
0
0
0
0
0
0
0
0
0
0
0
0
0
0
0
0
0
0
0
0
0
0
0
0
0
0
0
0
0
0
0
0
0
0
0
0
0
0
0
0
0
0
0
0
0
0
0
0
0
0
0
0
0
0
0
0
0
0
0
0
0
0
0
0
0
0
0
0
0
0
0
0
0
0
0
0
0
0
0
0
0
0
0
0
0
0
0
0
0
0
0
0
0
0
0
0
0
0
0
0
0
0
0
0
0
0
0
0
0
0
0
0
0
0
0
0
0
0
0
0
0
0
0
0
0
0
0
0
0
0
0
0
0
0
0
0
0
0
0
0
0
0
0
0
0
0
0
0
0
0
0
0
0
0
0
0
0
0
0
0
0
0
0
0
0
0
0
0
0
0
0
0
0
0
0
0
0
0
0
0
0
0
0
0
0
0
0
0
0
0
0
0
0
0
0
0
0
0
0
0
0
0
0
0
0
0
0
0
0
0
0
0
0
0
0
0
0
0
0
0
0
0
0
0
0
0
0
0
0
0
0
0
0
0
0
0
0
0
0
0
0
0
0
0
0
0
0
0
0
0
0
0
0
0
0
0
0
0
0
0
0
0
0
0
0
0
0
0
0
0
0
0
0
0
0
0
0
0
0
0
0
0
0
0
0
0
0
0
0
0
0
0
0
0
0
0
0
0
0
0
0
0
0
0
0
0
0
0
0
0
0
0
0
0
0
0
0
0
0
0
0
0
0
0
0
0
0
0
0
0
0
0
0
0
0
0
0
0
0
0
0
0
0
0
0
0
0
0
0
0
0
0
0
0
0
0
0
0
0
0
0
0
0
0
0
0
0
0
0
0
0
0
0
0
0
0
0
0
0
0
0
0
0
0
0
0
0
0
0
0
0
0
0
0
0
0
0
0
0
0
0
0
0
0
0
0
0
0
0
0
0
0
0
0
0
0
0
0
0
0
0
0
0
0
0
0
0
0
0
0
0
0
0
0
0
0
0
0
0
0
0
0
0
0
0
0
0
0
0
0
0
0
0
0
0
0
0
0
0
0
0
0
0
0
0
0
0
0
0
0
0
0
0
0
0
0
0
0
0
0
0
0
0
0
0
0
0
0
0
0
0
0
0
0
0
0
0
0
0
0
0
0
0
0
0
0
0
0
0
0
0
0
0
0
0
0
0
0
0
0
0
0
0
0
0
0
0
0
0
0
0
0
0
0
0
0
0
0
0
0
0
0
0
0
0
0
0
0
0
0
0
0
0
0
0
0
0
0
0
0
0
0
0
0
0
0
0
0
0
0
0
0
0
0
0
0
0
0
0
0
0
0
0
0
0
0
0
0
0
0
0
0
0
0
0
0
0
0
0
0
0
0
0
0
0
0
0
0
0
0
0
0
0
0
0
0
0
0
0
0
0
0
0
0
0
0
0
0
0
0
0
0
0
0
0
0
0
0
0
0
0
0
0
0
0
0
0
0
0
0
0
0
0
0
0
0
0
0
0
0
0
0
0
0
0
0
0
0
0
0
0
0
0
0
0
0
0
0
0
0
0
0
0
0
0
0
0
0
0
0
0
0
0
0
0
0
0
0
0
0
0