58
70
65
67
84
58
67
68
65
84
49
56
58
68
65
84
65
32
35
57
48
48
48
48
48
54
57
51
54
0
0
0
0
0
14
176
192
0
0
0
0
0
152
129
192
0
0
0
0
0
158
175
192
0
0
0
0
0
40
144
64
0
0
0
0
0
110
170
192
0
0
0
0
0
134
163
64
0
0
0
0
0
66
161
192
0
0
0
0
0
60
172
64
0
0
0
0
0
144
133
192
0
0
0
0
0
115
176
64
0
0
0
0
0
216
141
64
0
0
0
0
0
99
176
64
0
0
0
0
0
112
163
64
0
0
0
0
0
204
171
64
0
0
0
0
0
196
172
64
0
0
0
0
0
154
162
64
0
0
0
0
0
0
177
64
0
0
0
0
0
192
137
64
0
0
0
0
0
33
177
64
0
0
0
0
0
200
139
192
0
0
0
0
0
96
173
64
0
0
0
0
0
140
163
192
0
0
0
0
0
252
163
64
0
0
0
0
0
108
173
192
0
0
0
0
0
200
141
64
0
0
0
0
0
129
177
192
0
0
0
0
0
88
137
192
0
0
0
0
0
174
177
192
0
0
0
0
0
60
163
192
0
0
0
0
0
102
174
192
0
0
0
0
0
60
173
192
0
0
0
0
0
224
164
192
0
0
0
0
0
106
177
192
0
0
0
0
0
148
144
192
0
0
0
0
0
153
177
192
0
0
0
0
0
168
133
64
0
0
0
0
0
98
174
192
0
0
0
0
0
40
162
64
0
0
0
0
0
44
165
192
0
0
0
0
0
22
172
64
0
0
0
0
0
248
145
192
0
0
0
0
0
232
176
64
0
0
0
0
0
152
129
64
0
0
0
0
0
73
177
64
0
0
0
0
0
20
161
64
0
0
0
0
0
80
174
64
0
0
0
0
0
70
171
64
0
0
0
0
0
168
165
64
0
0
0
0
0
198
176
64
0
0
0
0
0
152
147
64
0
0
0
0
0
122
177
64
0
0
0
0
0
224
124
192
0
0
0
0
0
58
175
64
0
0
0
0
0
168
160
192
0
0
0
0
0
206
166
64
0
0
0
0
0
110
171
192
0
0
0
0
0
176
149
64
0
0
0
0
0
35
177
192
0
0
0
0
0
80
119
192
0
0
0
0
0
11
178
192
0
0
0
0
0
102
160
192
0
0
0
0
0
63
176
192
0
0
0
0
0
136
171
192
0
0
0
0
0
0
168
192
0
0
0
0
0
76
177
192
0
0
0
0
0
188
151
192
0
0
0
0
0
64
178
192
0
0
0
0
0
80
112
64
0
0
0
0
0
124
176
192
0
0
0
0
0
52
159
64
0
0
0
0
0
150
168
192
0
0
0
0
0
198
170
64
0
0
0
0
0
72
153
192
0
0
0
0
0
247
176
64
0
0
0
0
0
32
97
64
0
0
0
0
0
8
178
64
0
0
0
0
0
20
157
64
0
0
0
0
0
115
176
64
0
0
0
0
0
208
169
64
0
0
0
0
0
240
168
64
0
0
0
0
0
165
176
64
0
0
0
0
0
176
154
64
0
0
0
0
0
242
177
64
0
0
0
0
0
0
58
192
0
0
0
0
0
156
176
64
0
0
0
0
0
136
155
192
0
0
0
0
0
162
169
64
0
0
0
0
0
92
169
192
0
0
0
0
0
108
156
64
0
0
0
0
0
161
176
192
0
0
0
0
0
128
83
64
0
0
0
0
0
36
178
192
0
0
0
0
0
84
154
192
0
0
0
0
0
246
176
192
0
0
0
0
0
12
169
192
0
0
0
0
0
134
170
192
0
0
0
0
0
161
176
192
0
0
0
0
0
80
158
192
0
0
0
0
0
73
178
192
0
0
0
0
0
32
104
192
0
0
0
0
0
63
177
192
0
0
0
0
0
200
152
64
0
0
0
0
0
84
171
192
0
0
0
0
0
130
168
64
0
0
0
0
0
30
160
192
0
0
0
0
0
137
176
64
0
0
0
0
0
224
115
192
0
0
0
0
0
105
178
64
0
0
0
0
0
64
151
64
0
0
0
0
0
152
177
64
0
0
0
0
0
42
168
64
0
0
0
0
0
92
172
64
0
0
0
0
0
165
176
64
0
0
0
0
0
66
161
64
0
0
0
0
0
206
178
64
0
0
0
0
0
144
123
64
0
0
0
0
0
51
178
64
0
0
0
0
0
44
150
192
0
0
0
0
0
190
173
64
0
0
0
0
0
48
168
192
0
0
0
0
0
138
162
64
0
0
0
0
0
238
176
192
0
0
0
0
0
168
129
64
0
0
0
0
0
74
179
192
0
0
0
0
0
4
149
192
0
0
0
0
0
200
178
192
0
0
0
0
0
250
167
192
0
0
0
0
0
236
174
192
0
0
0
0
0
246
176
192
0
0
0
0
0
162
163
192
0
0
0
0
0
108
179
192
0
0
0
0
0
168
133
192
0
0
0
0
0
2
179
192
0
0
0
0
0
60
147
64
0
0
0
0
0
148
175
192
0
0
0
0
0
56
167
64
0
0
0
0
0
130
164
192
0
0
0
0
0
179
176
64
0
0
0
0
0
168
137
192
0
0
0
0
0
89
179
64
0
0
0
0
0
80
145
64
0
0
0
0
0
42
179
64
0
0
0
0
0
138
166
64
0
0
0
0
0
44
176
64
0
0
0
0
0
158
176
64
0
0
0
0
0
142
165
64
0
0
0
0
0
146
179
64
0
0
0
0
0
224
141
64
0
0
0
0
0
171
179
64
0
0
0
0
0
168
143
192
0
0
0
0
0
217
176
64
0
0
0
0
0
88
166
192
0
0
0
0
0
242
166
64
0
0
0
0
0
213
176
192
0
0
0
0
0
52
145
64
0
0
0
0
0
16
180
192
0
0
0
0
0
216
140
192
0
0
0
0
0
86
180
192
0
0
0
0
0
36
166
192
0
0
0
0
0
146
177
192
0
0
0
0
0
244
176
192
0
0
0
0
0
80
168
192
0
0
0
0
0
91
180
192
0
0
0
0
0
144
147
192
0
0
0
0
0
193
180
192
0
0
0
0
0
48
137
64
0
0
0
0
0
20
178
192
0
0
0
0
0
132
165
64
0
0
0
0
0
112
169
192
0
0
0
0
0
207
176
64
0
0
0
0
0
216
149
192
0
0
0
0
0
103
180
64
0
0
0
0
0
24
133
64
0
0
0
0
0
0
181
64
0
0
0
0
0
198
164
64
0
0
0
0
0
130
178
64
0
0
0
0
0
167
176
64
0
0
0
0
0
136
170
64
0
0
0
0
0
128
180
64
0
0
0
0
0
24
152
64
0
0
0
0
0
86
181
64
0
0
0
0
0
88
129
192
0
0
0
0
0
1
179
64
0
0
0
0
0
48
164
192
0
0
0
0
0
170
171
64
0
0
0
0
0
146
176
192
0
0
0
0
0
76
154
64
0
0
0
0
0
158
180
192
0
0
0
0
0
16
123
192
0
0
0
0
0
155
181
192
0
0
0
0
0
112
163
192
0
0
0
0
0
98
179
192
0
0
0
0
0
78
176
192
0
0
0
0
0
144
172
192
0
0
0
0
0
118
180
192
0
0
0
0
0
80
156
192
0
0
0
0
0
150
181
192
0
0
0
0
0
112
114
64
0
0
0
0
0
134
179
192
0
0
0
0
0
92
162
64
0
0
0
0
0
52
173
192
0
0
0
0
0
170
175
64
0
0
0
0
0
52
158
192
0
0
0
0
0
36
180
64
0
0
0
0
0
32
99
64
0
0
0
0
0
125
181
64
0
0
0
0
0
80
161
64
0
0
0
0
0
175
179
64
0
0
0
0
0
232
174
64
0
0
0
0
0
244
173
64
0
0
0
0
0
254
179
64
0
0
0
0
0
28
160
64
0
0
0
0
0
151
181
64
0
0
0
0
0
0
54
192
0
0
0
0
0
255
179
64
0
0
0
0
0
124
160
192
0
0
0
0
0
220
174
64
0
0
0
0
0
104
174
192
0
0
0
0
0
30
161
64
0
0
0
0
0
236
179
192
0
0
0
0
0
64
90
64
0
0
0
0
0
174
181
192
0
0
0
0
0
40
159
192
0
0
0
0
0
55
180
192
0
0
0
0
0
160
173
192
0
0
0
0
0
134
175
192
0
0
0
0
0
157
179
192
0
0
0
0
0
254
161
192
0
0
0
0
0
127
181
192
0
0
0
0
0
32
110
192
0
0
0
0
0
53
180
192
0
0
0
0
0
208
156
64
0
0
0
0
0
236
175
192
0
0
0
0
0
128
172
64
0
0
0
0
0
204
162
192
0
0
0
0
0
45
179
64
0
0
0
0
0
176
119
192
0
0
0
0
0
71
181
64
0
0
0
0
0
152
154
64
0
0
0
0
0
67
180
64
0
0
0
0
0
160
171
64
0
0
0
0
0
70
176
64
0
0
0
0
0
246
178
64
0
0
0
0
0
192
163
64
0
0
0
0
0
84
181
64
0
0
0
0
0
240
127
64
0
0
0
0
0
140
180
64
0
0
0
0
0
220
152
192
0
0
0
0
0
183
176
64
0
0
0
0
0
20
171
192
0
0
0
0
0
196
164
64
0
0
0
0
0
222
178
192
0
0
0
0
0
248
131
64
0
0
0
0
0
102
181
192
0
0
0
0
0
4
151
192
0
0
0
0
0
190
180
192
0
0
0
0
0
62
170
192
0
0
0
0
0
2
177
192
0
0
0
0
0
129
178
192
0
0
0
0
0
140
165
192
0
0
0
0
0
29
181
192
0
0
0
0
0
240
135
192
0
0
0
0
0
150
180
192
0
0
0
0
0
160
148
64
0
0
0
0
0
11
177
192
0
0
0
0
0
240
168
64
0
0
0
0
0
18
166
192
0
0
0
0
0
225
177
64
0
0
0
0
0
184
139
192
0
0
0
0
0
160
180
64
0
0
0
0
0
48
146
64
0
0
0
0
0
85
180
64
0
0
0
0
0
174
167
64
0
0
0
0
0
16
177
64
0
0
0
0
0
93
177
64
0
0
0
0
0
160
166
64
0
0
0
0
0
82
180
64
0
0
0
0
0
88
143
64
0
0
0
0
0
71
180
64
0
0
0
0
0
40
144
192
0
0
0
0
0
63
177
64
0
0
0
0
0
198
166
192
0
0
0
0
0
86
167
64
0
0
0
0
0
12
177
192
0
0
0
0
0
124
145
64
0
0
0
0
0
46
180
192
0
0
0
0
0
120
140
192
0
0
0
0
0
83
180
192
0
0
0
0
0
230
165
192
0
0
0
0
0
119
177
192
0
0
0
0
0
180
176
192
0
0
0
0
0
18
168
192
0
0
0
0
0
249
179
192
0
0
0
0
0
100
147
192
0
0
0
0
0
75
180
192
0
0
0
0
0
64
136
64
0
0
0
0
0
161
177
192
0
0
0
0
0
222
164
64
0
0
0
0
0
194
168
192
0
0
0
0
0
73
176
64
0
0
0
0
0
76
149
192
0
0
0
0
0
186
179
64
0
0
0
0
0
0
132
64
0
0
0
0
0
66
180
64
0
0
0
0
0
230
163
64
0
0
0
0
0
207
177
64
0
0
0
0
0
218
175
64
0
0
0
0
0
120
169
64
0
0
0
0
0
140
179
64
0
0
0
0
0
32
151
64
0
0
0
0
0
69
180
64
0
0
0
0
0
40
128
192
0
0
0
0
0
253
177
64
0
0
0
0
0
6
163
192
0
0
0
0
0
26
170
64
0
0
0
0
0
38
175
192
0
0
0
0
0
200
152
64
0
0
0
0
0
78
179
192
0
0
0
0
0
160
120
192
0
0
0
0
0
41
180
192
0
0
0
0
0
0
162
192
0
0
0
0
0
8
178
192
0
0
0
0
0
40
174
192
0
0
0
0
0
134
170
192
0
0
0
0
0
229
178
192
0
0
0
0
0
84
154
192
0
0
0
0
0
233
179
192
0
0
0
0
0
80
112
64
0
0
0
0
0
1
178
192
0
0
0
0
0
214
160
64
0
0
0
0
0
242
170
192
0
0
0
0
0
22
173
64
0
0
0
0
0
244
155
192
0
0
0
0
0
133
178
64
0
0
0
0
0
32
96
64
0
0
0
0
0
197
179
64
0
0
0
0
0
176
159
64
0
0
0
0
0
29
178
64
0
0
0
0
0
88
172
64
0
0
0
0
0
148
171
64
0
0
0
0
0
85
178
64
0
0
0
0
0
180
157
64
0
0
0
0
0
200
179
64
0
0
0
0
0
0
38
192
0
0
0
0
0
76
178
64
0
0
0
0
0
0
158
192
0
0
0
0
0
48
172
64
0
0
0
0
0
172
171
192
0
0
0
0
0
68
159
64
0
0
0
0
0
23
178
192
0
0
0
0
0
64
90
64
0
0
0
0
0
163
179
192
0
0
0
0
0
252
155
192
0
0
0
0
0
68
178
192
0
0
0
0
0
152
170
192
0
0
0
0
0
108
172
192
0
0
0
0
0
147
177
192
0
0
0
0
0
56
160
192
0
0
0
0
0
58
179
192
0
0
0
0
0
96
108
192
0
0
0
0
0
13
178
192
0
0
0
0
0
140
153
64
0
0
0
0
0
126
172
192
0
0
0
0
0
80
169
64
0
0
0
0
0
204
160
192
0
0
0
0
0
7
177
64
0
0
0
0
0
176
117
192
0
0
0
0
0
228
178
64
0
0
0
0
0
108
151
64
0
0
0
0
0
251
177
64
0
0
0
0
0
102
168
64
0
0
0
0
0
222
172
64
0
0
0
0
0
192
176
64
0
0
0
0
0
136
161
64
0
0
0
0
0
213
178
64
0
0
0
0
0
208
124
64
0
0
0
0
0
33
178
64
0
0
0
0
0
200
149
192
0
0
0
0
0
122
173
64
0
0
0
0
0
200
167
192
0
0
0
0
0
82
162
64
0
0
0
0
0
145
176
192
0
0
0
0
0
216
129
64
0
0
0
0
0
198
178
192
0
0
0
0
0
4
148
192
0
0
0
0
0
49
178
192
0
0
0
0
0
232
166
192
0
0
0
0
0
212
173
192
0
0
0
0
0
42
176
192
0
0
0
0
0
236
162
192
0
0
0
0
0
116
178
192
0
0
0
0
0
80
133
192
0
0
0
0
0
2
178
192
0
0
0
0
0
216
145
64
0
0
0
0
0
218
173
192
0
0
0
0
0
186
165
64
0
0
0
0
0
96
163
192
0
0
0
0
0
58
175
64
0
0
0
0
0
160
136
192
0
0
0
0
0
9
178
64
0
0
0
0
0
128
143
64
0
0
0
0
0
206
177
64
0
0
0
0
0
170
164
64
0
0
0
0
0
236
173
64
0
0
0
0
0
92
174
64
0
0
0
0
0
222
163
64
0
0
0
0
0
198
177
64
0
0
0
0
0
184
139
64
0
0
0
0
0
189
177
64
0
0
0
0
0
248
139
192
0
0
0
0
0
42
174
64
0
0
0
0
0
212
163
192
0
0
0
0
0
104
164
64
0
0
0
0
0
176
173
192
0
0
0
0
0
184
142
64
0
0
0
0
0
141
177
192
0
0
0
0
0
104
136
192
0
0
0
0
0
166
177
192
0
0
0
0
0
228
162
192
0
0
0
0
0
74
174
192
0
0
0
0
0
202
172
192
0
0
0
0
0
218
164
192
0
0
0
0
0
47
177
192
0
0
0
0
0
220
144
192
0
0
0
0
0
109
177
192
0
0
0
0
0
120
132
64
0
0
0
0
0
58
174
192
0
0
0
0
0
202
161
64
0
0
0
0
0
54
165
192
0
0
0
0
0
192
171
64
0
0
0
0
0
80
146
192
0
0
0
0
0
201
176
64
0
0
0
0
0
168
128
64
0
0
0
0
0
56
177
64
0
0
0
0
0
204
160
64
0
0
0
0
0
64
174
64
0
0
0
0
0
234
170
64
0
0
0
0
0
160
165
64
0
0
0
0
0
131
176
64
0
0
0
0
0
180
147
64
0
0
0
0
0
30
177
64
0
0
0
0
0
176
122
192
0
0
0
0
0
98
174
64
0
0
0
0
0
248
159
192
0
0
0
0
0
12
166
64
0
0
0
0
0
50
170
192
0
0
0
0
0
0
149
64
0
0
0
0
0
60
176
192
0
0
0
0
0
32
116
192
0
0
0
0
0
242
176
192
0
0
0
0
0
12
158
192
0
0
0
0
0
74
174
192
0
0
0
0
0
46
169
192
0
0
0
0
0
68
166
192
0
0
0
0
0
130
175
192
0
0
0
0
0
32
150
192
0
0
0
0
0
143
176
192
0
0
0
0
0
192
105
64
0
0
0
0
0
220
173
192
0
0
0
0
0
184
155
64
0
0
0
0
0
72
166
192
0
0
0
0
0
236
167
64
0
0
0
0
0
24
151
192
0
0
0
0
0
92
174
64
0
0
0
0
0
192
87
64
0
0
0
0
0
37
176
64
0
0
0
0
0
160
153
64
0
0
0
0
0
126
173
64
0
0
0
0
0
236
166
64
0
0
0
0
0
104
166
64
0
0
0
0
0
162
173
64
0
0
0
0
0
40
152
64
0
0
0
0
0
0
176
64
0
0
0
0
0
0
0
0
0
0
0
0
0
162
173
64
0
0
0
0
0
40
152
192
0
0
0
0
0
236
166
64
0
0
0
0
0
104
166
192
0
0
0
0
0
160
153
64
0
0
0
0
0
126
173
192
0
0
0
0
0
192
87
64
0
0
0
0
0
37
176
192
0
0
0
0
0
24
151
192
0
0
0
0
0
92
174
192
0
0
0
0
0
72
166
192
0
0
0
0
0
236
167
192
0
0
0
0
0
220
173
192
0
0
0
0
0
184
155
192
0
0
0
0
0
143
176
192
0
0
0
0
0
192
105
192
0
0
0
0
0
130
175
192
0
0
0
0
0
32
150
64
0
0
0
0
0
46
169
192
0
0
0
0
0
68
166
64
0
0
0
0
0
12
158
192
0
0
0
0
0
74
174
64
0
0
0
0
0
32
116
192
0
0
0
0
0
242
176
64
0
0
0
0
0
0
149
64
0
0
0
0
0
60
176
64
0
0
0
0
0
12
166
64
0
0
0
0
0
50
170
64
0
0
0
0
0
98
174
64
0
0
0
0
0
248
159
64
0
0
0
0
0
30
177
64
0
0
0
0
0
176
122
64
0
0
0
0
0
131
176
64
0
0
0
0
0
180
147
192
0
0
0
0
0
234
170
64
0
0
0
0
0
160
165
192
0
0
0
0
0
204
160
64
0
0
0
0
0
64
174
192
0
0
0
0
0
168
128
64
0
0
0
0
0
56
177
192
0
0
0
0
0
80
146
192
0
0
0
0
0
201
176
192
0
0
0
0
0
54
165
192
0
0
0
0
0
192
171
192
0
0
0
0
0
58
174
192
0
0
0
0
0
202
161
192
0
0
0
0
0
109
177
192
0
0
0
0
0
120
132
192
0
0
0
0
0
47
177
192
0
0
0
0
0
220
144
64
0
0
0
0
0
202
172
192
0
0
0
0
0
218
164
64
0
0
0
0
0
228
162
192
0
0
0
0
0
74
174
64
0
0
0
0
0
104
136
192
0
0
0
0
0
166
177
64
0
0
0
0
0
184
142
64
0
0
0
0
0
141
177
64
0
0
0
0
0
104
164
64
0
0
0
0
0
176
173
64
0
0
0
0
0
42
174
64
0
0
0
0
0
212
163
64
0
0
0
0
0
189
177
64
0
0
0
0
0
248
139
64
0
0
0
0
0
198
177
64
0
0
0
0
0
184
139
192
0
0
0
0
0
92
174
64
0
0
0
0
0
222
163
192
0
0
0
0
0
170
164
64
0
0
0
0
0
236
173
192
0
0
0
0
0
128
143
64
0
0
0
0
0
206
177
192
0
0
0
0
0
160
136
192
0
0
0
0
0
9
178
192
0
0
0
0
0
96
163
192
0
0
0
0
0
58
175
192
0
0
0
0
0
218
173
192
0
0
0
0
0
186
165
192
0
0
0
0
0
2
178
192
0
0
0
0
0
216
145
192
0
0
0
0
0
116
178
192
0
0
0
0
0
80
133
64
0
0
0
0
0
42
176
192
0
0
0
0
0
236
162
64
0
0
0
0
0
232
166
192
0
0
0
0
0
212
173
64
0
0
0
0
0
4
148
192
0
0
0
0
0
49
178
64
0
0
0
0
0
216
129
64
0
0
0
0
0
198
178
64
0
0
0
0
0
82
162
64
0
0
0
0
0
145
176
64
0
0
0
0
0
122
173
64
0
0
0
0
0
200
167
64
0
0
0
0
0
33
178
64
0
0
0
0
0
200
149
64
0
0
0
0
0
213
178
64
0
0
0
0
0
208
124
192
0
0
0
0
0
192
176
64
0
0
0
0
0
136
161
192
0
0
0
0
0
102
168
64
0
0
0
0
0
222
172
192
0
0
0
0
0
108
151
64
0
0
0
0
0
251
177
192
0
0
0
0
0
176
117
192
0
0
0
0
0
228
178
192
0
0
0
0
0
204
160
192
0
0
0
0
0
7
177
192
0
0
0
0
0
126
172
192
0
0
0
0
0
80
169
192
0
0
0
0
0
13
178
192
0
0
0
0
0
140
153
192
0
0
0
0
0
58
179
192
0
0
0
0
0
96
108
64
0
0
0
0
0
147
177
192
0
0
0
0
0
56
160
64
0
0
0
0
0
152
170
192
0
0
0
0
0
108
172
64
0
0
0
0
0
252
155
192
0
0
0
0
0
68
178
64
0
0
0
0
0
64
90
64
0
0
0
0
0
163
179
64
0
0
0
0
0
68
159
64
0
0
0
0
0
23
178
64
0
0
0
0
0
48
172
64
0
0
0
0
0
172
171
64
0
0
0
0
0
76
178
64
0
0
0
0
0
0
158
64
0
0
0
0
0
200
179
64
0
0
0
0
0
0
38
64
0
0
0
0
0
85
178
64
0
0
0
0
0
180
157
192
0
0
0
0
0
88
172
64
0
0
0
0
0
148
171
192
0
0
0
0
0
176
159
64
0
0
0
0
0
29
178
192
0
0
0
0
0
32
96
64
0
0
0
0
0
197
179
192
0
0
0
0
0
244
155
192
0
0
0
0
0
133
178
192
0
0
0
0
0
242
170
192
0
0
0
0
0
22
173
192
0
0
0
0
0
1
178
192
0
0
0
0
0
214
160
192
0
0
0
0
0
233
179
192
0
0
0
0
0
80
112
192
0
0
0
0
0
229
178
192
0
0
0
0
0
84
154
64
0
0
0
0
0
40
174
192
0
0
0
0
0
134
170
64
0
0
0
0
0
0
162
192
0
0
0
0
0
8
178
64
0
0
0
0
0
160
120
192
0
0
0
0
0
41
180
64
0
0
0
0
0
200
152
64
0
0
0
0
0
78
179
64
0
0
0
0
0
26
170
64
0
0
0
0
0
38
175
64
0
0
0
0
0
253
177
64
0
0
0
0
0
6
163
64
0
0
0
0
0
69
180
64
0
0
0
0
0
40
128
64
0
0
0
0
0
140
179
64
0
0
0
0
0
32
151
192
0
0
0
0
0
218
175
64
0
0
0
0
0
120
169
192
0
0
0
0
0
230
163
64
0
0
0
0
0
207
177
192
0
0
0
0
0
0
132
64
0
0
0
0
0
66
180
192
0
0
0
0
0
76
149
192
0
0
0
0
0
186
179
192
0
0
0
0
0
194
168
192
0
0
0
0
0
73
176
192
0
0
0
0
0
161
177
192
0
0
0
0
0
222
164
192
0
0
0
0
0
75
180
192
0
0
0
0
0
64
136
192
0
0
0
0
0
249
179
192
0
0
0
0
0
100
147
64
0
0
0
0
0
180
176
192
0
0
0
0
0
18
168
64
0
0
0
0
0
230
165
192
0
0
0
0
0
119
177
64
0
0
0
0
0
120
140
192
0
0
0
0
0
83
180
64
0
0
0
0
0
124
145
64
0
0
0
0
0
46
180
64
0
0
0
0
0
86
167
64
0
0
0
0
0
12
177
64
0
0
0
0
0
63
177
64
0
0
0
0
0
198
166
64
0
0
0
0
0
71
180
64
0
0
0
0
0
40
144
64
0
0
0
0
0
82
180
64
0
0
0
0
0
88
143
192
0
0
0
0
0
93
177
64
0
0
0
0
0
160
166
192
0
0
0
0
0
174
167
64
0
0
0
0
0
16
177
192
0
0
0
0
0
48
146
64
0
0
0
0
0
85
180
192
0
0
0
0
0
184
139
192
0
0
0
0
0
160
180
192
0
0
0
0
0
18
166
192
0
0
0
0
0
225
177
192
0
0
0
0
0
11
177
192
0
0
0
0
0
240
168
192
0
0
0
0
0
150
180
192
0
0
0
0
0
160
148
192
0
0
0
0
0
29
181
192
0
0
0
0
0
240
135
64
0
0
0
0
0
129
178
192
0
0
0
0
0
140
165
64
0
0
0
0
0
62
170
192
0
0
0
0
0
2
177
64
0
0
0
0
0
4
151
192
0
0
0
0
0
190
180
64
0
0
0
0
0
248
131
64
0
0
0
0
0
102
181
64
0
0
0
0
0
196
164
64
0
0
0
0
0
222
178
64
0
0
0
0
0
183
176
64
0
0
0
0
0
20
171
64
0
0
0
0
0
140
180
64
0
0
0
0
0
220
152
64
0
0
0
0
0
84
181
64
0
0
0
0
0
240
127
192
0
0
0
0
0
246
178
64
0
0
0
0
0
192
163
192
0
0
0
0
0
160
171
64
0
0
0
0
0
70
176
192
0
0
0
0
0
152
154
64
0
0
0
0
0
67
180
192
0
0
0
0
0
176
119
192
0
0
0
0
0
71
181
192
0
0
0
0
0
204
162
192
0
0
0
0
0
45
179
192
0
0
0
0
0
236
175
192
0
0
0
0
0
128
172
192
0
0
0
0
0
53
180
192
0
0
0
0
0
208
156
192
0
0
0
0
0
127
181
192
0
0
0
0
0
32
110
64
0
0
0
0
0
157
179
192
0
0
0
0
0
254
161
64
0
0
0
0
0
160
173
192
0
0
0
0
0
134
175
64
0
0
0
0
0
40
159
192
0
0
0
0
0
55
180
64
0
0
0
0
0
64
90
64
0
0
0
0
0
174
181
64
0
0
0
0
0
30
161
64
0
0
0
0
0
236
179
64
0
0
0
0
0
220
174
64
0
0
0
0
0
104
174
64
0
0
0
0
0
255
179
64
0
0
0
0
0
124
160
64
0
0
0
0
0
151
181
64
0
0
0
0
0
0
54
64
0
0
0
0
0
254
179
64
0
0
0
0
0
28
160
192
0
0
0
0
0
232
174
64
0
0
0
0
0
244
173
192
0
0
0
0
0
80
161
64
0
0
0
0
0
175
179
192
0
0
0
0
0
32
99
64
0
0
0
0
0
125
181
192
0
0
0
0
0
52
158
192
0
0
0
0
0
36
180
192
0
0
0
0
0
52
173
192
0
0
0
0
0
170
175
192
0
0
0
0
0
134
179
192
0
0
0
0
0
92
162
192
0
0
0
0
0
150
181
192
0
0
0
0
0
112
114
192
0
0
0
0
0
118
180
192
0
0
0
0
0
80
156
64
0
0
0
0
0
78
176
192
0
0
0
0
0
144
172
64
0
0
0
0
0
112
163
192
0
0
0
0
0
98
179
64
0
0
0
0
0
16
123
192
0
0
0
0
0
155
181
64
0
0
0
0
0
76
154
64
0
0
0
0
0
158
180
64
0
0
0
0
0
170
171
64
0
0
0
0
0
146
176
64
0
0
0
0
0
1
179
64
0
0
0
0
0
48
164
64
0
0
0
0
0
86
181
64
0
0
0
0
0
88
129
64
0
0
0
0
0
128
180
64
0
0
0
0
0
24
152
192
0
0
0
0
0
167
176
64
0
0
0
0
0
136
170
192
0
0
0
0
0
198
164
64
0
0
0
0
0
130
178
192
0
0
0
0
0
24
133
64
0
0
0
0
0
0
181
192
0
0
0
0
0
216
149
192
0
0
0
0
0
103
180
192
0
0
0
0
0
112
169
192
0
0
0
0
0
207
176
192
0
0
0
0
0
20
178
192
0
0
0
0
0
132
165
192
0
0
0
0
0
193
180
192
0
0
0
0
0
48
137
192
0
0
0
0
0
91
180
192
0
0
0
0
0
144
147
64
0
0
0
0
0
244
176
192
0
0
0
0
0
80
168
64
0
0
0
0
0
36
166
192
0
0
0
0
0
146
177
64
0
0
0
0
0
216
140
192
0
0
0
0
0
86
180
64
0
0
0
0
0
52
145
64
0
0
0
0
0
16
180
64
0
0
0
0
0
242
166
64
0
0
0
0
0
213
176
64
0
0
0
0
0
217
176
64
0
0
0
0
0
88
166
64
0
0
0
0
0
171
179
64
0
0
0
0
0
168
143
64
0
0
0
0
0
146
179
64
0
0
0
0
0
224
141
192
0
0
0
0
0
158
176
64
0
0
0
0
0
142
165
192
0
0
0
0
0
138
166
64
0
0
0
0
0
44
176
192
0
0
0
0
0
80
145
64
0
0
0
0
0
42
179
192
0
0
0
0
0
168
137
192
0
0
0
0
0
89
179
192
0
0
0
0
0
130
164
192
0
0
0
0
0
179
176
192
0
0
0
0
0
148
175
192
0
0
0
0
0
56
167
192
0
0
0
0
0
2
179
192
0
0
0
0
0
60
147
192
0
0
0
0
0
108
179
192
0
0
0
0
0
168
133
64
0
0
0
0
0
246
176
192
0
0
0
0
0
162
163
64
0
0
0
0
0
250
167
192
0
0
0
0
0
236
174
64
0
0
0
0
0
4
149
192
0
0
0
0
0
200
178
64
0
0
0
0
0
168
129
64
0
0
0
0
0
74
179
64
0
0
0
0
0
138
162
64
0
0
0
0
0
238
176
64
0
0
0
0
0
190
173
64
0
0
0
0
0
48
168
64
0
0
0
0
0
51
178
64
0
0
0
0
0
44
150
64
0
0
0
0
0
206
178
64
0
0
0
0
0
144
123
192
0
0
0
0
0
165
176
64
0
0
0
0
0
66
161
192
0
0
0
0
0
42
168
64
0
0
0
0
0
92
172
192
0
0
0
0
0
64
151
64
0
0
0
0
0
152
177
192
0
0
0
0
0
224
115
192
0
0
0
0
0
105
178
192
0
0
0
0
0
30
160
192
0
0
0
0
0
137
176
192
0
0
0
0
0
84
171
192
0
0
0
0
0
130
168
192
0
0
0
0
0
63
177
192
0
0
0
0
0
200
152
192
0
0
0
0
0
73
178
192
0
0
0
0
0
32
104
64
0
0
0
0
0
161
176
192
0
0
0
0
0
80
158
64
0
0
0
0
0
12
169
192
0
0
0
0
0
134
170
64
0
0
0
0
0
84
154
192
0
0
0
0
0
246
176
64
0
0
0
0
0
128
83
64
0
0
0
0
0
36
178
64
0
0
0
0
0
108
156
64
0
0
0
0
0
161
176
64
0
0
0
0
0
162
169
64
0
0
0
0
0
92
169
64
0
0
0
0
0
156
176
64
0
0
0
0
0
136
155
64
0
0
0
0
0
242
177
64
0
0
0
0
0
0
58
64
0
0
0
0
0
165
176
64
0
0
0
0
0
176
154
192
0
0
0
0
0
208
169
64
0
0
0
0
0
0
0
0
0
0
0
0
0
0
0
0
0
0
0
0
0
0
0
0
0
0
0
0
0
0
0
0
0
0
0
0
0
0
0
0
0
0
0
0
0
0
0
0
0
0
0
0
0
0
0
0
0
0
0
0
0
0
0
0
0
0
0
0
0
0
0
0
0
0
0
0
0
0
0
0
0
0
0
0
0
0
0
0
0
0
0
0
0
0
0
0
0
0
0
0
0
0
0
0
0
0
0
0
0
0
0
0
0
0
0
0
0
0
0
0
0
0
0
0
0
0
0
0
0
0
0
0
0
0
0
0
0
0
0
0
0
0
0
0
0
0
0
0
0
0
0
0
0
0
0
0
0
0
0
0
0
0
0
0
0
0
0
0
0
0
0
0
0
0
0
0
0
0
0
0
0
0
0
0
0
0
0
0
0
0
0
0
0
0
0
0
0
0
0
0
0
0
0
0
0
0
0
0
0
0
0
0
0
0
0
0
0
0
0
0
0
0
0
0
0
0
0
0
0
0
0
0
0
0
0
0
0
0
0
0
0
0
0
0
0
0
0
0
0
0
0
0
0
0
0
0
0
0
0
0
0
0
0
0
0
0
0
0
0
0
0
0
0
0
0
0
0
0
0
0
0
0
0
0
0
0
0
0
0
0
0
0
0
0
0
0
0
0
0
0
0
0
0
0
0
0
0
0
0
0
0
0
0
0
0
0
0
0
0
0
0
0
0
0
0
0
0
0
0
0
0
0
0
0
0
0
0
0
0
0
0
0
0
0
0
0
0
0
0
0
0
0
0
0
0
0
0
0
0
0
0
0
0
0
0
0
0
0
0
0
0
0
0
0
0
0
0
0
0
0
0
0
0
0
0
0
0
0
0
0
0
0
0
0
0
0
0
0
0
0
0
0
0
0
0
0
0
0
0
0
0
0
0
0
0
0
0
0
0
0
0
0
0
0
0
0
0
0
0
0
0
0
0
0
0
0
0
0
0
0
0
0
0
0
0
0
0
0
0
0
0
0
0
0
0
0
0
0
0
0
0
0
0
0
0
0
0
0
0
0
0
0
0
0
0
0
0
0
0
0
0
0
0
0
0
0
0
0
0
0
0
0
0
0
0
0
0
0
0
0
0
0
0
0
0
0
0
0
0
0
0
0
0
0
0
0
0
0
0
0
0
0
0
0
0
0
0
0
0
0
0
0
0
0
0
0
0
0
0
0
0
0
0
0
0
0
0
0
0
0
0
0
0
0
0
0
0
0
0
0
0
0
0
0
0
0
0
0
0
0
0
0
0
0
0
0
0
0
0
0
0
0
0
0
0
0
0
0
0
0
0
0
0
0
0
0
0
0
0
0
0
0
0
0
0
0
0
0
0
0
0
0
0
0
0
0
0
0
0
0
0
0
0
0
0
0
0
0
0
0
0
0
0
0
0
0
0
0
0
0
0
0
0
0
0
0
0
0
0
0
0
0
0
0
0
0
0
0
0
0
0
0
0
0
0
0
0
0
0
0
0
0
0
0
0
0
0
0
0
0
0
0
0
0
0
0
0
0
0
0
0
0
0
0
0
0
0
0
0
0
0
0
0
0
0
0
0
0
0
0
0
0
0
0
0
0
0
0
0
0
0
0
0
0
0
0
0
0
0
0
0
0
0
0
0
0
0
0
0
0
0
0
0
0
0
0
0
0
0
0
0
0
0
0
0
0
0
0
0
0
0
0
0
0
0
0
0
0
0
0
0
0
0
0
0
0
0
0
0
0
0
0
0
0
0
0
0
0
0
0
0
0
0
0
0
0
0
0
0
0
0
0
0
0
0
0
0
0
0
0
0
0
0
0
0
0
0
0
0
0
0
0
0
0
0
0
0
0
0
0
0
0
0
0
0
0
0
0
0
0
0
0
0
0
0
0
0
0
0
0
0
0
0
0
0
0
0
0
0
0
0
0
0
0
0
0
0
0
0
0
0
0
0
0
0
0
0
0
0
0
0
0
0
0
0
0
0
0
0
0
0
0
0
0
0
0
0
0
0
0
0
0
0
0
0
0
0
0
0
0
0
0
0
0
0
0
0
0
0
0
0
0
0
0
0
0
0
0
0
0
0
0
0
0
0
0
0
0
0
0
0
0
0
0
0
0
0
0
0
0
0
0
0
0
0
0
0
0
0
0
0
0
0
0
0
0
0
0
0
0
0
0
0
0
0
0
0
0
0
0
0
0
0
0
0
0
0
0
0
0
0
0
0
0
0
0
0
0
0
0
0
0
0
0
0
0
0
0
0
0
0
0
0
0
0
0
0
0
0
0
0
0
0
0
0
0
0
0
0
0
0
0
0
0
0
0
0
0
0
0
0
0
0
0
0
0
0
0
0
0
0
0
0
0
0
0
0
0
0
0
0
0
0
0
0
0
0
0
0
0
0
0
0
0
0
0
0
0
0
0
0
0
0
0
0
0
0
0
0
0
0
0
0
0
0
0
0
0
0
0
0
0
0
0
0
0
0
0
0
0
0
0
0
0
0
0
0
0
0
0
0
0
0
0
0
0
0
0
0
0
0
0
0
0
0
0
0
0
0
0
0
0
0
0
0
0
0
0
0
0
0
0
0
0
0
0
0
0
0
0
0
0
0
0
0
0
0
0
0
0
0
0
0
0
0
0
0
0
0
0
0
0
0
0
0
0
0
0
0
0
0
0
0
0
0
0
0
0
0
0
0
0
0
0
0
0
0
0
0
0
0
0
0
0
0
0
0
0
0
0
0
0
0
0
0
0
0