58
70
65
67
84
58
67
68
65
84
49
56
58
68
65
84
65
32
35
57
48
48
48
48
48
54
57
51
54
106
193
139
190
130
52
213
63
51
53
9
222
144
70
238
63
171
175
174
10
212
98
213
63
173
110
245
156
244
62
238
63
208
38
135
79
58
145
213
63
209
90
209
230
56
55
238
63
217
38
21
141
181
191
213
63
160
249
156
187
93
47
238
63
242
151
22
245
73
238
213
63
237
98
154
233
94
39
238
63
28
122
139
135
247
28
214
63
206
138
168
137
62
31
238
63
252
252
247
224
181
75
214
63
90
101
166
180
254
22
238
63
55
80
224
157
124
122
214
63
145
242
147
106
159
14
238
63
160
139
134
140
71
169
214
63
114
50
113
171
32
6
238
63
219
222
110
73
14
216
214
63
255
36
62
119
130
253
237
63
187
97
219
162
204
6
215
63
77
190
217
230
198
244
237
63
229
67
80
53
122
53
215
63
70
10
101
225
235
235
237
63
254
180
81
157
14
100
215
63
46
229
124
177
247
226
237
63
7
181
223
218
137
146
215
63
216
102
99
37
230
217
237
63
163
115
126
138
227
192
215
63
90
131
247
85
185
208
237
63
47
193
169
15
36
239
215
63
226
34
247
116
117
199
237
63
124
181
163
56
71
29
216
63
111
69
98
130
26
190
237
63
20
9
166
154
89
75
216
63
3
235
56
126
168
180
237
63
200
211
242
3
87
121
216
63
202
251
56
154
35
171
237
63
33
206
195
9
76
167
216
63
196
119
98
214
139
161
237
63
31
248
24
172
56
213
216
63
242
94
181
50
225
151
237
63
239
57
176
28
33
3
217
63
128
153
239
224
39
142
237
63
237
99
5
191
13
49
217
63
89
51
50
200
93
132
237
63
25
118
24
147
254
94
217
63
169
20
59
26
135
122
237
63
204
64
101
252
251
140
217
63
113
61
10
215
163
112
237
63
83
35
244
51
245
186
217
63
153
185
192
229
177
102
237
63
172
29
197
57
234
232
217
63
80
113
28
120
181
92
237
63
244
166
34
21
198
22
218
63
103
124
95
92
170
82
237
63
43
191
12
198
136
68
218
63
246
206
104
171
146
72
237
63
110
221
205
83
29
114
218
63
253
104
56
101
110
62
237
63
143
25
168
140
127
159
218
63
146
62
173
162
63
52
237
63
216
210
163
169
158
204
218
63
159
91
232
74
4
42
237
63
29
33
3
121
118
249
218
63
80
168
167
143
192
31
237
63
166
99
206
51
246
37
219
63
121
60
45
63
112
21
237
63
70
178
71
168
25
82
219
63
71
0
55
139
23
11
237
63
44
245
44
8
229
125
219
63
118
23
40
41
176
0
237
63
12
205
117
26
105
169
219
63
239
141
33
0
56
246
236
63
157
218
25
166
182
212
219
63
201
87
2
41
177
235
236
63
103
214
82
64
218
255
219
63
191
152
45
89
21
225
236
63
123
49
148
19
237
42
220
63
188
92
196
119
98
214
236
63
97
164
23
181
251
85
220
63
190
163
198
132
152
203
236
63
163
231
22
186
18
129
220
63
152
133
118
78
179
192
236
63
81
108
5
77
75
172
220
63
52
14
245
187
176
181
236
63
242
234
28
3
178
215
220
63
101
85
132
155
140
170
236
63
17
28
151
113
83
3
221
63
41
91
36
237
70
159
236
63
7
208
239
251
55
47
221
63
130
31
213
176
223
147
236
63
31
102
47
219
78
91
221
63
110
162
150
230
86
136
236
63
43
246
151
221
147
135
221
63
6
216
71
167
174
124
236
63
27
15
182
216
237
179
221
63
72
192
232
242
230
112
236
63
193
200
203
154
88
224
221
63
54
91
121
201
255
100
236
63
102
130
225
92
195
12
222
63
229
156
216
67
251
88
236
63
132
131
189
137
33
57
222
63
85
133
6
98
217
76
236
63
189
251
227
189
106
101
222
63
158
8
226
60
156
64
236
63
48
98
159
0
138
145
222
63
192
38
107
212
67
52
236
63
130
230
115
238
118
189
222
63
208
211
128
65
210
39
236
63
132
160
163
85
45
233
222
63
20
236
191
206
77
27
236
63
54
144
46
54
173
20
223
63
139
111
40
124
182
14
236
63
199
157
210
193
250
63
223
63
144
46
54
173
20
2
236
63
236
105
135
191
38
107
223
63
59
29
200
122
106
245
235
63
165
244
76
47
49
150
223
63
184
35
156
22
188
232
235
63
78
14
159
116
34
193
223
63
30
54
145
153
11
220
235
63
64
135
249
242
2
236
223
63
200
36
35
103
97
207
235
63
236
23
236
134
109
11
224
63
183
239
81
127
189
194
235
63
33
120
124
123
215
32
224
63
23
127
219
19
36
182
235
63
131
192
202
161
69
54
224
63
23
187
125
86
153
169
235
63
42
229
181
18
186
75
224
63
113
199
155
252
22
157
235
63
254
241
94
181
50
97
224
63
181
223
218
137
146
144
235
63
233
242
230
112
173
118
224
63
181
27
125
204
7
132
235
63
212
243
110
44
40
140
224
63
231
194
72
47
106
119
235
63
145
12
57
182
158
161
224
63
9
249
160
103
179
106
235
63
33
61
69
14
17
183
224
63
192
237
9
18
219
93
235
63
63
169
246
233
120
204
224
63
175
208
7
203
216
80
235
63
236
80
77
73
214
225
224
63
147
197
253
71
166
67
235
63
249
75
139
250
36
247
224
63
251
7
145
12
57
54
235
63
58
178
242
203
96
12
225
63
161
187
36
206
138
40
235
63
151
143
164
164
135
33
225
63
180
200
118
190
159
26
235
63
250
239
193
107
151
54
225
63
120
11
36
40
126
12
235
63
99
211
74
33
144
75
225
63
117
60
102
160
50
254
234
63
232
45
30
222
115
96
225
63
217
67
251
88
193
239
234
63
139
255
59
162
66
117
225
63
21
230
61
206
52
225
234
63
96
60
131
134
254
137
225
63
132
243
169
99
149
210
234
63
82
240
20
114
165
158
225
63
152
48
154
149
237
195
234
63
119
15
208
125
57
179
225
63
150
121
171
174
67
181
234
63
231
141
147
194
188
199
225
63
239
146
56
43
162
166
234
63
160
107
95
64
47
220
225
63
253
76
189
110
17
152
234
63
187
156
18
16
147
240
225
63
216
155
24
146
147
137
234
63
77
21
140
74
234
4
226
63
83
151
140
99
36
123
234
63
109
201
170
8
55
25
226
63
63
87
91
177
191
108
234
63
73
161
44
124
125
45
226
63
111
243
198
73
97
94
234
63
224
156
17
165
189
65
226
63
205
119
240
19
7
80
234
63
143
140
213
230
255
85
226
63
253
19
92
172
168
65
234
63
61
124
153
40
66
106
226
63
233
211
42
250
67
51
234
63
25
84
27
156
136
126
226
63
122
195
125
228
214
36
234
63
80
252
24
115
215
146
226
63
63
30
250
238
86
22
234
63
249
104
113
198
48
167
226
63
77
216
126
50
198
7
234
63
19
154
36
150
148
187
226
63
75
33
144
75
28
249
233
63
205
119
240
19
7
208
226
63
101
225
235
107
93
234
233
63
225
37
56
245
129
228
226
63
110
48
212
97
133
219
233
63
103
152
218
82
7
249
226
63
171
234
229
119
154
204
233
63
4
255
91
201
142
13
227
63
238
39
99
124
152
189
233
63
184
89
188
88
24
34
227
63
99
208
9
161
131
174
233
63
85
192
61
207
159
54
227
63
246
239
250
204
89
159
233
63
196
62
1
20
35
75
227
63
188
122
21
25
29
144
233
63
194
248
105
220
155
95
227
63
181
112
89
133
205
128
233
63
78
238
119
40
10
116
227
63
248
197
165
42
109
113
233
63
82
43
76
223
107
136
227
63
133
122
250
8
252
97
233
63
137
211
73
182
186
156
227
63
92
142
87
32
122
82
233
63
220
242
145
148
244
176
227
63
103
13
222
87
229
66
233
63
31
161
102
72
21
197
227
63
142
3
175
150
59
51
233
63
35
246
9
160
24
217
227
63
233
100
169
245
126
35
233
63
233
241
123
155
254
236
227
63
96
61
238
91
173
19
233
63
21
196
64
215
190
0
228
63
221
152
158
176
196
3
233
63
146
120
121
58
87
20
228
63
96
119
186
243
196
243
232
63
49
39
104
147
195
39
228
63
232
216
65
37
174
227
232
63
219
219
45
201
1
59
228
63
119
189
52
69
128
211
232
63
77
186
45
145
11
78
228
63
222
60
213
33
55
195
232
63
112
206
136
210
222
96
228
63
120
39
159
30
219
178
232
63
159
232
186
240
131
115
228
63
70
125
146
59
108
162
232
63
6
241
129
29
255
133
228
63
93
50
142
145
236
145
232
63
48
160
23
238
92
152
228
63
26
23
14
132
100
129
232
63
140
186
214
222
167
170
228
63
124
43
18
19
212
112
232
63
142
4
26
108
234
188
228
63
199
75
55
137
65
96
232
63
121
90
126
224
42
207
228
63
251
119
125
230
172
79
232
63
214
116
61
209
117
225
228
63
70
152
162
92
26
63
232
63
22
24
178
186
213
243
228
63
190
160
133
4
140
46
232
63
148
20
88
0
83
6
229
63
146
121
228
15
6
30
232
63
195
46
138
30
248
24
229
63
169
46
224
101
134
13
232
63
161
102
72
21
197
43
229
63
216
215
186
212
8
253
231
63
2
212
212
178
181
62
229
63
217
152
215
17
135
236
231
63
94
190
245
97
189
81
229
63
104
149
153
210
250
219
231
63
111
73
14
216
213
100
229
63
111
217
33
254
97
203
231
63
196
176
195
152
244
119
229
63
146
148
244
48
180
186
231
63
26
24
121
89
19
139
229
63
164
222
83
57
237
169
231
63
254
186
211
157
39
158
229
63
143
195
96
254
10
153
231
63
43
189
54
27
43
177
229
63
14
103
126
53
7
136
231
63
27
102
104
60
17
196
229
63
244
224
238
172
221
118
231
63
136
217
203
182
211
214
229
63
41
61
211
75
140
101
231
63
69
47
163
88
110
233
229
63
198
111
10
43
21
84
231
63
127
79
172
83
229
251
229
63
246
96
82
124
124
66
231
63
100
34
165
217
60
14
230
63
209
4
138
88
196
48
231
63
79
120
9
78
125
32
230
63
155
55
78
10
243
30
231
63
132
45
118
251
172
50
230
63
62
5
192
120
6
13
231
63
26
54
202
250
205
68
230
63
253
73
124
238
4
251
230
63
130
86
96
200
234
86
230
63
7
238
64
157
242
232
230
63
234
118
246
149
7
105
230
63
90
241
13
133
207
214
230
63
128
127
74
149
40
123
230
63
37
60
161
215
159
196
230
63
45
124
125
173
75
141
230
63
127
194
217
173
101
178
230
63
194
132
209
172
108
159
230
63
125
120
150
32
35
160
230
63
43
165
103
122
137
177
230
63
100
58
116
122
222
141
230
63
11
13
196
178
153
195
230
63
31
20
148
162
149
123
230
63
121
176
197
110
159
213
230
63
239
225
146
227
78
105
230
63
26
191
240
74
146
231
230
63
238
151
79
86
12
87
230
63
216
68
102
46
112
249
230
63
48
42
169
19
208
68
230
63
156
77
71
0
55
11
231
63
251
116
60
102
160
50
230
63
11
9
24
93
222
28
231
63
56
132
42
53
123
32
230
63
60
107
183
93
104
46
231
63
65
40
239
227
104
14
230
63
211
163
169
158
204
63
231
63
1
109
171
89
103
252
229
63
209
178
238
31
11
81
231
63
118
82
95
150
118
234
229
63
76
140
101
250
37
98
231
63
70
8
143
54
142
216
229
63
137
12
171
120
35
115
231
63
22
190
190
214
165
198
229
63
181
27
125
204
7
132
231
63
162
151
81
44
183
180
229
63
65
126
54
114
221
148
231
63
143
196
203
211
185
162
229
63
47
52
215
105
164
165
231
63
130
116
177
105
165
144
229
63
239
1
186
47
103
182
231
63
77
191
68
188
117
126
229
63
152
219
189
220
39
199
231
63
126
224
42
79
32
108
229
63
134
145
94
212
238
215
231
63
188
7
232
190
156
89
229
63
229
11
90
72
192
232
231
63
215
76
190
217
230
70
229
63
250
38
77
131
162
249
231
63
186
187
206
134
252
51
229
63
152
250
121
83
145
10
232
63
146
60
215
247
225
32
229
63
190
134
224
184
140
27
232
63
209
147
50
169
161
13
229
63
40
239
227
104
142
44
232
63
164
169
158
204
63
250
228
63
124
99
8
0
142
61
232
63
102
78
151
197
196
230
228
63
162
239
110
101
137
78
232
63
91
94
185
222
54
211
228
63
86
183
122
78
122
95
232
63
200
181
161
98
156
191
228
63
107
210
109
137
92
112
232
63
7
37
204
180
253
171
228
63
157
100
171
203
41
129
232
63
116
124
180
56
99
152
228
63
190
133
117
227
221
145
232
63
37
176
57
7
207
132
228
63
183
65
237
183
118
162
232
63
140
132
182
156
75
113
228
63
69
188
117
254
237
178
232
63
169
249
42
249
216
93
228
63
102
245
14
183
67
195
232
63
101
27
184
3
117
74
228
63
28
237
184
225
119
211
232
63
4
198
250
6
38
55
228
63
125
151
82
151
140
227
232
63
90
17
53
209
231
35
228
63
113
0
253
190
127
243
232
63
169
217
3
173
192
16
228
63
250
39
184
88
81
3
233
63
220
42
136
129
174
253
227
63
46
2
99
125
3
19
233
63
243
4
194
78
177
234
227
63
246
154
30
20
148
34
233
63
26
80
111
70
205
215
227
63
82
242
234
28
3
50
233
63
82
12
144
104
2
197
227
63
89
252
166
176
82
65
233
63
132
69
69
156
78
178
227
63
244
196
115
182
128
80
233
63
86
43
19
126
169
159
227
63
103
40
238
120
147
95
233
63
85
249
158
145
8
141
227
63
224
14
212
41
143
110
233
63
38
223
108
115
99
122
227
63
164
84
194
19
122
125
233
63
66
36
67
142
173
103
227
63
200
237
151
79
86
140
233
63
54
4
199
101
220
84
227
63
122
194
18
15
40
155
233
63
145
186
157
125
229
65
227
63
22
163
174
181
247
169
233
63
201
142
141
64
188
46
227
63
155
143
107
67
197
184
233
63
156
164
249
99
90
27
227
63
100
88
197
27
153
199
233
63
83
91
234
32
175
7
227
63
114
253
187
62
115
214
233
63
215
190
128
94
184
243
226
63
8
91
236
246
89
229
233
63
18
219
221
3
116
223
226
63
248
136
152
18
73
244
233
63
94
128
125
116
234
202
226
63
23
159
2
96
60
3
234
63
69
103
153
69
40
182
226
63
76
169
75
198
49
18
234
63
32
96
173
218
53
161
226
63
106
191
181
19
37
33
234
63
75
59
53
151
27
140
226
63
45
5
164
253
15
48
234
63
33
201
172
222
225
118
226
63
104
146
88
82
238
62
234
63
20
206
110
45
147
97
226
63
4
115
244
248
189
77
234
63
126
26
247
230
55
76
226
63
211
190
185
191
122
92
234
63
232
102
127
160
220
54
226
63
191
129
201
141
34
107
234
63
128
155
197
139
133
33
226
63
131
223
134
24
175
121
234
63
160
136
69
12
59
12
226
63
54
204
208
120
34
136
234
63
50
58
32
9
251
246
225
63
193
83
200
149
122
150
234
63
99
152
19
180
201
225
225
63
37
118
109
111
183
164
234
63
29
175
64
244
164
204
225
63
120
39
159
30
219
178
234
63
140
102
101
251
144
183
225
63
163
115
126
138
227
192
234
63
132
214
195
151
137
162
225
63
213
66
201
228
212
206
234
63
50
231
25
251
146
141
225
63
245
160
160
20
173
220
234
63
150
152
103
37
173
120
225
63
4
142
4
26
108
234
234
63
175
234
172
22
216
99
225
63
3
10
245
244
17
248
234
63
150
209
200
231
21
79
225
63
7
9
81
190
160
5
235
63
27
101
253
102
98
58
225
63
40
127
247
142
26
19
235
63
18
189
140
98
185
37
225
63
79
120
9
78
125
32
235
63
78
241
184
168
22
17
225
63
192
208
35
70
207
45
235
63
137
37
229
238
115
252
224
63
100
148
103
94
14
59
235
63
106
137
149
209
200
231
224
63
105
171
146
200
62
72
235
63
216
40
235
55
19
211
224
63
207
21
165
132
96
85
235
63
100
63
139
165
72
190
224
63
172
199
125
171
117
98
235
63
245
216
150
1
103
169
224
63
46
169
218
110
130
111
235
63
49
37
146
232
101
148
224
63
63
198
220
181
132
124
235
63
1
48
158
65
67
127
224
63
245
18
99
153
126
137
235
63
11
41
63
169
246
105
224
63
80
143
109
25
112
150
235
63
123
248
50
81
132
84
224
63
102
47
219
78
91
163
235
63
104
146
88
82
238
62
224
63
244
22
15
239
57
176
235
63
1
223
109
222
56
41
224
63
17
58
232
18
14
189
235
63
113
198
48
39
104
19
224
63
119
188
201
111
209
201
235
63
163
121
0
139
252
250
223
63
40
158
179
5
132
214
235
63
110
108
118
164
250
206
223
63
34
223
165
212
37
227
235
63
205
29
253
47
215
162
223
63
57
151
226
170
178
239
235
63
239
117
82
95
150
118
223
63
109
198
105
136
42
252
235
63
44
69
242
149
64
74
223
63
167
120
92
84
139
8
236
63
135
139
220
211
213
29
223
63
185
197
252
220
208
20
236
63
134
1
75
174
98
241
222
63
231
137
231
108
1
33
236
63
42
167
61
37
231
196
222
63
5
221
94
210
24
45
236
63
116
124
180
56
99
152
222
63
63
167
32
63
27
57
236
63
189
81
43
76
223
107
222
63
150
232
44
179
8
69
236
63
7
39
162
95
91
63
222
63
33
149
98
71
227
80
236
63
126
228
214
164
219
18
222
63
245
160
160
20
173
92
236
63
80
114
135
77
100
230
221
63
19
12
231
26
102
104
236
63
125
208
179
89
245
185
221
63
124
214
53
90
14
116
236
63
50
231
25
251
146
141
221
63
114
220
41
29
172
127
236
63
112
182
185
49
61
97
221
63
225
41
228
74
61
139
236
63
99
38
81
47
248
52
221
63
221
178
67
252
195
150
236
63
178
102
100
144
187
8
221
63
81
131
105
24
62
162
236
63
92
119
243
84
135
220
220
63
107
131
19
209
175
173
236
63
5
136
130
25
83
176
220
63
18
191
98
13
23
185
236
63
129
176
83
172
26
132
220
63
94
42
54
230
117
196
236
63
162
8
169
219
217
87
220
63
57
209
174
66
202
207
236
63
105
144
130
167
144
43
220
63
185
167
171
59
22
219
236
63
121
119
100
172
54
255
219
63
222
173
44
209
89
230
236
63
211
189
78
234
203
210
219
63
191
215
16
28
151
241
236
63
239
170
7
204
67
166
219
63
46
61
154
234
201
252
236
63
250
38
77
131
162
121
219
63
66
210
167
85
244
7
237
63
34
26
221
65
236
76
219
63
182
186
156
18
16
19
237
63
11
180
59
164
24
32
219
63
140
246
120
33
29
30
237
63
17
197
228
13
48
243
218
63
81
193
225
5
17
41
237
63
52
77
216
126
50
198
218
63
27
15
182
216
237
51
237
63
115
76
22
247
31
153
218
63
145
15
122
54
171
62
237
63
206
194
158
118
248
107
218
63
177
194
45
31
73
73
237
63
116
152
47
47
192
62
218
63
33
88
85
47
191
83
237
63
145
181
134
82
123
17
218
63
203
219
17
78
11
94
237
63
249
49
230
174
37
228
217
63
128
101
165
73
41
104
237
63
5
222
201
167
199
182
217
63
42
1
49
9
23
114
237
63
1
25
58
118
80
137
217
63
13
139
81
215
218
123
237
63
235
226
54
26
192
91
217
63
87
235
196
229
120
133
237
63
60
131
134
254
9
46
217
63
76
254
39
127
247
142
237
63
153
41
173
191
37
0
217
63
70
148
246
6
95
152
237
63
213
237
236
43
15
210
216
63
94
161
15
150
177
161
237
63
101
23
12
174
185
163
216
63
214
1
16
119
245
170
237
63
31
190
76
20
33
117
216
63
10
134
115
13
51
180
237
63
120
41
117
201
56
70
216
63
39
22
248
138
110
189
237
63
67
113
199
155
252
22
216
63
91
154
91
33
172
198
237
63
249
220
9
246
95
231
215
63
211
250
91
2
240
207
237
63
123
245
241
208
119
183
215
63
143
55
249
45
58
217
237
63
129
91
119
243
84
135
215
63
52
128
183
64
130
226
237
63
238
151
79
86
12
87
215
63
150
236
216
8
196
235
237
63
164
51
48
242
178
38
215
63
88
172
225
34
247
244
237
63
228
135
74
35
102
246
214
63
100
203
242
117
25
254
237
63
52
77
216
126
50
198
214
63
118
109
111
183
36
7
238
63
165
244
76
47
49
150
214
63
74
182
186
156
18
16
238
63
28
7
94
45
119
102
214
63
178
189
22
244
222
24
238
63
215
221
60
213
33
55
214
63
151
143
164
164
135
33
238
63
48
73
101
138
57
8
214
63
136
103
9
50
2
42
238
63
40
73
215
76
190
217
213
63
201
33
226
230
84
50
238
63
8
61
155
85
159
171
213
63
89
190
46
195
127
58
238
63
237
155
251
171
199
125
213
63
104
37
173
248
134
66
238
63
153
12
199
243
25
80
213
63
10
75
60
160
108
74
238
63
132
214
195
151
137
34
213
63
110
23
154
235
52
82
238
63
111
160
192
59
249
244
212
63
170
126
165
243
225
89
238
63
163
201
197
24
88
199
212
63
191
128
94
184
115
97
238
63
17
225
95
4
141
153
212
63
240
249
97
132
240
104
238
63
213
93
217
5
131
107
212
63
62
234
175
87
88
112
238
63
56
159
58
86
41
61
212
63
214
57
6
100
175
119
238
63
134
4
140
46
111
14
212
63
184
232
100
169
245
126
238
63
115
46
197
85
101
223
211
63
228
246
203
39
43
134
238
63
45
5
164
253
15
176
211
63
136
76
249
16
84
141
238
63
62
65
98
187
123
128
211
63
186
221
203
125
114
148
238
63
255
178
123
242
176
80
211
63
99
182
100
85
132
155
238
63
249
18
42
56
188
32
211
63
178
190
129
201
141
162
238
63
135
49
233
239
165
240
210
63
188
234
1
243
144
169
238
63
50
199
242
174
122
192
210
63
130
58
229
209
141
176
238
63
39
188
4
167
62
144
210
63
49
150
233
151
136
183
238
63
28
177
22
159
2
96
210
63
179
9
48
44
127
190
238
63
228
189
106
101
194
47
210
63
53
125
118
192
117
197
238
63
217
178
124
93
134
255
209
63
137
8
255
34
104
204
238
63
206
167
142
85
74
207
209
63
108
207
44
9
80
211
238
63
104
204
36
234
5
159
209
63
221
209
255
114
45
218
238
63
167
32
63
27
185
110
209
63
129
63
252
252
247
224
238
63
94
188
31
183
95
62
209
63
66
36
67
142
173
231
238
63
140
159
198
189
249
13
209
63
9
140
245
13
76
238
238
63
4
226
117
253
130
221
208
63
122
166
151
24
203
244
238
63
199
131
45
118
251
172
208
63
151
115
41
174
42
251
238
63
120
180
113
196
90
124
208
63
3
35
47
107
98
1
239
63
25
116
66
232
160
75
208
63
214
168
135
104
116
7
239
63
49
123
217
118
218
26
208
63
227
28
117
116
92
13
239
63
129
147
109
224
14
212
207
63
154
67
82
11
37
19
239
63
161
48
40
211
104
114
207
63
229
40
64
20
204
24
239
63
192
205
226
197
194
16
207
63
9
169
219
217
87
30
239
63
240
219
16
227
53
175
206
63
50
172
226
141
204
35
239
63
231
251
169
241
210
77
206
63
120
38
52
73
44
41
239
63
0
254
41
85
162
236
205
63
8
0
142
61
123
46
239
63
241
130
136
212
180
139
205
63
39
21
141
181
191
51
239
63
20
91
65
211
18
43
205
63
234
89
16
202
251
56
239
63
32
39
76
24
205
202
204
63
128
182
213
172
51
62
239
63
4
118
53
121
202
106
204
63
210
54
254
68
101
67
239
63
83
6
14
104
233
10
204
63
224
218
137
146
144
72
239
63
237
245
238
143
247
170
203
63
124
186
186
99
177
77
239
63
26
164
224
41
228
74
203
63
98
249
243
109
193
82
239
63
95
94
128
125
116
234
202
63
146
151
53
177
192
87
239
63
80
227
222
252
134
137
202
63
222
172
193
251
170
92
239
63
219
193
136
125
2
40
202
63
49
69
185
52
126
97
239
63
223
23
151
170
180
197
201
63
46
144
160
248
49
102
239
63
149
211
158
146
115
98
201
63
214
141
119
71
198
106
239
63
71
84
168
110
46
254
200
63
252
85
128
239
54
111
239
63
64
249
187
119
212
152
200
63
136
244
219
215
129
115
239
63
160
164
192
2
152
50
200
63
146
93
105
25
169
119
239
63
48
104
33
1
163
203
199
63
25
145
40
180
172
123
239
63
106
246
64
43
48
100
199
63
75
119
215
217
144
127
239
63
188
144
14
15
97
252
198
63
40
16
118
138
85
131
239
63
72
25
113
1
104
148
198
63
221
67
194
247
254
134
239
63
46
114
79
87
119
44
198
63
129
6
155
58
143
138
239
63
219
220
152
158
176
196
197
63
43
76
223
107
8
142
239
63
204
11
176
143
78
93
197
63
242
8
110
164
108
145
239
63
199
16
0
28
123
246
196
63
3
37
5
22
192
148
239
63
130
140
128
10
71
144
196
63
117
148
131
217
4
152
239
63
254
126
49
91
178
42
196
63
94
75
200
7
61
155
239
63
132
71
27
71
172
197
195
63
213
61
178
185
106
158
239
63
4
117
202
163
27
97
195
63
219
107
65
239
141
161
239
63
108
150
203
70
231
252
194
63
134
201
84
193
168
164
239
63
189
171
30
48
15
153
194
63
237
74
203
72
189
167
239
63
47
163
88
110
105
53
194
63
38
228
131
158
205
170
239
63
31
77
245
100
254
209
193
63
49
149
126
194
217
173
239
63
196
151
137
34
164
110
193
63
38
82
154
205
227
176
239
63
196
178
153
67
82
11
193
63
4
27
215
191
235
179
239
63
105
253
45
1
248
167
192
63
227
227
19
178
243
182
239
63
254
214
78
148
132
68
192
63
147
196
146
114
247
185
239
63
224
156
17
165
189
193
191
63
233
212
149
207
242
188
239
63
56
104
175
62
30
250
190
63
182
44
95
151
225
191
239
63
42
141
152
217
231
49
190
63
206
227
48
152
191
194
239
63
1
107
213
174
9
105
189
63
2
18
77
160
136
197
239
63
7
97
110
247
114
159
188
63
14
219
22
101
54
200
239
63
207
45
116
37
2
213
187
63
220
74
175
205
198
202
239
63
239
143
247
170
149
9
187
63
16
145
154
118
49
205
239
63
250
69
9
250
11
61
186
63
172
173
216
95
118
207
239
63
166
240
160
217
117
111
185
63
128
184
171
87
145
209
239
63
243
143
190
73
211
160
184
63
119
189
52
69
128
211
239
63
77
101
81
216
69
209
183
63
25
117
173
189
79
213
239
63
140
243
55
161
16
1
183
63
101
223
21
193
255
214
239
63
28
124
97
50
85
48
182
63
207
192
200
203
154
216
239
63
212
129
172
167
86
95
181
63
153
245
98
40
39
218
239
63
106
165
16
200
37
142
180
63
8
90
129
33
171
219
239
63
182
105
108
175
5
189
179
63
96
202
192
1
45
221
239
63
109
111
183
36
7
236
178
63
253
22
157
44
181
222
239
63
31
218
199
10
126
27
178
63
11
40
212
211
71
224
239
63
202
169
157
97
106
75
177
63
230
205
225
90
237
225
239
63
36
127
48
240
220
123
176
63
119
20
231
168
163
227
239
63
91
180
0
109
171
89
175
63
167
7
5
165
104
229
239
63
30
112
93
49
35
188
173
63
27
215
191
235
51
231
239
63
36
240
135
159
255
30
172
63
121
178
155
25
253
232
239
63
110
52
128
183
64
130
170
63
169
165
185
21
194
234
239
63
76
55
137
65
96
229
168
63
57
236
190
99
120
236
239
63
190
248
162
61
94
72
167
63
231
169
14
185
25
238
239
63
129
180
255
1
214
170
165
63
109
2
12
203
159
239
239
63
0
172
142
28
233
12
164
63
135
25
26
79
4
241
239
63
140
217
146
85
17
110
162
63
241
18
156
250
64
242
239
63
145
126
251
58
112
206
160
63
125
6
212
155
81
243
239
63
245
184
111
181
78
92
158
63
112
208
94
125
60
244
239
63
66
236
76
161
243
26
155
63
14
77
217
233
7
245
239
63
183
156
75
113
85
217
151
63
132
100
1
19
184
245
239
63
43
77
74
65
183
151
148
63
46
231
82
92
85
246
239
63
120
128
39
45
92
86
145
63
56
189
139
247
227
246
239
63
70
126
253
16
27
44
140
63
254
182
39
72
108
247
239
63
9
24
93
222
28
174
133
63
196
176
195
152
244
247
239
63
115
156
219
132
123
101
126
63
161
158
62
2
127
248
239
63
14
77
217
233
7
117
113
63
103
152
218
82
7
249
239
63
133
7
205
174
123
43
82
63
23
158
151
138
141
249
239
63
160
55
21
169
48
182
96
191
107
211
216
94
11
250
239
63
167
64
102
103
209
59
117
191
33
92
1
133
122
250
239
63
1
220
44
94
44
12
129
191
9
80
83
203
214
250
239
63
66
123
245
241
208
119
135
191
248
198
16
0
28
251
239
63
36
15
68
22
105
226
141
191
168
228
156
216
67
251
239
63
76
195
240
17
49
37
146
191
3
181
24
60
76
251
239
63
87
121
2
97
167
88
149
191
219
79
198
248
48
251
239
63
219
166
120
92
84
139
152
191
214
228
41
171
233
250
239
63
215
75
83
4
56
189
155
191
198
139
133
33
114
250
239
63
77
104
146
88
82
238
158
191
170
68
217
91
202
249
239
63
138
63
138
58
115
15
161
191
132
15
37
90
242
248
239
63
129
9
220
186
155
167
162
191
196
176
195
152
244
247
239
63
160
80
79
31
129
63
164
191
176
4
82
98
215
246
239
63
43
217
177
17
136
215
165
191
138
231
108
1
161
245
239
63
35
163
3
146
176
111
167
191
220
17
78
11
94
244
239
63
134
174
68
160
250
7
169
191
188
119
212
152
16
243
239
63
192
60
100
202
135
160
170
191
156
221
90
38
195
241
239
63
171
208
64
44
155
57
172
191
215
19
93
23
126
240
239
63
68
106
218
197
52
211
173
191
178
246
119
182
71
239
239
63
249
74
32
37
118
109
175
191
134
86
39
103
40
238
239
63
27
218
0
108
64
132
176
191
39
75
173
247
27
237
239
63
218
112
88
26
248
81
177
191
126
224
42
79
32
236
239
63
80
168
167
143
192
31
178
191
3
94
102
216
40
235
239
63
198
223
246
4
137
237
178
191
113
231
194
72
47
234
239
63
134
118
78
179
64
187
179
191
86
184
229
35
41
233
239
63
184
233
207
126
164
136
180
191
111
244
49
31
16
232
239
63
92
57
123
103
180
85
181
191
96
203
43
215
219
230
239
63
81
131
105
24
62
34
182
191
229
96
54
1
134
229
239
63
43
134
171
3
32
238
182
191
118
252
23
8
2
228
239
63
52
161
73
98
73
185
183
191
229
181
18
186
75
226
239
63
0
0
0
0
0
0
0
0
0
0
0
0
0
0
0
0
0
0
0
0
0
0
0
0
0
0
0
0
0
0
0
0
0
0
0
0
0
0
0
0
0
0
0
0
0
0
0
0
0
0
0
0
0
0
0
0
0
0
0
0
0
0
0
0
0
0
0
0
0
0
0
0
0
0
0
0
0
0
0
0
0
0
0
0
0
0
0
0
0
0
0
0
0
0
0
0
0
0
0
0
0
0
0
0
0
0
0
0
0
0
0
0
0
0
0
0
0
0
0
0
0
0
0
0
0
0
0
0
0
0
0
0
0
0
0
0
0
0
0
0
0
0
0
0
0
0
0
0
0
0
0
0
0
0
0
0
0
0
0
0
0
0
0
0
0
0
0
0
0
0
0
0
0
0
0
0
0
0
0
0
0
0
0
0
0
0
0
0
0
0
0
0
0
0
0
0
0
0
0
0
0
0
0
0
0
0
0
0
0
0
0
0
0
0
0
0
0
0
0
0
0
0
0
0
0
0
0
0
0
0
0
0
0
0
0
0
0
0
0
0
0
0
0
0
0
0
0
0
0
0
0
0
0
0
0
0
0
0
0
0
0
0
0
0
0
0
0
0
0
0
0
0
0
0
0
0
0
0
0
0
0
0
0
0
0
0
0
0
0
0
0
0
0
0
0
0
0
0
0
0
0
0
0
0
0
0
0
0
0
0
0
0
0
0
0
0
0
0
0
0
0
0
0
0
0
0
0
0
0
0
0
0
0
0
0
0
0
0
0
0
0
0
0
0
0
0
0
0
0
0
0
0
0
0
0
0
0
0
0
0
0
0
0
0
0
0
0
0
0
0
0
0
0
0
0
0
0
0
0
0
0
0
0
0
0
0
0
0
0
0
0
0
0
0
0
0
0
0
0
0
0
0
0
0
0
0
0
0
0
0
0
0
0
0
0
0
0
0
0
0
0
0
0
0
0
0
0
0
0
0
0
0
0
0
0
0
0
0
0
0
0
0
0
0
0
0
0
0
0
0
0
0
0
0
0
0
0
0
0
0
0
0
0
0
0
0
0
0
0
0
0
0
0
0
0
0
0
0
0
0
0
0
0
0
0
0
0
0
0
0
0
0
0
0
0
0
0
0
0
0
0
0
0
0
0
0
0
0
0
0
0
0
0
0
0
0
0
0
0
0
0
0
0
0
0
0
0
0
0
0
0
0
0
0
0
0
0
0
0
0
0
0
0
0
0
0
0
0
0
0
0
0
0
0
0
0
0
0
0
0
0
0
0
0
0
0
0
0
0
0
0
0
0
0
0
0
0
0
0
0
0
0
0
0
0
0
0
0
0
0
0
0
0
0
0
0
0
0
0
0
0
0
0
0
0
0
0
0
0
0
0
0
0
0
0
0
0
0
0
0
0
0
0
0
0
0
0
0
0
0
0
0
0
0
0
0
0
0
0
0
0
0
0
0
0
0
0
0
0
0
0
0
0
0
0
0
0
0
0
0
0
0
0
0
0
0
0
0
0
0
0
0
0
0
0
0
0
0
0
0
0
0
0
0
0
0
0
0
0
0
0
0
0
0
0
0
0
0
0
0
0
0
0
0
0
0
0
0
0
0
0
0
0
0
0
0
0
0
0
0
0
0
0
0
0
0
0
0
0
0
0
0
0
0
0
0
0
0
0
0
0
0
0
0
0
0
0
0
0
0
0
0
0
0
0
0
0
0
0
0
0
0
0
0
0
0
0
0
0
0
0
0
0
0
0
0
0
0
0
0
0
0
0
0
0
0
0
0
0
0
0
0
0
0
0
0
0
0
0
0
0
0
0
0
0
0
0
0
0
0
0
0
0
0
0
0
0
0
0
0
0
0
0
0
0
0
0
0
0
0
0
0
0
0
0
0
0
0
0
0
0
0
0
0
0
0
0
0
0
0
0
0
0
0
0
0
0
0
0
0
0
0
0
0
0
0
0
0
0
0
0
0
0
0
0
0
0
0
0
0
0
0
0
0
0
0
0
0
0
0
0
0
0
0
0
0
0
0
0
0
0
0
0
0
0
0
0
0
0
0
0
0
0
0
0
0
0
0
0
0
0
0
0
0
0
0
0
0
0
0
0
0
0
0
0
0
0
0
0
0
0
0
0
0
0
0
0
0
0
0
0
0
0
0
0
0
0
0
0
0
0
0
0
0
0
0
0
0
0
0
0
0
0
0
0
0
0
0
0
0
0
0
0
0
0
0
0
0
0
0
0
0
0
0
0
0
0
0
0
0
0
0
0
0
0
0
0
0
0
0
0
0
0
0
0
0
0
0
0
0
0
0
0
0
0
0
0
0
0
0
0
0
0
0
0
0
0
0
0
0
0
0
0
0
0
0
0
0
0
0
0
0
0
0
0
0
0
0
0
0
0
0
0
0
0
0
0
0
0
0
0
0
0
0
0
0
0
0
0
0
0
0
0
0
0
0
0
0
0
0
0
0
0
0
0
0
0
0
0
0
0
0
0
0
0
0
0
0
0
0
0
0
0
0
0
0
0
0
0
0
0
0
0
0
0
0
0
0
0
0
0
0
0
0
0
0
0
0
0
0
0
0
0
0
0
0
0
0
0
0
0
0
0
0
0
0
0
0
0
0
0
0
0
0
0
0
0
0
0
0
0
0
0
0
0
0
0
0
0
0
0
0
0
0
0
0
0
0
0
0
0
0
0
0
0
0
0
0
0
0
0
0
0
0
0
0
0
0
0
0
0
0
0
0
0
0
0
0
0
0
0
0
0
0
0
0
0