58
70
65
67
84
58
67
68
65
84
49
56
58
68
65
84
65
32
35
57
48
48
48
48
48
54
57
51
54
158
98
213
32
204
237
215
191
74
64
76
194
133
188
237
191
78
99
123
45
232
189
215
191
115
190
216
123
241
197
237
191
146
34
50
172
226
141
215
191
229
155
109
110
76
207
237
191
15
208
125
57
179
93
215
191
184
204
233
178
152
216
237
191
124
12
86
156
106
45
215
191
213
92
110
48
212
225
237
191
125
7
63
113
0
253
214
191
128
40
152
49
5
235
237
191
245
73
238
176
137
204
214
191
163
59
136
157
41
244
237
191
183
235
165
41
2
156
214
191
62
150
62
116
65
253
237
191
31
189
225
62
114
107
214
191
148
20
88
0
83
6
238
191
134
142
29
84
226
58
214
191
166
182
212
65
94
15
238
191
73
48
213
204
90
10
214
191
116
124
180
56
99
24
238
191
102
162
8
169
219
217
213
191
43
78
181
22
102
33
238
191
57
181
51
76
109
169
213
191
181
55
248
194
100
42
238
191
29
57
210
25
24
121
213
191
85
21
26
136
101
51
238
191
18
46
228
17
220
72
213
191
223
254
92
52
100
60
238
191
24
148
105
52
185
24
213
191
36
12
3
150
92
69
238
191
212
154
230
29
167
232
212
191
14
73
45
148
76
78
238
191
161
18
215
49
174
184
212
191
112
205
29
253
47
87
238
191
36
43
191
12
198
136
212
191
6
189
55
134
0
96
238
191
138
204
92
224
242
88
212
191
229
11
90
72
192
104
238
191
120
38
52
73
44
41
212
191
157
245
41
199
100
113
238
191
29
33
3
121
118
249
211
191
68
110
134
27
240
121
238
191
119
188
201
111
209
201
211
191
127
165
243
225
89
130
238
191
90
16
202
251
56
154
211
191
78
155
113
26
162
138
238
191
197
28
4
29
173
106
211
191
109
115
99
122
194
146
238
191
185
225
119
211
45
59
211
191
243
33
168
26
189
154
238
191
218
142
169
187
178
11
211
191
178
190
129
201
141
162
238
191
86
12
87
7
64
220
210
191
147
85
17
110
50
170
238
191
0
114
194
132
209
172
210
191
173
218
53
33
173
177
238
191
215
191
235
51
103
125
210
191
212
101
49
177
249
184
238
191
129
37
87
177
248
77
210
191
239
2
37
5
22
192
238
191
42
139
194
46
138
30
210
191
22
166
239
53
4
199
238
191
212
240
45
172
27
239
209
191
27
103
211
17
192
205
238
191
35
134
29
198
164
191
209
191
231
81
241
127
71
212
238
191
22
75
145
124
37
144
209
191
146
90
40
153
156
218
238
191
84
111
13
108
149
96
209
191
118
81
244
192
199
224
238
191
175
10
212
98
240
48
209
191
5
251
175
115
211
230
238
191
112
124
237
153
37
1
209
191
131
51
248
251
197
236
238
191
151
196
89
17
53
209
208
191
75
203
72
189
167
242
238
191
112
66
33
2
14
161
208
191
229
122
219
76
133
248
238
191
249
245
67
108
176
112
208
191
151
30
77
245
100
254
238
191
80
86
12
87
7
64
208
191
209
122
248
50
81
4
239
191
115
99
122
194
18
15
208
191
215
107
122
80
80
10
239
191
93
249
44
207
131
187
207
191
28
182
45
202
108
16
239
191
3
68
193
140
41
88
207
191
227
53
175
234
172
22
239
191
141
71
169
132
39
244
206
191
210
26
131
78
8
29
239
191
29
230
203
11
176
143
206
191
164
136
12
171
120
35
239
191
197
144
156
76
220
42
206
191
233
186
240
131
243
41
239
191
166
41
2
156
222
197
205
191
22
249
245
67
108
48
239
191
44
242
235
135
216
96
205
191
232
102
127
160
220
54
239
191
30
252
196
1
244
251
204
191
238
63
50
29
58
61
239
191
67
89
248
250
90
151
204
191
204
179
146
86
124
67
239
191
188
235
108
200
63
51
204
191
40
242
36
233
154
73
239
191
245
244
17
248
195
207
203
191
120
66
175
63
137
79
239
191
182
134
82
123
17
109
203
191
144
188
115
40
67
85
239
191
236
47
187
39
15
11
203
191
112
96
114
163
200
90
239
191
136
127
216
210
163
169
202
191
68
22
105
226
29
96
239
191
13
195
71
196
148
72
202
191
82
186
244
47
73
101
239
191
180
232
157
10
184
231
201
191
221
40
178
214
80
106
239
191
181
222
111
180
227
134
201
191
18
74
95
8
57
111
239
191
240
194
214
108
229
37
201
191
33
6
186
246
5
116
239
191
157
131
103
66
147
196
200
191
75
57
95
236
189
120
239
191
154
62
59
224
186
98
200
191
192
203
12
27
101
125
239
191
199
17
107
241
41
0
200
191
218
141
62
230
3
130
239
191
91
235
139
132
182
156
199
191
130
139
21
53
152
134
239
191
88
203
157
153
96
56
199
191
230
172
79
57
38
139
239
191
205
34
20
91
65
211
198
191
194
21
80
168
167
143
239
191
130
3
90
186
130
109
198
191
232
221
88
80
24
148
239
191
152
79
86
12
87
7
198
191
252
52
238
205
111
152
239
191
33
120
124
123
215
160
197
191
233
38
49
8
172
156
239
191
152
47
47
192
62
58
197
191
84
227
165
155
196
160
239
191
107
183
93
104
174
211
196
191
14
130
142
86
181
164
239
191
5
81
247
1
72
109
196
191
2
15
12
32
124
168
239
191
135
222
226
225
61
7
196
191
235
173
129
173
18
172
239
191
185
113
139
249
185
161
195
191
132
130
82
180
114
175
239
191
80
171
232
15
205
60
195
191
206
140
126
52
156
178
239
191
76
139
250
36
119
216
194
191
36
157
129
145
151
181
239
191
66
208
209
170
150
116
194
191
178
155
25
253
104
184
239
191
49
122
110
161
43
17
194
191
214
88
194
218
24
187
239
191
174
71
225
122
20
174
193
191
254
152
214
166
177
189
239
191
94
104
174
211
72
75
193
191
68
80
53
122
53
192
239
191
47
107
98
129
175
232
192
191
46
55
24
234
176
194
239
191
108
175
5
189
55
134
192
191
213
65
94
15
38
197
239
191
5
196
36
92
200
35
192
191
168
52
98
102
159
199
239
191
132
16
144
47
161
130
191
191
238
235
192
57
35
202
239
191
221
182
239
81
127
189
190
191
188
91
89
162
179
204
239
191
168
57
121
145
9
248
189
191
18
132
43
160
80
207
239
191
47
248
52
39
47
50
189
191
150
148
187
207
241
209
239
191
115
242
34
19
240
107
188
191
214
200
174
180
140
212
239
191
82
70
92
0
26
165
187
191
164
56
71
29
29
215
239
191
129
148
216
181
189
221
186
191
188
7
232
190
156
217
239
191
149
155
168
165
185
21
186
191
172
113
54
29
1
220
239
191
142
91
204
207
13
77
185
191
71
142
116
6
70
222
239
191
255
146
84
166
152
131
184
191
28
153
71
254
96
224
239
191
52
161
73
98
73
185
183
191
229
181
18
186
75
226
239
191
43
134
171
3
32
238
182
191
118
252
23
8
2
228
239
191
81
131
105
24
62
34
182
191
229
96
54
1
134
229
239
191
92
57
123
103
180
85
181
191
96
203
43
215
219
230
239
191
184
233
207
126
164
136
180
191
111
244
49
31
16
232
239
191
134
118
78
179
64
187
179
191
86
184
229
35
41
233
239
191
198
223
246
4
137
237
178
191
113
231
194
72
47
234
239
191
80
168
167
143
192
31
178
191
3
94
102
216
40
235
239
191
218
112
88
26
248
81
177
191
126
224
42
79
32
236
239
191
27
218
0
108
64
132
176
191
39
75
173
247
27
237
239
191
249
74
32
37
118
109
175
191
134
86
39
103
40
238
239
191
68
106
218
197
52
211
173
191
178
246
119
182
71
239
239
191
171
208
64
44
155
57
172
191
215
19
93
23
126
240
239
191
192
60
100
202
135
160
170
191
156
221
90
38
195
241
239
191
134
174
68
160
250
7
169
191
188
119
212
152
16
243
239
191
35
163
3
146
176
111
167
191
220
17
78
11
94
244
239
191
43
217
177
17
136
215
165
191
138
231
108
1
161
245
239
191
160
80
79
31
129
63
164
191
176
4
82
98
215
246
239
191
129
9
220
186
155
167
162
191
196
176
195
152
244
247
239
191
138
63
138
58
115
15
161
191
132
15
37
90
242
248
239
191
77
104
146
88
82
238
158
191
170
68
217
91
202
249
239
191
215
75
83
4
56
189
155
191
198
139
133
33
114
250
239
191
219
166
120
92
84
139
152
191
214
228
41
171
233
250
239
191
87
121
2
97
167
88
149
191
219
79
198
248
48
251
239
191
76
195
240
17
49
37
146
191
3
181
24
60
76
251
239
191
36
15
68
22
105
226
141
191
168
228
156
216
67
251
239
191
66
123
245
241
208
119
135
191
248
198
16
0
28
251
239
191
1
220
44
94
44
12
129
191
9
80
83
203
214
250
239
191
167
64
102
103
209
59
117
191
33
92
1
133
122
250
239
191
160
55
21
169
48
182
96
191
107
211
216
94
11
250
239
191
133
7
205
174
123
43
82
63
23
158
151
138
141
249
239
191
14
77
217
233
7
117
113
63
103
152
218
82
7
249
239
191
115
156
219
132
123
101
126
63
161
158
62
2
127
248
239
191
9
24
93
222
28
174
133
63
196
176
195
152
244
247
239
191
70
126
253
16
27
44
140
63
254
182
39
72
108
247
239
191
120
128
39
45
92
86
145
63
56
189
139
247
227
246
239
191
43
77
74
65
183
151
148
63
46
231
82
92
85
246
239
191
183
156
75
113
85
217
151
63
132
100
1
19
184
245
239
191
66
236
76
161
243
26
155
63
14
77
217
233
7
245
239
191
245
184
111
181
78
92
158
63
112
208
94
125
60
244
239
191
145
126
251
58
112
206
160
63
125
6
212
155
81
243
239
191
140
217
146
85
17
110
162
63
241
18
156
250
64
242
239
191
0
172
142
28
233
12
164
63
135
25
26
79
4
241
239
191
129
180
255
1
214
170
165
63
109
2
12
203
159
239
239
191
190
248
162
61
94
72
167
63
231
169
14
185
25
238
239
191
76
55
137
65
96
229
168
63
57
236
190
99
120
236
239
191
110
52
128
183
64
130
170
63
169
165
185
21
194
234
239
191
36
240
135
159
255
30
172
63
121
178
155
25
253
232
239
191
30
112
93
49
35
188
173
63
27
215
191
235
51
231
239
191
91
180
0
109
171
89
175
63
167
7
5
165
104
229
239
191
36
127
48
240
220
123
176
63
119
20
231
168
163
227
239
191
202
169
157
97
106
75
177
63
230
205
225
90
237
225
239
191
31
218
199
10
126
27
178
63
11
40
212
211
71
224
239
191
109
111
183
36
7
236
178
63
253
22
157
44
181
222
239
191
182
105
108
175
5
189
179
63
96
202
192
1
45
221
239
191
106
165
16
200
37
142
180
63
8
90
129
33
171
219
239
191
212
129
172
167
86
95
181
63
153
245
98
40
39
218
239
191
28
124
97
50
85
48
182
63
207
192
200
203
154
216
239
191
140
243
55
161
16
1
183
63
101
223
21
193
255
214
239
191
77
101
81
216
69
209
183
63
25
117
173
189
79
213
239
191
243
143
190
73
211
160
184
63
119
189
52
69
128
211
239
191
166
240
160
217
117
111
185
63
128
184
171
87
145
209
239
191
250
69
9
250
11
61
186
63
172
173
216
95
118
207
239
191
239
143
247
170
149
9
187
63
16
145
154
118
49
205
239
191
207
45
116
37
2
213
187
63
220
74
175
205
198
202
239
191
7
97
110
247
114
159
188
63
14
219
22
101
54
200
239
191
1
107
213
174
9
105
189
63
2
18
77
160
136
197
239
191
42
141
152
217
231
49
190
63
206
227
48
152
191
194
239
191
56
104
175
62
30
250
190
63
182
44
95
151
225
191
239
191
224
156
17
165
189
193
191
63
233
212
149
207
242
188
239
191
254
214
78
148
132
68
192
63
147
196
146
114
247
185
239
191
105
253
45
1
248
167
192
63
227
227
19
178
243
182
239
191
196
178
153
67
82
11
193
63
4
27
215
191
235
179
239
191
196
151
137
34
164
110
193
63
38
82
154
205
227
176
239
191
31
77
245
100
254
209
193
63
49
149
126
194
217
173
239
191
47
163
88
110
105
53
194
63
38
228
131
158
205
170
239
191
189
171
30
48
15
153
194
63
237
74
203
72
189
167
239
191
108
150
203
70
231
252
194
63
134
201
84
193
168
164
239
191
4
117
202
163
27
97
195
63
219
107
65
239
141
161
239
191
132
71
27
71
172
197
195
63
213
61
178
185
106
158
239
191
254
126
49
91
178
42
196
63
94
75
200
7
61
155
239
191
130
140
128
10
71
144
196
63
117
148
131
217
4
152
239
191
199
16
0
28
123
246
196
63
3
37
5
22
192
148
239
191
204
11
176
143
78
93
197
63
242
8
110
164
108
145
239
191
219
220
152
158
176
196
197
63
43
76
223
107
8
142
239
191
46
114
79
87
119
44
198
63
129
6
155
58
143
138
239
191
72
25
113
1
104
148
198
63
221
67
194
247
254
134
239
191
188
144
14
15
97
252
198
63
40
16
118
138
85
131
239
191
106
246
64
43
48
100
199
63
75
119
215
217
144
127
239
191
48
104
33
1
163
203
199
63
25
145
40
180
172
123
239
191
160
164
192
2
152
50
200
63
146
93
105
25
169
119
239
191
64
249
187
119
212
152
200
63
136
244
219
215
129
115
239
191
71
84
168
110
46
254
200
63
252
85
128
239
54
111
239
191
149
211
158
146
115
98
201
63
214
141
119
71
198
106
239
191
223
23
151
170
180
197
201
63
46
144
160
248
49
102
239
191
219
193
136
125
2
40
202
63
49
69
185
52
126
97
239
191
80
227
222
252
134
137
202
63
222
172
193
251
170
92
239
191
95
94
128
125
116
234
202
63
146
151
53
177
192
87
239
191
26
164
224
41
228
74
203
63
98
249
243
109
193
82
239
191
237
245
238
143
247
170
203
63
124
186
186
99
177
77
239
191
83
6
14
104
233
10
204
63
224
218
137
146
144
72
239
191
4
118
53
121
202
106
204
63
210
54
254
68
101
67
239
191
32
39
76
24
205
202
204
63
128
182
213
172
51
62
239
191
20
91
65
211
18
43
205
63
234
89
16
202
251
56
239
191
241
130
136
212
180
139
205
63
39
21
141
181
191
51
239
191
0
254
41
85
162
236
205
63
8
0
142
61
123
46
239
191
231
251
169
241
210
77
206
63
120
38
52
73
44
41
239
191
240
219
16
227
53
175
206
63
50
172
226
141
204
35
239
191
192
205
226
197
194
16
207
63
9
169
219
217
87
30
239
191
161
48
40
211
104
114
207
63
229
40
64
20
204
24
239
191
129
147
109
224
14
212
207
63
154
67
82
11
37
19
239
191
49
123
217
118
218
26
208
63
227
28
117
116
92
13
239
191
25
116
66
232
160
75
208
63
214
168
135
104
116
7
239
191
120
180
113
196
90
124
208
63
3
35
47
107
98
1
239
191
199
131
45
118
251
172
208
63
151
115
41
174
42
251
238
191
4
226
117
253
130
221
208
63
122
166
151
24
203
244
238
191
140
159
198
189
249
13
209
63
9
140
245
13
76
238
238
191
94
188
31
183
95
62
209
63
66
36
67
142
173
231
238
191
167
32
63
27
185
110
209
63
129
63
252
252
247
224
238
191
104
204
36
234
5
159
209
63
221
209
255
114
45
218
238
191
206
167
142
85
74
207
209
63
108
207
44
9
80
211
238
191
217
178
124
93
134
255
209
63
137
8
255
34
104
204
238
191
228
189
106
101
194
47
210
63
53
125
118
192
117
197
238
191
28
177
22
159
2
96
210
63
179
9
48
44
127
190
238
191
39
188
4
167
62
144
210
63
49
150
233
151
136
183
238
191
50
199
242
174
122
192
210
63
130
58
229
209
141
176
238
191
135
49
233
239
165
240
210
63
188
234
1
243
144
169
238
191
249
18
42
56
188
32
211
63
178
190
129
201
141
162
238
191
255
178
123
242
176
80
211
63
99
182
100
85
132
155
238
191
62
65
98
187
123
128
211
63
186
221
203
125
114
148
238
191
45
5
164
253
15
176
211
63
136
76
249
16
84
141
238
191
115
46
197
85
101
223
211
63
228
246
203
39
43
134
238
191
134
4
140
46
111
14
212
63
184
232
100
169
245
126
238
191
56
159
58
86
41
61
212
63
214
57
6
100
175
119
238
191
213
93
217
5
131
107
212
63
62
234
175
87
88
112
238
191
17
225
95
4
141
153
212
63
240
249
97
132
240
104
238
191
163
201
197
24
88
199
212
63
191
128
94
184
115
97
238
191
111
160
192
59
249
244
212
63
170
126
165
243
225
89
238
191
132
214
195
151
137
34
213
63
110
23
154
235
52
82
238
191
153
12
199
243
25
80
213
63
10
75
60
160
108
74
238
191
237
155
251
171
199
125
213
63
104
37
173
248
134
66
238
191
8
61
155
85
159
171
213
63
89
190
46
195
127
58
238
191
40
73
215
76
190
217
213
63
201
33
226
230
84
50
238
191
48
73
101
138
57
8
214
63
136
103
9
50
2
42
238
191
215
221
60
213
33
55
214
63
151
143
164
164
135
33
238
191
28
7
94
45
119
102
214
63
178
189
22
244
222
24
238
191
165
244
76
47
49
150
214
63
74
182
186
156
18
16
238
191
52
77
216
126
50
198
214
63
118
109
111
183
36
7
238
191
228
135
74
35
102
246
214
63
100
203
242
117
25
254
237
191
164
51
48
242
178
38
215
63
88
172
225
34
247
244
237
191
238
151
79
86
12
87
215
63
150
236
216
8
196
235
237
191
129
91
119
243
84
135
215
63
52
128
183
64
130
226
237
191
123
245
241
208
119
183
215
63
143
55
249
45
58
217
237
191
249
220
9
246
95
231
215
63
211
250
91
2
240
207
237
191
67
113
199
155
252
22
216
63
91
154
91
33
172
198
237
191
120
41
117
201
56
70
216
63
39
22
248
138
110
189
237
191
31
190
76
20
33
117
216
63
10
134
115
13
51
180
237
191
101
23
12
174
185
163
216
63
214
1
16
119
245
170
237
191
213
237
236
43
15
210
216
63
94
161
15
150
177
161
237
191
153
41
173
191
37
0
217
63
70
148
246
6
95
152
237
191
60
131
134
254
9
46
217
63
76
254
39
127
247
142
237
191
235
226
54
26
192
91
217
63
87
235
196
229
120
133
237
191
1
25
58
118
80
137
217
63
13
139
81
215
218
123
237
191
5
222
201
167
199
182
217
63
42
1
49
9
23
114
237
191
249
49
230
174
37
228
217
63
128
101
165
73
41
104
237
191
145
181
134
82
123
17
218
63
203
219
17
78
11
94
237
191
116
152
47
47
192
62
218
63
33
88
85
47
191
83
237
191
206
194
158
118
248
107
218
63
177
194
45
31
73
73
237
191
115
76
22
247
31
153
218
63
145
15
122
54
171
62
237
191
52
77
216
126
50
198
218
63
27
15
182
216
237
51
237
191
17
197
228
13
48
243
218
63
81
193
225
5
17
41
237
191
11
180
59
164
24
32
219
63
140
246
120
33
29
30
237
191
34
26
221
65
236
76
219
63
182
186
156
18
16
19
237
191
250
38
77
131
162
121
219
63
66
210
167
85
244
7
237
191
239
170
7
204
67
166
219
63
46
61
154
234
201
252
236
191
211
189
78
234
203
210
219
63
191
215
16
28
151
241
236
191
121
119
100
172
54
255
219
63
222
173
44
209
89
230
236
191
105
144
130
167
144
43
220
63
185
167
171
59
22
219
236
191
162
8
169
219
217
87
220
63
57
209
174
66
202
207
236
191
129
176
83
172
26
132
220
63
94
42
54
230
117
196
236
191
5
136
130
25
83
176
220
63
18
191
98
13
23
185
236
191
92
119
243
84
135
220
220
63
107
131
19
209
175
173
236
191
178
102
100
144
187
8
221
63
81
131
105
24
62
162
236
191
99
38
81
47
248
52
221
63
221
178
67
252
195
150
236
191
112
182
185
49
61
97
221
63
225
41
228
74
61
139
236
191
50
231
25
251
146
141
221
63
114
220
41
29
172
127
236
191
125
208
179
89
245
185
221
63
124
214
53
90
14
116
236
191
80
114
135
77
100
230
221
63
19
12
231
26
102
104
236
191
126
228
214
164
219
18
222
63
245
160
160
20
173
92
236
191
7
39
162
95
91
63
222
63
33
149
98
71
227
80
236
191
189
81
43
76
223
107
222
63
150
232
44
179
8
69
236
191
116
124
180
56
99
152
222
63
63
167
32
63
27
57
236
191
42
167
61
37
231
196
222
63
5
221
94
210
24
45
236
191
134
1
75
174
98
241
222
63
231
137
231
108
1
33
236
191
135
139
220
211
213
29
223
63
185
197
252
220
208
20
236
191
44
69
242
149
64
74
223
63
167
120
92
84
139
8
236
191
239
117
82
95
150
118
223
63
109
198
105
136
42
252
235
191
205
29
253
47
215
162
223
63
57
151
226
170
178
239
235
191
110
108
118
164
250
206
223
63
34
223
165
212
37
227
235
191
163
121
0
139
252
250
223
63
40
158
179
5
132
214
235
191
113
198
48
39
104
19
224
63
119
188
201
111
209
201
235
191
1
223
109
222
56
41
224
63
17
58
232
18
14
189
235
191
104
146
88
82
238
62
224
63
244
22
15
239
57
176
235
191
123
248
50
81
132
84
224
63
102
47
219
78
91
163
235
191
11
41
63
169
246
105
224
63
80
143
109
25
112
150
235
191
1
48
158
65
67
127
224
63
245
18
99
153
126
137
235
191
49
37
146
232
101
148
224
63
63
198
220
181
132
124
235
191
245
216
150
1
103
169
224
63
46
169
218
110
130
111
235
191
100
63
139
165
72
190
224
63
172
199
125
171
117
98
235
191
216
40
235
55
19
211
224
63
207
21
165
132
96
85
235
191
106
137
149
209
200
231
224
63
105
171
146
200
62
72
235
191
137
37
229
238
115
252
224
63
100
148
103
94
14
59
235
191
78
241
184
168
22
17
225
63
192
208
35
70
207
45
235
191
18
189
140
98
185
37
225
63
79
120
9
78
125
32
235
191
27
101
253
102
98
58
225
63
40
127
247
142
26
19
235
191
150
209
200
231
21
79
225
63
7
9
81
190
160
5
235
191
175
234
172
22
216
99
225
63
3
10
245
244
17
248
234
191
150
152
103
37
173
120
225
63
4
142
4
26
108
234
234
191
50
231
25
251
146
141
225
63
245
160
160
20
173
220
234
191
132
214
195
151
137
162
225
63
213
66
201
228
212
206
234
191
140
102
101
251
144
183
225
63
163
115
126
138
227
192
234
191
29
175
64
244
164
204
225
63
120
39
159
30
219
178
234
191
99
152
19
180
201
225
225
63
37
118
109
111
183
164
234
191
50
58
32
9
251
246
225
63
193
83
200
149
122
150
234
191
160
136
69
12
59
12
226
63
54
204
208
120
34
136
234
191
128
155
197
139
133
33
226
63
131
223
134
24
175
121
234
191
232
102
127
160
220
54
226
63
191
129
201
141
34
107
234
191
126
26
247
230
55
76
226
63
211
190
185
191
122
92
234
191
20
206
110
45
147
97
226
63
4
115
244
248
189
77
234
191
33
201
172
222
225
118
226
63
104
146
88
82
238
62
234
191
75
59
53
151
27
140
226
63
45
5
164
253
15
48
234
191
32
96
173
218
53
161
226
63
106
191
181
19
37
33
234
191
69
103
153
69
40
182
226
63
76
169
75
198
49
18
234
191
94
128
125
116
234
202
226
63
23
159
2
96
60
3
234
191
18
219
221
3
116
223
226
63
248
136
152
18
73
244
233
191
215
190
128
94
184
243
226
63
8
91
236
246
89
229
233
191
83
91
234
32
175
7
227
63
114
253
187
62
115
214
233
191
156
164
249
99
90
27
227
63
100
88
197
27
153
199
233
191
201
142
141
64
188
46
227
63
155
143
107
67
197
184
233
191
145
186
157
125
229
65
227
63
22
163
174
181
247
169
233
191
54
4
199
101
220
84
227
63
122
194
18
15
40
155
233
191
66
36
67
142
173
103
227
63
200
237
151
79
86
140
233
191
38
223
108
115
99
122
227
63
164
84
194
19
122
125
233
191
85
249
158
145
8
141
227
63
224
14
212
41
143
110
233
191
86
43
19
126
169
159
227
63
103
40
238
120
147
95
233
191
132
69
69
156
78
178
227
63
244
196
115
182
128
80
233
191
82
12
144
104
2
197
227
63
89
252
166
176
82
65
233
191
26
80
111
70
205
215
227
63
82
242
234
28
3
50
233
191
243
4
194
78
177
234
227
63
246
154
30
20
148
34
233
191
220
42
136
129
174
253
227
63
46
2
99
125
3
19
233
191
169
217
3
173
192
16
228
63
250
39
184
88
81
3
233
191
90
17
53
209
231
35
228
63
113
0
253
190
127
243
232
191
4
198
250
6
38
55
228
63
125
151
82
151
140
227
232
191
101
27
184
3
117
74
228
63
28
237
184
225
119
211
232
191
169
249
42
249
216
93
228
63
102
245
14
183
67
195
232
191
140
132
182
156
75
113
228
63
69
188
117
254
237
178
232
191
37
176
57
7
207
132
228
63
183
65
237
183
118
162
232
191
116
124
180
56
99
152
228
63
190
133
117
227
221
145
232
191
7
37
204
180
253
171
228
63
157
100
171
203
41
129
232
191
200
181
161
98
156
191
228
63
107
210
109
137
92
112
232
191
91
94
185
222
54
211
228
63
86
183
122
78
122
95
232
191
102
78
151
197
196
230
228
63
162
239
110
101
137
78
232
191
164
169
158
204
63
250
228
63
124
99
8
0
142
61
232
191
209
147
50
169
161
13
229
63
40
239
227
104
142
44
232
191
146
60
215
247
225
32
229
63
190
134
224
184
140
27
232
191
186
187
206
134
252
51
229
63
152
250
121
83
145
10
232
191
215
76
190
217
230
70
229
63
250
38
77
131
162
249
231
191
188
7
232
190
156
89
229
63
229
11
90
72
192
232
231
191
126
224
42
79
32
108
229
63
134
145
94
212
238
215
231
191
77
191
68
188
117
126
229
63
152
219
189
220
39
199
231
191
130
116
177
105
165
144
229
63
239
1
186
47
103
182
231
191
143
196
203
211
185
162
229
63
47
52
215
105
164
165
231
191
162
151
81
44
183
180
229
63
65
126
54
114
221
148
231
191
22
190
190
214
165
198
229
63
181
27
125
204
7
132
231
191
70
8
143
54
142
216
229
63
137
12
171
120
35
115
231
191
118
82
95
150
118
234
229
63
76
140
101
250
37
98
231
191
1
109
171
89
103
252
229
63
209
178
238
31
11
81
231
191
65
40
239
227
104
14
230
63
211
163
169
158
204
63
231
191
56
132
42
53
123
32
230
63
60
107
183
93
104
46
231
191
251
116
60
102
160
50
230
63
11
9
24
93
222
28
231
191
48
42
169
19
208
68
230
63
156
77
71
0
55
11
231
191
238
151
79
86
12
87
230
63
216
68
102
46
112
249
230
191
239
225
146
227
78
105
230
63
26
191
240
74
146
231
230
191
31
20
148
162
149
123
230
63
121
176
197
110
159
213
230
191
100
58
116
122
222
141
230
63
11
13
196
178
153
195
230
191
125
120
150
32
35
160
230
63
43
165
103
122
137
177
230
191
127
194
217
173
101
178
230
63
194
132
209
172
108
159
230
191
37
60
161
215
159
196
230
63
45
124
125
173
75
141
230
191
90
241
13
133
207
214
230
63
128
127
74
149
40
123
230
191
7
238
64
157
242
232
230
63
234
118
246
149
7
105
230
191
253
73
124
238
4
251
230
63
130
86
96
200
234
86
230
191
62
5
192
120
6
13
231
63
26
54
202
250
205
68
230
191
155
55
78
10
243
30
231
63
132
45
118
251
172
50
230
191
209
4
138
88
196
48
231
63
79
120
9
78
125
32
230
191
246
96
82
124
124
66
231
63
100
34
165
217
60
14
230
191
198
111
10
43
21
84
231
63
127
79
172
83
229
251
229
191
41
61
211
75
140
101
231
63
69
47
163
88
110
233
229
191
244
224
238
172
221
118
231
63
136
217
203
182
211
214
229
191
14
103
126
53
7
136
231
63
27
102
104
60
17
196
229
191
143
195
96
254
10
153
231
63
43
189
54
27
43
177
229
191
164
222
83
57
237
169
231
63
254
186
211
157
39
158
229
191
146
148
244
48
180
186
231
63
26
24
121
89
19
139
229
191
111
217
33
254
97
203
231
63
196
176
195
152
244
119
229
191
104
149
153
210
250
219
231
63
111
73
14
216
213
100
229
191
217
152
215
17
135
236
231
63
94
190
245
97
189
81
229
191
216
215
186
212
8
253
231
63
2
212
212
178
181
62
229
191
169
46
224
101
134
13
232
63
161
102
72
21
197
43
229
191
146
121
228
15
6
30
232
63
195
46
138
30
248
24
229
191
190
160
133
4
140
46
232
63
148
20
88
0
83
6
229
191
70
152
162
92
26
63
232
63
22
24
178
186
213
243
228
191
251
119
125
230
172
79
232
63
214
116
61
209
117
225
228
191
199
75
55
137
65
96
232
63
121
90
126
224
42
207
228
191
124
43
18
19
212
112
232
63
142
4
26
108
234
188
228
191
26
23
14
132
100
129
232
63
140
186
214
222
167
170
228
191
93
50
142
145
236
145
232
63
48
160
23
238
92
152
228
191
70
125
146
59
108
162
232
63
6
241
129
29
255
133
228
191
120
39
159
30
219
178
232
63
159
232
186
240
131
115
228
191
222
60
213
33
55
195
232
63
112
206
136
210
222
96
228
191
119
189
52
69
128
211
232
63
77
186
45
145
11
78
228
191
232
216
65
37
174
227
232
63
219
219
45
201
1
59
228
191
96
119
186
243
196
243
232
63
49
39
104
147
195
39
228
191
221
152
158
176
196
3
233
63
146
120
121
58
87
20
228
191
96
61
238
91
173
19
233
63
21
196
64
215
190
0
228
191
233
100
169
245
126
35
233
63
233
241
123
155
254
236
227
191
142
3
175
150
59
51
233
63
35
246
9
160
24
217
227
191
103
13
222
87
229
66
233
63
31
161
102
72
21
197
227
191
92
142
87
32
122
82
233
63
220
242
145
148
244
176
227
191
133
122
250
8
252
97
233
63
137
211
73
182
186
156
227
191
248
197
165
42
109
113
233
63
82
43
76
223
107
136
227
191
181
112
89
133
205
128
233
63
78
238
119
40
10
116
227
191
188
122
21
25
29
144
233
63
194
248
105
220
155
95
227
191
246
239
250
204
89
159
233
63
196
62
1
20
35
75
227
191
99
208
9
161
131
174
233
63
85
192
61
207
159
54
227
191
238
39
99
124
152
189
233
63
184
89
188
88
24
34
227
191
171
234
229
119
154
204
233
63
4
255
91
201
142
13
227
191
110
48
212
97
133
219
233
63
103
152
218
82
7
249
226
191
101
225
235
107
93
234
233
63
225
37
56
245
129
228
226
191
75
33
144
75
28
249
233
63
205
119
240
19
7
208
226
191
77
216
126
50
198
7
234
63
19
154
36
150
148
187
226
191
63
30
250
238
86
22
234
63
0
0
0
0
0
0
0
0
0
0
0
0
0
0
0
0
0
0
0
0
0
0
0
0
0
0
0
0
0
0
0
0
0
0
0
0
0
0
0
0
0
0
0
0
0
0
0
0
0
0
0
0
0
0
0
0
0
0
0
0
0
0
0
0
0
0
0
0
0
0
0
0
0
0
0
0
0
0
0
0
0
0
0
0
0
0
0
0
0
0
0
0
0
0
0
0
0
0
0
0
0
0
0
0
0
0
0
0
0
0
0
0
0
0
0
0
0
0
0
0
0
0
0
0
0
0
0
0
0
0
0
0
0
0
0
0
0
0
0
0
0
0
0
0
0
0
0
0
0
0
0
0
0
0
0
0
0
0
0
0
0
0
0
0
0
0
0
0
0
0
0
0
0
0
0
0
0
0
0
0
0
0
0
0
0
0
0
0
0
0
0
0
0
0
0
0
0
0
0
0
0
0
0
0
0
0
0
0
0
0
0
0
0
0
0
0
0
0
0
0
0
0
0
0
0
0
0
0
0
0
0
0
0
0
0
0
0
0
0
0
0
0
0
0
0
0
0
0
0
0
0
0
0
0
0
0
0
0
0
0
0
0
0
0
0
0
0
0
0
0
0
0
0
0
0
0
0
0
0
0
0
0
0
0
0
0
0
0
0
0
0
0
0
0
0
0
0
0
0
0
0
0
0
0
0
0
0
0
0
0
0
0
0
0
0
0
0
0
0
0
0
0
0
0
0
0
0
0
0
0
0
0
0
0
0
0
0
0
0
0
0
0
0
0
0
0
0
0
0
0
0
0
0
0
0
0
0
0
0
0
0
0
0
0
0
0
0
0
0
0
0
0
0
0
0
0
0
0
0
0
0
0
0
0
0
0
0
0
0
0
0
0
0
0
0
0
0
0
0
0
0
0
0
0
0
0
0
0
0
0
0
0
0
0
0
0
0
0
0
0
0
0
0
0
0
0
0
0
0
0
0
0
0
0
0
0
0
0
0
0
0
0
0
0
0
0
0
0
0
0
0
0
0
0
0
0
0
0
0
0
0
0
0
0
0
0
0
0
0
0
0
0
0
0
0
0
0
0
0
0
0
0
0
0
0
0
0
0
0
0
0
0
0
0
0
0
0
0
0
0
0
0
0
0
0
0
0
0
0
0
0
0
0
0
0
0
0
0
0
0
0
0
0
0
0
0
0
0
0
0
0
0
0
0
0
0
0
0
0
0
0
0
0
0
0
0
0
0
0
0
0
0
0
0
0
0
0
0
0
0
0
0
0
0
0
0
0
0
0
0
0
0
0
0
0
0
0
0
0
0
0
0
0
0
0
0
0
0
0
0
0
0
0
0
0
0
0
0
0
0
0
0
0
0
0
0
0
0
0
0
0
0
0
0
0
0
0
0
0
0
0
0
0
0
0
0
0
0
0
0
0
0
0
0
0
0
0
0
0
0
0
0
0
0
0
0
0
0
0
0
0
0
0
0
0
0
0
0
0
0
0
0
0
0
0
0
0
0
0
0
0
0
0
0
0
0
0
0
0
0
0
0
0
0
0
0
0
0
0
0
0
0
0
0
0
0
0
0
0
0
0
0
0
0
0
0
0
0
0
0
0
0
0
0
0
0
0
0
0
0
0
0
0
0
0
0
0
0
0
0
0
0
0
0
0
0
0
0
0
0
0
0
0
0
0
0
0
0
0
0
0
0
0
0
0
0
0
0
0
0
0
0
0
0
0
0
0
0
0
0
0
0
0
0
0
0
0
0
0
0
0
0
0
0
0
0
0
0
0
0
0
0
0
0
0
0
0
0
0
0
0
0
0
0
0
0
0
0
0
0
0
0
0
0
0
0
0
0
0
0
0
0
0
0
0
0
0
0
0
0
0
0
0
0
0
0
0
0
0
0
0
0
0
0
0
0
0
0
0
0
0
0
0
0
0
0
0
0
0
0
0
0
0
0
0
0
0
0
0
0
0
0
0
0
0
0
0
0
0
0
0
0
0
0
0
0
0
0
0
0
0
0
0
0
0
0
0
0
0
0
0
0
0
0
0
0
0
0
0
0
0
0
0
0
0
0
0
0
0
0
0
0
0
0
0
0
0
0
0
0
0
0
0
0
0
0
0
0
0
0
0
0
0
0
0
0
0
0
0
0
0
0
0
0
0
0
0
0
0
0
0
0
0
0
0
0
0
0
0
0
0
0
0
0
0
0
0
0
0
0
0
0
0
0
0
0
0
0
0
0
0
0
0
0
0
0
0
0
0
0
0
0
0
0
0
0
0
0
0
0
0
0
0
0
0
0
0
0
0
0
0
0
0
0
0
0
0
0
0
0
0
0
0
0
0
0
0
0
0
0
0
0
0
0
0
0
0
0
0
0
0
0
0
0
0
0
0
0
0
0
0
0
0
0
0
0
0
0
0
0
0
0
0
0
0
0
0
0
0
0
0
0
0
0
0
0
0
0
0
0
0
0
0
0
0
0
0
0
0
0
0
0
0
0
0
0
0
0
0
0
0
0
0
0
0
0
0
0
0
0
0
0
0
0
0
0
0
0
0
0
0
0
0
0
0
0
0
0
0
0
0
0
0
0
0
0
0
0
0
0
0
0
0
0
0
0
0
0
0
0
0
0
0
0
0
0
0
0
0
0
0
0
0
0
0
0
0
0
0
0
0
0
0
0
0
0
0
0
0
0
0
0
0
0
0
0
0
0
0
0
0
0
0
0
0
0
0
0
0
0
0
0
0
0
0
0
0
0
0
0
0
0
0
0
0
0
0