58
70
65
67
84
58
67
68
65
84
49
56
58
68
65
84
65
32
35
57
48
48
48
48
48
54
57
51
54
0
40
157
192
0
0
0
0
0
97
180
192
0
0
0
0
0
128
98
64
0
0
0
0
0
154
178
192
0
0
0
0
0
186
160
64
0
0
0
0
0
238
171
192
0
0
0
0
0
190
173
64
0
0
0
0
0
176
156
192
0
0
0
0
0
24
179
64
0
0
0
0
0
64
103
64
0
0
0
0
0
94
180
64
0
0
0
0
0
254
160
64
0
0
0
0
0
127
178
64
0
0
0
0
0
220
173
64
0
0
0
0
0
140
171
64
0
0
0
0
0
8
179
64
0
0
0
0
0
204
155
64
0
0
0
0
0
46
180
64
0
0
0
0
0
224
108
192
0
0
0
0
0
56
178
64
0
0
0
0
0
30
161
192
0
0
0
0
0
250
170
64
0
0
0
0
0
178
173
192
0
0
0
0
0
248
154
64
0
0
0
0
0
209
178
192
0
0
0
0
0
32
111
192
0
0
0
0
0
231
179
192
0
0
0
0
0
248
160
192
0
0
0
0
0
248
177
192
0
0
0
0
0
90
173
192
0
0
0
0
0
172
170
192
0
0
0
0
0
160
178
192
0
0
0
0
0
220
154
192
0
0
0
0
0
194
179
192
0
0
0
0
0
224
108
64
0
0
0
0
0
233
177
192
0
0
0
0
0
190
160
64
0
0
0
0
0
182
170
192
0
0
0
0
0
36
173
64
0
0
0
0
0
24
155
192
0
0
0
0
0
146
178
64
0
0
0
0
0
0
107
64
0
0
0
0
0
191
179
64
0
0
0
0
0
172
160
64
0
0
0
0
0
234
177
64
0
0
0
0
0
26
173
64
0
0
0
0
0
176
170
64
0
0
0
0
0
136
178
64
0
0
0
0
0
240
154
64
0
0
0
0
0
169
179
64
0
0
0
0
0
96
108
192
0
0
0
0
0
197
177
64
0
0
0
0
0
172
160
192
0
0
0
0
0
88
170
64
0
0
0
0
0
238
172
192
0
0
0
0
0
100
154
64
0
0
0
0
0
88
178
192
0
0
0
0
0
192
109
192
0
0
0
0
0
100
179
192
0
0
0
0
0
128
160
192
0
0
0
0
0
124
177
192
0
0
0
0
0
132
172
192
0
0
0
0
0
228
169
192
0
0
0
0
0
14
178
192
0
0
0
0
0
236
153
192
0
0
0
0
0
24
179
192
0
0
0
0
0
64
109
64
0
0
0
0
0
61
177
192
0
0
0
0
0
64
160
64
0
0
0
0
0
148
169
192
0
0
0
0
0
34
172
64
0
0
0
0
0
172
153
192
0
0
0
0
0
219
177
64
0
0
0
0
0
0
109
64
0
0
0
0
0
237
178
64
0
0
0
0
0
40
160
64
0
0
0
0
0
31
177
64
0
0
0
0
0
4
172
64
0
0
0
0
0
108
169
64
0
0
0
0
0
204
177
64
0
0
0
0
0
124
153
64
0
0
0
0
0
222
178
64
0
0
0
0
0
224
109
192
0
0
0
0
0
14
177
64
0
0
0
0
0
42
160
192
0
0
0
0
0
76
169
64
0
0
0
0
0
246
171
192
0
0
0
0
0
80
153
64
0
0
0
0
0
187
177
192
0
0
0
0
0
192
109
192
0
0
0
0
0
196
178
192
0
0
0
0
0
8
160
192
0
0
0
0
0
243
176
192
0
0
0
0
0
176
171
192
0
0
0
0
0
34
169
192
0
0
0
0
0
138
177
192
0
0
0
0
0
60
153
192
0
0
0
0
0
143
178
192
0
0
0
0
0
160
107
64
0
0
0
0
0
196
176
192
0
0
0
0
0
108
159
64
0
0
0
0
0
232
168
192
0
0
0
0
0
60
171
64
0
0
0
0
0
36
153
192
0
0
0
0
0
71
177
64
0
0
0
0
0
96
105
64
0
0
0
0
0
78
178
64
0
0
0
0
0
208
158
64
0
0
0
0
0
143
176
64
0
0
0
0
0
208
170
64
0
0
0
0
0
162
168
64
0
0
0
0
0
11
177
64
0
0
0
0
0
240
152
64
0
0
0
0
0
19
178
64
0
0
0
0
0
64
104
192
0
0
0
0
0
93
176
64
0
0
0
0
0
92
158
192
0
0
0
0
0
92
168
64
0
0
0
0
0
118
170
192
0
0
0
0
0
180
152
64
0
0
0
0
0
213
176
192
0
0
0
0
0
64
103
192
0
0
0
0
0
220
177
192
0
0
0
0
0
232
157
192
0
0
0
0
0
44
176
192
0
0
0
0
0
26
170
192
0
0
0
0
0
22
168
192
0
0
0
0
0
156
176
192
0
0
0
0
0
120
152
192
0
0
0
0
0
160
177
192
0
0
0
0
0
128
102
64
0
0
0
0
0
236
175
192
0
0
0
0
0
124
157
64
0
0
0
0
0
196
167
192
0
0
0
0
0
194
169
64
0
0
0
0
0
20
152
192
0
0
0
0
0
101
176
64
0
0
0
0
0
0
103
64
0
0
0
0
0
102
177
64
0
0
0
0
0
64
157
64
0
0
0
0
0
126
175
64
0
0
0
0
0
130
169
64
0
0
0
0
0
108
167
64
0
0
0
0
0
57
176
64
0
0
0
0
0
168
151
64
0
0
0
0
0
52
177
64
0
0
0
0
0
0
104
192
0
0
0
0
0
30
175
64
0
0
0
0
0
8
157
192
0
0
0
0
0
32
167
64
0
0
0
0
0
62
169
192
0
0
0
0
0
88
151
64
0
0
0
0
0
6
176
192
0
0
0
0
0
32
103
192
0
0
0
0
0
248
176
192
0
0
0
0
0
112
156
192
0
0
0
0
0
172
174
192
0
0
0
0
0
182
168
192
0
0
0
0
0
206
166
192
0
0
0
0
0
90
175
192
0
0
0
0
0
52
151
192
0
0
0
0
0
153
176
192
0
0
0
0
0
64
99
64
0
0
0
0
0
12
174
192
0
0
0
0
0
76
155
64
0
0
0
0
0
114
166
192
0
0
0
0
0
228
167
64
0
0
0
0
0
56
151
192
0
0
0
0
0
110
174
64
0
0
0
0
0
192
89
64
0
0
0
0
0
48
176
64
0
0
0
0
0
240
153
64
0
0
0
0
0
128
173
64
0
0
0
0
0
26
167
64
0
0
0
0
0
74
166
64
0
0
0
0
0
194
173
64
0
0
0
0
0
172
151
64
0
0
0
0
0
0
176
64
0
0
0
0
0
0
69
64
0
0
0
0
0
204
173
64
0
0
0
0
0
124
151
192
0
0
0
0
0
60
167
64
0
0
0
0
0
36
166
192
0
0
0
0
0
124
154
64
0
0
0
0
0
94
173
192
0
0
0
0
0
96
99
64
0
0
0
0
0
45
176
192
0
0
0
0
0
68
150
192
0
0
0
0
0
154
174
192
0
0
0
0
0
254
165
192
0
0
0
0
0
76
168
192
0
0
0
0
0
188
173
192
0
0
0
0
0
152
156
192
0
0
0
0
0
148
176
192
0
0
0
0
0
32
112
192
0
0
0
0
0
170
175
192
0
0
0
0
0
124
149
64
0
0
0
0
0
102
169
192
0
0
0
0
0
14
166
64
0
0
0
0
0
120
158
192
0
0
0
0
0
50
174
64
0
0
0
0
0
96
117
192
0
0
0
0
0
241
176
64
0
0
0
0
0
212
148
64
0
0
0
0
0
64
176
64
0
0
0
0
0
12
166
64
0
0
0
0
0
54
170
64
0
0
0
0
0
110
174
64
0
0
0
0
0
220
159
64
0
0
0
0
0
37
177
64
0
0
0
0
0
128
121
64
0
0
0
0
0
130
176
64
0
0
0
0
0
52
148
192
0
0
0
0
0
194
170
64
0
0
0
0
0
242
165
192
0
0
0
0
0
116
160
64
0
0
0
0
0
140
174
192
0
0
0
0
0
224
124
64
0
0
0
0
0
78
177
192
0
0
0
0
0
184
147
192
0
0
0
0
0
189
176
192
0
0
0
0
0
238
165
192
0
0
0
0
0
78
171
192
0
0
0
0
0
198
174
192
0
0
0
0
0
248
160
192
0
0
0
0
0
134
177
192
0
0
0
0
0
0
128
192
0
0
0
0
0
8
177
192
0
0
0
0
0
88
147
64
0
0
0
0
0
240
171
192
0
0
0
0
0
250
165
64
0
0
0
0
0
142
161
192
0
0
0
0
0
14
175
64
0
0
0
0
0
216
129
192
0
0
0
0
0
194
177
64
0
0
0
0
0
192
146
64
0
0
0
0
0
84
177
64
0
0
0
0
0
226
165
64
0
0
0
0
0
150
172
64
0
0
0
0
0
44
175
64
0
0
0
0
0
52
162
64
0
0
0
0
0
235
177
64
0
0
0
0
0
48
132
64
0
0
0
0
0
148
177
64
0
0
0
0
0
224
145
192
0
0
0
0
0
58
173
64
0
0
0
0
0
166
165
192
0
0
0
0
0
230
162
64
0
0
0
0
0
52
175
192
0
0
0
0
0
176
134
64
0
0
0
0
0
19
178
192
0
0
0
0
0
252
144
192
0
0
0
0
0
221
177
192
0
0
0
0
0
126
165
192
0
0
0
0
0
242
173
192
0
0
0
0
0
96
175
192
0
0
0
0
0
160
163
192
0
0
0
0
0
80
178
192
0
0
0
0
0
16
137
192
0
0
0
0
0
51
178
192
0
0
0
0
0
72
144
64
0
0
0
0
0
176
174
192
0
0
0
0
0
112
165
64
0
0
0
0
0
78
164
192
0
0
0
0
0
148
175
64
0
0
0
0
0
64
139
192
0
0
0
0
0
131
178
64
0
0
0
0
0
16
143
64
0
0
0
0
0
116
178
64
0
0
0
0
0
54
165
64
0
0
0
0
0
60
175
64
0
0
0
0
0
126
175
64
0
0
0
0
0
222
164
64
0
0
0
0
0
136
178
64
0
0
0
0
0
120
141
64
0
0
0
0
0
139
178
64
0
0
0
0
0
240
140
192
0
0
0
0
0
148
175
64
0
0
0
0
0
194
164
192
0
0
0
0
0
88
165
64
0
0
0
0
0
50
175
192
0
0
0
0
0
152
143
64
0
0
0
0
0
127
178
192
0
0
0
0
0
8
139
192
0
0
0
0
0
163
178
192
0
0
0
0
0
120
164
192
0
0
0
0
0
250
175
192
0
0
0
0
0
50
175
192
0
0
0
0
0
216
165
192
0
0
0
0
0
166
178
192
0
0
0
0
0
180
144
192
0
0
0
0
0
233
178
192
0
0
0
0
0
16
138
64
0
0
0
0
0
82
176
192
0
0
0
0
0
134
164
64
0
0
0
0
0
120
166
192
0
0
0
0
0
140
175
64
0
0
0
0
0
160
145
192
0
0
0
0
0
242
178
64
0
0
0
0
0
40
137
64
0
0
0
0
0
70
179
64
0
0
0
0
0
136
164
64
0
0
0
0
0
177
176
64
0
0
0
0
0
194
175
64
0
0
0
0
0
38
167
64
0
0
0
0
0
30
179
64
0
0
0
0
0
196
146
64
0
0
0
0
0
126
179
64
0
0
0
0
0
80
135
192
0
0
0
0
0
241
176
64
0
0
0
0
0
48
164
192
0
0
0
0
0
180
167
64
0
0
0
0
0
138
175
192
0
0
0
0
0
240
147
64
0
0
0
0
0
22
179
192
0
0
0
0
0
16
133
192
0
0
0
0
0
141
179
192
0
0
0
0
0
188
163
192
0
0
0
0
0
23
177
192
0
0
0
0
0
66
175
192
0
0
0
0
0
34
168
192
0
0
0
0
0
17
179
192
0
0
0
0
0
228
148
192
0
0
0
0
0
168
179
192
0
0
0
0
0
104
131
64
0
0
0
0
0
75
177
192
0
0
0
0
0
124
163
64
0
0
0
0
0
164
168
192
0
0
0
0
0
68
175
64
0
0
0
0
0
224
149
192
0
0
0
0
0
51
179
64
0
0
0
0
0
0
130
64
0
0
0
0
0
231
179
64
0
0
0
0
0
88
163
64
0
0
0
0
0
156
177
64
0
0
0
0
0
94
175
64
0
0
0
0
0
78
169
64
0
0
0
0
0
94
179
64
0
0
0
0
0
12
151
64
0
0
0
0
0
39
180
64
0
0
0
0
0
80
128
192
0
0
0
0
0
229
177
64
0
0
0
0
0
34
163
192
0
0
0
0
0
218
169
64
0
0
0
0
0
92
175
192
0
0
0
0
0
232
151
64
0
0
0
0
0
114
179
192
0
0
0
0
0
96
126
192
0
0
0
0
0
68
180
192
0
0
0
0
0
2
163
192
0
0
0
0
0
3
178
192
0
0
0
0
0
90
175
192
0
0
0
0
0
4
170
192
0
0
0
0
0
120
179
192
0
0
0
0
0
16
152
192
0
0
0
0
0
75
180
192
0
0
0
0
0
128
126
64
0
0
0
0
0
6
178
192
0
0
0
0
0
20
163
64
0
0
0
0
0
2
170
192
0
0
0
0
0
116
175
64
0
0
0
0
0
252
151
192
0
0
0
0
0
134
179
64
0
0
0
0
0
224
126
64
0
0
0
0
0
92
180
64
0
0
0
0
0
38
163
64
0
0
0
0
0
26
178
64
0
0
0
0
0
148
175
64
0
0
0
0
0
50
170
64
0
0
0
0
0
162
179
64
0
0
0
0
0
96
152
64
0
0
0
0
0
134
180
64
0
0
0
0
0
192
125
192
0
0
0
0
0
79
178
64
0
0
0
0
0
38
163
192
0
0
0
0
0
154
170
64
0
0
0
0
0
198
175
192
0
0
0
0
0
248
152
64
0
0
0
0
0
211
179
192
0
0
0
0
0
48
125
192
0
0
0
0
0
198
180
192
0
0
0
0
0
88
163
192
0
0
0
0
0
142
178
192
0
0
0
0
0
25
176
192
0
0
0
0
0
244
170
192
0
0
0
0
0
26
180
192
0
0
0
0
0
44
153
192
0
0
0
0
0
11
181
192
0
0
0
0
0
112
126
64
0
0
0
0
0
195
178
192
0
0
0
0
0
180
163
64
0
0
0
0
0
48
171
192
0
0
0
0
0
85
176
64
0
0
0
0
0
76
153
192
0
0
0
0
0
85
180
64
0
0
0
0
0
192
126
64
0
0
0
0
0
63
181
64
0
0
0
0
0
200
163
64
0
0
0
0
0
239
178
64
0
0
0
0
0
93
176
64
0
0
0
0
0
132
171
64
0
0
0
0
0
96
180
64
0
0
0
0
0
20
154
64
0
0
0
0
0
84
181
64
0
0
0
0
0
16
123
192
0
0
0
0
0
25
179
64
0
0
0
0
0
70
163
192
0
0
0
0
0
18
172
64
0
0
0
0
0
36
176
192
0
0
0
0
0
148
155
64
0
0
0
0
0
62
180
192
0
0
0
0
0
48
116
192
0
0
0
0
0
88
181
192
0
0
0
0
0
116
162
192
0
0
0
0
0
74
179
192
0
0
0
0
0
170
175
192
0
0
0
0
0
198
172
192
0
0
0
0
0
26
180
192
0
0
0
0
0
108
157
192
0
0
0
0
0
104
181
192
0
0
0
0
0
128
104
64
0
0
0
0
0
144
179
192
0
0
0
0
0
146
161
64
0
0
0
0
0
170
173
192
0
0
0
0
0
12
175
64
0
0
0
0
0
164
159
192
0
0
0
0
0
254
179
64
0
0
0
0
0
0
73
64
0
0
0
0
0
135
181
64
0
0
0
0
0
154
160
64
0
0
0
0
0
229
179
64
0
0
0
0
0
112
174
64
0
0
0
0
0
154
174
64
0
0
0
0
0
231
179
64
0
0
0
0
0
202
160
64
0
0
0
0
0
157
181
64
0
0
0
0
0
0
70
64
0
0
0
0
0
8
180
64
0
0
0
0
0
64
160
192
0
0
0
0
0
182
174
64
0
0
0
0
0
106
174
192
0
0
0
0
0
144
160
64
0
0
0
0
0
242
179
192
0
0
0
0
0
0
56
192
0
0
0
0
0
147
181
192
0
0
0
0
0
230
160
192
0
0
0
0
0
210
179
192
0
0
0
0
0
240
174
192
0
0
0
0
0
232
173
192
0
0
0
0
0
9
180
192
0
0
0
0
0
248
158
192
0
0
0
0
0
111
181
192
0
0
0
0
0
96
101
64
0
0
0
0
0
116
179
192
0
0
0
0
0
224
161
64
0
0
0
0
0
220
172
192
0
0
0
0
0
140
175
64
0
0
0
0
0
176
156
192
0
0
0
0
0
30
180
64
0
0
0
0
0
192
114
64
0
0
0
0
0
79
181
64
0
0
0
0
0
160
162
64
0
0
0
0
0
49
179
64
0
0
0
0
0
250
175
64
0
0
0
0
0
56
172
64
0
0
0
0
0
49
180
64
0
0
0
0
0
116
155
64
0
0
0
0
0
71
181
64
0
0
0
0
0
0
119
192
0
0
0
0
0
23
179
64
0
0
0
0
0
8
163
192
0
0
0
0
0
234
171
64
0
0
0
0
0
33
176
192
0
0
0
0
0
172
154
64
0
0
0
0
0
65
180
192
0
0
0
0
0
128
122
192
0
0
0
0
0
62
181
192
0
0
0
0
0
110
163
192
0
0
0
0
0
238
178
192
0
0
0
0
0
62
176
192
0
0
0
0
0
92
171
192
0
0
0
0
0
53
180
192
0
0
0
0
0
68
153
192
0
0
0
0
0
0
181
192
0
0
0
0
0
160
127
64
0
0
0
0
0
133
178
192
0
0
0
0
0
198
163
64
0
0
0
0
0
104
170
192
0
0
0
0
0
44
176
64
0
0
0
0
0
188
151
192
0
0
0
0
0
226
179
64
0
0
0
0
0
16
129
64
0
0
0
0
0
127
180
64
0
0
0
0
0
120
163
64
0
0
0
0
0
255
177
64
0
0
0
0
0
124
175
64
0
0
0
0
0
170
169
64
0
0
0
0
0
76
179
64
0
0
0
0
0
100
151
64
0
0
0
0
0
239
179
64
0
0
0
0
0
64
126
192
0
0
0
0
0
160
177
64
0
0
0
0
0
122
162
192
0
0
0
0
0
126
169
64
0
0
0
0
0
68
174
192
0
0
0
0
0
40
152
64
0
0
0
0
0
190
178
192
0
0
0
0
0
32
120
192
0
0
0
0
0
142
179
192
0
0
0
0
0
150
161
192
0
0
0
0
0
118
177
192
0
0
0
0
0
120
173
192
0
0
0
0
0
138
169
192
0
0
0
0
0
115
178
192
0
0
0
0
0
184
152
192
0
0
0
0
0
96
179
192
0
0
0
0
0
48
117
64
0
0
0
0
0
95
177
192
0
0
0
0
0
54
161
64
0
0
0
0
0
128
169
192
0
0
0
0
0
28
173
64
0
0
0
0
0
232
152
192
0
0
0
0
0
71
178
64
0
0
0
0
0
32
115
64
0
0
0
0
0
56
179
64
0
0
0
0
0
196
160
64
0
0
0
0
0
70
177
64
0
0
0
0
0
132
172
64
0
0
0
0
0
134
169
64
0
0
0
0
0
244
177
64
0
0
0
0
0
144
153
64
0
0
0
0
0
243
178
64
0
0
0
0
0
192
107
192
0
0
0
0
0
35
177
64
0
0
0
0
0
176
159
192
0
0
0
0
0
158
169
64
0
0
0
0
0
122
171
192
0
0
0
0
0
132
154
64
0
0
0
0
0
119
177
192
0
0
0
0
0
64
94
192
0
0
0
0
0
146
178
192
0
0
0
0
0
192
157
192
0
0
0
0
0
232
176
192
0
0
0
0
0
116
170
192
0
0
0
0
0
124
169
192
0
0
0
0
0
253
176
192
0
0
0
0
0
224
154
192
0
0
0
0
0
44
178
192
0
0
0
0
0
0
80
64
0
0
0
0
0
161
176
192
0
0
0
0
0
108
156
64
0
0
0
0
0
66
169
192
0
0
0
0
0
172
169
64
0
0
0
0
0
44
155
192
0
0
0
0
0
155
176
64
0
0
0
0
0
0
0
192
0
0
0
0
0
228
177
64
0
0
0
0
0
228
154
64
0
0
0
0
0
138
176
64
0
0
0
0
0
220
168
64
0
0
0
0
0
146
169
64
0
0
0
0
0
80
176
64
0
0
0
0
0
192
156
64
0
0
0
0
0
212
177
64
0
0
0
0
0
224
97
64
0
0
0
0
0
196
176
64
0
0
0
0
0
160
152
192
0
0
0
0
0
136
170
64
0
0
0
0
0
2
168
192
0
0
0
0
0
68
159
64
0
0
0
0
0
35
176
192
0
0
0
0
0
240
114
64
0
0
0
0
0
238
177
192
0
0
0
0
0
176
150
192
0
0
0
0
0
22
177
192
0
0
0
0
0
114
167
192
0
0
0
0
0
98
171
192
0
0
0
0
0
13
176
192
0
0
0
0
0
120
160
192
0
0
0
0
0
249
177
192
0
0
0
0
0
96
120
192
0
0
0
0
0
48
177
192
0
0
0
0
0
172
149
64
0
0
0
0
0
160
171
192
0
0
0
0
0
12
167
64
0
0
0
0
0
196
160
192
0
0
0
0
0
188
175
64
0
0
0
0
0
224
123
192
0
0
0
0
0
206
177
64
0
0
0
0
0
104
148
64
0
0
0
0
0
22
177
64
0
0
0
0
0
64
166
64
0
0
0
0
0
182
171
64
0
0
0
0
0
240
174
64
0
0
0
0
0
64
161
64
0
0
0
0
0
134
177
64
0
0
0
0
0
104
129
64
0
0
0
0
0
5
177
64
0
0
0
0
0
52
146
192
0
0
0
0
0
20
172
64
0
0
0
0
0
46
165
192
0
0
0
0
0
6
162
64
0
0
0
0
0
42
174
192
0
0
0
0
0
56
133
64
0
0
0
0
0
92
177
192
0
0
0
0
0
124
144
192
0
0
0
0
0
18
177
192
0
0
0
0
0
158
164
192
0
0
0
0
0
118
172
192
0
0
0
0
0
240
173
192
0
0
0
0
0
118
162
192
0
0
0
0
0
98
177
192
0
0
0
0
0
120
134
192
0
0
0
0
0
39
177
192
0
0
0
0
0
72
144
64
0
0
0
0
0
154
172
192
0
0
0
0
0
178
164
64
0
0
0
0
0
134
162
192
0
0
0
0
0
26
174
64
0
0
0
0
0
112
134
192
0
0
0
0
0
119
177
64
0
0
0
0
0
72
144
64
0
0
0
0
0
57
177
64
0
0
0
0
0
160
164
64
0
0
0
0
0
194
172
64
0
0
0
0
0
246
173
64
0
0
0
0
0
196
162
64
0
0
0
0
0
99
177
64
0
0
0
0
0
24
136
64
0
0
0
0
0
48
177
64
0
0
0
0
0
40
142
192
0
0
0
0
0
220
172
64
0
0
0
0
0
224
163
192
0
0
0
0
0
26
163
64
0
0
0
0
0
36
173
192
0
0
0
0
0
112
138
64
0
0
0
0
0
251
176
192
0
0
0
0
0
200
138
192
0
0
0
0
0
209
176
192
0
0
0
0
0
198
162
192
0
0
0
0
0
72
172
192
0
0
0
0
0
208
171
192
0
0
0
0
0
206
162
192
0
0
0
0
0
61
176
192
0
0
0
0
0
216
138
192
0
0
0
0
0
23
176
192
0
0
0
0
0
88
136
64
0
0
0
0
0
28
171
192
0
0
0
0
0
168
161
64
0
0
0
0
0
42
162
192
0
0
0
0
0
82
170
64
0
0
0
0
0
40
139
192
0
0
0
0
0
234
174
64
0
0
0
0
0
72
133
64
0
0
0
0
0
238
174
64
0
0
0
0
0
110
160
64
0
0
0
0
0
128
170
64
0
0
0
0
0
10
169
64
0
0
0
0
0
90
162
64
0
0
0
0
0
0
174
64
0
0
0
0
0
176
142
64
0
0
0
0
0
174
174
64
0
0
0
0
0
56
128
192
0
0
0
0
0
250
170
64
0
0
0
0
0
100
158
192
0
0
0
0
0
96
163
64
0
0
0
0
0
46
168
192
0
0
0
0
0
220
145
64
0
0
0
0
0
176
173
192
0
0
0
0
0
240
118
192
0
0
0
0
0
216
174
192
0
0
0
0
0
120
156
192
0
0
0
0
0
112
171
192
0
0
0
0
0
114
167
192
0
0
0
0
0
240
163
192
0
0
0
0
0
14
173
192
0
0
0
0
0
12
147
192
0
0
0
0
0
60
174
192
0
0
0
0
0
80
113
64
0
0
0
0
0
226
170
192
0
0
0
0
0
152
154
64
0
0
0
0
0
164
163
192
0
0
0
0
0
46
166
64
0
0
0
0
0
124
147
192
0
0
0
0
0
148
171
64
0
0
0
0
0
0
100
64
0
0
0
0
0
216
172
64
0
0
0
0
0
120
151
64
0
0
0
0
0
0
170
64
0
0
0
0
0
76
164
64
0
0
0
0
0
156
163
64
0
0
0
0
0
218
169
64
0
0
0
0
0
84
149
64
0
0
0
0
0
200
171
64
0
0
0
0
0
0
76
64
0
0
0
0
0
232
169
64
0
0
0
0
0
124
147
192
0
0
0
0
0
124
164
64
0
0
0
0
0
136
162
192
0
0
0
0
0
120
152
64
0
0
0
0
0
198
168
192
0
0
0
0
0
192
113
64
0
0
0
0
0
150
171
192
0
0
0
0
0
96
144
192
0
0
0
0
0
130
170
192
0
0
0
0
0
134
161
192
0
0
0
0
0
158
165
192
0
0
0
0
0
104
168
192
0
0
0
0
0
20
155
192
0
0
0
0
0
198
171
192
0
0
0
0
0
96
123
192
0
0
0
0
0
24
171
192
0
0
0
0
0
8
141
64
0
0
0
0
0
112
166
192
0
0
0
0
0
234
160
64
0
0
0
0
0
0
157
192
0
0
0
0
0
26
168
64
0
0
0
0
0
224
129
192
0
0
0
0
0
202
171
64
0
0
0
0
0
184
136
64
0
0
0
0
0
118
171
64
0
0
0
0
0
204
159
64
0
0
0
0
0
52
167
64
0
0
0
0
0
82
167
64
0
0
0
0
0
88
159
64
0
0
0
0
0
102
171
64
0
0
0
0
0
208
135
64
0
0
0
0
0
148
171
64
0
0
0
0
0
48
130
192
0
0
0
0
0
220
167
64
0
0
0
0
0
176
156
192
0
0
0
0
0
200
160
64
0
0
0
0
0
8
166
192
0
0
0
0
0
128
141
64
0
0
0
0
0
132
170
192
0
0
0
0
0
0
120
192
0
0
0
0
0
42
171
192
0
0
0
0
0
168
153
192
0
0
0
0
0
236
167
192
0
0
0
0
0
186
164
192
0
0
0
0
0
68
161
192
0
0
0
0
0
150
169
192
0
0
0
0
0
100
144
192
0
0
0
0
0
190
170
192
0
0
0
0
0
48
112
64
0
0
0
0
0
18
168
192
0
0
0
0
0
228
151
64
0
0
0
0
0
238
161
192
0
0
0
0
0
62
164
64
0
0
0
0
0
60
146
192
0
0
0
0
0
194
169
64
0
0
0
0
0
160
99
64
0
0
0
0
0
178
171
64
0
0
0
0
0
112
151
64
0
0
0
0
0
170
169
64
0
0
0
0
0
230
164
64
0
0
0
0
0
200
163
64
0
0
0
0
0
88
171
64
0
0
0
0
0
108
149
64
0
0
0
0
0
240
173
64
0
0
0
0
0
128
71
192
0
0
0
0
0
18
172
64
0
0
0
0
0
172
151
192
0
0
0
0
0
204
165
64
0
0
0
0
0
224
165
192
0
0
0
0
0
240
151
64
0
0
0
0
0
200
172
192
0
0
0
0
0
0
42
64
0
0
0
0
0
78
175
192
0
0
0
0
0
180
151
192
0
0
0
0
0
242
172
192
0
0
0
0
0
232
165
192
0
0
0
0
0
24
166
192
0
0
0
0
0
110
172
192
0
0
0
0
0
216
151
192
0
0
0
0
0
120
174
192
0
0
0
0
0
0
50
192
0
0
0
0
0
220
171
192
0
0
0
0
0
180
150
64
0
0
0
0
0
48
165
192
0
0
0
0
0
218
164
64
0
0
0
0
0
44
151
192
0
0
0
0
0
18
171
64
0
0
0
0
0
64
80
192
0
0
0
0
0
70
173
64
0
0
0
0
0
20
149
64
0
0
0
0
0
74
171
64
0
0
0
0
0
26
164
64
0
0
0
0
0
112
165
64
0
0
0
0
0
234
170
64
0
0
0
0
0
232
152
64
0
0
0
0
0
2
174
64
0
0
0
0
0
160
103
64
0
0
0
0
0
206
172
64
0
0
0
0
0
32
148
192
0
0
0
0
0
70
167
64
0
0
0
0
0
132
164
192
0
0
0
0
0
0
156
64
0
0
0
0
0
62
172
192
0
0
0
0
0
0
114
64
0
0
0
0
0
226
175
192
0
0
0
0
0
96
148
192
0
0
0
0
0
168
174
192
0
0
0
0
0
76
165
192
0
0
0
0
0
150
168
192
0
0
0
0
0
46
173
192
0
0
0
0
0
32
157
192
0
0
0
0
0
61
176
192
0
0
0
0
0
176
113
192
0
0
0
0
0
166
174
192
0
0
0
0
0
208
148
64
0
0
0
0
0
16
168
192
0
0
0
0
0
50
165
64
0
0
0
0
0
208
155
192
0
0
0
0
0
118
172
64
0
0
0
0
0
160
110
192
0
0
0
0
0
44
175
64
0
0
0
0
0
248
147
64
0
0
0
0
0
24
173
64
0
0
0
0
0
252
163
64
0
0
0
0
0
190
166
64
0
0
0
0
0
178
170
64
0
0
0
0
0
128
154
64
0
0
0
0
0
72
173
64
0
0
0
0
0
16
113
64
0
0
0
0
0
136
171
64
0
0
0
0
0
232
145
192
0
0
0
0
0
214
165
64
0
0
0
0
0
110
162
192
0
0
0
0
0
56
154
64
0
0
0
0
0
0
169
192
0
0
0
0
0
128
117
64
0
0
0
0
0
202
171
192
0
0
0
0
0
176
143
192
0
0
0
0
0
124
170
192
0
0
0
0
0
48
161
192
0
0
0
0
0
90
165
192
0
0
0
0
0
206
167
192
0
0
0
0
0
96
154
192
0
0
0
0
0
224
170
192
0
0
0
0
0
208
121
192
0
0
0
0
0
6
170
192
0
0
0
0
0
104
140
64
0
0
0
0
0
110
165
192
0
0
0
0
0
82
160
64
0
0
0
0
0
144
155
192
0
0
0
0
0
38
167
64
0
0
0
0
0
184
128
192
0
0
0
0
0
170
170
64
0
0
0
0
0
24
136
64
0
0
0
0
0
98
170
64
0
0
0
0
0
204
158
64
0
0
0
0
0
92
166
64
0
0
0
0
0
156
166
64
0
0
0
0
0
72
158
64
0
0
0
0
0
156
170
64
0
0
0
0
0
8
135
64
0
0
0
0
0
204
170
64
0
0
0
0
0
168
129
192
0
0
0
0
0
42
167
64
0
0
0
0
0
192
155
192
0
0
0
0
0
70
160
64
0
0
0
0
0
50
165
192
0
0
0
0
0
240
140
64
0
0
0
0
0
82
169
192
0
0
0
0
0
48
116
192
0
0
0
0
0
182
169
192
0
0
0
0
0
0
0
0
0
0
0
0
0
0
0
0
0
0
0
0
0
0
0
0
0
0
0
0
0
0
0
0
0
0
0
0
0
0
0
0
0
0
0
0
0
0
0
0
0
0
0
0
0
0
0
0
0
0
0
0
0
0
0
0
0
0
0
0
0
0
0
0
0
0
0
0
0
0
0
0
0
0
0
0
0
0
0
0
0
0
0
0
0
0
0
0
0
0
0
0
0
0
0
0
0
0
0
0
0
0
0
0
0
0
0
0
0
0
0
0
0
0
0
0
0
0
0
0
0
0
0
0
0
0
0
0
0
0
0
0
0
0
0
0
0
0
0
0
0
0
0
0
0
0
0
0
0
0
0
0
0
0
0
0
0
0
0
0
0
0
0
0
0
0
0
0
0
0
0
0
0
0
0
0
0
0
0
0
0
0
0
0
0
0
0
0
0
0
0
0
0
0
0
0
0
0
0
0
0
0
0
0
0
0
0
0
0
0
0
0
0
0
0
0
0
0
0
0
0
0
0
0
0
0
0
0
0
0
0
0
0
0
0
0
0
0
0
0
0
0
0
0
0
0
0
0
0
0
0
0
0
0
0
0
0
0
0
0
0
0
0
0
0
0
0
0
0
0
0
0
0
0
0
0
0
0
0
0
0
0
0
0
0
0
0
0
0
0
0
0
0
0
0
0
0
0
0
0
0
0
0
0
0
0
0
0
0
0
0
0
0
0
0
0
0
0
0
0
0
0
0
0
0
0
0
0
0
0
0
0
0
0
0
0
0
0
0
0
0
0
0
0
0
0
0
0
0
0
0
0
0
0
0
0
0
0
0
0
0
0
0
0
0
0
0
0
0
0
0
0
0
0
0
0
0
0
0
0
0
0
0
0
0
0
0
0
0
0
0
0
0
0
0
0
0
0
0
0
0
0
0
0
0
0
0
0
0
0
0
0
0
0
0
0
0
0
0
0
0
0
0
0
0
0
0
0
0
0
0
0
0
0
0
0
0
0
0
0
0
0
0
0
0
0
0
0
0
0
0
0
0
0
0
0
0
0
0
0
0
0
0
0
0
0
0
0
0
0
0
0
0
0
0
0
0
0
0
0
0
0
0
0
0
0
0
0
0
0
0
0
0
0
0
0
0
0
0
0
0
0
0
0
0
0
0
0
0
0
0
0
0
0
0
0
0
0
0
0
0
0
0
0
0
0
0
0
0
0
0
0
0
0
0
0
0
0
0
0
0
0
0
0
0
0
0
0
0
0
0
0
0
0
0
0
0
0
0
0
0
0
0
0
0
0
0
0
0
0
0
0
0
0
0
0
0
0
0
0
0
0
0
0
0
0
0
0
0
0
0
0
0
0
0
0
0
0
0
0
0
0
0
0
0
0
0
0
0
0
0
0
0
0
0
0
0
0
0
0
0
0
0
0
0
0
0
0
0
0
0
0
0
0
0
0
0
0
0
0
0
0
0
0
0
0
0
0
0
0
0
0
0
0
0
0
0
0
0
0
0
0
0
0
0
0
0
0
0
0
0
0
0
0
0
0
0
0
0
0
0
0
0
0
0
0
0
0
0
0
0
0
0
0
0
0
0
0
0
0
0
0
0
0
0
0
0
0
0
0
0
0
0
0
0
0
0
0
0
0
0
0
0
0
0
0
0
0
0
0
0
0
0
0
0
0
0
0
0
0
0
0
0
0
0
0
0
0
0
0
0
0
0
0
0
0
0
0
0
0
0
0
0
0
0
0
0
0
0
0
0
0
0
0
0
0
0
0
0
0
0
0
0
0
0
0
0
0
0
0
0
0
0
0
0
0
0
0
0
0
0
0
0
0
0
0
0
0
0
0
0
0
0
0
0
0
0
0
0
0
0
0
0
0
0
0
0
0
0
0
0
0
0
0
0
0
0
0
0
0
0
0
0
0
0
0
0
0
0
0
0
0
0
0
0
0
0
0
0
0
0
0
0
0
0
0
0
0
0
0
0
0
0
0
0
0
0
0
0
0
0
0
0
0
0
0
0
0
0
0
0
0
0
0
0
0
0
0
0
0
0
0
0
0
0
0
0
0
0
0
0
0
0
0
0
0
0
0
0
0
0
0
0
0
0
0
0
0
0
0
0
0
0
0
0
0
0
0
0
0
0
0
0
0
0
0
0
0
0
0
0
0
0
0
0
0
0
0
0
0
0
0
0
0
0
0
0
0
0
0
0
0
0
0
0
0
0
0
0
0
0
0
0
0
0
0
0
0
0
0
0
0
0
0
0
0
0
0
0
0
0
0
0
0
0
0
0
0
0
0
0
0
0
0
0
0
0
0
0
0
0
0
0
0
0
0
0
0
0
0
0
0
0
0
0
0
0
0
0
0
0
0
0
0
0
0
0
0
0
0
0
0
0
0
0
0
0
0
0
0
0
0
0
0
0
0
0
0
0
0
0
0
0
0
0
0
0
0
0
0
0
0
0
0
0
0
0
0
0
0
0
0
0
0
0
0
0
0
0
0
0
0
0
0
0
0
0
0
0
0
0
0
0
0
0
0
0
0
0
0
0
0
0
0
0
0
0
0
0
0
0
0
0
0
0
0
0
0
0
0
0
0
0
0
0
0
0
0
0
0
0
0
0
0
0
0
0
0
0
0
0
0
0
0
0
0
0
0
0
0
0
0
0
0
0
0
0
0
0
0
0
0
0
0
0
0
0
0
0
0
0
0
0
0
0
0
0
0
0
0
0
0
0
0
0
0
0
0
0
0
0
0
0
0
0
0
0
0
0
0
0
0
0