58
70
65
67
84
58
67
68
65
84
49
56
58
68
65
84
65
32
35
57
48
48
48
48
48
54
57
51
54
0
176
154
192
0
0
0
0
0
249
176
64
0
0
0
0
0
128
78
64
0
0
0
0
0
48
178
64
0
0
0
0
0
68
156
64
0
0
0
0
0
185
176
64
0
0
0
0
0
164
169
64
0
0
0
0
0
164
169
64
0
0
0
0
0
175
176
64
0
0
0
0
0
68
156
64
0
0
0
0
0
31
178
64
0
0
0
0
0
0
83
64
0
0
0
0
0
238
176
64
0
0
0
0
0
16
154
192
0
0
0
0
0
140
170
64
0
0
0
0
0
206
168
192
0
0
0
0
0
168
158
64
0
0
0
0
0
130
176
192
0
0
0
0
0
160
108
64
0
0
0
0
0
55
178
192
0
0
0
0
0
48
152
192
0
0
0
0
0
63
177
192
0
0
0
0
0
70
168
192
0
0
0
0
0
104
171
192
0
0
0
0
0
113
176
192
0
0
0
0
0
48
160
192
0
0
0
0
0
75
178
192
0
0
0
0
0
0
116
192
0
0
0
0
0
100
177
192
0
0
0
0
0
40
151
64
0
0
0
0
0
190
171
192
0
0
0
0
0
228
167
64
0
0
0
0
0
146
160
192
0
0
0
0
0
73
176
64
0
0
0
0
0
224
119
192
0
0
0
0
0
40
178
64
0
0
0
0
0
220
149
64
0
0
0
0
0
81
177
64
0
0
0
0
0
28
167
64
0
0
0
0
0
218
171
64
0
0
0
0
0
198
175
64
0
0
0
0
0
10
161
64
0
0
0
0
0
222
177
64
0
0
0
0
0
160
126
64
0
0
0
0
0
57
177
64
0
0
0
0
0
180
147
192
0
0
0
0
0
38
172
64
0
0
0
0
0
8
166
192
0
0
0
0
0
192
161
64
0
0
0
0
0
246
174
192
0
0
0
0
0
248
130
64
0
0
0
0
0
172
177
192
0
0
0
0
0
0
146
192
0
0
0
0
0
65
177
192
0
0
0
0
0
116
165
192
0
0
0
0
0
134
172
192
0
0
0
0
0
192
174
192
0
0
0
0
0
56
162
192
0
0
0
0
0
184
177
192
0
0
0
0
0
96
132
192
0
0
0
0
0
97
177
192
0
0
0
0
0
192
145
64
0
0
0
0
0
196
172
192
0
0
0
0
0
140
165
64
0
0
0
0
0
94
162
192
0
0
0
0
0
248
174
64
0
0
0
0
0
152
132
192
0
0
0
0
0
216
177
64
0
0
0
0
0
188
145
64
0
0
0
0
0
126
177
64
0
0
0
0
0
130
165
64
0
0
0
0
0
250
172
64
0
0
0
0
0
224
174
64
0
0
0
0
0
160
162
64
0
0
0
0
0
199
177
64
0
0
0
0
0
32
134
64
0
0
0
0
0
114
177
64
0
0
0
0
0
156
144
192
0
0
0
0
0
6
173
64
0
0
0
0
0
202
164
192
0
0
0
0
0
226
162
64
0
0
0
0
0
10
174
192
0
0
0
0
0
48
136
64
0
0
0
0
0
89
177
192
0
0
0
0
0
248
141
192
0
0
0
0
0
12
177
192
0
0
0
0
0
176
163
192
0
0
0
0
0
104
172
192
0
0
0
0
0
176
172
192
0
0
0
0
0
148
162
192
0
0
0
0
0
155
176
192
0
0
0
0
0
192
136
192
0
0
0
0
0
86
176
192
0
0
0
0
0
88
139
64
0
0
0
0
0
76
171
192
0
0
0
0
0
134
162
64
0
0
0
0
0
8
162
192
0
0
0
0
0
50
171
64
0
0
0
0
0
96
137
192
0
0
0
0
0
172
175
64
0
0
0
0
0
0
136
64
0
0
0
0
0
118
175
64
0
0
0
0
0
66
161
64
0
0
0
0
0
188
170
64
0
0
0
0
0
226
169
64
0
0
0
0
0
64
162
64
0
0
0
0
0
188
174
64
0
0
0
0
0
8
141
64
0
0
0
0
0
46
175
64
0
0
0
0
0
216
130
192
0
0
0
0
0
44
171
64
0
0
0
0
0
252
159
192
0
0
0
0
0
64
163
64
0
0
0
0
0
252
168
192
0
0
0
0
0
4
145
64
0
0
0
0
0
98
174
192
0
0
0
0
0
32
124
192
0
0
0
0
0
86
175
192
0
0
0
0
0
16
158
192
0
0
0
0
0
168
171
192
0
0
0
0
0
70
168
192
0
0
0
0
0
220
163
192
0
0
0
0
0
210
173
192
0
0
0
0
0
80
146
192
0
0
0
0
0
212
174
192
0
0
0
0
0
80
118
64
0
0
0
0
0
56
171
192
0
0
0
0
0
52
156
64
0
0
0
0
0
172
163
192
0
0
0
0
0
18
167
64
0
0
0
0
0
232
146
192
0
0
0
0
0
108
172
64
0
0
0
0
0
96
109
64
0
0
0
0
0
132
173
64
0
0
0
0
0
12
153
64
0
0
0
0
0
100
170
64
0
0
0
0
0
38
165
64
0
0
0
0
0
170
163
64
0
0
0
0
0
166
170
64
0
0
0
0
0
200
148
64
0
0
0
0
0
100
172
64
0
0
0
0
0
0
46
192
0
0
0
0
0
60
170
64
0
0
0
0
0
240
148
192
0
0
0
0
0
130
164
64
0
0
0
0
0
80
163
192
0
0
0
0
0
236
151
64
0
0
0
0
0
128
169
192
0
0
0
0
0
64
107
64
0
0
0
0
0
40
172
192
0
0
0
0
0
196
145
192
0
0
0
0
0
220
170
192
0
0
0
0
0
80
162
192
0
0
0
0
0
180
165
192
0
0
0
0
0
50
169
192
0
0
0
0
0
180
154
192
0
0
0
0
0
122
172
192
0
0
0
0
0
176
119
192
0
0
0
0
0
156
171
192
0
0
0
0
0
216
143
64
0
0
0
0
0
174
166
192
0
0
0
0
0
198
161
64
0
0
0
0
0
216
156
192
0
0
0
0
0
6
169
64
0
0
0
0
0
48
128
192
0
0
0
0
0
162
172
64
0
0
0
0
0
144
139
64
0
0
0
0
0
24
172
64
0
0
0
0
0
206
160
64
0
0
0
0
0
134
167
64
0
0
0
0
0
68
168
64
0
0
0
0
0
56
159
64
0
0
0
0
0
60
172
64
0
0
0
0
0
40
134
64
0
0
0
0
0
44
172
64
0
0
0
0
0
0
133
192
0
0
0
0
0
30
168
64
0
0
0
0
0
104
158
192
0
0
0
0
0
174
160
64
0
0
0
0
0
232
166
192
0
0
0
0
0
200
139
64
0
0
0
0
0
72
171
192
0
0
0
0
0
112
125
192
0
0
0
0
0
184
171
192
0
0
0
0
0
88
155
192
0
0
0
0
0
46
168
192
0
0
0
0
0
158
165
192
0
0
0
0
0
52
161
192
0
0
0
0
0
102
170
192
0
0
0
0
0
56
143
192
0
0
0
0
0
98
171
192
0
0
0
0
0
128
117
64
0
0
0
0
0
112
168
192
0
0
0
0
0
160
153
64
0
0
0
0
0
246
161
192
0
0
0
0
0
50
165
64
0
0
0
0
0
148
145
192
0
0
0
0
0
172
170
64
0
0
0
0
0
0
110
64
0
0
0
0
0
112
172
64
0
0
0
0
0
56
153
64
0
0
0
0
0
30
170
64
0
0
0
0
0
230
165
64
0
0
0
0
0
222
163
64
0
0
0
0
0
78
172
64
0
0
0
0
0
208
148
64
0
0
0
0
0
184
174
64
0
0
0
0
0
96
96
192
0
0
0
0
0
140
172
64
0
0
0
0
0
124
153
192
0
0
0
0
0
228
165
64
0
0
0
0
0
232
166
192
0
0
0
0
0
76
151
64
0
0
0
0
0
198
173
192
0
0
0
0
0
128
82
192
0
0
0
0
0
15
176
192
0
0
0
0
0
160
153
192
0
0
0
0
0
116
173
192
0
0
0
0
0
2
167
192
0
0
0
0
0
52
166
192
0
0
0
0
0
132
173
192
0
0
0
0
0
52
151
192
0
0
0
0
0
96
175
192
0
0
0
0
0
192
82
64
0
0
0
0
0
112
172
192
0
0
0
0
0
196
152
64
0
0
0
0
0
84
165
192
0
0
0
0
0
10
166
64
0
0
0
0
0
136
150
192
0
0
0
0
0
58
172
64
0
0
0
0
0
0
62
64
0
0
0
0
0
56
174
64
0
0
0
0
0
40
151
64
0
0
0
0
0
222
171
64
0
0
0
0
0
66
165
64
0
0
0
0
0
144
165
64
0
0
0
0
0
2
172
64
0
0
0
0
0
64
152
64
0
0
0
0
0
222
174
64
0
0
0
0
0
64
88
64
0
0
0
0
0
82
173
64
0
0
0
0
0
24
150
192
0
0
0
0
0
94
167
64
0
0
0
0
0
158
165
192
0
0
0
0
0
92
155
64
0
0
0
0
0
76
173
192
0
0
0
0
0
192
104
64
0
0
0
0
0
97
176
192
0
0
0
0
0
96
150
192
0
0
0
0
0
56
175
192
0
0
0
0
0
118
166
192
0
0
0
0
0
190
168
192
0
0
0
0
0
90
174
192
0
0
0
0
0
136
156
192
0
0
0
0
0
190
176
192
0
0
0
0
0
192
103
192
0
0
0
0
0
84
175
192
0
0
0
0
0
244
150
64
0
0
0
0
0
74
168
192
0
0
0
0
0
120
166
64
0
0
0
0
0
64
155
192
0
0
0
0
0
188
173
64
0
0
0
0
0
160
98
192
0
0
0
0
0
30
176
64
0
0
0
0
0
36
150
64
0
0
0
0
0
198
173
64
0
0
0
0
0
58
165
64
0
0
0
0
0
240
166
64
0
0
0
0
0
226
171
64
0
0
0
0
0
228
153
64
0
0
0
0
0
54
174
64
0
0
0
0
0
128
102
64
0
0
0
0
0
18
172
64
0
0
0
0
0
228
147
192
0
0
0
0
0
238
165
64
0
0
0
0
0
134
163
192
0
0
0
0
0
144
153
64
0
0
0
0
0
2
170
192
0
0
0
0
0
0
112
64
0
0
0
0
0
146
172
192
0
0
0
0
0
176
145
192
0
0
0
0
0
242
170
192
0
0
0
0
0
52
162
192
0
0
0
0
0
110
165
192
0
0
0
0
0
198
168
192
0
0
0
0
0
200
153
192
0
0
0
0
0
172
171
192
0
0
0
0
0
176
116
192
0
0
0
0
0
138
170
192
0
0
0
0
0
240
143
64
0
0
0
0
0
152
165
192
0
0
0
0
0
86
161
64
0
0
0
0
0
36
155
192
0
0
0
0
0
42
168
64
0
0
0
0
0
240
124
192
0
0
0
0
0
138
171
64
0
0
0
0
0
112
139
64
0
0
0
0
0
2
171
64
0
0
0
0
0
102
160
64
0
0
0
0
0
162
166
64
0
0
0
0
0
160
167
64
0
0
0
0
0
20
158
64
0
0
0
0
0
130
171
64
0
0
0
0
0
56
133
64
0
0
0
0
0
118
171
64
0
0
0
0
0
152
132
192
0
0
0
0
0
128
167
64
0
0
0
0
0
144
157
192
0
0
0
0
0
66
160
64
0
0
0
0
0
38
166
192
0
0
0
0
0
128
139
64
0
0
0
0
0
48
170
192
0
0
0
0
0
112
121
192
0
0
0
0
0
96
170
192
0
0
0
0
0
196
152
192
0
0
0
0
0
218
166
192
0
0
0
0
0
114
163
192
0
0
0
0
0
78
160
192
0
0
0
0
0
130
167
192
0
0
0
0
0
80
143
192
0
0
0
0
0
50
168
192
0
0
0
0
0
224
100
64
0
0
0
0
0
162
165
192
0
0
0
0
0
200
147
64
0
0
0
0
0
82
160
192
0
0
0
0
0
228
160
64
0
0
0
0
0
248
145
192
0
0
0
0
0
142
165
64
0
0
0
0
0
192
80
192
0
0
0
0
0
98
167
64
0
0
0
0
0
48
144
64
0
0
0
0
0
38
166
64
0
0
0
0
0
168
159
64
0
0
0
0
0
234
161
64
0
0
0
0
0
166
165
64
0
0
0
0
0
44
150
64
0
0
0
0
0
168
168
64
0
0
0
0
0
144
115
64
0
0
0
0
0
68
168
64
0
0
0
0
0
128
139
192
0
0
0
0
0
90
164
64
0
0
0
0
0
16
159
192
0
0
0
0
0
188
154
64
0
0
0
0
0
42
166
192
0
0
0
0
0
64
129
64
0
0
0
0
0
176
169
192
0
0
0
0
0
192
133
192
0
0
0
0
0
130
169
192
0
0
0
0
0
204
156
192
0
0
0
0
0
170
165
192
0
0
0
0
0
58
165
192
0
0
0
0
0
140
157
192
0
0
0
0
0
250
168
192
0
0
0
0
0
152
135
192
0
0
0
0
0
52
169
192
0
0
0
0
0
64
125
64
0
0
0
0
0
248
165
192
0
0
0
0
0
48
153
64
0
0
0
0
0
124
159
192
0
0
0
0
0
190
163
64
0
0
0
0
0
104
141
192
0
0
0
0
0
50
168
64
0
0
0
0
0
48
113
64
0
0
0
0
0
86
169
64
0
0
0
0
0
8
151
64
0
0
0
0
0
242
166
64
0
0
0
0
0
120
163
64
0
0
0
0
0
54
161
64
0
0
0
0
0
212
168
64
0
0
0
0
0
160
145
64
0
0
0
0
0
172
170
64
0
0
0
0
0
32
98
192
0
0
0
0
0
150
168
64
0
0
0
0
0
80
150
192
0
0
0
0
0
196
162
64
0
0
0
0
0
182
163
192
0
0
0
0
0
36
148
64
0
0
0
0
0
106
169
192
0
0
0
0
0
0
53
192
0
0
0
0
0
86
171
192
0
0
0
0
0
160
148
192
0
0
0
0
0
50
169
192
0
0
0
0
0
212
162
192
0
0
0
0
0
98
163
192
0
0
0
0
0
120
168
192
0
0
0
0
0
184
149
192
0
0
0
0
0
122
170
192
0
0
0
0
0
0
94
192
0
0
0
0
0
174
168
192
0
0
0
0
0
224
145
64
0
0
0
0
0
102
163
192
0
0
0
0
0
102
161
64
0
0
0
0
0
208
150
192
0
0
0
0
0
80
167
64
0
0
0
0
0
160
108
192
0
0
0
0
0
228
169
64
0
0
0
0
0
76
144
64
0
0
0
0
0
188
168
64
0
0
0
0
0
4
161
64
0
0
0
0
0
244
163
64
0
0
0
0
0
134
167
64
0
0
0
0
0
68
152
64
0
0
0
0
0
162
170
64
0
0
0
0
0
208
114
64
0
0
0
0
0
204
169
64
0
0
0
0
0
224
143
192
0
0
0
0
0
18
165
64
0
0
0
0
0
64
161
192
0
0
0
0
0
60
154
64
0
0
0
0
0
14
168
192
0
0
0
0
0
48
121
64
0
0
0
0
0
82
171
192
0
0
0
0
0
72
141
192
0
0
0
0
0
140
170
192
0
0
0
0
0
182
160
192
0
0
0
0
0
216
165
192
0
0
0
0
0
158
167
192
0
0
0
0
0
232
155
192
0
0
0
0
0
10
171
192
0
0
0
0
0
40
128
192
0
0
0
0
0
122
170
192
0
0
0
0
0
200
137
64
0
0
0
0
0
252
165
192
0
0
0
0
0
240
159
64
0
0
0
0
0
96
156
192
0
0
0
0
0
30
167
64
0
0
0
0
0
208
128
192
0
0
0
0
0
198
170
64
0
0
0
0
0
224
137
64
0
0
0
0
0
78
170
64
0
0
0
0
0
40
160
64
0
0
0
0
0
184
165
64
0
0
0
0
0
74
167
64
0
0
0
0
0
100
155
64
0
0
0
0
0
172
170
64
0
0
0
0
0
80
124
64
0
0
0
0
0
196
169
64
0
0
0
0
0
48
140
192
0
0
0
0
0
204
164
64
0
0
0
0
0
74
160
192
0
0
0
0
0
112
153
64
0
0
0
0
0
180
166
192
0
0
0
0
0
192
119
64
0
0
0
0
0
96
169
192
0
0
0
0
0
56
139
192
0
0
0
0
0
18
168
192
0
0
0
0
0
56
158
192
0
0
0
0
0
60
163
192
0
0
0
0
0
210
164
192
0
0
0
0
0
152
151
192
0
0
0
0
0
74
167
192
0
0
0
0
0
176
119
192
0
0
0
0
0
84
166
192
0
0
0
0
0
32
136
64
0
0
0
0
0
42
162
192
0
0
0
0
0
240
155
64
0
0
0
0
0
196
150
192
0
0
0
0
0
208
163
64
0
0
0
0
0
224
118
192
0
0
0
0
0
186
166
64
0
0
0
0
0
240
136
64
0
0
0
0
0
56
166
64
0
0
0
0
0
20
157
64
0
0
0
0
0
52
162
64
0
0
0
0
0
178
164
64
0
0
0
0
0
100
150
64
0
0
0
0
0
156
167
64
0
0
0
0
0
240
113
64
0
0
0
0
0
180
166
64
0
0
0
0
0
160
140
192
0
0
0
0
0
28
162
64
0
0
0
0
0
192
158
192
0
0
0
0
0
92
149
64
0
0
0
0
0
2
165
192
0
0
0
0
0
64
108
64
0
0
0
0
0
46
167
192
0
0
0
0
0
88
140
192
0
0
0
0
0
176
165
192
0
0
0
0
0
244
156
192
0
0
0
0
0
254
160
192
0
0
0
0
0
102
163
192
0
0
0
0
0
8
148
192
0
0
0
0
0
80
165
192
0
0
0
0
0
96
110
192
0
0
0
0
0
30
164
192
0
0
0
0
0
232
136
64
0
0
0
0
0
18
160
192
0
0
0
0
0
140
154
64
0
0
0
0
0
112
147
192
0
0
0
0
0
84
162
64
0
0
0
0
0
96
110
192
0
0
0
0
0
166
164
64
0
0
0
0
0
16
137
64
0
0
0
0
0
198
163
64
0
0
0
0
0
224
154
64
0
0
0
0
0
108
159
64
0
0
0
0
0
76
162
64
0
0
0
0
0
44
146
64
0
0
0
0
0
222
163
64
0
0
0
0
0
128
98
64
0
0
0
0
0
224
161
64
0
0
0
0
0
176
137
192
0
0
0
0
0
224
153
64
0
0
0
0
0
244
151
192
0
0
0
0
0
240
137
64
0
0
0
0
0
204
156
192
0
0
0
0
0
0
69
64
0
0
0
0
0
0
155
192
0
0
0
0
0
128
127
192
0
0
0
0
0
44
148
192
0
0
0
0
0
216
133
192
0
0
0
0
0
208
134
192
0
0
0
0
0
192
129
192
0
0
0
0
0
32
112
192
0
0
0
0
0
0
111
192
0
0
0
0
0
0
56
192
0
0
0
0
0
192
82
64
0
0
0
0
0
128
76
192
0
0
0
0
0
224
109
64
0
0
0
0
0
208
113
192
0
0
0
0
0
128
103
64
0
0
0
0
0
0
129
192
0
0
0
0
0
0
64
192
0
0
0
0
0
144
133
192
0
0
0
0
0
128
114
192
0
0
0
0
0
96
132
192
0
0
0
0
0
144
125
192
0
0
0
0
0
112
124
192
0
0
0
0
0
80
126
192
0
0
0
0
0
128
105
192
0
0
0
0
0
144
117
192
0
0
0
0
0
0
51
192
0
0
0
0
0
128
97
192
0
0
0
0
0
0
53
64
0
0
0
0
0
0
50
64
0
0
0
0
0
192
84
192
0
0
0
0
0
0
72
64
0
0
0
0
0
224
111
192
0
0
0
0
0
128
74
192
0
0
0
0
0
128
120
192
0
0
0
0
0
192
107
192
0
0
0
0
0
32
122
192
0
0
0
0
0
208
118
192
0
0
0
0
0
0
116
192
0
0
0
0
0
96
121
192
0
0
0
0
0
96
99
192
0
0
0
0
0
176
116
192
0
0
0
0
0
0
34
192
0
0
0
0
0
96
103
192
0
0
0
0
0
128
70
64
0
0
0
0
0
0
76
192
0
0
0
0
0
0
40
192
0
0
0
0
0
0
32
192
0
0
0
0
0
0
97
192
0
0
0
0
0
128
79
192
0
0
0
0
0
160
111
192
0
0
0
0
0
32
103
192
0
0
0
0
0
96
114
192
0
0
0
0
0
224
114
192
0
0
0
0
0
192
109
192
0
0
0
0
0
208
117
192
0
0
0
0
0
128
93
192
0
0
0
0
0
0
115
192
0
0
0
0
0
0
240
63
0
0
0
0
0
96
104
192
0
0
0
0
0
128
75
64
0
0
0
0
0
128
85
192
0
0
0
0
0
0
53
64
0
0
0
0
0
0
66
192
0
0
0
0
0
0
83
192
0
0
0
0
0
128
81
192
0
0
0
0
0
224
101
192
0
0
0
0
0
128
100
192
0
0
0
0
0
96
107
192
0
0
0
0
0
80
112
192
0
0
0
0
0
224
102
192
0
0
0
0
0
64
115
192
0
0
0
0
0
64
86
192
0
0
0
0
0
96
113
192
0
0
0
0
0
0
36
64
0
0
0
0
0
224
103
192
0
0
0
0
0
0
78
64
0
0
0
0
0
128
88
192
0
0
0
0
0
128
66
64
0
0
0
0
0
128
73
192
0
0
0
0
0
128
68
192
0
0
0
0
0
192
82
192
0
0
0
0
0
192
95
192
0
0
0
0
0
224
98
192
0
0
0
0
0
0
101
192
0
0
0
0
0
96
109
192
0
0
0
0
0
224
97
192
0
0
0
0
0
96
113
192
0
0
0
0
0
64
80
192
0
0
0
0
0
224
111
192
0
0
0
0
0
0
51
64
0
0
0
0
0
224
102
192
0
0
0
0
0
0
80
64
0
0
0
0
0
128
89
192
0
0
0
0
0
0
71
64
0
0
0
0
0
0
78
192
0
0
0
0
0
0
53
192
0
0
0
0
0
192
83
192
0
0
0
0
0
0
88
192
0
0
0
0
0
32
98
192
0
0
0
0
0
192
96
192
0
0
0
0
0
96
107
192
0
0
0
0
0
0
92
192
0
0
0
0
0
16
112
192
0
0
0
0
0
128
70
192
0
0
0
0
0
192
109
192
0
0
0
0
0
0
61
64
0
0
0
0
0
192
101
192
0
0
0
0
0
64
81
64
0
0
0
0
0
128
89
192
0
0
0
0
0
0
74
64
0
0
0
0
0
64
80
192
0
0
0
0
0
0
32
192
0
0
0
0
0
192
84
192
0
0
0
0
0
192
82
192
0
0
0
0
0
224
97
192
0
0
0
0
0
64
91
192
0
0
0
0
0
64
106
192
0
0
0
0
0
64
86
192
0
0
0
0
0
128
110
192
0
0
0
0
0
0
59
192
0
0
0
0
0
32
108
192
0
0
0
0
0
0
68
64
0
0
0
0
0
160
100
192
0
0
0
0
0
192
82
64
0
0
0
0
0
0
89
192
0
0
0
0
0
0
77
64
0
0
0
0
0
0
81
192
0
0
0
0
0
0
240
63
0
0
0
0
0
128
85
192
0
0
0
0
0
128
78
192
0
0
0
0
0
0
98
192
0
0
0
0
0
192
86
192
0
0
0
0
0
224
105
192
0
0
0
0
0
128
81
192
0
0
0
0
0
160
109
192
0
0
0
0
0
0
38
192
0
0
0
0
0
32
107
192
0
0
0
0
0
128
74
64
0
0
0
0
0
224
99
192
0
0
0
0
0
192
84
64
0
0
0
0
0
64
88
192
0
0
0
0
0
0
80
64
0
0
0
0
0
0
81
192
0
0
0
0
0
0
32
64
0
0
0
0
0
128
86
192
0
0
0
0
0
0
74
192
0
0
0
0
0
128
98
192
0
0
0
0
0
128
83
192
0
0
0
0
0
0
106
192
0
0
0
0
0
128
75
192
0
0
0
0
0
128
109
192
0
0
0
0
0
0
20
64
0
0
0
0
0
160
106
192
0
0
0
0
0
192
80
64
0
0
0
0
0
64
99
192
0
0
0
0
0
192
87
64
0
0
0
0
0
64
87
192
0
0
0
0
0
64
82
64
0
0
0
0
0
0
81
192
0
0
0
0
0
0
46
64
0
0
0
0
0
0
87
192
0
0
0
0
0
128
70
192
0
0
0
0
0
32
99
192
0
0
0
0
0
64
81
192
0
0
0
0
0
224
106
192
0
0
0
0
0
128
68
192
0
0
0
0
0
0
110
192
0
0
0
0
0
0
54
64
0
0
0
0
0
192
106
192
0
0
0
0
0
64
85
64
0
0
0
0
0
0
99
192
0
0
0
0
0
0
92
64
0
0
0
0
0
64
86
192
0
0
0
0
0
128
85
64
0
0
0
0
0
64
80
192
0
0
0
0
0
0
55
64
0
0
0
0
0
128
87
192
0
0
0
0
0
128
67
192
0
0
0
0
0
32
100
192
0
0
0
0
0
0
79
192
0
0
0
0
0
64
108
192
0
0
0
0
0
0
62
192
0
0
0
0
0
96
111
192
0
0
0
0
0
128
67
64
0
0
0
0
0
160
107
192
0
0
0
0
0
0
91
64
0
0
0
0
0
0
99
192
0
0
0
0
0
224
96
64
0
0
0
0
0
64
85
192
0
0
0
0
0
64
90
64
0
0
0
0
0
0
78
192
0
0
0
0
0
128
65
64
0
0
0
0
0
128
87
192
0
0
0
0
0
0
64
192
0
0
0
0
0
32
101
192
0
0
0
0
0
0
76
192
0
0
0
0
0
64
110
192
0
0
0
0
0
0
52
192
0
0
0
0
0
224
112
192
0
0
0
0
0
128
77
64
0
0
0
0
0
96
109
192
0
0
0
0
0
0
97
64
0
0
0
0
0
160
99
192
0
0
0
0
0
224
100
64
0
0
0
0
0
64
84
192
0
0
0
0
0
192
96
64
0
0
0
0
0
0
74
192
0
0
0
0
0
128
75
64
0
0
0
0
0
128
86
192
0
0
0
0
0
0
55
192
0
0
0
0
0
0
102
192
0
0
0
0
0
0
74
192
0
0
0
0
0
96
112
192
0
0
0
0
0
0
36
192
0
0
0
0
0
144
114
192
0
0
0
0
0
128
84
64
0
0
0
0
0
48
112
192
0
0
0
0
0
192
101
64
0
0
0
0
0
0
101
192
0
0
0
0
0
192
106
64
0
0
0
0
0
192
82
192
0
0
0
0
0
96
102
64
0
0
0
0
0
128
66
192
0
0
0
0
0
192
85
64
0
0
0
0
0
128
83
192
0
0
0
0
0
0
32
192
0
0
0
0
0
128
102
192
0
0
0
0
0
0
71
192
0
0
0
0
0
224
113
192
0
0
0
0
0
0
240
191
0
0
0
0
0
240
116
192
0
0
0
0
0
64
91
64
0
0
0
0
0
128
114
192
0
0
0
0
0
96
108
64
0
0
0
0
0
96
103
192
0
0
0
0
0
224
113
64
0
0
0
0
0
64
81
192
0
0
0
0
0
128
111
64
0
0
0
0
0
0
36
192
0
0
0
0
0
0
98
64
0
0
0
0
0
0
73
192
0
0
0
0
0
0
55
64
0
0
0
0
0
128
101
192
0
0
0
0
0
128
66
192
0
0
0
0
0
112
115
192
0
0
0
0
0
0
34
64
0
0
0
0
0
64
120
192
0
0
0
0
0
32
98
64
0
0
0
0
0
32
118
192
0
0
0
0
0
0
115
64
0
0
0
0
0
160
107
192
0
0
0
0
0
32
121
64
0
0
0
0
0
128
77
192
0
0
0
0
0
240
119
64
0
0
0
0
0
128
69
64
0
0
0
0
0
0
112
64
0
0
0
0
0
0
51
64
0
0
0
0
0
192
86
64
0
0
0
0
0
192
95
192
0
0
0
0
0
0
42
192
0
0
0
0
0
48
116
192
0
0
0
0
0
0
51
64
0
0
0
0
0
224
124
192
0
0
0
0
0
192
103
64
0
0
0
0
0
144
124
192
0
0
0
0
0
240
122
64
0
0
0
0
0
96
114
192
0
0
0
0
0
120
131
64
0
0
0
0
0
128
68
192
0
0
0
0
0
216
132
64
0
0
0
0
0
192
101
64
0
0
0
0
0
152
128
64
0
0
0
0
0
160
108
64
0
0
0
0
0
192
113
64
0
0
0
0
0
64
83
64
0
0
0
0
0
128
78
64
0
0
0
0
0
64
109
192
0
0
0
0
0
0
54
64
0
0
0
0
0
24
129
192
0
0
0
0
0
64
110
64
0
0
0
0
0
64
133
192
0
0
0
0
0
200
133
64
0
0
0
0
0
16
127
192
0
0
0
0
0
108
147
64
0
0
0
0
0
0
61
64
0
0
0
0
0
32
154
64
0
0
0
0
0
224
136
64
0
0
0
0
0
244
155
64
0
0
0
0
0
8
153
64
0
0
0
0
0
72
151
64
0
0
0
0
0
84
161
64
0
0
0
0
0
224
136
64
0
0
0
0
0
66
163
64
0
0
0
0
0
224
98
192
0
0
0
0
0
176
161
64
0
0
0
0
0
216
145
192
0
0
0
0
0
196
153
64
0
0
0
0
0
180
158
192
0
0
0
0
0
88
135
64
0
0
0
0
0
58
163
192
0
0
0
0
0
16
113
192
0
0
0
0
0
248
163
192
0
0
0
0
0
100
147
192
0
0
0
0
0
150
161
192
0
0
0
0
0
140
159
192
0
0
0
0
0
36
153
192
0
0
0
0
0
146
163
192
0
0
0
0
0
176
134
192
0
0
0
0
0
148
164
192
0
0
0
0
0
144
113
64
0
0
0
0
0
152
162
192
0
0
0
0
0
4
148
64
0
0
0
0
0
120
155
192
0
0
0
0
0
170
160
64
0
0
0
0
0
24
138
192
0
0
0
0
0
20
165
64
0
0
0
0
0
112
112
64
0
0
0
0
0
98
166
64
0
0
0
0
0
72
149
64
0
0
0
0
0
38
164
64
0
0
0
0
0
188
161
64
0
0
0
0
0
40
157
64
0
0
0
0
0
10
166
64
0
0
0
0
0
40
138
64
0
0
0
0
0
192
166
64
0
0
0
0
0
176
116
192
0
0
0
0
0
192
163
64
0
0
0
0
0
100
150
192
0
0
0
0
0
68
155
64
0
0
0
0
0
220
161
192
0
0
0
0
0
8
134
64
0
0
0
0
0
140
165
192
0
0
0
0
0
96
122
192
0
0
0
0
0
210
165
192
0
0
0
0
0
228
150
192
0
0
0
0
0
202
162
192
0
0
0
0
0
216
161
192
0
0
0
0
0
252
153
192
0
0
0
0
0
164
165
192
0
0
0
0
0
0
133
192
0
0
0
0
0
90
166
192
0
0
0
0
0
64
123
64
0
0
0
0
0
200
163
192
0
0
0
0
0
172
151
64
0
0
0
0
0
68
156
192
0
0
0
0
0
218
162
64
0
0
0
0
0
56
136
192
0
0
0
0
0
84
167
64
0
0
0
0
0
240
122
64
0
0
0
0
0
98
168
64
0
0
0
0
0
100
153
64
0
0
0
0
0
160
165
64
0
0
0
0
0
88
164
64
0
0
0
0
0
140
158
64
0
0
0
0
0
242
168
64
0
0
0
0
0
8
137
64
0
0
0
0
0
150
169
64
0
0
0
0
0
192
127
192
0
0
0
0
0
24
166
64
0
0
0
0
0
96
155
192
0
0
0
0
0
12
158
64
0
0
0
0
0
0
0
0
0
0
0
0
0
0
0
0
0
0
0
0
0
0
0
0
0
0
0
0
0
0
0
0
0
0
0
0
0
0
0
0
0
0
0
0
0
0
0
0
0
0
0
0
0
0
0
0
0
0
0
0
0
0
0
0
0
0
0
0
0
0
0
0
0
0
0
0
0
0
0
0
0
0
0
0
0
0
0
0
0
0
0
0
0
0
0
0
0
0
0
0
0
0
0
0
0
0
0
0
0
0
0
0
0
0
0
0
0
0
0
0
0
0
0
0
0
0
0
0
0
0
0
0
0
0
0
0
0
0
0
0
0
0
0
0
0
0
0
0
0
0
0
0
0
0
0
0
0
0
0
0
0
0
0
0
0
0
0
0
0
0
0
0
0
0
0
0
0
0
0
0
0
0
0
0
0
0
0
0
0
0
0
0
0
0
0
0
0
0
0
0
0
0
0
0
0
0
0
0
0
0
0
0
0
0
0
0
0
0
0
0
0
0
0
0
0
0
0
0
0
0
0
0
0
0
0
0
0
0
0
0
0
0
0
0
0
0
0
0
0
0
0
0
0
0
0
0
0
0
0
0
0
0
0
0
0
0
0
0
0
0
0
0
0
0
0
0
0
0
0
0
0
0
0
0
0
0
0
0
0
0
0
0
0
0
0
0
0
0
0
0
0
0
0
0
0
0
0
0
0
0
0
0
0
0
0
0
0
0
0
0
0
0
0
0
0
0
0
0
0
0
0
0
0
0
0
0
0
0
0
0
0
0
0
0
0
0
0
0
0
0
0
0
0
0
0
0
0
0
0
0
0
0
0
0
0
0
0
0
0
0
0
0
0
0
0
0
0
0
0
0
0
0
0
0
0
0
0
0
0
0
0
0
0
0
0
0
0
0
0
0
0
0
0
0
0
0
0
0
0
0
0
0
0
0
0
0
0
0
0
0
0
0
0
0
0
0
0
0
0
0
0
0
0
0
0
0
0
0
0
0
0
0
0
0
0
0
0
0
0
0
0
0
0
0
0
0
0
0
0
0
0
0
0
0
0
0
0
0
0
0
0
0
0
0
0
0
0
0
0
0
0
0
0
0
0
0
0
0
0
0
0
0
0
0
0
0
0
0
0
0
0
0
0
0
0
0
0
0
0
0
0
0
0
0
0
0
0
0
0
0
0
0
0
0
0
0
0
0
0
0
0
0
0
0
0
0
0
0
0
0
0
0
0
0
0
0
0
0
0
0
0
0
0
0
0
0
0
0
0
0
0
0
0
0
0
0
0
0
0
0
0
0
0
0
0
0
0
0
0
0
0
0
0
0
0
0
0
0
0
0
0
0
0
0
0
0
0
0
0
0
0
0
0
0
0
0
0
0
0
0
0
0
0
0
0
0
0
0
0
0
0
0
0
0
0
0
0
0
0
0
0
0
0
0
0
0
0
0
0
0
0
0
0
0
0
0
0
0
0
0
0
0
0
0
0
0
0
0
0
0
0
0
0
0
0
0
0
0
0
0
0
0
0
0
0
0
0
0
0
0
0
0
0
0
0
0
0
0
0
0
0
0
0
0
0
0
0
0
0
0
0
0
0
0
0
0
0
0
0
0
0
0
0
0
0
0
0
0
0
0
0
0
0
0
0
0
0
0
0
0
0
0
0
0
0
0
0
0
0
0
0
0
0
0
0
0
0
0
0
0
0
0
0
0
0
0
0
0
0
0
0
0
0
0
0
0
0
0
0
0
0
0
0
0
0
0
0
0
0
0
0
0
0
0
0
0
0
0
0
0
0
0
0
0
0
0
0
0
0
0
0
0
0
0
0
0
0
0
0
0
0
0
0
0
0
0
0
0
0
0
0
0
0
0
0
0
0
0
0
0
0
0
0
0
0
0
0
0
0
0
0
0
0
0
0
0
0
0
0
0
0
0
0
0
0
0
0
0
0
0
0
0
0
0
0
0
0
0
0
0
0
0
0
0
0
0
0
0
0
0
0
0
0
0
0
0
0
0
0
0
0
0
0
0
0
0
0
0
0
0
0
0
0
0
0
0
0
0
0
0
0
0
0
0
0
0
0
0
0
0
0
0
0
0
0
0
0
0
0
0
0
0
0
0
0
0
0
0
0
0
0
0
0
0
0
0
0
0
0
0
0
0
0
0
0
0
0
0
0
0
0
0
0
0
0
0
0
0
0
0
0
0
0
0
0
0
0
0
0
0
0
0
0
0
0
0
0
0
0
0
0
0
0
0
0
0
0
0
0
0
0
0
0
0
0
0
0
0
0
0
0
0
0
0
0
0
0
0
0
0
0
0
0
0
0
0
0
0
0
0
0
0
0
0
0
0
0
0
0
0
0
0
0
0
0
0
0
0
0
0
0
0
0
0
0
0
0
0
0
0
0
0
0
0
0
0
0
0
0
0
0
0
0
0
0
0
0
0
0
0
0
0
0
0
0
0
0
0
0
0
0
0
0
0
0
0
0
0
0
0
0
0
0
0
0
0
0
0
0
0
0
0
0
0
0
0
0
0
0
0
0
0
0
0
0
0
0
0
0
0
0
0
0
0
0
0
0
0
0
0
0
0
0
0
0
0
0
0
0
0
0
0
0
0
0
0
0
0
0
0
0
0
0
0
0
0
0
0
0
0
0
0
0
0
0
0
0
0
0
0
0
0
0
0
0
0
0
0
0
0
0
0
0
0
0
0
0
0
0
0
0
0
0
0
0
0
0
0
0
0
0
0
0
0
0
0
0
0
0
0
0
0
0
0
0
0
0
0
0
0
0