58
70
65
67
84
58
67
68
65
84
49
56
58
68
65
84
65
32
35
57
48
48
48
48
48
54
57
51
54
0
0
0
0
0
224
120
64
0
0
0
0
0
0
71
192
0
0
0
0
0
120
128
64
0
0
0
0
0
96
102
64
0
0
0
0
0
64
127
64
0
0
0
0
0
144
116
64
0
0
0
0
0
224
116
64
0
0
0
0
0
160
116
64
0
0
0
0
0
192
93
64
0
0
0
0
0
0
104
64
0
0
0
0
0
0
63
192
0
0
0
0
0
0
0
128
0
0
0
0
0
0
68
192
0
0
0
0
0
224
96
192
0
0
0
0
0
128
85
64
0
0
0
0
0
96
97
192
0
0
0
0
0
224
112
64
0
0
0
0
0
0
36
192
0
0
0
0
0
80
121
64
0
0
0
0
0
128
102
64
0
0
0
0
0
224
121
64
0
0
0
0
0
80
116
64
0
0
0
0
0
64
114
64
0
0
0
0
0
224
117
64
0
0
0
0
0
0
91
64
0
0
0
0
0
192
110
64
0
0
0
0
0
128
67
192
0
0
0
0
0
64
83
64
0
0
0
0
0
128
81
192
0
0
0
0
0
0
78
192
0
0
0
0
0
0
58
64
0
0
0
0
0
64
85
192
0
0
0
0
0
128
103
64
0
0
0
0
0
0
42
64
0
0
0
0
0
0
116
64
0
0
0
0
0
96
102
64
0
0
0
0
0
176
117
64
0
0
0
0
0
224
115
64
0
0
0
0
0
96
111
64
0
0
0
0
0
32
118
64
0
0
0
0
0
192
85
64
0
0
0
0
0
224
112
64
0
0
0
0
0
0
75
192
0
0
0
0
0
64
93
64
0
0
0
0
0
192
87
192
0
0
0
0
0
0
49
192
0
0
0
0
0
0
50
192
0
0
0
0
0
128
74
192
0
0
0
0
0
32
96
64
0
0
0
0
0
0
59
64
0
0
0
0
0
48
112
64
0
0
0
0
0
32
102
64
0
0
0
0
0
96
114
64
0
0
0
0
0
112
115
64
0
0
0
0
0
192
106
64
0
0
0
0
0
32
118
64
0
0
0
0
0
0
80
64
0
0
0
0
0
160
113
64
0
0
0
0
0
0
82
192
0
0
0
0
0
128
97
64
0
0
0
0
0
128
93
192
0
0
0
0
0
0
38
64
0
0
0
0
0
128
74
192
0
0
0
0
0
128
64
192
0
0
0
0
0
64
85
64
0
0
0
0
0
128
65
64
0
0
0
0
0
96
106
64
0
0
0
0
0
224
101
64
0
0
0
0
0
128
111
64
0
0
0
0
0
32
115
64
0
0
0
0
0
192
102
64
0
0
0
0
0
0
118
64
0
0
0
0
0
128
68
64
0
0
0
0
0
16
114
64
0
0
0
0
0
0
87
192
0
0
0
0
0
64
99
64
0
0
0
0
0
192
97
192
0
0
0
0
0
0
58
64
0
0
0
0
0
192
84
192
0
0
0
0
0
0
54
192
0
0
0
0
0
0
72
64
0
0
0
0
0
128
67
64
0
0
0
0
0
128
101
64
0
0
0
0
0
160
101
64
0
0
0
0
0
32
107
64
0
0
0
0
0
224
114
64
0
0
0
0
0
64
99
64
0
0
0
0
0
240
117
64
0
0
0
0
0
0
51
64
0
0
0
0
0
80
114
64
0
0
0
0
0
64
92
192
0
0
0
0
0
64
100
64
0
0
0
0
0
192
100
192
0
0
0
0
0
0
65
64
0
0
0
0
0
64
92
192
0
0
0
0
0
0
50
192
0
0
0
0
0
0
40
64
0
0
0
0
0
128
67
64
0
0
0
0
0
96
97
64
0
0
0
0
0
32
101
64
0
0
0
0
0
128
103
64
0
0
0
0
0
160
114
64
0
0
0
0
0
32
96
64
0
0
0
0
0
240
117
64
0
0
0
0
0
0
16
192
0
0
0
0
0
144
114
64
0
0
0
0
0
0
97
192
0
0
0
0
0
224
100
64
0
0
0
0
0
32
104
192
0
0
0
0
0
0
67
64
0
0
0
0
0
0
98
192
0
0
0
0
0
0
49
192
0
0
0
0
0
0
49
192
0
0
0
0
0
128
65
64
0
0
0
0
0
64
91
64
0
0
0
0
0
128
100
64
0
0
0
0
0
32
100
64
0
0
0
0
0
112
114
64
0
0
0
0
0
128
90
64
0
0
0
0
0
0
118
64
0
0
0
0
0
0
58
192
0
0
0
0
0
208
114
64
0
0
0
0
0
64
100
192
0
0
0
0
0
96
101
64
0
0
0
0
0
0
108
192
0
0
0
0
0
128
66
64
0
0
0
0
0
64
102
192
0
0
0
0
0
0
56
192
0
0
0
0
0
0
74
192
0
0
0
0
0
0
58
64
0
0
0
0
0
192
83
64
0
0
0
0
0
96
99
64
0
0
0
0
0
32
97
64
0
0
0
0
0
48
114
64
0
0
0
0
0
64
85
64
0
0
0
0
0
32
118
64
0
0
0
0
0
128
72
192
0
0
0
0
0
32
115
64
0
0
0
0
0
224
103
192
0
0
0
0
0
192
101
64
0
0
0
0
0
64
112
192
0
0
0
0
0
128
64
64
0
0
0
0
0
64
107
192
0
0
0
0
0
128
65
192
0
0
0
0
0
128
86
192
0
0
0
0
0
0
36
64
0
0
0
0
0
0
72
64
0
0
0
0
0
160
97
64
0
0
0
0
0
128
92
64
0
0
0
0
0
208
113
64
0
0
0
0
0
128
80
64
0
0
0
0
0
64
118
64
0
0
0
0
0
0
82
192
0
0
0
0
0
128
115
64
0
0
0
0
0
0
108
192
0
0
0
0
0
0
102
64
0
0
0
0
0
0
115
192
0
0
0
0
0
0
56
64
0
0
0
0
0
176
112
192
0
0
0
0
0
128
76
192
0
0
0
0
0
0
97
192
0
0
0
0
0
0
51
192
0
0
0
0
0
0
44
64
0
0
0
0
0
64
93
64
0
0
0
0
0
192
86
64
0
0
0
0
0
0
113
64
0
0
0
0
0
0
72
64
0
0
0
0
0
80
118
64
0
0
0
0
0
192
87
192
0
0
0
0
0
240
115
64
0
0
0
0
0
96
112
192
0
0
0
0
0
32
102
64
0
0
0
0
0
112
118
192
0
0
0
0
0
0
34
64
0
0
0
0
0
192
116
192
0
0
0
0
0
192
86
192
0
0
0
0
0
160
104
192
0
0
0
0
0
64
80
192
0
0
0
0
0
0
63
192
0
0
0
0
0
128
82
64
0
0
0
0
0
64
80
64
0
0
0
0
0
224
110
64
0
0
0
0
0
0
65
64
0
0
0
0
0
16
118
64
0
0
0
0
0
0
93
192
0
0
0
0
0
112
116
64
0
0
0
0
0
16
115
192
0
0
0
0
0
64
102
64
0
0
0
0
0
208
122
192
0
0
0
0
0
0
46
192
0
0
0
0
0
64
122
192
0
0
0
0
0
128
98
192
0
0
0
0
0
176
113
192
0
0
0
0
0
0
98
192
0
0
0
0
0
128
87
192
0
0
0
0
0
0
24
192
0
0
0
0
0
0
66
64
0
0
0
0
0
224
103
64
0
0
0
0
0
0
58
64
0
0
0
0
0
192
116
64
0
0
0
0
0
192
95
192
0
0
0
0
0
192
116
64
0
0
0
0
0
192
117
192
0
0
0
0
0
64
102
64
0
0
0
0
0
64
128
192
0
0
0
0
0
0
75
192
0
0
0
0
0
32
129
192
0
0
0
0
0
160
110
192
0
0
0
0
0
0
122
192
0
0
0
0
0
80
114
192
0
0
0
0
0
64
104
192
0
0
0
0
0
96
101
192
0
0
0
0
0
0
20
192
0
0
0
0
0
128
75
64
0
0
0
0
0
0
67
64
0
0
0
0
0
32
112
64
0
0
0
0
0
64
89
192
0
0
0
0
0
160
115
64
0
0
0
0
0
192
118
192
0
0
0
0
0
160
101
64
0
0
0
0
0
112
131
192
0
0
0
0
0
128
93
192
0
0
0
0
0
24
135
192
0
0
0
0
0
192
122
192
0
0
0
0
0
56
132
192
0
0
0
0
0
8
131
192
0
0
0
0
0
208
119
192
0
0
0
0
0
232
129
192
0
0
0
0
0
192
81
192
0
0
0
0
0
32
117
192
0
0
0
0
0
0
95
64
0
0
0
0
0
0
60
192
0
0
0
0
0
64
85
64
0
0
0
0
0
224
102
64
0
0
0
0
0
32
104
192
0
0
0
0
0
128
97
64
0
0
0
0
0
240
130
192
0
0
0
0
0
64
106
192
0
0
0
0
0
48
142
192
0
0
0
0
0
248
136
192
0
0
0
0
0
236
144
192
0
0
0
0
0
184
150
192
0
0
0
0
0
32
138
192
0
0
0
0
0
156
158
192
0
0
0
0
0
0
108
192
0
0
0
0
0
160
160
192
0
0
0
0
0
224
131
64
0
0
0
0
0
48
157
192
0
0
0
0
0
40
152
64
0
0
0
0
0
180
146
192
0
0
0
0
0
228
161
64
0
0
0
0
0
32
109
192
0
0
0
0
0
12
165
64
0
0
0
0
0
88
138
64
0
0
0
0
0
200
164
64
0
0
0
0
0
168
156
64
0
0
0
0
0
14
161
64
0
0
0
0
0
12
164
64
0
0
0
0
0
236
148
64
0
0
0
0
0
196
166
64
0
0
0
0
0
96
112
64
0
0
0
0
0
0
166
64
0
0
0
0
0
128
139
192
0
0
0
0
0
202
161
64
0
0
0
0
0
208
157
192
0
0
0
0
0
104
149
64
0
0
0
0
0
194
164
192
0
0
0
0
0
192
108
64
0
0
0
0
0
110
167
192
0
0
0
0
0
48
142
192
0
0
0
0
0
98
166
192
0
0
0
0
0
160
159
192
0
0
0
0
0
182
161
192
0
0
0
0
0
154
165
192
0
0
0
0
0
56
148
192
0
0
0
0
0
240
167
192
0
0
0
0
0
192
89
192
0
0
0
0
0
106
166
192
0
0
0
0
0
96
145
64
0
0
0
0
0
76
161
192
0
0
0
0
0
208
160
64
0
0
0
0
0
224
146
192
0
0
0
0
0
76
166
64
0
0
0
0
0
0
36
192
0
0
0
0
0
80
168
64
0
0
0
0
0
164
146
64
0
0
0
0
0
148
166
64
0
0
0
0
0
90
161
64
0
0
0
0
0
96
161
64
0
0
0
0
0
206
166
64
0
0
0
0
0
244
146
64
0
0
0
0
0
216
168
64
0
0
0
0
0
0
16
64
0
0
0
0
0
26
167
64
0
0
0
0
0
24
147
192
0
0
0
0
0
194
161
64
0
0
0
0
0
206
161
192
0
0
0
0
0
28
147
64
0
0
0
0
0
108
167
192
0
0
0
0
0
0
67
192
0
0
0
0
0
112
169
192
0
0
0
0
0
136
148
192
0
0
0
0
0
112
167
192
0
0
0
0
0
192
162
192
0
0
0
0
0
170
161
192
0
0
0
0
0
96
168
192
0
0
0
0
0
236
145
192
0
0
0
0
0
52
170
192
0
0
0
0
0
96
101
64
0
0
0
0
0
228
167
192
0
0
0
0
0
72
151
64
0
0
0
0
0
184
161
192
0
0
0
0
0
92
164
64
0
0
0
0
0
32
145
192
0
0
0
0
0
30
170
64
0
0
0
0
0
0
114
64
0
0
0
0
0
244
171
64
0
0
0
0
0
60
154
64
0
0
0
0
0
118
169
64
0
0
0
0
0
92
166
64
0
0
0
0
0
222
162
64
0
0
0
0
0
110
172
64
0
0
0
0
0
16
146
64
0
0
0
0
0
56
174
64
0
0
0
0
0
192
116
192
0
0
0
0
0
66
171
64
0
0
0
0
0
76
156
192
0
0
0
0
0
226
163
64
0
0
0
0
0
176
167
192
0
0
0
0
0
140
146
64
0
0
0
0
0
140
173
192
0
0
0
0
0
96
118
192
0
0
0
0
0
178
174
192
0
0
0
0
0
132
156
192
0
0
0
0
0
246
170
192
0
0
0
0
0
48
167
192
0
0
0
0
0
20
163
192
0
0
0
0
0
50
172
192
0
0
0
0
0
0
145
192
0
0
0
0
0
174
172
192
0
0
0
0
0
128
119
64
0
0
0
0
0
212
168
192
0
0
0
0
0
216
154
64
0
0
0
0
0
124
161
192
0
0
0
0
0
118
165
64
0
0
0
0
0
152
143
192
0
0
0
0
0
22
170
64
0
0
0
0
0
48
116
64
0
0
0
0
0
218
170
64
0
0
0
0
0
196
152
64
0
0
0
0
0
212
167
64
0
0
0
0
0
116
164
64
0
0
0
0
0
120
161
64
0
0
0
0
0
170
169
64
0
0
0
0
0
44
145
64
0
0
0
0
0
68
171
64
0
0
0
0
0
160
106
192
0
0
0
0
0
234
168
64
0
0
0
0
0
208
151
192
0
0
0
0
0
202
162
64
0
0
0
0
0
156
164
192
0
0
0
0
0
100
147
64
0
0
0
0
0
96
170
192
0
0
0
0
0
96
96
192
0
0
0
0
0
48
172
192
0
0
0
0
0
76
151
192
0
0
0
0
0
168
169
192
0
0
0
0
0
108
164
192
0
0
0
0
0
48
163
192
0
0
0
0
0
238
169
192
0
0
0
0
0
184
147
192
0
0
0
0
0
94
171
192
0
0
0
0
0
0
88
64
0
0
0
0
0
166
168
192
0
0
0
0
0
224
149
64
0
0
0
0
0
96
162
192
0
0
0
0
0
44
163
64
0
0
0
0
0
68
147
192
0
0
0
0
0
90
168
64
0
0
0
0
0
0
62
64
0
0
0
0
0
230
169
64
0
0
0
0
0
180
147
64
0
0
0
0
0
194
167
64
0
0
0
0
0
246
161
64
0
0
0
0
0
80
162
64
0
0
0
0
0
132
167
64
0
0
0
0
0
164
148
64
0
0
0
0
0
200
169
64
0
0
0
0
0
0
91
64
0
0
0
0
0
102
168
64
0
0
0
0
0
180
145
192
0
0
0
0
0
122
163
64
0
0
0
0
0
98
161
192
0
0
0
0
0
84
151
64
0
0
0
0
0
122
167
192
0
0
0
0
0
176
112
64
0
0
0
0
0
42
170
192
0
0
0
0
0
32
143
192
0
0
0
0
0
252
168
192
0
0
0
0
0
102
160
192
0
0
0
0
0
36
164
192
0
0
0
0
0
114
166
192
0
0
0
0
0
224
152
192
0
0
0
0
0
16
169
192
0
0
0
0
0
64
121
192
0
0
0
0
0
254
167
192
0
0
0
0
0
16
137
64
0
0
0
0
0
146
163
192
0
0
0
0
0
216
156
64
0
0
0
0
0
44
153
192
0
0
0
0
0
58
164
64
0
0
0
0
0
152
128
192
0
0
0
0
0
6
167
64
0
0
0
0
0
72
130
64
0
0
0
0
0
148
166
64
0
0
0
0
0
216
152
64
0
0
0
0
0
20
163
64
0
0
0
0
0
114
162
64
0
0
0
0
0
28
154
64
0
0
0
0
0
226
165
64
0
0
0
0
0
64
133
64
0
0
0
0
0
78
166
64
0
0
0
0
0
16
121
192
0
0
0
0
0
164
163
64
0
0
0
0
0
84
150
192
0
0
0
0
0
112
156
64
0
0
0
0
0
182
161
192
0
0
0
0
0
248
138
64
0
0
0
0
0
214
165
192
0
0
0
0
0
96
108
192
0
0
0
0
0
242
166
192
0
0
0
0
0
84
148
192
0
0
0
0
0
220
164
192
0
0
0
0
0
66
161
192
0
0
0
0
0
160
159
192
0
0
0
0
0
20
166
192
0
0
0
0
0
232
144
192
0
0
0
0
0
234
167
192
0
0
0
0
0
0
63
64
0
0
0
0
0
114
166
192
0
0
0
0
0
72
146
64
0
0
0
0
0
196
161
192
0
0
0
0
0
10
161
64
0
0
0
0
0
192
148
192
0
0
0
0
0
202
166
64
0
0
0
0
0
0
99
192
0
0
0
0
0
122
169
64
0
0
0
0
0
28
145
64
0
0
0
0
0
138
168
64
0
0
0
0
0
110
161
64
0
0
0
0
0
236
163
64
0
0
0
0
0
8
168
64
0
0
0
0
0
68
152
64
0
0
0
0
0
54
171
64
0
0
0
0
0
16
114
64
0
0
0
0
0
92
170
64
0
0
0
0
0
112
144
192
0
0
0
0
0
128
165
64
0
0
0
0
0
166
161
192
0
0
0
0
0
184
154
64
0
0
0
0
0
134
168
192
0
0
0
0
0
160
121
64
0
0
0
0
0
194
171
192
0
0
0
0
0
160
141
192
0
0
0
0
0
230
170
192
0
0
0
0
0
226
160
192
0
0
0
0
0
30
166
192
0
0
0
0
0
224
167
192
0
0
0
0
0
80
156
192
0
0
0
0
0
108
171
192
0
0
0
0
0
176
128
192
0
0
0
0
0
10
171
192
0
0
0
0
0
216
137
64
0
0
0
0
0
190
166
192
0
0
0
0
0
78
160
64
0
0
0
0
0
8
158
192
0
0
0
0
0
252
167
64
0
0
0
0
0
40
131
192
0
0
0
0
0
86
172
64
0
0
0
0
0
80
138
64
0
0
0
0
0
138
172
64
0
0
0
0
0
114
161
64
0
0
0
0
0
78
168
64
0
0
0
0
0
16
170
64
0
0
0
0
0
4
160
64
0
0
0
0
0
226
174
64
0
0
0
0
0
24
131
64
0
0
0
0
0
228
174
64
0
0
0
0
0
216
142
192
0
0
0
0
0
226
169
64
0
0
0
0
0
94
163
192
0
0
0
0
0
142
160
64
0
0
0
0
0
38
172
192
0
0
0
0
0
200
129
64
0
0
0
0
0
67
176
192
0
0
0
0
0
208
144
192
0
0
0
0
0
182
175
192
0
0
0
0
0
210
163
192
0
0
0
0
0
236
169
192
0
0
0
0
0
244
171
192
0
0
0
0
0
52
160
192
0
0
0
0
0
156
175
192
0
0
0
0
0
240
128
192
0
0
0
0
0
98
174
192
0
0
0
0
0
16
144
64
0
0
0
0
0
166
168
192
0
0
0
0
0
188
162
64
0
0
0
0
0
216
158
192
0
0
0
0
0
92
170
64
0
0
0
0
0
136
128
192
0
0
0
0
0
234
173
64
0
0
0
0
0
80
142
64
0
0
0
0
0
0
173
64
0
0
0
0
0
12
162
64
0
0
0
0
0
208
167
64
0
0
0
0
0
210
169
64
0
0
0
0
0
48
158
64
0
0
0
0
0
200
173
64
0
0
0
0
0
80
128
64
0
0
0
0
0
78
173
64
0
0
0
0
0
192
142
192
0
0
0
0
0
98
168
64
0
0
0
0
0
124
162
192
0
0
0
0
0
80
159
64
0
0
0
0
0
174
170
192
0
0
0
0
0
112
129
64
0
0
0
0
0
248
174
192
0
0
0
0
0
80
143
192
0
0
0
0
0
154
174
192
0
0
0
0
0
8
163
192
0
0
0
0
0
140
169
192
0
0
0
0
0
124
171
192
0
0
0
0
0
128
160
192
0
0
0
0
0
208
175
192
0
0
0
0
0
72
131
192
0
0
0
0
0
76
175
192
0
0
0
0
0
192
142
64
0
0
0
0
0
244
169
192
0
0
0
0
0
10
163
64
0
0
0
0
0
160
160
192
0
0
0
0
0
112
171
64
0
0
0
0
0
40
131
192
0
0
0
0
0
138
175
64
0
0
0
0
0
152
142
64
0
0
0
0
0
184
174
64
0
0
0
0
0
178
162
64
0
0
0
0
0
42
169
64
0
0
0
0
0
160
170
64
0
0
0
0
0
184
159
64
0
0
0
0
0
72
174
64
0
0
0
0
0
112
129
64
0
0
0
0
0
56
173
64
0
0
0
0
0
216
141
192
0
0
0
0
0
206
167
64
0
0
0
0
0
196
161
192
0
0
0
0
0
32
158
64
0
0
0
0
0
20
169
192
0
0
0
0
0
184
129
64
0
0
0
0
0
120
172
192
0
0
0
0
0
232
137
192
0
0
0
0
0
172
171
192
0
0
0
0
0
36
160
192
0
0
0
0
0
252
166
192
0
0
0
0
0
82
167
192
0
0
0
0
0
100
158
192
0
0
0
0
0
38
171
192
0
0
0
0
0
176
133
192
0
0
0
0
0
46
171
192
0
0
0
0
0
40
132
64
0
0
0
0
0
104
167
192
0
0
0
0
0
168
157
64
0
0
0
0
0
70
160
192
0
0
0
0
0
162
166
64
0
0
0
0
0
160
138
192
0
0
0
0
0
82
171
64
0
0
0
0
0
168
128
64
0
0
0
0
0
26
172
64
0
0
0
0
0
68
157
64
0
0
0
0
0
182
168
64
0
0
0
0
0
34
167
64
0
0
0
0
0
128
161
64
0
0
0
0
0
68
172
64
0
0
0
0
0
240
141
64
0
0
0
0
0
38
173
64
0
0
0
0
0
96
126
192
0
0
0
0
0
154
169
64
0
0
0
0
0
24
157
192
0
0
0
0
0
52
162
64
0
0
0
0
0
18
167
192
0
0
0
0
0
92
144
64
0
0
0
0
0
16
172
192
0
0
0
0
0
240
118
192
0
0
0
0
0
212
172
192
0
0
0
0
0
120
154
192
0
0
0
0
0
108
169
192
0
0
0
0
0
114
165
192
0
0
0
0
0
124
162
192
0
0
0
0
0
114
170
192
0
0
0
0
0
68
146
192
0
0
0
0
0
168
171
192
0
0
0
0
0
96
100
64
0
0
0
0
0
4
169
192
0
0
0
0
0
172
150
64
0
0
0
0
0
240
162
192
0
0
0
0
0
188
163
64
0
0
0
0
0
108
148
192
0
0
0
0
0
94
169
64
0
0
0
0
0
0
16
64
0
0
0
0
0
118
171
64
0
0
0
0
0
228
148
64
0
0
0
0
0
166
169
64
0
0
0
0
0
146
163
64
0
0
0
0
0
12
164
64
0
0
0
0
0
12
170
64
0
0
0
0
0
168
150
64
0
0
0
0
0
212
172
64
0
0
0
0
0
64
85
64
0
0
0
0
0
94
171
64
0
0
0
0
0
216
148
192
0
0
0
0
0
190
165
64
0
0
0
0
0
66
164
192
0
0
0
0
0
104
153
64
0
0
0
0
0
74
171
192
0
0
0
0
0
0
105
64
0
0
0
0
0
100
174
192
0
0
0
0
0
4
148
192
0
0
0
0
0
4
173
192
0
0
0
0
0
66
164
192
0
0
0
0
0
76
167
192
0
0
0
0
0
156
171
192
0
0
0
0
0
40
156
192
0
0
0
0
0
236
174
192
0
0
0
0
0
160
117
192
0
0
0
0
0
172
173
192
0
0
0
0
0
64
146
64
0
0
0
0
0
4
168
192
0
0
0
0
0
162
163
64
0
0
0
0
0
140
157
192
0
0
0
0
0
58
171
64
0
0
0
0
0
128
122
192
0
0
0
0
0
196
174
64
0
0
0
0
0
84
145
64
0
0
0
0
0
178
173
64
0
0
0
0
0
92
163
64
0
0
0
0
0
40
168
64
0
0
0
0
0
48
171
64
0
0
0
0
0
232
157
64
0
0
0
0
0
244
174
64
0
0
0
0
0
144
123
64
0
0
0
0
0
26
174
64
0
0
0
0
0
84
145
192
0
0
0
0
0
188
168
64
0
0
0
0
0
156
163
192
0
0
0
0
0
48
159
64
0
0
0
0
0
198
171
192
0
0
0
0
0
208
127
64
0
0
0
0
0
242
175
192
0
0
0
0
0
240
144
192
0
0
0
0
0
116
175
192
0
0
0
0
0
242
163
192
0
0
0
0
0
66
170
192
0
0
0
0
0
190
172
192
0
0
0
0
0
4
161
192
0
0
0
0
0
186
176
192
0
0
0
0
0
200
131
192
0
0
0
0
0
157
176
192
0
0
0
0
0
104
144
64
0
0
0
0
0
232
171
192
0
0
0
0
0
118
164
64
0
0
0
0
0
34
162
192
0
0
0
0
0
222
173
64
0
0
0
0
0
64
133
192
0
0
0
0
0
105
177
64
0
0
0
0
0
36
145
64
0
0
0
0
0
51
177
64
0
0
0
0
0
72
165
64
0
0
0
0
0
138
172
64
0
0
0
0
0
190
174
64
0
0
0
0
0
34
162
64
0
0
0
0
0
178
177
64
0
0
0
0
0
88
131
64
0
0
0
0
0
62
177
64
0
0
0
0
0
104
146
192
0
0
0
0
0
54
172
64
0
0
0
0
0
188
165
192
0
0
0
0
0
164
161
64
0
0
0
0
0
208
174
192
0
0
0
0
0
240
129
64
0
0
0
0
0
140
177
192
0
0
0
0
0
112
146
192
0
0
0
0
0
3
177
192
0
0
0
0
0
104
165
192
0
0
0
0
0
218
171
192
0
0
0
0
0
76
174
192
0
0
0
0
0
148
161
192
0
0
0
0
0
82
177
192
0
0
0
0
0
240
130
192
0
0
0
0
0
232
176
192
0
0
0
0
0
144
145
64
0
0
0
0
0
236
171
192
0
0
0
0
0
0
165
64
0
0
0
0
0
210
161
192
0
0
0
0
0
24
174
64
0
0
0
0
0
224
131
192
0
0
0
0
0
88
177
64
0
0
0
0
0
116
145
64
0
0
0
0
0
4
177
64
0
0
0
0
0
44
165
64
0
0
0
0
0
40
172
64
0
0
0
0
0
114
174
64
0
0
0
0
0
238
161
64
0
0
0
0
0
140
177
64
0
0
0
0
0
144
131
64
0
0
0
0
0
49
177
64
0
0
0
0
0
228
145
192
0
0
0
0
0
108
172
64
0
0
0
0
0
116
165
192
0
0
0
0
0
36
162
64
0
0
0
0
0
186
174
192
0
0
0
0
0
112
132
64
0
0
0
0
0
175
177
192
0
0
0
0
0
96
145
192
0
0
0
0
0
92
177
192
0
0
0
0
0
52
165
192
0
0
0
0
0
230
172
192
0
0
0
0
0
152
174
192
0
0
0
0
0
196
162
192
0
0
0
0
0
189
177
192
0
0
0
0
0
72
135
192
0
0
0
0
0
141
177
192
0
0
0
0
0
20
144
64
0
0
0
0
0
128
173
192
0
0
0
0
0
198
164
64
0
0
0
0
0
114
163
192
0
0
0
0
0
120
174
64
0
0
0
0
0
160
137
192
0
0
0
0
0
212
177
64
0
0
0
0
0
184
142
64
0
0
0
0
0
191
177
64
0
0
0
0
0
178
164
64
0
0
0
0
0
242
173
64
0
0
0
0
0
166
174
64
0
0
0
0
0
212
163
64
0
0
0
0
0
0
178
64
0
0
0
0
0
144
138
64
0
0
0
0
0
246
177
64
0
0
0
0
0
120
142
192
0
0
0
0
0
108
174
64
0
0
0
0
0
204
164
192
0
0
0
0
0
78
164
64
0
0
0
0
0
238
174
192
0
0
0
0
0
88
140
64
0
0
0
0
0
62
178
192
0
0
0
0
0
64
141
192
0
0
0
0
0
82
178
192
0
0
0
0
0
196
164
192
0
0
0
0
0
82
175
192
0
0
0
0
0
70
175
192
0
0
0
0
0
66
165
192
0
0
0
0
0
160
178
192
0
0
0
0
0
120
143
192
0
0
0
0
0
219
178
192
0
0
0
0
0
176
139
64
0
0
0
0
0
59
176
192
0
0
0
0
0
232
164
64
0
0
0
0
0
44
166
192
0
0
0
0
0
238
175
64
0
0
0
0
0
156
144
192
0
0
0
0
0
28
179
64
0
0
0
0
0
32
140
64
0
0
0
0
0
89
179
64
0
0
0
0
0
120
165
64
0
0
0
0
0
151
176
64
0
0
0
0
0
90
176
64
0
0
0
0
0
114
166
64
0
0
0
0
0
120
179
64
0
0
0
0
0
80
144
64
0
0
0
0
0
150
179
64
0
0
0
0
0
216
141
192
0
0
0
0
0
174
176
64
0
0
0
0
0
246
165
192
0
0
0
0
0
108
166
64
0
0
0
0
0
142
176
192
0
0
0
0
0
32
144
64
0
0
0
0
0
156
179
192
0
0
0
0
0
24
142
192
0
0
0
0
0
176
179
192
0
0
0
0
0
2
166
192
0
0
0
0
0
204
176
192
0
0
0
0
0
156
176
192
0
0
0
0
0
188
166
192
0
0
0
0
0
191
179
192
0
0
0
0
0
204
144
192
0
0
0
0
0
238
179
192
0
0
0
0
0
64
141
64
0
0
0
0
0
27
177
192
0
0
0
0
0
18
166
64
0
0
0
0
0
78
167
192
0
0
0
0
0
210
176
64
0
0
0
0
0
100
145
192
0
0
0
0
0
30
180
64
0
0
0
0
0
208
141
64
0
0
0
0
0
94
180
64
0
0
0
0
0
176
166
64
0
0
0
0
0
123
177
64
0
0
0
0
0
79
177
64
0
0
0
0
0
176
167
64
0
0
0
0
0
171
180
64
0
0
0
0
0
40
145
64
0
0
0
0
0
218
180
64
0
0
0
0
0
36
144
192
0
0
0
0
0
203
177
64
0
0
0
0
0
170
167
192
0
0
0
0
0
214
167
64
0
0
0
0
0
225
177
192
0
0
0
0
0
128
144
64
0
0
0
0
0
53
181
192
0
0
0
0
0
148
145
192
0
0
0
0
0
68
181
192
0
0
0
0
0
160
168
192
0
0
0
0
0
1
178
192
0
0
0
0
0
98
178
192
0
0
0
0
0
208
167
192
0
0
0
0
0
162
181
192
0
0
0
0
0
32
143
192
0
0
0
0
0
131
181
192
0
0
0
0
0
52
147
64
0
0
0
0
0
3
178
192
0
0
0
0
0
150
169
64
0
0
0
0
0
74
167
192
0
0
0
0
0
208
178
64
0
0
0
0
0
72
139
192
0
0
0
0
0
225
181
64
0
0
0
0
0
136
149
64
0
0
0
0
0
123
181
64
0
0
0
0
0
170
170
64
0
0
0
0
0
171
177
64
0
0
0
0
0
39
179
64
0
0
0
0
0
26
166
64
0
0
0
0
0
234
181
64
0
0
0
0
0
128
133
64
0
0
0
0
0
49
181
64
0
0
0
0
0
72
152
192
0
0
0
0
0
30
177
64
0
0
0
0
0
172
171
192
0
0
0
0
0
182
164
64
0
0
0
0
0
100
179
192
0
0
0
0
0
176
127
64
0
0
0
0
0
224
181
192
0
0
0
0
0
196
154
192
0
0
0
0
0
235
180
192
0
0
0
0
0
162
172
192
0
0
0
0
0
171
176
192
0
0
0
0
0
179
179
192
0
0
0
0
0
150
163
192
0
0
0
0
0
0
182
192
0
0
0
0
0
144
117
192
0
0
0
0
0
213
180
192
0
0
0
0
0
104
157
64
0
0
0
0
0
91
176
192
0
0
0
0
0
224
173
64
0
0
0
0
0
128
162
192
0
0
0
0
0
51
180
64
0
0
0
0
0
224
99
192
0
0
0
0
0
68
182
64
0
0
0
0
0
74
160
64
0
0
0
0
0
202
180
64
0
0
0
0
0
0
0
0
0
0
0
0
0
0
0
0
0
0
0
0
0
0
0
0
0
0
0
0
0
0
0
0
0
0
0
0
0
0
0
0
0
0
0
0
0
0
0
0
0
0
0
0
0
0
0
0
0
0
0
0
0
0
0
0
0
0
0
0
0
0
0
0
0
0
0
0
0
0
0
0
0
0
0
0
0
0
0
0
0
0
0
0
0
0
0
0
0
0
0
0
0
0
0
0
0
0
0
0
0
0
0
0
0
0
0
0
0
0
0
0
0
0
0
0
0
0
0
0
0
0
0
0
0
0
0
0
0
0
0
0
0
0
0
0
0
0
0
0
0
0
0
0
0
0
0
0
0
0
0
0
0
0
0
0
0
0
0
0
0
0
0
0
0
0
0
0
0
0
0
0
0
0
0
0
0
0
0
0
0
0
0
0
0
0
0
0
0
0
0
0
0
0
0
0
0
0
0
0
0
0
0
0
0
0
0
0
0
0
0
0
0
0
0
0
0
0
0
0
0
0
0
0
0
0
0
0
0
0
0
0
0
0
0
0
0
0
0
0
0
0
0
0
0
0
0
0
0
0
0
0
0
0
0
0
0
0
0
0
0
0
0
0
0
0
0
0
0
0
0
0
0
0
0
0
0
0
0
0
0
0
0
0
0
0
0
0
0
0
0
0
0
0
0
0
0
0
0
0
0
0
0
0
0
0
0
0
0
0
0
0
0
0
0
0
0
0
0
0
0
0
0
0
0
0
0
0
0
0
0
0
0
0
0
0
0
0
0
0
0
0
0
0
0
0
0
0
0
0
0
0
0
0
0
0
0
0
0
0
0
0
0
0
0
0
0
0
0
0
0
0
0
0
0
0
0
0
0
0
0
0
0
0
0
0
0
0
0
0
0
0
0
0
0
0
0
0
0
0
0
0
0
0
0
0
0
0
0
0
0
0
0
0
0
0
0
0
0
0
0
0
0
0
0
0
0
0
0
0
0
0
0
0
0
0
0
0
0
0
0
0
0
0
0
0
0
0
0
0
0
0
0
0
0
0
0
0
0
0
0
0
0
0
0
0
0
0
0
0
0
0
0
0
0
0
0
0
0
0
0
0
0
0
0
0
0
0
0
0
0
0
0
0
0
0
0
0
0
0
0
0
0
0
0
0
0
0
0
0
0
0
0
0
0
0
0
0
0
0
0
0
0
0
0
0
0
0
0
0
0
0
0
0
0
0
0
0
0
0
0
0
0
0
0
0
0
0
0
0
0
0
0
0
0
0
0
0
0
0
0
0
0
0
0
0
0
0
0
0
0
0
0
0
0
0
0
0
0
0
0
0
0
0
0
0
0
0
0
0
0
0
0
0
0
0
0
0
0
0
0
0
0
0
0
0
0
0
0
0
0
0
0
0
0
0
0
0
0
0
0
0
0
0
0
0
0
0
0
0
0
0
0
0
0
0
0
0
0
0
0
0
0
0
0
0
0
0
0
0
0
0
0
0
0
0
0
0
0
0
0
0
0
0
0
0
0
0
0
0
0
0
0
0
0
0
0
0
0
0
0
0
0
0
0
0
0
0
0
0
0
0
0
0
0
0
0
0
0
0
0
0
0
0
0
0
0
0
0
0
0
0
0
0
0
0
0
0
0
0
0
0
0
0
0
0
0
0
0
0
0
0
0
0
0
0
0
0
0
0
0
0
0
0
0
0
0
0
0
0
0
0
0
0
0
0
0
0
0
0
0
0
0
0
0
0
0
0
0
0
0
0
0
0
0
0
0
0
0
0
0
0
0
0
0
0
0
0
0
0
0
0
0
0
0
0
0
0
0
0
0
0
0
0
0
0
0
0
0
0
0
0
0
0
0
0
0
0
0
0
0
0
0
0
0
0
0
0
0
0
0
0
0
0
0
0
0
0
0
0
0
0
0
0
0
0
0
0
0
0
0
0
0
0
0
0
0
0
0
0
0
0
0
0
0
0
0
0
0
0
0
0
0
0
0
0
0
0
0
0
0
0
0
0
0
0
0
0
0
0
0
0
0
0
0
0
0
0
0
0
0
0
0
0
0
0
0
0
0
0
0
0
0
0
0
0
0
0
0
0
0
0
0
0
0
0
0
0
0
0
0
0
0
0
0
0
0
0
0
0
0
0
0
0
0
0
0
0
0
0
0
0
0
0
0
0
0
0
0
0
0
0
0
0
0
0
0
0
0
0
0
0
0
0
0
0
0
0
0
0
0
0
0
0
0
0
0
0
0
0
0
0
0
0
0
0
0
0
0
0
0
0
0
0
0
0
0
0
0
0
0
0
0
0
0
0
0
0
0
0
0
0
0
0
0
0
0
0
0
0
0
0
0
0
0
0
0
0
0
0
0
0
0
0
0
0
0
0
0
0
0
0
0
0
0
0
0
0
0
0
0
0
0
0
0
0
0
0
0
0
0
0
0
0
0
0
0
0
0
0
0
0
0
0
0
0
0
0
0
0
0
0
0
0
0
0
0
0
0
0
0
0
0
0
0
0
0
0
0
0
0
0
0
0
0
0
0
0
0
0
0
0
0
0
0
0
0
0
0
0
0
0
0
0
0
0
0
0
0
0
0
0
0
0
0
0
0
0
0
0
0
0
0
0
0
0
0
0
0
0
0
0
0
0
0
0
0
0
0
0
0
0
0
0
0
0
0
0
0
0
0
0
0
0
0
0
0
0
0
0
0
0
0
0
0
0
0
0
0
0
0
0
0
0
0
0
0
0
0
0
0
0
0
0
0
0
0
0
0