58
70
65
67
84
58
67
68
65
84
49
56
58
68
65
84
65
32
35
57
48
48
48
48
48
54
57
51
54
0
0
0
0
0
108
163
64
0
0
0
0
0
126
160
192
0
0
0
0
0
8
151
64
0
0
0
0
0
132
166
192
0
0
0
0
0
32
112
64
0
0
0
0
0
216
168
192
0
0
0
0
0
192
141
192
0
0
0
0
0
70
167
192
0
0
0
0
0
172
158
192
0
0
0
0
0
68
162
192
0
0
0
0
0
148
164
192
0
0
0
0
0
160
149
192
0
0
0
0
0
156
166
192
0
0
0
0
0
48
113
192
0
0
0
0
0
82
165
192
0
0
0
0
0
8
138
64
0
0
0
0
0
2
161
192
0
0
0
0
0
12
156
64
0
0
0
0
0
128
148
192
0
0
0
0
0
112
163
64
0
0
0
0
0
128
110
192
0
0
0
0
0
0
166
64
0
0
0
0
0
152
139
64
0
0
0
0
0
54
165
64
0
0
0
0
0
160
157
64
0
0
0
0
0
6
161
64
0
0
0
0
0
116
164
64
0
0
0
0
0
232
147
64
0
0
0
0
0
176
166
64
0
0
0
0
0
192
98
64
0
0
0
0
0
6
165
64
0
0
0
0
0
128
142
192
0
0
0
0
0
176
159
64
0
0
0
0
0
64
157
192
0
0
0
0
0
228
144
64
0
0
0
0
0
106
162
192
0
0
0
0
0
192
85
64
0
0
0
0
0
100
162
192
0
0
0
0
0
32
134
192
0
0
0
0
0
20
158
192
0
0
0
0
0
200
145
192
0
0
0
0
0
140
147
192
0
0
0
0
0
32
146
192
0
0
0
0
0
168
129
192
0
0
0
0
0
32
139
192
0
0
0
0
0
128
82
192
0
0
0
0
0
240
123
192
0
0
0
0
0
192
91
64
0
0
0
0
0
0
87
192
0
0
0
0
0
0
40
64
0
0
0
0
0
128
75
64
0
0
0
0
0
96
111
192
0
0
0
0
0
0
59
192
0
0
0
0
0
128
127
192
0
0
0
0
0
96
112
192
0
0
0
0
0
56
131
192
0
0
0
0
0
8
128
192
0
0
0
0
0
176
128
192
0
0
0
0
0
120
132
192
0
0
0
0
0
80
115
192
0
0
0
0
0
168
131
192
0
0
0
0
0
128
73
192
0
0
0
0
0
240
124
192
0
0
0
0
0
64
95
64
0
0
0
0
0
192
110
192
0
0
0
0
0
128
99
64
0
0
0
0
0
64
85
192
0
0
0
0
0
0
74
64
0
0
0
0
0
0
71
192
0
0
0
0
0
0
92
192
0
0
0
0
0
64
96
192
0
0
0
0
0
32
110
192
0
0
0
0
0
48
113
192
0
0
0
0
0
176
112
192
0
0
0
0
0
240
120
192
0
0
0
0
0
0
103
192
0
0
0
0
0
32
123
192
0
0
0
0
0
0
67
192
0
0
0
0
0
0
119
192
0
0
0
0
0
192
87
64
0
0
0
0
0
224
109
192
0
0
0
0
0
0
99
64
0
0
0
0
0
128
92
192
0
0
0
0
0
128
92
64
0
0
0
0
0
0
74
192
0
0
0
0
0
0
42
64
0
0
0
0
0
64
83
192
0
0
0
0
0
192
86
192
0
0
0
0
0
96
100
192
0
0
0
0
0
192
97
192
0
0
0
0
0
16
112
192
0
0
0
0
0
192
92
192
0
0
0
0
0
32
115
192
0
0
0
0
0
0
62
192
0
0
0
0
0
208
113
192
0
0
0
0
0
128
80
64
0
0
0
0
0
0
106
192
0
0
0
0
0
0
95
64
0
0
0
0
0
0
93
192
0
0
0
0
0
64
93
64
0
0
0
0
0
0
76
192
0
0
0
0
0
0
76
64
0
0
0
0
0
0
75
192
0
0
0
0
0
0
54
192
0
0
0
0
0
0
90
192
0
0
0
0
0
192
82
192
0
0
0
0
0
160
101
192
0
0
0
0
0
192
82
192
0
0
0
0
0
160
107
192
0
0
0
0
0
0
58
192
0
0
0
0
0
192
107
192
0
0
0
0
0
0
69
64
0
0
0
0
0
64
102
192
0
0
0
0
0
64
87
64
0
0
0
0
0
0
92
192
0
0
0
0
0
128
89
64
0
0
0
0
0
0
78
192
0
0
0
0
0
192
80
64
0
0
0
0
0
0
71
192
0
0
0
0
0
0
38
64
0
0
0
0
0
0
82
192
0
0
0
0
0
0
66
192
0
0
0
0
0
64
94
192
0
0
0
0
0
128
72
192
0
0
0
0
0
96
100
192
0
0
0
0
0
0
56
192
0
0
0
0
0
224
101
192
0
0
0
0
0
0
55
64
0
0
0
0
0
0
99
192
0
0
0
0
0
64
80
64
0
0
0
0
0
192
90
192
0
0
0
0
0
64
84
64
0
0
0
0
0
64
80
192
0
0
0
0
0
0
80
64
0
0
0
0
0
0
71
192
0
0
0
0
0
0
58
64
0
0
0
0
0
128
76
192
0
0
0
0
0
0
40
192
0
0
0
0
0
0
86
192
0
0
0
0
0
0
63
192
0
0
0
0
0
128
94
192
0
0
0
0
0
0
53
192
0
0
0
0
0
64
97
192
0
0
0
0
0
0
32
64
0
0
0
0
0
64
96
192
0
0
0
0
0
0
68
64
0
0
0
0
0
192
89
192
0
0
0
0
0
0
77
64
0
0
0
0
0
192
81
192
0
0
0
0
0
0
75
64
0
0
0
0
0
128
73
192
0
0
0
0
0
0
63
64
0
0
0
0
0
128
73
192
0
0
0
0
0
0
0
64
0
0
0
0
0
64
81
192
0
0
0
0
0
0
49
192
0
0
0
0
0
64
87
192
0
0
0
0
0
0
51
192
0
0
0
0
0
128
91
192
0
0
0
0
0
0
16
192
0
0
0
0
0
64
92
192
0
0
0
0
0
0
49
64
0
0
0
0
0
0
89
192
0
0
0
0
0
128
65
64
0
0
0
0
0
0
84
192
0
0
0
0
0
128
67
64
0
0
0
0
0
0
79
192
0
0
0
0
0
0
62
64
0
0
0
0
0
0
75
192
0
0
0
0
0
0
40
64
0
0
0
0
0
128
77
192
0
0
0
0
0
0
24
192
0
0
0
0
0
64
82
192
0
0
0
0
0
0
46
192
0
0
0
0
0
64
86
192
0
0
0
0
0
0
42
192
0
0
0
0
0
192
88
192
0
0
0
0
0
0
8
192
0
0
0
0
0
192
88
192
0
0
0
0
0
0
38
64
0
0
0
0
0
128
86
192
0
0
0
0
0
0
54
64
0
0
0
0
0
64
83
192
0
0
0
0
0
0
56
64
0
0
0
0
0
0
80
192
0
0
0
0
0
0
50
64
0
0
0
0
0
0
77
192
0
0
0
0
0
0
20
64
0
0
0
0
0
0
79
192
0
0
0
0
0
0
36
192
0
0
0
0
0
64
82
192
0
0
0
0
0
0
51
192
0
0
0
0
0
192
85
192
0
0
0
0
0
0
52
192
0
0
0
0
0
192
88
192
0
0
0
0
0
0
40
192
0
0
0
0
0
192
89
192
0
0
0
0
0
0
0
64
0
0
0
0
0
64
88
192
0
0
0
0
0
0
48
64
0
0
0
0
0
128
84
192
0
0
0
0
0
0
54
64
0
0
0
0
0
128
80
192
0
0
0
0
0
0
48
64
0
0
0
0
0
128
76
192
0
0
0
0
0
0
240
191
0
0
0
0
0
128
78
192
0
0
0
0
0
0
53
192
0
0
0
0
0
128
83
192
0
0
0
0
0
128
65
192
0
0
0
0
0
64
89
192
0
0
0
0
0
128
65
192
0
0
0
0
0
192
93
192
0
0
0
0
0
0
52
192
0
0
0
0
0
192
94
192
0
0
0
0
0
0
16
64
0
0
0
0
0
0
91
192
0
0
0
0
0
0
56
64
0
0
0
0
0
192
84
192
0
0
0
0
0
0
61
64
0
0
0
0
0
0
78
192
0
0
0
0
0
0
42
64
0
0
0
0
0
0
75
192
0
0
0
0
0
0
49
192
0
0
0
0
0
192
81
192
0
0
0
0
0
0
71
192
0
0
0
0
0
64
90
192
0
0
0
0
0
0
77
192
0
0
0
0
0
128
97
192
0
0
0
0
0
0
70
192
0
0
0
0
0
160
99
192
0
0
0
0
0
0
36
192
0
0
0
0
0
96
98
192
0
0
0
0
0
0
59
64
0
0
0
0
0
64
92
192
0
0
0
0
0
0
71
64
0
0
0
0
0
128
82
192
0
0
0
0
0
128
65
64
0
0
0
0
0
128
74
192
0
0
0
0
0
0
16
192
0
0
0
0
0
64
80
192
0
0
0
0
0
0
73
192
0
0
0
0
0
64
91
192
0
0
0
0
0
192
83
192
0
0
0
0
0
128
100
192
0
0
0
0
0
0
82
192
0
0
0
0
0
64
105
192
0
0
0
0
0
0
61
192
0
0
0
0
0
64
105
192
0
0
0
0
0
0
61
64
0
0
0
0
0
32
100
192
0
0
0
0
0
192
81
64
0
0
0
0
0
192
89
192
0
0
0
0
0
192
81
64
0
0
0
0
0
0
78
192
0
0
0
0
0
0
58
64
0
0
0
0
0
128
78
192
0
0
0
0
0
128
68
192
0
0
0
0
0
0
92
192
0
0
0
0
0
128
87
192
0
0
0
0
0
32
104
192
0
0
0
0
0
64
89
192
0
0
0
0
0
96
112
192
0
0
0
0
0
128
73
192
0
0
0
0
0
160
113
192
0
0
0
0
0
128
64
64
0
0
0
0
0
0
110
192
0
0
0
0
0
64
91
64
0
0
0
0
0
192
99
192
0
0
0
0
0
192
96
64
0
0
0
0
0
0
84
192
0
0
0
0
0
192
86
64
0
0
0
0
0
128
76
192
0
0
0
0
0
0
240
191
0
0
0
0
0
128
91
192
0
0
0
0
0
64
87
192
0
0
0
0
0
192
107
192
0
0
0
0
0
32
96
192
0
0
0
0
0
64
117
192
0
0
0
0
0
0
84
192
0
0
0
0
0
48
121
192
0
0
0
0
0
0
68
64
0
0
0
0
0
96
119
192
0
0
0
0
0
192
101
64
0
0
0
0
0
112
112
192
0
0
0
0
0
160
111
64
0
0
0
0
0
64
96
192
0
0
0
0
0
0
109
64
0
0
0
0
0
128
73
192
0
0
0
0
0
0
93
64
0
0
0
0
0
0
85
192
0
0
0
0
0
0
65
192
0
0
0
0
0
192
108
192
0
0
0
0
0
128
96
192
0
0
0
0
0
208
122
192
0
0
0
0
0
0
91
192
0
0
0
0
0
88
130
192
0
0
0
0
0
0
74
64
0
0
0
0
0
64
131
192
0
0
0
0
0
48
114
64
0
0
0
0
0
144
126
192
0
0
0
0
0
112
127
64
0
0
0
0
0
16
112
192
0
0
0
0
0
72
130
64
0
0
0
0
0
0
65
192
0
0
0
0
0
128
126
64
0
0
0
0
0
0
73
64
0
0
0
0
0
128
111
64
0
0
0
0
0
128
84
192
0
0
0
0
0
0
8
64
0
0
0
0
0
240
121
192
0
0
0
0
0
64
89
192
0
0
0
0
0
160
137
192
0
0
0
0
0
192
80
64
0
0
0
0
0
84
145
192
0
0
0
0
0
144
128
64
0
0
0
0
0
44
145
192
0
0
0
0
0
152
146
64
0
0
0
0
0
184
133
192
0
0
0
0
0
224
156
64
0
0
0
0
0
192
81
64
0
0
0
0
0
194
161
64
0
0
0
0
0
48
144
64
0
0
0
0
0
218
161
64
0
0
0
0
0
164
158
64
0
0
0
0
0
108
156
64
0
0
0
0
0
100
164
64
0
0
0
0
0
144
141
64
0
0
0
0
0
2
166
64
0
0
0
0
0
32
99
192
0
0
0
0
0
204
163
64
0
0
0
0
0
136
147
192
0
0
0
0
0
120
156
64
0
0
0
0
0
162
160
192
0
0
0
0
0
208
137
64
0
0
0
0
0
164
164
192
0
0
0
0
0
32
113
192
0
0
0
0
0
74
165
192
0
0
0
0
0
116
148
192
0
0
0
0
0
170
162
192
0
0
0
0
0
178
160
192
0
0
0
0
0
140
154
192
0
0
0
0
0
188
164
192
0
0
0
0
0
160
135
192
0
0
0
0
0
208
165
192
0
0
0
0
0
224
115
64
0
0
0
0
0
178
163
192
0
0
0
0
0
164
149
64
0
0
0
0
0
4
157
192
0
0
0
0
0
232
161
64
0
0
0
0
0
64
139
192
0
0
0
0
0
156
166
64
0
0
0
0
0
160
114
64
0
0
0
0
0
250
167
64
0
0
0
0
0
240
150
64
0
0
0
0
0
148
165
64
0
0
0
0
0
4
163
64
0
0
0
0
0
72
159
64
0
0
0
0
0
150
167
64
0
0
0
0
0
80
140
64
0
0
0
0
0
84
168
64
0
0
0
0
0
0
117
192
0
0
0
0
0
36
165
64
0
0
0
0
0
144
151
192
0
0
0
0
0
72
157
64
0
0
0
0
0
220
162
192
0
0
0
0
0
248
135
64
0
0
0
0
0
200
166
192
0
0
0
0
0
208
122
192
0
0
0
0
0
14
167
192
0
0
0
0
0
0
152
192
0
0
0
0
0
210
163
192
0
0
0
0
0
192
162
192
0
0
0
0
0
76
155
192
0
0
0
0
0
192
166
192
0
0
0
0
0
200
133
192
0
0
0
0
0
122
167
192
0
0
0
0
0
160
125
64
0
0
0
0
0
192
164
192
0
0
0
0
0
56
153
64
0
0
0
0
0
156
157
192
0
0
0
0
0
10
164
64
0
0
0
0
0
24
137
192
0
0
0
0
0
212
168
64
0
0
0
0
0
224
125
64
0
0
0
0
0
14
170
64
0
0
0
0
0
120
155
64
0
0
0
0
0
60
167
64
0
0
0
0
0
18
166
64
0
0
0
0
0
140
160
64
0
0
0
0
0
54
171
64
0
0
0
0
0
128
139
64
0
0
0
0
0
30
172
64
0
0
0
0
0
8
129
192
0
0
0
0
0
116
168
64
0
0
0
0
0
244
157
192
0
0
0
0
0
198
160
64
0
0
0
0
0
110
167
192
0
0
0
0
0
88
137
64
0
0
0
0
0
40
172
192
0
0
0
0
0
88
132
192
0
0
0
0
0
98
172
192
0
0
0
0
0
64
159
192
0
0
0
0
0
40
168
192
0
0
0
0
0
158
167
192
0
0
0
0
0
64
160
192
0
0
0
0
0
232
171
192
0
0
0
0
0
0
136
192
0
0
0
0
0
248
171
192
0
0
0
0
0
240
131
64
0
0
0
0
0
238
167
192
0
0
0
0
0
28
158
64
0
0
0
0
0
120
160
192
0
0
0
0
0
202
166
64
0
0
0
0
0
248
138
192
0
0
0
0
0
30
171
64
0
0
0
0
0
160
126
64
0
0
0
0
0
124
171
64
0
0
0
0
0
100
155
64
0
0
0
0
0
224
167
64
0
0
0
0
0
112
165
64
0
0
0
0
0
222
160
64
0
0
0
0
0
240
169
64
0
0
0
0
0
0
142
64
0
0
0
0
0
148
170
64
0
0
0
0
0
112
118
192
0
0
0
0
0
78
167
64
0
0
0
0
0
12
153
192
0
0
0
0
0
172
160
64
0
0
0
0
0
62
164
192
0
0
0
0
0
200
142
64
0
0
0
0
0
228
168
192
0
0
0
0
0
96
114
192
0
0
0
0
0
216
169
192
0
0
0
0
0
196
151
192
0
0
0
0
0
10
167
192
0
0
0
0
0
188
163
192
0
0
0
0
0
230
160
192
0
0
0
0
0
190
168
192
0
0
0
0
0
148
144
192
0
0
0
0
0
50
170
192
0
0
0
0
0
64
105
64
0
0
0
0
0
222
167
192
0
0
0
0
0
156
150
64
0
0
0
0
0
8
162
192
0
0
0
0
0
124
163
64
0
0
0
0
0
8
147
192
0
0
0
0
0
222
168
64
0
0
0
0
0
128
75
64
0
0
0
0
0
162
170
64
0
0
0
0
0
148
148
64
0
0
0
0
0
120
168
64
0
0
0
0
0
140
162
64
0
0
0
0
0
186
162
64
0
0
0
0
0
246
167
64
0
0
0
0
0
168
148
64
0
0
0
0
0
194
169
64
0
0
0
0
0
128
83
64
0
0
0
0
0
198
167
64
0
0
0
0
0
232
145
192
0
0
0
0
0
112
162
64
0
0
0
0
0
244
160
192
0
0
0
0
0
68
149
64
0
0
0
0
0
82
166
192
0
0
0
0
0
160
104
64
0
0
0
0
0
108
168
192
0
0
0
0
0
88
142
192
0
0
0
0
0
24
167
192
0
0
0
0
0
24
159
192
0
0
0
0
0
154
162
192
0
0
0
0
0
82
165
192
0
0
0
0
0
40
151
192
0
0
0
0
0
42
168
192
0
0
0
0
0
144
119
192
0
0
0
0
0
170
167
192
0
0
0
0
0
152
136
64
0
0
0
0
0
218
163
192
0
0
0
0
0
232
156
64
0
0
0
0
0
100
154
192
0
0
0
0
0
196
164
64
0
0
0
0
0
160
130
192
0
0
0
0
0
32
168
64
0
0
0
0
0
0
130
64
0
0
0
0
0
0
168
64
0
0
0
0
0
188
153
64
0
0
0
0
0
114
164
64
0
0
0
0
0
44
163
64
0
0
0
0
0
28
156
64
0
0
0
0
0
138
166
64
0
0
0
0
0
152
135
64
0
0
0
0
0
156
166
64
0
0
0
0
0
224
117
192
0
0
0
0
0
144
163
64
0
0
0
0
0
48
149
192
0
0
0
0
0
4
156
64
0
0
0
0
0
168
160
192
0
0
0
0
0
72
139
64
0
0
0
0
0
66
164
192
0
0
0
0
0
128
96
192
0
0
0
0
0
26
165
192
0
0
0
0
0
60
145
192
0
0
0
0
0
52
163
192
0
0
0
0
0
48
158
192
0
0
0
0
0
164
157
192
0
0
0
0
0
182
163
192
0
0
0
0
0
208
144
192
0
0
0
0
0
216
165
192
0
0
0
0
0
192
84
192
0
0
0
0
0
22
165
192
0
0
0
0
0
72
142
64
0
0
0
0
0
78
161
192
0
0
0
0
0
92
158
64
0
0
0
0
0
160
149
192
0
0
0
0
0
10
165
64
0
0
0
0
0
16
115
192
0
0
0
0
0
40
168
64
0
0
0
0
0
72
139
64
0
0
0
0
0
222
167
64
0
0
0
0
0
208
158
64
0
0
0
0
0
12
164
64
0
0
0
0
0
2
166
64
0
0
0
0
0
80
154
64
0
0
0
0
0
140
169
64
0
0
0
0
0
176
128
64
0
0
0
0
0
114
169
64
0
0
0
0
0
48
134
192
0
0
0
0
0
176
165
64
0
0
0
0
0
36
157
192
0
0
0
0
0
164
157
64
0
0
0
0
0
146
165
192
0
0
0
0
0
64
135
64
0
0
0
0
0
138
169
192
0
0
0
0
0
64
128
192
0
0
0
0
0
234
169
192
0
0
0
0
0
224
154
192
0
0
0
0
0
154
166
192
0
0
0
0
0
254
164
192
0
0
0
0
0
6
160
192
0
0
0
0
0
160
169
192
0
0
0
0
0
32
140
192
0
0
0
0
0
154
170
192
0
0
0
0
0
32
121
64
0
0
0
0
0
174
167
192
0
0
0
0
0
32
154
64
0
0
0
0
0
46
161
192
0
0
0
0
0
68
165
64
0
0
0
0
0
216
143
192
0
0
0
0
0
126
170
64
0
0
0
0
0
112
117
64
0
0
0
0
0
222
171
64
0
0
0
0
0
88
154
64
0
0
0
0
0
24
169
64
0
0
0
0
0
240
165
64
0
0
0
0
0
122
162
64
0
0
0
0
0
158
171
64
0
0
0
0
0
220
145
64
0
0
0
0
0
70
173
64
0
0
0
0
0
128
113
192
0
0
0
0
0
144
170
64
0
0
0
0
0
128
154
192
0
0
0
0
0
198
163
64
0
0
0
0
0
146
166
192
0
0
0
0
0
160
147
64
0
0
0
0
0
178
172
192
0
0
0
0
0
32
110
192
0
0
0
0
0
146
174
192
0
0
0
0
0
24
155
192
0
0
0
0
0
196
171
192
0
0
0
0
0
84
167
192
0
0
0
0
0
152
164
192
0
0
0
0
0
156
173
192
0
0
0
0
0
52
148
192
0
0
0
0
0
78
175
192
0
0
0
0
0
144
112
64
0
0
0
0
0
24
172
192
0
0
0
0
0
236
155
64
0
0
0
0
0
130
164
192
0
0
0
0
0
156
167
64
0
0
0
0
0
168
147
192
0
0
0
0
0
124
173
64
0
0
0
0
0
80
113
64
0
0
0
0
0
186
174
64
0
0
0
0
0
20
155
64
0
0
0
0
0
74
171
64
0
0
0
0
0
152
166
64
0
0
0
0
0
224
163
64
0
0
0
0
0
18
172
64
0
0
0
0
0
132
147
64
0
0
0
0
0
88
173
64
0
0
0
0
0
224
103
192
0
0
0
0
0
104
170
64
0
0
0
0
0
144
152
192
0
0
0
0
0
200
163
64
0
0
0
0
0
44
165
192
0
0
0
0
0
204
148
64
0
0
0
0
0
6
171
192
0
0
0
0
0
128
80
192
0
0
0
0
0
18
173
192
0
0
0
0
0
20
151
192
0
0
0
0
0
248
170
192
0
0
0
0
0
40
165
192
0
0
0
0
0
218
164
192
0
0
0
0
0
232
171
192
0
0
0
0
0
212
150
192
0
0
0
0
0
160
174
192
0
0
0
0
0
0
38
64
0
0
0
0
0
176
172
192
0
0
0
0
0
240
151
64
0
0
0
0
0
52
166
192
0
0
0
0
0
80
166
64
0
0
0
0
0
36
152
192
0
0
0
0
0
96
173
64
0
0
0
0
0
0
36
64
0
0
0
0
0
228
175
64
0
0
0
0
0
116
152
64
0
0
0
0
0
108
173
64
0
0
0
0
0
92
166
64
0
0
0
0
0
106
166
64
0
0
0
0
0
222
172
64
0
0
0
0
0
68
152
64
0
0
0
0
0
212
174
64
0
0
0
0
0
0
69
64
0
0
0
0
0
38
172
64
0
0
0
0
0
44
150
192
0
0
0
0
0
122
165
64
0
0
0
0
0
106
164
192
0
0
0
0
0
4
152
64
0
0
0
0
0
104
170
192
0
0
0
0
0
160
99
64
0
0
0
0
0
102
172
192
0
0
0
0
0
164
146
192
0
0
0
0
0
82
170
192
0
0
0
0
0
60
162
192
0
0
0
0
0
158
164
192
0
0
0
0
0
100
168
192
0
0
0
0
0
80
152
192
0
0
0
0
0
6
171
192
0
0
0
0
0
192
112
192
0
0
0
0
0
206
169
192
0
0
0
0
0
100
144
64
0
0
0
0
0
230
164
192
0
0
0
0
0
86
161
64
0
0
0
0
0
228
153
192
0
0
0
0
0
8
168
64
0
0
0
0
0
80
120
192
0
0
0
0
0
84
171
64
0
0
0
0
0
176
141
64
0
0
0
0
0
180
170
64
0
0
0
0
0
240
160
64
0
0
0
0
0
52
166
64
0
0
0
0
0
30
168
64
0
0
0
0
0
228
156
64
0
0
0
0
0
228
171
64
0
0
0
0
0
40
130
64
0
0
0
0
0
176
171
64
0
0
0
0
0
88
136
192
0
0
0
0
0
134
167
64
0
0
0
0
0
200
159
192
0
0
0
0
0
0
160
64
0
0
0
0
0
112
167
192
0
0
0
0
0
192
136
64
0
0
0
0
0
164
171
192
0
0
0
0
0
240
129
192
0
0
0
0
0
222
171
192
0
0
0
0
0
236
156
192
0
0
0
0
0
22
168
192
0
0
0
0
0
72
166
192
0
0
0
0
0
220
160
192
0
0
0
0
0
208
170
192
0
0
0
0
0
0
141
192
0
0
0
0
0
104
171
192
0
0
0
0
0
112
122
64
0
0
0
0
0
6
168
192
0
0
0
0
0
132
154
64
0
0
0
0
0
58
161
192
0
0
0
0
0
46
165
64
0
0
0
0
0
24
144
192
0
0
0
0
0
250
169
64
0
0
0
0
0
112
113
64
0
0
0
0
0
10
171
64
0
0
0
0
0
16
152
64
0
0
0
0
0
78
168
64
0
0
0
0
0
46
164
64
0
0
0
0
0
48
162
64
0
0
0
0
0
146
169
64
0
0
0
0
0
24
147
64
0
0
0
0
0
122
171
64
0
0
0
0
0
0
80
192
0
0
0
0
0
158
169
64
0
0
0
0
0
72
149
192
0
0
0
0
0
38
164
64
0
0
0
0
0
136
163
192
0
0
0
0
0
84
151
64
0
0
0
0
0
234
169
192
0
0
0
0
0
224
99
64
0
0
0
0
0
198
172
192
0
0
0
0
0
104
147
192
0
0
0
0
0
136
171
192
0
0
0
0
0
146
163
192
0
0
0
0
0
42
166
192
0
0
0
0
0
198
170
192
0
0
0
0
0
160
154
192
0
0
0
0
0
26
174
192
0
0
0
0
0
208
113
192
0
0
0
0
0
232
172
192
0
0
0
0
0
208
146
64
0
0
0
0
0
76
167
192
0
0
0
0
0
192
163
64
0
0
0
0
0
64
156
192
0
0
0
0
0
40
171
64
0
0
0
0
0
176
118
192
0
0
0
0
0
126
174
64
0
0
0
0
0
168
145
64
0
0
0
0
0
74
173
64
0
0
0
0
0
32
163
64
0
0
0
0
0
204
167
64
0
0
0
0
0
146
170
64
0
0
0
0
0
208
157
64
0
0
0
0
0
42
174
64
0
0
0
0
0
96
127
64
0
0
0
0
0
118
173
64
0
0
0
0
0
96
142
192
0
0
0
0
0
144
168
64
0
0
0
0
0
14
162
192
0
0
0
0
0
30
160
64
0
0
0
0
0
8
170
192
0
0
0
0
0
232
132
64
0
0
0
0
0
98
174
192
0
0
0
0
0
152
138
192
0
0
0
0
0
102
174
192
0
0
0
0
0
216
161
192
0
0
0
0
0
236
169
192
0
0
0
0
0
174
170
192
0
0
0
0
0
114
161
192
0
0
0
0
0
192
175
192
0
0
0
0
0
64
136
192
0
0
0
0
0
15
176
192
0
0
0
0
0
80
138
64
0
0
0
0
0
144
171
192
0
0
0
0
0
148
162
64
0
0
0
0
0
164
162
192
0
0
0
0
0
8
172
64
0
0
0
0
0
160
138
192
0
0
0
0
0
179
176
64
0
0
0
0
0
88
138
64
0
0
0
0
0
223
176
64
0
0
0
0
0
6
163
64
0
0
0
0
0
244
172
64
0
0
0
0
0
182
172
64
0
0
0
0
0
184
163
64
0
0
0
0
0
20
177
64
0
0
0
0
0
192
141
64
0
0
0
0
0
63
177
64
0
0
0
0
0
24
136
192
0
0
0
0
0
166
173
64
0
0
0
0
0
158
162
192
0
0
0
0
0
92
164
64
0
0
0
0
0
110
172
192
0
0
0
0
0
12
144
64
0
0
0
0
0
251
176
192
0
0
0
0
0
0
134
192
0
0
0
0
0
46
177
192
0
0
0
0
0
38
162
192
0
0
0
0
0
146
173
192
0
0
0
0
0
2
172
192
0
0
0
0
0
82
164
192
0
0
0
0
0
201
176
192
0
0
0
0
0
8
144
192
0
0
0
0
0
2
177
192
0
0
0
0
0
200
133
64
0
0
0
0
0
80
173
192
0
0
0
0
0
8
162
64
0
0
0
0
0
50
164
192
0
0
0
0
0
218
171
64
0
0
0
0
0
40
144
192
0
0
0
0
0
186
176
64
0
0
0
0
0
224
132
64
0
0
0
0
0
7
177
64
0
0
0
0
0
186
161
64
0
0
0
0
0
154
173
64
0
0
0
0
0
160
171
64
0
0
0
0
0
202
164
64
0
0
0
0
0
191
176
64
0
0
0
0
0
204
145
64
0
0
0
0
0
60
177
64
0
0
0
0
0
80
129
192
0
0
0
0
0
102
174
64
0
0
0
0
0
254
160
192
0
0
0
0
0
214
165
64
0
0
0
0
0
58
171
192
0
0
0
0
0
0
148
64
0
0
0
0
0
195
176
192
0
0
0
0
0
48
123
192
0
0
0
0
0
114
177
192
0
0
0
0
0
98
160
192
0
0
0
0
0
18
175
192
0
0
0
0
0
254
170
192
0
0
0
0
0
146
166
192
0
0
0
0
0
205
176
192
0
0
0
0
0
72
149
192
0
0
0
0
0
151
177
192
0
0
0
0
0
128
119
64
0
0
0
0
0
122
175
192
0
0
0
0
0
28
160
64
0
0
0
0
0
14
167
192
0
0
0
0
0
228
170
64
0
0
0
0
0
96
150
192
0
0
0
0
0
214
176
64
0
0
0
0
0
208
114
64
0
0
0
0
0
189
177
64
0
0
0
0
0
28
159
64
0
0
0
0
0
8
176
64
0
0
0
0
0
132
170
64
0
0
0
0
0
242
167
64
0
0
0
0
0
210
176
64
0
0
0
0
0
160
152
64
0
0
0
0
0
245
177
64
0
0
0
0
0
192
98
192
0
0
0
0
0
125
176
64
0
0
0
0
0
36
157
192
0
0
0
0
0
52
169
64
0
0
0
0
0
246
169
192
0
0
0
0
0
84
155
64
0
0
0
0
0
212
176
192
0
0
0
0
0
0
0
192
0
0
0
0
0
61
178
192
0
0
0
0
0
184
155
192
0
0
0
0
0
246
176
192
0
0
0
0
0
208
169
192
0
0
0
0
0
70
170
192
0
0
0
0
0
5
177
192
0
0
0
0
0
44
157
192
0
0
0
0
0
160
178
192
0
0
0
0
0
128
81
192
0
0
0
0
0
111
177
192
0
0
0
0
0
132
155
64
0
0
0
0
0
48
171
192
0
0
0
0
0
40
170
64
0
0
0
0
0
156
158
192
0
0
0
0
0
97
177
64
0
0
0
0
0
64
95
192
0
0
0
0
0
28
179
64
0
0
0
0
0
84
155
64
0
0
0
0
0
252
177
64
0
0
0
0
0
106
170
64
0
0
0
0
0
76
172
64
0
0
0
0
0
171
177
64
0
0
0
0
0
78
160
64
0
0
0
0
0
136
179
64
0
0
0
0
0
0
108
64
0
0
0
0
0
124
178
64
0
0
0
0
0
100
154
192
0
0
0
0
0
82
173
64
0
0
0
0
0
72
170
192
0
0
0
0
0
56
161
64
0
0
0
0
0
193
177
192
0
0
0
0
0
160
115
64
0
0
0
0
0
186
179
192
0
0
0
0
0
128
153
192
0
0
0
0
0
188
178
192
0
0
0
0
0
22
170
192
0
0
0
0
0
208
173
192
0
0
0
0
0
195
177
192
0
0
0
0
0
160
161
192
0
0
0
0
0
208
179
192
0
0
0
0
0
240
117
192
0
0
0
0
0
224
178
192
0
0
0
0
0
0
0
0
0
0
0
0
0
0
0
0
0
0
0
0
0
0
0
0
0
0
0
0
0
0
0
0
0
0
0
0
0
0
0
0
0
0
0
0
0
0
0
0
0
0
0
0
0
0
0
0
0
0
0
0
0
0
0
0
0
0
0
0
0
0
0
0
0
0
0
0
0
0
0
0
0
0
0
0
0
0
0
0
0
0
0
0
0
0
0
0
0
0
0
0
0
0
0
0
0
0
0
0
0
0
0
0
0
0
0
0
0
0
0
0
0
0
0
0
0
0
0
0
0
0
0
0
0
0
0
0
0
0
0
0
0
0
0
0
0
0
0
0
0
0
0
0
0
0
0
0
0
0
0
0
0
0
0
0
0
0
0
0
0
0
0
0
0
0
0
0
0
0
0
0
0
0
0
0
0
0
0
0
0
0
0
0
0
0
0
0
0
0
0
0
0
0
0
0
0
0
0
0
0
0
0
0
0
0
0
0
0
0
0
0
0
0
0
0
0
0
0
0
0
0
0
0
0
0
0
0
0
0
0
0
0
0
0
0
0
0
0
0
0
0
0
0
0
0
0
0
0
0
0
0
0
0
0
0
0
0
0
0
0
0
0
0
0
0
0
0
0
0
0
0
0
0
0
0
0
0
0
0
0
0
0
0
0
0
0
0
0
0
0
0
0
0
0
0
0
0
0
0
0
0
0
0
0
0
0
0
0
0
0
0
0
0
0
0
0
0
0
0
0
0
0
0
0
0
0
0
0
0
0
0
0
0
0
0
0
0
0
0
0
0
0
0
0
0
0
0
0
0
0
0
0
0
0
0
0
0
0
0
0
0
0
0
0
0
0
0
0
0
0
0
0
0
0
0
0
0
0
0
0
0
0
0
0
0
0
0
0
0
0
0
0
0
0
0
0
0
0
0
0
0
0
0
0
0
0
0
0
0
0
0
0
0
0
0
0
0
0
0
0
0
0
0
0
0
0
0
0
0
0
0
0
0
0
0
0
0
0
0
0
0
0
0
0
0
0
0
0
0
0
0
0
0
0
0
0
0
0
0
0
0
0
0
0
0
0
0
0
0
0
0
0
0
0
0
0
0
0
0
0
0
0
0
0
0
0
0
0
0
0
0
0
0
0
0
0
0
0
0
0
0
0
0
0
0
0
0
0
0
0
0
0
0
0
0
0
0
0
0
0
0
0
0
0
0
0
0
0
0
0
0
0
0
0
0
0
0
0
0
0
0
0
0
0
0
0
0
0
0
0
0
0
0
0
0
0
0
0
0
0
0
0
0
0
0
0
0
0
0
0
0
0
0
0
0
0
0
0
0
0
0
0
0
0
0
0
0
0
0
0
0
0
0
0
0
0
0
0
0
0
0
0
0
0
0
0
0
0
0
0
0
0
0
0
0
0
0
0
0
0
0
0
0
0
0
0
0
0
0
0
0
0
0
0
0
0
0
0
0
0
0
0
0
0
0
0
0
0
0
0
0
0
0
0
0
0
0
0
0
0
0
0
0
0
0
0
0
0
0
0
0
0
0
0
0
0
0
0
0
0
0
0
0
0
0
0
0
0
0
0
0
0
0
0
0
0
0
0
0
0
0
0
0
0
0
0
0
0
0
0
0
0
0
0
0
0
0
0
0
0
0
0
0
0
0
0
0
0
0
0
0
0
0
0
0
0
0
0
0
0
0
0
0
0
0
0
0
0
0
0
0
0
0
0
0
0
0
0
0
0
0
0
0
0
0
0
0
0
0
0
0
0
0
0
0
0
0
0
0
0
0
0
0
0
0
0
0
0
0
0
0
0
0
0
0
0
0
0
0
0
0
0
0
0
0
0
0
0
0
0
0
0
0
0
0
0
0
0
0
0
0
0
0
0
0
0
0
0
0
0
0
0
0
0
0
0
0
0
0
0
0
0
0
0
0
0
0
0
0
0
0
0
0
0
0
0
0
0
0
0
0
0
0
0
0
0
0
0
0
0
0
0
0
0
0
0
0
0
0
0
0
0
0
0
0
0
0
0
0
0
0
0
0
0
0
0
0
0
0
0
0
0
0
0
0
0
0
0
0
0
0
0
0
0
0
0
0
0
0
0
0
0
0
0
0
0
0
0
0
0
0
0
0
0
0
0
0
0
0
0
0
0
0
0
0
0
0
0
0
0
0
0
0
0
0
0
0
0
0
0
0
0
0
0
0
0
0
0
0
0
0
0
0
0
0
0
0
0
0
0
0
0
0
0
0
0
0
0
0
0
0
0
0
0
0
0
0
0
0
0
0
0
0
0
0
0
0
0
0
0
0
0
0
0
0
0
0
0
0
0
0
0
0
0
0
0
0
0
0
0
0
0
0
0
0
0
0
0
0
0
0
0
0
0
0
0
0
0
0
0
0
0
0
0
0
0
0
0
0
0
0
0
0
0
0
0
0
0
0
0
0
0
0
0
0
0
0
0
0
0
0
0
0
0
0
0
0
0
0
0
0
0
0
0
0
0
0
0
0
0
0
0
0
0
0
0
0
0
0
0
0
0
0
0
0
0
0
0
0
0
0
0
0
0
0
0
0
0
0
0
0
0
0
0
0
0
0
0
0
0
0
0
0
0
0
0
0
0
0
0
0
0
0
0
0
0
0
0
0
0
0
0
0
0
0
0
0
0
0
0
0
0
0
0
0
0
0
0
0
0
0
0
0
0
0
0
0
0
0
0
0
0
0
0
0
0
0
0
0
0
0
0
0
0
0
0
0
0
0
0
0
0
0
0
0
0
0
0