58
70
65
67
84
58
67
68
65
84
49
56
58
68
65
84
65
32
35
57
48
48
48
48
48
54
57
51
54
0
0
0
0
0
56
153
64
0
0
0
0
0
48
174
192
0
0
0
0
0
34
170
64
0
0
0
0
0
10
162
192
0
0
0
0
0
230
177
64
0
0
0
0
0
208
120
192
0
0
0
0
0
22
180
64
0
0
0
0
0
224
152
64
0
0
0
0
0
74
179
64
0
0
0
0
0
78
170
64
0
0
0
0
0
50
175
64
0
0
0
0
0
54
178
64
0
0
0
0
0
16
163
64
0
0
0
0
0
158
180
64
0
0
0
0
0
16
127
64
0
0
0
0
0
247
179
64
0
0
0
0
0
68
152
192
0
0
0
0
0
72
176
64
0
0
0
0
0
148
170
192
0
0
0
0
0
32
164
64
0
0
0
0
0
157
178
192
0
0
0
0
0
152
129
64
0
0
0
0
0
44
181
192
0
0
0
0
0
120
152
192
0
0
0
0
0
130
180
192
0
0
0
0
0
46
171
192
0
0
0
0
0
168
176
192
0
0
0
0
0
9
179
192
0
0
0
0
0
88
164
192
0
0
0
0
0
142
181
192
0
0
0
0
0
80
128
192
0
0
0
0
0
185
180
192
0
0
0
0
0
224
153
64
0
0
0
0
0
165
176
192
0
0
0
0
0
4
172
64
0
0
0
0
0
232
163
192
0
0
0
0
0
99
179
64
0
0
0
0
0
48
123
192
0
0
0
0
0
194
181
64
0
0
0
0
0
88
155
64
0
0
0
0
0
192
180
64
0
0
0
0
0
160
172
64
0
0
0
0
0
135
176
64
0
0
0
0
0
148
179
64
0
0
0
0
0
126
163
64
0
0
0
0
0
210
181
64
0
0
0
0
0
96
119
64
0
0
0
0
0
178
180
64
0
0
0
0
0
48
156
192
0
0
0
0
0
96
176
64
0
0
0
0
0
236
172
192
0
0
0
0
0
12
163
64
0
0
0
0
0
164
179
192
0
0
0
0
0
48
115
64
0
0
0
0
0
198
181
192
0
0
0
0
0
68
157
192
0
0
0
0
0
134
180
192
0
0
0
0
0
100
173
192
0
0
0
0
0
19
176
192
0
0
0
0
0
201
179
192
0
0
0
0
0
52
162
192
0
0
0
0
0
199
181
192
0
0
0
0
0
0
102
192
0
0
0
0
0
90
180
192
0
0
0
0
0
108
159
64
0
0
0
0
0
110
175
192
0
0
0
0
0
94
174
64
0
0
0
0
0
48
161
192
0
0
0
0
0
38
180
64
0
0
0
0
0
0
57
192
0
0
0
0
0
247
181
64
0
0
0
0
0
230
160
64
0
0
0
0
0
88
180
64
0
0
0
0
0
102
175
64
0
0
0
0
0
22
175
64
0
0
0
0
0
135
180
64
0
0
0
0
0
164
160
64
0
0
0
0
0
49
182
64
0
0
0
0
0
128
71
192
0
0
0
0
0
121
180
64
0
0
0
0
0
74
161
192
0
0
0
0
0
90
175
64
0
0
0
0
0
138
175
192
0
0
0
0
0
30
161
64
0
0
0
0
0
133
180
192
0
0
0
0
0
128
73
64
0
0
0
0
0
54
182
192
0
0
0
0
0
82
160
192
0
0
0
0
0
159
180
192
0
0
0
0
0
148
174
192
0
0
0
0
0
2
176
192
0
0
0
0
0
37
180
192
0
0
0
0
0
28
162
192
0
0
0
0
0
7
182
192
0
0
0
0
0
128
105
192
0
0
0
0
0
169
180
192
0
0
0
0
0
56
158
64
0
0
0
0
0
66
176
192
0
0
0
0
0
136
173
64
0
0
0
0
0
242
162
192
0
0
0
0
0
202
179
64
0
0
0
0
0
192
116
192
0
0
0
0
0
226
181
64
0
0
0
0
0
64
156
64
0
0
0
0
0
189
180
64
0
0
0
0
0
190
172
64
0
0
0
0
0
133
176
64
0
0
0
0
0
138
179
64
0
0
0
0
0
180
163
64
0
0
0
0
0
203
181
64
0
0
0
0
0
144
123
64
0
0
0
0
0
201
180
64
0
0
0
0
0
160
154
192
0
0
0
0
0
169
176
64
0
0
0
0
0
8
172
192
0
0
0
0
0
24
164
64
0
0
0
0
0
61
179
192
0
0
0
0
0
48
127
64
0
0
0
0
0
135
181
192
0
0
0
0
0
140
153
192
0
0
0
0
0
138
180
192
0
0
0
0
0
96
171
192
0
0
0
0
0
115
176
192
0
0
0
0
0
215
178
192
0
0
0
0
0
204
163
192
0
0
0
0
0
21
181
192
0
0
0
0
0
144
126
192
0
0
0
0
0
27
180
192
0
0
0
0
0
40
153
64
0
0
0
0
0
22
176
192
0
0
0
0
0
236
170
64
0
0
0
0
0
84
163
192
0
0
0
0
0
137
178
64
0
0
0
0
0
48
125
192
0
0
0
0
0
198
180
64
0
0
0
0
0
4
153
64
0
0
0
0
0
220
179
64
0
0
0
0
0
184
170
64
0
0
0
0
0
230
175
64
0
0
0
0
0
113
178
64
0
0
0
0
0
72
163
64
0
0
0
0
0
188
180
64
0
0
0
0
0
0
126
64
0
0
0
0
0
229
179
64
0
0
0
0
0
184
152
192
0
0
0
0
0
11
176
64
0
0
0
0
0
160
170
192
0
0
0
0
0
128
163
64
0
0
0
0
0
112
178
192
0
0
0
0
0
128
127
64
0
0
0
0
0
197
180
192
0
0
0
0
0
128
152
192
0
0
0
0
0
241
179
192
0
0
0
0
0
144
170
192
0
0
0
0
0
18
176
192
0
0
0
0
0
105
178
192
0
0
0
0
0
128
163
192
0
0
0
0
0
185
180
192
0
0
0
0
0
48
127
192
0
0
0
0
0
223
179
192
0
0
0
0
0
140
152
64
0
0
0
0
0
254
175
192
0
0
0
0
0
138
170
64
0
0
0
0
0
100
163
192
0
0
0
0
0
96
178
64
0
0
0
0
0
0
127
192
0
0
0
0
0
174
180
64
0
0
0
0
0
108
152
64
0
0
0
0
0
218
179
64
0
0
0
0
0
108
170
64
0
0
0
0
0
7
176
64
0
0
0
0
0
82
178
64
0
0
0
0
0
148
163
64
0
0
0
0
0
169
180
64
0
0
0
0
0
176
128
64
0
0
0
0
0
227
179
64
0
0
0
0
0
172
151
192
0
0
0
0
0
32
176
64
0
0
0
0
0
6
170
192
0
0
0
0
0
232
163
64
0
0
0
0
0
32
178
192
0
0
0
0
0
136
130
64
0
0
0
0
0
127
180
192
0
0
0
0
0
132
150
192
0
0
0
0
0
198
179
192
0
0
0
0
0
90
169
192
0
0
0
0
0
22
176
192
0
0
0
0
0
197
177
192
0
0
0
0
0
8
164
192
0
0
0
0
0
41
180
192
0
0
0
0
0
240
131
192
0
0
0
0
0
132
179
192
0
0
0
0
0
96
149
64
0
0
0
0
0
234
175
192
0
0
0
0
0
162
168
64
0
0
0
0
0
24
164
192
0
0
0
0
0
102
177
64
0
0
0
0
0
104
133
192
0
0
0
0
0
219
179
64
0
0
0
0
0
48
148
64
0
0
0
0
0
86
179
64
0
0
0
0
0
248
167
64
0
0
0
0
0
226
175
64
0
0
0
0
0
26
177
64
0
0
0
0
0
96
164
64
0
0
0
0
0
165
179
64
0
0
0
0
0
120
135
64
0
0
0
0
0
63
179
64
0
0
0
0
0
232
146
192
0
0
0
0
0
240
175
64
0
0
0
0
0
74
167
192
0
0
0
0
0
164
164
64
0
0
0
0
0
199
176
192
0
0
0
0
0
64
137
64
0
0
0
0
0
93
179
192
0
0
0
0
0
176
145
192
0
0
0
0
0
6
179
192
0
0
0
0
0
140
166
192
0
0
0
0
0
168
175
192
0
0
0
0
0
93
176
192
0
0
0
0
0
148
164
192
0
0
0
0
0
243
178
192
0
0
0
0
0
32
138
192
0
0
0
0
0
172
178
192
0
0
0
0
0
184
144
64
0
0
0
0
0
52
175
192
0
0
0
0
0
216
165
64
0
0
0
0
0
118
164
192
0
0
0
0
0
244
175
64
0
0
0
0
0
0
139
192
0
0
0
0
0
157
178
64
0
0
0
0
0
136
143
64
0
0
0
0
0
117
178
64
0
0
0
0
0
72
165
64
0
0
0
0
0
28
175
64
0
0
0
0
0
120
175
64
0
0
0
0
0
176
164
64
0
0
0
0
0
121
178
64
0
0
0
0
0
208
140
64
0
0
0
0
0
115
178
64
0
0
0
0
0
96
141
192
0
0
0
0
0
90
175
64
0
0
0
0
0
198
164
192
0
0
0
0
0
28
165
64
0
0
0
0
0
22
175
192
0
0
0
0
0
232
142
64
0
0
0
0
0
93
178
192
0
0
0
0
0
32
139
192
0
0
0
0
0
109
178
192
0
0
0
0
0
56
164
192
0
0
0
0
0
114
175
192
0
0
0
0
0
142
174
192
0
0
0
0
0
90
165
192
0
0
0
0
0
33
178
192
0
0
0
0
0
60
144
192
0
0
0
0
0
64
178
192
0
0
0
0
0
248
136
64
0
0
0
0
0
72
175
192
0
0
0
0
0
144
163
64
0
0
0
0
0
112
165
192
0
0
0
0
0
224
173
64
0
0
0
0
0
240
144
192
0
0
0
0
0
212
177
64
0
0
0
0
0
168
134
64
0
0
0
0
0
11
178
64
0
0
0
0
0
222
162
64
0
0
0
0
0
40
175
64
0
0
0
0
0
48
173
64
0
0
0
0
0
158
165
64
0
0
0
0
0
141
177
64
0
0
0
0
0
216
145
64
0
0
0
0
0
226
177
64
0
0
0
0
0
32
132
192
0
0
0
0
0
24
175
64
0
0
0
0
0
40
162
192
0
0
0
0
0
208
165
64
0
0
0
0
0
128
172
192
0
0
0
0
0
176
146
64
0
0
0
0
0
67
177
192
0
0
0
0
0
192
129
192
0
0
0
0
0
172
177
192
0
0
0
0
0
118
161
192
0
0
0
0
0
226
174
192
0
0
0
0
0
196
171
192
0
0
0
0
0
216
165
192
0
0
0
0
0
236
176
192
0
0
0
0
0
56
147
192
0
0
0
0
0
103
177
192
0
0
0
0
0
192
127
64
0
0
0
0
0
144
174
192
0
0
0
0
0
218
160
64
0
0
0
0
0
200
165
192
0
0
0
0
0
30
171
64
0
0
0
0
0
152
147
192
0
0
0
0
0
162
176
64
0
0
0
0
0
176
124
64
0
0
0
0
0
51
177
64
0
0
0
0
0
92
160
64
0
0
0
0
0
98
174
64
0
0
0
0
0
160
170
64
0
0
0
0
0
214
165
64
0
0
0
0
0
111
176
64
0
0
0
0
0
28
148
64
0
0
0
0
0
19
177
64
0
0
0
0
0
96
121
192
0
0
0
0
0
80
174
64
0
0
0
0
0
188
159
192
0
0
0
0
0
246
165
64
0
0
0
0
0
28
170
192
0
0
0
0
0
192
148
64
0
0
0
0
0
48
176
192
0
0
0
0
0
80
117
192
0
0
0
0
0
224
176
192
0
0
0
0
0
92
158
192
0
0
0
0
0
20
174
192
0
0
0
0
0
76
169
192
0
0
0
0
0
248
165
192
0
0
0
0
0
138
175
192
0
0
0
0
0
100
149
192
0
0
0
0
0
133
176
192
0
0
0
0
0
16
112
64
0
0
0
0
0
164
173
192
0
0
0
0
0
128
156
64
0
0
0
0
0
238
165
192
0
0
0
0
0
58
168
64
0
0
0
0
0
56
150
192
0
0
0
0
0
136
174
64
0
0
0
0
0
96
99
64
0
0
0
0
0
39
176
64
0
0
0
0
0
116
154
64
0
0
0
0
0
88
173
64
0
0
0
0
0
58
167
64
0
0
0
0
0
34
166
64
0
0
0
0
0
202
173
64
0
0
0
0
0
124
151
64
32
32
32
32
32
32
32
32
32
32
32
32
32
32
32
32
32
32
32
32
32
32
32
32
32
32
32
32
32
32
32
32
32
32
32
32
32
32
32
32
73
70
67
95
65
108
108
45
50
48
71
95
67
51
95
76
79
87
95
50
48
48
77
118
0
32
0
0
0
0
0
0
0
0
176
64
0
0
0
0
0
0
0
0
0
0
0
0
0
158
173
64
0
0
0
0
0
84
152
192
0
0
0
0
0
210
166
64
0
0
0
0
0
140
166
192
0
0
0
0
0
44
153
64
0
0
0
0
0
156
173
192
0
0
0
0
0
128
73
64
0
0
0
0
0
39
176
192
0
0
0
0
0
236
151
192
0
0
0
0
0
46
174
192
0
0
0
0
0
166
166
192
0
0
0
0
0
128
167
192
0
0
0
0
0
14
174
192
0
0
0
0
0
108
154
192
0
0
0
0
0
130
176
192
0
0
0
0
0
192
89
192
0
0
0
0
0
6
175
192
0
0
0
0
0
184
151
64
0
0
0
0
0
84
168
192
0
0
0
0
0
228
166
64
0
0
0
0
0
196
155
192
0
0
0
0
0
148
174
64
0
0
0
0
0
192
99
192
0
0
0
0
0
220
176
64
0
0
0
0
0
108
151
64
0
0
0
0
0
204
175
64
0
0
0
0
0
0
167
64
0
0
0
0
0
16
169
64
0
0
0
0
0
230
174
64
0
0
0
0
0
0
157
64
0
0
0
0
0
25
177
64
0
0
0
0
0
224
106
64
0
0
0
0
0
46
176
64
0
0
0
0
0
240
150
192
0
0
0
0
0
164
169
64
0
0
0
0
0
244
166
192
0
0
0
0
0
20
158
64
0
0
0
0
0
14
175
192
0
0
0
0
0
240
112
64
0
0
0
0
0
67
177
192
0
0
0
0
0
92
150
192
0
0
0
0
0
106
176
192
0
0
0
0
0
224
166
192
0
0
0
0
0
50
170
192
0
0
0
0
0
54
175
192
0
0
0
0
0
44
159
192
0
0
0
0
0
116
177
192
0
0
0
0
0
160
116
192
0
0
0
0
0
177
176
192
0
0
0
0
0
212
149
64
0
0
0
0
0
214
170
192
0
0
0
0
0
222
166
64
0
0
0
0
0
52
160
192
0
0
0
0
0
120
175
64
0
0
0
0
0
96
120
192
0
0
0
0
0
179
177
64
0
0
0
0
0
84
149
64
0
0
0
0
0
5
177
64
0
0
0
0
0
226
166
64
0
0
0
0
0
138
171
64
0
0
0
0
0
192
175
64
0
0
0
0
0
218
160
64
0
0
0
0
0
244
177
64
0
0
0
0
0
80
124
64
0
0
0
0
0
87
177
64
0
0
0
0
0
204
148
192
0
0
0
0
0
58
172
64
0
0
0
0
0
224
166
192
0
0
0
0
0
122
161
64
0
0
0
0
0
252
175
192
0
0
0
0
0
32
128
64
0
0
0
0
0
44
178
192
0
0
0
0
0
52
148
192
0
0
0
0
0
161
177
192
0
0
0
0
0
206
166
192
0
0
0
0
0
220
172
192
0
0
0
0
0
19
176
192
0
0
0
0
0
22
162
192
0
0
0
0
0
91
178
192
0
0
0
0
0
32
130
192
0
0
0
0
0
227
177
192
0
0
0
0
0
144
147
64
0
0
0
0
0
114
173
192
0
0
0
0
0
176
166
64
0
0
0
0
0
170
162
192
0
0
0
0
0
32
176
64
0
0
0
0
0
24
132
192
0
0
0
0
0
127
178
64
0
0
0
0
0
216
146
64
0
0
0
0
0
25
178
64
0
0
0
0
0
128
166
64
0
0
0
0
0
244
173
64
0
0
0
0
0
31
176
64
0
0
0
0
0
50
163
64
0
0
0
0
0
149
178
64
0
0
0
0
0
16
134
64
0
0
0
0
0
68
178
64
0
0
0
0
0
12
146
192
0
0
0
0
0
104
174
64
0
0
0
0
0
66
166
192
0
0
0
0
0
182
163
64
0
0
0
0
0
24
176
192
0
0
0
0
0
16
136
64
0
0
0
0
0
171
178
192
0
0
0
0
0
68
145
192
0
0
0
0
0
115
178
192
0
0
0
0
0
16
166
192
0
0
0
0
0
240
174
192
0
0
0
0
0
33
176
192
0
0
0
0
0
78
164
192
0
0
0
0
0
215
178
192
0
0
0
0
0
48
138
192
0
0
0
0
0
191
178
192
0
0
0
0
0
148
144
64
0
0
0
0
0
172
175
192
0
0
0
0
0
0
166
64
0
0
0
0
0
8
165
192
0
0
0
0
0
67
176
64
0
0
0
0
0
136
140
192
0
0
0
0
0
33
179
64
0
0
0
0
0
224
143
64
0
0
0
0
0
35
179
64
0
0
0
0
0
2
166
64
0
0
0
0
0
67
176
64
0
0
0
0
0
110
176
64
0
0
0
0
0
210
165
64
0
0
0
0
0
108
179
64
0
0
0
0
0
240
142
64
0
0
0
0
0
130
179
64
0
0
0
0
0
128
142
192
0
0
0
0
0
168
176
64
0
0
0
0
0
242
165
192
0
0
0
0
0
140
166
64
0
0
0
0
0
136
176
192
0
0
0
0
0
168
144
64
0
0
0
0
0
162
179
192
0
0
0
0
0
240
140
192
0
0
0
0
0
205
179
192
0
0
0
0
0
204
165
192
0
0
0
0
0
253
176
192
0
0
0
0
0
149
176
192
0
0
0
0
0
56
167
192
0
0
0
0
0
207
179
192
0
0
0
0
0
208
145
192
0
0
0
0
0
20
180
192
0
0
0
0
0
80
139
64
0
0
0
0
0
85
177
192
0
0
0
0
0
164
165
64
0
0
0
0
0
238
167
192
0
0
0
0
0
166
176
64
0
0
0
0
0
8
147
192
0
0
0
0
0
4
180
64
0
0
0
0
0
176
137
64
0
0
0
0
0
100
180
64
0
0
0
0
0
126
165
64
0
0
0
0
0
178
177
64
0
0
0
0
0
182
176
64
0
0
0
0
0
166
168
64
0
0
0
0
0
49
180
64
0
0
0
0
0
64
148
64
0
0
0
0
0
164
180
64
0
0
0
0
0
240
135
192
0
0
0
0
0
253
177
64
0
0
0
0
0
64
165
192
0
0
0
0
0
60
169
64
0
0
0
0
0
174
176
192
0
0
0
0
0
92
149
64
0
0
0
0
0
60
180
192
0
0
0
0
0
248
133
192
0
0
0
0
0
193
180
192
0
0
0
0
0
218
164
192
0
0
0
0
0
39
178
192
0
0
0
0
0
137
176
192
0
0
0
0
0
168
169
192
0
0
0
0
0
42
180
192
0
0
0
0
0
88
150
192
0
0
0
0
0
197
180
192
0
0
0
0
0
240
131
64
0
0
0
0
0
67
178
192
0
0
0
0
0
100
164
64
0
0
0
0
0
10
170
192
0
0
0
0
0
93
176
64
0
0
0
0
0
80
151
192
0
0
0
0
0
21
180
64
0
0
0
0
0
232
129
64
0
0
0
0
0
203
180
64
0
0
0
0
0
242
163
64
0
0
0
0
0
100
178
64
0
0
0
0
0
55
176
64
0
0
0
0
0
118
170
64
0
0
0
0
0
8
180
64
0
0
0
0
0
84
152
64
0
0
0
0
0
218
180
64
0
0
0
0
0
192
127
192
0
0
0
0
0
141
178
64
0
0
0
0
0
134
163
192
0
0
0
0
0
238
170
64
0
0
0
0
0
23
176
192
0
0
0
0
0
104
153
64
0
0
0
0
0
6
180
192
0
0
0
0
0
192
123
192
0
0
0
0
0
247
180
192
0
0
0
0
0
44
163
192
0
0
0
0
0
198
178
192
0
0
0
0
0
10
176
192
0
0
0
0
0
134
171
192
0
0
0
0
0
33
180
192
0
0
0
0
0
160
154
192
0
0
0
0
0
58
181
192
0
0
0
0
0
240
119
64
0
0
0
0
0
38
179
192
0
0
0
0
0
250
162
64
0
0
0
0
0
90
172
192
0
0
0
0
0
32
176
64
0
0
0
0
0
20
156
192
0
0
0
0
0
102
180
64
0
0
0
0
0
48
116
64
0
0
0
0
0
165
181
64
0
0
0
0
0
224
162
64
0
0
0
0
0
163
179
64
0
0
0
0
0
67
176
64
0
0
0
0
0
76
173
64
0
0
0
0
0
177
180
64
0
0
0
0
0
156
157
64
0
0
0
0
0
7
182
64
0
0
0
0
0
64
112
192
0
0
0
0
0
11
180
64
0
0
0
0
0
170
162
192
0
0
0
0
0
14
174
64
0
0
0
0
0
71
176
192
0
0
0
0
0
236
158
64
0
0
0
0
0
203
180
192
0
0
0
0
0
224
103
192
0
0
0
0
0
49
182
192
0
0
0
0
0
64
162
192
0
0
0
0
0
65
180
192
0
0
0
0
0
35
176
192
0
0
0
0
0
140
174
192
0
0
0
0
0
188
180
192
0
0
0
0
0
0
160
192
0
0
0
0
0
59
182
192
0
0
0
0
0
64
94
64
0
0
0
0
0
101
180
192
0
0
0
0
0
198
161
64
0
0
0
0
0
2
175
192
0
0
0
0
0
246
175
64
0
0
0
0
0
144
160
192
0
0
0
0
0
178
180
64
0
0
0
0
0
0
74
64
0
0
0
0
0
81
182
64
0
0
0
0
0
88
161
64
0
0
0
0
0
151
180
64
0
0
0
0
0
184
175
64
0
0
0
0
0
138
175
64
0
0
0
0
0
172
180
64
0
0
0
0
0
34
161
64
0
0
0
0
0
97
182
64
0
0
0
0
0
0
51
64
0
0
0
0
0
184
180
64
0
0
0
0
0
220
160
192
0
0
0
0
0
230
175
64
0
0
0
0
0
76
175
192
0
0
0
0
0
150
161
64
0
0
0
0
0
127
180
192
0
0
0
0
0
64
86
64
0
0
0
0
0
64
182
192
0
0
0
0
0
56
160
192
0
0
0
0
0
168
180
192
0
0
0
0
0
158
174
192
0
0
0
0
0
248
175
192
0
0
0
0
0
46
180
192
0
0
0
0
0
228
161
192
0
0
0
0
0
3
182
192
0
0
0
0
0
128
99
192
0
0
0
0
0
143
180
192
0
0
0
0
0
36
159
64
0
0
0
0
0
12
176
192
0
0
0
0
0
254
173
64
0
0
0
0
0
74
162
192
0
0
0
0
0
247
179
64
0
0
0
0
0
32
108
192
0
0
0
0
0
245
181
64
0
0
0
0
0
36
158
64
0
0
0
0
0
171
180
64
0
0
0
0
0
176
173
64
0
0
0
0
0
72
176
64
0
0
0
0
0
243
179
64
0
0
0
0
0
226
162
64
0
0
0
0
0
20
182
64
0
0
0
0
0
144
114
64
0
0
0
0
0
227
180
64
0
0
0
0
0
72
157
192
0
0
0
0
0
141
176
64
0
0
0
0
0
110
173
192
0
0
0
0
0
112
163
64
0
0
0
0
0
228
179
192
0
0
0
0
0
240
118
64
0
0
0
0
0
17
182
192
0
0
0
0
0
40
156
192
0
0
0
0
0
234
180
192
0
0
0
0
0
212
172
192
0
0
0
0
0
160
176
192
0
0
0
0
0
149
179
192
0
0
0
0
0
190
163
192
0
0
0
0
0
198
181
192
0
0
0
0
0
0
123
192
0
0
0
0
0
176
180
192
0
0
0
0
0
184
154
64
0
0
0
0
0
134
176
192
0
0
0
0
0
242
171
64
0
0
0
0
0
222
163
192
0
0
0
0
0
28
179
64
0
0
0
0
0
192
126
192
0
0
0
0
0
89
181
64
0
0
0
0
0
56
153
64
0
0
0
0
0
98
180
64
0
0
0
0
0
4
171
64
0
0
0
0
0
99
176
64
0
0
0
0
0
162
178
64
0
0
0
0
0
246
163
64
0
0
0
0
0
237
180
64
0
0
0
0
0
40
129
64
0
0
0
0
0
18
180
64
0
0
0
0
0
188
151
192
0
0
0
0
0
58
176
64
0
0
0
0
0
24
170
192
0
0
0
0
0
2
164
64
0
0
0
0
0
35
178
192
0
0
0
0
0
208
130
64
0
0
0
0
0
118
180
192
0
0
0
0
0
68
150
192
0
0
0
0
0
183
179
192
0
0
0
0
0
38
169
192
0
0
0
0
0
9
176
192
0
0
0
0
0
163
177
192
0
0
0
0
0
4
164
192
0
0
0
0
0
7
180
192
0
0
0
0
0
96
132
192
0
0
0
0
0
108
179
192
0
0
0
0
0
240
148
64
0
0
0
0
0
222
175
192
0
0
0
0
0
94
168
64
0
0
0
0
0
46
164
192
0
0
0
0
0
74
177
64
0
0
0
0
0
32
134
192
0
0
0
0
0
204
179
64
0
0
0
0
0
212
147
64
0
0
0
0
0
88
179
64
0
0
0
0
0
218
167
64
0
0
0
0
0
0
176
64
0
0
0
0
0
24
177
64
0
0
0
0
0
134
164
64
0
0
0
0
0
175
179
64
0
0
0
0
0
240
135
64
0
0
0
0
0
78
179
64
0
0
0
0
0
204
146
192
0
0
0
0
0
6
176
64
0
0
0
0
0
74
167
192
0
0
0
0
0
184
164
64
0
0
0
0
0
201
176
192
0
0
0
0
0
136
137
64
0
0
0
0
0
92
179
192
0
0
0
0
0
128
145
192
0
0
0
0
0
255
178
192
0
0
0
0
0
92
166
192
0
0
0
0
0
152
175
192
0
0
0
0
0
55
176
192
0
0
0
0
0
146
164
192
0
0
0
0
0
194
178
192
0
0
0
0
0
160
138
192
0
0
0
0
0
121
178
192
0
0
0
0
0
16
144
64
0
0
0
0
0
230
174
192
0
0
0
0
0
82
165
64
0
0
0
0
0
92
164
192
0
0
0
0
0
68
175
64
0
0
0
0
0
168
139
192
0
0
0
0
0
61
178
64
0
0
0
0
0
192
141
64
0
0
0
0
0
30
178
64
0
0
0
0
0
152
164
64
0
0
0
0
0
158
174
64
0
0
0
0
0
162
174
64
0
0
0
0
0
120
164
64
0
0
0
0
0
10
178
64
0
0
0
0
0
40
141
64
0
0
0
0
0
16
178
64
0
0
0
0
0
208
139
192
0
0
0
0
0
192
174
64
0
0
0
0
0
36
164
192
0
0
0
0
0
200
164
64
0
0
0
0
0
72
174
192
0
0
0
0
0
216
142
64
0
0
0
0
0
237
177
192
0
0
0
0
0
232
137
192
0
0
0
0
0
2
178
192
0
0
0
0
0
158
163
192
0
0
0
0
0
200
174
192
0
0
0
0
0
190
173
192
0
0
0
0
0
244
164
192
0
0
0
0
0
174
177
192
0
0
0
0
0
32
144
192
0
0
0
0
0
211
177
192
0
0
0
0
0
208
135
64
0
0
0
0
0
158
174
192
0
0
0
0
0
252
162
64
0
0
0
0
0
14
165
192
0
0
0
0
0
28
173
64
0
0
0
0
0
208
144
192
0
0
0
0
0
108
177
64
0
0
0
0
0
200
133
64
0
0
0
0
0
175
177
64
0
0
0
0
0
114
162
64
0
0
0
0
0
154
174
64
0
0
0
0
0
170
172
64
0
0
0
0
0
72
165
64
0
0
0
0
0
72
177
64
0
0
0
0
0
148
145
64
0
0
0
0
0
163
177
64
0
0
0
0
0
0
132
192
0
0
0
0
0
176
174
64
0
0
0
0
0
2
162
192
0
0
0
0
0
130
165
64
0
0
0
0
0
70
172
192
0
0
0
0
0
68
146
64
0
0
0
0
0
33
177
192
0
0
0
0
0
64
130
192
0
0
0
0
0
140
177
192
0
0
0
0
0
134
161
192
0
0
0
0
0
170
174
192
0
0
0
0
0
210
171
192
0
0
0
0
0
170
165
192
0
0
0
0
0
247
176
192
0
0
0
0
0
232
146
192
0
0
0
0
0
125
177
192
0
0
0
0
0
152
128
64
0
0
0
0
0
208
174
192
0
0
0
0
0
38
161
64
0
0
0
0
0
10
166
192
0
0
0
0
0
164
171
64
0
0
0
0
0
220
147
192
0
0
0
0
0
7
177
64
0
0
0
0
0
32
126
64
0
0
0
0
0
183
177
64
0
0
0
0
0
2
161
64
0
0
0
0
0
126
175
64
0
0
0
0
0
206
171
64
0
0
0
0
0
200
166
64
0
0
0
0
0
62
177
64
0
0
0
0
0
28
149
64
0
0
0
0
0
252
177
64
0
0
0
0
0
160
122
192
0
0
0
0
0
254
175
64
0
0
0
0
0
184
160
192
0
0
0
0
0
42
167
64
0
0
0
0
0
132
171
192
0
0
0
0
0
212
149
64
0
0
0
0
0
3
177
192
0
0
0
0
0
96
118
192
0
0
0
0
0
164
177
192
0
0
0
0
0
148
159
192
0
0
0
0
0
46
175
192
0
0
0
0
0
14
170
192
0
0
0
0
0
130
166
192
0
0
0
0
0
15
176
192
0
0
0
0
0
124
149
192
0
0
0
0
0
155
176
192
0
0
0
0
0
224
113
64
0
0
0
0
0
94
173
192
0
0
0
0
0
224
156
64
0
0
0
0
0
86
165
192
0
0
0
0
0
36
168
64
0
0
0
0
0
212
148
192
0
0
0
0
0
8
174
64
0
0
0
0
0
64
108
64
0
0
0
0
0
104
175
64
0
0
0
0
0
244
154
64
0
0
0
0
0
44
172
64
0
0
0
0
0
22
167
64
0
0
0
0
0
220
164
64
0
0
0
0
0
66
173
64
0
0
0
0
0
4
149
64
0
0
0
0
0
26
175
64
0
0
0
0
0
64
102
192
0
0
0
0
0
84
172
64
0
0
0
0
0
76
154
192
0
0
0
0
0
74
165
64
0
0
0
0
0
0
167
192
0
0
0
0
0
252
149
64
0
0
0
0
0
118
173
192
0
0
0
0
0
96
96
192
0
0
0
0
0
126
175
192
0
0
0
0
0
208
153
192
0
0
0
0
0
192
172
192
0
0
0
0
0
206
166
192
0
0
0
0
0
166
165
192
0
0
0
0
0
46
173
192
0
0
0
0
0
164
150
192
0
0
0
0
0
18
175
192
0
0
0
0
0
64
83
64
0
0
0
0
0
66
172
192
0
0
0
0
0
124
152
64
0
0
0
0
0
66
165
192
0
0
0
0
0
208
165
64
0
0
0
0
0
128
150
192
0
0
0
0
0
236
171
64
0
0
0
0
0
0
56
64
0
0
0
0
0
190
173
64
0
0
0
0
0
172
150
64
0
0
0
0
0
30
171
64
0
0
0
0
0
146
164
64
0
0
0
0
0
142
164
64
0
0
0
0
0
150
170
64
0
0
0
0
0
44
150
64
0
0
0
0
0
150
172
64
0
0
0
0
0
0
51
64
0
0
0
0
0
88
170
64
0
0
0
0
0
84
149
192
0
0
0
0
0
60
164
64
0
0
0
0
0
206
163
192
0
0
0
0
0
84
150
64
0
0
0
0
0
0
0
0
0
0
0
0
0
0
0
0
0
0
0
0
0
0
0
0
0
0
0
0
0
0
0
0
0
0
0
0
0
0
0
0
0
0
0
0
0
0
0
0
0
0
0
0
0
0
0
0
0
0
0
0
0
0
0
0
0
0
0
0
0
0
0
0
0
0
0
0
0
0
0
0
0
0
0
0
0
0
0
0
0
0
0
0
0
0
0
0
0
0
0
0
0
0
0
0
0
0
0
0
0
0
0
0
0
0
0
0
0
0
0
0
0
0
0
0
0
0
0
0
0
0
0
0
0
0
0
0
0
0
0
0
0
0
0
0
0
0
0
0
0
0
0
0
0
0
0
0
0
0
0
0
0
0
0
0
0
0
0
0
0
0
0
0
0
0
0
0
0
0
0
0
0
0
0
0
0
0
0
0
0
0
0
0
0
0
0
0
0
0
0
0
0
0
0
0
0
0
0
0
0
0
0
0
0
0
0
0
0
0
0
0
0
0
0
0
0
0
0
0
0
0
0
0
0
0
0
0
0
0
0
0
0
0
0
0
0
0
0
0
0
0
0
0
0
0
0
0
0
0
0
0
0
0
0
0
0
0
0
0
0
0
0
0
0
0
0
0
0
0
0
0
0
0
0
0
0
0
0
0
0
0
0
0
0
0
0
0
0
0
0
0
0
0
0
0
0
0
0
0
0
0
0
0
0
0
0
0
0
0
0
0
0
0
0
0
0
0
0
0
0
0
0
0
0
0
0
0
0
0
0
0
0
0
0
0
0
0
0
0
0
0
0
0
0
0
0
0
0
0
0
0
0
0
0
0
0
0
0
0
0
0
0
0
0
0
0
0
0
0
0
0
0
0
0
0
0
0
0
0
0
0
0
0
0
0
0
0
0
0
0
0
0
0
0
0
0
0
0
0
0
0
0
0
0
0
0
0
0
0
0
0
0
0
0
0
0
0
0
0
0
0
0
0
0
0
0
0
0
0
0
0
0
0
0
0
0
0
0
0
0
0
0
0
0
0
0
0
0
0
0
0
0
0
0
0
0
0
0
0
0
0
0
0
0
0
0
0
0
0
0
0
0
0
0
0
0
0
0
0
0
0
0
0
0
0
0
0
0
0
0
0
0
0
0
0
0
0
0
0
0
0
0
0
0
0
0
0
0
0
0
0
0
0
0
0
0
0
0
0
0
0
0
0
0
0
0
0
0
0
0
0
0
0
0
0
0
0
0
0
0
0
0
0
0
0
0
0
0
0
0
0
0
0
0
0
0
0
0
0
0
0
0
0
0
0
0
0
0
0
0
0
0
0
0
0
0
0
0
0
0
0
0
0
0
0
0
0
0
0
0
0
0
0
0
0
0
0
0
0
0
0
0
0
0
0
0
0
0
0
0
0
0
0
0
0
0
0
0
0
0
0
0
0
0
0
0
0
0
0
0
0
0
0
0
0
0
0
0
0
0
0
0
0
0
0
0
0
0
0
0
0
0
0
0
0
0
0
0
0
0
0
0
0
0
0
0
0
0
0
0
0
0
0
0
0
0
0
0
0
0
0
0
0
0
0
0
0
0
0
0
0
0
0
0
0
0
0
0
0
0
0
0
0
0
0
0
0
0
0
0
0
0
0
0
0
0
0
0
0
0
0
0
0
0
0
0
0
0
0
0
0
0
0
0
0
0
0
0
0
0
0
0
0
0
0
0
0
0
0
0
0
0
0
0
0
0
0
0
0
0
0
0
0
0
0
0
0
0
0
0
0
0
0
0
0
0
0
0
0
0
0
0
0
0
0
0
0
0
0
0
0
0
0
0
0
0
0
0
0
0
0
0
0
0
0
0
0
0
0
0
0
0
0
0
0
0
0
0
0
0
0
0
0
0
0
0
0
0
0
0
0
0
0
0
0
0
0
0
0
0
0
0
0
0
0
0
0
0
0
0
0
0
0
0
0
0
0
0
0
0
0
0
0
0
0
0
0
0
0
0
0
0
0
0
0
0
0
0
0
0
0
0
0
0
0
0
0
0
0
0
0
0
0
0
0
0
0
0
0
0
0
0
0
0
0
0
0
0
0
0
0
0
0
0
0
0
0
0
0
0
0
0
0
0
0
0
0
0
0
0
0
0
0
0
0
0
0
0
0
0
0
0
0
0
0
0
0
0
0
0
0
0
0
0
0
0
0
0
0
0
0
0
0
0
0
0
0
0
0
0
0
0
0
0
0
0
0
0
0
0
0
0
0
0
0
0
0
0
0
0
0
0
0
0
0
0
0
0
0
0
0
0
0
0
0
0
0
0
0
0
0
0
0
0
0
0
0
0
0
0
0
0
0
0
0
0
0
0
0
0
0
0
0
0
0
0
0
0
0
0
0
0
0
0
0
0
0
0
0
0
0
0
0
0
0
0
0
0
0
0
0
0
0
0
0
0
0
0
0
0
0
0
0
0
0
0
0
0
0
0
0
0
0
0
0
0
0
0
0
0
0
0
0
0
0
0
0
0
0
0
0
0
0
0
0
0
0
0
0
0
0
0
0
0
0
0
0
0
0
0
0
0
0
0
0
0
0
0
0
0
0
0
0
0
0
0
0
0
0
0
0
0
0
0
0
0
0
0
0
0
0
0
0
0
0
0
0
0
0
0
0
0
0
0
0
0
0
0
0
0
0
0
0
0
0
0
0
0
0
0
0
0
0
0
0
0
0
0
0
0
0
0
0
0
0
0
0
0
0
0
0
0
0
0
0
0
0
0
0
0
0
0
0
0
0
0
0
0
0
0
0
0