58
70
65
67
84
58
67
68
65
84
49
56
58
68
65
84
65
32
35
57
48
48
48
48
48
54
57
51
54
0
208
166
192
0
0
0
0
0
220
158
64
0
0
0
0
0
216
158
192
0
0
0
0
0
60
167
64
0
0
0
0
0
248
133
192
0
0
0
0
0
178
171
64
0
0
0
0
0
8
134
64
0
0
0
0
0
12
172
64
0
0
0
0
0
220
159
64
0
0
0
0
0
34
168
64
0
0
0
0
0
40
168
64
0
0
0
0
0
118
160
64
0
0
0
0
0
226
172
64
0
0
0
0
0
128
136
64
0
0
0
0
0
86
173
64
0
0
0
0
0
88
133
192
0
0
0
0
0
90
169
64
0
0
0
0
0
56
160
192
0
0
0
0
0
118
161
64
0
0
0
0
0
218
168
192
0
0
0
0
0
32
139
64
0
0
0
0
0
224
173
192
0
0
0
0
0
120
132
192
0
0
0
0
0
118
174
192
0
0
0
0
0
108
160
192
0
0
0
0
0
106
170
192
0
0
0
0
0
96
169
192
0
0
0
0
0
74
162
192
0
0
0
0
0
136
174
192
0
0
0
0
0
40
141
192
0
0
0
0
0
10
175
192
0
0
0
0
0
136
131
64
0
0
0
0
0
204
170
192
0
0
0
0
0
76
160
64
0
0
0
0
0
126
162
192
0
0
0
0
0
38
169
64
0
0
0
0
0
232
141
192
0
0
0
0
0
16
174
64
0
0
0
0
0
216
129
64
0
0
0
0
0
86
174
64
0
0
0
0
0
240
158
64
0
0
0
0
0
14
170
64
0
0
0
0
0
232
167
64
0
0
0
0
0
2
162
64
0
0
0
0
0
158
172
64
0
0
0
0
0
0
142
64
0
0
0
0
0
10
173
64
0
0
0
0
0
16
127
192
0
0
0
0
0
60
169
64
0
0
0
0
0
8
157
192
0
0
0
0
0
206
161
64
0
0
0
0
0
244
166
192
0
0
0
0
0
32
143
64
0
0
0
0
0
16
172
192
0
0
0
0
0
224
123
192
0
0
0
0
0
30
173
192
0
0
0
0
0
228
156
192
0
0
0
0
0
230
169
192
0
0
0
0
0
136
167
192
0
0
0
0
0
184
162
192
0
0
0
0
0
82
173
192
0
0
0
0
0
252
144
192
0
0
0
0
0
204
174
192
0
0
0
0
0
208
122
64
0
0
0
0
0
142
171
192
0
0
0
0
0
4
158
64
0
0
0
0
0
246
163
192
0
0
0
0
0
150
168
64
0
0
0
0
0
84
146
192
0
0
0
0
0
124
174
64
0
0
0
0
0
224
120
64
0
0
0
0
0
172
175
64
0
0
0
0
0
168
157
64
0
0
0
0
0
246
171
64
0
0
0
0
0
20
168
64
0
0
0
0
0
6
164
64
0
0
0
0
0
110
173
64
0
0
0
0
0
124
146
64
0
0
0
0
0
44
174
64
0
0
0
0
0
144
116
192
0
0
0
0
0
98
170
64
0
0
0
0
0
20
155
192
0
0
0
0
0
222
162
64
0
0
0
0
0
18
166
192
0
0
0
0
0
204
145
64
0
0
0
0
0
8
171
192
0
0
0
0
0
0
112
192
0
0
0
0
0
226
171
192
0
0
0
0
0
144
152
192
0
0
0
0
0
176
168
192
0
0
0
0
0
142
164
192
0
0
0
0
0
0
162
192
0
0
0
0
0
190
169
192
0
0
0
0
0
148
145
192
0
0
0
0
0
38
171
192
0
0
0
0
0
160
106
64
0
0
0
0
0
142
168
192
0
0
0
0
0
212
151
64
0
0
0
0
0
74
162
192
0
0
0
0
0
124
164
64
0
0
0
0
0
100
146
192
0
0
0
0
0
24
170
64
0
0
0
0
0
192
102
64
0
0
0
0
0
216
171
64
0
0
0
0
0
244
151
64
0
0
0
0
0
100
169
64
0
0
0
0
0
212
164
64
0
0
0
0
0
12
163
64
0
0
0
0
0
152
170
64
0
0
0
0
0
128
147
64
0
0
0
0
0
86
172
64
0
0
0
0
0
32
97
192
0
0
0
0
0
204
169
64
0
0
0
0
0
116
151
192
0
0
0
0
0
94
163
64
0
0
0
0
0
150
164
192
0
0
0
0
0
32
148
64
0
0
0
0
0
76
170
192
0
0
0
0
0
128
85
192
0
0
0
0
0
4
172
192
0
0
0
0
0
104
150
192
0
0
0
0
0
136
169
192
0
0
0
0
0
248
163
192
0
0
0
0
0
64
163
192
0
0
0
0
0
170
169
192
0
0
0
0
0
84
148
192
0
0
0
0
0
122
171
192
0
0
0
0
0
128
71
64
0
0
0
0
0
46
169
192
0
0
0
0
0
132
149
64
0
0
0
0
0
36
163
192
0
0
0
0
0
120
163
64
0
0
0
0
0
140
148
192
0
0
0
0
0
60
169
64
0
0
0
0
0
0
40
64
0
0
0
0
0
56
171
64
0
0
0
0
0
220
148
64
0
0
0
0
0
38
169
64
0
0
0
0
0
58
163
64
0
0
0
0
0
84
163
64
0
0
0
0
0
52
169
64
0
0
0
0
0
64
149
64
0
0
0
0
0
124
171
64
0
0
0
0
0
0
65
64
0
0
0
0
0
180
169
64
0
0
0
0
0
128
148
192
0
0
0
0
0
18
164
64
0
0
0
0
0
104
163
192
0
0
0
0
0
164
150
64
0
0
0
0
0
216
169
192
0
0
0
0
0
128
85
64
0
0
0
0
0
140
172
192
0
0
0
0
0
184
148
192
0
0
0
0
0
0
171
192
0
0
0
0
0
26
164
192
0
0
0
0
0
80
165
192
0
0
0
0
0
4
171
192
0
0
0
0
0
112
152
192
0
0
0
0
0
244
173
192
0
0
0
0
0
128
96
192
0
0
0
0
0
86
172
192
0
0
0
0
0
12
149
64
0
0
0
0
0
86
166
192
0
0
0
0
0
162
164
64
0
0
0
0
0
180
153
192
0
0
0
0
0
170
171
64
0
0
0
0
0
0
102
192
0
0
0
0
0
124
174
64
0
0
0
0
0
152
148
64
0
0
0
0
0
170
172
64
0
0
0
0
0
86
164
64
0
0
0
0
0
136
166
64
0
0
0
0
0
62
171
64
0
0
0
0
0
32
154
64
0
0
0
0
0
10
174
64
0
0
0
0
0
224
107
64
0
0
0
0
0
98
172
64
0
0
0
0
0
136
147
192
0
0
0
0
0
140
166
64
0
0
0
0
0
204
163
192
0
0
0
0
0
200
154
64
0
0
0
0
0
246
170
192
0
0
0
0
0
80
113
64
0
0
0
0
0
60
174
192
0
0
0
0
0
48
147
192
0
0
0
0
0
26
173
192
0
0
0
0
0
56
164
192
0
0
0
0
0
154
167
192
0
0
0
0
0
36
172
192
0
0
0
0
0
196
156
192
0
0
0
0
0
10
176
192
0
0
0
0
0
48
117
192
0
0
0
0
0
66
175
192
0
0
0
0
0
224
147
64
0
0
0
0
0
148
169
192
0
0
0
0
0
118
165
64
0
0
0
0
0
128
159
192
0
0
0
0
0
12
174
64
0
0
0
0
0
128
121
192
0
0
0
0
0
30
177
64
0
0
0
0
0
80
148
64
0
0
0
0
0
155
176
64
0
0
0
0
0
40
166
64
0
0
0
0
0
12
171
64
0
0
0
0
0
220
174
64
0
0
0
0
0
170
160
64
0
0
0
0
0
113
177
64
0
0
0
0
0
160
125
64
0
0
0
0
0
206
176
64
0
0
0
0
0
148
147
192
0
0
0
0
0
72
171
64
0
0
0
0
0
186
165
192
0
0
0
0
0
232
160
64
0
0
0
0
0
80
174
192
0
0
0
0
0
120
128
64
0
0
0
0
0
38
177
192
0
0
0
0
0
92
146
192
0
0
0
0
0
147
176
192
0
0
0
0
0
6
165
192
0
0
0
0
0
22
171
192
0
0
0
0
0
176
173
192
0
0
0
0
0
8
161
192
0
0
0
0
0
246
176
192
0
0
0
0
0
208
129
192
0
0
0
0
0
140
176
192
0
0
0
0
0
148
145
64
0
0
0
0
0
80
171
192
0
0
0
0
0
194
164
64
0
0
0
0
0
106
161
192
0
0
0
0
0
166
173
64
0
0
0
0
0
96
131
192
0
0
0
0
0
16
177
64
0
0
0
0
0
4
145
64
0
0
0
0
0
190
176
64
0
0
0
0
0
160
164
64
0
0
0
0
0
202
171
64
0
0
0
0
0
170
173
64
0
0
0
0
0
230
161
64
0
0
0
0
0
34
177
64
0
0
0
0
0
56
133
64
0
0
0
0
0
221
176
64
0
0
0
0
0
52
144
192
0
0
0
0
0
36
172
64
0
0
0
0
0
78
164
192
0
0
0
0
0
88
162
64
0
0
0
0
0
124
173
192
0
0
0
0
0
32
135
64
0
0
0
0
0
37
177
192
0
0
0
0
0
192
142
192
0
0
0
0
0
254
176
192
0
0
0
0
0
22
164
192
0
0
0
0
0
152
172
192
0
0
0
0
0
140
173
192
0
0
0
0
0
224
162
192
0
0
0
0
0
83
177
192
0
0
0
0
0
0
137
192
0
0
0
0
0
74
177
192
0
0
0
0
0
184
141
64
0
0
0
0
0
70
173
192
0
0
0
0
0
26
164
64
0
0
0
0
0
130
163
192
0
0
0
0
0
216
173
64
0
0
0
0
0
224
138
192
0
0
0
0
0
144
177
64
0
0
0
0
0
152
140
64
0
0
0
0
0
144
177
64
0
0
0
0
0
250
163
64
0
0
0
0
0
210
173
64
0
0
0
0
0
212
173
64
0
0
0
0
0
4
164
64
0
0
0
0
0
153
177
64
0
0
0
0
0
200
140
64
0
0
0
0
0
166
177
64
0
0
0
0
0
208
138
192
0
0
0
0
0
32
174
64
0
0
0
0
0
154
163
192
0
0
0
0
0
116
164
64
0
0
0
0
0
154
173
192
0
0
0
0
0
200
142
64
0
0
0
0
0
158
177
192
0
0
0
0
0
40
137
192
0
0
0
0
0
211
177
192
0
0
0
0
0
120
163
192
0
0
0
0
0
192
174
192
0
0
0
0
0
228
173
192
0
0
0
0
0
46
165
192
0
0
0
0
0
254
177
192
0
0
0
0
0
148
144
192
0
0
0
0
0
96
178
192
0
0
0
0
0
72
136
64
0
0
0
0
0
246
175
192
0
0
0
0
0
196
163
64
0
0
0
0
0
60
166
192
0
0
0
0
0
178
174
64
0
0
0
0
0
244
145
192
0
0
0
0
0
145
178
64
0
0
0
0
0
96
135
64
0
0
0
0
0
2
179
64
0
0
0
0
0
244
163
64
0
0
0
0
0
144
176
64
0
0
0
0
0
42
175
64
0
0
0
0
0
40
167
64
0
0
0
0
0
221
178
64
0
0
0
0
0
60
147
64
0
0
0
0
0
79
179
64
0
0
0
0
0
184
133
192
0
0
0
0
0
217
176
64
0
0
0
0
0
178
163
192
0
0
0
0
0
180
167
64
0
0
0
0
0
6
175
192
0
0
0
0
0
80
148
64
0
0
0
0
0
221
178
192
0
0
0
0
0
192
131
192
0
0
0
0
0
101
179
192
0
0
0
0
0
88
163
192
0
0
0
0
0
8
177
192
0
0
0
0
0
234
174
192
0
0
0
0
0
56
168
192
0
0
0
0
0
248
178
192
0
0
0
0
0
92
149
192
0
0
0
0
0
170
179
192
0
0
0
0
0
64
130
64
0
0
0
0
0
104
177
192
0
0
0
0
0
70
163
64
0
0
0
0
0
4
169
192
0
0
0
0
0
62
175
64
0
0
0
0
0
168
150
192
0
0
0
0
0
80
179
64
0
0
0
0
0
232
128
64
0
0
0
0
0
34
180
64
0
0
0
0
0
78
163
64
0
0
0
0
0
236
177
64
0
0
0
0
0
164
175
64
0
0
0
0
0
246
169
64
0
0
0
0
0
169
179
64
0
0
0
0
0
32
152
64
0
0
0
0
0
146
180
64
0
0
0
0
0
64
126
192
0
0
0
0
0
102
178
64
0
0
0
0
0
50
163
192
0
0
0
0
0
222
170
64
0
0
0
0
0
222
175
192
0
0
0
0
0
160
153
64
0
0
0
0
0
239
179
192
0
0
0
0
0
112
122
192
0
0
0
0
0
249
180
192
0
0
0
0
0
22
163
192
0
0
0
0
0
222
178
192
0
0
0
0
0
21
176
192
0
0
0
0
0
202
171
192
0
0
0
0
0
68
180
192
0
0
0
0
0
24
155
192
0
0
0
0
0
110
181
192
0
0
0
0
0
32
119
64
0
0
0
0
0
92
179
192
0
0
0
0
0
16
163
64
0
0
0
0
0
176
172
192
0
0
0
0
0
62
176
64
0
0
0
0
0
120
156
192
0
0
0
0
0
139
180
64
0
0
0
0
0
160
115
64
0
0
0
0
0
194
181
64
0
0
0
0
0
210
162
64
0
0
0
0
0
175
179
64
0
0
0
0
0
46
176
64
0
0
0
0
0
70
173
64
0
0
0
0
0
131
180
64
0
0
0
0
0
148
157
64
0
0
0
0
0
192
181
64
0
0
0
0
0
64
110
192
0
0
0
0
0
185
179
64
0
0
0
0
0
58
162
192
0
0
0
0
0
132
173
64
0
0
0
0
0
198
175
192
0
0
0
0
0
112
158
64
0
0
0
0
0
68
180
192
0
0
0
0
0
0
101
192
0
0
0
0
0
157
181
192
0
0
0
0
0
162
161
192
0
0
0
0
0
188
179
192
0
0
0
0
0
84
175
192
0
0
0
0
0
212
173
192
0
0
0
0
0
48
180
192
0
0
0
0
0
104
159
192
0
0
0
0
0
181
181
192
0
0
0
0
0
128
90
64
0
0
0
0
0
250
179
192
0
0
0
0
0
84
161
64
0
0
0
0
0
118
174
192
0
0
0
0
0
80
175
64
0
0
0
0
0
84
160
192
0
0
0
0
0
86
180
64
0
0
0
0
0
128
70
64
0
0
0
0
0
250
181
64
0
0
0
0
0
16
161
64
0
0
0
0
0
79
180
64
0
0
0
0
0
68
175
64
0
0
0
0
0
38
175
64
0
0
0
0
0
100
180
64
0
0
0
0
0
246
160
64
0
0
0
0
0
22
182
64
0
0
0
0
0
0
58
64
0
0
0
0
0
118
180
64
0
0
0
0
0
146
160
192
0
0
0
0
0
138
175
64
0
0
0
0
0
214
174
192
0
0
0
0
0
114
161
64
0
0
0
0
0
58
180
192
0
0
0
0
0
192
88
64
0
0
0
0
0
0
182
192
0
0
0
0
0
248
159
192
0
0
0
0
0
121
180
192
0
0
0
0
0
84
174
192
0
0
0
0
0
200
175
192
0
0
0
0
0
15
180
192
0
0
0
0
0
220
161
192
0
0
0
0
0
243
181
192
0
0
0
0
0
64
100
192
0
0
0
0
0
140
180
192
0
0
0
0
0
8
159
64
0
0
0
0
0
15
176
192
0
0
0
0
0
252
173
64
0
0
0
0
0
80
162
192
0
0
0
0
0
250
179
64
0
0
0
0
0
32
108
192
0
0
0
0
0
244
181
64
0
0
0
0
0
20
158
64
0
0
0
0
0
160
180
64
0
0
0
0
0
138
173
64
0
0
0
0
0
51
176
64
0
0
0
0
0
197
179
64
0
0
0
0
0
184
162
64
0
0
0
0
0
198
181
64
0
0
0
0
0
96
114
64
0
0
0
0
0
129
180
64
0
0
0
0
0
180
156
192
0
0
0
0
0
44
176
64
0
0
0
0
0
184
172
192
0
0
0
0
0
238
162
64
0
0
0
0
0
85
179
192
0
0
0
0
0
128
118
64
0
0
0
0
0
96
181
192
0
0
0
0
0
40
155
192
0
0
0
0
0
53
180
192
0
0
0
0
0
202
171
192
0
0
0
0
0
10
176
192
0
0
0
0
0
222
178
192
0
0
0
0
0
6
163
192
0
0
0
0
0
254
180
192
0
0
0
0
0
240
121
192
0
0
0
0
0
248
179
192
0
0
0
0
0
220
153
64
0
0
0
0
0
242
175
192
0
0
0
0
0
18
171
64
0
0
0
0
0
54
163
192
0
0
0
0
0
141
178
64
0
0
0
0
0
80
125
192
0
0
0
0
0
198
180
64
0
0
0
0
0
192
152
64
0
0
0
0
0
227
179
64
0
0
0
0
0
132
170
64
0
0
0
0
0
6
176
64
0
0
0
0
0
85
178
64
0
0
0
0
0
144
163
64
0
0
0
0
0
166
180
64
0
0
0
0
0
176
128
64
0
0
0
0
0
225
179
64
0
0
0
0
0
156
151
192
0
0
0
0
0
35
176
64
0
0
0
0
0
254
169
192
0
0
0
0
0
250
163
64
0
0
0
0
0
36
178
192
0
0
0
0
0
208
130
64
0
0
0
0
0
146
180
192
0
0
0
0
0
144
150
192
0
0
0
0
0
235
179
192
0
0
0
0
0
148
169
192
0
0
0
0
0
73
176
192
0
0
0
0
0
8
178
192
0
0
0
0
0
106
164
192
0
0
0
0
0
147
180
192
0
0
0
0
0
184
132
192
0
0
0
0
0
8
180
192
0
0
0
0
0
188
149
64
0
0
0
0
0
121
176
192
0
0
0
0
0
78
169
64
0
0
0
0
0
222
164
192
0
0
0
0
0
249
177
64
0
0
0
0
0
144
134
192
0
0
0
0
0
153
180
64
0
0
0
0
0
220
148
64
0
0
0
0
0
31
180
64
0
0
0
0
0
234
168
64
0
0
0
0
0
159
176
64
0
0
0
0
0
208
177
64
0
0
0
0
0
68
165
64
0
0
0
0
0
122
180
64
0
0
0
0
0
144
136
64
0
0
0
0
0
15
180
64
0
0
0
0
0
176
147
192
0
0
0
0
0
165
176
64
0
0
0
0
0
68
168
192
0
0
0
0
0
132
165
64
0
0
0
0
0
126
177
192
0
0
0
0
0
96
138
64
0
0
0
0
0
52
180
192
0
0
0
0
0
112
146
192
0
0
0
0
0
224
179
192
0
0
0
0
0
144
167
192
0
0
0
0
0
149
176
192
0
0
0
0
0
38
177
192
0
0
0
0
0
168
165
192
0
0
0
0
0
236
179
192
0
0
0
0
0
232
139
192
0
0
0
0
0
180
179
192
0
0
0
0
0
92
145
64
0
0
0
0
0
136
176
192
0
0
0
0
0
244
166
64
0
0
0
0
0
206
165
192
0
0
0
0
0
219
176
64
0
0
0
0
0
88
141
192
0
0
0
0
0
175
179
64
0
0
0
0
0
76
144
64
0
0
0
0
0
141
179
64
0
0
0
0
0
82
166
64
0
0
0
0
0
125
176
64
0
0
0
0
0
135
176
64
0
0
0
0
0
244
165
64
0
0
0
0
0
98
179
64
0
0
0
0
0
240
142
64
0
0
0
0
0
82
179
64
0
0
0
0
0
32
142
192
0
0
0
0
0
96
176
64
0
0
0
0
0
138
165
192
0
0
0
0
0
4
166
64
0
0
0
0
0
28
176
192
0
0
0
0
0
48
144
64
0
0
0
0
0
254
178
192
0
0
0
0
0
160
139
192
0
0
0
0
0
5
179
192
0
0
0
0
0
194
164
192
0
0
0
0
0
54
176
192
0
0
0
0
0
100
175
192
0
0
0
0
0
2
166
192
0
0
0
0
0
162
178
192
0
0
0
0
0
200
144
192
0
0
0
0
0
196
178
192
0
0
0
0
0
144
137
64
0
0
0
0
0
24
176
192
0
0
0
0
0
30
164
64
0
0
0
0
0
16
166
192
0
0
0
0
0
196
174
64
0
0
0
0
0
100
145
192
0
0
0
0
0
97
178
64
0
0
0
0
0
160
135
64
0
0
0
0
0
157
178
64
0
0
0
0
0
144
163
64
0
0
0
0
0
17
176
64
0
0
0
0
0
62
174
64
0
0
0
0
0
66
166
64
0
0
0
0
0
47
178
64
0
0
0
0
0
48
146
64
0
0
0
0
0
132
178
64
0
0
0
0
0
136
133
192
0
0
0
0
0
21
176
64
0
0
0
0
0
0
163
192
0
0
0
0
0
128
166
64
0
0
0
0
0
188
173
192
0
0
0
0
0
4
147
64
0
0
0
0
0
254
177
192
0
0
0
0
0
120
131
192
0
0
0
0
0
107
178
192
0
0
0
0
0
120
162
192
0
0
0
0
0
21
176
192
0
0
0
0
0
64
173
192
0
0
0
0
0
176
166
192
0
0
0
0
0
206
177
192
0
0
0
0
0
176
147
192
0
0
0
0
0
77
178
192
0
0
0
0
0
184
129
64
0
0
0
0
0
13
176
192
0
0
0
0
0
250
161
64
0
0
0
0
0
206
166
192
0
0
0
0
0
194
172
64
0
0
0
0
0
68
148
192
0
0
0
0
0
150
177
64
0
0
0
0
0
208
127
64
0
0
0
0
0
36
178
64
0
0
0
0
0
104
161
64
0
0
0
0
0
244
175
64
0
0
0
0
0
34
172
64
0
0
0
0
0
222
166
64
0
0
0
0
0
74
177
64
0
0
0
0
0
224
148
64
0
0
0
0
0
232
177
64
0
0
0
0
0
160
123
192
0
0
0
0
0
178
175
64
0
0
0
0
0
186
160
192
0
0
0
0
0
226
166
64
0
0
0
0
0
100
171
192
0
0
0
0
0
112
149
64
0
0
0
0
0
242
176
192
0
0
0
0
0
144
119
192
0
0
0
0
0
165
177
192
0
0
0
0
0
18
160
192
0
0
0
0
0
104
175
192
0
0
0
0
0
182
170
192
0
0
0
0
0
220
166
192
0
0
0
0
0
165
176
192
0
0
0
0
0
232
149
192
0
0
0
0
0
108
177
192
0
0
0
0
0
48
116
64
0
0
0
0
0
48
175
192
0
0
0
0
0
20
159
64
0
0
0
0
0
224
166
192
0
0
0
0
0
40
170
64
0
0
0
0
0
96
150
192
0
0
0
0
0
103
176
64
0
0
0
0
0
224
112
64
0
0
0
0
0
66
177
64
0
0
0
0
0
12
158
64
0
0
0
0
0
12
175
64
0
0
0
0
0
158
169
64
0
0
0
0
0
244
166
64
0
0
0
0
0
41
176
64
0
0
0
0
0
244
150
64
0
0
0
0
0
20
177
64
0
0
0
0
0
64
106
192
0
0
0
0
0
222
174
64
0
0
0
0
0
220
156
192
0
0
0
0
0
254
166
64
0
0
0
0
0
250
168
192
0
0
0
0
0
124
151
64
0
0
0
0
0
182
175
192
0
0
0
0
0
224
98
192
0
0
0
0
0
211
176
192
0
0
0
0
0
160
155
192
0
0
0
0
0
138
174
192
0
0
0
0
0
68
168
192
0
0
0
0
0
226
166
192
0
0
0
0
0
250
174
192
0
0
0
0
0
192
151
192
0
0
0
0
0
127
176
192
0
0
0
0
0
64
89
64
0
0
0
0
0
14
174
192
0
0
0
0
0
104
154
64
0
0
0
0
0
166
166
192
0
0
0
0
0
132
167
64
0
0
0
0
0
232
151
192
0
0
0
0
0
54
174
64
0
0
0
0
0
0
75
64
0
0
0
0
0
43
176
64
0
0
0
0
0
60
153
64
0
0
0
0
0
162
173
64
0
0
0
0
0
218
166
64
0
0
0
0
0
140
166
64
0
0
0
0
0
162
173
64
0
0
0
0
0
80
152
64
0
0
0
0
0
0
176
64
0
0
0
0
0
0
0
0
0
0
0
0
0
162
173
64
0
0
0
0
0
80
152
192
0
0
0
0
0
218
166
64
0
0
0
0
0
140
166
192
0
0
0
0
0
60
153
64
0
0
0
0
0
162
173
192
0
0
0
0
0
0
75
64
0
0
0
0
0
43
176
192
0
0
0
0
0
232
151
192
0
0
0
0
0
54
174
192
0
0
0
0
0
166
166
192
0
0
0
0
0
132
167
192
0
0
0
0
0
14
174
192
0
0
0
0
0
104
154
192
0
0
0
0
0
127
176
192
0
0
0
0
0
64
89
192
0
0
0
0
0
250
174
192
0
0
0
0
0
192
151
64
0
0
0
0
0
68
168
192
0
0
0
0
0
226
166
64
0
0
0
0
0
160
155
192
0
0
0
0
0
138
174
64
0
0
0
0
0
224
98
192
0
0
0
0
0
211
176
64
0
0
0
0
0
124
151
64
0
0
0
0
0
182
175
64
0
0
0
0
0
254
166
64
0
0
0
0
0
250
168
64
0
0
0
0
0
222
174
64
0
0
0
0
0
220
156
64
0
0
0
0
0
20
177
64
0
0
0
0
0
64
106
64
0
0
0
0
0
41
176
64
0
0
0
0
0
244
150
192
0
0
0
0
0
158
169
64
0
0
0
0
0
244
166
192
0
0
0
0
0
12
158
64
0
0
0
0
0
12
175
192
0
0
0
0
0
224
112
64
0
0
0
0
0
66
177
192
0
0
0
0
0
96
150
192
0
0
0
0
0
103
176
192
0
0
0
0
0
224
166
192
0
0
0
0
0
40
170
192
0
0
0
0
0
48
175
192
0
0
0
0
0
20
159
192
0
0
0
0
0
108
177
192
0
0
0
0
0
48
116
192
0
0
0
0
0
165
176
192
0
0
0
0
0
232
149
64
0
0
0
0
0
182
170
192
0
0
0
0
0
220
166
64
0
0
0
0
0
18
160
192
0
0
0
0
0
104
175
64
0
0
0
0
0
144
119
192
0
0
0
0
0
165
177
64
0
0
0
0
0
112
149
64
0
0
0
0
0
242
176
64
0
0
0
0
0
226
166
64
0
0
0
0
0
100
171
64
0
0
0
0
0
178
175
64
0
0
0
0
0
186
160
64
0
0
0
0
0
232
177
64
0
0
0
0
0
160
123
64
0
0
0
0
0
74
177
64
0
0
0
0
0
224
148
192
0
0
0
0
0
34
172
64
0
0
0
0
0
222
166
192
0
0
0
0
0
104
161
64
0
0
0
0
0
244
175
192
0
0
0
0
0
208
127
64
0
0
0
0
0
36
178
192
0
0
0
0
0
68
148
192
0
0
0
0
0
150
177
192
0
0
0
0
0
206
166
192
0
0
0
0
0
194
172
192
0
0
0
0
0
13
176
192
0
0
0
0
0
250
161
192
0
0
0
0
0
77
178
192
0
0
0
0
0
184
129
192
0
0
0
0
0
206
177
192
0
0
0
0
0
176
147
64
0
0
0
0
0
64
173
192
0
0
0
0
0
176
166
64
0
0
0
0
0
120
162
192
0
0
0
0
0
21
176
64
0
0
0
0
0
120
131
192
0
0
0
0
0
107
178
64
0
0
0
0
0
4
147
64
0
0
0
0
0
254
177
64
0
0
0
0
0
128
166
64
0
0
0
0
0
188
173
64
0
0
0
0
0
21
176
64
0
0
0
0
0
0
163
64
0
0
0
0
0
132
178
64
0
0
0
0
0
136
133
64
0
0
0
0
0
47
178
64
0
0
0
0
0
48
146
192
0
0
0
0
0
62
174
64
0
0
0
0
0
66
166
192
0
0
0
0
0
144
163
64
0
0
0
0
0
17
176
192
0
0
0
0
0
160
135
64
0
0
0
0
0
157
178
192
0
0
0
0
0
100
145
192
0
0
0
0
0
97
178
192
0
0
0
0
0
16
166
192
0
0
0
0
0
196
174
192
0
0
0
0
0
24
176
192
0
0
0
0
0
30
164
192
0
0
0
0
0
196
178
192
0
0
0
0
0
144
137
192
0
0
0
0
0
162
178
192
0
0
0
0
0
200
144
64
0
0
0
0
0
100
175
192
0
0
0
0
0
2
166
64
0
0
0
0
0
194
164
192
0
0
0
0
0
54
176
64
0
0
0
0
0
160
139
192
0
0
0
0
0
5
179
64
0
0
0
0
0
48
144
64
0
0
0
0
0
254
178
64
0
0
0
0
0
4
166
64
0
0
0
0
0
28
176
64
0
0
0
0
0
96
176
64
0
0
0
0
0
138
165
64
0
0
0
0
0
82
179
64
0
0
0
0
0
32
142
64
0
0
0
0
0
98
179
64
0
0
0
0
0
240
142
192
0
0
0
0
0
135
176
64
0
0
0
0
0
244
165
192
0
0
0
0
0
82
166
64
0
0
0
0
0
125
176
192
0
0
0
0
0
76
144
64
0
0
0
0
0
141
179
192
0
0
0
0
0
88
141
192
0
0
0
0
0
175
179
192
0
0
0
0
0
206
165
192
0
0
0
0
0
219
176
192
0
0
0
0
0
136
176
192
0
0
0
0
0
244
166
192
0
0
0
0
0
180
179
192
0
0
0
0
0
92
145
192
0
0
0
0
0
236
179
192
0
0
0
0
0
232
139
64
0
0
0
0
0
38
177
192
0
0
0
0
0
168
165
64
0
0
0
0
0
144
167
192
0
0
0
0
0
149
176
64
0
0
0
0
0
112
146
192
0
0
0
0
0
224
179
64
0
0
0
0
0
96
138
64
0
0
0
0
0
52
180
64
0
0
0
0
0
132
165
64
0
0
0
0
0
126
177
64
0
0
0
0
0
165
176
64
0
0
0
0
0
68
168
64
0
0
0
0
0
15
180
64
0
0
0
0
0
176
147
64
0
0
0
0
0
122
180
64
0
0
0
0
0
144
136
192
0
0
0
0
0
208
177
64
0
0
0
0
0
68
165
192
0
0
0
0
0
234
168
64
0
0
0
0
0
159
176
192
0
0
0
0
0
220
148
64
0
0
0
0
0
31
180
192
0
0
0
0
0
144
134
192
0
0
0
0
0
153
180
192
0
0
0
0
0
222
164
192
0
0
0
0
0
249
177
192
0
0
0
0
0
121
176
192
0
0
0
0
0
78
169
192
0
0
0
0
0
8
180
192
0
0
0
0
0
188
149
192
0
0
0
0
0
147
180
192
0
0
0
0
0
184
132
64
0
0
0
0
0
8
178
192
0
0
0
0
0
106
164
64
0
0
0
0
0
148
169
192
0
0
0
0
0
73
176
64
0
0
0
0
0
144
150
192
0
0
0
0
0
235
179
64
0
0
0
0
0
208
130
64
0
0
0
0
0
146
180
64
0
0
0
0
0
250
163
64
0
0
0
0
0
36
178
64
0
0
0
0
0
35
176
64
0
0
0
0
0
254
169
64
0
0
0
0
0
225
179
64
0
0
0
0
0
156
151
64
0
0
0
0
0
166
180
64
0
0
0
0
0
176
128
192
0
0
0
0
0
85
178
64
0
0
0
0
0
144
163
192
0
0
0
0
0
132
170
64
0
0
0
0
0
6
176
192
0
0
0
0
0
192
152
64
0
0
0
0
0
227
179
192
0
0
0
0
0
80
125
192
0
0
0
0
0
198
180
192
0
0
0
0
0
54
163
192
0
0
0
0
0
141
178
192
0
0
0
0
0
242
175
192
0
0
0
0
0
18
171
192
0
0
0
0
0
248
179
192
0
0
0
0
0
0
0
0
0
0
0
0
0
0
0
0
0
0
0
0
0
0
0
0
0
0
0
0
0
0
0
0
0
0
0
0
0
0
0
0
0
0
0
0
0
0
0
0
0
0
0
0
0
0
0
0
0
0
0
0
0
0
0
0
0
0
0
0
0
0
0
0
0
0
0
0
0
0
0
0
0
0
0
0
0
0
0
0
0
0
0
0
0
0
0
0
0
0
0
0
0
0
0
0
0
0
0
0
0
0
0
0
0
0
0
0
0
0
0
0
0
0
0
0
0
0
0
0
0
0
0
0
0
0
0
0
0
0
0
0
0
0
0
0
0
0
0
0
0
0
0
0
0
0
0
0
0
0
0
0
0
0
0
0
0
0
0
0
0
0
0
0
0
0
0
0
0
0
0
0
0
0
0
0
0
0
0
0
0
0
0
0
0
0
0
0
0
0
0
0
0
0
0
0
0
0
0
0
0
0
0
0
0
0
0
0
0
0
0
0
0
0
0
0
0
0
0
0
0
0
0
0
0
0
0
0
0
0
0
0
0
0
0
0
0
0
0
0
0
0
0
0
0
0
0
0
0
0
0
0
0
0
0
0
0
0
0
0
0
0
0
0
0
0
0
0
0
0
0
0
0
0
0
0
0
0
0
0
0
0
0
0
0
0
0
0
0
0
0
0
0
0
0
0
0
0
0
0
0
0
0
0
0
0
0
0
0
0
0
0
0
0
0
0
0
0
0
0
0
0
0
0
0
0
0
0
0
0
0
0
0
0
0
0
0
0
0
0
0
0
0
0
0
0
0
0
0
0
0
0
0
0
0
0
0
0
0
0
0
0
0
0
0
0
0
0
0
0
0
0
0
0
0
0
0
0
0
0
0
0
0
0
0
0
0
0
0
0
0
0
0
0
0
0
0
0
0
0
0
0
0
0
0
0
0
0
0
0
0
0
0
0
0
0
0
0
0
0
0
0
0
0
0
0
0
0
0
0
0
0
0
0
0
0
0
0
0
0
0
0
0
0
0
0
0
0
0
0
0
0
0
0
0
0
0
0
0
0
0
0
0
0
0
0
0
0
0
0
0
0
0
0
0
0
0
0
0
0
0
0
0
0
0
0
0
0
0
0
0
0
0
0
0
0
0
0
0
0
0
0
0
0
0
0
0
0
0
0
0
0
0
0
0
0
0
0
0
0
0
0
0
0
0
0
0
0
0
0
0
0
0
0
0
0
0
0
0
0
0
0
0
0
0
0
0
0
0
0
0
0
0
0
0
0
0
0
0
0
0
0
0
0
0
0
0
0
0
0
0
0
0
0
0
0
0
0
0
0
0
0
0
0
0
0
0
0
0
0
0
0
0
0
0
0
0
0
0
0
0
0
0
0
0
0
0
0
0
0
0
0
0
0
0
0
0
0
0
0
0
0
0
0
0
0
0
0
0
0
0
0
0
0
0
0
0
0
0
0
0
0
0
0
0
0
0
0
0
0
0
0
0
0
0
0
0
0
0
0
0
0
0
0
0
0
0
0
0
0
0
0
0
0
0
0
0
0
0
0
0
0
0
0
0
0
0
0
0
0
0
0
0
0
0
0
0
0
0
0
0
0
0
0
0
0
0
0
0
0
0
0
0
0
0
0
0
0
0
0
0
0
0
0
0
0
0
0
0
0
0
0
0
0
0
0
0
0
0
0
0
0
0
0
0
0
0
0
0
0
0
0
0
0
0
0
0
0
0
0
0
0
0
0
0
0
0
0
0
0
0
0
0
0
0
0
0
0
0
0
0
0
0
0
0
0
0
0
0
0
0
0
0
0
0
0
0
0
0
0
0
0
0
0
0
0
0
0
0
0
0
0
0
0
0
0
0
0
0
0
0
0
0
0
0
0
0
0
0
0
0
0
0
0
0
0
0
0
0
0
0
0
0
0
0
0
0
0
0
0
0
0
0
0
0
0
0
0
0
0
0
0
0
0
0
0
0
0
0
0
0
0
0
0
0
0
0
0
0
0
0
0
0
0
0
0
0
0
0
0
0
0
0
0
0
0
0
0
0
0
0
0
0
0
0
0
0
0
0
0
0
0
0
0
0
0
0
0
0
0
0
0
0
0
0
0
0
0
0
0
0
0
0
0
0
0
0
0
0
0
0
0
0
0
0
0
0
0
0
0
0
0
0
0
0
0
0
0
0
0
0
0
0
0
0
0
0
0
0
0
0
0
0
0
0
0
0
0
0
0
0
0
0
0
0
0
0
0
0
0
0
0
0
0
0
0
0
0
0
0
0
0
0
0
0
0
0
0
0
0
0
0
0
0
0
0
0
0
0
0
0
0
0
0
0
0
0
0
0
0
0
0
0
0
0
0
0
0
0
0
0
0
0
0
0
0
0
0
0
0
0
0
0
0
0
0
0
0
0
0
0
0
0
0
0
0
0
0
0
0
0
0
0
0
0
0
0
0
0
0
0
0
0
0
0
0
0
0
0
0
0
0
0
0
0
0
0
0
0
0
0
0
0
0
0
0
0
0
0
0
0
0
0
0
0
0
0
0
0
0
0
0
0
0
0
0
0
0
0
0
0
0
0
0
0
0
0
0
0
0
0
0
0
0
0
0
0
0
0
0
0
0
0
0
0
0
0
0
0
0
0
0
0
0
0
0
0
0
0
0
0
0
0
0
0
0
0
0
0
0
0
0
0
0
0
0
0
0
0
0
0
0
0
0
0
0
0
0
0
0
0
0
0
0
0
0
0
0
0
0
0
0
0
0
0
0
0
0
0
0
0
0
0