58
70
65
67
84
58
67
68
65
84
49
56
58
68
65
84
65
32
35
57
48
48
48
48
48
54
57
51
54
0
64
86
192
0
0
0
0
0
128
95
192
0
0
0
0
0
0
96
192
0
0
0
0
0
128
83
192
0
0
0
0
0
64
94
192
0
0
0
0
0
0
48
192
0
0
0
0
0
128
81
192
0
0
0
0
0
0
54
64
0
0
0
0
0
0
0
192
0
0
0
0
0
0
38
64
0
0
0
0
0
128
67
64
0
0
0
0
0
128
71
192
0
0
0
0
0
0
60
64
0
0
0
0
0
0
95
192
0
0
0
0
0
128
65
192
0
0
0
0
0
0
102
192
0
0
0
0
0
192
93
192
0
0
0
0
0
128
101
192
0
0
0
0
0
32
102
192
0
0
0
0
0
0
92
192
0
0
0
0
0
32
102
192
0
0
0
0
0
0
60
192
0
0
0
0
0
0
93
192
0
0
0
0
0
0
64
64
0
0
0
0
0
0
59
192
0
0
0
0
0
0
61
64
0
0
0
0
0
0
66
64
0
0
0
0
0
0
69
192
0
0
0
0
0
128
64
64
0
0
0
0
0
0
98
192
0
0
0
0
0
0
69
192
0
0
0
0
0
0
108
192
0
0
0
0
0
160
99
192
0
0
0
0
0
32
109
192
0
0
0
0
0
32
111
192
0
0
0
0
0
96
100
192
0
0
0
0
0
224
112
192
0
0
0
0
0
0
72
192
0
0
0
0
0
96
105
192
0
0
0
0
0
128
71
64
0
0
0
0
0
64
85
192
0
0
0
0
0
128
80
64
0
0
0
0
0
0
46
64
0
0
0
0
0
0
28
192
0
0
0
0
0
128
66
64
0
0
0
0
0
96
98
192
0
0
0
0
0
0
72
192
0
0
0
0
0
16
113
192
0
0
0
0
0
128
105
192
0
0
0
0
0
176
115
192
0
0
0
0
0
96
118
192
0
0
0
0
0
96
110
192
0
0
0
0
0
176
122
192
0
0
0
0
0
128
85
192
0
0
0
0
0
64
119
192
0
0
0
0
0
192
82
64
0
0
0
0
0
64
107
192
0
0
0
0
0
224
98
64
0
0
0
0
0
128
73
192
0
0
0
0
0
64
86
64
0
0
0
0
0
0
64
64
0
0
0
0
0
192
85
192
0
0
0
0
0
128
70
192
0
0
0
0
0
112
114
192
0
0
0
0
0
48
112
192
0
0
0
0
0
16
122
192
0
0
0
0
0
112
128
192
0
0
0
0
0
96
119
192
0
0
0
0
0
128
134
192
0
0
0
0
0
96
100
192
0
0
0
0
0
32
135
192
0
0
0
0
0
0
96
64
0
0
0
0
0
184
129
192
0
0
0
0
0
144
118
64
0
0
0
0
0
192
113
192
0
0
0
0
0
160
121
64
0
0
0
0
0
128
71
192
0
0
0
0
0
0
109
64
0
0
0
0
0
0
52
192
0
0
0
0
0
128
89
192
0
0
0
0
0
160
111
192
0
0
0
0
0
144
122
192
0
0
0
0
0
32
135
192
0
0
0
0
0
248
128
192
0
0
0
0
0
108
148
192
0
0
0
0
0
224
115
192
0
0
0
0
0
4
155
192
0
0
0
0
0
208
112
64
0
0
0
0
0
48
156
192
0
0
0
0
0
40
145
64
0
0
0
0
0
80
150
192
0
0
0
0
0
104
158
64
0
0
0
0
0
208
131
192
0
0
0
0
0
16
164
64
0
0
0
0
0
240
121
64
0
0
0
0
0
172
165
64
0
0
0
0
0
56
151
64
0
0
0
0
0
108
163
64
0
0
0
0
0
88
162
64
0
0
0
0
0
108
155
64
0
0
0
0
0
34
166
64
0
0
0
0
0
208
134
64
0
0
0
0
0
102
166
64
0
0
0
0
0
192
120
192
0
0
0
0
0
72
163
64
0
0
0
0
0
112
150
192
0
0
0
0
0
224
154
64
0
0
0
0
0
130
161
192
0
0
0
0
0
8
135
64
0
0
0
0
0
54
165
192
0
0
0
0
0
240
117
192
0
0
0
0
0
240
165
192
0
0
0
0
0
28
150
192
0
0
0
0
0
142
163
192
0
0
0
0
0
24
162
192
0
0
0
0
0
116
156
192
0
0
0
0
0
212
166
192
0
0
0
0
0
224
137
192
0
0
0
0
0
88
168
192
0
0
0
0
0
96
118
64
0
0
0
0
0
32
166
192
0
0
0
0
0
112
152
64
0
0
0
0
0
60
160
192
0
0
0
0
0
60
164
64
0
0
0
0
0
224
141
192
0
0
0
0
0
98
169
64
0
0
0
0
0
32
118
64
0
0
0
0
0
162
170
64
0
0
0
0
0
112
153
64
0
0
0
0
0
172
167
64
0
0
0
0
0
172
164
64
0
0
0
0
0
4
161
64
0
0
0
0
0
84
169
64
0
0
0
0
0
72
143
64
0
0
0
0
0
10
170
64
0
0
0
0
0
160
114
192
0
0
0
0
0
222
166
64
0
0
0
0
0
180
151
192
0
0
0
0
0
116
160
64
0
0
0
0
0
96
163
192
0
0
0
0
0
56
143
64
0
0
0
0
0
244
167
192
0
0
0
0
0
224
109
192
0
0
0
0
0
18
169
192
0
0
0
0
0
164
150
192
0
0
0
0
0
158
166
192
0
0
0
0
0
84
163
192
0
0
0
0
0
216
160
192
0
0
0
0
0
200
168
192
0
0
0
0
0
204
144
192
0
0
0
0
0
194
170
192
0
0
0
0
0
96
107
64
0
0
0
0
0
190
168
192
0
0
0
0
0
40
152
64
0
0
0
0
0
198
162
192
0
0
0
0
0
34
165
64
0
0
0
0
0
32
147
192
0
0
0
0
0
90
171
64
0
0
0
0
0
96
105
64
0
0
0
0
0
142
173
64
0
0
0
0
0
216
153
64
0
0
0
0
0
54
171
64
0
0
0
0
0
152
166
64
0
0
0
0
0
138
164
64
0
0
0
0
0
254
172
64
0
0
0
0
0
16
149
64
0
0
0
0
0
8
175
64
0
0
0
0
0
64
100
192
0
0
0
0
0
88
172
64
0
0
0
0
0
0
154
192
0
0
0
0
0
86
165
64
0
0
0
0
0
214
166
192
0
0
0
0
0
40
150
64
0
0
0
0
0
64
173
192
0
0
0
0
0
64
91
192
0
0
0
0
0
66
175
192
0
0
0
0
0
72
153
192
0
0
0
0
0
142
172
192
0
0
0
0
0
126
166
192
0
0
0
0
0
146
165
192
0
0
0
0
0
234
172
192
0
0
0
0
0
188
150
192
0
0
0
0
0
238
174
192
0
0
0
0
0
0
78
64
0
0
0
0
0
66
172
192
0
0
0
0
0
60
152
64
0
0
0
0
0
94
165
192
0
0
0
0
0
198
165
64
0
0
0
0
0
192
150
192
0
0
0
0
0
250
171
64
0
0
0
0
0
0
44
64
0
0
0
0
0
218
173
64
0
0
0
0
0
148
150
64
0
0
0
0
0
56
171
64
0
0
0
0
0
126
164
64
0
0
0
0
0
158
164
64
0
0
0
0
0
114
170
64
0
0
0
0
0
76
150
64
0
0
0
0
0
96
172
64
0
0
0
0
0
128
65
64
0
0
0
0
0
34
170
64
0
0
0
0
0
220
148
192
0
0
0
0
0
30
164
64
0
0
0
0
0
122
163
192
0
0
0
0
0
96
150
64
0
0
0
0
0
162
169
192
0
0
0
0
0
64
83
64
0
0
0
0
0
10
172
192
0
0
0
0
0
88
148
192
0
0
0
0
0
80
170
192
0
0
0
0
0
148
163
192
0
0
0
0
0
158
164
192
0
0
0
0
0
46
170
192
0
0
0
0
0
104
151
192
0
0
0
0
0
230
172
192
0
0
0
0
0
128
91
192
0
0
0
0
0
54
171
192
0
0
0
0
0
136
148
64
0
0
0
0
0
82
165
192
0
0
0
0
0
232
163
64
0
0
0
0
0
68
152
192
0
0
0
0
0
128
170
64
0
0
0
0
0
96
98
192
0
0
0
0
0
248
172
64
0
0
0
0
0
180
147
64
0
0
0
0
0
252
170
64
0
0
0
0
0
30
163
64
0
0
0
0
0
244
164
64
0
0
0
0
0
62
169
64
0
0
0
0
0
224
151
64
0
0
0
0
0
108
171
64
0
0
0
0
0
32
103
64
0
0
0
0
0
126
169
64
0
0
0
0
0
216
145
192
0
0
0
0
0
232
163
64
0
0
0
0
0
168
161
192
0
0
0
0
0
36
151
64
0
0
0
0
0
154
167
192
0
0
0
0
0
128
107
64
0
0
0
0
0
0
170
192
0
0
0
0
0
124
144
192
0
0
0
0
0
148
168
192
0
0
0
0
0
238
160
192
0
0
0
0
0
140
163
192
0
0
0
0
0
24
167
192
0
0
0
0
0
68
151
192
0
0
0
0
0
202
169
192
0
0
0
0
0
128
111
192
0
0
0
0
0
150
168
192
0
0
0
0
0
248
143
64
0
0
0
0
0
166
163
192
0
0
0
0
0
182
160
64
0
0
0
0
0
124
151
192
0
0
0
0
0
208
166
64
0
0
0
0
0
64
113
192
0
0
0
0
0
86
169
64
0
0
0
0
0
48
142
64
0
0
0
0
0
244
167
64
0
0
0
0
0
172
159
64
0
0
0
0
0
250
162
64
0
0
0
0
0
122
165
64
0
0
0
0
0
168
150
64
0
0
0
0
0
180
167
64
0
0
0
0
0
48
114
64
0
0
0
0
0
94
166
64
0
0
0
0
0
32
139
192
0
0
0
0
0
212
161
64
0
0
0
0
0
16
157
192
0
0
0
0
0
180
149
64
0
0
0
0
0
248
163
192
0
0
0
0
0
144
115
64
0
0
0
0
0
116
166
192
0
0
0
0
0
8
137
192
0
0
0
0
0
182
165
192
0
0
0
0
0
68
156
192
0
0
0
0
0
216
161
192
0
0
0
0
0
32
164
192
0
0
0
0
0
156
150
192
0
0
0
0
0
88
167
192
0
0
0
0
0
0
119
192
0
0
0
0
0
50
167
192
0
0
0
0
0
96
137
64
0
0
0
0
0
130
163
192
0
0
0
0
0
16
158
64
0
0
0
0
0
68
153
192
0
0
0
0
0
208
165
64
0
0
0
0
0
224
123
192
0
0
0
0
0
134
169
64
0
0
0
0
0
88
138
64
0
0
0
0
0
104
169
64
0
0
0
0
0
244
159
64
0
0
0
0
0
86
165
64
0
0
0
0
0
40
167
64
0
0
0
0
0
176
155
64
0
0
0
0
0
236
170
64
0
0
0
0
0
56
128
64
0
0
0
0
0
158
170
64
0
0
0
0
0
16
138
192
0
0
0
0
0
66
166
64
0
0
0
0
0
54
160
192
0
0
0
0
0
244
156
64
0
0
0
0
0
140
167
192
0
0
0
0
0
208
129
64
0
0
0
0
0
98
171
192
0
0
0
0
0
72
137
192
0
0
0
0
0
34
171
192
0
0
0
0
0
64
160
192
0
0
0
0
0
204
166
192
0
0
0
0
0
218
167
192
0
0
0
0
0
0
158
192
0
0
0
0
0
250
171
192
0
0
0
0
0
80
131
192
0
0
0
0
0
246
171
192
0
0
0
0
0
232
136
64
0
0
0
0
0
186
167
192
0
0
0
0
0
142
160
64
0
0
0
0
0
164
159
192
0
0
0
0
0
150
168
64
0
0
0
0
0
112
133
192
0
0
0
0
0
20
173
64
0
0
0
0
0
152
136
64
0
0
0
0
0
66
173
64
0
0
0
0
0
250
160
64
0
0
0
0
0
4
169
64
0
0
0
0
0
122
169
64
0
0
0
0
0
230
160
64
0
0
0
0
0
80
174
64
0
0
0
0
0
48
136
64
0
0
0
0
0
170
174
64
0
0
0
0
0
208
135
192
0
0
0
0
0
100
170
64
0
0
0
0
0
78
161
192
0
0
0
0
0
10
162
64
0
0
0
0
0
70
170
192
0
0
0
0
0
40
139
64
0
0
0
0
0
114
175
192
0
0
0
0
0
200
134
192
0
0
0
0
0
242
175
192
0
0
0
0
0
134
161
192
0
0
0
0
0
150
171
192
0
0
0
0
0
216
170
192
0
0
0
0
0
248
162
192
0
0
0
0
0
19
176
192
0
0
0
0
0
120
141
192
0
0
0
0
0
71
176
192
0
0
0
0
0
176
133
64
0
0
0
0
0
250
171
192
0
0
0
0
0
90
161
64
0
0
0
0
0
42
163
192
0
0
0
0
0
142
170
64
0
0
0
0
0
56
142
192
0
0
0
0
0
150
175
64
0
0
0
0
0
232
131
64
0
0
0
0
0
194
175
64
0
0
0
0
0
126
160
64
0
0
0
0
0
40
171
64
0
0
0
0
0
70
169
64
0
0
0
0
0
158
162
64
0
0
0
0
0
28
174
64
0
0
0
0
0
24
142
64
0
0
0
0
0
108
174
64
0
0
0
0
0
192
129
192
0
0
0
0
0
76
170
64
0
0
0
0
0
36
159
192
0
0
0
0
0
94
162
64
0
0
0
0
0
86
168
192
0
0
0
0
0
16
143
64
0
0
0
0
0
142
173
192
0
0
0
0
0
64
128
192
0
0
0
0
0
126
174
192
0
0
0
0
0
252
158
192
0
0
0
0
0
244
170
192
0
0
0
0
0
226
168
192
0
0
0
0
0
78
163
192
0
0
0
0
0
200
174
192
0
0
0
0
0
20
145
192
0
0
0
0
0
21
176
192
0
0
0
0
0
176
126
64
0
0
0
0
0
162
172
192
0
0
0
0
0
228
159
64
0
0
0
0
0
158
164
192
0
0
0
0
0
216
169
64
0
0
0
0
0
152
146
192
0
0
0
0
0
226
175
64
0
0
0
0
0
16
124
64
0
0
0
0
0
130
176
64
0
0
0
0
0
104
159
64
0
0
0
0
0
16
173
64
0
0
0
0
0
80
169
64
0
0
0
0
0
184
164
64
0
0
0
0
0
218
174
64
0
0
0
0
0
212
146
64
0
0
0
0
0
146
175
64
0
0
0
0
0
176
119
192
0
0
0
0
0
140
171
64
0
0
0
0
0
236
156
192
0
0
0
0
0
150
163
64
0
0
0
0
0
96
167
192
0
0
0
0
0
24
146
64
0
0
0
0
0
134
172
192
0
0
0
0
0
144
115
192
0
0
0
0
0
80
173
192
0
0
0
0
0
120
154
192
0
0
0
0
0
208
169
192
0
0
0
0
0
218
165
192
0
0
0
0
0
164
162
192
0
0
0
0
0
36
171
192
0
0
0
0
0
188
145
192
0
0
0
0
0
108
172
192
0
0
0
0
0
16
113
64
0
0
0
0
0
130
169
192
0
0
0
0
0
156
153
64
0
0
0
0
0
206
162
192
0
0
0
0
0
162
165
64
0
0
0
0
0
112
146
192
0
0
0
0
0
82
171
64
0
0
0
0
0
192
109
64
0
0
0
0
0
248
172
64
0
0
0
0
0
156
153
64
0
0
0
0
0
66
170
64
0
0
0
0
0
240
165
64
0
0
0
0
0
136
163
64
0
0
0
0
0
210
171
64
0
0
0
0
0
144
147
64
0
0
0
0
0
134
173
64
0
0
0
0
0
64
104
192
0
0
0
0
0
192
170
64
0
0
0
0
0
56
153
192
0
0
0
0
0
240
163
64
0
0
0
0
0
202
165
192
0
0
0
0
0
72
148
64
0
0
0
0
0
164
171
192
0
0
0
0
0
192
97
192
0
0
0
0
0
74
173
192
0
0
0
0
0
44
152
192
0
0
0
0
0
136
170
192
0
0
0
0
0
34
165
192
0
0
0
0
0
214
163
192
0
0
0
0
0
238
170
192
0
0
0
0
0
132
148
192
0
0
0
0
0
166
172
192
0
0
0
0
0
0
88
64
0
0
0
0
0
20
170
192
0
0
0
0
0
16
151
64
0
0
0
0
0
168
163
192
0
0
0
0
0
128
164
64
0
0
0
0
0
180
148
192
0
0
0
0
0
90
170
64
0
0
0
0
0
0
77
64
0
0
0
0
0
68
172
64
0
0
0
0
0
84
150
64
0
0
0
0
0
248
169
64
0
0
0
0
0
60
164
64
0
0
0
0
0
206
163
64
0
0
0
0
0
88
170
64
0
0
0
0
0
84
149
64
0
0
0
0
0
150
172
64
0
0
0
0
0
0
51
192
0
0
0
0
0
150
170
64
0
0
0
0
0
44
150
192
0
0
0
0
0
146
164
64
0
0
0
0
0
142
164
192
0
0
0
0
0
172
150
64
0
0
0
0
0
30
171
192
0
0
0
0
0
0
56
64
0
0
0
0
0
190
173
192
0
0
0
0
0
128
150
192
0
0
0
0
0
236
171
192
0
0
0
0
0
66
165
192
0
0
0
0
0
208
165
192
0
0
0
0
0
66
172
192
0
0
0
0
0
124
152
192
0
0
0
0
0
18
175
192
0
0
0
0
0
64
83
192
0
0
0
0
0
46
173
192
0
0
0
0
0
164
150
64
0
0
0
0
0
206
166
192
0
0
0
0
0
166
165
64
0
0
0
0
0
208
153
192
0
0
0
0
0
192
172
64
0
0
0
0
0
96
96
192
0
0
0
0
0
126
175
64
0
0
0
0
0
252
149
64
0
0
0
0
0
118
173
64
0
0
0
0
0
74
165
64
0
0
0
0
0
0
167
64
0
0
0
0
0
84
172
64
0
0
0
0
0
76
154
64
0
0
0
0
0
26
175
64
0
0
0
0
0
64
102
64
0
0
0
0
0
66
173
64
0
0
0
0
0
4
149
192
0
0
0
0
0
22
167
64
0
0
0
0
0
220
164
192
0
0
0
0
0
244
154
64
0
0
0
0
0
44
172
192
0
0
0
0
0
64
108
64
0
0
0
0
0
104
175
192
0
0
0
0
0
212
148
192
0
0
0
0
0
8
174
192
0
0
0
0
0
86
165
192
0
0
0
0
0
36
168
192
0
0
0
0
0
94
173
192
0
0
0
0
0
224
156
192
0
0
0
0
0
155
176
192
0
0
0
0
0
224
113
192
0
0
0
0
0
15
176
192
0
0
0
0
0
124
149
64
0
0
0
0
0
14
170
192
0
0
0
0
0
130
166
64
0
0
0
0
0
148
159
192
0
0
0
0
0
46
175
64
0
0
0
0
0
96
118
192
0
0
0
0
0
164
177
64
0
0
0
0
0
212
149
64
0
0
0
0
0
3
177
64
0
0
0
0
0
42
167
64
0
0
0
0
0
132
171
64
0
0
0
0
0
254
175
64
0
0
0
0
0
184
160
64
0
0
0
0
0
252
177
64
0
0
0
0
0
160
122
64
0
0
0
0
0
62
177
64
0
0
0
0
0
28
149
192
0
0
0
0
0
206
171
64
0
0
0
0
0
200
166
192
0
0
0
0
0
2
161
64
0
0
0
0
0
126
175
192
0
0
0
0
0
32
126
64
0
0
0
0
0
183
177
192
0
0
0
0
0
220
147
192
0
0
0
0
0
7
177
192
0
0
0
0
0
10
166
192
0
0
0
0
0
164
171
192
0
0
0
0
0
208
174
192
0
0
0
0
0
38
161
192
0
0
0
0
0
125
177
192
0
0
0
0
0
152
128
192
0
0
0
0
0
247
176
192
0
0
0
0
0
232
146
64
0
0
0
0
0
210
171
192
0
0
0
0
0
170
165
64
0
0
0
0
0
134
161
192
0
0
0
0
0
170
174
64
0
0
0
0
0
64
130
192
0
0
0
0
0
140
177
64
0
0
0
0
0
68
146
64
0
0
0
0
0
33
177
64
0
0
0
0
0
130
165
64
0
0
0
0
0
70
172
64
0
0
0
0
0
176
174
64
0
0
0
0
0
2
162
64
0
0
0
0
0
163
177
64
0
0
0
0
0
0
132
64
0
0
0
0
0
72
177
64
0
0
0
0
0
148
145
192
0
0
0
0
0
170
172
64
0
0
0
0
0
72
165
192
0
0
0
0
0
114
162
64
0
0
0
0
0
154
174
192
0
0
0
0
0
200
133
64
0
0
0
0
0
175
177
192
0
0
0
0
0
208
144
192
0
0
0
0
0
108
177
192
0
0
0
0
0
14
165
192
0
0
0
0
0
28
173
192
0
0
0
0
0
158
174
192
0
0
0
0
0
252
162
192
0
0
0
0
0
211
177
192
0
0
0
0
0
208
135
192
0
0
0
0
0
174
177
192
0
0
0
0
0
32
144
64
0
0
0
0
0
190
173
192
0
0
0
0
0
244
164
64
0
0
0
0
0
158
163
192
0
0
0
0
0
200
174
64
0
0
0
0
0
232
137
192
0
0
0
0
0
2
178
64
0
0
0
0
0
216
142
64
0
0
0
0
0
237
177
64
0
0
0
0
0
200
164
64
0
0
0
0
0
72
174
64
0
0
0
0
0
192
174
64
0
0
0
0
0
36
164
64
0
0
0
0
0
16
178
64
0
0
0
0
0
208
139
64
0
0
0
0
0
10
178
64
0
0
0
0
0
40
141
192
0
0
0
0
0
162
174
64
0
0
0
0
0
120
164
192
0
0
0
0
0
152
164
64
0
0
0
0
0
158
174
192
0
0
0
0
0
192
141
64
0
0
0
0
0
30
178
192
0
0
0
0
0
168
139
192
0
0
0
0
0
61
178
192
0
0
0
0
0
92
164
192
0
0
0
0
0
68
175
192
0
0
0
0
0
230
174
192
0
0
0
0
0
82
165
192
0
0
0
0
0
121
178
192
0
0
0
0
0
16
144
192
0
0
0
0
0
194
178
192
0
0
0
0
0
160
138
64
0
0
0
0
0
55
176
192
0
0
0
0
0
146
164
64
0
0
0
0
0
92
166
192
0
0
0
0
0
152
175
64
0
0
0
0
0
128
145
192
0
0
0
0
0
255
178
64
0
0
0
0
0
136
137
64
0
0
0
0
0
92
179
64
0
0
0
0
0
184
164
64
0
0
0
0
0
201
176
64
0
0
0
0
0
6
176
64
0
0
0
0
0
74
167
64
0
0
0
0
0
78
179
64
0
0
0
0
0
204
146
64
0
0
0
0
0
175
179
64
0
0
0
0
0
240
135
192
0
0
0
0
0
24
177
64
0
0
0
0
0
134
164
192
0
0
0
0
0
218
167
64
0
0
0
0
0
0
176
192
0
0
0
0
0
212
147
64
0
0
0
0
0
88
179
192
0
0
0
0
0
32
134
192
0
0
0
0
0
204
179
192
0
0
0
0
0
46
164
192
0
0
0
0
0
74
177
192
0
0
0
0
0
222
175
192
0
0
0
0
0
94
168
192
0
0
0
0
0
108
179
192
0
0
0
0
0
240
148
192
0
0
0
0
0
7
180
192
0
0
0
0
0
96
132
64
0
0
0
0
0
163
177
192
0
0
0
0
0
4
164
64
0
0
0
0
0
38
169
192
0
0
0
0
0
9
176
64
0
0
0
0
0
68
150
192
0
0
0
0
0
183
179
64
0
0
0
0
0
208
130
64
0
0
0
0
0
118
180
64
0
0
0
0
0
2
164
64
0
0
0
0
0
35
178
64
0
0
0
0
0
58
176
64
0
0
0
0
0
24
170
64
0
0
0
0
0
18
180
64
0
0
0
0
0
188
151
64
0
0
0
0
0
237
180
64
0
0
0
0
0
40
129
192
0
0
0
0
0
162
178
64
0
0
0
0
0
246
163
192
0
0
0
0
0
4
171
64
0
0
0
0
0
99
176
192
0
0
0
0
0
56
153
64
0
0
0
0
0
98
180
192
0
0
0
0
0
192
126
192
0
0
0
0
0
89
181
192
0
0
0
0
0
222
163
192
0
0
0
0
0
28
179
192
0
0
0
0
0
134
176
192
0
0
0
0
0
242
171
192
0
0
0
0
0
176
180
192
0
0
0
0
0
184
154
192
0
0
0
0
0
198
181
192
0
0
0
0
0
0
123
64
0
0
0
0
0
149
179
192
0
0
0
0
0
190
163
64
0
0
0
0
0
212
172
192
0
0
0
0
0
160
176
64
0
0
0
0
0
40
156
192
0
0
0
0
0
234
180
64
0
0
0
0
0
240
118
64
0
0
0
0
0
17
182
64
0
0
0
0
0
112
163
64
0
0
0
0
0
228
179
64
0
0
0
0
0
141
176
64
0
0
0
0
0
110
173
64
0
0
0
0
0
227
180
64
0
0
0
0
0
72
157
64
0
0
0
0
0
20
182
64
0
0
0
0
0
144
114
192
0
0
0
0
0
243
179
64
0
0
0
0
0
226
162
192
0
0
0
0
0
176
173
64
0
0
0
0
0
72
176
192
0
0
0
0
0
36
158
64
0
0
0
0
0
171
180
192
0
0
0
0
0
32
108
192
0
0
0
0
0
245
181
192
0
0
0
0
0
74
162
192
0
0
0
0
0
247
179
192
0
0
0
0
0
12
176
192
0
0
0
0
0
254
173
192
0
0
0
0
0
143
180
192
0
0
0
0
0
36
159
192
0
0
0
0
0
3
182
192
0
0
0
0
0
128
99
64
0
0
0
0
0
46
180
192
0
0
0
0
0
228
161
64
0
0
0
0
0
158
174
192
0
0
0
0
0
248
175
64
0
0
0
0
0
56
160
192
0
0
0
0
0
168
180
64
0
0
0
0
0
64
86
64
0
0
0
0
0
64
182
64
0
0
0
0
0
150
161
64
0
0
0
0
0
127
180
64
0
0
0
0
0
230
175
64
0
0
0
0
0
76
175
64
0
0
0
0
0
184
180
64
0
0
0
0
0
220
160
64
0
0
0
0
0
97
182
64
0
0
0
0
0
0
51
192
0
0
0
0
0
172
180
64
0
0
0
0
0
34
161
192
0
0
0
0
0
184
175
64
0
0
0
0
0
138
175
192
0
0
0
0
0
88
161
64
0
0
0
0
0
151
180
192
0
0
0
0
0
0
74
64
0
0
0
0
0
81
182
192
0
0
0
0
0
144
160
192
0
0
0
0
0
178
180
192
0
0
0
0
0
2
175
192
0
0
0
0
0
246
175
192
0
0
0
0
0
101
180
192
0
0
0
0
0
198
161
192
0
0
0
0
0
59
182
192
0
0
0
0
0
64
94
192
0
0
0
0
0
188
180
192
0
0
0
0
0
0
160
64
0
0
0
0
0
35
176
192
0
0
0
0
0
140
174
64
0
0
0
0
0
64
162
192
0
0
0
0
0
65
180
64
0
0
0
0
0
224
103
192
0
0
0
0
0
49
182
64
0
0
0
0
0
236
158
64
0
0
0
0
0
203
180
64
0
0
0
0
0
14
174
64
0
0
0
0
0
71
176
64
0
0
0
0
0
11
180
64
0
0
0
0
0
170
162
64
0
0
0
0
0
7
182
64
0
0
0
0
0
64
112
64
0
0
0
0
0
177
180
64
0
0
0
0
0
156
157
192
0
0
0
0
0
67
176
64
0
0
0
0
0
76
173
192
0
0
0
0
0
224
162
64
0
0
0
0
0
163
179
192
0
0
0
0
0
48
116
64
0
0
0
0
0
165
181
192
0
0
0
0
0
20
156
192
0
0
0
0
0
102
180
192
0
0
0
0
0
90
172
192
0
0
0
0
0
32
176
192
0
0
0
0
0
38
179
192
0
0
0
0
0
250
162
192
0
0
0
0
0
58
181
192
0
0
0
0
0
240
119
192
0
0
0
0
0
33
180
192
0
0
0
0
0
160
154
64
0
0
0
0
0
10
176
192
0
0
0
0
0
134
171
64
0
0
0
0
0
44
163
192
0
0
0
0
0
198
178
64
0
0
0
0
0
192
123
192
0
0
0
0
0
247
180
64
0
0
0
0
0
104
153
64
0
0
0
0
0
6
180
64
0
0
0
0
0
238
170
64
0
0
0
0
0
23
176
64
0
0
0
0
0
141
178
64
0
0
0
0
0
134
163
64
0
0
0
0
0
218
180
64
0
0
0
0
0
192
127
64
0
0
0
0
0
8
180
64
0
0
0
0
0
84
152
192
0
0
0
0
0
55
176
64
0
0
0
0
0
118
170
192
0
0
0
0
0
242
163
64
0
0
0
0
0
100
178
192
0
0
0
0
0
232
129
64
0
0
0
0
0
203
180
192
0
0
0
0
0
80
151
192
0
0
0
0
0
21
180
192
0
0
0
0
0
10
170
192
0
0
0
0
0
93
176
192
0
0
0
0
0
67
178
192
0
0
0
0
0
100
164
192
0
0
0
0
0
197
180
192
0
0
0
0
0
240
131
192
0
0
0
0
0
42
180
192
0
0
0
0
0
88
150
64
0
0
0
0
0
137
176
192
0
0
0
0
0
168
169
64
0
0
0
0
0
218
164
192
0
0
0
0
0
39
178
64
0
0
0
0
0
248
133
192
0
0
0
0
0
193
180
64
0
0
0
0
0
92
149
64
0
0
0
0
0
60
180
64
0
0
0
0
0
60
169
64
0
0
0
0
0
174
176
64
0
0
0
0
0
253
177
64
0
0
0
0
0
64
165
64
0
0
0
0
0
164
180
64
0
0
0
0
0
240
135
64
0
0
0
0
0
49
180
64
0
0
0
0
0
64
148
192
0
0
0
0
0
182
176
64
0
0
0
0
0
166
168
192
0
0
0
0
0
126
165
64
0
0
0
0
0
178
177
192
0
0
0
0
0
176
137
64
0
0
0
0
0
100
180
192
0
0
0
0
0
8
147
192
0
0
0
0
0
4
180
192
0
0
0
0
0
238
167
192
0
0
0
0
0
166
176
192
0
0
0
0
0
85
177
192
0
0
0
0
0
164
165
192
0
0
0
0
0
20
180
192
0
0
0
0
0
80
139
192
0
0
0
0
0
207
179
192
0
0
0
0
0
208
145
64
0
0
0
0
0
149
176
192
0
0
0
0
0
56
167
64
0
0
0
0
0
204
165
192
0
0
0
0
0
253
176
64
0
0
0
0
0
240
140
192
0
0
0
0
0
205
179
64
0
0
0
0
0
168
144
64
0
0
0
0
0
162
179
64
0
0
0
0
0
140
166
64
0
0
0
0
0
136
176
64
0
0
0
0
0
168
176
64
0
0
0
0
0
242
165
64
0
0
0
0
0
130
179
64
0
0
0
0
0
128
142
64
0
0
0
0
0
108
179
64
0
0
0
0
0
240
142
192
0
0
0
0
0
110
176
64
0
0
0
0
0
210
165
192
0
0
0
0
0
2
166
64
0
0
0
0
0
67
176
192
0
0
0
0
0
224
143
64
0
0
0
0
0
35
179
192
0
0
0
0
0
136
140
192
0
0
0
0
0
33
179
192
0
0
0
0
0
8
165
192
0
0
0
0
0
67
176
192
0
0
0
0
0
172
175
192
0
0
0
0
0
0
166
192
0
0
0
0
0
191
178
192
0
0
0
0
0
148
144
192
0
0
0
0
0
215
178
192
0
0
0
0
0
48
138
64
0
0
0
0
0
33
176
192
0
0
0
0
0
78
164
64
0
0
0
0
0
16
166
192
0
0
0
0
0
240
174
64
0
0
0
0
0
68
145
192
0
0
0
0
0
0
0
0
0
0
0
0
0
0
0
0
0
0
0
0
0
0
0
0
0
0
0
0
0
0
0
0
0
0
0
0
0
0
0
0
0
0
0
0
0
0
0
0
0
0
0
0
0
0
0
0
0
0
0
0
0
0
0
0
0
0
0
0
0
0
0
0
0
0
0
0
0
0
0
0
0
0
0
0
0
0
0
0
0
0
0
0
0
0
0
0
0
0
0
0
0
0
0
0
0
0
0
0
0
0
0
0
0
0
0
0
0
0
0
0
0
0
0
0
0
0
0
0
0
0
0
0
0
0
0
0
0
0
0
0
0
0
0
0
0
0
0
0
0
0
0
0
0
0
0
0
0
0
0
0
0
0
0
0
0
0
0
0
0
0
0
0
0
0
0
0
0
0
0
0
0
0
0
0
0
0
0
0
0
0
0
0
0
0
0
0
0
0
0
0
0
0
0
0
0
0
0
0
0
0
0
0
0
0
0
0
0
0
0
0
0
0
0
0
0
0
0
0
0
0
0
0
0
0
0
0
0
0
0
0
0
0
0
0
0
0
0
0
0
0
0
0
0
0
0
0
0
0
0
0
0
0
0
0
0
0
0
0
0
0
0
0
0
0
0
0
0
0
0
0
0
0
0
0
0
0
0
0
0
0
0
0
0
0
0
0
0
0
0
0
0
0
0
0
0
0
0
0
0
0
0
0
0
0
0
0
0
0
0
0
0
0
0
0
0
0
0
0
0
0
0
0
0
0
0
0
0
0
0
0
0
0
0
0
0
0
0
0
0
0
0
0
0
0
0
0
0
0
0
0
0
0
0
0
0
0
0
0
0
0
0
0
0
0
0
0
0
0
0
0
0
0
0
0
0
0
0
0
0
0
0
0
0
0
0
0
0
0
0
0
0
0
0
0
0
0
0
0
0
0
0
0
0
0
0
0
0
0
0
0
0
0
0
0
0
0
0
0
0
0
0
0
0
0
0
0
0
0
0
0
0
0
0
0
0
0
0
0
0
0
0
0
0
0
0
0
0
0
0
0
0
0
0
0
0
0
0
0
0
0
0
0
0
0
0
0
0
0
0
0
0
0
0
0
0
0
0
0
0
0
0
0
0
0
0
0
0
0
0
0
0
0
0
0
0
0
0
0
0
0
0
0
0
0
0
0
0
0
0
0
0
0
0
0
0
0
0
0
0
0
0
0
0
0
0
0
0
0
0
0
0
0
0
0
0
0
0
0
0
0
0
0
0
0
0
0
0
0
0
0
0
0
0
0
0
0
0
0
0
0
0
0
0
0
0
0
0
0
0
0
0
0
0
0
0
0
0
0
0
0
0
0
0
0
0
0
0
0
0
0
0
0
0
0
0
0
0
0
0
0
0
0
0
0
0
0
0
0
0
0
0
0
0
0
0
0
0
0
0
0
0
0
0
0
0
0
0
0
0
0
0
0
0
0
0
0
0
0
0
0
0
0
0
0
0
0
0
0
0
0
0
0
0
0
0
0
0
0
0
0
0
0
0
0
0
0
0
0
0
0
0
0
0
0
0
0
0
0
0
0
0
0
0
0
0
0
0
0
0
0
0
0
0
0
0
0
0
0
0
0
0
0
0
0
0
0
0
0
0
0
0
0
0
0
0
0
0
0
0
0
0
0
0
0
0
0
0
0
0
0
0
0
0
0
0
0
0
0
0
0
0
0
0
0
0
0
0
0
0
0
0
0
0
0
0
0
0
0
0
0
0
0
0
0
0
0
0
0
0
0
0
0
0
0
0
0
0
0
0
0
0
0
0
0
0
0
0
0
0
0
0
0
0
0
0
0
0
0
0
0
0
0
0
0
0
0
0
0
0
0
0
0
0
0
0
0
0
0
0
0
0
0
0
0
0
0
0
0
0
0
0
0
0
0
0
0
0
0
0
0
0
0
0
0
0
0
0
0
0
0
0
0
0
0
0
0
0
0
0
0
0
0
0
0
0
0
0
0
0
0
0
0
0
0
0
0
0
0
0
0
0
0
0
0
0
0
0
0
0
0
0
0
0
0
0
0
0
0
0
0
0
0
0
0
0
0
0
0
0
0
0
0
0
0
0
0
0
0
0
0
0
0
0
0
0
0
0
0
0
0
0
0
0
0
0
0
0
0
0
0
0
0
0
0
0
0
0
0
0
0
0
0
0
0
0
0
0
0
0
0
0
0
0
0
0
0
0
0
0
0
0
0
0
0
0
0
0
0
0
0
0
0
0
0
0
0
0
0
0
0
0
0
0
0
0
0
0
0
0
0
0
0
0
0
0
0
0
0
0
0
0
0
0
0
0
0
0
0
0
0
0
0
0
0
0
0
0
0
0
0
0
0
0
0
0
0
0
0
0
0
0
0
0
0
0
0
0
0
0
0
0
0
0
0
0
0
0
0
0
0
0
0
0
0
0
0
0
0
0
0
0
0
0
0
0
0
0
0
0
0
0
0
0
0
0
0
0
0
0
0
0
0
0
0
0
0
0
0
0
0
0
0
0
0
0
0
0
0
0
0
0
0
0
0
0
0
0
0
0
0
0
0
0
0
0
0
0
0
0
0
0
0
0
0
0
0
0
0
0
0
0
0
0
0
0
0
0
0
0
0
0
0
0
0
0
0
0
0
0
0
0
0
0
0
0
0
0
0
0
0
0
0
0
0
0
0
0
0
0
0
0
0
0
0
0
0
0
0
0
0
0
0
0
0
0
0
0
0
0
0
0
0
0
0
0
0
0
0
0
0
0
0
0
0
0
0
0
0
0
0
0