58
70
65
67
84
58
67
68
65
84
49
56
58
68
65
84
65
32
35
57
48
48
48
48
48
54
57
51
54
0
0
0
0
0
200
152
192
0
0
0
0
0
104
177
192
0
0
0
0
0
158
160
192
0
0
0
0
0
130
176
192
0
0
0
0
0
148
164
192
0
0
0
0
0
182
174
192
0
0
0
0
0
60
168
192
0
0
0
0
0
240
171
192
0
0
0
0
0
132
171
192
0
0
0
0
0
186
168
192
0
0
0
0
0
96
174
192
0
0
0
0
0
34
165
192
0
0
0
0
0
98
176
192
0
0
0
0
0
54
161
192
0
0
0
0
0
84
177
192
0
0
0
0
0
12
154
192
0
0
0
0
0
2
178
192
0
0
0
0
0
68
145
192
0
0
0
0
0
105
178
192
0
0
0
0
0
104
128
192
0
0
0
0
0
136
178
192
0
0
0
0
0
128
79
64
0
0
0
0
0
94
178
192
0
0
0
0
0
88
132
64
0
0
0
0
0
235
177
192
0
0
0
0
0
52
147
64
0
0
0
0
0
50
177
192
0
0
0
0
0
248
155
64
0
0
0
0
0
52
176
192
0
0
0
0
0
38
162
64
0
0
0
0
0
238
173
192
0
0
0
0
0
12
166
64
0
0
0
0
0
252
170
192
0
0
0
0
0
156
169
64
0
0
0
0
0
158
167
192
0
0
0
0
0
200
172
64
0
0
0
0
0
226
163
192
0
0
0
0
0
132
175
64
0
0
0
0
0
172
159
192
0
0
0
0
0
227
176
64
0
0
0
0
0
20
151
192
0
0
0
0
0
194
177
64
0
0
0
0
0
56
140
192
0
0
0
0
0
92
178
64
0
0
0
0
0
160
115
192
0
0
0
0
0
174
178
64
0
0
0
0
0
160
113
64
0
0
0
0
0
182
178
64
0
0
0
0
0
80
139
64
0
0
0
0
0
117
178
64
0
0
0
0
0
188
150
64
0
0
0
0
0
234
177
64
0
0
0
0
0
124
159
64
0
0
0
0
0
25
177
64
0
0
0
0
0
228
163
64
0
0
0
0
0
4
176
64
0
0
0
0
0
190
167
64
0
0
0
0
0
92
173
64
0
0
0
0
0
60
171
64
0
0
0
0
0
60
170
64
0
0
0
0
0
82
174
64
0
0
0
0
0
176
166
64
0
0
0
0
0
120
176
64
0
0
0
0
0
200
162
64
0
0
0
0
0
136
177
64
0
0
0
0
0
40
157
64
0
0
0
0
0
82
178
64
0
0
0
0
0
68
148
64
0
0
0
0
0
212
178
64
0
0
0
0
0
16
134
64
0
0
0
0
0
11
179
64
0
0
0
0
0
0
90
64
0
0
0
0
0
247
178
64
0
0
0
0
0
96
127
192
0
0
0
0
0
151
178
64
0
0
0
0
0
52
145
192
0
0
0
0
0
237
177
64
0
0
0
0
0
80
154
192
0
0
0
0
0
252
176
64
0
0
0
0
0
132
161
192
0
0
0
0
0
142
175
64
0
0
0
0
0
156
165
192
0
0
0
0
0
166
172
64
0
0
0
0
0
94
169
192
0
0
0
0
0
78
169
64
0
0
0
0
0
190
172
192
0
0
0
0
0
144
165
64
0
0
0
0
0
176
175
192
0
0
0
0
0
124
161
64
0
0
0
0
0
18
177
192
0
0
0
0
0
68
154
64
0
0
0
0
0
9
178
192
0
0
0
0
0
36
145
64
0
0
0
0
0
186
178
192
0
0
0
0
0
0
127
64
0
0
0
0
0
32
179
192
0
0
0
0
0
192
92
192
0
0
0
0
0
59
179
192
0
0
0
0
0
160
134
192
0
0
0
0
0
10
179
192
0
0
0
0
0
172
148
192
0
0
0
0
0
140
178
192
0
0
0
0
0
180
157
192
0
0
0
0
0
197
177
192
0
0
0
0
0
36
163
192
0
0
0
0
0
182
176
192
0
0
0
0
0
34
167
192
0
0
0
0
0
202
174
192
0
0
0
0
0
194
170
192
0
0
0
0
0
170
171
192
0
0
0
0
0
246
173
192
0
0
0
0
0
30
168
192
0
0
0
0
0
89
176
192
0
0
0
0
0
50
164
192
0
0
0
0
0
117
177
192
0
0
0
0
0
240
159
192
0
0
0
0
0
75
178
192
0
0
0
0
0
0
151
192
0
0
0
0
0
216
178
192
0
0
0
0
0
120
139
192
0
0
0
0
0
25
179
192
0
0
0
0
0
16
113
192
0
0
0
0
0
15
179
192
0
0
0
0
0
240
116
64
0
0
0
0
0
185
178
192
0
0
0
0
0
64
141
64
0
0
0
0
0
26
178
192
0
0
0
0
0
196
151
64
0
0
0
0
0
52
177
192
0
0
0
0
0
66
160
64
0
0
0
0
0
12
176
192
0
0
0
0
0
94
164
64
0
0
0
0
0
74
173
192
0
0
0
0
0
40
168
64
0
0
0
0
0
12
170
192
0
0
0
0
0
146
171
64
0
0
0
0
0
104
166
192
0
0
0
0
0
140
174
64
0
0
0
0
0
112
162
192
0
0
0
0
0
135
176
64
0
0
0
0
0
96
156
192
0
0
0
0
0
135
177
64
0
0
0
0
0
116
147
192
0
0
0
0
0
67
178
64
0
0
0
0
0
128
132
192
0
0
0
0
0
182
178
64
0
0
0
0
0
128
76
192
0
0
0
0
0
224
178
64
0
0
0
0
0
240
128
64
0
0
0
0
0
192
178
64
0
0
0
0
0
184
145
64
0
0
0
0
0
86
178
64
0
0
0
0
0
172
154
64
0
0
0
0
0
165
177
64
0
0
0
0
0
158
161
64
0
0
0
0
0
173
176
64
0
0
0
0
0
160
165
64
0
0
0
0
0
232
174
64
0
0
0
0
0
76
169
64
0
0
0
0
0
252
171
64
0
0
0
0
0
148
172
64
0
0
0
0
0
162
168
64
0
0
0
0
0
106
175
64
0
0
0
0
0
230
164
64
0
0
0
0
0
227
176
64
0
0
0
0
0
216
160
64
0
0
0
0
0
205
177
64
0
0
0
0
0
12
153
64
0
0
0
0
0
114
178
64
0
0
0
0
0
8
144
64
0
0
0
0
0
205
178
64
0
0
0
0
0
16
123
64
0
0
0
0
0
222
178
64
0
0
0
0
0
192
100
192
0
0
0
0
0
165
178
64
0
0
0
0
0
216
135
192
0
0
0
0
0
34
178
64
0
0
0
0
0
16
149
192
0
0
0
0
0
88
177
64
0
0
0
0
0
224
157
192
0
0
0
0
0
74
176
64
0
0
0
0
0
30
163
192
0
0
0
0
0
246
173
64
0
0
0
0
0
0
167
192
0
0
0
0
0
228
170
64
0
0
0
0
0
136
170
192
0
0
0
0
0
104
167
64
0
0
0
0
0
170
173
192
0
0
0
0
0
142
163
64
0
0
0
0
0
44
176
192
0
0
0
0
0
204
158
64
0
0
0
0
0
67
177
192
0
0
0
0
0
4
150
64
0
0
0
0
0
22
178
192
0
0
0
0
0
192
137
64
0
0
0
0
0
162
178
192
0
0
0
0
0
96
108
64
0
0
0
0
0
229
178
192
0
0
0
0
0
112
119
192
0
0
0
0
0
220
178
192
0
0
0
0
0
88
142
192
0
0
0
0
0
137
178
192
0
0
0
0
0
64
152
192
0
0
0
0
0
236
177
192
0
0
0
0
0
120
160
192
0
0
0
0
0
8
177
192
0
0
0
0
0
144
164
192
0
0
0
0
0
192
175
192
0
0
0
0
0
84
168
192
0
0
0
0
0
242
172
192
0
0
0
0
0
182
171
192
0
0
0
0
0
178
169
192
0
0
0
0
0
170
174
192
0
0
0
0
0
12
166
192
0
0
0
0
0
145
176
192
0
0
0
0
0
16
162
192
0
0
0
0
0
139
177
192
0
0
0
0
0
156
155
192
0
0
0
0
0
63
178
192
0
0
0
0
0
176
146
192
0
0
0
0
0
171
178
192
0
0
0
0
0
0
131
192
0
0
0
0
0
205
178
192
0
0
0
0
0
0
38
192
0
0
0
0
0
165
178
192
0
0
0
0
0
72
130
64
0
0
0
0
0
52
178
192
0
0
0
0
0
76
146
64
0
0
0
0
0
124
177
192
0
0
0
0
0
40
155
64
0
0
0
0
0
128
176
192
0
0
0
0
0
204
161
64
0
0
0
0
0
134
174
192
0
0
0
0
0
190
165
64
0
0
0
0
0
150
171
192
0
0
0
0
0
90
169
64
0
0
0
0
0
58
168
192
0
0
0
0
0
144
172
64
0
0
0
0
0
126
164
192
0
0
0
0
0
88
175
64
0
0
0
0
0
114
160
192
0
0
0
0
0
209
176
64
0
0
0
0
0
72
152
192
0
0
0
0
0
179
177
64
0
0
0
0
0
168
142
192
0
0
0
0
0
80
178
64
0
0
0
0
0
128
120
192
0
0
0
0
0
164
178
64
0
0
0
0
0
64
105
64
0
0
0
0
0
174
178
64
0
0
0
0
0
200
136
64
0
0
0
0
0
110
178
64
0
0
0
0
0
108
149
64
0
0
0
0
0
228
177
64
0
0
0
0
0
24
158
64
0
0
0
0
0
21
177
64
0
0
0
0
0
40
163
64
0
0
0
0
0
2
176
64
0
0
0
0
0
246
166
64
0
0
0
0
0
96
173
64
0
0
0
0
0
104
170
64
0
0
0
0
0
74
170
64
0
0
0
0
0
114
173
64
0
0
0
0
0
206
166
64
0
0
0
0
0
3
176
64
0
0
0
0
0
248
162
64
0
0
0
0
0
14
177
64
0
0
0
0
0
176
157
64
0
0
0
0
0
214
177
64
0
0
0
0
0
252
148
64
0
0
0
0
0
88
178
64
0
0
0
0
0
240
135
64
0
0
0
0
0
145
178
64
0
0
0
0
0
64
102
64
0
0
0
0
0
129
178
64
0
0
0
0
0
208
121
192
0
0
0
0
0
40
178
64
0
0
0
0
0
40
143
192
0
0
0
0
0
135
177
64
0
0
0
0
0
116
152
192
0
0
0
0
0
161
176
64
0
0
0
0
0
122
160
192
0
0
0
0
0
244
174
64
0
0
0
0
0
120
164
192
0
0
0
0
0
42
172
64
0
0
0
0
0
36
168
192
0
0
0
0
0
242
168
64
0
0
0
0
0
112
171
192
0
0
0
0
0
88
165
64
0
0
0
0
0
78
174
192
0
0
0
0
0
108
161
64
0
0
0
0
0
90
176
192
0
0
0
0
0
116
154
64
0
0
0
0
0
76
177
192
0
0
0
0
0
168
145
64
0
0
0
0
0
249
177
192
0
0
0
0
0
56
129
64
0
0
0
0
0
95
178
192
0
0
0
0
0
128
66
192
0
0
0
0
0
125
178
192
0
0
0
0
0
120
131
192
0
0
0
0
0
81
178
192
0
0
0
0
0
188
146
192
0
0
0
0
0
220
177
192
0
0
0
0
0
108
155
192
0
0
0
0
0
33
177
192
0
0
0
0
0
216
161
192
0
0
0
0
0
35
176
192
0
0
0
0
0
176
165
192
0
0
0
0
0
202
173
192
0
0
0
0
0
50
169
192
0
0
0
0
0
218
170
192
0
0
0
0
0
78
172
192
0
0
0
0
0
128
167
192
0
0
0
0
0
250
174
192
0
0
0
0
0
204
163
192
0
0
0
0
0
149
176
192
0
0
0
0
0
148
159
192
0
0
0
0
0
107
177
192
0
0
0
0
0
28
151
192
0
0
0
0
0
252
177
192
0
0
0
0
0
144
140
192
0
0
0
0
0
70
178
192
0
0
0
0
0
0
117
192
0
0
0
0
0
71
178
192
0
0
0
0
0
160
110
64
0
0
0
0
0
1
178
192
0
0
0
0
0
184
137
64
0
0
0
0
0
115
177
192
0
0
0
0
0
168
149
64
0
0
0
0
0
161
176
192
0
0
0
0
0
28
158
64
0
0
0
0
0
26
175
192
0
0
0
0
0
10
163
64
0
0
0
0
0
122
172
192
0
0
0
0
0
186
166
64
0
0
0
0
0
106
169
192
0
0
0
0
0
14
170
64
0
0
0
0
0
248
165
192
0
0
0
0
0
248
172
64
0
0
0
0
0
48
162
192
0
0
0
0
0
112
175
64
0
0
0
0
0
72
156
192
0
0
0
0
0
182
176
64
0
0
0
0
0
196
147
192
0
0
0
0
0
113
177
64
0
0
0
0
0
232
133
192
0
0
0
0
0
231
177
64
0
0
0
0
0
0
96
192
0
0
0
0
0
23
178
64
0
0
0
0
0
240
123
64
0
0
0
0
0
255
177
64
0
0
0
0
0
168
143
64
0
0
0
0
0
161
177
64
0
0
0
0
0
108
152
64
0
0
0
0
0
253
176
64
0
0
0
0
0
82
160
64
0
0
0
0
0
23
176
64
0
0
0
0
0
42
164
64
0
0
0
0
0
228
173
64
0
0
0
0
0
178
167
64
0
0
0
0
0
36
171
64
0
0
0
0
0
220
170
64
0
0
0
0
0
252
167
64
0
0
0
0
0
156
173
64
0
0
0
0
0
116
164
64
0
0
0
0
0
228
175
64
0
0
0
0
0
158
160
64
0
0
0
0
0
215
176
64
0
0
0
0
0
16
153
64
0
0
0
0
0
122
177
64
0
0
0
0
0
128
144
64
0
0
0
0
0
216
177
64
0
0
0
0
0
208
126
64
0
0
0
0
0
239
177
64
0
0
0
0
0
0
83
192
0
0
0
0
0
192
177
64
0
0
0
0
0
32
132
192
0
0
0
0
0
74
177
64
0
0
0
0
0
200
146
192
0
0
0
0
0
145
176
64
0
0
0
0
0
48
155
192
0
0
0
0
0
46
175
64
0
0
0
0
0
150
161
192
0
0
0
0
0
190
172
64
0
0
0
0
0
78
165
192
0
0
0
0
0
222
169
64
0
0
0
0
0
176
168
192
0
0
0
0
0
152
166
64
0
0
0
0
0
176
171
192
0
0
0
0
0
250
162
64
0
0
0
0
0
64
174
192
0
0
0
0
0
36
158
64
0
0
0
0
0
45
176
192
0
0
0
0
0
224
149
64
0
0
0
0
0
250
176
192
0
0
0
0
0
144
138
64
0
0
0
0
0
131
177
192
0
0
0
0
0
0
114
64
0
0
0
0
0
198
177
192
0
0
0
0
0
96
113
192
0
0
0
0
0
195
177
192
0
0
0
0
0
56
138
192
0
0
0
0
0
122
177
192
0
0
0
0
0
172
149
192
0
0
0
0
0
236
176
192
0
0
0
0
0
220
157
192
0
0
0
0
0
28
176
192
0
0
0
0
0
204
162
192
0
0
0
0
0
24
174
192
0
0
0
0
0
92
166
192
0
0
0
0
0
130
171
192
0
0
0
0
0
148
169
192
0
0
0
0
0
128
168
192
0
0
0
0
0
100
172
192
0
0
0
0
0
30
165
192
0
0
0
0
0
194
174
192
0
0
0
0
0
108
161
192
0
0
0
0
0
83
176
192
0
0
0
0
0
236
154
192
0
0
0
0
0
4
177
192
0
0
0
0
0
152
146
192
0
0
0
0
0
114
177
192
0
0
0
0
0
8
132
192
0
0
0
0
0
154
177
192
0
0
0
0
0
128
84
192
0
0
0
0
0
125
177
192
0
0
0
0
0
208
125
64
0
0
0
0
0
27
177
192
0
0
0
0
0
12
144
64
0
0
0
0
0
118
176
192
0
0
0
0
0
96
152
64
0
0
0
0
0
30
175
192
0
0
0
0
0
40
160
64
0
0
0
0
0
218
172
192
0
0
0
0
0
222
163
64
0
0
0
0
0
34
170
192
0
0
0
0
0
68
167
64
0
0
0
0
0
6
167
192
0
0
0
0
0
76
170
64
0
0
0
0
0
146
163
192
0
0
0
0
0
236
172
64
0
0
0
0
0
160
159
192
0
0
0
0
0
24
175
64
0
0
0
0
0
168
151
192
0
0
0
0
0
99
176
64
0
0
0
0
0
168
142
192
0
0
0
0
0
250
176
64
0
0
0
0
0
48
123
192
0
0
0
0
0
78
177
64
0
0
0
0
0
64
93
64
0
0
0
0
0
93
177
64
0
0
0
0
0
208
132
64
0
0
0
0
0
40
177
64
0
0
0
0
0
208
146
64
0
0
0
0
0
175
176
64
0
0
0
0
0
232
154
64
0
0
0
0
0
234
175
64
0
0
0
0
0
74
161
64
0
0
0
0
0
248
173
64
0
0
0
0
0
218
164
64
0
0
0
0
0
146
171
64
0
0
0
0
0
20
168
64
0
0
0
0
0
192
168
64
0
0
0
0
0
240
170
64
0
0
0
0
0
142
165
64
0
0
0
0
0
94
173
64
0
0
0
0
0
8
162
64
0
0
0
0
0
90
175
64
0
0
0
0
0
124
156
64
0
0
0
0
0
107
176
64
0
0
0
0
0
124
148
64
0
0
0
0
0
233
176
64
0
0
0
0
0
88
136
64
0
0
0
0
0
36
177
64
0
0
0
0
0
128
109
64
0
0
0
0
0
27
177
64
0
0
0
0
0
80
115
192
0
0
0
0
0
206
176
64
0
0
0
0
0
128
138
192
0
0
0
0
0
64
176
64
0
0
0
0
0
116
149
192
0
0
0
0
0
226
174
64
0
0
0
0
0
80
157
192
0
0
0
0
0
204
172
64
0
0
0
0
0
90
162
192
0
0
0
0
0
70
170
64
0
0
0
0
0
192
165
192
0
0
0
0
0
88
167
64
0
0
0
0
0
206
168
192
0
0
0
0
0
18
164
64
0
0
0
0
0
122
171
192
0
0
0
0
0
124
160
64
0
0
0
0
0
182
173
192
0
0
0
0
0
84
153
64
0
0
0
0
0
124
175
192
0
0
0
0
0
76
145
64
0
0
0
0
0
98
176
192
0
0
0
0
0
16
130
64
0
0
0
0
0
197
176
192
0
0
0
0
0
128
68
64
0
0
0
0
0
230
176
192
0
0
0
0
0
224
126
192
0
0
0
0
0
195
176
192
0
0
0
0
0
232
143
192
0
0
0
0
0
94
176
192
0
0
0
0
0
232
151
192
0
0
0
0
0
114
175
192
0
0
0
0
0
120
159
192
0
0
0
0
0
172
173
192
0
0
0
0
0
66
163
192
0
0
0
0
0
114
171
192
0
0
0
0
0
122
166
192
0
0
0
0
0
206
168
192
0
0
0
0
0
84
169
192
0
0
0
0
0
202
165
192
0
0
0
0
0
202
171
192
0
0
0
0
0
114
162
192
0
0
0
0
0
206
173
192
0
0
0
0
0
172
157
192
0
0
0
0
0
92
175
192
0
0
0
0
0
0
150
192
0
0
0
0
0
53
176
192
0
0
0
0
0
16
140
192
0
0
0
0
0
125
176
192
0
0
0
0
0
128
119
192
0
0
0
0
0
131
176
192
0
0
0
0
0
192
98
64
0
0
0
0
0
72
176
192
0
0
0
0
0
248
132
64
0
0
0
0
0
152
175
192
0
0
0
0
0
116
146
64
0
0
0
0
0
38
174
192
0
0
0
0
0
24
154
64
0
0
0
0
0
64
172
192
0
0
0
0
0
166
160
64
0
0
0
0
0
234
169
192
0
0
0
0
0
252
163
64
0
0
0
0
0
50
167
192
0
0
0
0
0
0
167
64
0
0
0
0
0
32
164
192
0
0
0
0
0
168
169
64
0
0
0
0
0
194
160
192
0
0
0
0
0
230
171
64
0
0
0
0
0
76
154
192
0
0
0
0
0
182
173
64
0
0
0
0
0
180
146
192
0
0
0
0
0
16
175
64
0
0
0
0
0
176
133
192
0
0
0
0
0
238
175
64
0
0
0
0
0
192
102
192
0
0
0
0
0
39
176
64
0
0
0
0
0
176
116
64
0
0
0
0
0
24
176
64
0
0
0
0
0
48
138
64
0
0
0
0
0
148
175
64
0
0
0
0
0
200
148
64
0
0
0
0
0
124
174
64
0
0
0
0
0
32
156
64
0
0
0
0
0
238
172
64
0
0
0
0
0
134
161
64
0
0
0
0
0
240
170
64
0
0
0
0
0
180
164
64
0
0
0
0
0
136
168
64
0
0
0
0
0
146
167
64
0
0
0
0
0
194
165
64
0
0
0
0
0
16
170
64
0
0
0
0
0
168
162
64
0
0
0
0
0
40
172
64
0
0
0
0
0
140
158
64
0
0
0
0
0
210
173
64
0
0
0
0
0
84
151
64
0
0
0
0
0
6
175
64
0
0
0
0
0
128
143
64
0
0
0
0
0
194
175
64
0
0
0
0
0
192
127
64
0
0
0
0
0
0
176
64
0
0
0
0
0
0
0
0
0
0
0
0
0
196
175
64
0
0
0
0
0
240
126
192
0
0
0
0
0
18
175
64
0
0
0
0
0
184
142
192
0
0
0
0
0
238
173
64
0
0
0
0
0
196
150
192
0
0
0
0
0
88
172
64
0
0
0
0
0
220
157
192
0
0
0
0
0
88
170
64
0
0
0
0
0
66
162
192
0
0
0
0
0
246
167
64
0
0
0
0
0
82
165
192
0
0
0
0
0
58
165
64
0
0
0
0
0
20
168
192
0
0
0
0
0
46
162
64
0
0
0
0
0
128
170
192
0
0
0
0
0
184
157
64
0
0
0
0
0
136
172
192
0
0
0
0
0
160
150
64
0
0
0
0
0
40
174
192
0
0
0
0
0
88
142
64
0
0
0
0
0
88
175
192
0
0
0
0
0
240
125
64
0
0
0
0
0
9
176
192
0
0
0
0
0
0
53
192
0
0
0
0
0
43
176
192
0
0
0
0
0
80
128
192
0
0
0
0
0
16
176
192
0
0
0
0
0
200
143
192
0
0
0
0
0
114
175
192
0
0
0
0
0
108
151
192
0
0
0
0
0
78
174
192
0
0
0
0
0
160
158
192
0
0
0
0
0
184
172
192
0
0
0
0
0
180
162
192
0
0
0
0
0
182
170
192
0
0
0
0
0
214
165
192
0
0
0
0
0
76
168
192
0
0
0
0
0
168
168
192
0
0
0
0
0
134
165
192
0
0
0
0
0
32
171
192
0
0
0
0
0
108
162
192
0
0
0
0
0
54
173
192
0
0
0
0
0
16
158
192
0
0
0
0
0
224
174
192
0
0
0
0
0
212
150
192
0
0
0
0
0
11
176
192
0
0
0
0
0
120
142
192
0
0
0
0
0
107
176
192
0
0
0
0
0
128
125
192
0
0
0
0
0
141
176
192
0
0
0
0
0
128
67
64
0
0
0
0
0
114
176
192
0
0
0
0
0
64
129
64
0
0
0
0
0
24
176
192
0
0
0
0
0
140
144
64
0
0
0
0
0
2
175
192
0
0
0
0
0
64
152
64
0
0
0
0
0
94
173
192
0
0
0
0
0
160
159
64
0
0
0
0
0
74
171
192
0
0
0
0
0
70
163
64
0
0
0
0
0
206
168
192
0
0
0
0
0
122
166
64
0
0
0
0
0
242
165
192
0
0
0
0
0
90
169
64
0
0
0
0
0
194
162
192
0
0
0
0
0
222
171
64
0
0
0
0
0
140
158
192
0
0
0
0
0
250
173
64
0
0
0
0
0
28
151
192
0
0
0
0
0
166
175
64
0
0
0
0
0
160
142
192
0
0
0
0
0
111
176
64
0
0
0
0
0
16
125
192
0
0
0
0
0
205
176
64
0
0
0
0
0
0
77
64
0
0
0
0
0
236
176
64
0
0
0
0
0
48
130
64
0
0
0
0
0
204
176
64
0
0
0
0
0
44
145
64
0
0
0
0
0
107
176
64
0
0
0
0
0
4
153
64
0
0
0
0
0
154
175
64
0
0
0
0
0
66
160
64
0
0
0
0
0
228
173
64
0
0
0
0
0
200
163
64
0
0
0
0
0
190
171
64
0
0
0
0
0
4
167
64
0
0
0
0
0
46
169
64
0
0
0
0
0
236
169
64
0
0
0
0
0
60
166
64
0
0
0
0
0
114
172
64
0
0
0
0
0
246
162
64
0
0
0
0
0
144
174
64
0
0
0
0
0
204
158
64
0
0
0
0
0
30
176
64
0
0
0
0
0
52
151
64
0
0
0
0
0
184
176
64
0
0
0
0
0
128
142
64
0
0
0
0
0
19
177
64
0
0
0
0
0
64
124
64
0
0
0
0
0
46
177
64
0
0
0
0
0
0
84
192
0
0
0
0
0
8
177
64
0
0
0
0
0
32
131
192
0
0
0
0
0
162
176
64
0
0
0
0
0
192
145
192
0
0
0
0
0
252
175
64
0
0
0
0
0
176
153
192
0
0
0
0
0
58
174
64
0
0
0
0
0
162
160
192
0
0
0
0
0
4
172
64
0
0
0
0
0
48
164
192
0
0
0
0
0
100
169
64
0
0
0
0
0
116
167
192
0
0
0
0
0
100
166
64
0
0
0
0
0
96
170
192
0
0
0
0
0
16
163
64
0
0
0
0
0
234
172
192
0
0
0
0
0
224
158
64
0
0
0
0
0
10
175
192
0
0
0
0
0
44
151
64
0
0
0
0
0
91
176
192
0
0
0
0
0
48
142
64
0
0
0
0
0
244
176
192
0
0
0
0
0
48
123
64
0
0
0
0
0
77
177
192
0
0
0
0
0
0
90
192
0
0
0
0
0
102
177
192
0
0
0
0
0
16
132
192
0
0
0
0
0
61
177
192
0
0
0
0
0
80
146
192
0
0
0
0
0
212
176
192
0
0
0
0
0
88
154
192
0
0
0
0
0
43
176
192
0
0
0
0
0
0
161
192
0
0
0
0
0
138
174
192
0
0
0
0
0
152
164
192
0
0
0
0
0
74
172
192
0
0
0
0
0
226
167
192
0
0
0
0
0
158
169
192
0
0
0
0
0
214
170
192
0
0
0
0
0
146
166
192
0
0
0
0
0
102
173
192
0
0
0
0
0
46
163
192
0
0
0
0
0
136
175
192
0
0
0
0
0
0
159
192
0
0
0
0
0
155
176
192
0
0
0
0
0
44
151
192
0
0
0
0
0
51
177
192
0
0
0
0
0
0
142
192
0
0
0
0
0
140
177
192
0
0
0
0
0
80
122
192
0
0
0
0
0
162
177
192
0
0
0
0
0
64
95
64
0
0
0
0
0
118
177
192
0
0
0
0
0
248
132
64
0
0
0
0
0
9
177
192
0
0
0
0
0
220
146
64
0
0
0
0
0
91
176
192
0
0
0
0
0
252
154
64
0
0
0
0
0
222
174
192
0
0
0
0
0
92
161
64
0
0
0
0
0
146
172
192
0
0
0
0
0
252
164
64
0
0
0
0
0
216
169
192
0
0
0
0
0
78
168
64
0
0
0
0
0
188
166
192
0
0
0
0
0
70
171
64
0
0
0
0
0
74
163
192
0
0
0
0
0
216
173
64
0
0
0
0
0
28
159
192
0
0
0
0
0
252
175
64
0
0
0
0
0
44
151
192
0
0
0
0
0
211
176
64
0
0
0
0
0
192
141
192
0
0
0
0
0
106
177
64
0
0
0
0
0
112
121
192
0
0
0
0
0
192
177
64
0
0
0
0
0
64
98
64
0
0
0
0
0
211
177
64
0
0
0
0
0
192
133
64
0
0
0
0
0
163
177
64
0
0
0
0
0
88
147
64
0
0
0
0
0
48
177
64
0
0
0
0
0
136
155
64
0
0
0
0
0
125
176
64
0
0
0
0
0
168
161
64
0
0
0
0
0
24
175
64
0
0
0
0
0
78
165
64
0
0
0
0
0
190
172
64
0
0
0
0
0
162
168
64
0
0
0
0
0
250
169
64
0
0
0
0
0
156
171
64
0
0
0
0
0
210
166
64
0
0
0
0
0
48
174
64
0
0
0
0
0
84
163
64
0
0
0
0
0
41
176
64
0
0
0
0
0
20
159
64
0
0
0
0
0
253
176
64
0
0
0
0
0
12
151
64
0
0
0
0
0
146
177
64
0
0
0
0
0
88
141
64
0
0
0
0
0
229
177
64
0
0
0
0
0
80
120
64
0
0
0
0
0
245
177
64
0
0
0
0
0
0
101
192
0
0
0
0
0
194
177
64
0
0
0
0
0
152
134
192
0
0
0
0
0
76
177
64
0
0
0
0
0
208
147
192
0
0
0
0
0
148
176
64
0
0
0
0
0
16
156
192
0
0
0
0
0
62
175
64
0
0
0
0
0
242
161
192
0
0
0
0
0
220
172
64
0
0
0
0
0
156
165
192
0
0
0
0
0
14
170
64
0
0
0
0
0
246
168
192
0
0
0
0
0
220
166
64
0
0
0
0
0
242
171
192
0
0
0
0
0
84
163
64
0
0
0
0
0
136
174
192
0
0
0
0
0
4
159
64
0
0
0
0
0
86
176
192
0
0
0
0
0
232
150
64
0
0
0
0
0
43
177
192
0
0
0
0
0
232
140
64
0
0
0
0
0
192
177
192
0
0
0
0
0
16
119
64
0
0
0
0
0
19
178
192
0
0
0
0
0
32
104
192
0
0
0
0
0
34
178
192
0
0
0
0
0
144
135
192
0
0
0
0
0
236
177
192
0
0
0
0
0
96
148
192
0
0
0
0
0
116
177
192
0
0
0
0
0
176
156
192
0
0
0
0
0
185
176
192
0
0
0
0
0
76
162
192
0
0
0
0
0
128
175
192
0
0
0
0
0
254
165
192
0
0
0
0
0
22
173
192
0
0
0
0
0
94
169
192
0
0
0
0
0
60
170
192
0
0
0
0
0
98
172
192
0
0
0
0
0
0
167
192
0
0
0
0
0
254
174
192
0
0
0
0
0
106
163
192
0
0
0
0
0
146
176
192
0
0
0
0
0
20
159
192
0
0
0
0
0
105
177
192
0
0
0
0
0
220
150
192
0
0
0
0
0
254
177
192
0
0
0
0
0
144
140
192
0
0
0
0
0
79
178
192
0
0
0
0
0
240
117
192
0
0
0
0
0
92
178
192
0
0
0
0
0
96
107
64
0
0
0
0
0
35
178
192
0
0
0
0
0
144
136
64
0
0
0
0
0
166
177
192
0
0
0
0
0
252
148
64
0
0
0
0
0
230
176
192
0
0
0
0
0
100
157
64
0
0
0
0
0
206
175
192
0
0
0
0
0
176
162
64
0
0
0
0
0
84
173
192
0
0
0
0
0
104
166
64
0
0
0
0
0
108
170
192
0
0
0
0
0
206
169
64
0
0
0
0
0
32
167
192
0
0
0
0
0
210
172
64
0
0
0
0
0
124
163
192
0
0
0
0
0
108
175
64
0
0
0
0
0
28
159
192
0
0
0
0
0
200
176
64
0
0
0
0
0
200
150
192
0
0
0
0
0
155
177
64
0
0
0
0
0
56
140
192
0
0
0
0
0
44
178
64
0
0
0
0
0
224
116
192
0
0
0
0
0
120
178
64
0
0
0
0
0
0
110
64
0
0
0
0
0
127
178
64
0
0
0
0
0
80
137
64
0
0
0
0
0
65
178
64
0
0
0
0
0
104
149
64
0
0
0
0
0
0
0
0
0
0
0
0
0
0
0
0
0
0
0
0
0
0
0
0
0
0
0
0
0
0
0
0
0
0
0
0
0
0
0
0
0
0
0
0
0
0
0
0
0
0
0
0
0
0
0
0
0
0
0
0
0
0
0
0
0
0
0
0
0
0
0
0
0
0
0
0
0
0
0
0
0
0
0
0
0
0
0
0
0
0
0
0
0
0
0
0
0
0
0
0
0
0
0
0
0
0
0
0
0
0
0
0
0
0
0
0
0
0
0
0
0
0
0
0
0
0
0
0
0
0
0
0
0
0
0
0
0
0
0
0
0
0
0
0
0
0
0
0
0
0
0
0
0
0
0
0
0
0
0
0
0
0
0
0
0
0
0
0
0
0
0
0
0
0
0
0
0
0
0
0
0
0
0
0
0
0
0
0
0
0
0
0
0
0
0
0
0
0
0
0
0
0
0
0
0
0
0
0
0
0
0
0
0
0
0
0
0
0
0
0
0
0
0
0
0
0
0
0
0
0
0
0
0
0
0
0
0
0
0
0
0
0
0
0
0
0
0
0
0
0
0
0
0
0
0
0
0
0
0
0
0
0
0
0
0
0
0
0
0
0
0
0
0
0
0
0
0
0
0
0
0
0
0
0
0
0
0
0
0
0
0
0
0
0
0
0
0
0
0
0
0
0
0
0
0
0
0
0
0
0
0
0
0
0
0
0
0
0
0
0
0
0
0
0
0
0
0
0
0
0
0
0
0
0
0
0
0
0
0
0
0
0
0
0
0
0
0
0
0
0
0
0
0
0
0
0
0
0
0
0
0
0
0
0
0
0
0
0
0
0
0
0
0
0
0
0
0
0
0
0
0
0
0
0
0
0
0
0
0
0
0
0
0
0
0
0
0
0
0
0
0
0
0
0
0
0
0
0
0
0
0
0
0
0
0
0
0
0
0
0
0
0
0
0
0
0
0
0
0
0
0
0
0
0
0
0
0
0
0
0
0
0
0
0
0
0
0
0
0
0
0
0
0
0
0
0
0
0
0
0
0
0
0
0
0
0
0
0
0
0
0
0
0
0
0
0
0
0
0
0
0
0
0
0
0
0
0
0
0
0
0
0
0
0
0
0
0
0
0
0
0
0
0
0
0
0
0
0
0
0
0
0
0
0
0
0
0
0
0
0
0
0
0
0
0
0
0
0
0
0
0
0
0
0
0
0
0
0
0
0
0
0
0
0
0
0
0
0
0
0
0
0
0
0
0
0
0
0
0
0
0
0
0
0
0
0
0
0
0
0
0
0
0
0
0
0
0
0
0
0
0
0
0
0
0
0
0
0
0
0
0
0
0
0
0
0
0
0
0
0
0
0
0
0
0
0
0
0
0
0
0
0
0
0
0
0
0
0
0
0
0
0
0
0
0
0
0
0
0
0
0
0
0
0
0
0
0
0
0
0
0
0
0
0
0
0
0
0
0
0
0
0
0
0
0
0
0
0
0
0
0
0
0
0
0
0
0
0
0
0
0
0
0
0
0
0
0
0
0
0
0
0
0
0
0
0
0
0
0
0
0
0
0
0
0
0
0
0
0
0
0
0
0
0
0
0
0
0
0
0
0
0
0
0
0
0
0
0
0
0
0
0
0
0
0
0
0
0
0
0
0
0
0
0
0
0
0
0
0
0
0
0
0
0
0
0
0
0
0
0
0
0
0
0
0
0
0
0
0
0
0
0
0
0
0
0
0
0
0
0
0
0
0
0
0
0
0
0
0
0
0
0
0
0
0
0
0
0
0
0
0
0
0
0
0
0
0
0
0
0
0
0
0
0
0
0
0
0
0
0
0
0
0
0
0
0
0
0
0
0
0
0
0
0
0
0
0
0
0
0
0
0
0
0
0
0
0
0
0
0
0
0
0
0
0
0
0
0
0
0
0
0
0
0
0
0
0
0
0
0
0
0
0
0
0
0
0
0
0
0
0
0
0
0
0
0
0
0
0
0
0
0
0
0
0
0
0
0
0
0
0
0
0
0
0
0
0
0
0
0
0
0
0
0
0
0
0
0
0
0
0
0
0
0
0
0
0
0
0
0
0
0
0
0
0
0
0
0
0
0
0
0
0
0
0
0
0
0
0
0
0
0
0
0
0
0
0
0
0
0
0
0
0
0
0
0
0
0
0
0
0
0
0
0
0
0
0
0
0
0
0
0
0
0
0
0
0
0
0
0
0
0
0
0
0
0
0
0
0
0
0
0
0
0
0
0
0
0
0
0
0
0
0
0
0
0
0
0
0
0
0
0
0
0
0
0
0
0
0
0
0
0
0
0
0
0
0
0
0
0
0
0
0
0
0
0
0
0
0
0
0
0
0
0
0
0
0
0
0
0
0
0
0
0
0
0
0
0
0
0
0
0
0
0
0
0
0
0
0
0
0
0
0
0
0
0
0
0
0
0
0
0
0
0
0
0
0
0
0
0
0
0
0
0
0
0
0
0
0
0
0
0
0
0
0
0
0
0
0
0
0
0
0
0
0
0
0
0
0
0
0
0
0
0
0
0
0
0
0
0
0
0
0
0
0
0
0
0
0
0
0
0
0
0
0
0
0
0
0
0
0
0
0
0
0
0
0
0
0
0
0
0
0
0
0
0
0
0
0
0
0
0
0
0
0
0
0
0
0
0
0
0
0
0
0
0
0
0
0
0
0
0
0
0
0
0
0
0
0
0
0
0
0
0
0
0
0
0
0
0
0
0
0
0
0
0
0
0
0
0
0
0
0
0
0
0
0