58
70
65
67
84
58
67
68
65
84
49
56
58
68
65
84
65
32
35
57
48
48
48
48
48
54
57
51
54
0
0
0
0
0
168
171
192
0
0
0
0
0
248
151
192
0
0
0
0
0
112
174
192
0
0
0
0
0
0
83
192
0
0
0
0
0
154
172
192
0
0
0
0
0
48
150
64
0
0
0
0
0
92
166
192
0
0
0
0
0
60
165
64
0
0
0
0
0
84
153
192
0
0
0
0
0
54
172
64
0
0
0
0
0
0
96
192
0
0
0
0
0
236
174
64
0
0
0
0
0
156
149
64
0
0
0
0
0
242
172
64
0
0
0
0
0
238
164
64
0
0
0
0
0
158
166
64
0
0
0
0
0
222
171
64
0
0
0
0
0
220
153
64
0
0
0
0
0
158
174
64
0
0
0
0
0
0
102
64
0
0
0
0
0
208
172
64
0
0
0
0
0
180
148
192
0
0
0
0
0
192
166
64
0
0
0
0
0
142
164
192
0
0
0
0
0
148
154
64
0
0
0
0
0
200
171
192
0
0
0
0
0
224
107
64
0
0
0
0
0
250
174
192
0
0
0
0
0
140
148
192
0
0
0
0
0
160
173
192
0
0
0
0
0
14
165
192
0
0
0
0
0
208
167
192
0
0
0
0
0
248
172
192
0
0
0
0
0
124
156
192
0
0
0
0
0
97
176
192
0
0
0
0
0
160
113
192
0
0
0
0
0
170
175
192
0
0
0
0
0
44
149
64
0
0
0
0
0
172
169
192
0
0
0
0
0
46
166
64
0
0
0
0
0
24
159
192
0
0
0
0
0
180
174
64
0
0
0
0
0
0
118
192
0
0
0
0
0
91
177
64
0
0
0
0
0
116
149
64
0
0
0
0
0
185
176
64
0
0
0
0
0
192
166
64
0
0
0
0
0
4
171
64
0
0
0
0
0
96
175
64
0
0
0
0
0
102
160
64
0
0
0
0
0
158
177
64
0
0
0
0
0
16
122
64
0
0
0
0
0
222
176
64
0
0
0
0
0
168
148
192
0
0
0
0
0
42
171
64
0
0
0
0
0
64
166
192
0
0
0
0
0
152
160
64
0
0
0
0
0
184
174
192
0
0
0
0
0
80
125
64
0
0
0
0
0
65
177
192
0
0
0
0
0
80
147
192
0
0
0
0
0
144
176
192
0
0
0
0
0
104
165
192
0
0
0
0
0
216
170
192
0
0
0
0
0
228
173
192
0
0
0
0
0
162
160
192
0
0
0
0
0
241
176
192
0
0
0
0
0
16
128
192
0
0
0
0
0
106
176
192
0
0
0
0
0
76
146
64
0
0
0
0
0
226
170
192
0
0
0
0
0
240
164
64
0
0
0
0
0
234
160
192
0
0
0
0
0
154
173
64
0
0
0
0
0
152
129
192
0
0
0
0
0
237
176
64
0
0
0
0
0
156
145
64
0
0
0
0
0
132
176
64
0
0
0
0
0
186
164
64
0
0
0
0
0
62
171
64
0
0
0
0
0
142
173
64
0
0
0
0
0
86
161
64
0
0
0
0
0
251
176
64
0
0
0
0
0
64
131
64
0
0
0
0
0
162
176
64
0
0
0
0
0
236
144
192
0
0
0
0
0
150
171
64
0
0
0
0
0
122
164
192
0
0
0
0
0
194
161
64
0
0
0
0
0
116
173
192
0
0
0
0
0
248
132
64
0
0
0
0
0
4
177
192
0
0
0
0
0
48
144
192
0
0
0
0
0
197
176
192
0
0
0
0
0
68
164
192
0
0
0
0
0
4
172
192
0
0
0
0
0
122
173
192
0
0
0
0
0
70
162
192
0
0
0
0
0
41
177
192
0
0
0
0
0
232
134
192
0
0
0
0
0
6
177
192
0
0
0
0
0
16
143
64
0
0
0
0
0
168
172
192
0
0
0
0
0
48
164
64
0
0
0
0
0
232
162
192
0
0
0
0
0
168
173
64
0
0
0
0
0
248
136
192
0
0
0
0
0
92
177
64
0
0
0
0
0
184
141
64
0
0
0
0
0
74
177
64
0
0
0
0
0
12
164
64
0
0
0
0
0
56
173
64
0
0
0
0
0
178
173
64
0
0
0
0
0
114
163
64
0
0
0
0
0
116
177
64
0
0
0
0
0
224
138
64
0
0
0
0
0
115
177
64
0
0
0
0
0
56
140
192
0
0
0
0
0
168
173
64
0
0
0
0
0
210
163
192
0
0
0
0
0
246
163
64
0
0
0
0
0
174
173
192
0
0
0
0
0
224
140
64
0
0
0
0
0
150
177
192
0
0
0
0
0
224
138
192
0
0
0
0
0
186
177
192
0
0
0
0
0
208
163
192
0
0
0
0
0
110
174
192
0
0
0
0
0
30
174
192
0
0
0
0
0
198
164
192
0
0
0
0
0
7
178
192
0
0
0
0
0
96
143
192
0
0
0
0
0
84
178
192
0
0
0
0
0
8
138
64
0
0
0
0
0
186
175
192
0
0
0
0
0
32
164
64
0
0
0
0
0
230
165
192
0
0
0
0
0
242
174
64
0
0
0
0
0
40
145
192
0
0
0
0
0
160
178
64
0
0
0
0
0
8
137
64
0
0
0
0
0
255
178
64
0
0
0
0
0
88
164
64
0
0
0
0
0
124
176
64
0
0
0
0
0
128
175
64
0
0
0
0
0
226
166
64
0
0
0
0
0
253
178
64
0
0
0
0
0
124
146
64
0
0
0
0
0
95
179
64
0
0
0
0
0
144
135
192
0
0
0
0
0
213
176
64
0
0
0
0
0
52
164
192
0
0
0
0
0
128
167
64
0
0
0
0
0
134
175
192
0
0
0
0
0
140
147
64
0
0
0
0
0
17
179
192
0
0
0
0
0
208
133
192
0
0
0
0
0
133
179
192
0
0
0
0
0
232
163
192
0
0
0
0
0
14
177
192
0
0
0
0
0
116
175
192
0
0
0
0
0
12
168
192
0
0
0
0
0
46
179
192
0
0
0
0
0
172
148
192
0
0
0
0
0
202
179
192
0
0
0
0
0
32
132
64
0
0
0
0
0
111
177
192
0
0
0
0
0
202
163
64
0
0
0
0
0
224
168
192
0
0
0
0
0
186
175
64
0
0
0
0
0
12
150
192
0
0
0
0
0
133
179
64
0
0
0
0
0
160
130
64
0
0
0
0
0
71
180
64
0
0
0
0
0
216
163
64
0
0
0
0
0
254
177
64
0
0
0
0
0
31
176
64
0
0
0
0
0
236
169
64
0
0
0
0
0
247
179
64
0
0
0
0
0
156
151
64
0
0
0
0
0
217
180
64
0
0
0
0
0
24
129
192
0
0
0
0
0
153
178
64
0
0
0
0
0
236
163
192
0
0
0
0
0
6
171
64
0
0
0
0
0
99
176
192
0
0
0
0
0
68
153
64
0
0
0
0
0
110
180
192
0
0
0
0
0
224
126
192
0
0
0
0
0
115
181
192
0
0
0
0
0
0
164
192
0
0
0
0
0
62
179
192
0
0
0
0
0
174
176
192
0
0
0
0
0
52
172
192
0
0
0
0
0
238
180
192
0
0
0
0
0
8
155
192
0
0
0
0
0
18
182
192
0
0
0
0
0
96
123
64
0
0
0
0
0
227
179
192
0
0
0
0
0
12
164
64
0
0
0
0
0
84
173
192
0
0
0
0
0
234
176
64
0
0
0
0
0
176
156
192
0
0
0
0
0
77
181
64
0
0
0
0
0
96
119
64
0
0
0
0
0
126
182
64
0
0
0
0
0
210
163
64
0
0
0
0
0
72
180
64
0
0
0
0
0
224
176
64
0
0
0
0
0
0
174
64
0
0
0
0
0
73
181
64
0
0
0
0
0
216
157
64
0
0
0
0
0
121
182
64
0
0
0
0
0
224
114
192
0
0
0
0
0
72
180
64
0
0
0
0
0
50
163
192
0
0
0
0
0
34
174
64
0
0
0
0
0
134
176
192
0
0
0
0
0
136
158
64
0
0
0
0
0
239
180
192
0
0
0
0
0
96
108
192
0
0
0
0
0
48
182
192
0
0
0
0
0
114
162
192
0
0
0
0
0
34
180
192
0
0
0
0
0
37
176
192
0
0
0
0
0
46
174
192
0
0
0
0
0
164
180
192
0
0
0
0
0
68
159
192
0
0
0
0
0
15
182
192
0
0
0
0
0
128
99
64
0
0
0
0
0
47
180
192
0
0
0
0
0
230
161
64
0
0
0
0
0
150
174
192
0
0
0
0
0
238
175
64
0
0
0
0
0
48
160
192
0
0
0
0
0
157
180
64
0
0
0
0
0
0
86
64
0
0
0
0
0
47
182
64
0
0
0
0
0
134
161
64
0
0
0
0
0
109
180
64
0
0
0
0
0
198
175
64
0
0
0
0
0
46
175
64
0
0
0
0
0
164
180
64
0
0
0
0
0
204
160
64
0
0
0
0
0
76
182
64
0
0
0
0
0
0
51
192
0
0
0
0
0
153
180
64
0
0
0
0
0
18
161
192
0
0
0
0
0
154
175
64
0
0
0
0
0
108
175
192
0
0
0
0
0
72
161
64
0
0
0
0
0
132
180
192
0
0
0
0
0
128
73
64
0
0
0
0
0
60
182
192
0
0
0
0
0
128
160
192
0
0
0
0
0
158
180
192
0
0
0
0
0
226
174
192
0
0
0
0
0
214
175
192
0
0
0
0
0
79
180
192
0
0
0
0
0
180
161
192
0
0
0
0
0
32
182
192
0
0
0
0
0
64
94
192
0
0
0
0
0
161
180
192
0
0
0
0
0
216
159
64
0
0
0
0
0
12
176
192
0
0
0
0
0
96
174
64
0
0
0
0
0
34
162
192
0
0
0
0
0
32
180
64
0
0
0
0
0
192
103
192
0
0
0
0
0
10
182
64
0
0
0
0
0
176
158
64
0
0
0
0
0
164
180
64
0
0
0
0
0
212
173
64
0
0
0
0
0
39
176
64
0
0
0
0
0
226
179
64
0
0
0
0
0
130
162
64
0
0
0
0
0
216
181
64
0
0
0
0
0
32
112
64
0
0
0
0
0
133
180
64
0
0
0
0
0
92
157
192
0
0
0
0
0
33
176
64
0
0
0
0
0
14
173
192
0
0
0
0
0
184
162
64
0
0
0
0
0
122
179
192
0
0
0
0
0
0
116
64
0
0
0
0
0
121
181
192
0
0
0
0
0
220
155
192
0
0
0
0
0
61
180
192
0
0
0
0
0
34
172
192
0
0
0
0
0
0
176
192
0
0
0
0
0
1
179
192
0
0
0
0
0
212
162
192
0
0
0
0
0
18
181
192
0
0
0
0
0
192
119
192
0
0
0
0
0
251
179
192
0
0
0
0
0
108
154
64
0
0
0
0
0
218
175
192
0
0
0
0
0
82
171
64
0
0
0
0
0
8
163
192
0
0
0
0
0
163
178
64
0
0
0
0
0
144
123
192
0
0
0
0
0
208
180
64
0
0
0
0
0
52
153
64
0
0
0
0
0
223
179
64
0
0
0
0
0
184
170
64
0
0
0
0
0
238
175
64
0
0
0
0
0
102
178
64
0
0
0
0
0
94
163
64
0
0
0
0
0
173
180
64
0
0
0
0
0
128
127
64
0
0
0
0
0
219
179
64
0
0
0
0
0
28
152
192
0
0
0
0
0
17
176
64
0
0
0
0
0
56
170
192
0
0
0
0
0
192
163
64
0
0
0
0
0
55
178
192
0
0
0
0
0
184
129
64
0
0
0
0
0
151
180
192
0
0
0
0
0
20
151
192
0
0
0
0
0
225
179
192
0
0
0
0
0
196
169
192
0
0
0
0
0
50
176
192
0
0
0
0
0
17
178
192
0
0
0
0
0
44
164
192
0
0
0
0
0
139
180
192
0
0
0
0
0
184
131
192
0
0
0
0
0
241
179
192
0
0
0
0
0
24
150
64
0
0
0
0
0
90
176
192
0
0
0
0
0
96
169
64
0
0
0
0
0
158
164
192
0
0
0
0
0
243
177
64
0
0
0
0
0
184
133
192
0
0
0
0
0
132
180
64
0
0
0
0
0
28
149
64
0
0
0
0
0
0
180
64
0
0
0
0
0
242
168
64
0
0
0
0
0
124
176
64
0
0
0
0
0
199
177
64
0
0
0
0
0
0
165
64
0
0
0
0
0
103
180
64
0
0
0
0
0
168
135
64
0
0
0
0
0
245
179
64
0
0
0
0
0
8
148
192
0
0
0
0
0
133
176
64
0
0
0
0
0
94
168
192
0
0
0
0
0
64
165
64
0
0
0
0
0
127
177
192
0
0
0
0
0
104
137
64
0
0
0
0
0
42
180
192
0
0
0
0
0
212
146
192
0
0
0
0
0
204
179
192
0
0
0
0
0
172
167
192
0
0
0
0
0
121
176
192
0
0
0
0
0
40
177
192
0
0
0
0
0
108
165
192
0
0
0
0
0
225
179
192
0
0
0
0
0
8
139
192
0
0
0
0
0
159
179
192
0
0
0
0
0
164
145
64
0
0
0
0
0
110
176
192
0
0
0
0
0
2
167
64
0
0
0
0
0
154
165
192
0
0
0
0
0
215
176
64
0
0
0
0
0
176
140
192
0
0
0
0
0
162
179
64
0
0
0
0
0
132
144
64
0
0
0
0
0
122
179
64
0
0
0
0
0
98
166
64
0
0
0
0
0
104
176
64
0
0
0
0
0
137
176
64
0
0
0
0
0
202
165
64
0
0
0
0
0
96
179
64
0
0
0
0
0
72
142
64
0
0
0
0
0
76
179
64
0
0
0
0
0
192
142
192
0
0
0
0
0
84
176
64
0
0
0
0
0
176
165
192
0
0
0
0
0
226
165
64
0
0
0
0
0
43
176
192
0
0
0
0
0
176
143
64
0
0
0
0
0
8
179
192
0
0
0
0
0
96
140
192
0
0
0
0
0
7
179
192
0
0
0
0
0
238
164
192
0
0
0
0
0
47
176
192
0
0
0
0
0
132
175
192
0
0
0
0
0
230
165
192
0
0
0
0
0
170
178
192
0
0
0
0
0
128
144
192
0
0
0
0
0
195
178
192
0
0
0
0
0
24
138
64
0
0
0
0
0
17
176
192
0
0
0
0
0
56
164
64
0
0
0
0
0
252
165
192
0
0
0
0
0
212
174
64
0
0
0
0
0
52
145
192
0
0
0
0
0
100
178
64
0
0
0
0
0
0
136
64
0
0
0
0
0
156
178
64
0
0
0
0
0
168
163
64
0
0
0
0
0
13
176
64
0
0
0
0
0
86
174
64
0
0
0
0
0
52
166
64
0
0
0
0
0
58
178
64
0
0
0
0
0
4
146
64
0
0
0
0
0
140
178
64
0
0
0
0
0
8
134
192
0
0
0
0
0
23
176
64
0
0
0
0
0
40
163
192
0
0
0
0
0
118
166
64
0
0
0
0
0
232
173
192
0
0
0
0
0
208
146
64
0
0
0
0
0
17
178
192
0
0
0
0
0
16
132
192
0
0
0
0
0
119
178
192
0
0
0
0
0
162
162
192
0
0
0
0
0
24
176
192
0
0
0
0
0
100
173
192
0
0
0
0
0
166
166
192
0
0
0
0
0
218
177
192
0
0
0
0
0
132
147
192
0
0
0
0
0
82
178
192
0
0
0
0
0
24
130
64
0
0
0
0
0
11
176
192
0
0
0
0
0
14
162
64
0
0
0
0
0
196
166
192
0
0
0
0
0
206
172
64
0
0
0
0
0
44
148
192
0
0
0
0
0
153
177
64
0
0
0
0
0
32
128
64
0
0
0
0
0
37
178
64
0
0
0
0
0
118
161
64
0
0
0
0
0
242
175
64
0
0
0
0
0
52
172
64
0
0
0
0
0
218
166
64
0
0
0
0
0
85
177
64
0
0
0
0
0
204
148
64
0
0
0
0
0
244
177
64
0
0
0
0
0
80
124
192
0
0
0
0
0
198
175
64
0
0
0
0
0
220
160
192
0
0
0
0
0
232
166
64
0
0
0
0
0
146
171
192
0
0
0
0
0
92
149
64
0
0
0
0
0
11
177
192
0
0
0
0
0
112
120
192
0
0
0
0
0
187
177
192
0
0
0
0
0
60
160
192
0
0
0
0
0
134
175
192
0
0
0
0
0
228
170
192
0
0
0
0
0
232
166
192
0
0
0
0
0
186
176
192
0
0
0
0
0
224
149
192
0
0
0
0
0
125
177
192
0
0
0
0
0
160
116
64
0
0
0
0
0
68
175
192
0
0
0
0
0
60
159
64
0
0
0
0
0
234
166
192
0
0
0
0
0
62
170
64
0
0
0
0
0
100
150
192
0
0
0
0
0
113
176
64
0
0
0
0
0
0
113
64
0
0
0
0
0
73
177
64
0
0
0
0
0
28
158
64
0
0
0
0
0
24
175
64
0
0
0
0
0
172
169
64
0
0
0
0
0
252
166
64
0
0
0
0
0
51
176
64
0
0
0
0
0
248
150
64
0
0
0
0
0
31
177
64
0
0
0
0
0
224
106
192
0
0
0
0
0
244
174
64
0
0
0
0
0
12
157
192
0
0
0
0
0
10
167
64
0
0
0
0
0
28
169
192
0
0
0
0
0
120
151
64
0
0
0
0
0
220
175
192
0
0
0
0
0
224
99
192
0
0
0
0
0
229
176
192
0
0
0
0
0
212
155
192
0
0
0
0
0
164
174
192
0
0
0
0
0
98
168
192
0
0
0
0
0
240
166
192
0
0
0
0
0
24
175
192
0
0
0
0
0
200
151
192
0
0
0
0
0
138
176
192
0
0
0
0
0
0
90
64
0
0
0
0
0
26
174
192
0
0
0
0
0
120
154
64
0
0
0
0
0
174
166
192
0
0
0
0
0
136
167
64
0
0
0
0
0
244
151
192
0
0
0
0
0
54
174
64
0
0
0
0
0
128
73
64
0
0
0
0
0
42
176
64
0
0
0
0
0
48
153
64
0
0
0
0
0
160
173
64
0
0
0
0
0
212
166
64
0
0
0
0
0
140
166
64
0
0
0
0
0
160
173
64
0
0
0
0
0
84
152
64
0
0
0
0
0
0
176
64
0
0
0
0
0
0
0
0
0
0
0
0
0
168
173
64
0
0
0
0
0
36
152
192
0
0
0
0
0
246
166
64
0
0
0
0
0
104
166
192
0
0
0
0
0
184
153
64
0
0
0
0
0
128
173
192
0
0
0
0
0
128
89
64
0
0
0
0
0
40
176
192
0
0
0
0
0
4
151
192
0
0
0
0
0
98
174
192
0
0
0
0
0
62
166
192
0
0
0
0
0
240
167
192
0
0
0
0
0
206
173
192
0
0
0
0
0
188
155
192
0
0
0
0
0
134
176
192
0
0
0
0
0
224
105
192
0
0
0
0
0
106
175
192
0
0
0
0
0
12
150
64
0
0
0
0
0
22
169
192
0
0
0
0
0
48
166
64
0
0
0
0
0
232
157
192
0
0
0
0
0
44
174
64
0
0
0
0
0
224
115
192
0
0
0
0
0
224
176
64
0
0
0
0
0
236
148
64
0
0
0
0
0
42
176
64
0
0
0
0
0
244
165
64
0
0
0
0
0
24
170
64
0
0
0
0
0
68
174
64
0
0
0
0
0
224
159
64
0
0
0
0
0
16
177
64
0
0
0
0
0
224
122
64
0
0
0
0
0
121
176
64
0
0
0
0
0
140
147
192
0
0
0
0
0
226
170
64
0
0
0
0
0
132
165
192
0
0
0
0
0
210
160
64
0
0
0
0
0
34
174
192
0
0
0
0
0
240
128
64
0
0
0
0
0
43
177
192
0
0
0
0
0
24
146
192
0
0
0
0
0
191
176
192
0
0
0
0
0
20
165
192
0
0
0
0
0
178
171
192
0
0
0
0
0
18
174
192
0
0
0
0
0
198
161
192
0
0
0
0
0
88
177
192
0
0
0
0
0
152
132
192
0
0
0
0
0
27
177
192
0
0
0
0
0
176
144
64
0
0
0
0
0
170
172
192
0
0
0
0
0
184
164
64
0
0
0
0
0
208
162
192
0
0
0
0
0
30
174
64
0
0
0
0
0
96
136
192
0
0
0
0
0
144
177
64
0
0
0
0
0
128
142
64
0
0
0
0
0
123
177
64
0
0
0
0
0
78
164
64
0
0
0
0
0
154
173
64
0
0
0
0
0
12
174
64
0
0
0
0
0
208
163
64
0
0
0
0
0
178
177
64
0
0
0
0
0
40
140
64
0
0
0
0
0
194
177
64
0
0
0
0
0
88
139
192
0
0
0
0
0
100
174
64
0
0
0
0
0
196
163
192
0
0
0
0
0
190
164
64
0
0
0
0
0
214
173
192
0
0
0
0
0
240
143
64
0
0
0
0
0
198
177
192
0
0
0
0
0
24
136
192
0
0
0
0
0
5
178
192
0
0
0
0
0
58
163
192
0
0
0
0
0
52
175
192
0
0
0
0
0
172
173
192
0
0
0
0
0
186
165
192
0
0
0
0
0
231
177
192
0
0
0
0
0
240
145
192
0
0
0
0
0
86
178
192
0
0
0
0
0
216
132
64
0
0
0
0
0
14
176
192
0
0
0
0
0
182
162
64
0
0
0
0
0
194
166
192
0
0
0
0
0
134
173
64
0
0
0
0
0
240
147
192
0
0
0
0
0
1
178
64
0
0
0
0
0
104
129
64
0
0
0
0
0
151
178
64
0
0
0
0
0
18
162
64
0
0
0
0
0
107
176
64
0
0
0
0
0
34
173
64
0
0
0
0
0
158
167
64
0
0
0
0
0
243
177
64
0
0
0
0
0
200
149
64
0
0
0
0
0
174
178
64
0
0
0
0
0
144
123
192
0
0
0
0
0
168
176
64
0
0
0
0
0
70
161
192
0
0
0
0
0
90
168
64
0
0
0
0
0
146
172
192
0
0
0
0
0
152
151
64
0
0
0
0
0
216
177
192
0
0
0
0
0
64
116
192
0
0
0
0
0
202
178
192
0
0
0
0
0
142
160
192
0
0
0
0
0
249
176
192
0
0
0
0
0
60
172
192
0
0
0
0
0
74
169
192
0
0
0
0
0
236
177
192
0
0
0
0
0
172
153
192
0
0
0
0
0
29
179
192
0
0
0
0
0
32
106
64
0
0
0
0
0
124
177
192
0
0
0
0
0
0
160
64
0
0
0
0
0
126
170
192
0
0
0
0
0
38
172
64
0
0
0
0
0
252
155
192
0
0
0
0
0
30
178
64
0
0
0
0
0
128
86
64
0
0
0
0
0
128
179
64
0
0
0
0
0
212
158
64
0
0
0
0
0
255
177
64
0
0
0
0
0
238
171
64
0
0
0
0
0
156
171
64
0
0
0
0
0
47
178
64
0
0
0
0
0
40
158
64
0
0
0
0
0
186
179
64
0
0
0
0
0
128
64
64
0
0
0
0
0
90
178
64
0
0
0
0
0
84
157
192
0
0
0
0
0
132
172
64
0
0
0
0
0
120
171
192
0
0
0
0
0
22
160
64
0
0
0
0
0
34
178
192
0
0
0
0
0
192
99
64
0
0
0
0
0
225
179
192
0
0
0
0
0
200
155
192
0
0
0
0
0
179
178
192
0
0
0
0
0
14
171
192
0
0
0
0
0
130
173
192
0
0
0
0
0
42
178
192
0
0
0
0
0
50
161
192
0
0
0
0
0
39
180
192
0
0
0
0
0
240
113
192
0
0
0
0
0
44
179
192
0
0
0
0
0
92
154
64
0
0
0
0
0
172
174
192
0
0
0
0
0
196
170
64
0
0
0
0
0
98
162
192
0
0
0
0
0
63
178
64
0
0
0
0
0
64
122
192
0
0
0
0
0
109
180
64
0
0
0
0
0
200
152
64
0
0
0
0
0
149
179
64
0
0
0
0
0
74
170
64
0
0
0
0
0
168
175
64
0
0
0
0
0
40
178
64
0
0
0
0
0
108
163
64
0
0
0
0
0
124
180
64
0
0
0
0
0
56
129
64
0
0
0
0
0
201
179
64
0
0
0
0
0
236
150
192
0
0
0
0
0
42
176
64
0
0
0
0
0
136
169
192
0
0
0
0
0
80
164
64
0
0
0
0
0
235
177
192
0
0
0
0
0
56
133
64
0
0
0
0
0
111
180
192
0
0
0
0
0
0
149
192
0
0
0
0
0
241
179
192
0
0
0
0
0
202
168
192
0
0
0
0
0
130
176
192
0
0
0
0
0
187
177
192
0
0
0
0
0
68
165
192
0
0
0
0
0
120
180
192
0
0
0
0
0
88
137
192
0
0
0
0
0
48
180
192
0
0
0
0
0
40
147
64
0
0
0
0
0
234
176
192
0
0
0
0
0
32
168
64
0
0
0
0
0
66
166
192
0
0
0
0
0
146
177
64
0
0
0
0
0
128
141
192
0
0
0
0
0
123
180
64
0
0
0
0
0
56
145
64
0
0
0
0
0
91
180
64
0
0
0
0
0
78
167
64
0
0
0
0
0
57
177
64
0
0
0
0
0
69
177
64
0
0
0
0
0
24
167
64
0
0
0
0
0
83
180
64
0
0
0
0
0
184
144
64
0
0
0
0
0
98
180
64
0
0
0
0
0
80
142
192
0
0
0
0
0
114
177
64
0
0
0
0
0
98
166
192
0
0
0
0
0
228
167
64
0
0
0
0
0
244
176
192
0
0
0
0
0
184
146
64
0
0
0
0
0
61
180
192
0
0
0
0
0
112
138
192
0
0
0
0
0
146
180
192
0
0
0
0
0
184
165
192
0
0
0
0
0
225
177
192
0
0
0
0
0
226
176
192
0
0
0
0
0
14
169
192
0
0
0
0
0
122
180
192
0
0
0
0
0
20
149
192
0
0
0
0
0
20
181
192
0
0
0
0
0
224
134
64
0
0
0
0
0
142
178
192
0
0
0
0
0
80
165
64
0
0
0
0
0
124
170
192
0
0
0
0
0
246
176
64
0
0
0
0
0
152
151
192
0
0
0
0
0
206
180
64
0
0
0
0
0
32
131
64
0
0
0
0
0
148
181
64
0
0
0
0
0
196
164
64
0
0
0
0
0
36
179
64
0
0
0
0
0
222
176
64
0
0
0
0
0
176
171
64
0
0
0
0
0
223
180
64
0
0
0
0
0
224
153
64
0
0
0
0
0
202
181
64
0
0
0
0
0
16
126
192
0
0
0
0
0
124
179
64
0
0
0
0
0
236
163
192
0
0
0
0
0
154
172
64
0
0
0
0
0
149
176
192
0
0
0
0
0
4
156
64
0
0
0
0
0
198
180
192
0
0
0
0
0
144
117
192
0
0
0
0
0
236
181
192
0
0
0
0
0
16
163
192
0
0
0
0
0
215
179
192
0
0
0
0
0
91
176
192
0
0
0
0
0
168
173
192
0
0
0
0
0
206
180
192
0
0
0
0
0
96
158
192
0
0
0
0
0
52
182
192
0
0
0
0
0
0
106
64
0
0
0
0
0
82
180
192
0
0
0
0
0
78
162
64
0
0
0
0
0
208
174
192
0
0
0
0
0
45
176
64
0
0
0
0
0
94
160
192
0
0
0
0
0
210
180
64
0
0
0
0
0
64
81
64
0
0
0
0
0
98
182
64
0
0
0
0
0
94
161
64
0
0
0
0
0
158
180
64
0
0
0
0
0
148
175
64
0
0
0
0
0
152
175
64
0
0
0
0
0
135
180
64
0
0
0
0
0
80
161
64
0
0
0
0
0
54
182
64
0
0
0
0
0
192
81
64
0
0
0
0
0
157
180
64
0
0
0
0
0
48
160
192
0
0
0
0
0
254
175
64
0
0
0
0
0
116
174
192
0
0
0
0
0
30
162
64
0
0
0
0
0
24
180
192
0
0
0
0
0
0
106
64
0
0
0
0
0
0
182
192
0
0
0
0
0
44
158
192
0
0
0
0
0
174
180
192
0
0
0
0
0
152
173
192
0
0
0
0
0
84
176
192
0
0
0
0
0
231
179
192
0
0
0
0
0
32
163
192
0
0
0
0
0
26
182
192
0
0
0
0
0
192
117
192
0
0
0
0
0
14
181
192
0
0
0
0
0
100
156
64
0
0
0
0
0
226
176
192
0
0
0
0
0
30
173
64
0
0
0
0
0
92
164
192
0
0
0
0
0
233
179
64
0
0
0
0
0
224
126
192
0
0
0
0
0
87
182
64
0
0
0
0
0
152
154
64
0
0
0
0
0
117
181
64
0
0
0
0
0
134
172
64
0
0
0
0
0
99
177
64
0
0
0
0
0
197
179
64
0
0
0
0
0
118
165
64
0
0
0
0
0
88
182
64
0
0
0
0
0
224
131
64
0
0
0
0
0
155
181
64
0
0
0
0
0
116
152
192
0
0
0
0
0
174
177
64
0
0
0
0
0
146
171
192
0
0
0
0
0
80
166
64
0
0
0
0
0
101
179
192
0
0
0
0
0
32
136
64
0
0
0
0
0
31
182
192
0
0
0
0
0
36
150
192
0
0
0
0
0
147
181
192
0
0
0
0
0
114
170
192
0
0
0
0
0
218
177
192
0
0
0
0
0
236
178
192
0
0
0
0
0
8
167
192
0
0
0
0
0
201
181
192
0
0
0
0
0
40
140
192
0
0
0
0
0
105
181
192
0
0
0
0
0
184
147
64
0
0
0
0
0
224
177
192
0
0
0
0
0
36
169
64
0
0
0
0
0
124
167
192
0
0
0
0
0
67
178
64
0
0
0
0
0
176
143
192
0
0
0
0
0
46
181
64
0
0
0
0
0
28
145
64
0
0
0
0
0
237
180
64
0
0
0
0
0
124
167
64
0
0
0
0
0
154
177
64
0
0
0
0
0
87
177
64
0
0
0
0
0
134
167
64
0
0
0
0
0
74
180
64
0
0
0
0
0
64
145
64
0
0
0
0
0
58
180
64
0
0
0
0
0
248
140
192
0
0
0
0
0
57
177
64
0
0
0
0
0
198
165
192
0
0
0
0
0
134
167
64
0
0
0
0
0
117
176
192
0
0
0
0
0
168
146
64
0
0
0
0
0
145
179
192
0
0
0
0
0
96
136
192
0
0
0
0
0
204
179
192
0
0
0
0
0
132
164
192
0
0
0
0
0
37
177
192
0
0
0
0
0
226
175
192
0
0
0
0
0
254
167
192
0
0
0
0
0
71
179
192
0
0
0
0
0
100
148
192
0
0
0
0
0
197
179
192
0
0
0
0
0
96
132
64
0
0
0
0
0
88
177
192
0
0
0
0
0
158
163
64
0
0
0
0
0
180
168
192
0
0
0
0
0
54
175
64
0
0
0
0
0
48
150
192
0
0
0
0
0
18
179
64
0
0
0
0
0
96
128
64
0
0
0
0
0
176
179
64
0
0
0
0
0
142
162
64
0
0
0
0
0
98
177
64
0
0
0
0
0
32
174
64
0
0
0
0
0
16
169
64
0
0
0
0
0
141
178
64
0
0
0
0
0
144
151
64
0
0
0
0
0
68
179
64
0
0
0
0
0
112
120
192
0
0
0
0
0
36
177
64
0
0
0
0
0
60
161
192
0
0
0
0
0
20
169
64
0
0
0
0
0
174
172
192
0
0
0
0
0
172
152
64
0
0
0
0
0
0
0
0
0
0
0
0
0
0
0
0
0
0
0
0
0
0
0
0
0
0
0
0
0
0
0
0
0
0
0
0
0
0
0
0
0
0
0
0
0
0
0
0
0
0
0
0
0
0
0
0
0
0
0
0
0
0
0
0
0
0
0
0
0
0
0
0
0
0
0
0
0
0
0
0
0
0
0
0
0
0
0
0
0
0
0
0
0
0
0
0
0
0
0
0
0
0
0
0
0
0
0
0
0
0
0
0
0
0
0
0
0
0
0
0
0
0
0
0
0
0
0
0
0
0
0
0
0
0
0
0
0
0
0
0
0
0
0
0
0
0
0
0
0
0
0
0
0
0
0
0
0
0
0
0
0
0
0
0
0
0
0
0
0
0
0
0
0
0
0
0
0
0
0
0
0
0
0
0
0
0
0
0
0
0
0
0
0
0
0
0
0
0
0
0
0
0
0
0
0
0
0
0
0
0
0
0
0
0
0
0
0
0
0
0
0
0
0
0
0
0
0
0
0
0
0
0
0
0
0
0
0
0
0
0
0
0
0
0
0
0
0
0
0
0
0
0
0
0
0
0
0
0
0
0
0
0
0
0
0
0
0
0
0
0
0
0
0
0
0
0
0
0
0
0
0
0
0
0
0
0
0
0
0
0
0
0
0
0
0
0
0
0
0
0
0
0
0
0
0
0
0
0
0
0
0
0
0
0
0
0
0
0
0
0
0
0
0
0
0
0
0
0
0
0
0
0
0
0
0
0
0
0
0
0
0
0
0
0
0
0
0
0
0
0
0
0
0
0
0
0
0
0
0
0
0
0
0
0
0
0
0
0
0
0
0
0
0
0
0
0
0
0
0
0
0
0
0
0
0
0
0
0
0
0
0
0
0
0
0
0
0
0
0
0
0
0
0
0
0
0
0
0
0
0
0
0
0
0
0
0
0
0
0
0
0
0
0
0
0
0
0
0
0
0
0
0
0
0
0
0
0
0
0
0
0
0
0
0
0
0
0
0
0
0
0
0
0
0
0
0
0
0
0
0
0
0
0
0
0
0
0
0
0
0
0
0
0
0
0
0
0
0
0
0
0
0
0
0
0
0
0
0
0
0
0
0
0
0
0
0
0
0
0
0
0
0
0
0
0
0
0
0
0
0
0
0
0
0
0
0
0
0
0
0
0
0
0
0
0
0
0
0
0
0
0
0
0
0
0
0
0
0
0
0
0
0
0
0
0
0
0
0
0
0
0
0
0
0
0
0
0
0
0
0
0
0
0
0
0
0
0
0
0
0
0
0
0
0
0
0
0
0
0
0
0
0
0
0
0
0
0
0
0
0
0
0
0
0
0
0
0
0
0
0
0
0
0
0
0
0
0
0
0
0
0
0
0
0
0
0
0
0
0
0
0
0
0
0
0
0
0
0
0
0
0
0
0
0
0
0
0
0
0
0
0
0
0
0
0
0
0
0
0
0
0
0
0
0
0
0
0
0
0
0
0
0
0
0
0
0
0
0
0
0
0
0
0
0
0
0
0
0
0
0
0
0
0
0
0
0
0
0
0
0
0
0
0
0
0
0
0
0
0
0
0
0
0
0
0
0
0
0
0
0
0
0
0
0
0
0
0
0
0
0
0
0
0
0
0
0
0
0
0
0
0
0
0
0
0
0
0
0
0
0
0
0
0
0
0
0
0
0
0
0
0
0
0
0
0
0
0
0
0
0
0
0
0
0
0
0
0
0
0
0
0
0
0
0
0
0
0
0
0
0
0
0
0
0
0
0
0
0
0
0
0
0
0
0
0
0
0
0
0
0
0
0
0
0
0
0
0
0
0
0
0
0
0
0
0
0
0
0
0
0
0
0
0
0
0
0
0
0
0
0
0
0
0
0
0
0
0
0
0
0
0
0
0
0
0
0
0
0
0
0
0
0
0
0
0
0
0
0
0
0
0
0
0
0
0
0
0
0
0
0
0
0
0
0
0
0
0
0
0
0
0
0
0
0
0
0
0
0
0
0
0
0
0
0
0
0
0
0
0
0
0
0
0
0
0
0
0
0
0
0
0
0
0
0
0
0
0
0
0
0
0
0
0
0
0
0
0
0
0
0
0
0
0
0
0
0
0
0
0
0
0
0
0
0
0
0
0
0
0
0
0
0
0
0
0
0
0
0
0
0
0
0
0
0
0
0
0
0
0
0
0
0
0
0
0
0
0
0
0
0
0
0
0
0
0
0
0
0
0
0
0
0
0
0
0
0
0
0
0
0
0
0
0
0
0
0
0
0
0
0
0
0
0
0
0
0
0
0
0
0
0
0
0
0
0
0
0
0
0
0
0
0
0
0
0
0
0
0
0
0
0
0
0
0
0
0
0
0
0
0
0
0
0
0
0
0
0
0
0
0
0
0
0
0
0
0
0
0
0
0
0
0
0
0
0
0
0
0
0
0
0
0
0
0
0
0
0
0
0
0
0
0
0
0
0
0
0
0
0
0
0
0
0
0
0
0
0
0
0
0
0
0
0
0
0
0
0
0
0
0
0
0
0
0
0
0
0
0
0
0
0
0
0
0
0
0
0
0
0
0
0
0
0
0
0
0
0
0
0
0
0
0
0
0
0
0
0
0
0
0
0
0
0
0
0
0
0
0
0
0
0
0
0
0
0
0
0
0
0
0
0
0
0
0
0
0
0
0
0
0
0
0
0
0
0
0
0
0
0
0
0
0
0
0
0
0
0
0
0
0
0
0
0
0
0
0
0
0
0
0
0
0
0
0
0
0
0