58
70
65
67
84
58
67
68
65
84
49
56
58
68
65
84
65
32
35
57
48
48
48
48
48
54
57
51
54
0
0
0
0
0
190
177
64
0
0
0
0
0
212
157
64
0
0
0
0
0
249
176
64
0
0
0
0
0
234
162
64
0
0
0
0
0
230
175
64
0
0
0
0
0
162
166
64
0
0
0
0
0
98
173
64
0
0
0
0
0
6
170
64
0
0
0
0
0
114
170
64
0
0
0
0
0
8
173
64
0
0
0
0
0
28
167
64
0
0
0
0
0
156
175
64
0
0
0
0
0
112
163
64
0
0
0
0
0
222
176
64
0
0
0
0
0
244
158
64
0
0
0
0
0
174
177
64
0
0
0
0
0
148
150
64
0
0
0
0
0
60
178
64
0
0
0
0
0
184
139
64
0
0
0
0
0
133
178
64
0
0
0
0
0
208
115
64
0
0
0
0
0
136
178
64
0
0
0
0
0
48
112
192
0
0
0
0
0
70
178
64
0
0
0
0
0
240
137
192
0
0
0
0
0
191
177
64
0
0
0
0
0
184
149
192
0
0
0
0
0
246
176
64
0
0
0
0
0
36
158
192
0
0
0
0
0
218
175
64
0
0
0
0
0
16
163
192
0
0
0
0
0
82
173
64
0
0
0
0
0
198
166
192
0
0
0
0
0
90
170
64
0
0
0
0
0
40
170
192
0
0
0
0
0
2
167
64
0
0
0
0
0
42
173
192
0
0
0
0
0
82
163
64
0
0
0
0
0
192
175
192
0
0
0
0
0
180
158
64
0
0
0
0
0
240
176
192
0
0
0
0
0
80
150
64
0
0
0
0
0
193
177
192
0
0
0
0
0
40
139
64
0
0
0
0
0
81
178
192
0
0
0
0
0
128
114
64
0
0
0
0
0
157
178
192
0
0
0
0
0
160
113
192
0
0
0
0
0
163
178
192
0
0
0
0
0
208
138
192
0
0
0
0
0
99
178
192
0
0
0
0
0
56
150
192
0
0
0
0
0
222
177
192
0
0
0
0
0
188
158
192
0
0
0
0
0
22
177
192
0
0
0
0
0
102
163
192
0
0
0
0
0
12
176
192
0
0
0
0
0
42
167
192
0
0
0
0
0
138
173
192
0
0
0
0
0
150
170
192
0
0
0
0
0
140
170
192
0
0
0
0
0
158
173
192
0
0
0
0
0
38
167
192
0
0
0
0
0
28
176
192
0
0
0
0
0
106
163
192
0
0
0
0
0
44
177
192
0
0
0
0
0
196
158
192
0
0
0
0
0
252
177
192
0
0
0
0
0
60
150
192
0
0
0
0
0
136
178
192
0
0
0
0
0
192
138
192
0
0
0
0
0
206
178
192
0
0
0
0
0
64
113
192
0
0
0
0
0
206
178
192
0
0
0
0
0
64
115
64
0
0
0
0
0
135
178
192
0
0
0
0
0
192
139
64
0
0
0
0
0
251
177
192
0
0
0
0
0
192
150
64
0
0
0
0
0
43
177
192
0
0
0
0
0
72
159
64
0
0
0
0
0
27
176
192
0
0
0
0
0
176
163
64
0
0
0
0
0
158
173
192
0
0
0
0
0
114
167
64
0
0
0
0
0
148
170
192
0
0
0
0
0
222
170
64
0
0
0
0
0
38
167
192
0
0
0
0
0
228
173
64
0
0
0
0
0
96
163
192
0
0
0
0
0
62
176
64
0
0
0
0
0
160
158
192
0
0
0
0
0
77
177
64
0
0
0
0
0
8
150
192
0
0
0
0
0
26
178
64
0
0
0
0
0
64
138
192
0
0
0
0
0
164
178
64
0
0
0
0
0
0
112
192
0
0
0
0
0
230
178
64
0
0
0
0
0
176
116
64
0
0
0
0
0
225
178
64
0
0
0
0
0
136
140
64
0
0
0
0
0
149
178
64
0
0
0
0
0
40
151
64
0
0
0
0
0
2
178
64
0
0
0
0
0
180
159
64
0
0
0
0
0
43
177
64
0
0
0
0
0
226
163
64
0
0
0
0
0
19
176
64
0
0
0
0
0
158
167
64
0
0
0
0
0
124
173
64
0
0
0
0
0
0
171
64
0
0
0
0
0
102
170
64
0
0
0
0
0
250
173
64
0
0
0
0
0
236
166
64
0
0
0
0
0
66
176
64
0
0
0
0
0
30
163
64
0
0
0
0
0
73
177
64
0
0
0
0
0
20
158
64
0
0
0
0
0
16
178
64
0
0
0
0
0
124
149
64
0
0
0
0
0
147
178
64
0
0
0
0
0
48
137
64
0
0
0
0
0
209
178
64
0
0
0
0
0
64
108
64
0
0
0
0
0
200
178
64
0
0
0
0
0
80
118
192
0
0
0
0
0
122
178
64
0
0
0
0
0
48
141
192
0
0
0
0
0
231
177
64
0
0
0
0
0
104
151
192
0
0
0
0
0
18
177
64
0
0
0
0
0
224
159
192
0
0
0
0
0
248
175
64
0
0
0
0
0
242
163
192
0
0
0
0
0
88
173
64
0
0
0
0
0
170
167
192
0
0
0
0
0
72
170
64
0
0
0
0
0
10
171
192
0
0
0
0
0
212
166
64
0
0
0
0
0
8
174
192
0
0
0
0
0
10
163
64
0
0
0
0
0
74
176
192
0
0
0
0
0
240
157
64
0
0
0
0
0
84
177
192
0
0
0
0
0
88
149
64
0
0
0
0
0
30
178
192
0
0
0
0
0
216
136
64
0
0
0
0
0
163
178
192
0
0
0
0
0
128
106
64
0
0
0
0
0
227
178
192
0
0
0
0
0
112
119
192
0
0
0
0
0
219
178
192
0
0
0
0
0
232
141
192
0
0
0
0
0
141
178
192
0
0
0
0
0
212
151
192
0
0
0
0
0
249
177
192
0
0
0
0
0
48
160
192
0
0
0
0
0
34
177
192
0
0
0
0
0
56
164
192
0
0
0
0
0
9
176
192
0
0
0
0
0
246
167
192
0
0
0
0
0
104
173
192
0
0
0
0
0
90
171
192
0
0
0
0
0
80
170
192
0
0
0
0
0
90
174
192
0
0
0
0
0
212
166
192
0
0
0
0
0
115
176
192
0
0
0
0
0
2
163
192
0
0
0
0
0
125
177
192
0
0
0
0
0
208
157
192
0
0
0
0
0
69
178
192
0
0
0
0
0
44
149
192
0
0
0
0
0
201
178
192
0
0
0
0
0
104
136
192
0
0
0
0
0
8
179
192
0
0
0
0
0
96
104
192
0
0
0
0
0
255
178
192
0
0
0
0
0
176
120
64
0
0
0
0
0
175
178
192
0
0
0
0
0
168
142
64
0
0
0
0
0
25
178
192
0
0
0
0
0
68
152
64
0
0
0
0
0
63
177
192
0
0
0
0
0
112
160
64
0
0
0
0
0
35
176
192
0
0
0
0
0
128
164
64
0
0
0
0
0
148
173
192
0
0
0
0
0
70
168
64
0
0
0
0
0
114
170
192
0
0
0
0
0
178
171
64
0
0
0
0
0
232
166
192
0
0
0
0
0
182
174
64
0
0
0
0
0
8
163
192
0
0
0
0
0
162
176
64
0
0
0
0
0
188
157
192
0
0
0
0
0
171
177
64
0
0
0
0
0
248
148
192
0
0
0
0
0
111
178
64
0
0
0
0
0
200
135
192
0
0
0
0
0
238
178
64
0
0
0
0
0
64
101
192
0
0
0
0
0
36
179
64
0
0
0
0
0
112
122
64
0
0
0
0
0
16
179
64
0
0
0
0
0
136
143
64
0
0
0
0
0
180
178
64
0
0
0
0
0
168
152
64
0
0
0
0
0
17
178
64
0
0
0
0
0
148
160
64
0
0
0
0
0
42
177
64
0
0
0
0
0
146
164
64
0
0
0
0
0
3
176
64
0
0
0
0
0
62
168
64
0
0
0
0
0
64
173
64
0
0
0
0
0
140
171
64
0
0
0
0
0
16
170
64
0
0
0
0
0
114
174
64
0
0
0
0
0
130
166
64
0
0
0
0
0
113
176
64
0
0
0
0
0
162
162
64
0
0
0
0
0
107
177
64
0
0
0
0
0
252
156
64
0
0
0
0
0
35
178
64
0
0
0
0
0
84
148
64
0
0
0
0
0
150
178
64
0
0
0
0
0
200
134
64
0
0
0
0
0
196
178
64
0
0
0
0
0
128
98
64
0
0
0
0
0
172
178
64
0
0
0
0
0
32
123
192
0
0
0
0
0
78
178
64
0
0
0
0
0
128
143
192
0
0
0
0
0
172
177
64
0
0
0
0
0
116
152
192
0
0
0
0
0
200
176
64
0
0
0
0
0
100
160
192
0
0
0
0
0
76
175
64
0
0
0
0
0
78
164
192
0
0
0
0
0
150
172
64
0
0
0
0
0
234
167
192
0
0
0
0
0
116
169
64
0
0
0
0
0
44
171
192
0
0
0
0
0
248
165
64
0
0
0
0
0
4
174
192
0
0
0
0
0
42
162
64
0
0
0
0
0
55
176
192
0
0
0
0
0
52
156
64
0
0
0
0
0
46
177
192
0
0
0
0
0
176
147
64
0
0
0
0
0
229
177
192
0
0
0
0
0
200
133
64
0
0
0
0
0
89
178
192
0
0
0
0
0
64
95
64
0
0
0
0
0
136
178
192
0
0
0
0
0
16
124
192
0
0
0
0
0
115
178
192
0
0
0
0
0
184
143
192
0
0
0
0
0
24
178
192
0
0
0
0
0
124
152
192
0
0
0
0
0
122
177
192
0
0
0
0
0
96
160
192
0
0
0
0
0
155
176
192
0
0
0
0
0
68
164
192
0
0
0
0
0
252
174
192
0
0
0
0
0
218
167
192
0
0
0
0
0
78
172
192
0
0
0
0
0
24
171
192
0
0
0
0
0
52
169
192
0
0
0
0
0
240
173
192
0
0
0
0
0
190
165
192
0
0
0
0
0
43
176
192
0
0
0
0
0
244
161
192
0
0
0
0
0
33
177
192
0
0
0
0
0
208
155
192
0
0
0
0
0
215
177
192
0
0
0
0
0
80
147
192
0
0
0
0
0
72
178
192
0
0
0
0
0
16
133
192
0
0
0
0
0
117
178
192
0
0
0
0
0
192
89
192
0
0
0
0
0
91
178
192
0
0
0
0
0
80
125
64
0
0
0
0
0
251
177
192
0
0
0
0
0
36
144
64
0
0
0
0
0
88
177
192
0
0
0
0
0
176
152
64
0
0
0
0
0
115
176
192
0
0
0
0
0
110
160
64
0
0
0
0
0
160
174
192
0
0
0
0
0
66
164
64
0
0
0
0
0
232
171
192
0
0
0
0
0
198
167
64
0
0
0
0
0
202
168
192
0
0
0
0
0
236
170
64
0
0
0
0
0
80
165
192
0
0
0
0
0
172
173
64
0
0
0
0
0
138
161
192
0
0
0
0
0
248
175
64
0
0
0
0
0
12
155
192
0
0
0
0
0
229
176
64
0
0
0
0
0
168
146
192
0
0
0
0
0
141
177
64
0
0
0
0
0
16
132
192
0
0
0
0
0
244
177
64
0
0
0
0
0
128
84
192
0
0
0
0
0
22
178
64
0
0
0
0
0
192
125
64
0
0
0
0
0
245
177
64
0
0
0
0
0
4
144
64
0
0
0
0
0
145
177
64
0
0
0
0
0
84
152
64
0
0
0
0
0
235
176
64
0
0
0
0
0
30
160
64
0
0
0
0
0
7
176
64
0
0
0
0
0
212
163
64
0
0
0
0
0
208
173
64
0
0
0
0
0
58
167
64
0
0
0
0
0
34
171
64
0
0
0
0
0
70
170
64
0
0
0
0
0
18
168
64
0
0
0
0
0
234
172
64
0
0
0
0
0
172
164
64
0
0
0
0
0
32
175
64
0
0
0
0
0
250
160
64
0
0
0
0
0
110
176
64
0
0
0
0
0
28
154
64
0
0
0
0
0
13
177
64
0
0
0
0
0
232
145
64
0
0
0
0
0
107
177
64
0
0
0
0
0
248
130
64
0
0
0
0
0
134
177
64
0
0
0
0
0
0
79
64
0
0
0
0
0
95
177
64
0
0
0
0
0
16
126
192
0
0
0
0
0
247
176
64
0
0
0
0
0
176
143
192
0
0
0
0
0
79
176
64
0
0
0
0
0
224
151
192
0
0
0
0
0
214
174
64
0
0
0
0
0
132
159
192
0
0
0
0
0
156
172
64
0
0
0
0
0
82
163
192
0
0
0
0
0
252
169
64
0
0
0
0
0
146
166
192
0
0
0
0
0
254
166
64
0
0
0
0
0
122
169
192
0
0
0
0
0
174
163
64
0
0
0
0
0
252
171
192
0
0
0
0
0
26
160
64
0
0
0
0
0
18
174
192
0
0
0
0
0
164
152
64
0
0
0
0
0
180
175
192
0
0
0
0
0
192
144
64
0
0
0
0
0
112
176
192
0
0
0
0
0
88
129
64
0
0
0
0
0
199
176
192
0
0
0
0
0
0
64
64
0
0
0
0
0
225
176
192
0
0
0
0
0
144
126
192
0
0
0
0
0
188
176
192
0
0
0
0
0
72
143
192
0
0
0
0
0
89
176
192
0
0
0
0
0
96
151
192
0
0
0
0
0
116
175
192
0
0
0
0
0
196
158
192
0
0
0
0
0
196
173
192
0
0
0
0
0
216
162
192
0
0
0
0
0
168
171
192
0
0
0
0
0
8
166
192
0
0
0
0
0
38
169
192
0
0
0
0
0
226
168
192
0
0
0
0
0
70
166
192
0
0
0
0
0
96
171
192
0
0
0
0
0
22
163
192
0
0
0
0
0
120
173
192
0
0
0
0
0
64
159
192
0
0
0
0
0
32
175
192
0
0
0
0
0
224
151
192
0
0
0
0
0
41
176
192
0
0
0
0
0
44
144
192
0
0
0
0
0
134
176
192
0
0
0
0
0
112
128
192
0
0
0
0
0
164
176
192
0
0
0
0
0
0
38
192
0
0
0
0
0
131
176
192
0
0
0
0
0
128
127
64
0
0
0
0
0
36
176
192
0
0
0
0
0
144
143
64
0
0
0
0
0
16
175
192
0
0
0
0
0
116
151
64
0
0
0
0
0
100
173
192
0
0
0
0
0
192
158
64
0
0
0
0
0
74
171
192
0
0
0
0
0
204
162
64
0
0
0
0
0
204
168
192
0
0
0
0
0
238
165
64
0
0
0
0
0
240
165
192
0
0
0
0
0
188
168
64
0
0
0
0
0
196
162
192
0
0
0
0
0
42
171
64
0
0
0
0
0
168
158
192
0
0
0
0
0
50
173
64
0
0
0
0
0
88
151
192
0
0
0
0
0
204
174
64
0
0
0
0
0
104
143
192
0
0
0
0
0
240
175
64
0
0
0
0
0
112
127
192
0
0
0
0
0
78
176
64
0
0
0
0
0
0
24
64
0
0
0
0
0
102
176
64
0
0
0
0
0
8
128
64
0
0
0
0
0
65
176
64
0
0
0
0
0
152
143
64
0
0
0
0
0
188
175
64
0
0
0
0
0
84
151
64
0
0
0
0
0
128
174
64
0
0
0
0
0
128
158
64
0
0
0
0
0
210
172
64
0
0
0
0
0
152
162
64
0
0
0
0
0
184
170
64
0
0
0
0
0
166
165
64
0
0
0
0
0
58
168
64
0
0
0
0
0
96
168
64
0
0
0
0
0
100
165
64
0
0
0
0
0
186
170
64
0
0
0
0
0
64
162
64
0
0
0
0
0
174
172
64
0
0
0
0
0
180
157
64
0
0
0
0
0
48
174
64
0
0
0
0
0
128
150
64
0
0
0
0
0
64
175
64
0
0
0
0
0
0
142
64
0
0
0
0
0
218
175
64
0
0
0
0
0
64
125
64
0
0
0
0
0
250
175
64
0
0
0
0
0
0
60
192
0
0
0
0
0
162
175
64
0
0
0
0
0
72
128
192
0
0
0
0
0
212
174
64
0
0
0
0
0
88
143
192
0
0
0
0
0
150
173
64
0
0
0
0
0
244
150
192
0
0
0
0
0
234
171
64
0
0
0
0
0
216
157
192
0
0
0
0
0
216
169
64
0
0
0
0
0
36
162
192
0
0
0
0
0
106
167
64
0
0
0
0
0
22
165
192
0
0
0
0
0
166
164
64
0
0
0
0
0
182
167
192
0
0
0
0
0
154
161
64
0
0
0
0
0
252
169
192
0
0
0
0
0
156
156
64
0
0
0
0
0
222
171
192
0
0
0
0
0
160
149
64
0
0
0
0
0
88
173
192
0
0
0
0
0
184
140
64
0
0
0
0
0
100
174
192
0
0
0
0
0
144
123
64
0
0
0
0
0
252
174
192
0
0
0
0
0
0
69
192
0
0
0
0
0
32
175
192
0
0
0
0
0
80
128
192
0
0
0
0
0
208
174
192
0
0
0
0
0
16
143
192
0
0
0
0
0
10
174
192
0
0
0
0
0
168
150
192
0
0
0
0
0
214
172
192
0
0
0
0
0
104
157
192
0
0
0
0
0
54
171
192
0
0
0
0
0
220
161
192
0
0
0
0
0
48
169
192
0
0
0
0
0
190
164
192
0
0
0
0
0
204
166
192
0
0
0
0
0
78
167
192
0
0
0
0
0
22
164
192
0
0
0
0
0
134
169
192
0
0
0
0
0
22
161
192
0
0
0
0
0
90
171
192
0
0
0
0
0
180
155
192
0
0
0
0
0
200
172
192
0
0
0
0
0
216
148
192
0
0
0
0
0
202
173
192
0
0
0
0
0
104
139
192
0
0
0
0
0
90
174
192
0
0
0
0
0
144
121
192
0
0
0
0
0
122
174
192
0
0
0
0
0
0
80
64
0
0
0
0
0
40
174
192
0
0
0
0
0
176
128
64
0
0
0
0
0
104
173
192
0
0
0
0
0
32
143
64
0
0
0
0
0
56
172
192
0
0
0
0
0
136
150
64
0
0
0
0
0
160
170
192
0
0
0
0
0
40
157
64
0
0
0
0
0
166
168
192
0
0
0
0
0
172
161
64
0
0
0
0
0
80
166
192
0
0
0
0
0
126
164
64
0
0
0
0
0
166
163
192
0
0
0
0
0
2
167
64
0
0
0
0
0
178
160
192
0
0
0
0
0
46
169
64
0
0
0
0
0
8
155
192
0
0
0
0
0
248
170
64
0
0
0
0
0
72
148
192
0
0
0
0
0
88
172
64
0
0
0
0
0
128
138
192
0
0
0
0
0
76
173
64
0
0
0
0
0
64
120
192
0
0
0
0
0
208
173
64
0
0
0
0
0
0
83
64
0
0
0
0
0
224
173
64
0
0
0
0
0
192
128
64
0
0
0
0
0
128
173
64
0
0
0
0
0
208
142
64
0
0
0
0
0
176
172
64
0
0
0
0
0
36
150
64
0
0
0
0
0
116
171
64
0
0
0
0
0
136
156
64
0
0
0
0
0
212
169
64
0
0
0
0
0
58
161
64
0
0
0
0
0
214
167
64
0
0
0
0
0
234
163
64
0
0
0
0
0
130
165
64
0
0
0
0
0
76
166
64
0
0
0
0
0
228
162
64
0
0
0
0
0
88
168
64
0
0
0
0
0
2
160
64
0
0
0
0
0
8
170
64
0
0
0
0
0
212
153
64
0
0
0
0
0
84
171
64
0
0
0
0
0
76
147
64
0
0
0
0
0
56
172
64
0
0
0
0
0
8
137
64
0
0
0
0
0
180
172
64
0
0
0
0
0
96
118
64
0
0
0
0
0
198
172
64
0
0
0
0
0
0
86
192
0
0
0
0
0
108
172
64
0
0
0
0
0
160
128
192
0
0
0
0
0
170
171
64
0
0
0
0
0
48
142
192
0
0
0
0
0
130
170
64
0
0
0
0
0
160
149
192
0
0
0
0
0
248
168
64
0
0
0
0
0
212
155
192
0
0
0
0
0
20
167
64
0
0
0
0
0
206
160
192
0
0
0
0
0
218
164
64
0
0
0
0
0
114
163
192
0
0
0
0
0
86
162
64
0
0
0
0
0
204
165
192
0
0
0
0
0
28
159
64
0
0
0
0
0
212
167
192
0
0
0
0
0
24
153
64
0
0
0
0
0
130
169
192
0
0
0
0
0
188
146
64
0
0
0
0
0
210
170
192
0
0
0
0
0
56
136
64
0
0
0
0
0
188
171
192
0
0
0
0
0
64
117
64
0
0
0
0
0
62
172
192
0
0
0
0
0
0
89
192
0
0
0
0
0
88
172
192
0
0
0
0
0
200
128
192
0
0
0
0
0
6
172
192
0
0
0
0
0
56
142
192
0
0
0
0
0
74
171
192
0
0
0
0
0
152
149
192
0
0
0
0
0
42
170
192
0
0
0
0
0
196
155
192
0
0
0
0
0
166
168
192
0
0
0
0
0
194
160
192
0
0
0
0
0
198
166
192
0
0
0
0
0
98
163
192
0
0
0
0
0
144
164
192
0
0
0
0
0
184
165
192
0
0
0
0
0
14
162
192
0
0
0
0
0
188
167
192
0
0
0
0
0
144
158
192
0
0
0
0
0
104
169
192
0
0
0
0
0
148
152
192
0
0
0
0
0
178
170
192
0
0
0
0
0
60
146
192
0
0
0
0
0
154
171
192
0
0
0
0
0
72
135
192
0
0
0
0
0
24
172
192
0
0
0
0
0
144
115
192
0
0
0
0
0
48
172
192
0
0
0
0
0
0
95
64
0
0
0
0
0
222
171
192
0
0
0
0
0
120
129
64
0
0
0
0
0
36
171
192
0
0
0
0
0
200
142
64
0
0
0
0
0
4
170
192
0
0
0
0
0
208
149
64
0
0
0
0
0
130
168
192
0
0
0
0
0
236
155
64
0
0
0
0
0
164
166
192
0
0
0
0
0
208
160
64
0
0
0
0
0
112
164
192
0
0
0
0
0
106
163
64
0
0
0
0
0
240
161
192
0
0
0
0
0
184
165
64
0
0
0
0
0
88
158
192
0
0
0
0
0
180
167
64
0
0
0
0
0
92
152
192
0
0
0
0
0
84
169
64
0
0
0
0
0
8
146
192
0
0
0
0
0
146
170
64
0
0
0
0
0
224
134
192
0
0
0
0
0
104
171
64
0
0
0
0
0
208
114
192
0
0
0
0
0
212
171
64
0
0
0
0
0
128
96
64
0
0
0
0
0
214
171
64
0
0
0
0
0
144
129
64
0
0
0
0
0
110
171
64
0
0
0
0
0
160
142
64
0
0
0
0
0
156
170
64
0
0
0
0
0
148
149
64
0
0
0
0
0
104
169
64
0
0
0
0
0
128
155
64
0
0
0
0
0
214
167
64
0
0
0
0
0
122
160
64
0
0
0
0
0
238
165
64
0
0
0
0
0
244
162
64
0
0
0
0
0
184
163
64
0
0
0
0
0
36
165
64
0
0
0
0
0
62
161
64
0
0
0
0
0
2
167
64
0
0
0
0
0
16
157
64
0
0
0
0
0
136
168
64
0
0
0
0
0
68
151
64
0
0
0
0
0
180
169
64
0
0
0
0
0
40
145
64
0
0
0
0
0
128
170
64
0
0
0
0
0
168
133
64
0
0
0
0
0
234
170
64
0
0
0
0
0
128
113
64
0
0
0
0
0
238
170
64
0
0
0
0
0
0
97
192
0
0
0
0
0
144
170
64
0
0
0
0
0
40
129
192
0
0
0
0
0
208
169
64
0
0
0
0
0
200
141
192
0
0
0
0
0
174
168
64
0
0
0
0
0
248
148
192
0
0
0
0
0
48
167
64
0
0
0
0
0
188
154
192
0
0
0
0
0
90
165
64
0
0
0
0
0
10
160
192
0
0
0
0
0
54
163
64
0
0
0
0
0
122
162
192
0
0
0
0
0
200
160
64
0
0
0
0
0
160
164
192
0
0
0
0
0
64
156
64
0
0
0
0
0
118
166
192
0
0
0
0
0
136
150
64
0
0
0
0
0
246
167
192
0
0
0
0
0
128
144
64
0
0
0
0
0
26
169
192
0
0
0
0
0
136
132
64
0
0
0
0
0
224
169
192
0
0
0
0
0
32
111
64
0
0
0
0
0
68
170
192
0
0
0
0
0
0
100
192
0
0
0
0
0
72
170
192
0
0
0
0
0
168
129
192
0
0
0
0
0
234
169
192
0
0
0
0
0
0
142
192
0
0
0
0
0
48
169
192
0
0
0
0
0
248
148
192
0
0
0
0
0
26
168
192
0
0
0
0
0
156
154
192
0
0
0
0
0
174
166
192
0
0
0
0
0
228
159
192
0
0
0
0
0
238
164
192
0
0
0
0
0
92
162
192
0
0
0
0
0
226
162
192
0
0
0
0
0
130
164
192
0
0
0
0
0
144
160
192
0
0
0
0
0
94
166
192
0
0
0
0
0
252
155
192
0
0
0
0
0
234
167
192
0
0
0
0
0
104
150
192
0
0
0
0
0
26
169
192
0
0
0
0
0
124
144
192
0
0
0
0
0
238
169
192
0
0
0
0
0
152
132
192
0
0
0
0
0
92
170
192
0
0
0
0
0
128
111
192
0
0
0
0
0
102
170
192
0
0
0
0
0
0
100
64
0
0
0
0
0
6
170
192
0
0
0
0
0
216
129
64
0
0
0
0
0
66
169
192
0
0
0
0
0
96
142
64
0
0
0
0
0
28
168
192
0
0
0
0
0
56
149
64
0
0
0
0
0
152
166
192
0
0
0
0
0
232
154
64
0
0
0
0
0
190
164
192
0
0
0
0
0
22
160
64
0
0
0
0
0
150
162
192
0
0
0
0
0
116
162
64
0
0
0
0
0
42
160
192
0
0
0
0
0
136
164
64
0
0
0
0
0
12
155
192
0
0
0
0
0
72
166
64
0
0
0
0
0
108
149
192
0
0
0
0
0
174
167
64
0
0
0
0
0
16
143
192
0
0
0
0
0
186
168
64
0
0
0
0
0
248
130
192
0
0
0
0
0
104
169
64
0
0
0
0
0
160
106
192
0
0
0
0
0
182
169
64
0
0
0
0
0
128
102
64
0
0
0
0
0
168
169
64
0
0
0
0
0
200
129
64
0
0
0
0
0
60
169
64
0
0
0
0
0
152
141
64
0
0
0
0
0
116
168
64
0
0
0
0
0
128
148
64
0
0
0
0
0
86
167
64
0
0
0
0
0
232
153
64
0
0
0
0
0
226
165
64
0
0
0
0
0
240
158
64
0
0
0
0
0
30
164
64
0
0
0
0
0
194
161
64
0
0
0
0
0
16
162
64
0
0
0
0
0
204
163
64
0
0
0
0
0
124
159
64
0
0
0
0
0
138
165
64
0
0
0
0
0
96
154
64
0
0
0
0
0
246
166
64
0
0
0
0
0
228
148
64
0
0
0
0
0
10
168
64
0
0
0
0
0
48
142
64
0
0
0
0
0
194
168
64
0
0
0
0
0
40
130
64
0
0
0
0
0
26
169
64
0
0
0
0
0
160
103
64
0
0
0
0
0
20
169
64
0
0
0
0
0
160
105
192
0
0
0
0
0
172
168
64
0
0
0
0
0
152
130
192
0
0
0
0
0
230
167
64
0
0
0
0
0
104
142
192
0
0
0
0
0
200
166
64
0
0
0
0
0
220
148
192
0
0
0
0
0
86
165
64
0
0
0
0
0
40
154
192
0
0
0
0
0
150
163
64
0
0
0
0
0
12
159
192
0
0
0
0
0
144
161
64
0
0
0
0
0
186
161
192
0
0
0
0
0
156
158
64
0
0
0
0
0
172
163
192
0
0
0
0
0
176
153
64
0
0
0
0
0
84
165
192
0
0
0
0
0
104
148
64
0
0
0
0
0
174
166
192
0
0
0
0
0
176
141
64
0
0
0
0
0
182
167
192
0
0
0
0
0
32
130
64
0
0
0
0
0
106
168
192
0
0
0
0
0
64
105
64
0
0
0
0
0
198
168
192
0
0
0
0
0
128
102
192
0
0
0
0
0
200
168
192
0
0
0
0
0
152
129
192
0
0
0
0
0
114
168
192
0
0
0
0
0
88
141
192
0
0
0
0
0
192
167
192
0
0
0
0
0
100
148
192
0
0
0
0
0
180
166
192
0
0
0
0
0
212
153
192
0
0
0
0
0
80
165
192
0
0
0
0
0
232
158
192
0
0
0
0
0
154
163
192
0
0
0
0
0
196
161
192
0
0
0
0
0
150
161
192
0
0
0
0
0
210
163
192
0
0
0
0
0
152
158
192
0
0
0
0
0
148
165
192
0
0
0
0
0
140
153
192
0
0
0
0
0
2
167
192
0
0
0
0
0
24
148
192
0
0
0
0
0
22
168
192
0
0
0
0
0
184
140
192
0
0
0
0
0
204
168
192
0
0
0
0
0
208
128
192
0
0
0
0
0
32
169
192
0
0
0
0
0
224
98
192
0
0
0
0
0
22
169
192
0
0
0
0
0
160
109
64
0
0
0
0
0
174
168
192
0
0
0
0
0
96
131
64
0
0
0
0
0
232
167
192
0
0
0
0
0
8
143
64
0
0
0
0
0
204
166
192
0
0
0
0
0
28
149
64
0
0
0
0
0
92
165
192
0
0
0
0
0
96
154
64
0
0
0
0
0
160
163
192
0
0
0
0
0
72
159
64
0
0
0
0
0
156
161
192
0
0
0
0
0
222
161
64
0
0
0
0
0
172
158
192
0
0
0
0
0
216
163
64
0
0
0
0
0
176
153
192
0
0
0
0
0
142
165
64
0
0
0
0
0
80
148
192
0
0
0
0
0
246
166
64
0
0
0
0
0
56
141
192
0
0
0
0
0
10
168
64
0
0
0
0
0
88
129
192
0
0
0
0
0
198
168
64
0
0
0
0
0
192
100
192
0
0
0
0
0
38
169
64
0
0
0
0
0
128
108
64
0
0
0
0
0
38
169
64
0
0
0
0
0
88
131
64
0
0
0
0
0
198
168
64
0
0
0
0
0
80
143
64
0
0
0
0
0
4
168
64
0
0
0
0
0
100
149
64
0
0
0
0
0
230
166
64
0
0
0
0
0
208
154
64
0
0
0
0
0
110
165
64
0
0
0
0
0
204
159
64
0
0
0
0
0
162
163
64
0
0
0
0
0
36
162
64
0
0
0
0
0
138
161
64
0
0
0
0
0
26
164
64
0
0
0
0
0
100
158
64
0
0
0
0
0
190
165
64
0
0
0
0
0
68
153
64
0
0
0
0
0
14
167
64
0
0
0
0
0
204
147
64
0
0
0
0
0
4
168
64
0
0
0
0
0
32
140
64
0
0
0
0
0
160
168
64
0
0
0
0
0
80
128
64
0
0
0
0
0
226
168
64
0
0
0
0
0
96
97
64
0
0
0
0
0
200
168
64
0
0
0
0
0
160
110
192
0
0
0
0
0
84
168
64
0
0
0
0
0
128
131
192
0
0
0
0
0
138
167
64
0
0
0
0
0
16
143
192
0
0
0
0
0
106
166
64
0
0
0
0
0
24
149
192
0
0
0
0
0
252
164
64
0
0
0
0
0
96
154
192
0
0
0
0
0
64
163
64
0
0
0
0
0
72
159
192
0
0
0
0
0
60
161
64
0
0
0
0
0
228
161
192
0
0
0
0
0
240
157
64
0
0
0
0
0
228
163
192
0
0
0
0
0
0
0
0
0
0
0
0
0
0
0
0
0
0
0
0
0
0
0
0
0
0
0
0
0
0
0
0
0
0
0
0
0
0
0
0
0
0
0
0
0
0
0
0
0
0
0
0
0
0
0
0
0
0
0
0
0
0
0
0
0
0
0
0
0
0
0
0
0
0
0
0
0
0
0
0
0
0
0
0
0
0
0
0
0
0
0
0
0
0
0
0
0
0
0
0
0
0
0
0
0
0
0
0
0
0
0
0
0
0
0
0
0
0
0
0
0
0
0
0
0
0
0
0
0
0
0
0
0
0
0
0
0
0
0
0
0
0
0
0
0
0
0
0
0
0
0
0
0
0
0
0
0
0
0
0
0
0
0
0
0
0
0
0
0
0
0
0
0
0
0
0
0
0
0
0
0
0
0
0
0
0
0
0
0
0
0
0
0
0
0
0
0
0
0
0
0
0
0
0
0
0
0
0
0
0
0
0
0
0
0
0
0
0
0
0
0
0
0
0
0
0
0
0
0
0
0
0
0
0
0
0
0
0
0
0
0
0
0
0
0
0
0
0
0
0
0
0
0
0
0
0
0
0
0
0
0
0
0
0
0
0
0
0
0
0
0
0
0
0
0
0
0
0
0
0
0
0
0
0
0
0
0
0
0
0
0
0
0
0
0
0
0
0
0
0
0
0
0
0
0
0
0
0
0
0
0
0
0
0
0
0
0
0
0
0
0
0
0
0
0
0
0
0
0
0
0
0
0
0
0
0
0
0
0
0
0
0
0
0
0
0
0
0
0
0
0
0
0
0
0
0
0
0
0
0
0
0
0
0
0
0
0
0
0
0
0
0
0
0
0
0
0
0
0
0
0
0
0
0
0
0
0
0
0
0
0
0
0
0
0
0
0
0
0
0
0
0
0
0
0
0
0
0
0
0
0
0
0
0
0
0
0
0
0
0
0
0
0
0
0
0
0
0
0
0
0
0
0
0
0
0
0
0
0
0
0
0
0
0
0
0
0
0
0
0
0
0
0
0
0
0
0
0
0
0
0
0
0
0
0
0
0
0
0
0
0
0
0
0
0
0
0
0
0
0
0
0
0
0
0
0
0
0
0
0
0
0
0
0
0
0
0
0
0
0
0
0
0
0
0
0
0
0
0
0
0
0
0
0
0
0
0
0
0
0
0
0
0
0
0
0
0
0
0
0
0
0
0
0
0
0
0
0
0
0
0
0
0
0
0
0
0
0
0
0
0
0
0
0
0
0
0
0
0
0
0
0
0
0
0
0
0
0
0
0
0
0
0
0
0
0
0
0
0
0
0
0
0
0
0
0
0
0
0
0
0
0
0
0
0
0
0
0
0
0
0
0
0
0
0
0
0
0
0
0
0
0
0
0
0
0
0
0
0
0
0
0
0
0
0
0
0
0
0
0
0
0
0
0
0
0
0
0
0
0
0
0
0
0
0
0
0
0
0
0
0
0
0
0
0
0
0
0
0
0
0
0
0
0
0
0
0
0
0
0
0
0
0
0
0
0
0
0
0
0
0
0
0
0
0
0
0
0
0
0
0
0
0
0
0
0
0
0
0
0
0
0
0
0
0
0
0
0
0
0
0
0
0
0
0
0
0
0
0
0
0
0
0
0
0
0
0
0
0
0
0
0
0
0
0
0
0
0
0
0
0
0
0
0
0
0
0
0
0
0
0
0
0
0
0
0
0
0
0
0
0
0
0
0
0
0
0
0
0
0
0
0
0
0
0
0
0
0
0
0
0
0
0
0
0
0
0
0
0
0
0
0
0
0
0
0
0
0
0
0
0
0
0
0
0
0
0
0
0
0
0
0
0
0
0
0
0
0
0
0
0
0
0
0
0
0
0
0
0
0
0
0
0
0
0
0
0
0
0
0
0
0
0
0
0
0
0
0
0
0
0
0
0
0
0
0
0
0
0
0
0
0
0
0
0
0
0
0
0
0
0
0
0
0
0
0
0
0
0
0
0
0
0
0
0
0
0
0
0
0
0
0
0
0
0
0
0
0
0
0
0
0
0
0
0
0
0
0
0
0
0
0
0
0
0
0
0
0
0
0
0
0
0
0
0
0
0
0
0
0
0
0
0
0
0
0
0
0
0
0
0
0
0
0
0
0
0
0
0
0
0
0
0
0
0
0
0
0
0
0
0
0
0
0
0
0
0
0
0
0
0
0
0
0
0
0
0
0
0
0
0
0
0
0
0
0
0
0
0
0
0
0
0
0
0
0
0
0
0
0
0
0
0
0
0
0
0
0
0
0
0
0
0
0
0
0
0
0
0
0
0
0
0
0
0
0
0
0
0
0
0
0
0
0
0
0
0
0
0
0
0
0
0
0
0
0
0
0
0
0
0
0
0
0
0
0
0
0
0
0
0
0
0
0
0
0
0
0
0
0
0
0
0
0
0
0
0
0
0
0
0
0
0
0
0
0
0
0
0
0
0
0
0
0
0
0
0
0
0
0
0
0
0
0
0
0
0
0
0
0
0
0
0
0
0
0
0
0
0
0
0
0
0
0
0
0
0
0
0
0
0
0
0
0
0
0
0
0
0
0
0
0
0
0
0
0
0
0
0
0
0
0
0
0
0
0
0
0
0
0
0
0
0
0
0
0
0
0
0
0
0
0
0
0
0
0
0
0
0
0
0
0
0
0
0
0
0
0
0
0
0
0
0
0
0
0
0
0
0
0
0
0
0
0
0
0
0
0
0
0
0
0
0
0
0
0
0
0
0
0
0
0
0
0
0
0
0