58
70
65
67
84
58
67
68
65
84
49
56
58
68
65
84
65
32
35
57
48
48
48
48
48
54
57
51
54
0
48
128
192
0
0
0
0
0
128
116
64
0
0
0
0
0
0
112
192
0
0
0
0
0
240
118
64
0
0
0
0
0
128
69
192
0
0
0
0
0
64
104
64
0
0
0
0
0
0
24
192
0
0
0
0
0
64
95
192
0
0
0
0
0
48
112
192
0
0
0
0
0
224
122
192
0
0
0
0
0
32
135
192
0
0
0
0
0
240
128
192
0
0
0
0
0
108
148
192
0
0
0
0
0
224
115
192
0
0
0
0
0
64
155
192
0
0
0
0
0
240
112
64
0
0
0
0
0
200
156
192
0
0
0
0
0
124
145
64
0
0
0
0
0
36
151
192
0
0
0
0
0
124
159
64
0
0
0
0
0
248
132
192
0
0
0
0
0
38
165
64
0
0
0
0
0
192
123
64
0
0
0
0
0
78
167
64
0
0
0
0
0
120
153
64
0
0
0
0
0
86
165
64
0
0
0
0
0
148
164
64
0
0
0
0
0
204
158
64
0
0
0
0
0
94
169
64
0
0
0
0
0
40
138
64
0
0
0
0
0
44
170
64
0
0
0
0
0
0
125
192
0
0
0
0
0
230
166
64
0
0
0
0
0
172
154
192
0
0
0
0
0
32
160
64
0
0
0
0
0
12
165
192
0
0
0
0
0
192
139
64
0
0
0
0
0
166
169
192
0
0
0
0
0
192
122
192
0
0
0
0
0
132
170
192
0
0
0
0
0
156
154
192
0
0
0
0
0
130
167
192
0
0
0
0
0
146
165
192
0
0
0
0
0
242
160
192
0
0
0
0
0
232
170
192
0
0
0
0
0
120
142
192
0
0
0
0
0
94
172
192
0
0
0
0
0
0
122
64
0
0
0
0
0
134
169
192
0
0
0
0
0
44
156
64
0
0
0
0
0
150
162
192
0
0
0
0
0
36
167
64
0
0
0
0
0
8
145
192
0
0
0
0
0
222
172
64
0
0
0
0
0
240
120
64
0
0
0
0
0
46
174
64
0
0
0
0
0
188
156
64
0
0
0
0
0
200
170
64
0
0
0
0
0
90
167
64
0
0
0
0
0
58
163
64
0
0
0
0
0
152
172
64
0
0
0
0
0
172
145
64
0
0
0
0
0
90
173
64
0
0
0
0
0
16
117
192
0
0
0
0
0
178
169
64
0
0
0
0
0
164
154
192
0
0
0
0
0
98
162
64
0
0
0
0
0
172
165
192
0
0
0
0
0
76
145
64
0
0
0
0
0
154
170
192
0
0
0
0
0
144
112
192
0
0
0
0
0
152
171
192
0
0
0
0
0
180
152
192
0
0
0
0
0
166
168
192
0
0
0
0
0
228
164
192
0
0
0
0
0
48
162
192
0
0
0
0
0
150
170
192
0
0
0
0
0
0
146
192
0
0
0
0
0
154
172
192
0
0
0
0
0
32
109
64
0
0
0
0
0
120
170
192
0
0
0
0
0
212
153
64
0
0
0
0
0
50
164
192
0
0
0
0
0
182
166
64
0
0
0
0
0
200
148
192
0
0
0
0
0
174
173
64
0
0
0
0
0
160
107
64
0
0
0
0
0
64
176
64
0
0
0
0
0
220
156
64
0
0
0
0
0
106
174
64
0
0
0
0
0
176
169
64
0
0
0
0
0
94
167
64
0
0
0
0
0
201
176
64
0
0
0
0
0
104
152
64
0
0
0
0
0
73
178
64
0
0
0
0
0
0
104
192
0
0
0
0
0
248
176
64
0
0
0
0
0
40
159
192
0
0
0
0
0
224
169
64
0
0
0
0
0
184
171
192
0
0
0
0
0
32
155
64
0
0
0
0
0
237
177
192
0
0
0
0
0
32
97
192
0
0
0
0
0
70
179
192
0
0
0
0
0
80
159
192
0
0
0
0
0
168
177
192
0
0
0
0
0
210
171
192
0
0
0
0
0
168
170
192
0
0
0
0
0
211
177
192
0
0
0
0
0
4
156
192
0
0
0
0
0
250
178
192
0
0
0
0
0
128
82
64
0
0
0
0
0
63
177
192
0
0
0
0
0
144
157
64
0
0
0
0
0
242
169
192
0
0
0
0
0
108
170
64
0
0
0
0
0
136
155
192
0
0
0
0
0
231
176
64
0
0
0
0
0
0
42
64
0
0
0
0
0
252
177
64
0
0
0
0
0
32
155
64
0
0
0
0
0
99
176
64
0
0
0
0
0
174
168
64
0
0
0
0
0
216
168
64
0
0
0
0
0
236
175
64
0
0
0
0
0
240
154
64
0
0
0
0
0
46
177
64
0
0
0
0
0
0
69
64
0
0
0
0
0
190
175
64
0
0
0
0
0
92
153
192
0
0
0
0
0
122
168
64
0
0
0
0
0
186
167
192
0
0
0
0
0
60
155
64
0
0
0
0
0
62
175
192
0
0
0
0
0
192
86
64
0
0
0
0
0
16
177
192
0
0
0
0
0
184
152
192
0
0
0
0
0
230
175
192
0
0
0
0
0
160
167
192
0
0
0
0
0
218
168
192
0
0
0
0
0
88
175
192
0
0
0
0
0
0
156
192
0
0
0
0
0
37
177
192
0
0
0
0
0
64
96
192
0
0
0
0
0
254
175
192
0
0
0
0
0
36
152
64
0
0
0
0
0
214
168
192
0
0
0
0
0
46
167
64
0
0
0
0
0
8
156
192
0
0
0
0
0
146
174
64
0
0
0
0
0
64
101
192
0
0
0
0
0
147
176
64
0
0
0
0
0
88
150
64
0
0
0
0
0
164
174
64
0
0
0
0
0
138
165
64
0
0
0
0
0
160
167
64
0
0
0
0
0
70
172
64
0
0
0
0
0
196
154
64
0
0
0
0
0
138
174
64
0
0
0
0
0
192
105
64
0
0
0
0
0
54
172
64
0
0
0
0
0
192
147
192
0
0
0
0
0
224
165
64
0
0
0
0
0
108
163
192
0
0
0
0
0
60
153
64
0
0
0
0
0
196
169
192
0
0
0
0
0
160
109
64
0
0
0
0
0
36
172
192
0
0
0
0
0
180
145
192
0
0
0
0
0
88
170
192
0
0
0
0
0
248
161
192
0
0
0
0
0
188
164
192
0
0
0
0
0
60
168
192
0
0
0
0
0
104
152
192
0
0
0
0
0
198
170
192
0
0
0
0
0
96
112
192
0
0
0
0
0
64
169
192
0
0
0
0
0
104
144
64
0
0
0
0
0
252
163
192
0
0
0
0
0
254
160
64
0
0
0
0
0
176
151
192
0
0
0
0
0
254
166
64
0
0
0
0
0
96
113
192
0
0
0
0
0
92
169
64
0
0
0
0
0
0
142
64
0
0
0
0
0
214
167
64
0
0
0
0
0
96
159
64
0
0
0
0
0
206
162
64
0
0
0
0
0
50
165
64
0
0
0
0
0
92
150
64
0
0
0
0
0
86
167
64
0
0
0
0
0
224
113
64
0
0
0
0
0
248
165
64
0
0
0
0
0
160
138
192
0
0
0
0
0
120
161
64
0
0
0
0
0
120
156
192
0
0
0
0
0
48
149
64
0
0
0
0
0
130
163
192
0
0
0
0
0
0
115
64
0
0
0
0
0
216
165
192
0
0
0
0
0
72
136
192
0
0
0
0
0
6
165
192
0
0
0
0
0
60
155
192
0
0
0
0
0
46
161
192
0
0
0
0
0
68
163
192
0
0
0
0
0
160
149
192
0
0
0
0
0
54
166
192
0
0
0
0
0
224
117
192
0
0
0
0
0
244
165
192
0
0
0
0
0
0
136
64
0
0
0
0
0
100
162
192
0
0
0
0
0
80
156
64
0
0
0
0
0
196
151
192
0
0
0
0
0
126
164
64
0
0
0
0
0
64
122
192
0
0
0
0
0
246
167
64
0
0
0
0
0
184
136
64
0
0
0
0
0
224
167
64
0
0
0
0
0
28
158
64
0
0
0
0
0
28
164
64
0
0
0
0
0
234
165
64
0
0
0
0
0
52
154
64
0
0
0
0
0
156
169
64
0
0
0
0
0
224
126
64
0
0
0
0
0
122
169
64
0
0
0
0
0
240
136
192
0
0
0
0
0
110
165
64
0
0
0
0
0
60
159
192
0
0
0
0
0
12
156
64
0
0
0
0
0
210
166
192
0
0
0
0
0
88
129
64
0
0
0
0
0
172
170
192
0
0
0
0
0
192
136
192
0
0
0
0
0
136
170
192
0
0
0
0
0
224
159
192
0
0
0
0
0
90
166
192
0
0
0
0
0
106
167
192
0
0
0
0
0
108
157
192
0
0
0
0
0
112
171
192
0
0
0
0
0
240
130
192
0
0
0
0
0
90
171
192
0
0
0
0
0
96
136
64
0
0
0
0
0
32
167
192
0
0
0
0
0
34
160
64
0
0
0
0
0
180
158
192
0
0
0
0
0
218
167
64
0
0
0
0
0
176
132
192
0
0
0
0
0
14
172
64
0
0
0
0
0
144
135
64
0
0
0
0
0
18
172
64
0
0
0
0
0
50
160
64
0
0
0
0
0
222
167
64
0
0
0
0
0
42
168
64
0
0
0
0
0
8
160
64
0
0
0
0
0
152
172
64
0
0
0
0
0
208
134
64
0
0
0
0
0
200
172
64
0
0
0
0
0
96
134
192
0
0
0
0
0
168
168
64
0
0
0
0
0
46
160
192
0
0
0
0
0
200
160
64
0
0
0
0
0
118
168
192
0
0
0
0
0
40
137
64
0
0
0
0
0
40
173
192
0
0
0
0
0
16
133
192
0
0
0
0
0
128
173
192
0
0
0
0
0
34
160
192
0
0
0
0
0
100
169
192
0
0
0
0
0
160
168
192
0
0
0
0
0
102
161
192
0
0
0
0
0
100
173
192
0
0
0
0
0
240
138
192
0
0
0
0
0
170
173
192
0
0
0
0
0
192
131
64
0
0
0
0
0
108
169
192
0
0
0
0
0
136
159
64
0
0
0
0
0
94
161
192
0
0
0
0
0
12
168
64
0
0
0
0
0
80
139
192
0
0
0
0
0
136
172
64
0
0
0
0
0
232
129
64
0
0
0
0
0
156
172
64
0
0
0
0
0
164
157
64
0
0
0
0
0
106
168
64
0
0
0
0
0
172
166
64
0
0
0
0
0
182
160
64
0
0
0
0
0
254
170
64
0
0
0
0
0
0
139
64
0
0
0
0
0
70
171
64
0
0
0
0
0
208
127
192
0
0
0
0
0
152
167
64
0
0
0
0
0
244
155
192
0
0
0
0
0
132
160
64
0
0
0
0
0
226
165
192
0
0
0
0
0
0
140
64
0
0
0
0
0
170
170
192
0
0
0
0
0
128
125
192
0
0
0
0
0
162
171
192
0
0
0
0
0
60
156
192
0
0
0
0
0
140
168
192
0
0
0
0
0
208
166
192
0
0
0
0
0
178
161
192
0
0
0
0
0
104
172
192
0
0
0
0
0
128
143
192
0
0
0
0
0
228
173
192
0
0
0
0
0
128
124
64
0
0
0
0
0
208
170
192
0
0
0
0
0
216
157
64
0
0
0
0
0
114
163
192
0
0
0
0
0
94
168
64
0
0
0
0
0
172
145
192
0
0
0
0
0
68
174
64
0
0
0
0
0
192
122
64
0
0
0
0
0
138
175
64
0
0
0
0
0
36
158
64
0
0
0
0
0
234
171
64
0
0
0
0
0
106
168
64
0
0
0
0
0
254
163
64
0
0
0
0
0
220
173
64
0
0
0
0
0
60
146
64
0
0
0
0
0
158
174
64
0
0
0
0
0
0
119
192
0
0
0
0
0
184
170
64
0
0
0
0
0
16
156
192
0
0
0
0
0
250
162
64
0
0
0
0
0
168
166
192
0
0
0
0
0
120
145
64
0
0
0
0
0
144
171
192
0
0
0
0
0
224
114
192
0
0
0
0
0
54
172
192
0
0
0
0
0
92
153
192
0
0
0
0
0
182
168
192
0
0
0
0
0
204
164
192
0
0
0
0
0
188
161
192
0
0
0
0
0
172
169
192
0
0
0
0
0
196
144
192
0
0
0
0
0
186
170
192
0
0
0
0
0
0
112
64
0
0
0
0
0
220
167
192
0
0
0
0
0
244
151
64
0
0
0
0
0
132
161
192
0
0
0
0
0
38
164
64
0
0
0
0
0
32
145
192
0
0
0
0
0
92
169
64
0
0
0
0
0
128
107
64
0
0
0
0
0
210
170
64
0
0
0
0
0
172
151
64
0
0
0
0
0
72
168
64
0
0
0
0
0
68
164
64
0
0
0
0
0
12
162
64
0
0
0
0
0
178
169
64
0
0
0
0
0
20
146
64
0
0
0
0
0
66
171
64
0
0
0
0
0
96
102
192
0
0
0
0
0
176
168
64
0
0
0
0
0
72
151
192
0
0
0
0
0
100
162
64
0
0
0
0
0
26
164
192
0
0
0
0
0
176
146
64
0
0
0
0
0
122
169
192
0
0
0
0
0
96
96
192
0
0
0
0
0
246
170
192
0
0
0
0
0
56
150
192
0
0
0
0
0
100
168
192
0
0
0
0
0
102
163
192
0
0
0
0
0
52
162
192
0
0
0
0
0
176
168
192
0
0
0
0
0
204
146
192
0
0
0
0
0
60
170
192
0
0
0
0
0
0
86
64
0
0
0
0
0
226
167
192
0
0
0
0
0
28
149
64
0
0
0
0
0
4
162
192
0
0
0
0
0
200
162
64
0
0
0
0
0
4
147
192
0
0
0
0
0
50
168
64
0
0
0
0
0
128
74
64
0
0
0
0
0
4
170
64
0
0
0
0
0
160
148
64
0
0
0
0
0
254
167
64
0
0
0
0
0
198
162
64
0
0
0
0
0
98
162
64
0
0
0
0
0
142
168
64
0
0
0
0
0
228
147
64
0
0
0
0
0
198
170
64
0
0
0
0
0
0
50
192
0
0
0
0
0
4
169
64
0
0
0
0
0
224
148
192
0
0
0
0
0
110
163
64
0
0
0
0
0
108
163
192
0
0
0
0
0
128
149
64
0
0
0
0
0
182
169
192
0
0
0
0
0
0
55
64
0
0
0
0
0
70
172
192
0
0
0
0
0
112
149
192
0
0
0
0
0
152
170
192
0
0
0
0
0
70
164
192
0
0
0
0
0
206
164
192
0
0
0
0
0
248
170
192
0
0
0
0
0
92
151
192
0
0
0
0
0
172
173
192
0
0
0
0
0
128
82
192
0
0
0
0
0
226
171
192
0
0
0
0
0
160
149
64
0
0
0
0
0
206
165
192
0
0
0
0
0
178
164
64
0
0
0
0
0
176
152
192
0
0
0
0
0
130
171
64
0
0
0
0
0
64
95
192
0
0
0
0
0
42
174
64
0
0
0
0
0
20
149
64
0
0
0
0
0
66
172
64
0
0
0
0
0
116
164
64
0
0
0
0
0
26
166
64
0
0
0
0
0
66
171
64
0
0
0
0
0
76
153
64
0
0
0
0
0
252
173
64
0
0
0
0
0
128
101
64
0
0
0
0
0
62
172
64
0
0
0
0
0
76
148
192
0
0
0
0
0
80
166
64
0
0
0
0
0
42
164
192
0
0
0
0
0
16
154
64
0
0
0
0
0
64
171
192
0
0
0
0
0
64
107
64
0
0
0
0
0
96
174
192
0
0
0
0
0
36
148
192
0
0
0
0
0
6
173
192
0
0
0
0
0
152
164
192
0
0
0
0
0
76
167
192
0
0
0
0
0
76
172
192
0
0
0
0
0
212
155
192
0
0
0
0
0
238
175
192
0
0
0
0
0
48
113
192
0
0
0
0
0
206
174
192
0
0
0
0
0
156
148
64
0
0
0
0
0
238
168
192
0
0
0
0
0
138
165
64
0
0
0
0
0
36
158
192
0
0
0
0
0
196
173
64
0
0
0
0
0
80
117
192
0
0
0
0
0
204
176
64
0
0
0
0
0
188
148
64
0
0
0
0
0
43
176
64
0
0
0
0
0
248
165
64
0
0
0
0
0
24
170
64
0
0
0
0
0
72
174
64
0
0
0
0
0
168
159
64
0
0
0
0
0
255
176
64
0
0
0
0
0
48
121
64
0
0
0
0
0
68
176
64
0
0
0
0
0
232
147
192
0
0
0
0
0
48
170
64
0
0
0
0
0
116
165
192
0
0
0
0
0
248
159
64
0
0
0
0
0
154
173
192
0
0
0
0
0
64
124
64
0
0
0
0
0
159
176
192
0
0
0
0
0
152
146
192
0
0
0
0
0
228
175
192
0
0
0
0
0
154
164
192
0
0
0
0
0
212
169
192
0
0
0
0
0
192
172
192
0
0
0
0
0
0
160
192
0
0
0
0
0
74
176
192
0
0
0
0
0
240
126
192
0
0
0
0
0
144
175
192
0
0
0
0
0
152
145
64
0
0
0
0
0
218
169
192
0
0
0
0
0
34
164
64
0
0
0
0
0
70
160
192
0
0
0
0
0
120
172
64
0
0
0
0
0
240
128
192
0
0
0
0
0
74
176
64
0
0
0
0
0
244
144
64
0
0
0
0
0
206
175
64
0
0
0
0
0
250
163
64
0
0
0
0
0
66
170
64
0
0
0
0
0
132
172
64
0
0
0
0
0
186
160
64
0
0
0
0
0
102
176
64
0
0
0
0
0
152
130
64
0
0
0
0
0
21
176
64
0
0
0
0
0
92
144
192
0
0
0
0
0
176
170
64
0
0
0
0
0
210
163
192
0
0
0
0
0
50
161
64
0
0
0
0
0
134
172
192
0
0
0
0
0
80
132
64
0
0
0
0
0
125
176
192
0
0
0
0
0
96
143
192
0
0
0
0
0
66
176
192
0
0
0
0
0
170
163
192
0
0
0
0
0
46
171
192
0
0
0
0
0
158
172
192
0
0
0
0
0
190
161
192
0
0
0
0
0
172
176
192
0
0
0
0
0
64
134
192
0
0
0
0
0
141
176
192
0
0
0
0
0
48
142
64
0
0
0
0
0
228
171
192
0
0
0
0
0
166
163
64
0
0
0
0
0
110
162
192
0
0
0
0
0
232
172
64
0
0
0
0
0
96
136
192
0
0
0
0
0
243
176
64
0
0
0
0
0
24
141
64
0
0
0
0
0
234
176
64
0
0
0
0
0
168
163
64
0
0
0
0
0
166
172
64
0
0
0
0
0
46
173
64
0
0
0
0
0
28
163
64
0
0
0
0
0
49
177
64
0
0
0
0
0
120
138
64
0
0
0
0
0
58
177
64
0
0
0
0
0
216
139
192
0
0
0
0
0
90
173
64
0
0
0
0
0
158
163
192
0
0
0
0
0
204
163
64
0
0
0
0
0
112
173
192
0
0
0
0
0
176
140
64
0
0
0
0
0
122
177
192
0
0
0
0
0
200
138
192
0
0
0
0
0
166
177
192
0
0
0
0
0
194
163
192
0
0
0
0
0
88
174
192
0
0
0
0
0
18
174
192
0
0
0
0
0
190
164
192
0
0
0
0
0
7
178
192
0
0
0
0
0
96
143
192
0
0
0
0
0
90
178
192
0
0
0
0
0
16
138
64
0
0
0
0
0
208
175
192
0
0
0
0
0
46
164
64
0
0
0
0
0
252
165
192
0
0
0
0
0
18
175
64
0
0
0
0
0
64
145
192
0
0
0
0
0
186
178
64
0
0
0
0
0
56
137
64
0
0
0
0
0
32
179
64
0
0
0
0
0
130
164
64
0
0
0
0
0
158
176
64
0
0
0
0
0
202
175
64
0
0
0
0
0
24
167
64
0
0
0
0
0
45
179
64
0
0
0
0
0
172
146
64
0
0
0
0
0
148
179
64
0
0
0
0
0
208
135
192
0
0
0
0
0
5
177
64
0
0
0
0
0
110
164
192
0
0
0
0
0
196
167
64
0
0
0
0
0
226
175
192
0
0
0
0
0
196
147
64
0
0
0
0
0
72
179
192
0
0
0
0
0
8
134
192
0
0
0
0
0
188
179
192
0
0
0
0
0
30
164
192
0
0
0
0
0
59
177
192
0
0
0
0
0
194
175
192
0
0
0
0
0
72
168
192
0
0
0
0
0
91
179
192
0
0
0
0
0
220
148
192
0
0
0
0
0
245
179
192
0
0
0
0
0
80
132
64
0
0
0
0
0
148
177
192
0
0
0
0
0
244
163
64
0
0
0
0
0
20
169
192
0
0
0
0
0
252
175
64
0
0
0
0
0
60
150
192
0
0
0
0
0
175
179
64
0
0
0
0
0
208
130
64
0
0
0
0
0
118
180
64
0
0
0
0
0
10
164
64
0
0
0
0
0
42
178
64
0
0
0
0
0
75
176
64
0
0
0
0
0
50
170
64
0
0
0
0
0
52
180
64
0
0
0
0
0
228
151
64
0
0
0
0
0
32
181
64
0
0
0
0
0
80
129
192
0
0
0
0
0
222
178
64
0
0
0
0
0
54
164
192
0
0
0
0
0
116
171
64
0
0
0
0
0
166
176
192
0
0
0
0
0
180
153
64
0
0
0
0
0
200
180
192
0
0
0
0
0
112
127
192
0
0
0
0
0
215
181
192
0
0
0
0
0
100
164
192
0
0
0
0
0
157
179
192
0
0
0
0
0
4
177
192
0
0
0
0
0
198
172
192
0
0
0
0
0
94
181
192
0
0
0
0
0
152
155
192
0
0
0
0
0
140
182
192
0
0
0
0
0
240
123
64
0
0
0
0
0
83
180
192
0
0
0
0
0
126
164
64
0
0
0
0
0
252
173
192
0
0
0
0
0
75
177
64
0
0
0
0
0
84
157
192
0
0
0
0
0
200
181
64
0
0
0
0
0
224
119
64
0
0
0
0
0
255
182
64
0
0
0
0
0
66
164
64
0
0
0
0
0
187
180
64
0
0
0
0
0
60
177
64
0
0
0
0
0
164
174
64
0
0
0
0
0
183
181
64
0
0
0
0
0
116
158
64
0
0
0
0
0
229
182
64
0
0
0
0
0
64
115
192
0
0
0
0
0
159
180
64
0
0
0
0
0
132
163
192
0
0
0
0
0
144
174
64
0
0
0
0
0
196
176
192
0
0
0
0
0
228
158
64
0
0
0
0
0
47
181
192
0
0
0
0
0
160
108
192
0
0
0
0
0
100
182
192
0
0
0
0
0
142
162
192
0
0
0
0
0
66
180
192
0
0
0
0
0
51
176
192
0
0
0
0
0
72
174
192
0
0
0
0
0
169
180
192
0
0
0
0
0
76
159
192
0
0
0
0
0
8
182
192
0
0
0
0
0
128
99
64
0
0
0
0
0
32
180
192
0
0
0
0
0
216
161
64
0
0
0
0
0
118
174
192
0
0
0
0
0
206
175
64
0
0
0
0
0
28
160
192
0
0
0
0
0
133
180
64
0
0
0
0
0
0
86
64
0
0
0
0
0
21
182
64
0
0
0
0
0
116
161
64
0
0
0
0
0
88
180
64
0
0
0
0
0
172
175
64
0
0
0
0
0
20
175
64
0
0
0
0
0
152
180
64
0
0
0
0
0
194
160
64
0
0
0
0
0
69
182
64
0
0
0
0
0
0
51
192
0
0
0
0
0
152
180
64
0
0
0
0
0
18
161
192
0
0
0
0
0
160
175
64
0
0
0
0
0
114
175
192
0
0
0
0
0
78
161
64
0
0
0
0
0
140
180
192
0
0
0
0
0
128
73
64
0
0
0
0
0
71
182
192
0
0
0
0
0
136
160
192
0
0
0
0
0
169
180
192
0
0
0
0
0
244
174
192
0
0
0
0
0
232
175
192
0
0
0
0
0
89
180
192
0
0
0
0
0
188
161
192
0
0
0
0
0
42
182
192
0
0
0
0
0
64
94
192
0
0
0
0
0
169
180
192
0
0
0
0
0
228
159
64
0
0
0
0
0
17
176
192
0
0
0
0
0
106
174
64
0
0
0
0
0
40
162
192
0
0
0
0
0
39
180
64
0
0
0
0
0
224
103
192
0
0
0
0
0
18
182
64
0
0
0
0
0
192
158
64
0
0
0
0
0
173
180
64
0
0
0
0
0
226
173
64
0
0
0
0
0
47
176
64
0
0
0
0
0
237
179
64
0
0
0
0
0
142
162
64
0
0
0
0
0
230
181
64
0
0
0
0
0
32
112
64
0
0
0
0
0
146
180
64
0
0
0
0
0
112
157
192
0
0
0
0
0
43
176
64
0
0
0
0
0
32
173
192
0
0
0
0
0
194
162
64
0
0
0
0
0
133
179
192
0
0
0
0
0
16
116
64
0
0
0
0
0
131
181
192
0
0
0
0
0
228
155
192
0
0
0
0
0
68
180
192
0
0
0
0
0
38
172
192
0
0
0
0
0
3
176
192
0
0
0
0
0
1
179
192
0
0
0
0
0
212
162
192
0
0
0
0
0
14
181
192
0
0
0
0
0
192
119
192
0
0
0
0
0
245
179
192
0
0
0
0
0
100
154
64
0
0
0
0
0
206
175
192
0
0
0
0
0
72
171
64
0
0
0
0
0
0
163
192
0
0
0
0
0
155
178
64
0
0
0
0
0
128
123
192
0
0
0
0
0
200
180
64
0
0
0
0
0
44
153
64
0
0
0
0
0
217
179
64
0
0
0
0
0
178
170
64
0
0
0
0
0
232
175
64
0
0
0
0
0
102
178
64
0
0
0
0
0
94
163
64
0
0
0
0
0
176
180
64
0
0
0
0
0
128
127
64
0
0
0
0
0
225
179
64
0
0
0
0
0
36
152
192
0
0
0
0
0
23
176
64
0
0
0
0
0
66
170
192
0
0
0
0
0
202
163
64
0
0
0
0
0
63
178
192
0
0
0
0
0
192
129
64
0
0
0
0
0
160
180
192
0
0
0
0
0
28
151
192
0
0
0
0
0
233
179
192
0
0
0
0
0
206
169
192
0
0
0
0
0
55
176
192
0
0
0
0
0
22
178
192
0
0
0
0
0
48
164
192
0
0
0
0
0
142
180
192
0
0
0
0
0
192
131
192
0
0
0
0
0
243
179
192
0
0
0
0
0
24
150
64
0
0
0
0
0
90
176
192
0
0
0
0
0
96
169
64
0
0
0
0
0
158
164
192
0
0
0
0
0
243
177
64
0
0
0
0
0
192
133
192
0
0
0
0
0
133
180
64
0
0
0
0
0
32
149
64
0
0
0
0
0
4
180
64
0
0
0
0
0
250
168
64
0
0
0
0
0
130
176
64
0
0
0
0
0
208
177
64
0
0
0
0
0
10
165
64
0
0
0
0
0
117
180
64
0
0
0
0
0
184
135
64
0
0
0
0
0
5
180
64
0
0
0
0
0
24
148
192
0
0
0
0
0
149
176
64
0
0
0
0
0
116
168
192
0
0
0
0
0
86
165
64
0
0
0
0
0
145
177
192
0
0
0
0
0
128
137
64
0
0
0
0
0
62
180
192
0
0
0
0
0
232
146
192
0
0
0
0
0
223
179
192
0
0
0
0
0
194
167
192
0
0
0
0
0
136
176
192
0
0
0
0
0
53
177
192
0
0
0
0
0
124
165
192
0
0
0
0
0
237
179
192
0
0
0
0
0
24
139
192
0
0
0
0
0
166
179
192
0
0
0
0
0
172
145
64
0
0
0
0
0
114
176
192
0
0
0
0
0
8
167
64
0
0
0
0
0
158
165
192
0
0
0
0
0
217
176
64
0
0
0
0
0
176
140
192
0
0
0
0
0
163
179
64
0
0
0
0
0
132
144
64
0
0
0
0
0
122
179
64
0
0
0
0
0
98
166
64
0
0
0
0
0
104
176
64
0
0
0
0
0
139
176
64
0
0
0
0
0
204
165
64
0
0
0
0
0
100
179
64
0
0
0
0
0
80
142
64
0
0
0
0
0
82
179
64
0
0
0
0
0
200
142
192
0
0
0
0
0
91
176
64
0
0
0
0
0
186
165
192
0
0
0
0
0
238
165
64
0
0
0
0
0
52
176
192
0
0
0
0
0
200
143
64
0
0
0
0
0
21
179
192
0
0
0
0
0
120
140
192
0
0
0
0
0
20
179
192
0
0
0
0
0
252
164
192
0
0
0
0
0
58
176
192
0
0
0
0
0
154
175
192
0
0
0
0
0
244
165
192
0
0
0
0
0
181
178
192
0
0
0
0
0
136
144
192
0
0
0
0
0
206
178
192
0
0
0
0
0
40
138
64
0
0
0
0
0
24
176
192
0
0
0
0
0
66
164
64
0
0
0
0
0
4
166
192
0
0
0
0
0
224
174
64
0
0
0
0
0
60
145
192
0
0
0
0
0
107
178
64
0
0
0
0
0
8
136
64
0
0
0
0
0
163
178
64
0
0
0
0
0
176
163
64
0
0
0
0
0
19
176
64
0
0
0
0
0
98
174
64
0
0
0
0
0
60
166
64
0
0
0
0
0
66
178
64
0
0
0
0
0
12
146
64
0
0
0
0
0
151
178
64
0
0
0
0
0
24
134
192
0
0
0
0
0
34
176
64
0
0
0
0
0
54
163
192
0
0
0
0
0
134
166
64
0
0
0
0
0
254
173
192
0
0
0
0
0
220
146
64
0
0
0
0
0
32
178
192
0
0
0
0
0
32
132
192
0
0
0
0
0
135
178
192
0
0
0
0
0
178
162
192
0
0
0
0
0
38
176
192
0
0
0
0
0
126
173
192
0
0
0
0
0
186
166
192
0
0
0
0
0
233
177
192
0
0
0
0
0
148
147
192
0
0
0
0
0
96
178
192
0
0
0
0
0
40
130
64
0
0
0
0
0
23
176
192
0
0
0
0
0
26
162
64
0
0
0
0
0
210
166
192
0
0
0
0
0
224
172
64
0
0
0
0
0
56
148
192
0
0
0
0
0
163
177
64
0
0
0
0
0
40
128
64
0
0
0
0
0
46
178
64
0
0
0
0
0
126
161
64
0
0
0
0
0
0
176
64
0
0
0
0
0
64
172
64
0
0
0
0
0
228
166
64
0
0
0
0
0
92
177
64
0
0
0
0
0
212
148
64
0
0
0
0
0
251
177
64
0
0
0
0
0
96
124
192
0
0
0
0
0
210
175
64
0
0
0
0
0
226
160
192
0
0
0
0
0
242
166
64
0
0
0
0
0
158
171
192
0
0
0
0
0
104
149
64
0
0
0
0
0
18
177
192
0
0
0
0
0
128
120
192
0
0
0
0
0
195
177
192
0
0
0
0
0
68
160
192
0
0
0
0
0
150
175
192
0
0
0
0
0
242
170
192
0
0
0
0
0
244
166
192
0
0
0
0
0
194
176
192
0
0
0
0
0
236
149
192
0
0
0
0
0
134
177
192
0
0
0
0
0
176
116
64
0
0
0
0
0
84
175
192
0
0
0
0
0
76
159
64
0
0
0
0
0
246
166
192
0
0
0
0
0
74
170
64
0
0
0
0
0
112
150
192
0
0
0
0
0
121
176
64
0
0
0
0
0
0
113
64
0
0
0
0
0
83
177
64
0
0
0
0
0
48
158
64
0
0
0
0
0
42
175
64
0
0
0
0
0
188
169
64
0
0
0
0
0
10
167
64
0
0
0
0
0
62
176
64
0
0
0
0
0
0
0
0
0
0
0
0
0
0
0
0
0
0
0
0
0
0
0
0
0
0
0
0
0
0
0
0
0
0
0
0
0
0
0
0
0
0
0
0
0
0
0
0
0
0
0
0
0
0
0
0
0
0
0
0
0
0
0
0
0
0
0
0
0
0
0
0
0
0
0
0
0
0
0
0
0
0
0
0
0
0
0
0
0
0
0
0
0
0
0
0
0
0
0
0
0
0
0
0
0
0
0
0
0
0
0
0
0
0
0
0
0
0
0
0
0
0
0
0
0
0
0
0
0
0
0
0
0
0
0
0
0
0
0
0
0
0
0
0
0
0
0
0
0
0
0
0
0
0
0
0
0
0
0
0
0
0
0
0
0
0
0
0
0
0
0
0
0
0
0
0
0
0
0
0
0
0
0
0
0
0
0
0
0
0
0
0
0
0
0
0
0
0
0
0
0
0
0
0
0
0
0
0
0
0
0
0
0
0
0
0
0
0
0
0
0
0
0
0
0
0
0
0
0
0
0
0
0
0
0
0
0
0
0
0
0
0
0
0
0
0
0
0
0
0
0
0
0
0
0
0
0
0
0
0
0
0
0
0
0
0
0
0
0
0
0
0
0
0
0
0
0
0
0
0
0
0
0
0
0
0
0
0
0
0
0
0
0
0
0
0
0
0
0
0
0
0
0
0
0
0
0
0
0
0
0
0
0
0
0
0
0
0
0
0
0
0
0
0
0
0
0
0
0
0
0
0
0
0
0
0
0
0
0
0
0
0
0
0
0
0
0
0
0
0
0
0
0
0
0
0
0
0
0
0
0
0
0
0
0
0
0
0
0
0
0
0
0
0
0
0
0
0
0
0
0
0
0
0
0
0
0
0
0
0
0
0
0
0
0
0
0
0
0
0
0
0
0
0
0
0
0
0
0
0
0
0
0
0
0
0
0
0
0
0
0
0
0
0
0
0
0
0
0
0
0
0
0
0
0
0
0
0
0
0
0
0
0
0
0
0
0
0
0
0
0
0
0
0
0
0
0
0
0
0
0
0
0
0
0
0
0
0
0
0
0
0
0
0
0
0
0
0
0
0
0
0
0
0
0
0
0
0
0
0
0
0
0
0
0
0
0
0
0
0
0
0
0
0
0
0
0
0
0
0
0
0
0
0
0
0
0
0
0
0
0
0
0
0
0
0
0
0
0
0
0
0
0
0
0
0
0
0
0
0
0
0
0
0
0
0
0
0
0
0
0
0
0
0
0
0
0
0
0
0
0
0
0
0
0
0
0
0
0
0
0
0
0
0
0
0
0
0
0
0
0
0
0
0
0
0
0
0
0
0
0
0
0
0
0
0
0
0
0
0
0
0
0
0
0
0
0
0
0
0
0
0
0
0
0
0
0
0
0
0
0
0
0
0
0
0
0
0
0
0
0
0
0
0
0
0
0
0
0
0
0
0
0
0
0
0
0
0
0
0
0
0
0
0
0
0
0
0
0
0
0
0
0
0
0
0
0
0
0
0
0
0
0
0
0
0
0
0
0
0
0
0
0
0
0
0
0
0
0
0
0
0
0
0
0
0
0
0
0
0
0
0
0
0
0
0
0
0
0
0
0
0
0
0
0
0
0
0
0
0
0
0
0
0
0
0
0
0
0
0
0
0
0
0
0
0
0
0
0
0
0
0
0
0
0
0
0
0
0
0
0
0
0
0
0
0
0
0
0
0
0
0
0
0
0
0
0
0
0
0
0
0
0
0
0
0
0
0
0
0
0
0
0
0
0
0
0
0
0
0
0
0
0
0
0
0
0
0
0
0
0
0
0
0
0
0
0
0
0
0
0
0
0
0
0
0
0
0
0
0
0
0
0
0
0
0
0
0
0
0
0
0
0
0
0
0
0
0
0
0
0
0
0
0
0
0
0
0
0
0
0
0
0
0
0
0
0
0
0
0
0
0
0
0
0
0
0
0
0
0
0
0
0
0
0
0
0
0
0
0
0
0
0
0
0
0
0
0
0
0
0
0
0
0
0
0
0
0
0
0
0
0
0
0
0
0
0
0
0
0
0
0
0
0
0
0
0
0
0
0
0
0
0
0
0
0
0
0
0
0
0
0
0
0
0
0
0
0
0
0
0
0
0
0
0
0
0
0
0
0
0
0
0
0
0
0
0
0
0
0
0
0
0
0
0
0
0
0
0
0
0
0
0
0
0
0
0
0
0
0
0
0
0
0
0
0
0
0
0
0
0
0
0
0
0
0
0
0
0
0
0
0
0
0
0
0
0
0
0
0
0
0
0
0
0
0
0
0
0
0
0
0
0
0
0
0
0
0
0
0
0
0
0
0
0
0
0
0
0
0
0
0
0
0
0
0
0
0
0
0
0
0
0
0
0
0
0
0
0
0
0
0
0
0
0
0
0
0
0
0
0
0
0
0
0
0
0
0
0
0
0
0
0
0
0
0
0
0
0
0
0
0
0
0
0
0
0
0
0
0
0
0
0
0
0
0
0
0
0
0
0
0
0
0
0
0
0
0
0
0
0
0
0
0
0
0
0
0
0
0
0
0
0
0
0
0
0
0
0
0
0
0
0
0
0
0
0
0
0
0
0
0
0
0
0
0
0
0
0
0
0
0
0
0
0
0
0
0
0
0
0
0
0
0
0
0
0
0
0
0
0
0
0
0
0
0
0
0
0
0
0
0
0
0
0
0
0
0
0
0
0
0
0
0
0
0
0
0
0
0
0
0
0
0
0
0
0
0
0
0
0
0
0
0
0
0
0
0
0
0
0