58
70
65
67
84
58
67
68
65
84
49
56
58
68
65
84
65
32
35
57
48
48
48
48
48
54
57
51
54
0
0
0
0
0
0
48
192
0
0
0
0
0
192
107
192
0
0
0
0
0
0
83
64
0
0
0
0
0
32
97
192
0
0
0
0
0
64
94
64
0
0
0
0
0
128
70
192
0
0
0
0
0
64
87
64
0
0
0
0
0
0
20
64
0
0
0
0
0
0
28
64
0
0
0
0
0
0
59
192
0
0
0
0
0
128
86
192
0
0
0
0
0
64
93
192
0
0
0
0
0
160
97
192
0
0
0
0
0
64
107
192
0
0
0
0
0
192
92
192
0
0
0
0
0
32
113
192
0
0
0
0
0
0
57
192
0
0
0
0
0
128
111
192
0
0
0
0
0
192
83
64
0
0
0
0
0
96
100
192
0
0
0
0
0
0
97
64
0
0
0
0
0
128
77
192
0
0
0
0
0
128
92
64
0
0
0
0
0
0
0
192
0
0
0
0
0
0
53
64
0
0
0
0
0
0
55
192
0
0
0
0
0
192
85
192
0
0
0
0
0
0
94
192
0
0
0
0
0
0
99
192
0
0
0
0
0
160
109
192
0
0
0
0
0
128
96
192
0
0
0
0
0
96
115
192
0
0
0
0
0
0
66
192
0
0
0
0
0
144
114
192
0
0
0
0
0
0
85
64
0
0
0
0
0
96
105
192
0
0
0
0
0
32
100
64
0
0
0
0
0
192
84
192
0
0
0
0
0
160
98
64
0
0
0
0
0
0
8
192
0
0
0
0
0
128
74
64
0
0
0
0
0
0
51
192
0
0
0
0
0
0
83
192
0
0
0
0
0
128
94
192
0
0
0
0
0
64
100
192
0
0
0
0
0
80
112
192
0
0
0
0
0
64
99
192
0
0
0
0
0
160
118
192
0
0
0
0
0
128
73
192
0
0
0
0
0
224
118
192
0
0
0
0
0
64
87
64
0
0
0
0
0
208
112
192
0
0
0
0
0
32
105
64
0
0
0
0
0
0
95
192
0
0
0
0
0
32
106
64
0
0
0
0
0
0
48
192
0
0
0
0
0
128
91
64
0
0
0
0
0
0
32
192
0
0
0
0
0
128
70
192
0
0
0
0
0
64
93
192
0
0
0
0
0
160
100
192
0
0
0
0
0
32
114
192
0
0
0
0
0
160
102
192
0
0
0
0
0
64
123
192
0
0
0
0
0
64
82
192
0
0
0
0
0
176
125
192
0
0
0
0
0
0
91
64
0
0
0
0
0
208
119
192
0
0
0
0
0
224
112
64
0
0
0
0
0
128
105
192
0
0
0
0
0
32
116
64
0
0
0
0
0
0
68
192
0
0
0
0
0
32
109
64
0
0
0
0
0
0
8
64
0
0
0
0
0
128
70
64
0
0
0
0
0
192
86
192
0
0
0
0
0
64
97
192
0
0
0
0
0
128
115
192
0
0
0
0
0
192
105
192
0
0
0
0
0
0
129
192
0
0
0
0
0
128
90
192
0
0
0
0
0
208
132
192
0
0
0
0
0
192
96
64
0
0
0
0
0
248
130
192
0
0
0
0
0
80
121
64
0
0
0
0
0
32
120
192
0
0
0
0
0
240
129
64
0
0
0
0
0
0
92
192
0
0
0
0
0
48
129
64
0
0
0
0
0
0
80
64
0
0
0
0
0
240
116
64
0
0
0
0
0
128
67
64
0
0
0
0
0
0
40
64
0
0
0
0
0
224
111
192
0
0
0
0
0
32
102
192
0
0
0
0
0
88
133
192
0
0
0
0
0
192
98
192
0
0
0
0
0
228
144
192
0
0
0
0
0
192
103
64
0
0
0
0
0
136
147
192
0
0
0
0
0
184
136
64
0
0
0
0
0
128
144
192
0
0
0
0
0
60
151
64
0
0
0
0
0
208
125
192
0
0
0
0
0
24
160
64
0
0
0
0
0
144
119
64
0
0
0
0
0
16
162
64
0
0
0
0
0
128
148
64
0
0
0
0
0
174
160
64
0
0
0
0
0
120
160
64
0
0
0
0
0
8
152
64
0
0
0
0
0
52
164
64
0
0
0
0
0
216
131
64
0
0
0
0
0
182
164
64
0
0
0
0
0
192
120
192
0
0
0
0
0
246
161
64
0
0
0
0
0
108
149
192
0
0
0
0
0
4
153
64
0
0
0
0
0
170
160
192
0
0
0
0
0
240
132
64
0
0
0
0
0
36
164
192
0
0
0
0
0
144
118
192
0
0
0
0
0
184
164
192
0
0
0
0
0
52
149
192
0
0
0
0
0
78
162
192
0
0
0
0
0
22
161
192
0
0
0
0
0
76
154
192
0
0
0
0
0
78
165
192
0
0
0
0
0
56
135
192
0
0
0
0
0
128
166
192
0
0
0
0
0
96
118
64
0
0
0
0
0
68
164
192
0
0
0
0
0
220
150
64
0
0
0
0
0
112
157
192
0
0
0
0
0
174
162
64
0
0
0
0
0
128
138
192
0
0
0
0
0
66
167
64
0
0
0
0
0
208
117
64
0
0
0
0
0
68
168
64
0
0
0
0
0
140
151
64
0
0
0
0
0
118
165
64
0
0
0
0
0
248
162
64
0
0
0
0
0
164
158
64
0
0
0
0
0
38
167
64
0
0
0
0
0
160
139
64
0
0
0
0
0
190
167
64
0
0
0
0
0
240
114
192
0
0
0
0
0
200
164
64
0
0
0
0
0
32
150
192
0
0
0
0
0
184
157
64
0
0
0
0
0
236
161
192
0
0
0
0
0
136
139
64
0
0
0
0
0
16
166
192
0
0
0
0
0
32
112
192
0
0
0
0
0
254
166
192
0
0
0
0
0
80
149
192
0
0
0
0
0
156
164
192
0
0
0
0
0
226
161
192
0
0
0
0
0
92
158
192
0
0
0
0
0
174
166
192
0
0
0
0
0
120
141
192
0
0
0
0
0
64
168
192
0
0
0
0
0
128
109
64
0
0
0
0
0
48
166
192
0
0
0
0
0
76
150
64
0
0
0
0
0
158
160
192
0
0
0
0
0
32
163
64
0
0
0
0
0
132
144
192
0
0
0
0
0
112
168
64
0
0
0
0
0
192
106
64
0
0
0
0
0
32
170
64
0
0
0
0
0
48
151
64
0
0
0
0
0
206
167
64
0
0
0
0
0
234
163
64
0
0
0
0
0
194
161
64
0
0
0
0
0
74
169
64
0
0
0
0
0
208
145
64
0
0
0
0
0
218
170
64
0
0
0
0
0
192
101
192
0
0
0
0
0
94
168
64
0
0
0
0
0
244
150
192
0
0
0
0
0
56
162
64
0
0
0
0
0
230
163
192
0
0
0
0
0
160
146
64
0
0
0
0
0
100
169
192
0
0
0
0
0
128
96
192
0
0
0
0
0
30
171
192
0
0
0
0
0
156
150
192
0
0
0
0
0
204
168
192
0
0
0
0
0
250
163
192
0
0
0
0
0
186
162
192
0
0
0
0
0
182
169
192
0
0
0
0
0
140
147
192
0
0
0
0
0
152
171
192
0
0
0
0
0
128
87
64
0
0
0
0
0
70
169
192
0
0
0
0
0
92
150
64
0
0
0
0
0
24
163
192
0
0
0
0
0
234
163
64
0
0
0
0
0
24
148
192
0
0
0
0
0
140
169
64
0
0
0
0
0
128
74
64
0
0
0
0
0
58
171
64
0
0
0
0
0
52
149
64
0
0
0
0
0
192
168
64
0
0
0
0
0
246
162
64
0
0
0
0
0
160
162
64
0
0
0
0
0
70
168
64
0
0
0
0
0
204
147
64
0
0
0
0
0
224
169
64
0
0
0
0
0
0
32
192
0
0
0
0
0
166
167
64
0
0
0
0
0
140
147
192
0
0
0
0
0
8
162
64
0
0
0
0
0
226
161
192
0
0
0
0
0
180
147
64
0
0
0
0
0
80
167
192
0
0
0
0
0
0
65
64
0
0
0
0
0
84
169
192
0
0
0
0
0
216
146
192
0
0
0
0
0
166
167
192
0
0
0
0
0
216
161
192
0
0
0
0
0
112
162
192
0
0
0
0
0
188
167
192
0
0
0
0
0
192
148
192
0
0
0
0
0
38
170
192
0
0
0
0
0
192
82
192
0
0
0
0
0
154
168
192
0
0
0
0
0
240
146
64
0
0
0
0
0
68
163
192
0
0
0
0
0
54
162
64
0
0
0
0
0
216
149
192
0
0
0
0
0
54
168
64
0
0
0
0
0
0
93
192
0
0
0
0
0
128
170
64
0
0
0
0
0
92
146
64
0
0
0
0
0
186
168
64
0
0
0
0
0
188
161
64
0
0
0
0
0
60
163
64
0
0
0
0
0
122
167
64
0
0
0
0
0
228
149
64
0
0
0
0
0
154
169
64
0
0
0
0
0
64
99
64
0
0
0
0
0
234
167
64
0
0
0
0
0
16
145
192
0
0
0
0
0
192
162
64
0
0
0
0
0
216
160
192
0
0
0
0
0
204
149
64
0
0
0
0
0
156
166
192
0
0
0
0
0
224
103
64
0
0
0
0
0
8
169
192
0
0
0
0
0
76
144
192
0
0
0
0
0
200
167
192
0
0
0
0
0
166
160
192
0
0
0
0
0
252
162
192
0
0
0
0
0
192
166
192
0
0
0
0
0
152
150
192
0
0
0
0
0
122
169
192
0
0
0
0
0
0
109
192
0
0
0
0
0
88
168
192
0
0
0
0
0
16
144
64
0
0
0
0
0
124
163
192
0
0
0
0
0
178
160
64
0
0
0
0
0
72
151
192
0
0
0
0
0
198
166
64
0
0
0
0
0
208
112
192
0
0
0
0
0
80
169
64
0
0
0
0
0
88
142
64
0
0
0
0
0
244
167
64
0
0
0
0
0
204
159
64
0
0
0
0
0
4
163
64
0
0
0
0
0
152
165
64
0
0
0
0
0
196
150
64
0
0
0
0
0
238
167
64
0
0
0
0
0
96
114
64
0
0
0
0
0
180
166
64
0
0
0
0
0
120
139
192
0
0
0
0
0
56
162
64
0
0
0
0
0
172
157
192
0
0
0
0
0
92
150
64
0
0
0
0
0
144
164
192
0
0
0
0
0
80
116
64
0
0
0
0
0
80
167
192
0
0
0
0
0
64
138
192
0
0
0
0
0
186
166
192
0
0
0
0
0
216
157
192
0
0
0
0
0
204
162
192
0
0
0
0
0
86
165
192
0
0
0
0
0
224
151
192
0
0
0
0
0
204
168
192
0
0
0
0
0
240
119
192
0
0
0
0
0
154
168
192
0
0
0
0
0
48
139
64
0
0
0
0
0
154
164
192
0
0
0
0
0
240
159
64
0
0
0
0
0
116
154
192
0
0
0
0
0
4
167
64
0
0
0
0
0
80
124
192
0
0
0
0
0
182
170
64
0
0
0
0
0
200
139
64
0
0
0
0
0
84
170
64
0
0
0
0
0
136
160
64
0
0
0
0
0
220
165
64
0
0
0
0
0
168
167
64
0
0
0
0
0
244
155
64
0
0
0
0
0
46
171
64
0
0
0
0
0
144
127
64
0
0
0
0
0
146
170
64
0
0
0
0
0
160
138
192
0
0
0
0
0
250
165
64
0
0
0
0
0
48
160
192
0
0
0
0
0
64
156
64
0
0
0
0
0
60
167
192
0
0
0
0
0
240
128
64
0
0
0
0
0
204
170
192
0
0
0
0
0
8
137
192
0
0
0
0
0
96
170
192
0
0
0
0
0
172
159
192
0
0
0
0
0
12
166
192
0
0
0
0
0
30
167
192
0
0
0
0
0
220
156
192
0
0
0
0
0
8
171
192
0
0
0
0
0
96
130
192
0
0
0
0
0
244
170
192
0
0
0
0
0
72
136
64
0
0
0
0
0
214
166
192
0
0
0
0
0
0
160
64
0
0
0
0
0
100
158
192
0
0
0
0
0
182
167
64
0
0
0
0
0
104
132
192
0
0
0
0
0
254
171
64
0
0
0
0
0
232
135
64
0
0
0
0
0
34
172
64
0
0
0
0
0
100
160
64
0
0
0
0
0
6
168
64
0
0
0
0
0
142
168
64
0
0
0
0
0
44
160
64
0
0
0
0
0
48
173
64
0
0
0
0
0
208
134
64
0
0
0
0
0
130
173
64
0
0
0
0
0
128
135
192
0
0
0
0
0
94
169
64
0
0
0
0
0
214
160
192
0
0
0
0
0
70
161
64
0
0
0
0
0
130
169
192
0
0
0
0
0
112
137
64
0
0
0
0
0
128
174
192
0
0
0
0
0
16
135
192
0
0
0
0
0
244
174
192
0
0
0
0
0
64
161
192
0
0
0
0
0
176
170
192
0
0
0
0
0
70
170
192
0
0
0
0
0
66
162
192
0
0
0
0
0
96
175
192
0
0
0
0
0
184
139
192
0
0
0
0
0
176
175
192
0
0
0
0
0
16
134
64
0
0
0
0
0
38
171
192
0
0
0
0
0
26
161
64
0
0
0
0
0
128
162
192
0
0
0
0
0
252
169
64
0
0
0
0
0
184
140
192
0
0
0
0
0
202
174
64
0
0
0
0
0
0
132
64
0
0
0
0
0
220
174
64
0
0
0
0
0
38
160
64
0
0
0
0
0
80
170
64
0
0
0
0
0
158
168
64
0
0
0
0
0
250
161
64
0
0
0
0
0
66
173
64
0
0
0
0
0
208
140
64
0
0
0
0
0
136
173
64
0
0
0
0
0
160
129
192
0
0
0
0
0
128
169
64
0
0
0
0
0
104
158
192
0
0
0
0
0
202
161
64
0
0
0
0
0
180
167
192
0
0
0
0
0
224
141
64
0
0
0
0
0
194
172
192
0
0
0
0
0
40
128
192
0
0
0
0
0
160
173
192
0
0
0
0
0
64
158
192
0
0
0
0
0
28
170
192
0
0
0
0
0
40
168
192
0
0
0
0
0
152
162
192
0
0
0
0
0
184
173
192
0
0
0
0
0
56
144
192
0
0
0
0
0
216
174
192
0
0
0
0
0
160
126
64
0
0
0
0
0
60
171
192
0
0
0
0
0
176
158
64
0
0
0
0
0
102
163
192
0
0
0
0
0
152
168
64
0
0
0
0
0
40
145
192
0
0
0
0
0
10
174
64
0
0
0
0
0
144
123
64
0
0
0
0
0
208
174
64
0
0
0
0
0
108
157
64
0
0
0
0
0
222
170
64
0
0
0
0
0
112
167
64
0
0
0
0
0
246
162
64
0
0
0
0
0
88
172
64
0
0
0
0
0
244
144
64
0
0
0
0
0
216
172
64
0
0
0
0
0
240
118
192
0
0
0
0
0
22
169
64
0
0
0
0
0
172
154
192
0
0
0
0
0
206
161
64
0
0
0
0
0
118
165
192
0
0
0
0
0
100
144
64
0
0
0
0
0
54
170
192
0
0
0
0
0
208
114
192
0
0
0
0
0
12
171
192
0
0
0
0
0
188
152
192
0
0
0
0
0
248
167
192
0
0
0
0
0
132
164
192
0
0
0
0
0
114
161
192
0
0
0
0
0
170
169
192
0
0
0
0
0
184
144
192
0
0
0
0
0
18
171
192
0
0
0
0
0
64
112
64
0
0
0
0
0
118
168
192
0
0
0
0
0
136
152
64
0
0
0
0
0
32
162
192
0
0
0
0
0
210
164
64
0
0
0
0
0
224
145
192
0
0
0
0
0
92
170
64
0
0
0
0
0
64
108
64
0
0
0
0
0
252
171
64
0
0
0
0
0
168
152
64
0
0
0
0
0
92
169
64
0
0
0
0
0
26
165
64
0
0
0
0
0
216
162
64
0
0
0
0
0
184
170
64
0
0
0
0
0
220
146
64
0
0
0
0
0
74
172
64
0
0
0
0
0
192
102
192
0
0
0
0
0
150
169
64
0
0
0
0
0
16
152
192
0
0
0
0
0
12
163
64
0
0
0
0
0
202
164
192
0
0
0
0
0
100
147
64
0
0
0
0
0
100
170
192
0
0
0
0
0
224
96
192
0
0
0
0
0
4
172
192
0
0
0
0
0
44
151
192
0
0
0
0
0
116
169
192
0
0
0
0
0
90
164
192
0
0
0
0
0
26
163
192
0
0
0
0
0
14
170
192
0
0
0
0
0
220
147
192
0
0
0
0
0
220
171
192
0
0
0
0
0
0
87
64
0
0
0
0
0
128
169
192
0
0
0
0
0
132
150
64
0
0
0
0
0
82
163
192
0
0
0
0
0
30
164
64
0
0
0
0
0
124
148
192
0
0
0
0
0
252
169
64
0
0
0
0
0
128
73
64
0
0
0
0
0
250
171
64
0
0
0
0
0
12
150
64
0
0
0
0
0
202
169
64
0
0
0
0
0
16
164
64
0
0
0
0
0
190
163
64
0
0
0
0
0
46
170
64
0
0
0
0
0
100
149
64
0
0
0
0
0
118
172
64
0
0
0
0
0
0
24
192
0
0
0
0
0
134
170
64
0
0
0
0
0
224
149
192
0
0
0
0
0
148
164
64
0
0
0
0
0
98
164
192
0
0
0
0
0
212
150
64
0
0
0
0
0
246
170
192
0
0
0
0
0
128
68
64
0
0
0
0
0
160
173
192
0
0
0
0
0
44
150
192
0
0
0
0
0
222
171
192
0
0
0
0
0
24
165
192
0
0
0
0
0
210
165
192
0
0
0
0
0
28
172
192
0
0
0
0
0
156
152
192
0
0
0
0
0
246
174
192
0
0
0
0
0
192
86
192
0
0
0
0
0
30
173
192
0
0
0
0
0
96
150
64
0
0
0
0
0
202
166
192
0
0
0
0
0
132
165
64
0
0
0
0
0
224
153
192
0
0
0
0
0
160
172
64
0
0
0
0
0
128
97
192
0
0
0
0
0
102
175
64
0
0
0
0
0
204
149
64
0
0
0
0
0
108
173
64
0
0
0
0
0
54
165
64
0
0
0
0
0
4
167
64
0
0
0
0
0
74
172
64
0
0
0
0
0
104
154
64
0
0
0
0
0
36
175
64
0
0
0
0
0
128
103
64
0
0
0
0
0
96
173
64
0
0
0
0
0
240
148
192
0
0
0
0
0
66
167
64
0
0
0
0
0
230
164
192
0
0
0
0
0
80
155
64
0
0
0
0
0
84
172
192
0
0
0
0
0
64
110
64
0
0
0
0
0
170
175
192
0
0
0
0
0
204
148
192
0
0
0
0
0
90
174
192
0
0
0
0
0
112
165
192
0
0
0
0
0
114
168
192
0
0
0
0
0
140
173
192
0
0
0
0
0
92
157
192
0
0
0
0
0
179
176
192
0
0
0
0
0
32
115
192
0
0
0
0
0
33
176
192
0
0
0
0
0
64
149
64
0
0
0
0
0
34
170
192
0
0
0
0
0
94
166
64
0
0
0
0
0
172
159
192
0
0
0
0
0
242
174
64
0
0
0
0
0
96
119
192
0
0
0
0
0
119
177
64
0
0
0
0
0
64
149
64
0
0
0
0
0
206
176
64
0
0
0
0
0
170
166
64
0
0
0
0
0
36
171
64
0
0
0
0
0
78
175
64
0
0
0
0
0
132
160
64
0
0
0
0
0
156
177
64
0
0
0
0
0
32
123
64
0
0
0
0
0
232
176
64
0
0
0
0
0
116
148
192
0
0
0
0
0
90
171
64
0
0
0
0
0
68
166
192
0
0
0
0
0
210
160
64
0
0
0
0
0
240
174
192
0
0
0
0
0
112
126
64
0
0
0
0
0
125
177
192
0
0
0
0
0
136
147
192
0
0
0
0
0
230
176
192
0
0
0
0
0
230
165
192
0
0
0
0
0
148
171
192
0
0
0
0
0
204
174
192
0
0
0
0
0
58
161
192
0
0
0
0
0
143
177
192
0
0
0
0
0
248
128
192
0
0
0
0
0
24
177
192
0
0
0
0
0
228
146
64
0
0
0
0
0
30
172
192
0
0
0
0
0
202
165
64
0
0
0
0
0
198
161
192
0
0
0
0
0
234
174
64
0
0
0
0
0
208
130
192
0
0
0
0
0
181
177
64
0
0
0
0
0
56
146
64
0
0
0
0
0
75
177
64
0
0
0
0
0
150
165
64
0
0
0
0
0
142
172
64
0
0
0
0
0
212
174
64
0
0
0
0
0
58
162
64
0
0
0
0
0
186
177
64
0
0
0
0
0
160
132
64
0
0
0
0
0
100
177
64
0
0
0
0
0
100
145
192
0
0
0
0
0
232
172
64
0
0
0
0
0
72
165
192
0
0
0
0
0
178
162
64
0
0
0
0
0
186
174
192
0
0
0
0
0
144
134
64
0
0
0
0
0
207
177
192
0
0
0
0
0
176
144
192
0
0
0
0
0
155
177
192
0
0
0
0
0
44
165
192
0
0
0
0
0
132
173
192
0
0
0
0
0
236
174
192
0
0
0
0
0
86
163
192
0
0
0
0
0
11
178
192
0
0
0
0
0
160
136
192
0
0
0
0
0
235
177
192
0
0
0
0
0
20
144
64
0
0
0
0
0
40
174
192
0
0
0
0
0
24
165
64
0
0
0
0
0
230
163
192
0
0
0
0
0
0
175
64
0
0
0
0
0
128
138
192
0
0
0
0
0
29
178
64
0
0
0
0
0
120
142
64
0
0
0
0
0
252
177
64
0
0
0
0
0
168
164
64
0
0
0
0
0
78
174
64
0
0
0
0
0
134
174
64
0
0
0
0
0
32
164
64
0
0
0
0
0
226
177
64
0
0
0
0
0
0
140
64
0
0
0
0
0
211
177
64
0
0
0
0
0
88
140
192
0
0
0
0
0
60
174
64
0
0
0
0
0
16
164
192
0
0
0
0
0
88
164
64
0
0
0
0
0
8
174
192
0
0
0
0
0
176
141
64
0
0
0
0
0
199
177
192
0
0
0
0
0
160
138
192
0
0
0
0
0
232
177
192
0
0
0
0
0
218
163
192
0
0
0
0
0
188
174
192
0
0
0
0
0
54
174
192
0
0
0
0
0
2
165
192
0
0
0
0
0
21
178
192
0
0
0
0
0
0
144
192
0
0
0
0
0
95
178
192
0
0
0
0
0
136
137
64
0
0
0
0
0
198
175
192
0
0
0
0
0
254
163
64
0
0
0
0
0
238
165
192
0
0
0
0
0
192
174
64
0
0
0
0
0
76
145
192
0
0
0
0
0
124
178
64
0
0
0
0
0
72
136
64
0
0
0
0
0
210
178
64
0
0
0
0
0
250
163
64
0
0
0
0
0
80
176
64
0
0
0
0
0
242
174
64
0
0
0
0
0
164
166
64
0
0
0
0
0
166
178
64
0
0
0
0
0
108
146
64
0
0
0
0
0
7
179
64
0
0
0
0
0
152
134
192
0
0
0
0
0
142
176
64
0
0
0
0
0
182
163
192
0
0
0
0
0
48
167
64
0
0
0
0
0
222
174
192
0
0
0
0
0
128
147
64
0
0
0
0
0
186
178
192
0
0
0
0
0
232
132
192
0
0
0
0
0
61
179
192
0
0
0
0
0
134
163
192
0
0
0
0
0
222
176
192
0
0
0
0
0
4
175
192
0
0
0
0
0
228
167
192
0
0
0
0
0
248
178
192
0
0
0
0
0
188
148
192
0
0
0
0
0
156
179
192
0
0
0
0
0
104
131
64
0
0
0
0
0
76
177
192
0
0
0
0
0
122
163
64
0
0
0
0
0
178
168
192
0
0
0
0
0
72
175
64
0
0
0
0
0
0
150
192
0
0
0
0
0
58
179
64
0
0
0
0
0
200
129
64
0
0
0
0
0
239
179
64
0
0
0
0
0
78
163
64
0
0
0
0
0
164
177
64
0
0
0
0
0
84
175
64
0
0
0
0
0
92
169
64
0
0
0
0
0
89
179
64
0
0
0
0
0
44
151
64
0
0
0
0
0
38
180
64
0
0
0
0
0
224
127
192
0
0
0
0
0
238
177
64
0
0
0
0
0
12
163
192
0
0
0
0
0
8
170
64
0
0
0
0
0
90
175
192
0
0
0
0
0
116
152
64
0
0
0
0
0
135
179
192
0
0
0
0
0
80
124
192
0
0
0
0
0
125
180
192
0
0
0
0
0
242
162
192
0
0
0
0
0
98
178
192
0
0
0
0
0
174
175
192
0
0
0
0
0
246
170
192
0
0
0
0
0
227
179
192
0
0
0
0
0
244
153
192
0
0
0
0
0
248
180
192
0
0
0
0
0
240
120
64
0
0
0
0
0
227
178
192
0
0
0
0
0
230
162
64
0
0
0
0
0
218
171
192
0
0
0
0
0
240
175
64
0
0
0
0
0
80
155
192
0
0
0
0
0
26
180
64
0
0
0
0
0
32
117
64
0
0
0
0
0
51
181
64
0
0
0
0
0
136
162
64
0
0
0
0
0
24
179
64
0
0
0
0
0
150
175
64
0
0
0
0
0
60
172
64
0
0
0
0
0
236
179
64
0
0
0
0
0
44
156
64
0
0
0
0
0
11
181
64
0
0
0
0
0
192
112
192
0
0
0
0
0
5
179
64
0
0
0
0
0
224
161
192
0
0
0
0
0
86
172
64
0
0
0
0
0
236
174
192
0
0
0
0
0
232
156
64
0
0
0
0
0
169
179
192
0
0
0
0
0
0
105
192
0
0
0
0
0
237
180
192
0
0
0
0
0
94
161
192
0
0
0
0
0
21
179
192
0
0
0
0
0
160
174
192
0
0
0
0
0
196
172
192
0
0
0
0
0
176
179
192
0
0
0
0
0
8
158
192
0
0
0
0
0
35
181
192
0
0
0
0
0
32
97
64
0
0
0
0
0
106
179
192
0
0
0
0
0
28
161
64
0
0
0
0
0
130
173
192
0
0
0
0
0
174
174
64
0
0
0
0
0
92
159
192
0
0
0
0
0
217
179
64
0
0
0
0
0
64
82
64
0
0
0
0
0
95
181
64
0
0
0
0
0
198
160
64
0
0
0
0
0
173
179
64
0
0
0
0
0
116
174
64
0
0
0
0
0
4
174
64
0
0
0
0
0
194
179
64
0
0
0
0
0
46
160
64
0
0
0
0
0
78
181
64
0
0
0
0
0
0
24
192
0
0
0
0
0
166
179
64
0
0
0
0
0
46
160
192
0
0
0
0
0
32
174
64
0
0
0
0
0
208
173
192
0
0
0
0
0
128
160
64
0
0
0
0
0
118
179
192
0
0
0
0
0
128
78
64
0
0
0
0
0
24
181
192
0
0
0
0
0
28
159
192
0
0
0
0
0
147
179
192
0
0
0
0
0
62
173
192
0
0
0
0
0
72
174
192
0
0
0
0
0
70
179
192
0
0
0
0
0
230
160
192
0
0
0
0
0
13
181
192
0
0
0
0
0
128
95
192
0
0
0
0
0
174
179
192
0
0
0
0
0
48
158
64
0
0
0
0
0
180
174
192
0
0
0
0
0
244
172
64
0
0
0
0
0
110
161
192
0
0
0
0
0
63
179
64
0
0
0
0
0
0
104
192
0
0
0
0
0
34
181
64
0
0
0
0
0
92
157
64
0
0
0
0
0
217
179
64
0
0
0
0
0
170
172
64
0
0
0
0
0
38
175
64
0
0
0
0
0
43
179
64
0
0
0
0
0
238
161
64
0
0
0
0
0
32
181
64
0
0
0
0
0
48
112
64
0
0
0
0
0
232
179
64
0
0
0
0
0
84
156
192
0
0
0
0
0
108
175
64
0
0
0
0
0
50
172
192
0
0
0
0
0
86
162
64
0
0
0
0
0
252
178
192
0
0
0
0
0
64
116
64
0
0
0
0
0
5
181
192
0
0
0
0
0
56
155
192
0
0
0
0
0
232
179
192
0
0
0
0
0
176
171
192
0
0
0
0
0
160
175
192
0
0
0
0
0
203
178
192
0
0
0
0
0
182
162
192
0
0
0
0
0
235
180
192
0
0
0
0
0
48
120
192
0
0
0
0
0
230
179
192
0
0
0
0
0
40
154
64
0
0
0
0
0
202
175
192
0
0
0
0
0
44
171
64
0
0
0
0
0
12
163
192
0
0
0
0
0
146
178
64
0
0
0
0
0
0
124
192
0
0
0
0
0
191
180
64
0
0
0
0
0
248
152
64
0
0
0
0
0
205
179
64
0
0
0
0
0
132
170
64
0
0
0
0
0
204
175
64
0
0
0
0
0
62
178
64
0
0
0
0
0
72
163
64
0
0
0
0
0
121
180
64
0
0
0
0
0
192
127
64
0
0
0
0
0
162
179
64
0
0
0
0
0
176
151
192
0
0
0
0
0
192
175
64
0
0
0
0
0
208
169
192
0
0
0
0
0
136
163
64
0
0
0
0
0
239
177
192
0
0
0
0
0
192
129
64
0
0
0
0
0
71
180
192
0
0
0
0
0
152
150
192
0
0
0
0
0
152
179
192
0
0
0
0
0
88
169
192
0
0
0
0
0
248
175
192
0
0
0
0
0
207
177
192
0
0
0
0
0
246
163
192
0
0
0
0
0
75
180
192
0
0
0
0
0
192
131
192
0
0
0
0
0
188
179
192
0
0
0
0
0
188
149
64
0
0
0
0
0
53
176
192
0
0
0
0
0
20
169
64
0
0
0
0
0
120
164
192
0
0
0
0
0
196
177
64
0
0
0
0
0
192
133
192
0
0
0
0
0
83
180
64
0
0
0
0
0
204
148
64
0
0
0
0
0
210
179
64
0
0
0
0
0
164
168
64
0
0
0
0
0
85
176
64
0
0
0
0
0
143
177
64
0
0
0
0
0
208
164
64
0
0
0
0
0
34
180
64
0
0
0
0
0
152
135
64
0
0
0
0
0
173
179
64
0
0
0
0
0
156
147
192
0
0
0
0
0
71
176
64
0
0
0
0
0
238
167
192
0
0
0
0
0
244
164
64
0
0
0
0
0
48
177
192
0
0
0
0
0
56
137
64
0
0
0
0
0
208
179
192
0
0
0
0
0
100
146
192
0
0
0
0
0
121
179
192
0
0
0
0
0
64
167
192
0
0
0
0
0
59
176
192
0
0
0
0
0
229
176
192
0
0
0
0
0
42
165
192
0
0
0
0
0
163
179
192
0
0
0
0
0
240
138
192
0
0
0
0
0
114
179
192
0
0
0
0
0
96
145
64
0
0
0
0
0
88
176
192
0
0
0
0
0
212
166
64
0
0
0
0
0
150
165
192
0
0
0
0
0
200
176
64
0
0
0
0
0
224
140
192
0
0
0
0
0
163
179
64
0
0
0
0
0
124
144
64
0
0
0
0
0
141
179
64
0
0
0
0
0
124
166
64
0
0
0
0
0
134
176
64
0
0
0
0
0
171
176
64
0
0
0
0
0
6
166
64
0
0
0
0
0
149
179
64
0
0
0
0
0
208
142
64
0
0
0
0
0
139
179
64
0
0
0
0
0
240
142
192
0
0
0
0
0
147
176
64
0
0
0
0
0
244
165
192
0
0
0
0
0
66
166
64
0
0
0
0
0
103
176
192
0
0
0
0
0
56
144
64
0
0
0
0
0
86
179
192
0
0
0
0
0
168
140
192
0
0
0
0
0
92
179
192
0
0
0
0
0
68
165
192
0
0
0
0
0
125
176
192
0
0
0
0
0
0
0
0
0
0
0
0
0
0
0
0
0
0
0
0
0
0
0
0
0
0
0
0
0
0
0
0
0
0
0
0
0
0
0
0
0
0
0
0
0
0
0
0
0
0
0
0
0
0
0
0
0
0
0
0
0
0
0
0
0
0
0
0
0
0
0
0
0
0
0
0
0
0
0
0
0
0
0
0
0
0
0
0
0
0
0
0
0
0
0
0
0
0
0
0
0
0
0
0
0
0
0
0
0
0
0
0
0
0
0
0
0
0
0
0
0
0
0
0
0
0
0
0
0
0
0
0
0
0
0
0
0
0
0
0
0
0
0
0
0
0
0
0
0
0
0
0
0
0
0
0
0
0
0
0
0
0
0
0
0
0
0
0
0
0
0
0
0
0
0
0
0
0
0
0
0
0
0
0
0
0
0
0
0
0
0
0
0
0
0
0
0
0
0
0
0
0
0
0
0
0
0
0
0
0
0
0
0
0
0
0
0
0
0
0
0
0
0
0
0
0
0
0
0
0
0
0
0
0
0
0
0
0
0
0
0
0
0
0
0
0
0
0
0
0
0
0
0
0
0
0
0
0
0
0
0
0
0
0
0
0
0
0
0
0
0
0
0
0
0
0
0
0
0
0
0
0
0
0
0
0
0
0
0
0
0
0
0
0
0
0
0
0
0
0
0
0
0
0
0
0
0
0
0
0
0
0
0
0
0
0
0
0
0
0
0
0
0
0
0
0
0
0
0
0
0
0
0
0
0
0
0
0
0
0
0
0
0
0
0
0
0
0
0
0
0
0
0
0
0
0
0
0
0
0
0
0
0
0
0
0
0
0
0
0
0
0
0
0
0
0
0
0
0
0
0
0
0
0
0
0
0
0
0
0
0
0
0
0
0
0
0
0
0
0
0
0
0
0
0
0
0
0
0
0
0
0
0
0
0
0
0
0
0
0
0
0
0
0
0
0
0
0
0
0
0
0
0
0
0
0
0
0
0
0
0
0
0
0
0
0
0
0
0
0
0
0
0
0
0
0
0
0
0
0
0
0
0
0
0
0
0
0
0
0
0
0
0
0
0
0
0
0
0
0
0
0
0
0
0
0
0
0
0
0
0
0
0
0
0
0
0
0
0
0
0
0
0
0
0
0
0
0
0
0
0
0
0
0
0
0
0
0
0
0
0
0
0
0
0
0
0
0
0
0
0
0
0
0
0
0
0
0
0
0
0
0
0
0
0
0
0
0
0
0
0
0
0
0
0
0
0
0
0
0
0
0
0
0
0
0
0
0
0
0
0
0
0
0
0
0
0
0
0
0
0
0
0
0
0
0
0
0
0
0
0
0
0
0
0
0
0
0
0
0
0
0
0
0
0
0
0
0
0
0
0
0
0
0
0
0
0
0
0
0
0
0
0
0
0
0
0
0
0
0
0
0
0
0
0
0
0
0
0
0
0
0
0
0
0
0
0
0
0
0
0
0
0
0
0
0
0
0
0
0
0
0
0
0
0
0
0
0
0
0
0
0
0
0
0
0
0
0
0
0
0
0
0
0
0
0
0
0
0
0
0
0
0
0
0
0
0
0
0
0
0
0
0
0
0
0
0
0
0
0
0
0
0
0
0
0
0
0
0
0
0
0
0
0
0
0
0
0
0
0
0
0
0
0
0
0
0
0
0
0
0
0
0
0
0
0
0
0
0
0
0
0
0
0
0
0
0
0
0
0
0
0
0
0
0
0
0
0
0
0
0
0
0
0
0
0
0
0
0
0
0
0
0
0
0
0
0
0
0
0
0
0
0
0
0
0
0
0
0
0
0
0
0
0
0
0
0
0
0
0
0
0
0
0
0
0
0
0
0
0
0
0
0
0
0
0
0
0
0
0
0
0
0
0
0
0
0
0
0
0
0
0
0
0
0
0
0
0
0
0
0
0
0
0
0
0
0
0
0
0
0
0
0
0
0
0
0
0
0
0
0
0
0
0
0
0
0
0
0
0
0
0
0
0
0
0
0
0
0
0
0
0
0
0
0
0
0
0
0
0
0
0
0
0
0
0
0
0
0
0
0
0
0
0
0
0
0
0
0
0
0
0
0
0
0
0
0
0
0
0
0
0
0
0
0
0
0
0
0
0
0
0
0
0
0
0
0
0
0
0
0
0
0
0
0
0
0
0
0
0
0
0
0
0
0
0
0
0
0
0
0
0
0
0
0
0
0
0
0
0
0
0
0
0
0
0
0
0
0
0
0
0
0
0
0
0
0
0
0
0
0
0
0
0
0
0
0
0
0
0
0
0
0
0
0
0
0
0
0
0
0
0
0
0
0
0
0
0
0
0
0
0
0
0
0
0
0
0
0
0
0
0
0
0
0
0
0
0
0
0
0
0
0
0
0
0
0
0
0
0
0
0
0
0
0
0
0
0
0
0
0
0
0
0
0
0
0
0
0
0
0
0
0
0
0
0
0
0
0
0
0
0
0
0
0
0
0
0
0
0
0
0
0
0
0
0
0
0
0
0
0
0
0
0
0
0
0
0
0
0
0
0
0
0
0
0
0
0
0
0
0
0
0
0
0
0
0
0
0
0
0
0
0
0
0
0
0
0
0
0
0
0
0
0
0
0
0
0
0
0
0
0
0
0
0
0
0
0
0
0
0
0
0
0
0
0
0
0
0
0
0
0
0
0
0
0
0
0
0
0
0
0
0
0
0
0
0
0
0
0
0
0
0
0
0
0
0
0
0
0
0
0
0
0
0
0
0
0
0
0
0
0
0
0
0
0
0