58
70
65
67
84
58
67
68
65
84
49
56
58
68
65
84
65
32
35
57
48
48
48
48
48
54
57
51
54
0
0
0
0
0
0
42
64
0
0
0
0
0
208
131
64
0
0
0
0
0
128
78
192
0
0
0
0
0
144
130
64
0
0
0
0
0
192
95
192
0
0
0
0
0
224
128
64
0
0
0
0
0
160
102
192
0
0
0
0
0
208
125
64
0
0
0
0
0
96
107
192
0
0
0
0
0
112
121
64
0
0
0
0
0
0
110
192
0
0
0
0
0
240
116
64
0
0
0
0
0
64
110
192
0
0
0
0
0
160
112
64
0
0
0
0
0
96
108
192
0
0
0
0
0
96
105
64
0
0
0
0
0
96
104
192
0
0
0
0
0
0
99
64
0
0
0
0
0
160
98
192
0
0
0
0
0
128
92
64
0
0
0
0
0
128
86
192
0
0
0
0
0
0
87
64
0
0
0
0
0
0
56
192
0
0
0
0
0
64
86
64
0
0
0
0
0
0
71
64
0
0
0
0
0
0
87
64
0
0
0
0
0
0
56
64
0
0
0
0
0
128
92
64
0
0
0
0
0
128
86
64
0
0
0
0
0
0
99
64
0
0
0
0
0
160
98
64
0
0
0
0
0
96
105
64
0
0
0
0
0
96
104
64
0
0
0
0
0
160
112
64
0
0
0
0
0
96
108
64
0
0
0
0
0
240
116
64
0
0
0
0
0
64
110
64
0
0
0
0
0
112
121
64
0
0
0
0
0
0
110
64
0
0
0
0
0
208
125
64
0
0
0
0
0
96
107
64
0
0
0
0
0
224
128
64
0
0
0
0
0
160
102
64
0
0
0
0
0
144
130
64
0
0
0
0
0
192
95
64
0
0
0
0
0
208
131
64
0
0
0
0
0
128
78
64
0
0
0
0
0
136
132
64
0
0
0
0
0
0
42
192
0
0
0
0
0
176
132
64
0
0
0
0
0
64
87
192
0
0
0
0
0
72
132
64
0
0
0
0
0
160
101
192
0
0
0
0
0
64
131
64
0
0
0
0
0
0
111
192
0
0
0
0
0
184
129
64
0
0
0
0
0
176
115
192
0
0
0
0
0
96
127
64
0
0
0
0
0
32
119
192
0
0
0
0
0
160
122
64
0
0
0
0
0
144
121
192
0
0
0
0
0
96
117
64
0
0
0
0
0
208
122
192
0
0
0
0
0
192
111
64
0
0
0
0
0
224
122
192
0
0
0
0
0
0
101
64
0
0
0
0
0
160
121
192
0
0
0
0
0
0
86
64
0
0
0
0
0
48
119
192
0
0
0
0
0
0
51
64
0
0
0
0
0
160
115
192
0
0
0
0
0
128
66
192
0
0
0
0
0
64
110
192
0
0
0
0
0
192
82
192
0
0
0
0
0
192
99
192
0
0
0
0
0
64
87
192
0
0
0
0
0
192
80
192
0
0
0
0
0
64
86
192
0
0
0
0
0
0
58
64
0
0
0
0
0
64
80
192
0
0
0
0
0
128
93
64
0
0
0
0
0
0
52
192
0
0
0
0
0
64
105
64
0
0
0
0
0
128
69
64
0
0
0
0
0
48
113
64
0
0
0
0
0
64
94
64
0
0
0
0
0
208
116
64
0
0
0
0
0
96
106
64
0
0
0
0
0
64
119
64
0
0
0
0
0
80
115
64
0
0
0
0
0
96
120
64
0
0
0
0
0
128
121
64
0
0
0
0
0
48
120
64
0
0
0
0
0
144
127
64
0
0
0
0
0
160
118
64
0
0
0
0
0
144
130
64
0
0
0
0
0
192
115
64
0
0
0
0
0
0
133
64
0
0
0
0
0
160
111
64
0
0
0
0
0
232
134
64
0
0
0
0
0
192
101
64
0
0
0
0
0
72
136
64
0
0
0
0
0
192
84
64
0
0
0
0
0
248
136
64
0
0
0
0
0
0
42
192
0
0
0
0
0
0
137
64
0
0
0
0
0
0
92
192
0
0
0
0
0
88
136
64
0
0
0
0
0
224
105
192
0
0
0
0
0
24
135
64
0
0
0
0
0
112
114
192
0
0
0
0
0
72
133
64
0
0
0
0
0
32
119
192
0
0
0
0
0
8
131
64
0
0
0
0
0
208
122
192
0
0
0
0
0
128
128
64
0
0
0
0
0
96
125
192
0
0
0
0
0
128
123
64
0
0
0
0
0
160
126
192
0
0
0
0
0
16
118
64
0
0
0
0
0
144
126
192
0
0
0
0
0
224
112
64
0
0
0
0
0
80
125
192
0
0
0
0
0
96
104
64
0
0
0
0
0
208
122
192
0
0
0
0
0
192
96
64
0
0
0
0
0
96
119
192
0
0
0
0
0
128
86
64
0
0
0
0
0
32
115
192
0
0
0
0
0
0
80
64
0
0
0
0
0
192
108
192
0
0
0
0
0
128
77
64
0
0
0
0
0
224
98
192
0
0
0
0
0
64
82
64
0
0
0
0
0
128
82
192
0
0
0
0
0
0
91
64
0
0
0
0
0
0
8
192
0
0
0
0
0
224
99
64
0
0
0
0
0
128
76
64
0
0
0
0
0
32
108
64
0
0
0
0
0
128
89
64
0
0
0
0
0
208
114
64
0
0
0
0
0
64
96
64
0
0
0
0
0
240
119
64
0
0
0
0
0
32
97
64
0
0
0
0
0
16
125
64
0
0
0
0
0
0
95
64
0
0
0
0
0
0
129
64
0
0
0
0
0
128
86
64
0
0
0
0
0
40
131
64
0
0
0
0
0
0
67
64
0
0
0
0
0
232
132
64
0
0
0
0
0
0
63
192
0
0
0
0
0
32
134
64
0
0
0
0
0
64
92
192
0
0
0
0
0
192
134
64
0
0
0
0
0
96
105
192
0
0
0
0
0
168
134
64
0
0
0
0
0
144
114
192
0
0
0
0
0
232
133
64
0
0
0
0
0
96
120
192
0
0
0
0
0
120
132
64
0
0
0
0
0
192
125
192
0
0
0
0
0
120
130
64
0
0
0
0
0
48
129
192
0
0
0
0
0
224
127
64
0
0
0
0
0
0
131
192
0
0
0
0
0
0
122
64
0
0
0
0
0
48
132
192
0
0
0
0
0
192
115
64
0
0
0
0
0
176
132
192
0
0
0
0
0
160
106
64
0
0
0
0
0
120
132
192
0
0
0
0
0
128
92
64
0
0
0
0
0
120
131
192
0
0
0
0
0
0
56
64
0
0
0
0
0
200
129
192
0
0
0
0
0
0
74
192
0
0
0
0
0
240
126
192
0
0
0
0
0
64
91
192
0
0
0
0
0
64
121
192
0
0
0
0
0
0
98
192
0
0
0
0
0
208
114
192
0
0
0
0
0
96
99
192
0
0
0
0
0
224
103
192
0
0
0
0
0
96
97
192
0
0
0
0
0
0
84
192
0
0
0
0
0
128
88
192
0
0
0
0
0
0
59
64
0
0
0
0
0
0
64
192
0
0
0
0
0
192
94
64
0
0
0
0
0
128
75
64
0
0
0
0
0
96
105
64
0
0
0
0
0
0
100
64
0
0
0
0
0
96
112
64
0
0
0
0
0
96
113
64
0
0
0
0
0
144
114
64
0
0
0
0
0
64
121
64
0
0
0
0
0
32
115
64
0
0
0
0
0
144
128
64
0
0
0
0
0
240
113
64
0
0
0
0
0
88
132
64
0
0
0
0
0
0
110
64
0
0
0
0
0
192
135
64
0
0
0
0
0
224
100
64
0
0
0
0
0
168
138
64
0
0
0
0
0
0
82
64
0
0
0
0
0
232
140
64
0
0
0
0
0
128
69
192
0
0
0
0
0
80
142
64
0
0
0
0
0
64
101
192
0
0
0
0
0
232
142
64
0
0
0
0
0
16
115
192
0
0
0
0
0
144
142
64
0
0
0
0
0
160
123
192
0
0
0
0
0
88
141
64
0
0
0
0
0
232
129
192
0
0
0
0
0
72
139
64
0
0
0
0
0
160
133
192
0
0
0
0
0
136
136
64
0
0
0
0
0
208
136
192
0
0
0
0
0
40
133
64
0
0
0
0
0
80
139
192
0
0
0
0
0
96
129
64
0
0
0
0
0
0
141
192
0
0
0
0
0
192
122
64
0
0
0
0
0
208
141
192
0
0
0
0
0
192
114
64
0
0
0
0
0
160
141
192
0
0
0
0
0
32
102
64
0
0
0
0
0
96
140
192
0
0
0
0
0
128
81
64
0
0
0
0
0
24
138
192
0
0
0
0
0
0
46
192
0
0
0
0
0
248
134
192
0
0
0
0
0
128
81
192
0
0
0
0
0
64
131
192
0
0
0
0
0
64
87
192
0
0
0
0
0
80
126
192
0
0
0
0
0
128
84
192
0
0
0
0
0
0
118
192
0
0
0
0
0
0
67
192
0
0
0
0
0
96
108
192
0
0
0
0
0
0
66
64
0
0
0
0
0
64
93
192
0
0
0
0
0
224
96
64
0
0
0
0
0
0
62
192
0
0
0
0
0
64
111
64
0
0
0
0
0
0
60
64
0
0
0
0
0
96
119
64
0
0
0
0
0
0
75
64
0
0
0
0
0
32
127
64
0
0
0
0
0
128
71
64
0
0
0
0
0
64
131
64
0
0
0
0
0
0
32
64
0
0
0
0
0
144
134
64
0
0
0
0
0
128
77
192
0
0
0
0
0
104
137
64
0
0
0
0
0
224
98
192
0
0
0
0
0
152
139
64
0
0
0
0
0
144
112
192
0
0
0
0
0
16
141
64
0
0
0
0
0
192
120
192
0
0
0
0
0
192
141
64
0
0
0
0
0
216
128
192
0
0
0
0
0
152
141
64
0
0
0
0
0
136
133
192
0
0
0
0
0
160
140
64
0
0
0
0
0
88
138
192
0
0
0
0
0
200
138
64
0
0
0
0
0
24
143
192
0
0
0
0
0
40
136
64
0
0
0
0
0
212
145
192
0
0
0
0
0
176
132
64
0
0
0
0
0
236
147
192
0
0
0
0
0
104
128
64
0
0
0
0
0
180
149
192
0
0
0
0
0
240
118
64
0
0
0
0
0
20
151
192
0
0
0
0
0
0
104
64
0
0
0
0
0
240
151
192
0
0
0
0
0
0
32
64
0
0
0
0
0
52
152
192
0
0
0
0
0
0
102
192
0
0
0
0
0
208
151
192
0
0
0
0
0
240
117
192
0
0
0
0
0
196
150
192
0
0
0
0
0
160
127
192
0
0
0
0
0
12
149
192
0
0
0
0
0
168
131
192
0
0
0
0
0
188
146
192
0
0
0
0
0
64
134
192
0
0
0
0
0
216
143
192
0
0
0
0
0
80
135
192
0
0
0
0
0
144
137
192
0
0
0
0
0
192
134
192
0
0
0
0
0
0
131
192
0
0
0
0
0
128
132
192
0
0
0
0
0
80
121
192
0
0
0
0
0
176
128
192
0
0
0
0
0
128
107
192
0
0
0
0
0
240
118
192
0
0
0
0
0
0
81
192
0
0
0
0
0
96
100
192
0
0
0
0
0
128
69
64
0
0
0
0
0
128
80
64
0
0
0
0
0
192
89
64
0
0
0
0
0
48
115
64
0
0
0
0
0
0
91
64
0
0
0
0
0
32
129
64
0
0
0
0
0
0
75
64
0
0
0
0
0
40
136
64
0
0
0
0
0
0
76
192
0
0
0
0
0
104
142
64
0
0
0
0
0
96
107
192
0
0
0
0
0
200
145
64
0
0
0
0
0
208
122
192
0
0
0
0
0
180
147
64
0
0
0
0
0
64
133
192
0
0
0
0
0
224
148
64
0
0
0
0
0
32
142
192
0
0
0
0
0
52
149
64
0
0
0
0
0
224
147
192
0
0
0
0
0
164
148
64
0
0
0
0
0
244
152
192
0
0
0
0
0
40
147
64
0
0
0
0
0
36
158
192
0
0
0
0
0
184
144
64
0
0
0
0
0
164
161
192
0
0
0
0
0
160
138
64
0
0
0
0
0
34
164
192
0
0
0
0
0
248
129
64
0
0
0
0
0
118
166
192
0
0
0
0
0
224
109
64
0
0
0
0
0
140
168
192
0
0
0
0
0
0
99
192
0
0
0
0
0
78
170
192
0
0
0
0
0
128
130
192
0
0
0
0
0
162
171
192
0
0
0
0
0
192
144
192
0
0
0
0
0
114
172
192
0
0
0
0
0
184
152
192
0
0
0
0
0
170
172
192
0
0
0
0
0
122
160
192
0
0
0
0
0
64
172
192
0
0
0
0
0
154
164
192
0
0
0
0
0
40
171
192
0
0
0
0
0
156
168
192
0
0
0
0
0
94
169
192
0
0
0
0
0
98
172
192
0
0
0
0
0
232
166
192
0
0
0
0
0
200
175
192
0
0
0
0
0
204
163
192
0
0
0
0
0
90
177
192
0
0
0
0
0
28
160
192
0
0
0
0
0
135
178
192
0
0
0
0
0
228
151
192
0
0
0
0
0
98
179
192
0
0
0
0
0
168
141
192
0
0
0
0
0
230
179
192
0
0
0
0
0
16
117
192
0
0
0
0
0
16
180
192
0
0
0
0
0
64
114
64
0
0
0
0
0
226
179
192
0
0
0
0
0
224
140
64
0
0
0
0
0
93
179
192
0
0
0
0
0
36
152
64
0
0
0
0
0
135
178
192
0
0
0
0
0
190
160
64
0
0
0
0
0
103
177
192
0
0
0
0
0
40
165
64
0
0
0
0
0
3
176
192
0
0
0
0
0
60
169
64
0
0
0
0
0
200
172
192
0
0
0
0
0
238
172
64
0
0
0
0
0
32
169
192
0
0
0
0
0
25
176
64
0
0
0
0
0
30
165
192
0
0
0
0
0
126
177
64
0
0
0
0
0
204
160
192
0
0
0
0
0
161
178
64
0
0
0
0
0
120
152
192
0
0
0
0
0
124
179
64
0
0
0
0
0
248
141
192
0
0
0
0
0
13
180
64
0
0
0
0
0
32
117
192
0
0
0
0
0
79
180
64
0
0
0
0
0
224
113
64
0
0
0
0
0
64
180
64
0
0
0
0
0
56
140
64
0
0
0
0
0
223
179
64
0
0
0
0
0
120
151
64
0
0
0
0
0
45
179
64
0
0
0
0
0
48
160
64
0
0
0
0
0
43
178
64
0
0
0
0
0
82
164
64
0
0
0
0
0
224
176
64
0
0
0
0
0
16
168
64
0
0
0
0
0
166
174
64
0
0
0
0
0
88
171
64
0
0
0
0
0
30
171
64
0
0
0
0
0
32
174
64
0
0
0
0
0
60
167
64
0
0
0
0
0
49
176
64
0
0
0
0
0
24
163
64
0
0
0
0
0
13
177
64
0
0
0
0
0
136
157
64
0
0
0
0
0
165
177
64
0
0
0
0
0
176
148
64
0
0
0
0
0
252
177
64
0
0
0
0
0
136
135
64
0
0
0
0
0
20
178
64
0
0
0
0
0
64
103
64
0
0
0
0
0
243
177
64
0
0
0
0
0
48
119
192
0
0
0
0
0
154
177
64
0
0
0
0
0
136
140
192
0
0
0
0
0
13
177
64
0
0
0
0
0
124
150
192
0
0
0
0
0
75
176
64
0
0
0
0
0
100
158
192
0
0
0
0
0
170
174
64
0
0
0
0
0
246
162
192
0
0
0
0
0
86
172
64
0
0
0
0
0
130
166
192
0
0
0
0
0
156
169
64
0
0
0
0
0
202
169
192
0
0
0
0
0
124
166
64
0
0
0
0
0
192
172
192
0
0
0
0
0
254
162
64
0
0
0
0
0
90
175
192
0
0
0
0
0
76
158
64
0
0
0
0
0
194
176
192
0
0
0
0
0
4
150
64
0
0
0
0
0
152
177
192
0
0
0
0
0
120
138
64
0
0
0
0
0
41
178
192
0
0
0
0
0
160
112
64
0
0
0
0
0
110
178
192
0
0
0
0
0
64
116
192
0
0
0
0
0
102
178
192
0
0
0
0
0
104
140
192
0
0
0
0
0
17
178
192
0
0
0
0
0
24
151
192
0
0
0
0
0
112
177
192
0
0
0
0
0
140
159
192
0
0
0
0
0
135
176
192
0
0
0
0
0
184
163
192
0
0
0
0
0
186
174
192
0
0
0
0
0
78
167
192
0
0
0
0
0
242
171
192
0
0
0
0
0
124
170
192
0
0
0
0
0
200
168
192
0
0
0
0
0
56
173
192
0
0
0
0
0
76
165
192
0
0
0
0
0
124
175
192
0
0
0
0
0
148
161
192
0
0
0
0
0
163
176
192
0
0
0
0
0
88
155
192
0
0
0
0
0
73
177
192
0
0
0
0
0
68
147
192
0
0
0
0
0
177
177
192
0
0
0
0
0
0
134
192
0
0
0
0
0
219
177
192
0
0
0
0
0
64
101
192
0
0
0
0
0
197
177
192
0
0
0
0
0
192
118
64
0
0
0
0
0
112
177
192
0
0
0
0
0
224
139
64
0
0
0
0
0
221
176
192
0
0
0
0
0
0
150
64
0
0
0
0
0
11
176
192
0
0
0
0
0
192
157
64
0
0
0
0
0
248
173
192
0
0
0
0
0
144
162
64
0
0
0
0
0
98
171
192
0
0
0
0
0
252
165
64
0
0
0
0
0
92
168
192
0
0
0
0
0
20
169
64
0
0
0
0
0
244
164
192
0
0
0
0
0
200
171
64
0
0
0
0
0
54
161
192
0
0
0
0
0
8
174
64
0
0
0
0
0
116
154
192
0
0
0
0
0
200
175
64
0
0
0
0
0
32
146
192
0
0
0
0
0
129
176
64
0
0
0
0
0
56
131
192
0
0
0
0
0
215
176
64
0
0
0
0
0
0
81
192
0
0
0
0
0
231
176
64
0
0
0
0
0
64
125
64
0
0
0
0
0
179
176
64
0
0
0
0
0
200
142
64
0
0
0
0
0
61
176
64
0
0
0
0
0
4
151
64
0
0
0
0
0
22
175
64
0
0
0
0
0
24
158
64
0
0
0
0
0
72
173
64
0
0
0
0
0
74
162
64
0
0
0
0
0
28
171
64
0
0
0
0
0
52
165
64
0
0
0
0
0
156
168
64
0
0
0
0
0
198
167
64
0
0
0
0
0
214
165
64
0
0
0
0
0
0
170
64
0
0
0
0
0
208
162
64
0
0
0
0
0
222
171
64
0
0
0
0
0
44
159
64
0
0
0
0
0
92
173
64
0
0
0
0
0
88
152
64
0
0
0
0
0
122
174
64
0
0
0
0
0
60
145
64
0
0
0
0
0
50
175
64
0
0
0
0
0
184
131
64
0
0
0
0
0
130
175
64
0
0
0
0
0
96
98
64
0
0
0
0
0
100
175
64
0
0
0
0
0
128
117
192
0
0
0
0
0
210
174
64
0
0
0
0
0
40
138
192
0
0
0
0
0
204
173
64
0
0
0
0
0
168
148
192
0
0
0
0
0
78
172
64
0
0
0
0
0
252
155
192
0
0
0
0
0
96
170
64
0
0
0
0
0
120
161
192
0
0
0
0
0
2
168
64
0
0
0
0
0
178
164
192
0
0
0
0
0
66
165
64
0
0
0
0
0
156
167
192
0
0
0
0
0
42
162
64
0
0
0
0
0
38
170
192
0
0
0
0
0
144
157
64
0
0
0
0
0
68
172
192
0
0
0
0
0
92
150
64
0
0
0
0
0
236
173
192
0
0
0
0
0
176
141
64
0
0
0
0
0
24
175
192
0
0
0
0
0
176
124
64
0
0
0
0
0
194
175
192
0
0
0
0
0
0
63
192
0
0
0
0
0
238
175
192
0
0
0
0
0
24
128
192
0
0
0
0
0
158
175
192
0
0
0
0
0
200
142
192
0
0
0
0
0
218
174
192
0
0
0
0
0
116
150
192
0
0
0
0
0
168
173
192
0
0
0
0
0
32
157
192
0
0
0
0
0
14
172
192
0
0
0
0
0
178
161
192
0
0
0
0
0
20
170
192
0
0
0
0
0
146
164
192
0
0
0
0
0
190
167
192
0
0
0
0
0
46
167
192
0
0
0
0
0
22
165
192
0
0
0
0
0
124
169
192
0
0
0
0
0
30
162
192
0
0
0
0
0
114
171
192
0
0
0
0
0
188
157
192
0
0
0
0
0
2
173
192
0
0
0
0
0
200
150
192
0
0
0
0
0
36
174
192
0
0
0
0
0
232
142
192
0
0
0
0
0
210
174
192
0
0
0
0
0
128
127
192
0
0
0
0
0
2
175
192
0
0
0
0
0
0
38
192
0
0
0
0
0
180
174
192
0
0
0
0
0
16
126
64
0
0
0
0
0
230
173
192
0
0
0
0
0
16
142
64
0
0
0
0
0
160
172
192
0
0
0
0
0
60
150
64
0
0
0
0
0
230
170
192
0
0
0
0
0
252
156
64
0
0
0
0
0
194
168
192
0
0
0
0
0
146
161
64
0
0
0
0
0
68
166
192
0
0
0
0
0
78
164
64
0
0
0
0
0
120
163
192
0
0
0
0
0
170
166
64
0
0
0
0
0
112
160
192
0
0
0
0
0
160
168
64
0
0
0
0
0
116
154
192
0
0
0
0
0
44
170
64
0
0
0
0
0
204
147
192
0
0
0
0
0
76
171
64
0
0
0
0
0
248
137
192
0
0
0
0
0
2
172
64
0
0
0
0
0
144
120
192
0
0
0
0
0
82
172
64
0
0
0
0
0
128
69
64
0
0
0
0
0
60
172
64
0
0
0
0
0
112
125
64
0
0
0
0
0
196
171
64
0
0
0
0
0
184
139
64
0
0
0
0
0
242
170
64
0
0
0
0
0
32
148
64
0
0
0
0
0
200
169
64
0
0
0
0
0
20
154
64
0
0
0
0
0
72
168
64
0
0
0
0
0
168
159
64
0
0
0
0
0
120
166
64
0
0
0
0
0
100
162
64
0
0
0
0
0
88
164
64
0
0
0
0
0
176
164
64
0
0
0
0
0
240
161
64
0
0
0
0
0
176
166
64
0
0
0
0
0
144
158
64
0
0
0
0
0
94
168
64
0
0
0
0
0
208
152
64
0
0
0
0
0
174
169
64
0
0
0
0
0
176
146
64
0
0
0
0
0
156
170
64
0
0
0
0
0
144
136
64
0
0
0
0
0
34
171
64
0
0
0
0
0
208
118
64
0
0
0
0
0
60
171
64
0
0
0
0
0
128
78
192
0
0
0
0
0
238
170
64
0
0
0
0
0
80
126
192
0
0
0
0
0
54
170
64
0
0
0
0
0
32
140
192
0
0
0
0
0
28
169
64
0
0
0
0
0
80
148
192
0
0
0
0
0
164
167
64
0
0
0
0
0
56
154
192
0
0
0
0
0
214
165
64
0
0
0
0
0
184
159
192
0
0
0
0
0
188
163
64
0
0
0
0
0
94
162
192
0
0
0
0
0
94
161
64
0
0
0
0
0
154
164
192
0
0
0
0
0
136
157
64
0
0
0
0
0
140
166
192
0
0
0
0
0
240
151
64
0
0
0
0
0
46
168
192
0
0
0
0
0
12
146
64
0
0
0
0
0
126
169
192
0
0
0
0
0
200
135
64
0
0
0
0
0
118
170
192
0
0
0
0
0
64
118
64
0
0
0
0
0
20
171
192
0
0
0
0
0
128
76
192
0
0
0
0
0
86
171
192
0
0
0
0
0
144
125
192
0
0
0
0
0
54
171
192
0
0
0
0
0
176
139
192
0
0
0
0
0
180
170
192
0
0
0
0
0
48
148
192
0
0
0
0
0
204
169
192
0
0
0
0
0
76
154
192
0
0
0
0
0
130
168
192
0
0
0
0
0
12
160
192
0
0
0
0
0
214
166
192
0
0
0
0
0
188
162
192
0
0
0
0
0
202
164
192
0
0
0
0
0
42
165
192
0
0
0
0
0
102
162
192
0
0
0
0
0
70
167
192
0
0
0
0
0
100
159
192
0
0
0
0
0
8
169
192
0
0
0
0
0
116
153
192
0
0
0
0
0
100
170
192
0
0
0
0
0
24
147
192
0
0
0
0
0
84
171
192
0
0
0
0
0
224
136
192
0
0
0
0
0
212
171
192
0
0
0
0
0
96
118
192
0
0
0
0
0
228
171
192
0
0
0
0
0
128
84
64
0
0
0
0
0
130
171
192
0
0
0
0
0
40
128
64
0
0
0
0
0
182
170
192
0
0
0
0
0
80
141
64
0
0
0
0
0
134
169
192
0
0
0
0
0
236
148
64
0
0
0
0
0
250
167
192
0
0
0
0
0
196
154
64
0
0
0
0
0
26
166
192
0
0
0
0
0
16
160
64
0
0
0
0
0
244
163
192
0
0
0
0
0
120
162
64
0
0
0
0
0
142
161
192
0
0
0
0
0
148
164
64
0
0
0
0
0
232
157
192
0
0
0
0
0
96
166
64
0
0
0
0
0
88
152
192
0
0
0
0
0
218
167
64
0
0
0
0
0
132
146
192
0
0
0
0
0
0
169
64
0
0
0
0
0
240
136
192
0
0
0
0
0
208
169
64
0
0
0
0
0
0
121
192
0
0
0
0
0
70
170
64
0
0
0
0
0
0
8
64
0
0
0
0
0
98
170
64
0
0
0
0
0
128
121
64
0
0
0
0
0
36
170
64
0
0
0
0
0
96
137
64
0
0
0
0
0
134
169
64
0
0
0
0
0
216
146
64
0
0
0
0
0
140
168
64
0
0
0
0
0
200
152
64
0
0
0
0
0
50
167
64
0
0
0
0
0
100
158
64
0
0
0
0
0
128
165
64
0
0
0
0
0
200
161
64
0
0
0
0
0
120
163
64
0
0
0
0
0
26
164
64
0
0
0
0
0
36
161
64
0
0
0
0
0
32
166
64
0
0
0
0
0
24
157
64
0
0
0
0
0
206
167
64
0
0
0
0
0
120
151
64
0
0
0
0
0
32
169
64
0
0
0
0
0
132
145
64
0
0
0
0
0
16
170
64
0
0
0
0
0
168
134
64
0
0
0
0
0
156
170
64
0
0
0
0
0
16
116
64
0
0
0
0
0
196
170
64
0
0
0
0
0
64
85
192
0
0
0
0
0
142
170
64
0
0
0
0
0
128
126
192
0
0
0
0
0
252
169
64
0
0
0
0
0
160
139
192
0
0
0
0
0
14
169
64
0
0
0
0
0
208
147
192
0
0
0
0
0
204
167
64
0
0
0
0
0
148
153
192
0
0
0
0
0
54
166
64
0
0
0
0
0
12
159
192
0
0
0
0
0
80
164
64
0
0
0
0
0
22
162
192
0
0
0
0
0
28
162
64
0
0
0
0
0
114
164
192
0
0
0
0
0
60
159
64
0
0
0
0
0
146
166
192
0
0
0
0
0
180
153
64
0
0
0
0
0
110
168
192
0
0
0
0
0
172
147
64
0
0
0
0
0
250
169
192
0
0
0
0
0
104
138
64
0
0
0
0
0
44
171
192
0
0
0
0
0
176
121
64
0
0
0
0
0
248
171
192
0
0
0
0
0
128
66
192
0
0
0
0
0
88
172
192
0
0
0
0
0
176
126
192
0
0
0
0
0
70
172
192
0
0
0
0
0
112
141
192
0
0
0
0
0
192
171
192
0
0
0
0
0
152
149
192
0
0
0
0
0
198
170
192
0
0
0
0
0
40
156
192
0
0
0
0
0
92
169
192
0
0
0
0
0
34
161
192
0
0
0
0
0
136
167
192
0
0
0
0
0
232
163
192
0
0
0
0
0
86
165
192
0
0
0
0
0
88
166
192
0
0
0
0
0
208
162
192
0
0
0
0
0
110
168
192
0
0
0
0
0
6
160
192
0
0
0
0
0
34
170
192
0
0
0
0
0
4
154
192
0
0
0
0
0
112
171
192
0
0
0
0
0
164
147
192
0
0
0
0
0
88
172
192
0
0
0
0
0
8
138
192
0
0
0
0
0
214
172
192
0
0
0
0
0
240
120
192
0
0
0
0
0
236
172
192
0
0
0
0
0
128
67
64
0
0
0
0
0
152
172
192
0
0
0
0
0
192
125
64
0
0
0
0
0
222
171
192
0
0
0
0
0
88
140
64
0
0
0
0
0
190
170
192
0
0
0
0
0
184
148
64
0
0
0
0
0
60
169
192
0
0
0
0
0
0
155
64
0
0
0
0
0
90
167
192
0
0
0
0
0
118
160
64
0
0
0
0
0
28
165
192
0
0
0
0
0
46
163
64
0
0
0
0
0
140
162
192
0
0
0
0
0
156
165
64
0
0
0
0
0
100
159
192
0
0
0
0
0
180
167
64
0
0
0
0
0
60
153
192
0
0
0
0
0
110
169
64
0
0
0
0
0
180
146
192
0
0
0
0
0
192
170
64
0
0
0
0
0
216
135
192
0
0
0
0
0
164
171
64
0
0
0
0
0
32
116
192
0
0
0
0
0
24
172
64
0
0
0
0
0
192
93
64
0
0
0
0
0
28
172
64
0
0
0
0
0
56
129
64
0
0
0
0
0
178
171
64
0
0
0
0
0
64
142
64
0
0
0
0
0
222
170
64
0
0
0
0
0
84
149
64
0
0
0
0
0
170
169
64
0
0
0
0
0
36
155
64
0
0
0
0
0
26
168
64
0
0
0
0
0
64
160
64
0
0
0
0
0
56
166
64
0
0
0
0
0
170
162
64
0
0
0
0
0
12
164
64
0
0
0
0
0
206
164
64
0
0
0
0
0
158
161
64
0
0
0
0
0
162
166
64
0
0
0
0
0
240
157
64
0
0
0
0
0
38
168
64
0
0
0
0
0
64
152
64
0
0
0
0
0
82
169
64
0
0
0
0
0
60
146
64
0
0
0
0
0
36
170
64
0
0
0
0
0
248
135
64
0
0
0
0
0
152
170
64
0
0
0
0
0
64
118
64
0
0
0
0
0
170
170
64
0
0
0
0
0
0
78
192
0
0
0
0
0
90
170
64
0
0
0
0
0
192
125
192
0
0
0
0
0
168
169
64
0
0
0
0
0
152
139
192
0
0
0
0
0
148
168
64
0
0
0
0
0
244
147
192
0
0
0
0
0
36
167
64
0
0
0
0
0
204
153
192
0
0
0
0
0
92
165
64
0
0
0
0
0
64
159
192
0
0
0
0
0
70
163
64
0
0
0
0
0
24
162
192
0
0
0
0
0
232
160
64
0
0
0
0
0
74
164
192
0
0
0
0
0
156
156
64
0
0
0
0
0
42
166
192
0
0
0
0
0
8
151
64
0
0
0
0
0
180
167
192
0
0
0
0
0
36
145
64
0
0
0
0
0
228
168
192
0
0
0
0
0
24
134
64
0
0
0
0
0
180
169
192
0
0
0
0
0
64
115
64
0
0
0
0
0
38
170
192
0
0
0
0
0
64
87
192
0
0
0
0
0
54
170
192
0
0
0
0
0
192
126
192
0
0
0
0
0
232
169
192
0
0
0
0
0
152
139
192
0
0
0
0
0
60
169
192
0
0
0
0
0
180
147
192
0
0
0
0
0
52
168
192
0
0
0
0
0
88
153
192
0
0
0
0
0
210
166
192
0
0
0
0
0
156
158
192
0
0
0
0
0
30
165
192
0
0
0
0
0
184
161
192
0
0
0
0
0
26
163
192
0
0
0
0
0
0
0
0
0
0
0
0
0
0
0
0
0
0
0
0
0
0
0
0
0
0
0
0
0
0
0
0
0
0
0
0
0
0
0
0
0
0
0
0
0
0
0
0
0
0
0
0
0
0
0
0
0
0
0
0
0
0
0
0
0
0
0
0
0
0
0
0
0
0
0
0
0
0
0
0
0
0
0
0
0
0
0
0
0
0
0
0
0
0
0
0
0
0
0
0
0
0
0
0
0
0
0
0
0
0
0
0
0
0
0
0
0
0
0
0
0
0
0
0
0
0
0
0
0
0
0
0
0
0
0
0
0
0
0
0
0
0
0
0
0
0
0
0
0
0
0
0
0
0
0
0
0
0
0
0
0
0
0
0
0
0
0
0
0
0
0
0
0
0
0
0
0
0
0
0
0
0
0
0
0
0
0
0
0
0
0
0
0
0
0
0
0
0
0
0
0
0
0
0
0
0
0
0
0
0
0
0
0
0
0
0
0
0
0
0
0
0
0
0
0
0
0
0
0
0
0
0
0
0
0
0
0
0
0
0
0
0
0
0
0
0
0
0
0
0
0
0
0
0
0
0
0
0
0
0
0
0
0
0
0
0
0
0
0
0
0
0
0
0
0
0
0
0
0
0
0
0
0
0
0
0
0
0
0
0
0
0
0
0
0
0
0
0
0
0
0
0
0
0
0
0
0
0
0
0
0
0
0
0
0
0
0
0
0
0
0
0
0
0
0
0
0
0
0
0
0
0
0
0
0
0
0
0
0
0
0
0
0
0
0
0
0
0
0
0
0
0
0
0
0
0
0
0
0
0
0
0
0
0
0
0
0
0
0
0
0
0
0
0
0
0
0
0
0
0
0
0
0
0
0
0
0
0
0
0
0
0
0
0
0
0
0
0
0
0
0
0
0
0
0
0
0
0
0
0
0
0
0
0
0
0
0
0
0
0
0
0
0
0
0
0
0
0
0
0
0
0
0
0
0
0
0
0
0
0
0
0
0
0
0
0
0
0
0
0
0
0
0
0
0
0
0
0
0
0
0
0
0
0
0
0
0
0
0
0
0
0
0
0
0
0
0
0
0
0
0
0
0
0
0
0
0
0
0
0
0
0
0
0
0
0
0
0
0
0
0
0
0
0
0
0
0
0
0
0
0
0
0
0
0
0
0
0
0
0
0
0
0
0
0
0
0
0
0
0
0
0
0
0
0
0
0
0
0
0
0
0
0
0
0
0
0
0
0
0
0
0
0
0
0
0
0
0
0
0
0
0
0
0
0
0
0
0
0
0
0
0
0
0
0
0
0
0
0
0
0
0
0
0
0
0
0
0
0
0
0
0
0
0
0
0
0
0
0
0
0
0
0
0
0
0
0
0
0
0
0
0
0
0
0
0
0
0
0
0
0
0
0
0
0
0
0
0
0
0
0
0
0
0
0
0
0
0
0
0
0
0
0
0
0
0
0
0
0
0
0
0
0
0
0
0
0
0
0
0
0
0
0
0
0
0
0
0
0
0
0
0
0
0
0
0
0
0
0
0
0
0
0
0
0
0
0
0
0
0
0
0
0
0
0
0
0
0
0
0
0
0
0
0
0
0
0
0
0
0
0
0
0
0
0
0
0
0
0
0
0
0
0
0
0
0
0
0
0
0
0
0
0
0
0
0
0
0
0
0
0
0
0
0
0
0
0
0
0
0
0
0
0
0
0
0
0
0
0
0
0
0
0
0
0
0
0
0
0
0
0
0
0
0
0
0
0
0
0
0
0
0
0
0
0
0
0
0
0
0
0
0
0
0
0
0
0
0
0
0
0
0
0
0
0
0
0
0
0
0
0
0
0
0
0
0
0
0
0
0
0
0
0
0
0
0
0
0
0
0
0
0
0
0
0
0
0
0
0
0
0
0
0
0
0
0
0
0
0
0
0
0
0
0
0
0
0
0
0
0
0
0
0
0
0
0
0
0
0
0
0
0
0
0
0
0
0
0
0
0
0
0
0
0
0
0
0
0
0
0
0
0
0
0
0
0
0
0
0
0
0
0
0
0
0
0
0
0
0
0
0
0
0
0
0
0
0
0
0
0
0
0
0
0
0
0
0
0
0
0
0
0
0
0
0
0
0
0
0
0
0
0
0
0
0
0
0
0
0
0
0
0
0
0
0
0
0
0
0
0
0
0
0
0
0
0
0
0
0
0
0
0
0
0
0
0
0
0
0
0
0
0
0
0
0
0
0
0
0
0
0
0
0
0
0
0
0
0
0
0
0
0
0
0
0
0
0
0
0
0
0
0
0
0
0
0
0
0
0
0
0
0
0
0
0
0
0
0
0
0
0
0
0
0
0
0
0
0
0
0
0
0
0
0
0
0
0
0
0
0
0
0
0
0
0
0
0
0
0
0
0
0
0
0
0
0
0
0
0
0
0
0
0
0
0
0
0
0
0
0
0
0
0
0
0
0
0
0
0
0
0
0
0
0
0
0
0
0
0
0
0
0
0
0
0
0
0
0
0
0
0
0
0
0
0
0
0
0
0
0
0
0
0
0
0
0
0
0
0
0
0
0
0
0
0
0
0
0
0
0
0
0
0
0
0
0
0
0
0
0
0
0
0
0
0
0
0
0
0
0
0
0
0
0
0
0
0
0
0
0
0
0
0
0
0
0
0
0
0
0
0
0
0
0
0
0
0
0
0
0
0
0
0
0
0
0
0
0
0
0
0
0
0
0
0
0
0
0
0
0
0
0
0
0
0
0
0
0
0
0
0
0
0
0
0
0
0