58
70
65
67
84
58
67
68
65
84
49
56
58
68
65
84
65
32
35
57
48
48
48
48
48
54
57
51
54
0
80
113
192
0
0
0
0
0
16
115
192
0
0
0
0
0
176
112
192
0
0
0
0
0
64
95
192
0
0
0
0
0
64
99
192
0
0
0
0
0
0
20
192
0
0
0
0
0
0
8
64
0
0
0
0
0
0
34
64
0
0
0
0
0
64
89
64
0
0
0
0
0
128
85
192
0
0
0
0
0
128
91
64
0
0
0
0
0
192
107
192
0
0
0
0
0
0
53
64
0
0
0
0
0
144
116
192
0
0
0
0
0
128
93
192
0
0
0
0
0
224
117
192
0
0
0
0
0
224
109
192
0
0
0
0
0
64
113
192
0
0
0
0
0
192
113
192
0
0
0
0
0
64
98
192
0
0
0
0
0
160
109
192
0
0
0
0
0
0
54
192
0
0
0
0
0
128
95
192
0
0
0
0
0
128
66
64
0
0
0
0
0
0
36
192
0
0
0
0
0
0
240
63
0
0
0
0
0
128
71
64
0
0
0
0
0
64
87
192
0
0
0
0
0
0
53
64
0
0
0
0
0
128
105
192
0
0
0
0
0
64
83
192
0
0
0
0
0
176
112
192
0
0
0
0
0
32
104
192
0
0
0
0
0
224
110
192
0
0
0
0
0
208
112
192
0
0
0
0
0
96
99
192
0
0
0
0
0
144
112
192
0
0
0
0
0
128
66
192
0
0
0
0
0
96
103
192
0
0
0
0
0
0
71
64
0
0
0
0
0
64
83
192
0
0
0
0
0
0
75
64
0
0
0
0
0
0
24
64
0
0
0
0
0
0
38
192
0
0
0
0
0
0
49
64
0
0
0
0
0
128
93
192
0
0
0
0
0
0
72
192
0
0
0
0
0
64
105
192
0
0
0
0
0
64
99
192
0
0
0
0
0
64
107
192
0
0
0
0
0
128
110
192
0
0
0
0
0
160
99
192
0
0
0
0
0
240
112
192
0
0
0
0
0
0
74
192
0
0
0
0
0
192
107
192
0
0
0
0
0
0
70
64
0
0
0
0
0
192
94
192
0
0
0
0
0
192
83
64
0
0
0
0
0
0
63
192
0
0
0
0
0
128
66
64
0
0
0
0
0
0
36
64
0
0
0
0
0
0
75
192
0
0
0
0
0
0
60
192
0
0
0
0
0
96
98
192
0
0
0
0
0
0
94
192
0
0
0
0
0
160
103
192
0
0
0
0
0
64
107
192
0
0
0
0
0
128
99
192
0
0
0
0
0
176
112
192
0
0
0
0
0
64
80
192
0
0
0
0
0
96
110
192
0
0
0
0
0
0
66
64
0
0
0
0
0
192
99
192
0
0
0
0
0
0
87
64
0
0
0
0
0
0
78
192
0
0
0
0
0
0
83
64
0
0
0
0
0
0
28
192
0
0
0
0
0
0
0
192
0
0
0
0
0
0
44
192
0
0
0
0
0
0
89
192
0
0
0
0
0
0
87
192
0
0
0
0
0
0
100
192
0
0
0
0
0
224
103
192
0
0
0
0
0
224
98
192
0
0
0
0
0
32
112
192
0
0
0
0
0
0
83
192
0
0
0
0
0
0
112
192
0
0
0
0
0
0
57
64
0
0
0
0
0
96
103
192
0
0
0
0
0
64
88
64
0
0
0
0
0
0
86
192
0
0
0
0
0
192
89
64
0
0
0
0
0
0
50
192
0
0
0
0
0
128
67
64
0
0
0
0
0
0
20
192
0
0
0
0
0
0
76
192
0
0
0
0
0
192
80
192
0
0
0
0
0
96
96
192
0
0
0
0
0
128
100
192
0
0
0
0
0
224
97
192
0
0
0
0
0
128
110
192
0
0
0
0
0
64
85
192
0
0
0
0
0
112
112
192
0
0
0
0
0
0
42
64
0
0
0
0
0
64
106
192
0
0
0
0
0
64
88
64
0
0
0
0
0
0
93
192
0
0
0
0
0
192
94
64
0
0
0
0
0
0
63
192
0
0
0
0
0
0
83
64
0
0
0
0
0
0
0
0
0
0
0
0
0
0
42
192
0
0
0
0
0
0
71
192
0
0
0
0
0
0
89
192
0
0
0
0
0
32
97
192
0
0
0
0
0
128
96
192
0
0
0
0
0
96
108
192
0
0
0
0
0
192
86
192
0
0
0
0
0
144
112
192
0
0
0
0
0
0
0
128
0
0
0
0
0
224
108
192
0
0
0
0
0
64
87
64
0
0
0
0
0
224
97
192
0
0
0
0
0
32
97
64
0
0
0
0
0
0
73
192
0
0
0
0
0
128
91
64
0
0
0
0
0
0
8
64
0
0
0
0
0
0
58
64
0
0
0
0
0
0
59
192
0
0
0
0
0
192
80
192
0
0
0
0
0
128
91
192
0
0
0
0
0
64
93
192
0
0
0
0
0
192
105
192
0
0
0
0
0
192
87
192
0
0
0
0
0
96
112
192
0
0
0
0
0
0
42
192
0
0
0
0
0
224
110
192
0
0
0
0
0
128
85
64
0
0
0
0
0
64
101
192
0
0
0
0
0
128
98
64
0
0
0
0
0
0
82
192
0
0
0
0
0
160
97
64
0
0
0
0
0
0
24
192
0
0
0
0
0
0
81
64
0
0
0
0
0
0
36
192
0
0
0
0
0
0
62
192
0
0
0
0
0
192
84
192
0
0
0
0
0
0
88
192
0
0
0
0
0
192
102
192
0
0
0
0
0
192
87
192
0
0
0
0
0
224
111
192
0
0
0
0
0
0
57
192
0
0
0
0
0
80
112
192
0
0
0
0
0
64
83
64
0
0
0
0
0
160
104
192
0
0
0
0
0
128
99
64
0
0
0
0
0
64
88
192
0
0
0
0
0
64
101
64
0
0
0
0
0
0
48
192
0
0
0
0
0
0
92
64
0
0
0
0
0
0
8
64
0
0
0
0
0
0
40
64
0
0
0
0
0
0
75
192
0
0
0
0
0
0
81
192
0
0
0
0
0
32
99
192
0
0
0
0
0
64
86
192
0
0
0
0
0
32
110
192
0
0
0
0
0
0
66
192
0
0
0
0
0
240
112
192
0
0
0
0
0
64
80
64
0
0
0
0
0
0
108
192
0
0
0
0
0
0
100
64
0
0
0
0
0
128
95
192
0
0
0
0
0
224
104
64
0
0
0
0
0
0
62
192
0
0
0
0
0
0
100
64
0
0
0
0
0
0
42
64
0
0
0
0
0
192
80
64
0
0
0
0
0
0
56
192
0
0
0
0
0
0
61
192
0
0
0
0
0
64
93
192
0
0
0
0
0
192
82
192
0
0
0
0
0
96
107
192
0
0
0
0
0
128
69
192
0
0
0
0
0
32
113
192
0
0
0
0
0
0
74
64
0
0
0
0
0
96
111
192
0
0
0
0
0
64
100
64
0
0
0
0
0
32
100
192
0
0
0
0
0
128
108
64
0
0
0
0
0
128
73
192
0
0
0
0
0
0
107
64
0
0
0
0
0
0
51
64
0
0
0
0
0
160
96
64
0
0
0
0
0
0
50
64
0
0
0
0
0
0
53
64
0
0
0
0
0
64
81
192
0
0
0
0
0
0
72
192
0
0
0
0
0
224
102
192
0
0
0
0
0
128
70
192
0
0
0
0
0
176
112
192
0
0
0
0
0
0
67
64
0
0
0
0
0
64
113
192
0
0
0
0
0
224
99
64
0
0
0
0
0
32
105
192
0
0
0
0
0
16
112
64
0
0
0
0
0
64
84
192
0
0
0
0
0
160
113
64
0
0
0
0
0
0
55
64
0
0
0
0
0
160
107
64
0
0
0
0
0
0
76
64
0
0
0
0
0
192
90
64
0
0
0
0
0
0
24
192
0
0
0
0
0
0
28
64
0
0
0
0
0
0
94
192
0
0
0
0
0
128
65
192
0
0
0
0
0
192
109
192
0
0
0
0
0
0
54
64
0
0
0
0
0
48
114
192
0
0
0
0
0
192
98
64
0
0
0
0
0
0
111
192
0
0
0
0
0
240
113
64
0
0
0
0
0
64
95
192
0
0
0
0
0
0
119
64
0
0
0
0
0
0
52
64
0
0
0
0
0
224
117
64
0
0
0
0
0
128
92
64
0
0
0
0
0
64
110
64
0
0
0
0
0
64
91
64
0
0
0
0
0
64
89
64
0
0
0
0
0
0
240
191
0
0
0
0
0
0
38
64
0
0
0
0
0
224
98
192
0
0
0
0
0
0
28
64
0
0
0
0
0
32
113
192
0
0
0
0
0
0
95
64
0
0
0
0
0
128
114
192
0
0
0
0
0
96
115
64
0
0
0
0
0
0
104
192
0
0
0
0
0
48
126
64
0
0
0
0
0
0
16
64
0
0
0
0
0
152
129
64
0
0
0
0
0
64
106
64
0
0
0
0
0
160
127
64
0
0
0
0
0
192
116
64
0
0
0
0
0
0
117
64
0
0
0
0
0
48
115
64
0
0
0
0
0
160
96
64
0
0
0
0
0
128
97
64
0
0
0
0
0
0
0
64
0
0
0
0
0
64
87
192
0
0
0
0
0
0
71
64
0
0
0
0
0
128
113
192
0
0
0
0
0
160
112
64
0
0
0
0
0
240
113
192
0
0
0
0
0
192
131
64
0
0
0
0
0
0
68
192
0
0
0
0
0
176
143
64
0
0
0
0
0
80
124
64
0
0
0
0
0
152
147
64
0
0
0
0
0
40
145
64
0
0
0
0
0
8
147
64
0
0
0
0
0
8
155
64
0
0
0
0
0
40
138
64
0
0
0
0
0
238
160
64
0
0
0
0
0
64
97
64
0
0
0
0
0
170
161
64
0
0
0
0
0
168
135
192
0
0
0
0
0
72
158
64
0
0
0
0
0
8
154
192
0
0
0
0
0
40
147
64
0
0
0
0
0
172
162
192
0
0
0
0
0
64
110
64
0
0
0
0
0
160
165
192
0
0
0
0
0
32
138
192
0
0
0
0
0
44
165
192
0
0
0
0
0
92
156
192
0
0
0
0
0
82
161
192
0
0
0
0
0
180
163
192
0
0
0
0
0
112
149
192
0
0
0
0
0
60
166
192
0
0
0
0
0
0
116
192
0
0
0
0
0
110
165
192
0
0
0
0
0
32
136
64
0
0
0
0
0
122
161
192
0
0
0
0
0
44
155
64
0
0
0
0
0
16
150
192
0
0
0
0
0
26
163
64
0
0
0
0
0
48
120
192
0
0
0
0
0
216
165
64
0
0
0
0
0
208
133
64
0
0
0
0
0
116
165
64
0
0
0
0
0
124
154
64
0
0
0
0
0
246
161
64
0
0
0
0
0
68
163
64
0
0
0
0
0
144
151
64
0
0
0
0
0
160
166
64
0
0
0
0
0
160
125
64
0
0
0
0
0
182
166
64
0
0
0
0
0
192
132
192
0
0
0
0
0
98
163
64
0
0
0
0
0
48
155
192
0
0
0
0
0
4
154
64
0
0
0
0
0
48
164
192
0
0
0
0
0
232
129
64
0
0
0
0
0
226
167
192
0
0
0
0
0
152
131
192
0
0
0
0
0
254
167
192
0
0
0
0
0
72
155
192
0
0
0
0
0
114
164
192
0
0
0
0
0
86
164
192
0
0
0
0
0
148
155
192
0
0
0
0
0
244
167
192
0
0
0
0
0
88
132
192
0
0
0
0
0
246
167
192
0
0
0
0
0
48
129
64
0
0
0
0
0
112
164
192
0
0
0
0
0
216
153
64
0
0
0
0
0
248
155
192
0
0
0
0
0
144
163
64
0
0
0
0
0
64
134
192
0
0
0
0
0
84
167
64
0
0
0
0
0
32
125
64
0
0
0
0
0
190
167
64
0
0
0
0
0
208
152
64
0
0
0
0
0
196
164
64
0
0
0
0
0
144
163
64
0
0
0
0
0
128
157
64
0
0
0
0
0
30
168
64
0
0
0
0
0
152
137
64
0
0
0
0
0
78
169
64
0
0
0
0
0
224
121
192
0
0
0
0
0
198
166
64
0
0
0
0
0
180
153
192
0
0
0
0
0
170
160
64
0
0
0
0
0
4
165
192
0
0
0
0
0
192
142
64
0
0
0
0
0
94
170
192
0
0
0
0
0
32
119
192
0
0
0
0
0
226
171
192
0
0
0
0
0
204
154
192
0
0
0
0
0
32
169
192
0
0
0
0
0
26
166
192
0
0
0
0
0
104
162
192
0
0
0
0
0
132
171
192
0
0
0
0
0
124
145
192
0
0
0
0
0
182
172
192
0
0
0
0
0
48
114
64
0
0
0
0
0
138
169
192
0
0
0
0
0
168
153
64
0
0
0
0
0
152
162
192
0
0
0
0
0
62
165
64
0
0
0
0
0
40
146
192
0
0
0
0
0
72
170
64
0
0
0
0
0
160
103
64
0
0
0
0
0
80
171
64
0
0
0
0
0
248
150
64
0
0
0
0
0
90
168
64
0
0
0
0
0
140
163
64
0
0
0
0
0
252
161
64
0
0
0
0
0
162
168
64
0
0
0
0
0
100
146
64
0
0
0
0
0
34
170
64
0
0
0
0
0
192
88
192
0
0
0
0
0
226
167
64
0
0
0
0
0
32
149
192
0
0
0
0
0
48
162
64
0
0
0
0
0
214
162
192
0
0
0
0
0
148
147
64
0
0
0
0
0
114
168
192
0
0
0
0
0
0
52
192
0
0
0
0
0
132
170
192
0
0
0
0
0
112
148
192
0
0
0
0
0
174
168
192
0
0
0
0
0
224
162
192
0
0
0
0
0
30
163
192
0
0
0
0
0
200
168
192
0
0
0
0
0
68
149
192
0
0
0
0
0
252
170
192
0
0
0
0
0
64
80
192
0
0
0
0
0
32
169
192
0
0
0
0
0
92
147
64
0
0
0
0
0
136
163
192
0
0
0
0
0
88
162
64
0
0
0
0
0
52
150
192
0
0
0
0
0
46
168
64
0
0
0
0
0
160
98
192
0
0
0
0
0
94
170
64
0
0
0
0
0
148
145
64
0
0
0
0
0
168
168
64
0
0
0
0
0
78
161
64
0
0
0
0
0
98
163
64
0
0
0
0
0
54
167
64
0
0
0
0
0
188
150
64
0
0
0
0
0
182
169
64
0
0
0
0
0
96
108
64
0
0
0
0
0
120
168
64
0
0
0
0
0
24
144
192
0
0
0
0
0
168
163
64
0
0
0
0
0
182
160
192
0
0
0
0
0
224
151
64
0
0
0
0
0
244
166
192
0
0
0
0
0
64
115
64
0
0
0
0
0
214
169
192
0
0
0
0
0
40
142
192
0
0
0
0
0
230
168
192
0
0
0
0
0
98
160
192
0
0
0
0
0
60
164
192
0
0
0
0
0
196
166
192
0
0
0
0
0
20
153
192
0
0
0
0
0
178
169
192
0
0
0
0
0
32
120
192
0
0
0
0
0
194
168
192
0
0
0
0
0
96
139
64
0
0
0
0
0
40
164
192
0
0
0
0
0
8
159
64
0
0
0
0
0
88
153
192
0
0
0
0
0
182
165
64
0
0
0
0
0
16
124
192
0
0
0
0
0
146
168
64
0
0
0
0
0
192
135
64
0
0
0
0
0
202
167
64
0
0
0
0
0
156
156
64
0
0
0
0
0
148
163
64
0
0
0
0
0
114
164
64
0
0
0
0
0
64
153
64
0
0
0
0
0
140
167
64
0
0
0
0
0
176
127
64
0
0
0
0
0
58
167
64
0
0
0
0
0
200
132
192
0
0
0
0
0
140
163
64
0
0
0
0
0
32
155
192
0
0
0
0
0
4
154
64
0
0
0
0
0
248
163
192
0
0
0
0
0
32
130
64
0
0
0
0
0
122
167
192
0
0
0
0
0
184
130
192
0
0
0
0
0
140
167
192
0
0
0
0
0
136
154
192
0
0
0
0
0
32
164
192
0
0
0
0
0
242
163
192
0
0
0
0
0
96
155
192
0
0
0
0
0
180
167
192
0
0
0
0
0
176
132
192
0
0
0
0
0
248
167
192
0
0
0
0
0
160
128
64
0
0
0
0
0
178
164
192
0
0
0
0
0
212
153
64
0
0
0
0
0
180
156
192
0
0
0
0
0
214
163
64
0
0
0
0
0
96
135
192
0
0
0
0
0
230
167
64
0
0
0
0
0
240
124
64
0
0
0
0
0
132
168
64
0
0
0
0
0
108
153
64
0
0
0
0
0
140
165
64
0
0
0
0
0
38
164
64
0
0
0
0
0
180
158
64
0
0
0
0
0
208
168
64
0
0
0
0
0
224
138
64
0
0
0
0
0
238
169
64
0
0
0
0
0
128
121
192
0
0
0
0
0
48
167
64
0
0
0
0
0
224
153
192
0
0
0
0
0
220
160
64
0
0
0
0
0
16
165
192
0
0
0
0
0
24
143
64
0
0
0
0
0
56
170
192
0
0
0
0
0
192
117
192
0
0
0
0
0
128
171
192
0
0
0
0
0
244
153
192
0
0
0
0
0
154
168
192
0
0
0
0
0
90
165
192
0
0
0
0
0
240
161
192
0
0
0
0
0
126
170
192
0
0
0
0
0
28
145
192
0
0
0
0
0
160
171
192
0
0
0
0
0
112
112
64
0
0
0
0
0
162
168
192
0
0
0
0
0
116
152
64
0
0
0
0
0
16
162
192
0
0
0
0
0
114
164
64
0
0
0
0
0
236
145
192
0
0
0
0
0
146
169
64
0
0
0
0
0
64
101
64
0
0
0
0
0
242
170
64
0
0
0
0
0
196
150
64
0
0
0
0
0
118
168
64
0
0
0
0
0
224
163
64
0
0
0
0
0
118
162
64
0
0
0
0
0
168
169
64
0
0
0
0
0
112
147
64
0
0
0
0
0
228
171
64
0
0
0
0
0
0
86
192
0
0
0
0
0
30
170
64
0
0
0
0
0
200
150
192
0
0
0
0
0
96
164
64
0
0
0
0
0
228
164
192
0
0
0
0
0
136
150
64
0
0
0
0
0
180
171
192
0
0
0
0
0
0
0
192
0
0
0
0
0
158
174
192
0
0
0
0
0
156
151
192
0
0
0
0
0
244
172
192
0
0
0
0
0
54
166
192
0
0
0
0
0
190
166
192
0
0
0
0
0
124
173
192
0
0
0
0
0
172
153
192
0
0
0
0
0
43
176
192
0
0
0
0
0
192
88
192
0
0
0
0
0
66
174
192
0
0
0
0
0
244
150
64
0
0
0
0
0
152
167
192
0
0
0
0
0
240
165
64
0
0
0
0
0
240
154
192
0
0
0
0
0
248
172
64
0
0
0
0
0
160
104
192
0
0
0
0
0
138
175
64
0
0
0
0
0
172
148
64
0
0
0
0
0
106
173
64
0
0
0
0
0
104
164
64
0
0
0
0
0
14
167
64
0
0
0
0
0
72
171
64
0
0
0
0
0
4
155
64
0
0
0
0
0
28
174
64
0
0
0
0
0
160
113
64
0
0
0
0
0
144
172
64
0
0
0
0
0
136
146
192
0
0
0
0
0
236
166
64
0
0
0
0
0
84
163
192
0
0
0
0
0
240
155
64
0
0
0
0
0
150
170
192
0
0
0
0
0
96
119
64
0
0
0
0
0
4
174
192
0
0
0
0
0
84
145
192
0
0
0
0
0
18
173
192
0
0
0
0
0
26
163
192
0
0
0
0
0
206
167
192
0
0
0
0
0
210
170
192
0
0
0
0
0
224
157
192
0
0
0
0
0
154
174
192
0
0
0
0
0
240
125
192
0
0
0
0
0
212
173
192
0
0
0
0
0
44
144
64
0
0
0
0
0
148
168
192
0
0
0
0
0
188
162
64
0
0
0
0
0
88
159
192
0
0
0
0
0
142
170
64
0
0
0
0
0
248
129
192
0
0
0
0
0
94
174
64
0
0
0
0
0
248
140
64
0
0
0
0
0
162
173
64
0
0
0
0
0
190
161
64
0
0
0
0
0
136
168
64
0
0
0
0
0
120
169
64
0
0
0
0
0
204
159
64
0
0
0
0
0
82
173
64
0
0
0
0
0
80
132
64
0
0
0
0
0
206
172
64
0
0
0
0
0
48
137
192
0
0
0
0
0
20
168
64
0
0
0
0
0
140
160
192
0
0
0
0
0
212
159
64
0
0
0
0
0
48
168
192
0
0
0
0
0
64
134
64
0
0
0
0
0
36
172
192
0
0
0
0
0
160
133
192
0
0
0
0
0
230
171
192
0
0
0
0
0
196
158
192
0
0
0
0
0
146
167
192
0
0
0
0
0
232
166
192
0
0
0
0
0
192
159
192
0
0
0
0
0
240
170
192
0
0
0
0
0
8
136
192
0
0
0
0
0
248
170
192
0
0
0
0
0
48
130
64
0
0
0
0
0
20
167
192
0
0
0
0
0
136
156
64
0
0
0
0
0
204
159
192
0
0
0
0
0
198
165
64
0
0
0
0
0
248
137
192
0
0
0
0
0
14
170
64
0
0
0
0
0
96
126
64
0
0
0
0
0
140
170
64
0
0
0
0
0
24
155
64
0
0
0
0
0
50
167
64
0
0
0
0
0
100
165
64
0
0
0
0
0
116
160
64
0
0
0
0
0
50
170
64
0
0
0
0
0
232
140
64
0
0
0
0
0
60
171
64
0
0
0
0
0
176
121
192
0
0
0
0
0
64
168
64
0
0
0
0
0
192
154
192
0
0
0
0
0
150
161
64
0
0
0
0
0
190
165
192
0
0
0
0
0
80
144
64
0
0
0
0
0
254
170
192
0
0
0
0
0
32
117
192
0
0
0
0
0
62
172
192
0
0
0
0
0
72
154
192
0
0
0
0
0
62
169
192
0
0
0
0
0
176
165
192
0
0
0
0
0
108
162
192
0
0
0
0
0
240
170
192
0
0
0
0
0
184
145
192
0
0
0
0
0
30
172
192
0
0
0
0
0
0
111
64
0
0
0
0
0
28
169
192
0
0
0
0
0
152
152
64
0
0
0
0
0
114
162
192
0
0
0
0
0
170
164
64
0
0
0
0
0
112
146
192
0
0
0
0
0
220
169
64
0
0
0
0
0
64
99
64
0
0
0
0
0
58
171
64
0
0
0
0
0
168
150
64
0
0
0
0
0
168
168
64
0
0
0
0
0
198
163
64
0
0
0
0
0
140
162
64
0
0
0
0
0
102
169
64
0
0
0
0
0
132
147
64
0
0
0
0
0
104
171
64
0
0
0
0
0
128
81
192
0
0
0
0
0
118
169
64
0
0
0
0
0
236
149
192
0
0
0
0
0
186
163
64
0
0
0
0
0
10
164
192
0
0
0
0
0
192
149
64
0
0
0
0
0
102
170
192
0
0
0
0
0
0
48
64
0
0
0
0
0
2
173
192
0
0
0
0
0
248
149
192
0
0
0
0
0
80
171
192
0
0
0
0
0
188
164
192
0
0
0
0
0
110
165
192
0
0
0
0
0
144
171
192
0
0
0
0
0
80
152
192
0
0
0
0
0
86
174
192
0
0
0
0
0
0
92
192
0
0
0
0
0
142
172
192
0
0
0
0
0
88
149
64
0
0
0
0
0
120
166
192
0
0
0
0
0
176
164
64
0
0
0
0
0
8
154
192
0
0
0
0
0
162
171
64
0
0
0
0
0
64
106
192
0
0
0
0
0
122
174
64
0
0
0
0
0
236
147
64
0
0
0
0
0
208
172
64
0
0
0
0
0
18
164
64
0
0
0
0
0
234
166
64
0
0
0
0
0
66
171
64
0
0
0
0
0
84
155
64
0
0
0
0
0
122
174
64
0
0
0
0
0
16
115
64
0
0
0
0
0
66
173
64
0
0
0
0
0
168
146
192
0
0
0
0
0
188
167
64
0
0
0
0
0
204
163
192
0
0
0
0
0
68
157
64
0
0
0
0
0
130
171
192
0
0
0
0
0
160
121
64
0
0
0
0
0
74
175
192
0
0
0
0
0
216
145
192
0
0
0
0
0
124
174
192
0
0
0
0
0
244
163
192
0
0
0
0
0
32
169
192
0
0
0
0
0
60
172
192
0
0
0
0
0
208
159
192
0
0
0
0
0
57
176
192
0
0
0
0
0
128
128
192
0
0
0
0
0
226
175
192
0
0
0
0
0
248
144
64
0
0
0
0
0
138
170
192
0
0
0
0
0
8
164
64
0
0
0
0
0
42
161
192
0
0
0
0
0
198
172
64
0
0
0
0
0
88
132
192
0
0
0
0
0
173
176
64
0
0
0
0
0
168
143
64
0
0
0
0
0
134
176
64
0
0
0
0
0
238
163
64
0
0
0
0
0
210
171
64
0
0
0
0
0
40
173
64
0
0
0
0
0
98
162
64
0
0
0
0
0
24
177
64
0
0
0
0
0
80
136
64
0
0
0
0
0
26
177
64
0
0
0
0
0
64
141
192
0
0
0
0
0
28
173
64
0
0
0
0
0
206
163
192
0
0
0
0
0
156
163
64
0
0
0
0
0
126
173
192
0
0
0
0
0
72
140
64
0
0
0
0
0
112
177
192
0
0
0
0
0
128
138
192
0
0
0
0
0
139
177
192
0
0
0
0
0
102
163
192
0
0
0
0
0
14
174
192
0
0
0
0
0
76
173
192
0
0
0
0
0
134
164
192
0
0
0
0
0
105
177
192
0
0
0
0
0
200
143
192
0
0
0
0
0
148
177
192
0
0
0
0
0
0
135
64
0
0
0
0
0
74
174
192
0
0
0
0
0
132
162
64
0
0
0
0
0
0
165
192
0
0
0
0
0
118
172
64
0
0
0
0
0
96
145
192
0
0
0
0
0
21
177
64
0
0
0
0
0
72
131
64
0
0
0
0
0
107
177
64
0
0
0
0
0
148
161
64
0
0
0
0
0
108
174
64
0
0
0
0
0
196
171
64
0
0
0
0
0
144
165
64
0
0
0
0
0
247
176
64
0
0
0
0
0
12
147
64
0
0
0
0
0
149
177
64
0
0
0
0
0
240
127
192
0
0
0
0
0
58
175
64
0
0
0
0
0
12
161
192
0
0
0
0
0
162
166
64
0
0
0
0
0
188
171
192
0
0
0
0
0
36
149
64
0
0
0
0
0
55
177
192
0
0
0
0
0
192
121
192
0
0
0
0
0
11
178
192
0
0
0
0
0
172
160
192
0
0
0
0
0
48
176
192
0
0
0
0
0
192
171
192
0
0
0
0
0
204
167
192
0
0
0
0
0
97
177
192
0
0
0
0
0
52
151
192
0
0
0
0
0
77
178
192
0
0
0
0
0
224
114
64
0
0
0
0
0
128
176
192
0
0
0
0
0
244
159
64
0
0
0
0
0
132
168
192
0
0
0
0
0
52
171
64
0
0
0
0
0
220
152
192
0
0
0
0
0
47
177
64
0
0
0
0
0
0
103
64
0
0
0
0
0
56
178
64
0
0
0
0
0
24
158
64
0
0
0
0
0
147
176
64
0
0
0
0
0
102
170
64
0
0
0
0
0
0
169
64
0
0
0
0
0
238
176
64
0
0
0
0
0
100
154
64
0
0
0
0
0
45
178
64
0
0
0
0
0
128
81
192
0
0
0
0
0
193
176
64
0
0
0
0
0
120
156
192
0
0
0
0
0
184
169
64
0
0
0
0
0
224
169
192
0
0
0
0
0
52
156
64
0
0
0
0
0
224
176
192
0
0
0
0
0
128
69
64
0
0
0
0
0
87
178
192
0
0
0
0
0
32
155
192
0
0
0
0
0
25
177
192
0
0
0
0
0
134
169
192
0
0
0
0
0
162
170
192
0
0
0
0
0
225
176
192
0
0
0
0
0
40
158
192
0
0
0
0
0
132
178
192
0
0
0
0
0
224
99
192
0
0
0
0
0
107
177
192
0
0
0
0
0
172
153
64
0
0
0
0
0
124
171
192
0
0
0
0
0
18
169
64
0
0
0
0
0
12
160
192
0
0
0
0
0
212
176
64
0
0
0
0
0
112
113
192
0
0
0
0
0
170
178
64
0
0
0
0
0
48
152
64
0
0
0
0
0
194
177
64
0
0
0
0
0
176
168
64
0
0
0
0
0
116
172
64
0
0
0
0
0
225
176
64
0
0
0
0
0
32
161
64
0
0
0
0
0
245
178
64
0
0
0
0
0
48
121
64
0
0
0
0
0
65
178
64
0
0
0
0
0
228
150
192
0
0
0
0
0
168
173
64
0
0
0
0
0
130
168
192
0
0
0
0
0
84
162
64
0
0
0
0
0
8
177
192
0
0
0
0
0
152
128
64
0
0
0
0
0
81
179
192
0
0
0
0
0
136
149
192
0
0
0
0
0
191
178
192
0
0
0
0
0
46
168
192
0
0
0
0
0
194
174
192
0
0
0
0
0
8
177
192
0
0
0
0
0
106
163
192
0
0
0
0
0
117
179
192
0
0
0
0
0
152
132
192
0
0
0
0
0
2
179
192
0
0
0
0
0
208
147
64
0
0
0
0
0
126
175
192
0
0
0
0
0
132
167
64
0
0
0
0
0
80
164
192
0
0
0
0
0
214
176
64
0
0
0
0
0
136
136
192
0
0
0
0
0
114
179
64
0
0
0
0
0
0
146
64
0
0
0
0
0
52
179
64
0
0
0
0
0
226
166
64
0
0
0
0
0
35
176
64
0
0
0
0
0
192
176
64
0
0
0
0
0
90
165
64
0
0
0
0
0
164
179
64
0
0
0
0
0
184
140
64
0
0
0
0
0
170
179
64
0
0
0
0
0
108
144
192
0
0
0
0
0
199
176
64
0
0
0
0
0
152
166
192
0
0
0
0
0
184
166
64
0
0
0
0
0
233
176
192
0
0
0
0
0
180
144
64
0
0
0
0
0
23
180
192
0
0
0
0
0
224
141
192
0
0
0
0
0
81
180
192
0
0
0
0
0
96
166
192
0
0
0
0
0
133
177
192
0
0
0
0
0
14
177
192
0
0
0
0
0
38
168
192
0
0
0
0
0
112
180
192
0
0
0
0
0
24
147
192
0
0
0
0
0
205
180
192
0
0
0
0
0
96
138
64
0
0
0
0
0
17
178
192
0
0
0
0
0
214
165
64
0
0
0
0
0
72
169
192
0
0
0
0
0
244
176
64
0
0
0
0
0
76
149
192
0
0
0
0
0
125
180
64
0
0
0
0
0
96
134
64
0
0
0
0
0
255
180
64
0
0
0
0
0
4
165
64
0
0
0
0
0
102
178
64
0
0
0
0
0
173
176
64
0
0
0
0
0
42
170
64
0
0
0
0
0
97
180
64
0
0
0
0
0
84
151
64
0
0
0
0
0
19
181
64
0
0
0
0
0
72
130
192
0
0
0
0
0
169
178
64
0
0
0
0
0
32
164
192
0
0
0
0
0
250
170
64
0
0
0
0
0
92
176
192
0
0
0
0
0
76
153
64
0
0
0
0
0
61
180
192
0
0
0
0
0
96
124
192
0
0
0
0
0
32
181
192
0
0
0
0
0
54
163
192
0
0
0
0
0
229
178
192
0
0
0
0
0
4
176
192
0
0
0
0
0
192
171
192
0
0
0
0
0
16
180
192
0
0
0
0
0
64
155
192
0
0
0
0
0
37
181
192
0
0
0
0
0
0
0
0
0
0
0
0
0
0
0
0
0
0
0
0
0
0
0
0
0
0
0
0
0
0
0
0
0
0
0
0
0
0
0
0
0
0
0
0
0
0
0
0
0
0
0
0
0
0
0
0
0
0
0
0
0
0
0
0
0
0
0
0
0
0
0
0
0
0
0
0
0
0
0
0
0
0
0
0
0
0
0
0
0
0
0
0
0
0
0
0
0
0
0
0
0
0
0
0
0
0
0
0
0
0
0
0
0
0
0
0
0
0
0
0
0
0
0
0
0
0
0
0
0
0
0
0
0
0
0
0
0
0
0
0
0
0
0
0
0
0
0
0
0
0
0
0
0
0
0
0
0
0
0
0
0
0
0
0
0
0
0
0
0
0
0
0
0
0
0
0
0
0
0
0
0
0
0
0
0
0
0
0
0
0
0
0
0
0
0
0
0
0
0
0
0
0
0
0
0
0
0
0
0
0
0
0
0
0
0
0
0
0
0
0
0
0
0
0
0
0
0
0
0
0
0
0
0
0
0
0
0
0
0
0
0
0
0
0
0
0
0
0
0
0
0
0
0
0
0
0
0
0
0
0
0
0
0
0
0
0
0
0
0
0
0
0
0
0
0
0
0
0
0
0
0
0
0
0
0
0
0
0
0
0
0
0
0
0
0
0
0
0
0
0
0
0
0
0
0
0
0
0
0
0
0
0
0
0
0
0
0
0
0
0
0
0
0
0
0
0
0
0
0
0
0
0
0
0
0
0
0
0
0
0
0
0
0
0
0
0
0
0
0
0
0
0
0
0
0
0
0
0
0
0
0
0
0
0
0
0
0
0
0
0
0
0
0
0
0
0
0
0
0
0
0
0
0
0
0
0
0
0
0
0
0
0
0
0
0
0
0
0
0
0
0
0
0
0
0
0
0
0
0
0
0
0
0
0
0
0
0
0
0
0
0
0
0
0
0
0
0
0
0
0
0
0
0
0
0
0
0
0
0
0
0
0
0
0
0
0
0
0
0
0
0
0
0
0
0
0
0
0
0
0
0
0
0
0
0
0
0
0
0
0
0
0
0
0
0
0
0
0
0
0
0
0
0
0
0
0
0
0
0
0
0
0
0
0
0
0
0
0
0
0
0
0
0
0
0
0
0
0
0
0
0
0
0
0
0
0
0
0
0
0
0
0
0
0
0
0
0
0
0
0
0
0
0
0
0
0
0
0
0
0
0
0
0
0
0
0
0
0
0
0
0
0
0
0
0
0
0
0
0
0
0
0
0
0
0
0
0
0
0
0
0
0
0
0
0
0
0
0
0
0
0
0
0
0
0
0
0
0
0
0
0
0
0
0
0
0
0
0
0
0
0
0
0
0
0
0
0
0
0
0
0
0
0
0
0
0
0
0
0
0
0
0
0
0
0
0
0
0
0
0
0
0
0
0
0
0
0
0
0
0
0
0
0
0
0
0
0
0
0
0
0
0
0
0
0
0
0
0
0
0
0
0
0
0
0
0
0
0
0
0
0
0
0
0
0
0
0
0
0
0
0
0
0
0
0
0
0
0
0
0
0
0
0
0
0
0
0
0
0
0
0
0
0
0
0
0
0
0
0
0
0
0
0
0
0
0
0
0
0
0
0
0
0
0
0
0
0
0
0
0
0
0
0
0
0
0
0
0
0
0
0
0
0
0
0
0
0
0
0
0
0
0
0
0
0
0
0
0
0
0
0
0
0
0
0
0
0
0
0
0
0
0
0
0
0
0
0
0
0
0
0
0
0
0
0
0
0
0
0
0
0
0
0
0
0
0
0
0
0
0
0
0
0
0
0
0
0
0
0
0
0
0
0
0
0
0
0
0
0
0
0
0
0
0
0
0
0
0
0
0
0
0
0
0
0
0
0
0
0
0
0
0
0
0
0
0
0
0
0
0
0
0
0
0
0
0
0
0
0
0
0
0
0
0
0
0
0
0
0
0
0
0
0
0
0
0
0
0
0
0
0
0
0
0
0
0
0
0
0
0
0
0
0
0
0
0
0
0
0
0
0
0
0
0
0
0
0
0
0
0
0
0
0
0
0
0
0
0
0
0
0
0
0
0
0
0
0
0
0
0
0
0
0
0
0
0
0
0
0
0
0
0
0
0
0
0
0
0
0
0
0
0
0
0
0
0
0
0
0
0
0
0
0
0
0
0
0
0
0
0
0
0
0
0
0
0
0
0
0
0
0
0
0
0
0
0
0
0
0
0
0
0
0
0
0
0
0
0
0
0
0
0
0
0
0
0
0
0
0
0
0
0
0
0
0
0
0
0
0
0
0
0
0
0
0
0
0
0
0
0
0
0
0
0
0
0
0
0
0
0
0
0
0
0
0
0
0
0
0
0
0
0
0
0
0
0
0
0
0
0
0
0
0
0
0
0
0
0
0
0
0
0
0
0
0
0
0
0
0
0
0
0
0
0
0
0
0
0
0
0
0
0
0
0
0
0
0
0
0
0
0
0
0
0
0
0
0
0
0
0
0
0
0
0
0
0
0
0
0
0
0
0
0
0
0
0
0
0
0
0
0
0
0
0
0
0
0
0
0
0
0
0
0
0
0
0
0
0
0
0
0
0
0
0
0
0
0
0
0
0
0
0
0
0
0
0
0
0
0
0
0
0
0
0
0
0
0
0
0
0
0
0
0
0
0
0
0
0
0
0
0
0
0
0
0
0
0
0
0
0
0
0
0
0
0
0
0
0
0
0
0
0
0
0
0
0
0
0
0
0
0
0
0
0
0
0
0
0
0
0
0