58
70
65
67
84
58
67
68
65
84
49
56
58
68
65
84
65
32
35
57
48
48
48
48
48
54
57
51
54
0
92
167
64
0
0
0
0
0
194
168
64
0
0
0
0
0
216
157
64
0
0
0
0
0
74
172
64
0
0
0
0
0
224
129
64
0
0
0
0
0
166
171
64
0
0
0
0
0
192
137
192
0
0
0
0
0
2
167
64
0
0
0
0
0
56
160
192
0
0
0
0
0
52
158
64
0
0
0
0
0
124
167
192
0
0
0
0
0
128
132
64
0
0
0
0
0
58
171
192
0
0
0
0
0
200
133
192
0
0
0
0
0
240
170
192
0
0
0
0
0
32
158
192
0
0
0
0
0
182
166
192
0
0
0
0
0
80
166
192
0
0
0
0
0
120
158
192
0
0
0
0
0
46
170
192
0
0
0
0
0
160
134
192
0
0
0
0
0
40
170
192
0
0
0
0
0
96
130
64
0
0
0
0
0
80
166
192
0
0
0
0
0
8
156
64
0
0
0
0
0
140
158
192
0
0
0
0
0
70
165
64
0
0
0
0
0
80
136
192
0
0
0
0
0
92
169
64
0
0
0
0
0
160
127
64
0
0
0
0
0
190
169
64
0
0
0
0
0
208
154
64
0
0
0
0
0
94
166
64
0
0
0
0
0
246
164
64
0
0
0
0
0
108
159
64
0
0
0
0
0
134
169
64
0
0
0
0
0
176
138
64
0
0
0
0
0
98
170
64
0
0
0
0
0
224
123
192
0
0
0
0
0
90
167
64
0
0
0
0
0
160
154
192
0
0
0
0
0
196
160
64
0
0
0
0
0
86
165
192
0
0
0
0
0
56
142
64
0
0
0
0
0
76
170
192
0
0
0
0
0
96
119
192
0
0
0
0
0
96
171
192
0
0
0
0
0
28
154
192
0
0
0
0
0
84
168
192
0
0
0
0
0
62
165
192
0
0
0
0
0
158
161
192
0
0
0
0
0
52
170
192
0
0
0
0
0
148
144
192
0
0
0
0
0
52
171
192
0
0
0
0
0
80
113
64
0
0
0
0
0
42
168
192
0
0
0
0
0
68
152
64
0
0
0
0
0
166
161
192
0
0
0
0
0
34
164
64
0
0
0
0
0
96
145
192
0
0
0
0
0
14
169
64
0
0
0
0
0
224
101
64
0
0
0
0
0
72
170
64
0
0
0
0
0
56
150
64
0
0
0
0
0
188
167
64
0
0
0
0
0
58
163
64
0
0
0
0
0
206
161
64
0
0
0
0
0
162
168
64
0
0
0
0
0
148
146
64
0
0
0
0
0
142
170
64
0
0
0
0
0
192
85
192
0
0
0
0
0
168
168
64
0
0
0
0
0
144
149
192
0
0
0
0
0
16
163
64
0
0
0
0
0
152
163
192
0
0
0
0
0
224
148
64
0
0
0
0
0
196
169
192
0
0
0
0
0
0
32
192
0
0
0
0
0
70
172
192
0
0
0
0
0
200
149
192
0
0
0
0
0
146
170
192
0
0
0
0
0
98
164
192
0
0
0
0
0
196
164
192
0
0
0
0
0
250
170
192
0
0
0
0
0
80
151
192
0
0
0
0
0
148
173
192
0
0
0
0
0
192
83
192
0
0
0
0
0
186
171
192
0
0
0
0
0
64
149
64
0
0
0
0
0
176
165
192
0
0
0
0
0
80
164
64
0
0
0
0
0
212
152
192
0
0
0
0
0
246
170
64
0
0
0
0
0
64
101
192
0
0
0
0
0
152
173
64
0
0
0
0
0
204
147
64
0
0
0
0
0
218
171
64
0
0
0
0
0
164
163
64
0
0
0
0
0
14
166
64
0
0
0
0
0
134
170
64
0
0
0
0
0
24
154
64
0
0
0
0
0
148
173
64
0
0
0
0
0
208
112
64
0
0
0
0
0
90
172
64
0
0
0
0
0
124
146
192
0
0
0
0
0
246
166
64
0
0
0
0
0
98
163
192
0
0
0
0
0
52
156
64
0
0
0
0
0
220
170
192
0
0
0
0
0
208
119
64
0
0
0
0
0
130
174
192
0
0
0
0
0
168
145
192
0
0
0
0
0
180
173
192
0
0
0
0
0
148
163
192
0
0
0
0
0
116
168
192
0
0
0
0
0
162
171
192
0
0
0
0
0
216
158
192
0
0
0
0
0
178
175
192
0
0
0
0
0
64
127
192
0
0
0
0
0
24
175
192
0
0
0
0
0
208
144
64
0
0
0
0
0
210
169
192
0
0
0
0
0
168
163
64
0
0
0
0
0
156
160
192
0
0
0
0
0
36
172
64
0
0
0
0
0
56
131
192
0
0
0
0
0
70
176
64
0
0
0
0
0
136
143
64
0
0
0
0
0
22
176
64
0
0
0
0
0
148
163
64
0
0
0
0
0
4
171
64
0
0
0
0
0
136
172
64
0
0
0
0
0
196
161
64
0
0
0
0
0
176
176
64
0
0
0
0
0
248
134
64
0
0
0
0
0
171
176
64
0
0
0
0
0
72
141
192
0
0
0
0
0
84
172
64
0
0
0
0
0
126
163
192
0
0
0
0
0
4
163
64
0
0
0
0
0
236
172
192
0
0
0
0
0
0
139
64
0
0
0
0
0
17
177
192
0
0
0
0
0
136
138
192
0
0
0
0
0
37
177
192
0
0
0
0
0
26
163
192
0
0
0
0
0
82
173
192
0
0
0
0
0
190
172
192
0
0
0
0
0
248
163
192
0
0
0
0
0
12
177
192
0
0
0
0
0
160
142
192
0
0
0
0
0
46
177
192
0
0
0
0
0
248
134
64
0
0
0
0
0
142
173
192
0
0
0
0
0
50
162
64
0
0
0
0
0
112
164
192
0
0
0
0
0
224
171
64
0
0
0
0
0
204
144
192
0
0
0
0
0
180
176
64
0
0
0
0
0
56
131
64
0
0
0
0
0
3
177
64
0
0
0
0
0
66
161
64
0
0
0
0
0
174
173
64
0
0
0
0
0
52
171
64
0
0
0
0
0
2
165
64
0
0
0
0
0
156
176
64
0
0
0
0
0
116
146
64
0
0
0
0
0
53
177
64
0
0
0
0
0
0
128
192
0
0
0
0
0
142
174
64
0
0
0
0
0
202
160
192
0
0
0
0
0
30
166
64
0
0
0
0
0
66
171
192
0
0
0
0
0
140
148
64
0
0
0
0
0
234
176
192
0
0
0
0
0
16
122
192
0
0
0
0
0
184
177
192
0
0
0
0
0
120
160
192
0
0
0
0
0
194
175
192
0
0
0
0
0
88
171
192
0
0
0
0
0
76
167
192
0
0
0
0
0
24
177
192
0
0
0
0
0
152
150
192
0
0
0
0
0
249
177
192
0
0
0
0
0
112
115
64
0
0
0
0
0
45
176
192
0
0
0
0
0
148
159
64
0
0
0
0
0
248
167
192
0
0
0
0
0
198
170
64
0
0
0
0
0
40
152
192
0
0
0
0
0
224
176
64
0
0
0
0
0
128
104
64
0
0
0
0
0
221
177
64
0
0
0
0
0
180
157
64
0
0
0
0
0
57
176
64
0
0
0
0
0
246
169
64
0
0
0
0
0
108
168
64
0
0
0
0
0
160
176
64
0
0
0
0
0
172
153
64
0
0
0
0
0
214
177
64
0
0
0
0
0
192
84
192
0
0
0
0
0
110
176
64
0
0
0
0
0
36
156
192
0
0
0
0
0
52
169
64
0
0
0
0
0
126
169
192
0
0
0
0
0
144
155
64
0
0
0
0
0
157
176
192
0
0
0
0
0
0
62
64
0
0
0
0
0
12
178
192
0
0
0
0
0
220
154
192
0
0
0
0
0
209
176
192
0
0
0
0
0
50
169
192
0
0
0
0
0
42
170
192
0
0
0
0
0
163
176
192
0
0
0
0
0
140
157
192
0
0
0
0
0
59
178
192
0
0
0
0
0
64
98
192
0
0
0
0
0
34
177
192
0
0
0
0
0
108
153
64
0
0
0
0
0
254
170
192
0
0
0
0
0
188
168
64
0
0
0
0
0
104
159
192
0
0
0
0
0
147
176
64
0
0
0
0
0
112
112
192
0
0
0
0
0
92
178
64
0
0
0
0
0
244
151
64
0
0
0
0
0
114
177
64
0
0
0
0
0
90
168
64
0
0
0
0
0
234
171
64
0
0
0
0
0
160
176
64
0
0
0
0
0
194
160
64
0
0
0
0
0
170
178
64
0
0
0
0
0
0
120
64
0
0
0
0
0
246
177
64
0
0
0
0
0
188
150
192
0
0
0
0
0
42
173
64
0
0
0
0
0
58
168
192
0
0
0
0
0
252
161
64
0
0
0
0
0
209
176
192
0
0
0
0
0
0
128
64
0
0
0
0
0
16
179
192
0
0
0
0
0
112
149
192
0
0
0
0
0
125
178
192
0
0
0
0
0
242
167
192
0
0
0
0
0
78
174
192
0
0
0
0
0
214
176
192
0
0
0
0
0
20
163
192
0
0
0
0
0
54
179
192
0
0
0
0
0
232
131
192
0
0
0
0
0
189
178
192
0
0
0
0
0
196
147
64
0
0
0
0
0
252
174
192
0
0
0
0
0
74
167
64
0
0
0
0
0
236
163
192
0
0
0
0
0
161
176
64
0
0
0
0
0
176
135
192
0
0
0
0
0
45
179
64
0
0
0
0
0
252
145
64
0
0
0
0
0
232
178
64
0
0
0
0
0
166
166
64
0
0
0
0
0
186
175
64
0
0
0
0
0
138
176
64
0
0
0
0
0
240
164
64
0
0
0
0
0
95
179
64
0
0
0
0
0
216
139
64
0
0
0
0
0
98
179
64
0
0
0
0
0
108
144
192
0
0
0
0
0
135
176
64
0
0
0
0
0
98
166
192
0
0
0
0
0
90
166
64
0
0
0
0
0
185
176
192
0
0
0
0
0
80
144
64
0
0
0
0
0
218
179
192
0
0
0
0
0
216
141
192
0
0
0
0
0
17
180
192
0
0
0
0
0
48
166
192
0
0
0
0
0
75
177
192
0
0
0
0
0
226
176
192
0
0
0
0
0
204
167
192
0
0
0
0
0
54
180
192
0
0
0
0
0
180
146
192
0
0
0
0
0
140
180
192
0
0
0
0
0
104
138
64
0
0
0
0
0
212
177
192
0
0
0
0
0
168
165
64
0
0
0
0
0
230
168
192
0
0
0
0
0
198
176
64
0
0
0
0
0
212
148
192
0
0
0
0
0
63
180
64
0
0
0
0
0
128
134
64
0
0
0
0
0
186
180
64
0
0
0
0
0
216
164
64
0
0
0
0
0
37
178
64
0
0
0
0
0
129
176
64
0
0
0
0
0
194
169
64
0
0
0
0
0
38
180
64
0
0
0
0
0
212
150
64
0
0
0
0
0
212
180
64
0
0
0
0
0
128
130
192
0
0
0
0
0
110
178
64
0
0
0
0
0
0
164
192
0
0
0
0
0
156
170
64
0
0
0
0
0
56
176
192
0
0
0
0
0
216
152
64
0
0
0
0
0
12
180
192
0
0
0
0
0
224
124
192
0
0
0
0
0
234
180
192
0
0
0
0
0
28
163
192
0
0
0
0
0
176
178
192
0
0
0
0
0
200
175
192
0
0
0
0
0
104
171
192
0
0
0
0
0
224
179
192
0
0
0
0
0
204
154
192
0
0
0
0
0
237
180
192
0
0
0
0
0
144
116
64
0
0
0
0
0
228
178
192
0
0
0
0
0
38
162
64
0
0
0
0
0
38
172
192
0
0
0
0
0
14
175
64
0
0
0
0
0
192
156
192
0
0
0
0
0
177
179
64
0
0
0
0
0
128
104
64
0
0
0
0
0
247
180
64
0
0
0
0
0
62
161
64
0
0
0
0
0
39
179
64
0
0
0
0
0
116
174
64
0
0
0
0
0
6
173
64
0
0
0
0
0
156
179
64
0
0
0
0
0
216
158
64
0
0
0
0
0
27
181
64
0
0
0
0
0
0
80
192
0
0
0
0
0
123
179
64
0
0
0
0
0
102
160
192
0
0
0
0
0
238
173
64
0
0
0
0
0
230
173
192
0
0
0
0
0
114
160
64
0
0
0
0
0
126
179
192
0
0
0
0
0
0
81
64
0
0
0
0
0
35
181
192
0
0
0
0
0
216
158
192
0
0
0
0
0
166
179
192
0
0
0
0
0
10
173
192
0
0
0
0
0
132
174
192
0
0
0
0
0
38
179
192
0
0
0
0
0
68
161
192
0
0
0
0
0
237
180
192
0
0
0
0
0
192
104
192
0
0
0
0
0
157
179
192
0
0
0
0
0
156
156
64
0
0
0
0
0
220
174
192
0
0
0
0
0
246
171
64
0
0
0
0
0
0
162
192
0
0
0
0
0
186
178
64
0
0
0
0
0
96
116
192
0
0
0
0
0
182
180
64
0
0
0
0
0
128
154
64
0
0
0
0
0
168
179
64
0
0
0
0
0
26
171
64
0
0
0
0
0
110
175
64
0
0
0
0
0
128
178
64
0
0
0
0
0
236
162
64
0
0
0
0
0
189
180
64
0
0
0
0
0
176
124
64
0
0
0
0
0
236
179
64
0
0
0
0
0
176
152
192
0
0
0
0
0
41
176
64
0
0
0
0
0
128
170
192
0
0
0
0
0
250
163
64
0
0
0
0
0
101
178
192
0
0
0
0
0
136
130
64
0
0
0
0
0
209
180
192
0
0
0
0
0
204
150
192
0
0
0
0
0
39
180
192
0
0
0
0
0
186
169
192
0
0
0
0
0
128
176
192
0
0
0
0
0
25
178
192
0
0
0
0
0
210
164
192
0
0
0
0
0
160
180
192
0
0
0
0
0
128
134
192
0
0
0
0
0
23
180
192
0
0
0
0
0
156
148
64
0
0
0
0
0
153
176
192
0
0
0
0
0
152
168
64
0
0
0
0
0
100
165
192
0
0
0
0
0
147
177
64
0
0
0
0
0
32
138
192
0
0
0
0
0
58
180
64
0
0
0
0
0
84
146
64
0
0
0
0
0
228
179
64
0
0
0
0
0
106
167
64
0
0
0
0
0
164
176
64
0
0
0
0
0
19
177
64
0
0
0
0
0
242
165
64
0
0
0
0
0
234
179
64
0
0
0
0
0
184
141
64
0
0
0
0
0
211
179
64
0
0
0
0
0
64
144
192
0
0
0
0
0
209
176
64
0
0
0
0
0
116
166
192
0
0
0
0
0
174
166
64
0
0
0
0
0
188
176
192
0
0
0
0
0
196
144
64
0
0
0
0
0
197
179
192
0
0
0
0
0
144
140
192
0
0
0
0
0
228
179
192
0
0
0
0
0
156
165
192
0
0
0
0
0
20
177
192
0
0
0
0
0
114
176
192
0
0
0
0
0
124
167
192
0
0
0
0
0
167
179
192
0
0
0
0
0
180
146
192
0
0
0
0
0
245
179
192
0
0
0
0
0
160
136
64
0
0
0
0
0
81
177
192
0
0
0
0
0
190
164
64
0
0
0
0
0
64
168
192
0
0
0
0
0
32
176
64
0
0
0
0
0
152
148
192
0
0
0
0
0
127
179
64
0
0
0
0
0
160
132
64
0
0
0
0
0
253
179
64
0
0
0
0
0
214
163
64
0
0
0
0
0
135
177
64
0
0
0
0
0
144
175
64
0
0
0
0
0
248
168
64
0
0
0
0
0
78
179
64
0
0
0
0
0
112
150
64
0
0
0
0
0
248
179
64
0
0
0
0
0
168
128
192
0
0
0
0
0
174
177
64
0
0
0
0
0
226
162
192
0
0
0
0
0
148
169
64
0
0
0
0
0
194
174
192
0
0
0
0
0
36
152
64
0
0
0
0
0
6
179
192
0
0
0
0
0
64
121
192
0
0
0
0
0
216
179
192
0
0
0
0
0
216
161
192
0
0
0
0
0
188
177
192
0
0
0
0
0
210
173
192
0
0
0
0
0
16
170
192
0
0
0
0
0
174
178
192
0
0
0
0
0
188
153
192
0
0
0
0
0
177
179
192
0
0
0
0
0
80
113
64
0
0
0
0
0
206
177
192
0
0
0
0
0
212
160
64
0
0
0
0
0
160
170
192
0
0
0
0
0
254
172
64
0
0
0
0
0
116
155
192
0
0
0
0
0
114
178
64
0
0
0
0
0
32
99
64
0
0
0
0
0
175
179
64
0
0
0
0
0
236
159
64
0
0
0
0
0
6
178
64
0
0
0
0
0
104
172
64
0
0
0
0
0
102
171
64
0
0
0
0
0
87
178
64
0
0
0
0
0
96
157
64
0
0
0
0
0
197
179
64
0
0
0
0
0
0
61
192
0
0
0
0
0
68
178
64
0
0
0
0
0
60
158
192
0
0
0
0
0
30
172
64
0
0
0
0
0
194
171
192
0
0
0
0
0
24
159
64
0
0
0
0
0
32
178
192
0
0
0
0
0
128
87
64
0
0
0
0
0
171
179
192
0
0
0
0
0
52
156
192
0
0
0
0
0
75
178
192
0
0
0
0
0
192
170
192
0
0
0
0
0
116
172
192
0
0
0
0
0
172
177
192
0
0
0
0
0
50
160
192
0
0
0
0
0
86
179
192
0
0
0
0
0
192
106
192
0
0
0
0
0
38
178
192
0
0
0
0
0
244
153
64
0
0
0
0
0
158
172
192
0
0
0
0
0
156
169
64
0
0
0
0
0
206
160
192
0
0
0
0
0
52
177
64
0
0
0
0
0
176
116
192
0
0
0
0
0
15
179
64
0
0
0
0
0
236
151
64
0
0
0
0
0
30
178
64
0
0
0
0
0
186
168
64
0
0
0
0
0
8
173
64
0
0
0
0
0
236
176
64
0
0
0
0
0
146
161
64
0
0
0
0
0
254
178
64
0
0
0
0
0
32
124
64
0
0
0
0
0
66
178
64
0
0
0
0
0
36
150
192
0
0
0
0
0
166
173
64
0
0
0
0
0
6
168
192
0
0
0
0
0
102
162
64
0
0
0
0
0
181
176
192
0
0
0
0
0
192
129
64
0
0
0
0
0
236
178
192
0
0
0
0
0
72
148
192
0
0
0
0
0
84
178
192
0
0
0
0
0
38
167
192
0
0
0
0
0
12
174
192
0
0
0
0
0
85
176
192
0
0
0
0
0
10
163
192
0
0
0
0
0
164
178
192
0
0
0
0
0
56
133
192
0
0
0
0
0
48
178
192
0
0
0
0
0
56
146
64
0
0
0
0
0
34
174
192
0
0
0
0
0
14
166
64
0
0
0
0
0
130
163
192
0
0
0
0
0
166
175
64
0
0
0
0
0
112
136
192
0
0
0
0
0
67
178
64
0
0
0
0
0
40
144
64
0
0
0
0
0
0
178
64
0
0
0
0
0
254
164
64
0
0
0
0
0
52
174
64
0
0
0
0
0
190
174
64
0
0
0
0
0
0
164
64
0
0
0
0
0
246
177
64
0
0
0
0
0
176
139
64
0
0
0
0
0
229
177
64
0
0
0
0
0
120
140
192
0
0
0
0
0
100
174
64
0
0
0
0
0
10
164
192
0
0
0
0
0
140
164
64
0
0
0
0
0
242
173
192
0
0
0
0
0
224
142
64
0
0
0
0
0
177
177
192
0
0
0
0
0
176
136
192
0
0
0
0
0
201
177
192
0
0
0
0
0
16
163
192
0
0
0
0
0
132
174
192
0
0
0
0
0
12
173
192
0
0
0
0
0
0
165
192
0
0
0
0
0
88
177
192
0
0
0
0
0
236
144
192
0
0
0
0
0
150
177
192
0
0
0
0
0
224
132
64
0
0
0
0
0
124
174
192
0
0
0
0
0
4
162
64
0
0
0
0
0
92
165
192
0
0
0
0
0
18
172
64
0
0
0
0
0
84
146
192
0
0
0
0
0
247
176
64
0
0
0
0
0
40
129
64
0
0
0
0
0
98
177
64
0
0
0
0
0
6
161
64
0
0
0
0
0
124
174
64
0
0
0
0
0
46
171
64
0
0
0
0
0
194
165
64
0
0
0
0
0
164
176
64
0
0
0
0
0
192
147
64
0
0
0
0
0
58
177
64
0
0
0
0
0
32
123
192
0
0
0
0
0
138
174
64
0
0
0
0
0
20
160
192
0
0
0
0
0
38
166
64
0
0
0
0
0
82
170
192
0
0
0
0
0
24
149
64
0
0
0
0
0
76
176
192
0
0
0
0
0
16
116
192
0
0
0
0
0
1
177
192
0
0
0
0
0
32
158
192
0
0
0
0
0
100
174
192
0
0
0
0
0
68
169
192
0
0
0
0
0
86
166
192
0
0
0
0
0
156
175
192
0
0
0
0
0
48
150
192
0
0
0
0
0
158
176
192
0
0
0
0
0
32
106
64
0
0
0
0
0
244
173
192
0
0
0
0
0
224
155
64
0
0
0
0
0
84
166
192
0
0
0
0
0
8
168
64
0
0
0
0
0
20
151
192
0
0
0
0
0
120
174
64
0
0
0
0
0
128
89
64
0
0
0
0
0
48
176
64
0
0
0
0
0
192
153
64
0
0
0
0
0
138
173
64
0
0
0
0
0
250
166
64
0
0
0
0
0
108
166
64
0
0
0
0
0
170
173
64
0
0
0
0
0
36
152
64
32
32
32
32
32
32
32
32
32
32
32
32
32
32
32
32
32
32
32
32
32
32
32
32
32
32
32
32
32
32
32
32
32
32
32
32
32
32
32
32
73
70
67
95
65
108
108
45
50
48
71
95
67
52
95
76
79
87
95
50
48
48
77
118
0
32
0
0
0
0
0
0
0
0
176
64
0
0
0
0
0
0
0
0
0
0
0
0
0
160
173
64
0
0
0
0
0
84
152
192
0
0
0
0
0
212
166
64
0
0
0
0
0
140
166
192
0
0
0
0
0
48
153
64
0
0
0
0
0
160
173
192
0
0
0
0
0
128
73
64
0
0
0
0
0
41
176
192
0
0
0
0
0
240
151
192
0
0
0
0
0
52
174
192
0
0
0
0
0
172
166
192
0
0
0
0
0
134
167
192
0
0
0
0
0
24
174
192
0
0
0
0
0
116
154
192
0
0
0
0
0
137
176
192
0
0
0
0
0
0
90
192
0
0
0
0
0
22
175
192
0
0
0
0
0
196
151
64
0
0
0
0
0
100
168
192
0
0
0
0
0
240
166
64
0
0
0
0
0
216
155
192
0
0
0
0
0
166
174
64
0
0
0
0
0
224
99
192
0
0
0
0
0
232
176
64
0
0
0
0
0
128
151
64
0
0
0
0
0
232
175
64
0
0
0
0
0
22
167
64
0
0
0
0
0
40
169
64
0
0
0
0
0
6
175
64
0
0
0
0
0
28
157
64
0
0
0
0
0
45
177
64
0
0
0
0
0
0
107
64
0
0
0
0
0
67
176
64
0
0
0
0
0
12
151
192
0
0
0
0
0
202
169
64
0
0
0
0
0
22
167
192
0
0
0
0
0
68
158
64
0
0
0
0
0
64
175
192
0
0
0
0
0
16
113
64
0
0
0
0
0
98
177
192
0
0
0
0
0
136
150
192
0
0
0
0
0
138
176
192
0
0
0
0
0
16
167
192
0
0
0
0
0
104
170
192
0
0
0
0
0
122
175
192
0
0
0
0
0
112
159
192
0
0
0
0
0
156
177
192
0
0
0
0
0
192
116
192
0
0
0
0
0
216
176
192
0
0
0
0
0
8
150
64
0
0
0
0
0
22
171
192
0
0
0
0
0
20
167
64
0
0
0
0
0
90
160
192
0
0
0
0
0
194
175
64
0
0
0
0
0
144
120
192
0
0
0
0
0
222
177
64
0
0
0
0
0
140
149
64
0
0
0
0
0
46
177
64
0
0
0
0
0
28
167
64
0
0
0
0
0
206
171
64
0
0
0
0
0
8
176
64
0
0
0
0
0
2
161
64
0
0
0
0
0
34
178
64
0
0
0
0
0
144
124
64
0
0
0
0
0
133
177
64
0
0
0
0
0
8
149
192
0
0
0
0
0
134
172
64
0
0
0
0
0
30
167
192
0
0
0
0
0
172
161
64
0
0
0
0
0
44
176
192
0
0
0
0
0
80
128
64
0
0
0
0
0
97
178
192
0
0
0
0
0
116
148
192
0
0
0
0
0
214
177
192
0
0
0
0
0
22
167
192
0
0
0
0
0
54
173
192
0
0
0
0
0
71
176
192
0
0
0
0
0
78
162
192
0
0
0
0
0
151
178
192
0
0
0
0
0
80
130
192
0
0
0
0
0
30
178
192
0
0
0
0
0
212
147
64
0
0
0
0
0
212
173
192
0
0
0
0
0
254
166
64
0
0
0
0
0
230
162
192
0
0
0
0
0
86
176
64
0
0
0
0
0
88
132
192
0
0
0
0
0
189
178
64
0
0
0
0
0
24
147
64
0
0
0
0
0
85
178
64
0
0
0
0
0
204
166
64
0
0
0
0
0
86
174
64
0
0
0
0
0
84
176
64
0
0
0
0
0
110
163
64
0
0
0
0
0
210
178
64
0
0
0
0
0
80
134
64
0
0
0
0
0
126
178
64
0
0
0
0
0
76
146
192
0
0
0
0
0
198
174
64
0
0
0
0
0
138
166
192
0
0
0
0
0
240
163
64
0
0
0
0
0
75
176
192
0
0
0
0
0
72
136
64
0
0
0
0
0
227
178
192
0
0
0
0
0
128
145
192
0
0
0
0
0
169
178
192
0
0
0
0
0
82
166
192
0
0
0
0
0
68
175
192
0
0
0
0
0
77
176
192
0
0
0
0
0
128
164
192
0
0
0
0
0
8
179
192
0
0
0
0
0
96
138
192
0
0
0
0
0
236
178
192
0
0
0
0
0
196
144
64
0
0
0
0
0
240
175
192
0
0
0
0
0
54
166
64
0
0
0
0
0
48
165
192
0
0
0
0
0
104
176
64
0
0
0
0
0
168
140
192
0
0
0
0
0
71
179
64
0
0
0
0
0
28
144
64
0
0
0
0
0
70
179
64
0
0
0
0
0
46
166
64
0
0
0
0
0
93
176
64
0
0
0
0
0
137
176
64
0
0
0
0
0
240
165
64
0
0
0
0
0
136
179
64
0
0
0
0
0
8
143
64
0
0
0
0
0
154
179
64
0
0
0
0
0
192
142
192
0
0
0
0
0
184
176
64
0
0
0
0
0
16
166
192
0
0
0
0
0
154
166
64
0
0
0
0
0
152
176
192
0
0
0
0
0
164
144
64
0
0
0
0
0
174
179
192
0
0
0
0
0
16
141
192
0
0
0
0
0
209
179
192
0
0
0
0
0
206
165
192
0
0
0
0
0
250
176
192
0
0
0
0
0
143
176
192
0
0
0
0
0
40
167
192
0
0
0
0
0
190
179
192
0
0
0
0
0
180
145
192
0
0
0
0
0
250
179
192
0
0
0
0
0
72
139
64
0
0
0
0
0
55
177
192
0
0
0
0
0
134
165
64
0
0
0
0
0
184
167
192
0
0
0
0
0
135
176
64
0
0
0
0
0
208
146
192
0
0
0
0
0
215
179
64
0
0
0
0
0
144
137
64
0
0
0
0
0
48
180
64
0
0
0
0
0
76
165
64
0
0
0
0
0
130
177
64
0
0
0
0
0
140
176
64
0
0
0
0
0
92
168
64
0
0
0
0
0
251
179
64
0
0
0
0
0
252
147
64
0
0
0
0
0
109
180
64
0
0
0
0
0
208
135
192
0
0
0
0
0
205
177
64
0
0
0
0
0
16
165
192
0
0
0
0
0
248
168
64
0
0
0
0
0
135
176
192
0
0
0
0
0
24
149
64
0
0
0
0
0
12
180
192
0
0
0
0
0
224
133
192
0
0
0
0
0
142
180
192
0
0
0
0
0
172
164
192
0
0
0
0
0
248
177
192
0
0
0
0
0
96
176
192
0
0
0
0
0
96
169
192
0
0
0
0
0
242
179
192
0
0
0
0
0
12
150
192
0
0
0
0
0
133
180
192
0
0
0
0
0
208
131
64
0
0
0
0
0
3
178
192
0
0
0
0
0
36
164
64
0
0
0
0
0
164
169
192
0
0
0
0
0
34
176
64
0
0
0
0
0
228
150
192
0
0
0
0
0
196
179
64
0
0
0
0
0
176
129
64
0
0
0
0
0
111
180
64
0
0
0
0
0
152
163
64
0
0
0
0
0
11
178
64
0
0
0
0
0
208
175
64
0
0
0
0
0
236
169
64
0
0
0
0
0
161
179
64
0
0
0
0
0
200
151
64
0
0
0
0
0
106
180
64
0
0
0
0
0
80
127
192
0
0
0
0
0
38
178
64
0
0
0
0
0
34
163
192
0
0
0
0
0
82
170
64
0
0
0
0
0
128
175
192
0
0
0
0
0
200
152
64
0
0
0
0
0
150
179
192
0
0
0
0
0
96
123
192
0
0
0
0
0
127
180
192
0
0
0
0
0
196
162
192
0
0
0
0
0
87
178
192
0
0
0
0
0
90
175
192
0
0
0
0
0
218
170
192
0
0
0
0
0
165
179
192
0
0
0
0
0
232
153
192
0
0
0
0
0
177
180
192
0
0
0
0
0
144
119
64
0
0
0
0
0
162
178
192
0
0
0
0
0
128
162
64
0
0
0
0
0
138
171
192
0
0
0
0
0
96
175
64
0
0
0
0
0
52
155
192
0
0
0
0
0
207
179
64
0
0
0
0
0
208
115
64
0
0
0
0
0
252
180
64
0
0
0
0
0
74
162
64
0
0
0
0
0
2
179
64
0
0
0
0
0
118
175
64
0
0
0
0
0
80
172
64
0
0
0
0
0
253
179
64
0
0
0
0
0
148
156
64
0
0
0
0
0
66
181
64
0
0
0
0
0
128
111
192
0
0
0
0
0
85
179
64
0
0
0
0
0
2
162
192
0
0
0
0
0
250
172
64
0
0
0
0
0
102
175
192
0
0
0
0
0
204
157
64
0
0
0
0
0
12
180
192
0
0
0
0
0
64
103
192
0
0
0
0
0
100
181
192
0
0
0
0
0
154
161
192
0
0
0
0
0
133
179
192
0
0
0
0
0
30
175
192
0
0
0
0
0
112
173
192
0
0
0
0
0
254
179
192
0
0
0
0
0
216
158
192
0
0
0
0
0
111
181
192
0
0
0
0
0
192
93
64
0
0
0
0
0
171
179
192
0
0
0
0
0
40
161
64
0
0
0
0
0
230
173
192
0
0
0
0
0
216
174
64
0
0
0
0
0
236
159
192
0
0
0
0
0
249
179
64
0
0
0
0
0
128
74
64
0
0
0
0
0
138
181
64
0
0
0
0
0
198
160
64
0
0
0
0
0
224
179
64
0
0
0
0
0
166
174
64
0
0
0
0
0
112
174
64
0
0
0
0
0
249
179
64
0
0
0
0
0
134
160
64
0
0
0
0
0
159
181
64
0
0
0
0
0
0
44
64
0
0
0
0
0
2
180
64
0
0
0
0
0
80
160
192
0
0
0
0
0
200
174
64
0
0
0
0
0
62
174
192
0
0
0
0
0
244
160
64
0
0
0
0
0
203
179
192
0
0
0
0
0
128
84
64
0
0
0
0
0
119
181
192
0
0
0
0
0
80
159
192
0
0
0
0
0
233
179
192
0
0
0
0
0
0
0
0
0
0
0
0
0
0
0
0
0
0
0
0
0
0
0
0
0
0
0
0
0
0
0
0
0
0
0
0
0
0
0
0
0
0
0
0
0
0
0
0
0
0
0
0
0
0
0
0
0
0
0
0
0
0
0
0
0
0
0
0
0
0
0
0
0
0
0
0
0
0
0
0
0
0
0
0
0
0
0
0
0
0
0
0
0
0
0
0
0
0
0
0
0
0
0
0
0
0
0
0
0
0
0
0
0
0
0
0
0
0
0
0
0
0
0
0
0
0
0
0
0
0
0
0
0
0
0
0
0
0
0
0
0
0
0
0
0
0
0
0
0
0
0
0
0
0
0
0
0
0
0
0
0
0
0
0
0
0
0
0
0
0
0
0
0
0
0
0
0
0
0
0
0
0
0
0
0
0
0
0
0
0
0
0
0
0
0
0
0
0
0
0
0
0
0
0
0
0
0
0
0
0
0
0
0
0
0
0
0
0
0
0
0
0
0
0
0
0
0
0
0
0
0
0
0
0
0
0
0
0
0
0
0
0
0
0
0
0
0
0
0
0
0
0
0
0
0
0
0
0
0
0
0
0
0
0
0
0
0
0
0
0
0
0
0
0
0
0
0
0
0
0
0
0
0
0
0
0
0
0
0
0
0
0
0
0
0
0
0
0
0
0
0
0
0
0
0
0
0
0
0
0
0
0
0
0
0
0
0
0
0
0
0
0
0
0
0
0
0
0
0
0
0
0
0
0
0
0
0
0
0
0
0
0
0
0
0
0
0
0
0
0
0
0
0
0
0
0
0
0
0
0
0
0
0
0
0
0
0
0
0
0
0
0
0
0
0
0
0
0
0
0
0
0
0
0
0
0
0
0
0
0
0
0
0
0
0
0
0
0
0
0
0
0
0
0
0
0
0
0
0
0
0
0
0
0
0
0
0
0
0
0
0
0
0
0
0
0
0
0
0
0
0
0
0
0
0
0
0
0
0
0
0
0
0
0
0
0
0
0
0
0
0
0
0
0
0
0
0
0
0
0
0
0
0
0
0
0
0
0
0
0
0
0
0
0
0
0
0
0
0
0
0
0
0
0
0
0
0
0
0
0
0
0
0
0
0
0
0
0
0
0
0
0
0
0
0
0
0
0
0
0
0
0
0
0
0
0
0
0
0
0
0
0
0
0
0
0
0
0
0
0
0
0
0
0
0
0
0
0
0
0
0
0
0
0
0
0
0
0
0
0
0
0
0
0
0
0
0
0
0
0
0
0
0
0
0
0
0
0
0
0
0
0
0
0
0
0
0
0
0
0
0
0
0
0
0
0
0
0
0
0
0
0
0
0
0
0
0
0
0
0
0
0
0
0
0
0
0
0
0
0
0
0
0
0
0
0
0
0
0
0
0
0
0
0
0
0
0
0
0
0
0
0
0
0
0
0
0
0
0
0
0
0
0
0
0
0
0
0
0
0
0
0
0
0
0
0
0
0
0
0
0
0
0
0
0
0
0
0
0
0
0
0
0
0
0
0
0
0
0
0
0
0
0
0
0
0
0
0
0
0
0
0
0
0
0
0
0
0
0
0
0
0
0
0
0
0
0
0
0
0
0
0
0
0
0
0
0
0
0
0
0
0
0
0
0
0
0
0
0
0
0
0
0
0
0
0
0
0
0
0
0
0
0
0
0
0
0
0
0
0
0
0
0
0
0
0
0
0
0
0
0
0
0
0
0
0
0
0
0
0
0
0
0
0
0
0
0
0
0
0
0
0
0
0
0
0
0
0
0
0
0
0
0
0
0
0
0
0
0
0
0
0
0
0
0
0
0
0
0
0
0
0
0
0
0
0
0
0
0
0
0
0
0
0
0
0
0
0
0
0
0
0
0
0
0
0
0
0
0
0
0
0
0
0
0
0
0
0
0
0
0
0
0
0
0
0
0
0
0
0
0
0
0
0
0
0
0
0
0
0
0
0
0
0
0
0
0
0
0
0
0
0
0
0
0
0
0
0
0
0
0
0
0
0
0
0
0
0
0
0
0
0
0
0
0
0
0
0
0
0
0
0
0
0
0
0
0
0
0
0
0
0
0
0
0
0
0
0
0
0
0
0
0
0
0
0
0
0
0
0
0
0
0
0
0
0
0
0
0
0
0
0
0
0
0
0
0
0
0
0
0
0
0
0
0
0
0
0
0
0
0
0
0
0
0
0
0
0
0
0
0
0
0
0
0
0
0
0
0
0
0
0
0
0
0
0
0
0
0
0
0
0
0
0
0
0
0
0
0
0
0
0
0
0
0
0
0
0
0
0
0
0
0
0
0
0
0
0
0
0
0
0
0
0
0
0
0
0
0
0
0
0
0
0
0
0
0
0
0
0
0
0
0
0
0
0
0
0
0
0
0
0
0
0
0
0
0
0
0
0
0
0
0
0
0
0
0
0
0
0
0
0
0
0
0
0
0
0
0
0
0
0
0
0
0
0
0
0
0
0
0
0
0
0
0
0
0
0
0
0
0
0
0
0
0
0
0
0
0
0
0
0
0
0
0
0
0
0
0
0
0
0
0
0
0
0
0
0
0
0
0
0
0
0
0
0
0
0
0
0
0
0
0
0
0
0
0
0
0
0
0
0
0
0
0
0
0
0
0
0
0
0
0
0
0
0
0
0
0
0
0
0
0
0
0
0
0
0
0
0
0
0
0
0
0
0
0
0
0
0
0
0
0
0
0
0
0
0
0
0
0
0
0
0
0
0
0
0
0
0
0
0
0
0
0
0
0