58
70
65
67
84
58
67
68
65
84
49
56
58
68
65
84
65
32
35
57
48
48
48
48
48
54
57
51
54
0
0
0
0
0
97
178
192
0
0
0
0
0
218
170
192
0
0
0
0
0
146
172
192
0
0
0
0
0
187
177
192
0
0
0
0
0
64
160
192
0
0
0
0
0
98
179
192
0
0
0
0
0
192
106
192
0
0
0
0
0
46
178
192
0
0
0
0
0
0
154
64
0
0
0
0
0
164
172
192
0
0
0
0
0
162
169
64
0
0
0
0
0
206
160
192
0
0
0
0
0
52
177
64
0
0
0
0
0
176
116
192
0
0
0
0
0
12
179
64
0
0
0
0
0
228
151
64
0
0
0
0
0
24
178
64
0
0
0
0
0
174
168
64
0
0
0
0
0
252
172
64
0
0
0
0
0
227
176
64
0
0
0
0
0
136
161
64
0
0
0
0
0
242
178
64
0
0
0
0
0
16
124
64
0
0
0
0
0
55
178
64
0
0
0
0
0
24
150
192
0
0
0
0
0
148
173
64
0
0
0
0
0
246
167
192
0
0
0
0
0
90
162
64
0
0
0
0
0
171
176
192
0
0
0
0
0
176
129
64
0
0
0
0
0
225
178
192
0
0
0
0
0
60
148
192
0
0
0
0
0
74
178
192
0
0
0
0
0
26
167
192
0
0
0
0
0
252
173
192
0
0
0
0
0
77
176
192
0
0
0
0
0
2
163
192
0
0
0
0
0
157
178
192
0
0
0
0
0
40
133
192
0
0
0
0
0
42
178
192
0
0
0
0
0
48
146
64
0
0
0
0
0
24
174
192
0
0
0
0
0
8
166
64
0
0
0
0
0
126
163
192
0
0
0
0
0
160
175
64
0
0
0
0
0
112
136
192
0
0
0
0
0
64
178
64
0
0
0
0
0
40
144
64
0
0
0
0
0
254
177
64
0
0
0
0
0
250
164
64
0
0
0
0
0
48
174
64
0
0
0
0
0
184
174
64
0
0
0
0
0
254
163
64
0
0
0
0
0
242
177
64
0
0
0
0
0
168
139
64
0
0
0
0
0
223
177
64
0
0
0
0
0
112
140
192
0
0
0
0
0
86
174
64
0
0
0
0
0
0
164
192
0
0
0
0
0
126
164
64
0
0
0
0
0
222
173
192
0
0
0
0
0
200
142
64
0
0
0
0
0
161
177
192
0
0
0
0
0
152
136
192
0
0
0
0
0
181
177
192
0
0
0
0
0
246
162
192
0
0
0
0
0
92
174
192
0
0
0
0
0
224
172
192
0
0
0
0
0
224
164
192
0
0
0
0
0
59
177
192
0
0
0
0
0
208
144
192
0
0
0
0
0
119
177
192
0
0
0
0
0
184
132
64
0
0
0
0
0
68
174
192
0
0
0
0
0
226
161
64
0
0
0
0
0
52
165
192
0
0
0
0
0
222
171
64
0
0
0
0
0
52
146
192
0
0
0
0
0
215
176
64
0
0
0
0
0
8
129
64
0
0
0
0
0
66
177
64
0
0
0
0
0
232
160
64
0
0
0
0
0
70
174
64
0
0
0
0
0
0
171
64
0
0
0
0
0
156
165
64
0
0
0
0
0
136
176
64
0
0
0
0
0
160
147
64
0
0
0
0
0
29
177
64
0
0
0
0
0
240
122
192
0
0
0
0
0
88
174
64
0
0
0
0
0
244
159
192
0
0
0
0
0
0
166
64
0
0
0
0
0
38
170
192
0
0
0
0
0
244
148
64
0
0
0
0
0
49
176
192
0
0
0
0
0
240
115
192
0
0
0
0
0
228
176
192
0
0
0
0
0
240
157
192
0
0
0
0
0
48
174
192
0
0
0
0
0
24
169
192
0
0
0
0
0
48
166
192
0
0
0
0
0
106
175
192
0
0
0
0
0
12
150
192
0
0
0
0
0
133
176
192
0
0
0
0
0
0
106
64
0
0
0
0
0
204
173
192
0
0
0
0
0
188
155
64
0
0
0
0
0
60
166
192
0
0
0
0
0
238
167
64
0
0
0
0
0
0
151
192
0
0
0
0
0
96
174
64
0
0
0
0
0
128
89
64
0
0
0
0
0
39
176
64
0
0
0
0
0
184
153
64
0
0
0
0
0
128
173
64
0
0
0
0
0
246
166
64
0
0
0
0
0
104
166
64
0
0
0
0
0
168
173
64
0
0
0
0
0
36
152
64
32
32
32
32
32
32
32
32
32
32
32
32
32
32
32
32
32
32
32
32
32
32
32
32
32
32
32
32
32
32
32
32
32
32
32
32
32
32
32
32
73
70
67
95
65
108
108
45
50
48
71
95
67
52
95
76
79
87
95
53
48
48
77
118
0
32
0
0
0
0
0
0
0
0
176
64
0
0
0
0
0
0
0
0
0
0
0
0
0
160
173
64
0
0
0
0
0
84
152
192
0
0
0
0
0
214
166
64
0
0
0
0
0
142
166
192
0
0
0
0
0
52
153
64
0
0
0
0
0
164
173
192
0
0
0
0
0
128
73
64
0
0
0
0
0
46
176
192
0
0
0
0
0
252
151
192
0
0
0
0
0
64
174
192
0
0
0
0
0
186
166
192
0
0
0
0
0
148
167
192
0
0
0
0
0
46
174
192
0
0
0
0
0
136
154
192
0
0
0
0
0
150
176
192
0
0
0
0
0
0
90
192
0
0
0
0
0
52
175
192
0
0
0
0
0
220
151
64
0
0
0
0
0
124
168
192
0
0
0
0
0
6
167
64
0
0
0
0
0
248
155
192
0
0
0
0
0
198
174
64
0
0
0
0
0
0
100
192
0
0
0
0
0
250
176
64
0
0
0
0
0
152
151
64
0
0
0
0
0
4
176
64
0
0
0
0
0
44
167
64
0
0
0
0
0
66
169
64
0
0
0
0
0
36
175
64
0
0
0
0
0
56
157
64
0
0
0
0
0
60
177
64
0
0
0
0
0
32
107
64
0
0
0
0
0
80
176
64
0
0
0
0
0
32
151
192
0
0
0
0
0
222
169
64
0
0
0
0
0
40
167
192
0
0
0
0
0
88
158
64
0
0
0
0
0
84
175
192
0
0
0
0
0
32
113
64
0
0
0
0
0
108
177
192
0
0
0
0
0
148
150
192
0
0
0
0
0
147
176
192
0
0
0
0
0
28
167
192
0
0
0
0
0
116
170
192
0
0
0
0
0
136
175
192
0
0
0
0
0
128
159
192
0
0
0
0
0
163
177
192
0
0
0
0
0
208
116
192
0
0
0
0
0
223
176
192
0
0
0
0
0
16
150
64
0
0
0
0
0
32
171
192
0
0
0
0
0
28
167
64
0
0
0
0
0
96
160
192
0
0
0
0
0
206
175
64
0
0
0
0
0
160
120
192
0
0
0
0
0
228
177
64
0
0
0
0
0
148
149
64
0
0
0
0
0
52
177
64
0
0
0
0
0
36
167
64
0
0
0
0
0
214
171
64
0
0
0
0
0
13
176
64
0
0
0
0
0
6
161
64
0
0
0
0
0
38
178
64
0
0
0
0
0
144
124
64
0
0
0
0
0
135
177
64
0
0
0
0
0
8
149
192
0
0
0
0
0
136
172
64
0
0
0
0
0
32
167
192
0
0
0
0
0
170
161
64
0
0
0
0
0
43
176
192
0
0
0
0
0
72
128
64
0
0
0
0
0
95
178
192
0
0
0
0
0
112
148
192
0
0
0
0
0
210
177
192
0
0
0
0
0
16
167
192
0
0
0
0
0
44
173
192
0
0
0
0
0
65
176
192
0
0
0
0
0
72
162
192
0
0
0
0
0
142
178
192
0
0
0
0
0
72
130
192
0
0
0
0
0
20
178
192
0
0
0
0
0
200
147
64
0
0
0
0
0
194
173
192
0
0
0
0
0
240
166
64
0
0
0
0
0
218
162
192
0
0
0
0
0
75
176
64
0
0
0
0
0
72
132
192
0
0
0
0
0
176
178
64
0
0
0
0
0
12
147
64
0
0
0
0
0
72
178
64
0
0
0
0
0
188
166
64
0
0
0
0
0
64
174
64
0
0
0
0
0
72
176
64
0
0
0
0
0
96
163
64
0
0
0
0
0
196
178
64
0
0
0
0
0
64
134
64
0
0
0
0
0
112
178
64
0
0
0
0
0
64
146
192
0
0
0
0
0
174
174
64
0
0
0
0
0
120
166
192
0
0
0
0
0
224
163
64
0
0
0
0
0
62
176
192
0
0
0
0
0
56
136
64
0
0
0
0
0
211
178
192
0
0
0
0
0
112
145
192
0
0
0
0
0
152
178
192
0
0
0
0
0
60
166
192
0
0
0
0
0
40
175
192
0
0
0
0
0
61
176
192
0
0
0
0
0
108
164
192
0
0
0
0
0
243
178
192
0
0
0
0
0
72
138
192
0
0
0
0
0
214
178
192
0
0
0
0
0
180
144
64
0
0
0
0
0
200
175
192
0
0
0
0
0
28
166
64
0
0
0
0
0
20
165
192
0
0
0
0
0
82
176
64
0
0
0
0
0
128
140
192
0
0
0
0
0
44
179
64
0
0
0
0
0
4
144
64
0
0
0
0
0
42
179
64
0
0
0
0
0
12
166
64
0
0
0
0
0
68
176
64
0
0
0
0
0
111
176
64
0
0
0
0
0
204
165
64
0
0
0
0
0
103
179
64
0
0
0
0
0
208
142
64
0
0
0
0
0
120
179
64
0
0
0
0
0
136
142
192
0
0
0
0
0
153
176
64
0
0
0
0
0
230
165
192
0
0
0
0
0
110
166
64
0
0
0
0
0
119
176
192
0
0
0
0
0
132
144
64
0
0
0
0
0
134
179
192
0
0
0
0
0
208
140
192
0
0
0
0
0
166
179
192
0
0
0
0
0
156
165
192
0
0
0
0
0
211
176
192
0
0
0
0
0
103
176
192
0
0
0
0
0
240
166
192
0
0
0
0
0
140
179
192
0
0
0
0
0
136
145
192
0
0
0
0
0
197
179
192
0
0
0
0
0
0
139
64
0
0
0
0
0
7
177
192
0
0
0
0
0
74
165
64
0
0
0
0
0
116
167
192
0
0
0
0
0
87
176
64
0
0
0
0
0
152
146
192
0
0
0
0
0
156
179
64
0
0
0
0
0
64
137
64
0
0
0
0
0
243
179
64
0
0
0
0
0
12
165
64
0
0
0
0
0
76
177
64
0
0
0
0
0
88
176
64
0
0
0
0
0
18
168
64
0
0
0
0
0
189
179
64
0
0
0
0
0
188
147
64
0
0
0
0
0
46
180
64
0
0
0
0
0
128
135
192
0
0
0
0
0
150
177
64
0
0
0
0
0
208
164
192
0
0
0
0
0
172
168
64
0
0
0
0
0
84
176
192
0
0
0
0
0
220
148
64
0
0
0
0
0
208
179
192
0
0
0
0
0
160
133
192
0
0
0
0
0
81
180
192
0
0
0
0
0
112
164
192
0
0
0
0
0
196
177
192
0
0
0
0
0
50
176
192
0
0
0
0
0
24
169
192
0
0
0
0
0
187
179
192
0
0
0
0
0
204
149
192
0
0
0
0
0
76
180
192
0
0
0
0
0
152
131
64
0
0
0
0
0
211
177
192
0
0
0
0
0
236
163
64
0
0
0
0
0
96
169
192
0
0
0
0
0
238
175
64
0
0
0
0
0
168
150
192
0
0
0
0
0
144
179
64
0
0
0
0
0
128
129
64
0
0
0
0
0
58
180
64
0
0
0
0
0
102
163
64
0
0
0
0
0
221
177
64
0
0
0
0
0
126
175
64
0
0
0
0
0
170
169
64
0
0
0
0
0
112
179
64
0
0
0
0
0
140
151
64
0
0
0
0
0
55
180
64
0
0
0
0
0
0
127
192
0
0
0
0
0
248
177
64
0
0
0
0
0
242
162
192
0
0
0
0
0
16
170
64
0
0
0
0
0
50
175
192
0
0
0
0
0
140
152
64
0
0
0
0
0
101
179
192
0
0
0
0
0
32
123
192
0
0
0
0
0
76
180
192
0
0
0
0
0
150
162
192
0
0
0
0
0
41
178
192
0
0
0
0
0
12
175
192
0
0
0
0
0
150
170
192
0
0
0
0
0
116
179
192
0
0
0
0
0
168
153
192
0
0
0
0
0
125
180
192
0
0
0
0
0
96
119
64
0
0
0
0
0
116
178
192
0
0
0
0
0
82
162
64
0
0
0
0
0
70
171
192
0
0
0
0
0
20
175
64
0
0
0
0
0
244
154
192
0
0
0
0
0
160
179
64
0
0
0
0
0
160
115
64
0
0
0
0
0
202
180
64
0
0
0
0
0
32
162
64
0
0
0
0
0
215
178
64
0
0
0
0
0
48
175
64
0
0
0
0
0
18
172
64
0
0
0
0
0
210
179
64
0
0
0
0
0
84
156
64
0
0
0
0
0
22
181
64
0
0
0
0
0
64
111
192
0
0
0
0
0
46
179
64
0
0
0
0
0
222
161
192
0
0
0
0
0
194
172
64
0
0
0
0
0
40
175
192
0
0
0
0
0
148
157
64
0
0
0
0
0
230
179
192
0
0
0
0
0
0
103
192
0
0
0
0
0
61
181
192
0
0
0
0
0
122
161
192
0
0
0
0
0
99
179
192
0
0
0
0
0
234
174
192
0
0
0
0
0
64
173
192
0
0
0
0
0
222
179
192
0
0
0
0
0
164
158
192
0
0
0
0
0
79
181
192
0
0
0
0
0
128
93
64
0
0
0
0
0
144
179
192
0
0
0
0
0
16
161
64
0
0
0
0
0
192
173
192
0
0
0
0
0
178
174
64
0
0
0
0
0
200
159
192
0
0
0
0
0
227
179
64
0
0
0
0
0
128
74
64
0
0
0
0
0
117
181
64
0
0
0
0
0
184
160
64
0
0
0
0
0
208
179
64
0
0
0
0
0
148
174
64
0
0
0
0
0
92
174
64
0
0
0
0
0
239
179
64
0
0
0
0
0
126
160
64
0
0
0
0
0
150
181
64
0
0
0
0
0
0
44
64
0
0
0
0
0
253
179
64
0
0
0
0
0
74
160
192
0
0
0
0
0
194
174
64
0
0
0
0
0
56
174
192
0
0
0
0
0
240
160
64
0
0
0
0
0
200
179
192
0
0
0
0
0
128
84
64
0
0
0
0
0
116
181
192
0
0
0
0
0
76
159
192
0
0
0
0
0
231
179
192
0
0
0
0
0
124
173
192
0
0
0
0
0
196
174
192
0
0
0
0
0
105
179
192
0
0
0
0
0
52
161
192
0
0
0
0
0
41
181
192
0
0
0
0
0
160
98
192
0
0
0
0
0
193
179
192
0
0
0
0
0
236
157
64
0
0
0
0
0
214
174
192
0
0
0
0
0
208
172
64
0
0
0
0
0
150
161
192
0
0
0
0
0
47
179
64
0
0
0
0
0
32
107
192
0
0
0
0
0
31
181
64
0
0
0
0
0
8
157
64
0
0
0
0
0
234
179
64
0
0
0
0
0
170
172
64
0
0
0
0
0
114
175
64
0
0
0
0
0
80
179
64
0
0
0
0
0
72
162
64
0
0
0
0
0
111
181
64
0
0
0
0
0
240
113
64
0
0
0
0
0
87
180
64
0
0
0
0
0
136
156
192
0
0
0
0
0
41
176
64
0
0
0
0
0
192
172
192
0
0
0
0
0
4
163
64
0
0
0
0
0
124
179
192
0
0
0
0
0
80
118
64
0
0
0
0
0
169
181
192
0
0
0
0
0
192
155
192
0
0
0
0
0
143
180
192
0
0
0
0
0
102
172
192
0
0
0
0
0
90
176
192
0
0
0
0
0
72
179
192
0
0
0
0
0
102
163
192
0
0
0
0
0
108
181
192
0
0
0
0
0
64
122
192
0
0
0
0
0
83
180
192
0
0
0
0
0
88
154
64
0
0
0
0
0
50
176
192
0
0
0
0
0
114
171
64
0
0
0
0
0
104
163
192
0
0
0
0
0
184
178
64
0
0
0
0
0
176
125
192
0
0
0
0
0
218
180
64
0
0
0
0
0
164
152
64
0
0
0
0
0
219
179
64
0
0
0
0
0
76
170
64
0
0
0
0
0
214
175
64
0
0
0
0
0
23
178
64
0
0
0
0
0
86
163
64
0
0
0
0
0
70
180
64
0
0
0
0
0
120
128
64
0
0
0
0
0
107
179
64
0
0
0
0
0
8
151
192
0
0
0
0
0
90
175
64
0
0
0
0
0
64
169
192
0
0
0
0
0
76
163
64
0
0
0
0
0
134
177
192
0
0
0
0
0
8
130
64
0
0
0
0
0
193
179
192
0
0
0
0
0
136
149
192
0
0
0
0
0
2
179
192
0
0
0
0
0
64
168
192
0
0
0
0
0
228
174
192
0
0
0
0
0
250
176
192
0
0
0
0
0
62
163
192
0
0
0
0
0
63
179
192
0
0
0
0
0
128
131
192
0
0
0
0
0
160
178
192
0
0
0
0
0
28
148
64
0
0
0
0
0
124
174
192
0
0
0
0
0
86
167
64
0
0
0
0
0
62
163
192
0
0
0
0
0
130
176
64
0
0
0
0
0
240
132
192
0
0
0
0
0
217
178
64
0
0
0
0
0
228
146
64
0
0
0
0
0
92
178
64
0
0
0
0
0
156
166
64
0
0
0
0
0
70
174
64
0
0
0
0
0
39
176
64
0
0
0
0
0
90
163
64
0
0
0
0
0
141
178
64
0
0
0
0
0
112
134
64
0
0
0
0
0
39
178
64
0
0
0
0
0
188
145
192
0
0
0
0
0
20
174
64
0
0
0
0
0
230
165
192
0
0
0
0
0
102
163
64
0
0
0
0
0
130
175
192
0
0
0
0
0
192
135
64
0
0
0
0
0
37
178
192
0
0
0
0
0
124
144
192
0
0
0
0
0
202
177
192
0
0
0
0
0
250
164
192
0
0
0
0
0
142
173
192
0
0
0
0
0
102
174
192
0
0
0
0
0
56
163
192
0
0
0
0
0
146
177
192
0
0
0
0
0
184
136
192
0
0
0
0
0
75
177
192
0
0
0
0
0
72
142
64
0
0
0
0
0
236
172
192
0
0
0
0
0
0
164
64
0
0
0
0
0
10
163
192
0
0
0
0
0
78
173
64
0
0
0
0
0
208
137
192
0
0
0
0
0
21
177
64
0
0
0
0
0
232
139
64
0
0
0
0
0
246
176
64
0
0
0
0
0
72
163
64
0
0
0
0
0
164
172
64
0
0
0
0
0
166
172
64
0
0
0
0
0
32
163
64
0
0
0
0
0
219
176
64
0
0
0
0
0
48
139
64
0
0
0
0
0
219
176
64
0
0
0
0
0
0
138
192
0
0
0
0
0
170
172
64
0
0
0
0
0
202
162
192
0
0
0
0
0
88
163
64
0
0
0
0
0
54
172
192
0
0
0
0
0
168
140
64
0
0
0
0
0
174
176
192
0
0
0
0
0
32
136
192
0
0
0
0
0
189
176
192
0
0
0
0
0
60
162
192
0
0
0
0
0
150
172
192
0
0
0
0
0
162
171
192
0
0
0
0
0
116
163
192
0
0
0
0
0
108
176
192
0
0
0
0
0
232
141
192
0
0
0
0
0
144
176
192
0
0
0
0
0
40
134
64
0
0
0
0
0
122
172
192
0
0
0
0
0
172
161
64
0
0
0
0
0
156
163
192
0
0
0
0
0
34
171
64
0
0
0
0
0
80
143
192
0
0
0
0
0
69
176
64
0
0
0
0
0
128
132
64
0
0
0
0
0
139
176
64
0
0
0
0
0
84
161
64
0
0
0
0
0
178
172
64
0
0
0
0
0
248
170
64
0
0
0
0
0
252
163
64
0
0
0
0
0
74
176
64
0
0
0
0
0
128
144
64
0
0
0
0
0
166
176
64
0
0
0
0
0
0
131
192
0
0
0
0
0
0
173
64
0
0
0
0
0
12
161
192
0
0
0
0
0
84
164
64
0
0
0
0
0
194
170
192
0
0
0
0
0
60
145
64
0
0
0
0
0
52
176
192
0
0
0
0
0
80
129
192
0
0
0
0
0
148
176
192
0
0
0
0
0
138
160
192
0
0
0
0
0
238
172
192
0
0
0
0
0
48
170
192
0
0
0
0
0
104
164
192
0
0
0
0
0
222
175
192
0
0
0
0
0
208
145
192
0
0
0
0
0
99
176
192
0
0
0
0
0
208
126
64
0
0
0
0
0
212
172
192
0
0
0
0
0
248
159
64
0
0
0
0
0
156
164
192
0
0
0
0
0
190
169
64
0
0
0
0
0
164
146
192
0
0
0
0
0
182
175
64
0
0
0
0
0
112
123
64
0
0
0
0
0
128
176
64
0
0
0
0
0
140
159
64
0
0
0
0
0
94
173
64
0
0
0
0
0
224
169
64
0
0
0
0
0
72
165
64
0
0
0
0
0
21
176
64
0
0
0
0
0
208
147
64
0
0
0
0
0
207
176
64
0
0
0
0
0
128
120
192
0
0
0
0
0
246
173
64
0
0
0
0
0
60
159
192
0
0
0
0
0
190
165
64
0
0
0
0
0
200
169
192
0
0
0
0
0
136
148
64
0
0
0
0
0
242
175
192
0
0
0
0
0
240
116
192
0
0
0
0
0
150
176
192
0
0
0
0
0
180
157
192
0
0
0
0
0
88
173
192
0
0
0
0
0
136
168
192
0
0
0
0
0
48
165
192
0
0
0
0
0
64
174
192
0
0
0
0
0
56
148
192
0
0
0
0
0
70
175
192
0
0
0
0
0
208
112
64
0
0
0
0
0
164
171
192
0
0
0
0
0
44
155
64
0
0
0
0
0
20
164
192
0
0
0
0
0
180
166
64
0
0
0
0
0
160
147
192
0
0
0
0
0
58
172
64
0
0
0
0
0
224
105
64
0
0
0
0
0
130
173
64
0
0
0
0
0
52
153
64
0
0
0
0
0
124
170
64
0
0
0
0
0
158
165
64
0
0
0
0
0
162
163
64
0
0
0
0
0
106
171
64
0
0
0
0
0
228
147
64
0
0
0
0
0
44
173
64
0
0
0
0
0
96
99
192
0
0
0
0
0
152
170
64
0
0
0
0
0
112
152
192
0
0
0
0
0
6
164
64
0
0
0
0
0
118
165
192
0
0
0
0
0
208
148
64
0
0
0
0
0
134
171
192
0
0
0
0
0
64
90
192
0
0
0
0
0
114
173
192
0
0
0
0
0
216
151
192
0
0
0
0
0
234
170
192
0
0
0
0
0
46
165
192
0
0
0
0
0
80
164
192
0
0
0
0
0
40
171
192
0
0
0
0
0
100
149
192
0
0
0
0
0
248
172
192
0
0
0
0
0
0
74
64
0
0
0
0
0
102
170
192
0
0
0
0
0
140
150
64
0
0
0
0
0
238
163
192
0
0
0
0
0
62
164
64
0
0
0
0
0
60
149
192
0
0
0
0
0
0
170
64
0
0
0
0
0
0
34
64
0
0
0
0
0
196
171
64
0
0
0
0
0
4
149
64
0
0
0
0
0
92
169
64
0
0
0
0
0
40
163
64
0
0
0
0
0
64
163
64
0
0
0
0
0
204
168
64
0
0
0
0
0
212
148
64
0
0
0
0
0
168
170
64
0
0
0
0
0
0
58
64
0
0
0
0
0
138
168
64
0
0
0
0
0
192
147
192
0
0
0
0
0
210
162
64
0
0
0
0
0
86
162
192
0
0
0
0
0
200
148
64
0
0
0
0
0
248
167
192
0
0
0
0
0
64
80
64
0
0
0
0
0
254
169
192
0
0
0
0
0
180
146
192
0
0
0
0
0
40
168
192
0
0
0
0
0
196
161
192
0
0
0
0
0
192
162
192
0
0
0
0
0
132
167
192
0
0
0
0
0
56
149
192
0
0
0
0
0
202
169
192
0
0
0
0
0
0
93
192
0
0
0
0
0
68
168
192
0
0
0
0
0
228
145
64
0
0
0
0
0
36
163
192
0
0
0
0
0
136
161
64
0
0
0
0
0
68
150
192
0
0
0
0
0
156
167
64
0
0
0
0
0
192
101
192
0
0
0
0
0
62
170
64
0
0
0
0
0
136
145
64
0
0
0
0
0
250
168
64
0
0
0
0
0
184
161
64
0
0
0
0
0
236
163
64
0
0
0
0
0
28
168
64
0
0
0
0
0
136
151
64
0
0
0
0
0
226
170
64
0
0
0
0
0
128
107
64
0
0
0
0
0
144
169
64
0
0
0
0
0
76
145
192
0
0
0
0
0
84
164
64
0
0
0
0
0
182
161
192
0
0
0
0
0
8
152
64
0
0
0
0
0
6
168
192
0
0
0
0
0
64
111
64
0
0
0
0
0
158
170
192
0
0
0
0
0
128
144
192
0
0
0
0
0
38
169
192
0
0
0
0
0
12
161
192
0
0
0
0
0
242
163
192
0
0
0
0
0
40
167
192
0
0
0
0
0
184
151
192
0
0
0
0
0
194
169
192
0
0
0
0
0
32
113
192
0
0
0
0
0
140
168
192
0
0
0
0
0
32
143
64
0
0
0
0
0
194
163
192
0
0
0
0
0
138
160
64
0
0
0
0
0
32
152
192
0
0
0
0
0
240
166
64
0
0
0
0
0
208
115
192
0
0
0
0
0
18
170
64
0
0
0
0
0
224
142
64
0
0
0
0
0
114
169
64
0
0
0
0
0
28
161
64
0
0
0
0
0
2
165
64
0
0
0
0
0
76
168
64
0
0
0
0
0
116
154
64
0
0
0
0
0
20
172
64
0
0
0
0
0
176
120
64
0
0
0
0
0
174
171
64
0
0
0
0
0
192
143
192
0
0
0
0
0
250
166
64
0
0
0
0
0
34
162
192
0
0
0
0
0
28
157
64
0
0
0
0
0
204
169
192
0
0
0
0
0
176
125
64
0
0
0
0
0
152
173
192
0
0
0
0
0
56
143
192
0
0
0
0
0
214
172
192
0
0
0
0
0
24
162
192
0
0
0
0
0
166
167
192
0
0
0
0
0
134
169
192
0
0
0
0
0
204
157
192
0
0
0
0
0
246
172
192
0
0
0
0
0
48
128
192
0
0
0
0
0
252
171
192
0
0
0
0
0
176
140
64
0
0
0
0
0
222
166
192
0
0
0
0
0
14
161
64
0
0
0
0
0
252
156
192
0
0
0
0
0
50
168
64
0
0
0
0
0
144
128
192
0
0
0
0
0
166
171
64
0
0
0
0
0
176
138
64
0
0
0
0
0
254
170
64
0
0
0
0
0
112
160
64
0
0
0
0
0
98
166
64
0
0
0
0
0
202
167
64
0
0
0
0
0
240
156
64
0
0
0
0
0
174
171
64
0
0
0
0
0
96
129
64
0
0
0
0
0
126
171
64
0
0
0
0
0
80
138
192
0
0
0
0
0
42
167
64
0
0
0
0
0
180
160
192
0
0
0
0
0
120
158
64
0
0
0
0
0
130
168
192
0
0
0
0
0
80
131
64
0
0
0
0
0
184
172
192
0
0
0
0
0
232
137
192
0
0
0
0
0
158
172
192
0
0
0
0
0
238
160
192
0
0
0
0
0
38
168
192
0
0
0
0
0
226
168
192
0
0
0
0
0
244
159
192
0
0
0
0
0
24
173
192
0
0
0
0
0
112
133
192
0
0
0
0
0
232
172
192
0
0
0
0
0
40
136
64
0
0
0
0
0
102
168
192
0
0
0
0
0
124
160
64
0
0
0
0
0
70
160
192
0
0
0
0
0
102
168
64
0
0
0
0
0
48
135
192
0
0
0
0
0
160
172
64
0
0
0
0
0
232
133
64
0
0
0
0
0
146
172
64
0
0
0
0
0
176
159
64
0
0
0
0
0
66
168
64
0
0
0
0
0
202
167
64
0
0
0
0
0
92
160
64
0
0
0
0
0
32
172
64
0
0
0
0
0
64
136
64
0
0
0
0
0
52
172
64
0
0
0
0
0
72
132
192
0
0
0
0
0
6
168
64
0
0
0
0
0
176
158
192
0
0
0
0
0
70
160
64
0
0
0
0
0
46
167
192
0
0
0
0
0
176
136
64
0
0
0
0
0
102
171
192
0
0
0
0
0
184
130
192
0
0
0
0
0
104
171
192
0
0
0
0
0
40
157
192
0
0
0
0
0
72
167
192
0
0
0
0
0
12
166
192
0
0
0
0
0
136
159
192
0
0
0
0
0
6
170
192
0
0
0
0
0
104
136
192
0
0
0
0
0
6
170
192
0
0
0
0
0
200
128
64
0
0
0
0
0
48
166
192
0
0
0
0
0
56
155
64
0
0
0
0
0
96
158
192
0
0
0
0
0
202
164
64
0
0
0
0
0
104
136
192
0
0
0
0
0
202
168
64
0
0
0
0
0
224
125
64
0
0
0
0
0
28
169
64
0
0
0
0
0
220
153
64
0
0
0
0
0
188
165
64
0
0
0
0
0
40
164
64
0
0
0
0
0
92
158
64
0
0
0
0
0
92
168
64
0
0
0
0
0
144
137
64
0
0
0
0
0
228
168
64
0
0
0
0
0
112
122
192
0
0
0
0
0
170
165
64
0
0
0
0
0
220
152
192
0
0
0
0
0
108
158
64
0
0
0
0
0
140
163
192
0
0
0
0
0
88
138
64
0
0
0
0
0
140
167
192
0
0
0
0
0
48
118
192
0
0
0
0
0
222
167
192
0
0
0
0
0
188
150
192
0
0
0
0
0
152
164
192
0
0
0
0
0
224
161
192
0
0
0
0
0
208
156
192
0
0
0
0
0
114
165
192
0
0
0
0
0
152
137
192
0
0
0
0
0
184
165
192
0
0
0
0
0
32
113
64
0
0
0
0
0
222
162
192
0
0
0
0
0
248
147
64
0
0
0
0
0
232
154
192
0
0
0
0
0
30
160
64
0
0
0
0
0
16
137
192
0
0
0
0
0
212
163
64
0
0
0
0
0
192
107
64
0
0
0
0
0
178
164
64
0
0
0
0
0
20
147
64
0
0
0
0
0
158
162
64
0
0
0
0
0
38
160
64
0
0
0
0
0
144
155
64
0
0
0
0
0
154
164
64
0
0
0
0
0
232
138
64
0
0
0
0
0
34
166
64
0
0
0
0
0
192
106
192
0
0
0
0
0
86
164
64
0
0
0
0
0
116
148
192
0
0
0
0
0
140
158
64
0
0
0
0
0
158
161
192
0
0
0
0
0
88
142
64
0
0
0
0
0
148
166
192
0
0
0
0
0
128
105
192
0
0
0
0
0
44
168
192
0
0
0
0
0
148
149
192
0
0
0
0
0
8
166
192
0
0
0
0
0
128
162
192
0
0
0
0
0
108
160
192
0
0
0
0
0
118
167
192
0
0
0
0
0
112
144
192
0
0
0
0
0
226
168
192
0
0
0
0
0
160
100
64
0
0
0
0
0
146
166
192
0
0
0
0
0
72
149
64
0
0
0
0
0
228
160
192
0
0
0
0
0
114
162
64
0
0
0
0
0
92
145
192
0
0
0
0
0
146
167
64
0
0
0
0
0
64
93
64
0
0
0
0
0
76
169
64
0
0
0
0
0
32
149
64
0
0
0
0
0
82
167
64
0
0
0
0
0
230
162
64
0
0
0
0
0
0
0
0
0
0
0
0
0
0
0
0
0
0
0
0
0
0
0
0
0
0
0
0
0
0
0
0
0
0
0
0
0
0
0
0
0
0
0
0
0
0
0
0
0
0
0
0
0
0
0
0
0
0
0
0
0
0
0
0
0
0
0
0
0
0
0
0
0
0
0
0
0
0
0
0
0
0
0
0
0
0
0
0
0
0
0
0
0
0
0
0
0
0
0
0
0
0
0
0
0
0
0
0
0
0
0
0
0
0
0
0
0
0
0
0
0
0
0
0
0
0
0
0
0
0
0
0
0
0
0
0
0
0
0
0
0
0
0
0
0
0
0
0
0
0
0
0
0
0
0
0
0
0
0
0
0
0
0
0
0
0
0
0
0
0
0
0
0
0
0
0
0
0
0
0
0
0
0
0
0
0
0
0
0
0
0
0
0
0
0
0
0
0
0
0
0
0
0
0
0
0
0
0
0
0
0
0
0
0
0
0
0
0
0
0
0
0
0
0
0
0
0
0
0
0
0
0
0
0
0
0
0
0
0
0
0
0
0
0
0
0
0
0
0
0
0
0
0
0
0
0
0
0
0
0
0
0
0
0
0
0
0
0
0
0
0
0
0
0
0
0
0
0
0
0
0
0
0
0
0
0
0
0
0
0
0
0
0
0
0
0
0
0
0
0
0
0
0
0
0
0
0
0
0
0
0
0
0
0
0
0
0
0
0
0
0
0
0
0
0
0
0
0
0
0
0
0
0
0
0
0
0
0
0
0
0
0
0
0
0
0
0
0
0
0
0
0
0
0
0
0
0
0
0
0
0
0
0
0
0
0
0
0
0
0
0
0
0
0
0
0
0
0
0
0
0
0
0
0
0
0
0
0
0
0
0
0
0
0
0
0
0
0
0
0
0
0
0
0
0
0
0
0
0
0
0
0
0
0
0
0
0
0
0
0
0
0
0
0
0
0
0
0
0
0
0
0
0
0
0
0
0
0
0
0
0
0
0
0
0
0
0
0
0
0
0
0
0
0
0
0
0
0
0
0
0
0
0
0
0
0
0
0
0
0
0
0
0
0
0
0
0
0
0
0
0
0
0
0
0
0
0
0
0
0
0
0
0
0
0
0
0
0
0
0
0
0
0
0
0
0
0
0
0
0
0
0
0
0
0
0
0
0
0
0
0
0
0
0
0
0
0
0
0
0
0
0
0
0
0
0
0
0
0
0
0
0
0
0
0
0
0
0
0
0
0
0
0
0
0
0
0
0
0
0
0
0
0
0
0
0
0
0
0
0
0
0
0
0
0
0
0
0
0
0
0
0
0
0
0
0
0
0
0
0
0
0
0
0
0
0
0
0
0
0
0
0
0
0
0
0
0
0
0
0
0
0
0
0
0
0
0
0
0
0
0
0
0
0
0
0
0
0
0
0
0
0
0
0
0
0
0
0
0
0
0
0
0
0
0
0
0
0
0
0
0
0
0
0
0
0
0
0
0
0
0
0
0
0
0
0
0
0
0
0
0
0
0
0
0
0
0
0
0
0
0
0
0
0
0
0
0
0
0
0
0
0
0
0
0
0
0
0
0
0
0
0
0
0
0
0
0
0
0
0
0
0
0
0
0
0
0
0
0
0
0
0
0
0
0
0
0
0
0
0
0
0
0
0
0
0
0
0
0
0
0
0
0
0
0
0
0
0
0
0
0
0
0
0
0
0
0
0
0
0
0
0
0
0
0
0
0
0
0
0
0
0
0
0
0
0
0
0
0
0
0
0
0
0
0
0
0
0
0
0
0
0
0
0
0
0
0
0
0
0
0
0
0
0
0
0
0
0
0
0
0
0
0
0
0
0
0
0
0
0
0
0
0
0
0
0
0
0
0
0
0
0
0
0
0
0
0
0
0
0
0
0
0
0
0
0
0
0
0
0
0
0
0
0
0
0
0
0
0
0
0
0
0
0
0
0
0
0
0
0
0
0
0
0
0
0
0
0
0
0
0
0
0
0
0
0
0
0
0
0
0
0
0
0
0
0
0
0
0
0
0
0
0
0
0
0
0
0
0
0
0
0
0
0
0
0
0
0
0
0
0
0
0
0
0
0
0
0
0
0
0
0
0
0
0
0
0
0
0
0
0
0
0
0
0
0
0
0
0
0
0
0
0
0
0
0
0
0
0
0
0
0
0
0
0
0
0
0
0
0
0
0
0
0
0
0
0
0
0
0
0
0
0
0
0
0
0
0
0
0
0
0
0
0
0
0
0
0
0
0
0
0
0
0
0
0
0
0
0
0
0
0
0
0
0
0
0
0
0
0
0
0
0
0
0
0
0
0
0
0
0
0
0
0
0
0
0
0
0
0
0
0
0
0
0
0
0
0
0
0
0
0
0
0
0
0
0
0
0
0
0
0
0
0
0
0
0
0
0
0
0
0
0
0
0
0
0
0
0
0
0
0
0
0
0
0
0
0
0
0
0
0
0
0
0
0
0
0
0
0
0
0
0
0
0
0
0
0
0
0
0
0
0
0
0
0
0
0
0
0
0
0
0
0
0
0
0
0
0
0
0
0
0
0
0
0
0
0
0
0
0
0
0
0
0
0
0
0
0
0
0
0
0
0
0
0
0
0
0
0
0
0
0
0
0
0
0
0
0
0
0
0
0
0
0
0
0
0
0
0
0
0
0
0
0
0
0
0
0
0
0
0
0
0
0
0
0
0
0
0
0
0
0
0
0
0
0
0
0
0
0
0
0
0
0
0
0
0
0
0
0
0
0
0
0
0
0
0
0
0
0