58
70
65
67
84
58
67
68
65
84
49
56
58
68
65
84
65
32
35
57
48
48
48
48
48
54
57
51
54
0
210
161
64
0
0
0
0
0
172
168
64
0
0
0
0
0
236
146
64
0
0
0
0
0
230
170
64
0
0
0
0
0
64
84
192
0
0
0
0
0
18
169
64
0
0
0
0
0
0
150
192
0
0
0
0
0
78
163
64
0
0
0
0
0
2
164
192
0
0
0
0
0
192
148
64
0
0
0
0
0
40
170
192
0
0
0
0
0
128
69
192
0
0
0
0
0
90
172
192
0
0
0
0
0
60
150
192
0
0
0
0
0
44
170
192
0
0
0
0
0
50
164
192
0
0
0
0
0
246
163
192
0
0
0
0
0
34
170
192
0
0
0
0
0
120
149
192
0
0
0
0
0
8
172
192
0
0
0
0
0
0
240
63
0
0
0
0
0
178
169
192
0
0
0
0
0
44
149
64
0
0
0
0
0
144
163
192
0
0
0
0
0
104
163
64
0
0
0
0
0
60
149
192
0
0
0
0
0
60
169
64
0
0
0
0
0
0
56
192
0
0
0
0
0
70
171
64
0
0
0
0
0
116
148
64
0
0
0
0
0
72
169
64
0
0
0
0
0
42
163
64
0
0
0
0
0
140
163
64
0
0
0
0
0
94
169
64
0
0
0
0
0
176
149
64
0
0
0
0
0
226
171
64
0
0
0
0
0
128
71
64
0
0
0
0
0
64
170
64
0
0
0
0
0
208
148
192
0
0
0
0
0
150
164
64
0
0
0
0
0
220
163
192
0
0
0
0
0
68
151
64
0
0
0
0
0
130
170
192
0
0
0
0
0
128
86
64
0
0
0
0
0
58
173
192
0
0
0
0
0
4
149
192
0
0
0
0
0
130
171
192
0
0
0
0
0
58
164
192
0
0
0
0
0
142
165
192
0
0
0
0
0
234
170
192
0
0
0
0
0
156
152
192
0
0
0
0
0
134
173
192
0
0
0
0
0
96
99
192
0
0
0
0
0
178
171
192
0
0
0
0
0
8
148
64
0
0
0
0
0
196
165
192
0
0
0
0
0
170
163
64
0
0
0
0
0
88
153
192
0
0
0
0
0
84
170
64
0
0
0
0
0
32
108
192
0
0
0
0
0
16
173
64
0
0
0
0
0
184
146
64
0
0
0
0
0
126
171
64
0
0
0
0
0
12
163
64
0
0
0
0
0
212
165
64
0
0
0
0
0
216
169
64
0
0
0
0
0
216
153
64
0
0
0
0
0
176
172
64
0
0
0
0
0
224
112
64
0
0
0
0
0
36
171
64
0
0
0
0
0
212
145
192
0
0
0
0
0
118
165
64
0
0
0
0
0
100
162
192
0
0
0
0
0
64
153
64
0
0
0
0
0
208
168
192
0
0
0
0
0
64
113
64
0
0
0
0
0
54
171
192
0
0
0
0
0
100
144
192
0
0
0
0
0
92
169
192
0
0
0
0
0
204
160
192
0
0
0
0
0
196
163
192
0
0
0
0
0
104
166
192
0
0
0
0
0
4
151
192
0
0
0
0
0
100
168
192
0
0
0
0
0
64
112
192
0
0
0
0
0
186
166
192
0
0
0
0
0
248
140
64
0
0
0
0
0
230
161
192
0
0
0
0
0
32
158
64
0
0
0
0
0
100
149
192
0
0
0
0
0
128
164
64
0
0
0
0
0
224
112
192
0
0
0
0
0
254
166
64
0
0
0
0
0
64
139
64
0
0
0
0
0
64
166
64
0
0
0
0
0
236
157
64
0
0
0
0
0
80
162
64
0
0
0
0
0
56
165
64
0
0
0
0
0
24
151
64
0
0
0
0
0
146
168
64
0
0
0
0
0
0
118
64
0
0
0
0
0
80
168
64
0
0
0
0
0
128
139
192
0
0
0
0
0
64
164
64
0
0
0
0
0
152
159
192
0
0
0
0
0
208
153
64
0
0
0
0
0
118
166
192
0
0
0
0
0
208
123
64
0
0
0
0
0
170
169
192
0
0
0
0
0
152
137
192
0
0
0
0
0
210
168
192
0
0
0
0
0
252
157
192
0
0
0
0
0
42
164
192
0
0
0
0
0
236
164
192
0
0
0
0
0
80
153
192
0
0
0
0
0
102
167
192
0
0
0
0
0
128
125
192
0
0
0
0
0
76
166
192
0
0
0
0
0
24
133
64
0
0
0
0
0
20
162
192
0
0
0
0
0
228
153
64
0
0
0
0
0
16
151
192
0
0
0
0
0
112
162
64
0
0
0
0
0
160
124
192
0
0
0
0
0
52
165
64
0
0
0
0
0
72
131
64
0
0
0
0
0
252
164
64
0
0
0
0
0
80
153
64
0
0
0
0
0
196
161
64
0
0
0
0
0
230
162
64
0
0
0
0
0
152
151
64
0
0
0
0
0
132
166
64
0
0
0
0
0
240
125
64
0
0
0
0
0
180
166
64
0
0
0
0
0
32
133
192
0
0
0
0
0
44
163
64
0
0
0
0
0
108
155
192
0
0
0
0
0
212
152
64
0
0
0
0
0
230
163
192
0
0
0
0
0
80
126
64
0
0
0
0
0
132
166
192
0
0
0
0
0
40
131
192
0
0
0
0
0
20
165
192
0
0
0
0
0
188
150
192
0
0
0
0
0
42
160
192
0
0
0
0
0
36
157
192
0
0
0
0
0
172
146
192
0
0
0
0
0
44
156
192
0
0
0
0
0
208
116
192
0
0
0
0
0
128
149
192
0
0
0
0
0
176
113
64
0
0
0
0
0
216
136
192
0
0
0
0
0
136
128
64
0
0
0
0
0
16
114
192
0
0
0
0
0
48
122
64
0
0
0
0
0
0
240
191
0
0
0
0
0
0
88
64
0
0
0
0
0
128
74
192
0
0
0
0
0
224
111
192
0
0
0
0
0
48
114
192
0
0
0
0
0
32
124
192
0
0
0
0
0
96
130
192
0
0
0
0
0
224
121
192
0
0
0
0
0
120
136
192
0
0
0
0
0
224
102
192
0
0
0
0
0
120
136
192
0
0
0
0
0
0
95
64
0
0
0
0
0
152
130
192
0
0
0
0
0
128
118
64
0
0
0
0
0
208
115
192
0
0
0
0
0
176
122
64
0
0
0
0
0
64
84
192
0
0
0
0
0
176
115
64
0
0
0
0
0
0
20
64
0
0
0
0
0
128
89
64
0
0
0
0
0
0
77
192
0
0
0
0
0
0
87
192
0
0
0
0
0
32
109
192
0
0
0
0
0
192
100
192
0
0
0
0
0
240
120
192
0
0
0
0
0
64
87
192
0
0
0
0
0
240
124
192
0
0
0
0
0
128
83
64
0
0
0
0
0
160
120
192
0
0
0
0
0
0
111
64
0
0
0
0
0
32
109
192
0
0
0
0
0
176
116
64
0
0
0
0
0
64
80
192
0
0
0
0
0
48
114
64
0
0
0
0
0
0
61
64
0
0
0
0
0
64
100
64
0
0
0
0
0
0
34
64
0
0
0
0
0
0
49
64
0
0
0
0
0
0
86
192
0
0
0
0
0
192
80
192
0
0
0
0
0
96
106
192
0
0
0
0
0
128
74
192
0
0
0
0
0
192
113
192
0
0
0
0
0
0
69
64
0
0
0
0
0
208
112
192
0
0
0
0
0
0
100
64
0
0
0
0
0
0
102
192
0
0
0
0
0
160
109
64
0
0
0
0
0
128
77
192
0
0
0
0
0
32
109
64
0
0
0
0
0
0
56
64
0
0
0
0
0
160
99
64
0
0
0
0
0
0
64
64
0
0
0
0
0
128
74
64
0
0
0
0
0
0
57
192
0
0
0
0
0
0
56
192
0
0
0
0
0
128
92
192
0
0
0
0
0
0
64
192
0
0
0
0
0
64
102
192
0
0
0
0
0
0
54
64
0
0
0
0
0
224
102
192
0
0
0
0
0
0
90
64
0
0
0
0
0
32
96
192
0
0
0
0
0
192
100
64
0
0
0
0
0
0
72
192
0
0
0
0
0
224
101
64
0
0
0
0
0
0
49
64
0
0
0
0
0
32
96
64
0
0
0
0
0
128
64
64
0
0
0
0
0
0
76
64
0
0
0
0
0
0
0
64
0
0
0
0
0
0
20
192
0
0
0
0
0
0
79
192
0
0
0
0
0
0
52
192
0
0
0
0
0
0
92
192
0
0
0
0
0
0
38
64
0
0
0
0
0
192
94
192
0
0
0
0
0
192
80
64
0
0
0
0
0
192
86
192
0
0
0
0
0
64
92
64
0
0
0
0
0
0
66
192
0
0
0
0
0
0
95
64
0
0
0
0
0
0
38
64
0
0
0
0
0
192
87
64
0
0
0
0
0
0
58
64
0
0
0
0
0
128
70
64
0
0
0
0
0
0
16
64
0
0
0
0
0
0
0
128
0
0
0
0
0
128
66
192
0
0
0
0
0
0
42
192
0
0
0
0
0
0
82
192
0
0
0
0
0
0
20
64
0
0
0
0
0
64
84
192
0
0
0
0
0
0
69
64
0
0
0
0
0
128
78
192
0
0
0
0
0
64
82
64
0
0
0
0
0
0
56
192
0
0
0
0
0
0
84
64
0
0
0
0
0
0
28
64
0
0
0
0
0
0
78
64
0
0
0
0
0
0
48
64
0
0
0
0
0
0
57
64
0
0
0
0
0
0
240
63
0
0
0
0
0
0
8
192
0
0
0
0
0
0
59
192
0
0
0
0
0
0
38
192
0
0
0
0
0
128
72
192
0
0
0
0
0
0
0
64
0
0
0
0
0
0
74
192
0
0
0
0
0
0
58
64
0
0
0
0
0
128
65
192
0
0
0
0
0
128
69
64
0
0
0
0
0
0
40
192
0
0
0
0
0
0
69
64
0
0
0
0
0
0
20
64
0
0
0
0
0
0
56
64
0
0
0
0
0
0
16
64
0
0
0
0
0
0
240
63
0
0
0
0
0
0
38
192
0
0
0
0
0
0
44
192
0
0
0
0
0
0
61
192
0
0
0
0
0
0
42
192
0
0
0
0
0
128
67
192
0
0
0
0
0
0
240
63
0
0
0
0
0
0
64
192
0
0
0
0
0
0
48
64
0
0
0
0
0
0
46
192
0
0
0
0
0
0
52
64
0
0
0
0
0
0
240
63
0
0
0
0
0
0
34
64
0
0
0
0
0
0
16
64
0
0
0
0
0
0
40
192
0
0
0
0
0
0
32
192
0
0
0
0
0
0
61
192
0
0
0
0
0
0
59
192
0
0
0
0
0
0
64
192
0
0
0
0
0
128
68
192
0
0
0
0
0
0
51
192
0
0
0
0
0
0
68
192
0
0
0
0
0
0
240
191
0
0
0
0
0
0
54
192
0
0
0
0
0
0
36
64
0
0
0
0
0
0
240
63
0
0
0
0
0
0
16
64
0
0
0
0
0
0
42
64
0
0
0
0
0
0
52
192
0
0
0
0
0
0
20
64
0
0
0
0
0
0
72
192
0
0
0
0
0
0
52
192
0
0
0
0
0
128
79
192
0
0
0
0
0
0
72
192
0
0
0
0
0
0
76
192
0
0
0
0
0
0
79
192
0
0
0
0
0
0
63
192
0
0
0
0
0
0
74
192
0
0
0
0
0
0
0
192
0
0
0
0
0
0
54
192
0
0
0
0
0
0
34
64
0
0
0
0
0
0
38
64
0
0
0
0
0
0
28
192
0
0
0
0
0
0
57
64
0
0
0
0
0
0
70
192
0
0
0
0
0
0
32
64
0
0
0
0
0
0
85
192
0
0
0
0
0
0
64
192
0
0
0
0
0
128
89
192
0
0
0
0
0
128
82
192
0
0
0
0
0
0
86
192
0
0
0
0
0
128
87
192
0
0
0
0
0
0
72
192
0
0
0
0
0
128
83
192
0
0
0
0
0
0
24
192
0
0
0
0
0
128
64
192
0
0
0
0
0
0
40
64
0
0
0
0
0
0
46
64
0
0
0
0
0
0
36
192
0
0
0
0
0
128
65
64
0
0
0
0
0
0
79
192
0
0
0
0
0
0
42
64
0
0
0
0
0
192
93
192
0
0
0
0
0
0
70
192
0
0
0
0
0
128
98
192
0
0
0
0
0
128
90
192
0
0
0
0
0
64
96
192
0
0
0
0
0
64
97
192
0
0
0
0
0
192
82
192
0
0
0
0
0
64
94
192
0
0
0
0
0
0
40
192
0
0
0
0
0
128
78
192
0
0
0
0
0
0
52
64
0
0
0
0
0
0
24
64
0
0
0
0
0
0
240
63
0
0
0
0
0
0
69
64
0
0
0
0
0
64
82
192
0
0
0
0
0
0
52
64
0
0
0
0
0
32
99
192
0
0
0
0
0
128
75
192
0
0
0
0
0
32
105
192
0
0
0
0
0
32
98
192
0
0
0
0
0
64
103
192
0
0
0
0
0
32
105
192
0
0
0
0
0
128
92
192
0
0
0
0
0
192
103
192
0
0
0
0
0
0
55
192
0
0
0
0
0
0
93
192
0
0
0
0
0
128
64
64
0
0
0
0
0
0
56
192
0
0
0
0
0
0
40
64
0
0
0
0
0
0
69
64
0
0
0
0
0
192
80
192
0
0
0
0
0
0
59
64
0
0
0
0
0
160
102
192
0
0
0
0
0
128
80
192
0
0
0
0
0
80
112
192
0
0
0
0
0
64
104
192
0
0
0
0
0
64
112
192
0
0
0
0
0
32
114
192
0
0
0
0
0
160
101
192
0
0
0
0
0
208
114
192
0
0
0
0
0
0
70
192
0
0
0
0
0
96
107
192
0
0
0
0
0
128
75
64
0
0
0
0
0
64
85
192
0
0
0
0
0
64
80
64
0
0
0
0
0
0
40
64
0
0
0
0
0
0
65
192
0
0
0
0
0
0
64
64
0
0
0
0
0
64
103
192
0
0
0
0
0
128
82
192
0
0
0
0
0
16
116
192
0
0
0
0
0
192
111
192
0
0
0
0
0
80
118
192
0
0
0
0
0
80
122
192
0
0
0
0
0
128
112
192
0
0
0
0
0
128
126
192
0
0
0
0
0
192
84
192
0
0
0
0
0
240
121
192
0
0
0
0
0
128
87
64
0
0
0
0
0
192
109
192
0
0
0
0
0
0
101
64
0
0
0
0
0
0
72
192
0
0
0
0
0
0
87
64
0
0
0
0
0
0
55
64
0
0
0
0
0
64
93
192
0
0
0
0
0
192
81
192
0
0
0
0
0
160
117
192
0
0
0
0
0
240
115
192
0
0
0
0
0
112
125
192
0
0
0
0
0
72
131
192
0
0
0
0
0
128
121
192
0
0
0
0
0
192
137
192
0
0
0
0
0
64
100
192
0
0
0
0
0
8
138
192
0
0
0
0
0
192
100
64
0
0
0
0
0
160
131
192
0
0
0
0
0
48
122
64
0
0
0
0
0
80
115
192
0
0
0
0
0
208
124
64
0
0
0
0
0
128
75
192
0
0
0
0
0
64
111
64
0
0
0
0
0
0
42
192
0
0
0
0
0
32
96
192
0
0
0
0
0
48
115
192
0
0
0
0
0
240
125
192
0
0
0
0
0
192
138
192
0
0
0
0
0
160
130
192
0
0
0
0
0
40
151
192
0
0
0
0
0
112
116
192
0
0
0
0
0
60
158
192
0
0
0
0
0
32
117
64
0
0
0
0
0
36
159
192
0
0
0
0
0
168
147
64
0
0
0
0
0
60
152
192
0
0
0
0
0
14
161
64
0
0
0
0
0
152
132
192
0
0
0
0
0
50
166
64
0
0
0
0
0
224
126
64
0
0
0
0
0
170
167
64
0
0
0
0
0
184
153
64
0
0
0
0
0
234
164
64
0
0
0
0
0
228
163
64
0
0
0
0
0
0
157
64
0
0
0
0
0
158
167
64
0
0
0
0
0
48
135
64
0
0
0
0
0
140
167
64
0
0
0
0
0
48
124
192
0
0
0
0
0
248
163
64
0
0
0
0
0
212
151
192
0
0
0
0
0
92
155
64
0
0
0
0
0
60
162
192
0
0
0
0
0
176
134
64
0
0
0
0
0
212
165
192
0
0
0
0
0
96
120
192
0
0
0
0
0
96
166
192
0
0
0
0
0
240
150
192
0
0
0
0
0
208
163
192
0
0
0
0
0
152
162
192
0
0
0
0
0
164
156
192
0
0
0
0
0
96
167
192
0
0
0
0
0
136
137
192
0
0
0
0
0
230
168
192
0
0
0
0
0
192
120
64
0
0
0
0
0
152
166
192
0
0
0
0
0
124
153
64
0
0
0
0
0
134
160
192
0
0
0
0
0
246
164
64
0
0
0
0
0
224
141
192
0
0
0
0
0
50
170
64
0
0
0
0
0
160
120
64
0
0
0
0
0
96
171
64
0
0
0
0
0
140
154
64
0
0
0
0
0
48
168
64
0
0
0
0
0
78
165
64
0
0
0
0
0
52
161
64
0
0
0
0
0
218
169
64
0
0
0
0
0
216
142
64
0
0
0
0
0
78
170
64
0
0
0
0
0
16
117
192
0
0
0
0
0
208
166
64
0
0
0
0
0
76
152
192
0
0
0
0
0
36
160
64
0
0
0
0
0
122
163
192
0
0
0
0
0
152
141
64
0
0
0
0
0
186
167
192
0
0
0
0
0
32
113
192
0
0
0
0
0
126
168
192
0
0
0
0
0
132
150
192
0
0
0
0
0
202
165
192
0
0
0
0
0
210
162
192
0
0
0
0
0
248
159
192
0
0
0
0
0
212
167
192
0
0
0
0
0
248
142
192
0
0
0
0
0
130
169
192
0
0
0
0
0
224
110
64
0
0
0
0
0
112
167
192
0
0
0
0
0
140
151
64
0
0
0
0
0
170
161
192
0
0
0
0
0
84
164
64
0
0
0
0
0
176
145
192
0
0
0
0
0
46
170
64
0
0
0
0
0
224
108
64
0
0
0
0
0
62
172
64
0
0
0
0
0
76
153
64
0
0
0
0
0
248
169
64
0
0
0
0
0
238
165
64
0
0
0
0
0
140
163
64
0
0
0
0
0
20
172
64
0
0
0
0
0
200
147
64
0
0
0
0
0
10
174
64
0
0
0
0
0
128
104
192
0
0
0
0
0
108
171
64
0
0
0
0
0
216
153
192
0
0
0
0
0
152
164
64
0
0
0
0
0
128
166
192
0
0
0
0
0
32
149
64
0
0
0
0
0
202
172
192
0
0
0
0
0
192
98
192
0
0
0
0
0
200
174
192
0
0
0
0
0
172
153
192
0
0
0
0
0
38
172
192
0
0
0
0
0
166
166
192
0
0
0
0
0
60
165
192
0
0
0
0
0
24
173
192
0
0
0
0
0
32
150
192
0
0
0
0
0
40
175
192
0
0
0
0
0
128
90
64
0
0
0
0
0
120
172
192
0
0
0
0
0
48
153
64
0
0
0
0
0
120
165
192
0
0
0
0
0
98
166
64
0
0
0
0
0
140
150
192
0
0
0
0
0
172
172
64
0
0
0
0
0
128
77
64
0
0
0
0
0
134
174
64
0
0
0
0
0
196
151
64
0
0
0
0
0
186
171
64
0
0
0
0
0
60
165
64
0
0
0
0
0
220
164
64
0
0
0
0
0
48
171
64
0
0
0
0
0
40
150
64
0
0
0
0
0
248
172
64
0
0
0
0
0
0
36
192
0
0
0
0
0
122
170
64
0
0
0
0
0
228
149
192
0
0
0
0
0
46
164
64
0
0
0
0
0
6
164
192
0
0
0
0
0
12
150
64
0
0
0
0
0
20
170
192
0
0
0
0
0
0
67
64
0
0
0
0
0
82
172
192
0
0
0
0
0
12
149
192
0
0
0
0
0
106
170
192
0
0
0
0
0
232
163
192
0
0
0
0
0
148
164
192
0
0
0
0
0
116
170
192
0
0
0
0
0
36
151
192
0
0
0
0
0
30
173
192
0
0
0
0
0
0
85
192
0
0
0
0
0
96
171
192
0
0
0
0
0
16
149
64
0
0
0
0
0
106
165
192
0
0
0
0
0
60
164
64
0
0
0
0
0
68
152
192
0
0
0
0
0
226
170
64
0
0
0
0
0
32
96
192
0
0
0
0
0
98
173
64
0
0
0
0
0
80
148
64
0
0
0
0
0
92
171
64
0
0
0
0
0
148
163
64
0
0
0
0
0
56
165
64
0
0
0
0
0
208
169
64
0
0
0
0
0
16
152
64
0
0
0
0
0
4
172
64
0
0
0
0
0
0
101
64
0
0
0
0
0
0
170
64
0
0
0
0
0
140
146
192
0
0
0
0
0
58
164
64
0
0
0
0
0
46
162
192
0
0
0
0
0
80
151
64
0
0
0
0
0
48
168
192
0
0
0
0
0
96
105
64
0
0
0
0
0
134
170
192
0
0
0
0
0
24
145
192
0
0
0
0
0
244
168
192
0
0
0
0
0
76
161
192
0
0
0
0
0
186
163
192
0
0
0
0
0
106
167
192
0
0
0
0
0
68
151
192
0
0
0
0
0
252
169
192
0
0
0
0
0
192
109
192
0
0
0
0
0
162
168
192
0
0
0
0
0
64
144
64
0
0
0
0
0
144
163
192
0
0
0
0
0
194
160
64
0
0
0
0
0
56
151
192
0
0
0
0
0
180
166
64
0
0
0
0
0
160
112
192
0
0
0
0
0
16
169
64
0
0
0
0
0
216
141
64
0
0
0
0
0
140
167
64
0
0
0
0
0
8
159
64
0
0
0
0
0
142
162
64
0
0
0
0
0
234
164
64
0
0
0
0
0
8
150
64
0
0
0
0
0
250
166
64
0
0
0
0
0
160
113
64
0
0
0
0
0
156
165
64
0
0
0
0
0
40
138
192
0
0
0
0
0
50
161
64
0
0
0
0
0
0
156
192
0
0
0
0
0
236
148
64
0
0
0
0
0
60
163
192
0
0
0
0
0
224
114
64
0
0
0
0
0
166
165
192
0
0
0
0
0
56
136
192
0
0
0
0
0
248
164
192
0
0
0
0
0
104
155
192
0
0
0
0
0
70
161
192
0
0
0
0
0
144
163
192
0
0
0
0
0
228
149
192
0
0
0
0
0
188
166
192
0
0
0
0
0
0
118
192
0
0
0
0
0
156
166
192
0
0
0
0
0
248
136
64
0
0
0
0
0
0
163
192
0
0
0
0
0
116
157
64
0
0
0
0
0
132
152
192
0
0
0
0
0
86
165
64
0
0
0
0
0
96
122
192
0
0
0
0
0
230
168
64
0
0
0
0
0
16
138
64
0
0
0
0
0
180
168
64
0
0
0
0
0
60
159
64
0
0
0
0
0
166
164
64
0
0
0
0
0
128
166
64
0
0
0
0
0
152
154
64
0
0
0
0
0
8
170
64
0
0
0
0
0
48
126
64
0
0
0
0
0
158
169
64
0
0
0
0
0
168
137
192
0
0
0
0
0
80
165
64
0
0
0
0
0
104
159
192
0
0
0
0
0
148
155
64
0
0
0
0
0
174
166
192
0
0
0
0
0
160
128
64
0
0
0
0
0
76
170
192
0
0
0
0
0
184
136
192
0
0
0
0
0
8
170
192
0
0
0
0
0
104
159
192
0
0
0
0
0
224
165
192
0
0
0
0
0
8
167
192
0
0
0
0
0
196
156
192
0
0
0
0
0
10
171
192
0
0
0
0
0
104
130
192
0
0
0
0
0
16
171
192
0
0
0
0
0
88
136
64
0
0
0
0
0
252
166
192
0
0
0
0
0
26
160
64
0
0
0
0
0
164
158
192
0
0
0
0
0
232
167
64
0
0
0
0
0
152
132
192
0
0
0
0
0
64
172
64
0
0
0
0
0
32
136
64
0
0
0
0
0
94
172
64
0
0
0
0
0
128
160
64
0
0
0
0
0
44
168
64
0
0
0
0
0
160
168
64
0
0
0
0
0
56
160
64
0
0
0
0
0
36
173
64
0
0
0
0
0
192
134
64
0
0
0
0
0
74
173
64
0
0
0
0
0
88
135
192
0
0
0
0
0
6
169
64
0
0
0
0
0
156
160
192
0
0
0
0
0
238
160
64
0
0
0
0
0
0
169
192
0
0
0
0
0
200
136
64
0
0
0
0
0
182
173
192
0
0
0
0
0
80
134
192
0
0
0
0
0
252
173
192
0
0
0
0
0
160
160
192
0
0
0
0
0
186
169
192
0
0
0
0
0
60
169
192
0
0
0
0
0
138
161
192
0
0
0
0
0
18
174
192
0
0
0
0
0
152
138
192
0
0
0
0
0
88
174
192
0
0
0
0
0
32
133
64
0
0
0
0
0
2
170
192
0
0
0
0
0
98
160
64
0
0
0
0
0
190
161
192
0
0
0
0
0
236
168
64
0
0
0
0
0
152
139
192
0
0
0
0
0
150
173
64
0
0
0
0
0
72
131
64
0
0
0
0
0
184
173
64
0
0
0
0
0
44
159
64
0
0
0
0
0
100
169
64
0
0
0
0
0
204
167
64
0
0
0
0
0
96
161
64
0
0
0
0
0
80
172
64
0
0
0
0
0
216
139
64
0
0
0
0
0
148
172
64
0
0
0
0
0
16
129
192
0
0
0
0
0
170
168
64
0
0
0
0
0
108
157
192
0
0
0
0
0
50
161
64
0
0
0
0
0
234
166
192
0
0
0
0
0
224
140
64
0
0
0
0
0
198
171
192
0
0
0
0
0
32
127
192
0
0
0
0
0
152
172
192
0
0
0
0
0
48
157
192
0
0
0
0
0
52
169
192
0
0
0
0
0
88
167
192
0
0
0
0
0
250
161
192
0
0
0
0
0
200
172
192
0
0
0
0
0
112
143
192
0
0
0
0
0
248
173
192
0
0
0
0
0
176
125
64
0
0
0
0
0
150
170
192
0
0
0
0
0
244
157
64
0
0
0
0
0
10
163
192
0
0
0
0
0
34
168
64
0
0
0
0
0
240
144
192
0
0
0
0
0
168
173
64
0
0
0
0
0
112
123
64
0
0
0
0
0
156
174
64
0
0
0
0
0
104
157
64
0
0
0
0
0
214
170
64
0
0
0
0
0
136
167
64
0
0
0
0
0
8
163
64
0
0
0
0
0
144
172
64
0
0
0
0
0
20
145
64
0
0
0
0
0
36
173
64
0
0
0
0
0
48
119
192
0
0
0
0
0
88
169
64
0
0
0
0
0
244
154
192
0
0
0
0
0
248
161
64
0
0
0
0
0
168
165
192
0
0
0
0
0
124
144
64
0
0
0
0
0
92
170
192
0
0
0
0
0
208
114
192
0
0
0
0
0
20
171
192
0
0
0
0
0
160
152
192
0
0
0
0
0
222
167
192
0
0
0
0
0
78
164
192
0
0
0
0
0
68
161
192
0
0
0
0
0
70
169
192
0
0
0
0
0
120
144
192
0
0
0
0
0
138
170
192
0
0
0
0
0
224
111
64
0
0
0
0
0
232
167
192
0
0
0
0
0
248
151
64
0
0
0
0
0
174
161
192
0
0
0
0
0
78
164
64
0
0
0
0
0
108
145
192
0
0
0
0
0
180
169
64
0
0
0
0
0
128
107
64
0
0
0
0
0
76
171
64
0
0
0
0
0
20
152
64
0
0
0
0
0
196
168
64
0
0
0
0
0
164
164
64
0
0
0
0
0
108
162
64
0
0
0
0
0
40
170
64
0
0
0
0
0
120
146
64
0
0
0
0
0
182
171
64
0
0
0
0
0
64
102
192
0
0
0
0
0
14
169
64
0
0
0
0
0
144
151
192
0
0
0
0
0
160
162
64
0
0
0
0
0
86
164
192
0
0
0
0
0
236
146
64
0
0
0
0
0
192
169
192
0
0
0
0
0
96
96
192
0
0
0
0
0
62
171
192
0
0
0
0
0
116
150
192
0
0
0
0
0
170
168
192
0
0
0
0
0
164
163
192
0
0
0
0
0
114
162
192
0
0
0
0
0
14
169
192
0
0
0
0
0
24
147
192
0
0
0
0
0
182
170
192
0
0
0
0
0
0
86
64
0
0
0
0
0
100
168
192
0
0
0
0
0
136
149
64
0
0
0
0
0
118
162
192
0
0
0
0
0
56
163
64
0
0
0
0
0
144
147
192
0
0
0
0
0
208
168
64
0
0
0
0
0
128
72
64
0
0
0
0
0
188
170
64
0
0
0
0
0
28
149
64
0
0
0
0
0
176
168
64
0
0
0
0
0
62
163
64
0
0
0
0
0
238
162
64
0
0
0
0
0
40
169
64
0
0
0
0
0
140
148
64
0
0
0
0
0
102
171
64
0
0
0
0
0
0
24
192
0
0
0
0
0
144
169
64
0
0
0
0
0
24
149
192
0
0
0
0
0
218
163
64
0
0
0
0
0
172
163
192
0
0
0
0
0
8
150
64
0
0
0
0
0
6
170
192
0
0
0
0
0
0
68
64
0
0
0
0
0
150
172
192
0
0
0
0
0
100
149
192
0
0
0
0
0
224
170
192
0
0
0
0
0
84
164
192
0
0
0
0
0
8
165
192
0
0
0
0
0
16
171
192
0
0
0
0
0
180
151
192
0
0
0
0
0
204
173
192
0
0
0
0
0
0
86
192
0
0
0
0
0
2
172
192
0
0
0
0
0
132
149
64
0
0
0
0
0
236
165
192
0
0
0
0
0
178
164
64
0
0
0
0
0
228
152
192
0
0
0
0
0
138
171
64
0
0
0
0
0
192
96
192
0
0
0
0
0
56
174
64
0
0
0
0
0
252
148
64
0
0
0
0
0
80
172
64
0
0
0
0
0
108
164
64
0
0
0
0
0
40
166
64
0
0
0
0
0
60
171
64
0
0
0
0
0
108
153
64
0
0
0
0
0
248
173
64
0
0
0
0
0
160
102
64
0
0
0
0
0
62
172
64
0
0
0
0
0
36
148
192
0
0
0
0
0
88
166
64
0
0
0
0
0
20
164
192
0
0
0
0
0
56
154
64
0
0
0
0
0
48
171
192
0
0
0
0
0
0
109
64
0
0
0
0
0
92
174
192
0
0
0
0
0
236
147
192
0
0
0
0
0
20
173
192
0
0
0
0
0
138
164
192
0
0
0
0
0
108
167
192
0
0
0
0
0
82
172
192
0
0
0
0
0
40
156
192
0
0
0
0
0
8
176
192
0
0
0
0
0
96
114
192
0
0
0
0
0
8
175
192
0
0
0
0
0
116
148
64
0
0
0
0
0
52
169
192
0
0
0
0
0
146
165
64
0
0
0
0
0
164
158
192
0
0
0
0
0
238
173
64
0
0
0
0
0
160
118
192
0
0
0
0
0
241
176
64
0
0
0
0
0
172
148
64
0
0
0
0
0
88
176
64
0
0
0
0
0
24
166
64
0
0
0
0
0
116
170
64
0
0
0
0
0
142
174
64
0
0
0
0
0
30
160
64
0
0
0
0
0
49
177
64
0
0
0
0
0
112
122
64
0
0
0
0
0
126
176
64
0
0
0
0
0
244
147
192
0
0
0
0
0
162
170
64
0
0
0
0
0
174
165
192
0
0
0
0
0
84
160
64
0
0
0
0
0
10
174
192
0
0
0
0
0
112
125
64
0
0
0
0
0
236
176
192
0
0
0
0
0
0
0
0
0
0
0
0
0
0
0
0
0
0
0
0
0
0
0
0
0
0
0
0
0
0
0
0
0
0
0
0
0
0
0
0
0
0
0
0
0
0
0
0
0
0
0
0
0
0
0
0
0
0
0
0
0
0
0
0
0
0
0
0
0
0
0
0
0
0
0
0
0
0
0
0
0
0
0
0
0
0
0
0
0
0
0
0
0
0
0
0
0
0
0
0
0
0
0
0
0
0
0
0
0
0
0
0
0
0
0
0
0
0
0
0
0
0
0
0
0
0
0
0
0
0
0
0
0
0
0
0
0
0
0
0
0
0
0
0
0
0
0
0
0
0
0
0
0
0
0
0
0
0
0
0
0
0
0
0
0
0
0
0
0
0
0
0
0
0
0
0
0
0
0
0
0
0
0
0
0
0
0
0
0
0
0
0
0
0
0
0
0
0
0
0
0
0
0
0
0
0
0
0
0
0
0
0
0
0
0
0
0
0
0
0
0
0
0
0
0
0
0
0
0
0
0
0
0
0
0
0
0
0
0
0
0
0
0
0
0
0
0
0
0
0
0
0
0
0
0
0
0
0
0
0
0
0
0
0
0
0
0
0
0
0
0
0
0
0
0
0
0
0
0
0
0
0
0
0
0
0
0
0
0
0
0
0
0
0
0
0
0
0
0
0
0
0
0
0
0
0
0
0
0
0
0
0
0
0
0
0
0
0
0
0
0
0
0
0
0
0
0
0
0
0
0
0
0
0
0
0
0
0
0
0
0
0
0
0
0
0
0
0
0
0
0
0
0
0
0
0
0
0
0
0
0
0
0
0
0
0
0
0
0
0
0
0
0
0
0
0
0
0
0
0
0
0
0
0
0
0
0
0
0
0
0
0
0
0
0
0
0
0
0
0
0
0
0
0
0
0
0
0
0
0
0
0
0
0
0
0
0
0
0
0
0
0
0
0
0
0
0
0
0
0
0
0
0
0
0
0
0
0
0
0
0
0
0
0
0
0
0
0
0
0
0
0
0
0
0
0
0
0
0
0
0
0
0
0
0
0
0
0
0
0
0
0
0
0
0
0
0
0
0
0
0
0
0
0
0
0
0
0
0
0
0
0
0
0
0
0
0
0
0
0
0
0
0
0
0
0
0
0
0
0
0
0
0
0
0
0
0
0
0
0
0
0
0
0
0
0
0
0
0
0
0
0
0
0
0
0
0
0
0
0
0
0
0
0
0
0
0
0
0
0
0
0
0
0
0
0
0
0
0
0
0
0
0
0
0
0
0
0
0
0
0
0
0
0
0
0
0
0
0
0
0
0
0
0
0
0
0
0
0
0
0
0
0
0
0
0
0
0
0
0
0
0
0
0
0
0
0
0
0
0
0
0
0
0
0
0
0
0
0
0
0
0
0
0
0
0
0
0
0
0
0
0
0
0
0
0
0
0
0
0
0
0
0
0
0
0
0
0
0
0
0
0
0
0
0
0
0
0
0
0
0
0
0
0
0
0
0
0
0
0
0
0
0
0
0
0
0
0
0
0
0
0
0
0
0
0
0
0
0
0
0
0
0
0
0
0
0
0
0
0
0
0
0
0
0
0
0
0
0
0
0
0
0
0
0
0
0
0
0
0
0
0
0
0
0
0
0
0
0
0
0
0
0
0
0
0
0
0
0
0
0
0
0
0
0
0
0
0
0
0
0
0
0
0
0
0
0
0
0
0
0
0
0
0
0
0
0
0
0
0
0
0
0
0
0
0
0
0
0
0
0
0
0
0
0
0
0
0
0
0
0
0
0
0
0
0
0
0
0
0
0
0
0
0
0
0
0
0
0
0
0
0
0
0
0
0
0
0
0
0
0
0
0
0
0
0
0
0
0
0
0
0
0
0
0
0
0
0
0
0
0
0
0
0
0
0
0
0
0
0
0
0
0
0
0
0
0
0
0
0
0
0
0
0
0
0
0
0
0
0
0
0
0
0
0
0
0
0
0
0
0
0
0
0
0
0
0
0
0
0
0
0
0
0
0
0
0
0
0
0
0
0
0
0
0
0
0
0
0
0
0
0
0
0
0
0
0
0
0
0
0
0
0
0
0
0
0
0
0
0
0
0
0
0
0
0
0
0
0
0
0
0
0
0
0
0
0
0
0
0
0
0
0
0
0
0
0
0
0
0
0
0
0
0
0
0
0
0
0
0
0
0
0
0
0
0
0
0
0
0
0
0
0
0
0
0
0
0
0
0
0
0
0
0
0
0
0
0
0
0
0
0
0
0
0
0
0
0
0
0
0
0
0
0
0
0
0
0
0
0
0
0
0
0
0
0
0
0
0
0
0
0
0
0
0
0
0
0
0
0
0
0
0
0
0
0
0
0
0
0
0
0
0
0
0
0
0
0
0
0
0
0
0
0
0
0
0
0
0
0
0
0
0
0
0
0
0
0
0
0
0
0
0
0
0
0
0
0
0
0
0
0
0
0
0
0
0
0
0
0
0
0
0
0
0
0
0
0
0
0
0
0
0
0
0
0
0
0
0
0
0
0
0
0
0
0
0
0
0
0
0
0
0
0
0
0
0
0
0
0
0
0
0
0
0
0
0
0
0
0
0
0
0
0
0
0
0
0
0
0
0
0
0
0
0
0
0
0
0
0
0
0
0
0
0
0
0
0
0
0
0
0
0
0
0
0
0
0
0
0
0
0
0
0
0
0
0
0
0
0
0
0
0
0
0
0
0
0
0
0
0
0
0
0
0
0
0
0
0
0
0
0
0
0
0
0
0
0
0
0
0