58
70
65
67
84
58
67
68
65
84
49
56
58
68
65
84
65
32
35
57
48
48
48
48
48
54
57
51
54
0
34
170
192
0
0
0
0
0
120
149
64
0
0
0
0
0
50
164
192
0
0
0
0
0
246
163
64
0
0
0
0
0
60
150
192
0
0
0
0
0
44
170
64
0
0
0
0
0
128
69
192
0
0
0
0
0
90
172
64
0
0
0
0
0
192
148
64
0
0
0
0
0
40
170
64
0
0
0
0
0
78
163
64
0
0
0
0
0
2
164
64
0
0
0
0
0
18
169
64
0
0
0
0
0
0
150
64
0
0
0
0
0
230
170
64
0
0
0
0
0
64
84
64
0
0
0
0
0
172
168
64
0
0
0
0
0
236
146
192
0
0
0
0
0
230
162
64
0
0
0
0
0
210
161
192
0
0
0
0
0
32
149
64
0
0
0
0
0
82
167
192
0
0
0
0
0
64
93
64
0
0
0
0
0
76
169
192
0
0
0
0
0
92
145
192
0
0
0
0
0
146
167
192
0
0
0
0
0
228
160
192
0
0
0
0
0
114
162
192
0
0
0
0
0
146
166
192
0
0
0
0
0
72
149
192
0
0
0
0
0
226
168
192
0
0
0
0
0
160
100
192
0
0
0
0
0
118
167
192
0
0
0
0
0
112
144
64
0
0
0
0
0
128
162
192
0
0
0
0
0
108
160
64
0
0
0
0
0
148
149
192
0
0
0
0
0
8
166
64
0
0
0
0
0
128
105
192
0
0
0
0
0
44
168
64
0
0
0
0
0
88
142
64
0
0
0
0
0
148
166
64
0
0
0
0
0
140
158
64
0
0
0
0
0
158
161
64
0
0
0
0
0
86
164
64
0
0
0
0
0
116
148
64
0
0
0
0
0
34
166
64
0
0
0
0
0
192
106
64
0
0
0
0
0
154
164
64
0
0
0
0
0
232
138
192
0
0
0
0
0
38
160
64
0
0
0
0
0
144
155
192
0
0
0
0
0
20
147
64
0
0
0
0
0
158
162
192
0
0
0
0
0
192
107
64
0
0
0
0
0
178
164
192
0
0
0
0
0
16
137
192
0
0
0
0
0
212
163
192
0
0
0
0
0
232
154
192
0
0
0
0
0
30
160
192
0
0
0
0
0
222
162
192
0
0
0
0
0
248
147
192
0
0
0
0
0
184
165
192
0
0
0
0
0
32
113
192
0
0
0
0
0
114
165
192
0
0
0
0
0
152
137
64
0
0
0
0
0
224
161
192
0
0
0
0
0
208
156
64
0
0
0
0
0
188
150
192
0
0
0
0
0
152
164
64
0
0
0
0
0
48
118
192
0
0
0
0
0
222
167
64
0
0
0
0
0
88
138
64
0
0
0
0
0
140
167
64
0
0
0
0
0
108
158
64
0
0
0
0
0
140
163
64
0
0
0
0
0
170
165
64
0
0
0
0
0
220
152
64
0
0
0
0
0
228
168
64
0
0
0
0
0
112
122
64
0
0
0
0
0
92
168
64
0
0
0
0
0
144
137
192
0
0
0
0
0
40
164
64
0
0
0
0
0
92
158
192
0
0
0
0
0
220
153
64
0
0
0
0
0
188
165
192
0
0
0
0
0
224
125
64
0
0
0
0
0
28
169
192
0
0
0
0
0
104
136
192
0
0
0
0
0
202
168
192
0
0
0
0
0
96
158
192
0
0
0
0
0
202
164
192
0
0
0
0
0
48
166
192
0
0
0
0
0
56
155
192
0
0
0
0
0
6
170
192
0
0
0
0
0
200
128
192
0
0
0
0
0
6
170
192
0
0
0
0
0
104
136
64
0
0
0
0
0
12
166
192
0
0
0
0
0
136
159
64
0
0
0
0
0
40
157
192
0
0
0
0
0
72
167
64
0
0
0
0
0
184
130
192
0
0
0
0
0
104
171
64
0
0
0
0
0
176
136
64
0
0
0
0
0
102
171
64
0
0
0
0
0
70
160
64
0
0
0
0
0
46
167
64
0
0
0
0
0
6
168
64
0
0
0
0
0
176
158
64
0
0
0
0
0
52
172
64
0
0
0
0
0
72
132
64
0
0
0
0
0
32
172
64
0
0
0
0
0
64
136
192
0
0
0
0
0
202
167
64
0
0
0
0
0
92
160
192
0
0
0
0
0
176
159
64
0
0
0
0
0
66
168
192
0
0
0
0
0
232
133
64
0
0
0
0
0
146
172
192
0
0
0
0
0
48
135
192
0
0
0
0
0
160
172
192
0
0
0
0
0
70
160
192
0
0
0
0
0
102
168
192
0
0
0
0
0
102
168
192
0
0
0
0
0
124
160
192
0
0
0
0
0
232
172
192
0
0
0
0
0
40
136
192
0
0
0
0
0
24
173
192
0
0
0
0
0
112
133
64
0
0
0
0
0
226
168
192
0
0
0
0
0
244
159
64
0
0
0
0
0
238
160
192
0
0
0
0
0
38
168
64
0
0
0
0
0
232
137
192
0
0
0
0
0
158
172
64
0
0
0
0
0
80
131
64
0
0
0
0
0
184
172
64
0
0
0
0
0
120
158
64
0
0
0
0
0
130
168
64
0
0
0
0
0
42
167
64
0
0
0
0
0
180
160
64
0
0
0
0
0
126
171
64
0
0
0
0
0
80
138
64
0
0
0
0
0
174
171
64
0
0
0
0
0
96
129
192
0
0
0
0
0
202
167
64
0
0
0
0
0
240
156
192
0
0
0
0
0
112
160
64
0
0
0
0
0
98
166
192
0
0
0
0
0
176
138
64
0
0
0
0
0
254
170
192
0
0
0
0
0
144
128
192
0
0
0
0
0
166
171
192
0
0
0
0
0
252
156
192
0
0
0
0
0
50
168
192
0
0
0
0
0
222
166
192
0
0
0
0
0
14
161
192
0
0
0
0
0
252
171
192
0
0
0
0
0
176
140
192
0
0
0
0
0
246
172
192
0
0
0
0
0
48
128
64
0
0
0
0
0
134
169
192
0
0
0
0
0
204
157
64
0
0
0
0
0
24
162
192
0
0
0
0
0
166
167
64
0
0
0
0
0
56
143
192
0
0
0
0
0
214
172
64
0
0
0
0
0
176
125
64
0
0
0
0
0
152
173
64
0
0
0
0
0
28
157
64
0
0
0
0
0
204
169
64
0
0
0
0
0
250
166
64
0
0
0
0
0
34
162
64
0
0
0
0
0
174
171
64
0
0
0
0
0
192
143
64
0
0
0
0
0
20
172
64
0
0
0
0
0
176
120
192
0
0
0
0
0
76
168
64
0
0
0
0
0
116
154
192
0
0
0
0
0
28
161
64
0
0
0
0
0
2
165
192
0
0
0
0
0
224
142
64
0
0
0
0
0
114
169
192
0
0
0
0
0
208
115
192
0
0
0
0
0
18
170
192
0
0
0
0
0
32
152
192
0
0
0
0
0
240
166
192
0
0
0
0
0
194
163
192
0
0
0
0
0
138
160
192
0
0
0
0
0
140
168
192
0
0
0
0
0
32
143
192
0
0
0
0
0
194
169
192
0
0
0
0
0
32
113
64
0
0
0
0
0
40
167
192
0
0
0
0
0
184
151
64
0
0
0
0
0
12
161
192
0
0
0
0
0
242
163
64
0
0
0
0
0
128
144
192
0
0
0
0
0
38
169
64
0
0
0
0
0
64
111
64
0
0
0
0
0
158
170
64
0
0
0
0
0
8
152
64
0
0
0
0
0
6
168
64
0
0
0
0
0
84
164
64
0
0
0
0
0
182
161
64
0
0
0
0
0
144
169
64
0
0
0
0
0
76
145
64
0
0
0
0
0
226
170
64
0
0
0
0
0
128
107
192
0
0
0
0
0
28
168
64
0
0
0
0
0
136
151
192
0
0
0
0
0
184
161
64
0
0
0
0
0
236
163
192
0
0
0
0
0
136
145
64
0
0
0
0
0
250
168
192
0
0
0
0
0
192
101
192
0
0
0
0
0
62
170
192
0
0
0
0
0
68
150
192
0
0
0
0
0
156
167
192
0
0
0
0
0
36
163
192
0
0
0
0
0
136
161
192
0
0
0
0
0
68
168
192
0
0
0
0
0
228
145
192
0
0
0
0
0
202
169
192
0
0
0
0
0
0
93
64
0
0
0
0
0
132
167
192
0
0
0
0
0
56
149
64
0
0
0
0
0
196
161
192
0
0
0
0
0
192
162
64
0
0
0
0
0
180
146
192
0
0
0
0
0
40
168
64
0
0
0
0
0
64
80
64
0
0
0
0
0
254
169
64
0
0
0
0
0
200
148
64
0
0
0
0
0
248
167
64
0
0
0
0
0
210
162
64
0
0
0
0
0
86
162
64
0
0
0
0
0
138
168
64
0
0
0
0
0
192
147
64
0
0
0
0
0
168
170
64
0
0
0
0
0
0
58
192
0
0
0
0
0
204
168
64
0
0
0
0
0
212
148
192
0
0
0
0
0
40
163
64
0
0
0
0
0
64
163
192
0
0
0
0
0
4
149
64
0
0
0
0
0
92
169
192
0
0
0
0
0
0
34
64
0
0
0
0
0
196
171
192
0
0
0
0
0
60
149
192
0
0
0
0
0
0
170
192
0
0
0
0
0
238
163
192
0
0
0
0
0
62
164
192
0
0
0
0
0
102
170
192
0
0
0
0
0
140
150
192
0
0
0
0
0
248
172
192
0
0
0
0
0
0
74
192
0
0
0
0
0
40
171
192
0
0
0
0
0
100
149
64
0
0
0
0
0
46
165
192
0
0
0
0
0
80
164
64
0
0
0
0
0
216
151
192
0
0
0
0
0
234
170
64
0
0
0
0
0
64
90
192
0
0
0
0
0
114
173
64
0
0
0
0
0
208
148
64
0
0
0
0
0
134
171
64
0
0
0
0
0
6
164
64
0
0
0
0
0
118
165
64
0
0
0
0
0
152
170
64
0
0
0
0
0
112
152
64
0
0
0
0
0
44
173
64
0
0
0
0
0
96
99
64
0
0
0
0
0
106
171
64
0
0
0
0
0
228
147
192
0
0
0
0
0
158
165
64
0
0
0
0
0
162
163
192
0
0
0
0
0
52
153
64
0
0
0
0
0
124
170
192
0
0
0
0
0
224
105
64
0
0
0
0
0
130
173
192
0
0
0
0
0
160
147
192
0
0
0
0
0
58
172
192
0
0
0
0
0
20
164
192
0
0
0
0
0
180
166
192
0
0
0
0
0
164
171
192
0
0
0
0
0
44
155
192
0
0
0
0
0
70
175
192
0
0
0
0
0
208
112
192
0
0
0
0
0
64
174
192
0
0
0
0
0
56
148
64
0
0
0
0
0
136
168
192
0
0
0
0
0
48
165
64
0
0
0
0
0
180
157
192
0
0
0
0
0
88
173
64
0
0
0
0
0
240
116
192
0
0
0
0
0
150
176
64
0
0
0
0
0
136
148
64
0
0
0
0
0
242
175
64
0
0
0
0
0
190
165
64
0
0
0
0
0
200
169
64
0
0
0
0
0
246
173
64
0
0
0
0
0
60
159
64
0
0
0
0
0
207
176
64
0
0
0
0
0
128
120
64
0
0
0
0
0
21
176
64
0
0
0
0
0
208
147
192
0
0
0
0
0
224
169
64
0
0
0
0
0
72
165
192
0
0
0
0
0
140
159
64
0
0
0
0
0
94
173
192
0
0
0
0
0
112
123
64
0
0
0
0
0
128
176
192
0
0
0
0
0
164
146
192
0
0
0
0
0
182
175
192
0
0
0
0
0
156
164
192
0
0
0
0
0
190
169
192
0
0
0
0
0
212
172
192
0
0
0
0
0
248
159
192
0
0
0
0
0
99
176
192
0
0
0
0
0
208
126
192
0
0
0
0
0
222
175
192
0
0
0
0
0
208
145
64
0
0
0
0
0
48
170
192
0
0
0
0
0
104
164
64
0
0
0
0
0
138
160
192
0
0
0
0
0
238
172
64
0
0
0
0
0
80
129
192
0
0
0
0
0
148
176
64
0
0
0
0
0
60
145
64
0
0
0
0
0
52
176
64
0
0
0
0
0
84
164
64
0
0
0
0
0
194
170
64
0
0
0
0
0
0
173
64
0
0
0
0
0
12
161
64
0
0
0
0
0
166
176
64
0
0
0
0
0
0
131
64
0
0
0
0
0
74
176
64
0
0
0
0
0
128
144
192
0
0
0
0
0
248
170
64
0
0
0
0
0
252
163
192
0
0
0
0
0
84
161
64
0
0
0
0
0
178
172
192
0
0
0
0
0
128
132
64
0
0
0
0
0
139
176
192
0
0
0
0
0
80
143
192
0
0
0
0
0
69
176
192
0
0
0
0
0
156
163
192
0
0
0
0
0
34
171
192
0
0
0
0
0
122
172
192
0
0
0
0
0
172
161
192
0
0
0
0
0
144
176
192
0
0
0
0
0
40
134
192
0
0
0
0
0
108
176
192
0
0
0
0
0
232
141
64
0
0
0
0
0
162
171
192
0
0
0
0
0
116
163
64
0
0
0
0
0
60
162
192
0
0
0
0
0
150
172
64
0
0
0
0
0
32
136
192
0
0
0
0
0
189
176
64
0
0
0
0
0
168
140
64
0
0
0
0
0
174
176
64
0
0
0
0
0
88
163
64
0
0
0
0
0
54
172
64
0
0
0
0
0
170
172
64
0
0
0
0
0
202
162
64
0
0
0
0
0
219
176
64
0
0
0
0
0
0
138
64
0
0
0
0
0
219
176
64
0
0
0
0
0
48
139
192
0
0
0
0
0
166
172
64
0
0
0
0
0
32
163
192
0
0
0
0
0
72
163
64
0
0
0
0
0
164
172
192
0
0
0
0
0
232
139
64
0
0
0
0
0
246
176
192
0
0
0
0
0
208
137
192
0
0
0
0
0
21
177
192
0
0
0
0
0
10
163
192
0
0
0
0
0
78
173
192
0
0
0
0
0
236
172
192
0
0
0
0
0
0
164
192
0
0
0
0
0
75
177
192
0
0
0
0
0
72
142
192
0
0
0
0
0
146
177
192
0
0
0
0
0
184
136
64
0
0
0
0
0
102
174
192
0
0
0
0
0
56
163
64
0
0
0
0
0
250
164
192
0
0
0
0
0
142
173
64
0
0
0
0
0
124
144
192
0
0
0
0
0
202
177
64
0
0
0
0
0
192
135
64
0
0
0
0
0
37
178
64
0
0
0
0
0
102
163
64
0
0
0
0
0
130
175
64
0
0
0
0
0
20
174
64
0
0
0
0
0
230
165
64
0
0
0
0
0
39
178
64
0
0
0
0
0
188
145
64
0
0
0
0
0
141
178
64
0
0
0
0
0
112
134
192
0
0
0
0
0
39
176
64
0
0
0
0
0
90
163
192
0
0
0
0
0
156
166
64
0
0
0
0
0
70
174
192
0
0
0
0
0
228
146
64
0
0
0
0
0
92
178
192
0
0
0
0
0
240
132
192
0
0
0
0
0
217
178
192
0
0
0
0
0
62
163
192
0
0
0
0
0
130
176
192
0
0
0
0
0
124
174
192
0
0
0
0
0
86
167
192
0
0
0
0
0
160
178
192
0
0
0
0
0
28
148
192
0
0
0
0
0
63
179
192
0
0
0
0
0
128
131
64
0
0
0
0
0
250
176
192
0
0
0
0
0
62
163
64
0
0
0
0
0
64
168
192
0
0
0
0
0
228
174
64
0
0
0
0
0
136
149
192
0
0
0
0
0
2
179
64
0
0
0
0
0
8
130
64
0
0
0
0
0
193
179
64
0
0
0
0
0
76
163
64
0
0
0
0
0
134
177
64
0
0
0
0
0
90
175
64
0
0
0
0
0
64
169
64
0
0
0
0
0
107
179
64
0
0
0
0
0
8
151
64
0
0
0
0
0
70
180
64
0
0
0
0
0
120
128
192
0
0
0
0
0
23
178
64
0
0
0
0
0
86
163
192
0
0
0
0
0
76
170
64
0
0
0
0
0
214
175
192
0
0
0
0
0
164
152
64
0
0
0
0
0
219
179
192
0
0
0
0
0
176
125
192
0
0
0
0
0
218
180
192
0
0
0
0
0
104
163
192
0
0
0
0
0
184
178
192
0
0
0
0
0
50
176
192
0
0
0
0
0
114
171
192
0
0
0
0
0
83
180
192
0
0
0
0
0
88
154
192
0
0
0
0
0
108
181
192
0
0
0
0
0
64
122
64
0
0
0
0
0
72
179
192
0
0
0
0
0
102
163
64
0
0
0
0
0
102
172
192
0
0
0
0
0
90
176
64
0
0
0
0
0
192
155
192
0
0
0
0
0
143
180
64
0
0
0
0
0
80
118
64
0
0
0
0
0
169
181
64
0
0
0
0
0
4
163
64
0
0
0
0
0
124
179
64
0
0
0
0
0
41
176
64
0
0
0
0
0
192
172
64
0
0
0
0
0
87
180
64
0
0
0
0
0
136
156
64
0
0
0
0
0
111
181
64
0
0
0
0
0
240
113
192
0
0
0
0
0
80
179
64
0
0
0
0
0
72
162
192
0
0
0
0
0
170
172
64
0
0
0
0
0
114
175
192
0
0
0
0
0
8
157
64
0
0
0
0
0
234
179
192
0
0
0
0
0
32
107
192
0
0
0
0
0
31
181
192
0
0
0
0
0
150
161
192
0
0
0
0
0
47
179
192
0
0
0
0
0
214
174
192
0
0
0
0
0
208
172
192
0
0
0
0
0
193
179
192
0
0
0
0
0
236
157
192
0
0
0
0
0
41
181
192
0
0
0
0
0
160
98
64
0
0
0
0
0
105
179
192
0
0
0
0
0
52
161
64
0
0
0
0
0
124
173
192
0
0
0
0
0
196
174
64
0
0
0
0
0
76
159
192
0
0
0
0
0
231
179
64
0
0
0
0
0
128
84
64
0
0
0
0
0
116
181
64
0
0
0
0
0
240
160
64
0
0
0
0
0
200
179
64
0
0
0
0
0
194
174
64
0
0
0
0
0
56
174
64
0
0
0
0
0
253
179
64
0
0
0
0
0
74
160
64
0
0
0
0
0
150
181
64
0
0
0
0
0
0
44
192
0
0
0
0
0
239
179
64
0
0
0
0
0
126
160
192
0
0
0
0
0
148
174
64
0
0
0
0
0
92
174
192
0
0
0
0
0
184
160
64
0
0
0
0
0
208
179
192
0
0
0
0
0
128
74
64
0
0
0
0
0
117
181
192
0
0
0
0
0
200
159
192
0
0
0
0
0
227
179
192
0
0
0
0
0
192
173
192
0
0
0
0
0
178
174
192
0
0
0
0
0
144
179
192
0
0
0
0
0
16
161
192
0
0
0
0
0
79
181
192
0
0
0
0
0
128
93
192
0
0
0
0
0
222
179
192
0
0
0
0
0
164
158
64
0
0
0
0
0
234
174
192
0
0
0
0
0
64
173
64
0
0
0
0
0
122
161
192
0
0
0
0
0
99
179
64
0
0
0
0
0
0
103
192
0
0
0
0
0
61
181
64
0
0
0
0
0
148
157
64
0
0
0
0
0
230
179
64
0
0
0
0
0
194
172
64
0
0
0
0
0
40
175
64
0
0
0
0
0
46
179
64
0
0
0
0
0
222
161
64
0
0
0
0
0
22
181
64
0
0
0
0
0
64
111
64
0
0
0
0
0
210
179
64
0
0
0
0
0
84
156
192
0
0
0
0
0
48
175
64
0
0
0
0
0
18
172
192
0
0
0
0
0
32
162
64
0
0
0
0
0
215
178
192
0
0
0
0
0
160
115
64
0
0
0
0
0
202
180
192
0
0
0
0
0
244
154
192
0
0
0
0
0
160
179
192
0
0
0
0
0
70
171
192
0
0
0
0
0
20
175
192
0
0
0
0
0
116
178
192
0
0
0
0
0
82
162
192
0
0
0
0
0
125
180
192
0
0
0
0
0
96
119
192
0
0
0
0
0
116
179
192
0
0
0
0
0
168
153
64
0
0
0
0
0
12
175
192
0
0
0
0
0
150
170
64
0
0
0
0
0
150
162
192
0
0
0
0
0
41
178
64
0
0
0
0
0
32
123
192
0
0
0
0
0
76
180
64
0
0
0
0
0
140
152
64
0
0
0
0
0
101
179
64
0
0
0
0
0
16
170
64
0
0
0
0
0
50
175
64
0
0
0
0
0
248
177
64
0
0
0
0
0
242
162
64
0
0
0
0
0
55
180
64
0
0
0
0
0
0
127
64
0
0
0
0
0
112
179
64
0
0
0
0
0
140
151
192
0
0
0
0
0
126
175
64
0
0
0
0
0
170
169
192
0
0
0
0
0
102
163
64
0
0
0
0
0
221
177
192
0
0
0
0
0
128
129
64
0
0
0
0
0
58
180
192
0
0
0
0
0
168
150
192
0
0
0
0
0
144
179
192
0
0
0
0
0
96
169
192
0
0
0
0
0
238
175
192
0
0
0
0
0
211
177
192
0
0
0
0
0
236
163
192
0
0
0
0
0
76
180
192
0
0
0
0
0
152
131
192
0
0
0
0
0
187
179
192
0
0
0
0
0
204
149
64
0
0
0
0
0
50
176
192
0
0
0
0
0
24
169
64
0
0
0
0
0
112
164
192
0
0
0
0
0
196
177
64
0
0
0
0
0
160
133
192
0
0
0
0
0
81
180
64
0
0
0
0
0
220
148
64
0
0
0
0
0
208
179
64
0
0
0
0
0
172
168
64
0
0
0
0
0
84
176
64
0
0
0
0
0
150
177
64
0
0
0
0
0
208
164
64
0
0
0
0
0
46
180
64
0
0
0
0
0
128
135
64
0
0
0
0
0
189
179
64
0
0
0
0
0
188
147
192
0
0
0
0
0
88
176
64
0
0
0
0
0
18
168
192
0
0
0
0
0
12
165
64
0
0
0
0
0
76
177
192
0
0
0
0
0
64
137
64
0
0
0
0
0
243
179
192
0
0
0
0
0
152
146
192
0
0
0
0
0
156
179
192
0
0
0
0
0
116
167
192
0
0
0
0
0
87
176
192
0
0
0
0
0
7
177
192
0
0
0
0
0
74
165
192
0
0
0
0
0
197
179
192
0
0
0
0
0
0
139
192
0
0
0
0
0
140
179
192
0
0
0
0
0
136
145
64
0
0
0
0
0
103
176
192
0
0
0
0
0
240
166
64
0
0
0
0
0
156
165
192
0
0
0
0
0
211
176
64
0
0
0
0
0
208
140
192
0
0
0
0
0
166
179
64
0
0
0
0
0
132
144
64
0
0
0
0
0
134
179
64
0
0
0
0
0
110
166
64
0
0
0
0
0
119
176
64
0
0
0
0
0
153
176
64
0
0
0
0
0
230
165
64
0
0
0
0
0
120
179
64
0
0
0
0
0
136
142
64
0
0
0
0
0
103
179
64
0
0
0
0
0
208
142
192
0
0
0
0
0
111
176
64
0
0
0
0
0
204
165
192
0
0
0
0
0
12
166
64
0
0
0
0
0
68
176
192
0
0
0
0
0
4
144
64
0
0
0
0
0
42
179
192
0
0
0
0
0
128
140
192
0
0
0
0
0
44
179
192
0
0
0
0
0
20
165
192
0
0
0
0
0
82
176
192
0
0
0
0
0
200
175
192
0
0
0
0
0
28
166
192
0
0
0
0
0
214
178
192
0
0
0
0
0
180
144
192
0
0
0
0
0
243
178
192
0
0
0
0
0
72
138
64
0
0
0
0
0
61
176
192
0
0
0
0
0
108
164
64
0
0
0
0
0
60
166
192
0
0
0
0
0
40
175
64
0
0
0
0
0
112
145
192
0
0
0
0
0
152
178
64
0
0
0
0
0
56
136
64
0
0
0
0
0
211
178
64
0
0
0
0
0
224
163
64
0
0
0
0
0
62
176
64
0
0
0
0
0
174
174
64
0
0
0
0
0
120
166
64
0
0
0
0
0
112
178
64
0
0
0
0
0
64
146
64
0
0
0
0
0
196
178
64
0
0
0
0
0
64
134
192
0
0
0
0
0
72
176
64
0
0
0
0
0
96
163
192
0
0
0
0
0
188
166
64
0
0
0
0
0
64
174
192
0
0
0
0
0
12
147
64
0
0
0
0
0
72
178
192
0
0
0
0
0
72
132
192
0
0
0
0
0
176
178
192
0
0
0
0
0
218
162
192
0
0
0
0
0
75
176
192
0
0
0
0
0
194
173
192
0
0
0
0
0
240
166
192
0
0
0
0
0
20
178
192
0
0
0
0
0
200
147
192
0
0
0
0
0
142
178
192
0
0
0
0
0
72
130
64
0
0
0
0
0
65
176
192
0
0
0
0
0
72
162
64
0
0
0
0
0
16
167
192
0
0
0
0
0
44
173
64
0
0
0
0
0
112
148
192
0
0
0
0
0
210
177
64
0
0
0
0
0
72
128
64
0
0
0
0
0
95
178
64
0
0
0
0
0
170
161
64
0
0
0
0
0
43
176
64
0
0
0
0
0
136
172
64
0
0
0
0
0
32
167
64
0
0
0
0
0
135
177
64
0
0
0
0
0
8
149
64
0
0
0
0
0
38
178
64
0
0
0
0
0
144
124
192
0
0
0
0
0
13
176
64
0
0
0
0
0
6
161
192
0
0
0
0
0
36
167
64
0
0
0
0
0
214
171
192
0
0
0
0
0
148
149
64
0
0
0
0
0
52
177
192
0
0
0
0
0
160
120
192
0
0
0
0
0
228
177
192
0
0
0
0
0
96
160
192
0
0
0
0
0
206
175
192
0
0
0
0
0
32
171
192
0
0
0
0
0
28
167
192
0
0
0
0
0
223
176
192
0
0
0
0
0
16
150
192
0
0
0
0
0
163
177
192
0
0
0
0
0
208
116
64
0
0
0
0
0
136
175
192
0
0
0
0
0
128
159
64
0
0
0
0
0
28
167
192
0
0
0
0
0
116
170
64
0
0
0
0
0
148
150
192
0
0
0
0
0
147
176
64
0
0
0
0
0
32
113
64
0
0
0
0
0
108
177
64
0
0
0
0
0
88
158
64
0
0
0
0
0
84
175
64
0
0
0
0
0
222
169
64
0
0
0
0
0
40
167
64
0
0
0
0
0
80
176
64
0
0
0
0
0
32
151
64
0
0
0
0
0
60
177
64
0
0
0
0
0
32
107
192
0
0
0
0
0
36
175
64
0
0
0
0
0
56
157
192
0
0
0
0
0
44
167
64
0
0
0
0
0
66
169
192
0
0
0
0
0
152
151
64
0
0
0
0
0
4
176
192
0
0
0
0
0
0
100
192
0
0
0
0
0
250
176
192
0
0
0
0
0
248
155
192
0
0
0
0
0
198
174
192
0
0
0
0
0
124
168
192
0
0
0
0
0
6
167
192
0
0
0
0
0
52
175
192
0
0
0
0
0
220
151
192
0
0
0
0
0
150
176
192
0
0
0
0
0
0
90
64
0
0
0
0
0
46
174
192
0
0
0
0
0
136
154
64
0
0
0
0
0
186
166
192
0
0
0
0
0
148
167
64
0
0
0
0
0
252
151
192
0
0
0
0
0
64
174
64
0
0
0
0
0
128
73
64
0
0
0
0
0
46
176
64
0
0
0
0
0
52
153
64
0
0
0
0
0
164
173
64
0
0
0
0
0
214
166
64
0
0
0
0
0
142
166
64
0
0
0
0
0
160
173
64
0
0
0
0
0
84
152
64
0
0
0
0
0
0
176
64
0
0
0
0
0
0
0
0
0
0
0
0
0
168
173
64
0
0
0
0
0
36
152
192
0
0
0
0
0
248
166
64
0
0
0
0
0
106
166
192
0
0
0
0
0
188
153
64
0
0
0
0
0
132
173
192
0
0
0
0
0
128
89
64
0
0
0
0
0
43
176
192
0
0
0
0
0
12
151
192
0
0
0
0
0
108
174
192
0
0
0
0
0
72
166
192
0
0
0
0
0
252
167
192
0
0
0
0
0
224
173
192
0
0
0
0
0
208
155
192
0
0
0
0
0
147
176
192
0
0
0
0
0
0
106
192
0
0
0
0
0
136
175
192
0
0
0
0
0
32
150
64
0
0
0
0
0
50
169
192
0
0
0
0
0
72
166
64
0
0
0
0
0
16
158
192
0
0
0
0
0
80
174
64
0
0
0
0
0
0
116
192
0
0
0
0
0
246
176
64
0
0
0
0
0
12
149
64
0
0
0
0
0
66
176
64
0
0
0
0
0
22
166
64
0
0
0
0
0
64
170
64
0
0
0
0
0
116
174
64
0
0
0
0
0
10
160
64
0
0
0
0
0
44
177
64
0
0
0
0
0
16
123
64
0
0
0
0
0
149
176
64
0
0
0
0
0
176
147
192
0
0
0
0
0
18
171
64
0
0
0
0
0
170
165
192
0
0
0
0
0
242
160
64
0
0
0
0
0
88
174
192
0
0
0
0
0
16
129
64
0
0
0
0
0
75
177
192
0
0
0
0
0
60
146
192
0
0
0
0
0
223
176
192
0
0
0
0
0
62
165
192
0
0
0
0
0
234
171
192
0
0
0
0
0
80
174
192
0
0
0
0
0
234
161
192
0
0
0
0
0
126
177
192
0
0
0
0
0
192
132
192
0
0
0
0
0
66
177
192
0
0
0
0
0
216
144
64
0
0
0
0
0
236
172
192
0
0
0
0
0
232
164
64
0
0
0
0
0
254
162
192
0
0
0
0
0
104
174
64
0
0
0
0
0
160
136
192
0
0
0
0
0
189
177
64
0
0
0
0
0
208
142
64
0
0
0
0
0
168
177
64
0
0
0
0
0
134
164
64
0
0
0
0
0
232
173
64
0
0
0
0
0
96
174
64
0
0
0
0
0
6
164
64
0
0
0
0
0
227
177
64
0
0
0
0
0
120
140
64
0
0
0
0
0
244
177
64
0
0
0
0
0
168
139
192
0
0
0
0
0
186
174
64
0
0
0
0
0
254
163
192
0
0
0
0
0
248
164
64
0
0
0
0
0
46
174
192
0
0
0
0
0
36
144
64
0
0
0
0
0
251
177
192
0
0
0
0
0
104
136
192
0
0
0
0
0
59
178
192
0
0
0
0
0
118
163
192
0
0
0
0
0
148
175
192
0
0
0
0
0
12
174
192
0
0
0
0
0
254
165
192
0
0
0
0
0
33
178
192
0
0
0
0
0
40
146
192
0
0
0
0
0
147
178
192
0
0
0
0
0
32
133
64
0
0
0
0
0
68
176
192
0
0
0
0
0
246
162
64
0
0
0
0
0
14
167
192
0
0
0
0
0
236
173
64
0
0
0
0
0
48
148
192
0
0
0
0
0
63
178
64
0
0
0
0
0
168
129
64
0
0
0
0
0
213
178
64
0
0
0
0
0
78
162
64
0
0
0
0
0
160
176
64
0
0
0
0
0
128
173
64
0
0
0
0
0
230
167
64
0
0
0
0
0
41
178
64
0
0
0
0
0
8
150
64
0
0
0
0
0
228
178
64
0
0
0
0
0
240
123
192
0
0
0
0
0
213
176
64
0
0
0
0
0
122
161
192
0
0
0
0
0
152
168
64
0
0
0
0
0
226
172
192
0
0
0
0
0
204
151
64
0
0
0
0
0
7
178
192
0
0
0
0
0
160
116
192
0
0
0
0
0
249
178
192
0
0
0
0
0
188
160
192
0
0
0
0
0
34
177
192
0
0
0
0
0
134
172
192
0
0
0
0
0
0
0
0
0
0
0
0
0
0
0
0
0
0
0
0
0
0
0
0
0
0
0
0
0
0
0
0
0
0
0
0
0
0
0
0
0
0
0
0
0
0
0
0
0
0
0
0
0
0
0
0
0
0
0
0
0
0
0
0
0
0
0
0
0
0
0
0
0
0
0
0
0
0
0
0
0
0
0
0
0
0
0
0
0
0
0
0
0
0
0
0
0
0
0
0
0
0
0
0
0
0
0
0
0
0
0
0
0
0
0
0
0
0
0
0
0
0
0
0
0
0
0
0
0
0
0
0
0
0
0
0
0
0
0
0
0
0
0
0
0
0
0
0
0
0
0
0
0
0
0
0
0
0
0
0
0
0
0
0
0
0
0
0
0
0
0
0
0
0
0
0
0
0
0
0
0
0
0
0
0
0
0
0
0
0
0
0
0
0
0
0
0
0
0
0
0
0
0
0
0
0
0
0
0
0
0
0
0
0
0
0
0
0
0
0
0
0
0
0
0
0
0
0
0
0
0
0
0
0
0
0
0
0
0
0
0
0
0
0
0
0
0
0
0
0
0
0
0
0
0
0
0
0
0
0
0
0
0
0
0
0
0
0
0
0
0
0
0
0
0
0
0
0
0
0
0
0
0
0
0
0
0
0
0
0
0
0
0
0
0
0
0
0
0
0
0
0
0
0
0
0
0
0
0
0
0
0
0
0
0
0
0
0
0
0
0
0
0
0
0
0
0
0
0
0
0
0
0
0
0
0
0
0
0
0
0
0
0
0
0
0
0
0
0
0
0
0
0
0
0
0
0
0
0
0
0
0
0
0
0
0
0
0
0
0
0
0
0
0
0
0
0
0
0
0
0
0
0
0
0
0
0
0
0
0
0
0
0
0
0
0
0
0
0
0
0
0
0
0
0
0
0
0
0
0
0
0
0
0
0
0
0
0
0
0
0
0
0
0
0
0
0
0
0
0
0
0
0
0
0
0
0
0
0
0
0
0
0
0
0
0
0
0
0
0
0
0
0
0
0
0
0
0
0
0
0
0
0
0
0
0
0
0
0
0
0
0
0
0
0
0
0
0
0
0
0
0
0
0
0
0
0
0
0
0
0
0
0
0
0
0
0
0
0
0
0
0
0
0
0
0
0
0
0
0
0
0
0
0
0
0
0
0
0
0
0
0
0
0
0
0
0
0
0
0
0
0
0
0
0
0
0
0
0
0
0
0
0
0
0
0
0
0
0
0
0
0
0
0
0
0
0
0
0
0
0
0
0
0
0
0
0
0
0
0
0
0
0
0
0
0
0
0
0
0
0
0
0
0
0
0
0
0
0
0
0
0
0
0
0
0
0
0
0
0
0
0
0
0
0
0
0
0
0
0
0
0
0
0
0
0
0
0
0
0
0
0
0
0
0
0
0
0
0
0
0
0
0
0
0
0
0
0
0
0
0
0
0
0
0
0
0
0
0
0
0
0
0
0
0
0
0
0
0
0
0
0
0
0
0
0
0
0
0
0
0
0
0
0
0
0
0
0
0
0
0
0
0
0
0
0
0
0
0
0
0
0
0
0
0
0
0
0
0
0
0
0
0
0
0
0
0
0
0
0
0
0
0
0
0
0
0
0
0
0
0
0
0
0
0
0
0
0
0
0
0
0
0
0
0
0
0
0
0
0
0
0
0
0
0
0
0
0
0
0
0
0
0
0
0
0
0
0
0
0
0
0
0
0
0
0
0
0
0
0
0
0
0
0
0
0
0
0
0
0
0
0
0
0
0
0
0
0
0
0
0
0
0
0
0
0
0
0
0
0
0
0
0
0
0
0
0
0
0
0
0
0
0
0
0
0
0
0
0
0
0
0
0
0
0
0
0
0
0
0
0
0
0
0
0
0
0
0
0
0
0
0
0
0
0
0
0
0
0
0
0
0
0
0
0
0
0
0
0
0
0
0
0
0
0
0
0
0
0
0
0
0
0
0
0
0
0
0
0
0
0
0
0
0
0
0
0
0
0
0
0
0
0
0
0
0
0
0
0
0
0
0
0
0
0
0
0
0
0
0
0
0
0
0
0
0
0
0
0
0
0
0
0
0
0
0
0
0
0
0
0
0
0
0
0
0
0
0
0
0
0
0
0
0
0
0
0
0
0
0
0
0
0
0
0
0
0
0
0
0
0
0
0
0
0
0
0
0
0
0
0
0
0
0
0
0
0
0
0
0
0
0
0
0
0
0
0
0
0
0
0
0
0
0
0
0
0
0
0
0
0
0
0
0
0
0
0
0
0
0
0
0
0
0
0
0
0
0
0
0
0
0
0
0
0
0
0
0
0
0
0
0
0
0
0
0
0
0
0
0
0
0
0
0
0
0
0
0
0
0
0
0
0
0
0
0
0
0
0
0
0
0
0
0
0
0
0
0
0
0
0
0
0
0
0
0
0
0
0
0
0
0
0
0
0
0
0
0
0
0
0
0
0
0
0
0
0
0
0
0
0
0
0
0
0
0
0
0
0
0
0
0
0
0
0
0
0
0
0
0
0
0
0
0
0
0
0
0
0
0
0
0
0
0
0
0
0
0
0
0
0
0
0
0
0
0
0
0
0
0
0
0
0
0
0
0
0
0
0
0
0
0
0
0
0
0
0
0
0
0
0
0
0
0
0
0
0
0
0
0
0
0
0
0
0
0
0
0
0
0
0
0
0
0
0
0
0
0
0
0
0
0
0
0
0
0
0
0
0
0
0
0
0
0
0
0
0
0
0
0
0
0
0
0
0
0
0
0
0
0
0