58
70
65
67
84
58
67
68
65
84
49
56
58
68
65
84
65
32
35
57
48
48
48
48
48
54
57
51
54
0
0
0
0
0
160
99
192
0
0
0
0
0
128
98
192
0
0
0
0
0
144
127
192
0
0
0
0
0
64
102
192
0
0
0
0
0
72
137
192
0
0
0
0
0
128
68
64
0
0
0
0
0
96
140
192
0
0
0
0
0
208
122
64
0
0
0
0
0
0
135
192
0
0
0
0
0
64
137
64
0
0
0
0
0
176
118
192
0
0
0
0
0
40
143
64
0
0
0
0
0
0
67
64
0
0
0
0
0
88
140
64
0
0
0
0
0
224
112
64
0
0
0
0
0
64
130
64
0
0
0
0
0
64
106
64
0
0
0
0
0
96
104
64
0
0
0
0
0
96
96
192
0
0
0
0
0
0
71
192
0
0
0
0
0
128
130
192
0
0
0
0
0
0
240
191
0
0
0
0
0
112
142
192
0
0
0
0
0
224
120
64
0
0
0
0
0
168
144
192
0
0
0
0
0
68
144
64
0
0
0
0
0
160
135
192
0
0
0
0
0
248
154
64
0
0
0
0
0
0
80
192
0
0
0
0
0
86
161
64
0
0
0
0
0
16
139
64
0
0
0
0
0
64
162
64
0
0
0
0
0
108
156
64
0
0
0
0
0
36
159
64
0
0
0
0
0
16
164
64
0
0
0
0
0
36
147
64
0
0
0
0
0
242
166
64
0
0
0
0
0
64
101
64
0
0
0
0
0
46
166
64
0
0
0
0
0
120
142
192
0
0
0
0
0
214
161
64
0
0
0
0
0
76
159
192
0
0
0
0
0
64
149
64
0
0
0
0
0
102
165
192
0
0
0
0
0
96
107
64
0
0
0
0
0
248
167
192
0
0
0
0
0
64
142
192
0
0
0
0
0
248
166
192
0
0
0
0
0
172
159
192
0
0
0
0
0
138
162
192
0
0
0
0
0
232
165
192
0
0
0
0
0
132
150
192
0
0
0
0
0
206
168
192
0
0
0
0
0
48
113
192
0
0
0
0
0
4
168
192
0
0
0
0
0
240
141
64
0
0
0
0
0
144
163
192
0
0
0
0
0
38
160
64
0
0
0
0
0
32
152
192
0
0
0
0
0
118
166
64
0
0
0
0
0
112
117
192
0
0
0
0
0
100
169
64
0
0
0
0
0
80
140
64
0
0
0
0
0
122
168
64
0
0
0
0
0
100
159
64
0
0
0
0
0
234
163
64
0
0
0
0
0
228
165
64
0
0
0
0
0
252
152
64
0
0
0
0
0
210
168
64
0
0
0
0
0
224
122
64
0
0
0
0
0
40
168
64
0
0
0
0
0
128
136
192
0
0
0
0
0
12
164
64
0
0
0
0
0
80
157
192
0
0
0
0
0
56
154
64
0
0
0
0
0
14
165
192
0
0
0
0
0
40
129
64
0
0
0
0
0
114
168
192
0
0
0
0
0
184
132
192
0
0
0
0
0
80
168
192
0
0
0
0
0
228
155
192
0
0
0
0
0
162
164
192
0
0
0
0
0
178
164
192
0
0
0
0
0
204
155
192
0
0
0
0
0
102
168
192
0
0
0
0
0
88
132
192
0
0
0
0
0
120
168
192
0
0
0
0
0
232
129
64
0
0
0
0
0
232
164
192
0
0
0
0
0
176
154
64
0
0
0
0
0
136
156
192
0
0
0
0
0
48
164
64
0
0
0
0
0
56
134
192
0
0
0
0
0
12
168
64
0
0
0
0
0
224
127
64
0
0
0
0
0
100
168
64
0
0
0
0
0
8
154
64
0
0
0
0
0
48
165
64
0
0
0
0
0
86
164
64
0
0
0
0
0
176
157
64
0
0
0
0
0
236
168
64
0
0
0
0
0
128
136
64
0
0
0
0
0
12
170
64
0
0
0
0
0
16
127
192
0
0
0
0
0
94
167
64
0
0
0
0
0
200
155
192
0
0
0
0
0
250
160
64
0
0
0
0
0
120
166
192
0
0
0
0
0
16
142
64
0
0
0
0
0
56
172
192
0
0
0
0
0
96
126
192
0
0
0
0
0
0
174
192
0
0
0
0
0
136
158
192
0
0
0
0
0
50
171
192
0
0
0
0
0
252
168
192
0
0
0
0
0
244
163
192
0
0
0
0
0
46
175
192
0
0
0
0
0
132
146
192
0
0
0
0
0
84
176
192
0
0
0
0
0
80
121
64
0
0
0
0
0
18
173
192
0
0
0
0
0
104
158
64
0
0
0
0
0
14
165
192
0
0
0
0
0
206
168
64
0
0
0
0
0
16
148
192
0
0
0
0
0
112
174
64
0
0
0
0
0
208
112
64
0
0
0
0
0
86
175
64
0
0
0
0
0
220
154
64
0
0
0
0
0
158
171
64
0
0
0
0
0
84
166
64
0
0
0
0
0
22
164
64
0
0
0
0
0
180
171
64
0
0
0
0
0
0
148
64
0
0
0
0
0
4
173
64
0
0
0
0
0
128
98
192
0
0
0
0
0
62
170
64
0
0
0
0
0
216
151
192
0
0
0
0
0
202
163
64
0
0
0
0
0
238
164
192
0
0
0
0
0
244
148
64
0
0
0
0
0
0
171
192
0
0
0
0
0
64
80
192
0
0
0
0
0
60
173
192
0
0
0
0
0
80
151
192
0
0
0
0
0
48
171
192
0
0
0
0
0
76
165
192
0
0
0
0
0
254
164
192
0
0
0
0
0
226
171
192
0
0
0
0
0
244
150
192
0
0
0
0
0
66
174
192
0
0
0
0
0
0
36
192
0
0
0
0
0
250
171
192
0
0
0
0
0
176
150
64
0
0
0
0
0
108
165
192
0
0
0
0
0
234
164
64
0
0
0
0
0
132
151
192
0
0
0
0
0
26
171
64
0
0
0
0
0
192
83
192
0
0
0
0
0
2
173
64
0
0
0
0
0
100
148
64
0
0
0
0
0
138
170
64
0
0
0
0
0
16
163
64
0
0
0
0
0
72
164
64
0
0
0
0
0
206
168
64
0
0
0
0
0
180
150
64
0
0
0
0
0
204
170
64
0
0
0
0
0
32
98
64
0
0
0
0
0
238
168
64
0
0
0
0
0
224
145
192
0
0
0
0
0
146
163
64
0
0
0
0
0
134
161
192
0
0
0
0
0
0
151
64
0
0
0
0
0
130
167
192
0
0
0
0
0
0
109
64
0
0
0
0
0
22
170
192
0
0
0
0
0
64
144
192
0
0
0
0
0
222
168
192
0
0
0
0
0
222
160
192
0
0
0
0
0
250
163
192
0
0
0
0
0
16
167
192
0
0
0
0
0
64
152
192
0
0
0
0
0
182
169
192
0
0
0
0
0
64
116
192
0
0
0
0
0
110
168
192
0
0
0
0
0
240
140
64
0
0
0
0
0
128
163
192
0
0
0
0
0
44
159
64
0
0
0
0
0
192
151
192
0
0
0
0
0
58
165
64
0
0
0
0
0
48
119
192
0
0
0
0
0
104
167
64
0
0
0
0
0
200
135
64
0
0
0
0
0
6
166
64
0
0
0
0
0
184
154
64
0
0
0
0
0
138
161
64
0
0
0
0
0
106
162
64
0
0
0
0
0
180
149
64
0
0
0
0
0
152
164
64
0
0
0
0
0
32
120
64
0
0
0
0
0
210
163
64
0
0
0
0
0
144
131
192
0
0
0
0
0
82
160
64
0
0
0
0
0
188
151
192
0
0
0
0
0
52
149
64
0
0
0
0
0
20
161
192
0
0
0
0
0
32
123
64
0
0
0
0
0
224
163
192
0
0
0
0
0
136
129
192
0
0
0
0
0
218
163
192
0
0
0
0
0
80
151
192
0
0
0
0
0
234
160
192
0
0
0
0
0
90
161
192
0
0
0
0
0
204
150
192
0
0
0
0
0
142
164
192
0
0
0
0
0
64
128
192
0
0
0
0
0
182
164
192
0
0
0
0
0
16
128
64
0
0
0
0
0
190
161
192
0
0
0
0
0
40
151
64
0
0
0
0
0
44
152
192
0
0
0
0
0
114
161
64
0
0
0
0
0
128
130
192
0
0
0
0
0
190
164
64
0
0
0
0
0
80
124
64
0
0
0
0
0
0
165
64
0
0
0
0
0
124
150
64
0
0
0
0
0
52
162
64
0
0
0
0
0
108
161
64
0
0
0
0
0
128
153
64
0
0
0
0
0
62
165
64
0
0
0
0
0
96
133
64
0
0
0
0
0
32
166
64
0
0
0
0
0
176
120
192
0
0
0
0
0
212
163
64
0
0
0
0
0
228
150
192
0
0
0
0
0
240
156
64
0
0
0
0
0
144
162
192
0
0
0
0
0
128
138
64
0
0
0
0
0
76
167
192
0
0
0
0
0
128
117
192
0
0
0
0
0
192
168
192
0
0
0
0
0
48
152
192
0
0
0
0
0
120
166
192
0
0
0
0
0
12
164
192
0
0
0
0
0
152
160
192
0
0
0
0
0
46
169
192
0
0
0
0
0
184
143
192
0
0
0
0
0
134
170
192
0
0
0
0
0
80
113
64
0
0
0
0
0
210
167
192
0
0
0
0
0
20
152
64
0
0
0
0
0
122
161
192
0
0
0
0
0
28
164
64
0
0
0
0
0
24
145
192
0
0
0
0
0
26
169
64
0
0
0
0
0
32
105
64
0
0
0
0
0
82
170
64
0
0
0
0
0
184
150
64
0
0
0
0
0
170
167
64
0
0
0
0
0
110
163
64
0
0
0
0
0
148
161
64
0
0
0
0
0
178
168
64
0
0
0
0
0
228
145
64
0
0
0
0
0
114
170
64
0
0
0
0
0
224
96
192
0
0
0
0
0
98
168
64
0
0
0
0
0
52
150
192
0
0
0
0
0
178
162
64
0
0
0
0
0
204
163
192
0
0
0
0
0
20
148
64
0
0
0
0
0
220
169
192
0
0
0
0
0
0
77
192
0
0
0
0
0
66
172
192
0
0
0
0
0
124
150
192
0
0
0
0
0
114
170
192
0
0
0
0
0
162
164
192
0
0
0
0
0
138
164
192
0
0
0
0
0
14
171
192
0
0
0
0
0
180
150
192
0
0
0
0
0
100
173
192
0
0
0
0
0
128
69
192
0
0
0
0
0
60
171
192
0
0
0
0
0
100
149
64
0
0
0
0
0
0
165
192
0
0
0
0
0
244
163
64
0
0
0
0
0
140
151
192
0
0
0
0
0
0
170
64
0
0
0
0
0
192
97
192
0
0
0
0
0
4
172
64
0
0
0
0
0
172
146
64
0
0
0
0
0
230
169
64
0
0
0
0
0
22
162
64
0
0
0
0
0
34
164
64
0
0
0
0
0
2
168
64
0
0
0
0
0
92
151
64
0
0
0
0
0
104
170
64
0
0
0
0
0
32
108
64
0
0
0
0
0
12
169
64
0
0
0
0
0
156
144
192
0
0
0
0
0
28
164
64
0
0
0
0
0
50
161
192
0
0
0
0
0
116
152
64
0
0
0
0
0
180
167
192
0
0
0
0
0
32
115
64
0
0
0
0
0
226
170
192
0
0
0
0
0
28
144
192
0
0
0
0
0
38
170
192
0
0
0
0
0
150
161
192
0
0
0
0
0
120
165
192
0
0
0
0
0
182
168
192
0
0
0
0
0
208
154
192
0
0
0
0
0
60
172
192
0
0
0
0
0
208
120
192
0
0
0
0
0
132
171
192
0
0
0
0
0
104
143
64
0
0
0
0
0
150
166
192
0
0
0
0
0
188
161
64
0
0
0
0
0
112
156
192
0
0
0
0
0
244
168
64
0
0
0
0
0
224
125
192
0
0
0
0
0
102
172
64
0
0
0
0
0
224
140
64
0
0
0
0
0
146
171
64
0
0
0
0
0
248
160
64
0
0
0
0
0
172
166
64
0
0
0
0
0
24
168
64
0
0
0
0
0
8
157
64
0
0
0
0
0
154
171
64
0
0
0
0
0
104
129
64
0
0
0
0
0
10
171
64
0
0
0
0
0
56
137
192
0
0
0
0
0
142
166
64
0
0
0
0
0
208
159
192
0
0
0
0
0
172
157
64
0
0
0
0
0
22
167
192
0
0
0
0
0
40
132
64
0
0
0
0
0
206
170
192
0
0
0
0
0
128
133
192
0
0
0
0
0
140
170
192
0
0
0
0
0
176
157
192
0
0
0
0
0
100
166
192
0
0
0
0
0
248
165
192
0
0
0
0
0
0
158
192
0
0
0
0
0
182
169
192
0
0
0
0
0
56
134
192
0
0
0
0
0
152
169
192
0
0
0
0
0
248
129
64
0
0
0
0
0
188
165
192
0
0
0
0
0
76
155
64
0
0
0
0
0
152
157
192
0
0
0
0
0
156
164
64
0
0
0
0
0
112
135
192
0
0
0
0
0
114
168
64
0
0
0
0
0
80
126
64
0
0
0
0
0
178
168
64
0
0
0
0
0
164
153
64
0
0
0
0
0
100
165
64
0
0
0
0
0
2
164
64
0
0
0
0
0
252
157
64
0
0
0
0
0
88
168
64
0
0
0
0
0
112
137
64
0
0
0
0
0
48
169
64
0
0
0
0
0
176
122
192
0
0
0
0
0
84
166
64
0
0
0
0
0
124
153
192
0
0
0
0
0
18
160
64
0
0
0
0
0
116
164
192
0
0
0
0
0
8
141
64
0
0
0
0
0
68
169
192
0
0
0
0
0
128
118
192
0
0
0
0
0
86
170
192
0
0
0
0
0
32
153
192
0
0
0
0
0
108
167
192
0
0
0
0
0
108
164
192
0
0
0
0
0
242
160
192
0
0
0
0
0
36
169
192
0
0
0
0
0
216
143
192
0
0
0
0
0
2
170
192
0
0
0
0
0
128
112
64
0
0
0
0
0
0
167
192
0
0
0
0
0
20
151
64
0
0
0
0
0
180
160
192
0
0
0
0
0
12
163
64
0
0
0
0
0
92
144
192
0
0
0
0
0
148
167
64
0
0
0
0
0
128
100
64
0
0
0
0
0
160
168
64
0
0
0
0
0
192
148
64
0
0
0
0
0
42
166
64
0
0
0
0
0
242
161
64
0
0
0
0
0
158
160
64
0
0
0
0
0
6
167
64
0
0
0
0
0
96
145
64
0
0
0
0
0
238
168
64
0
0
0
0
0
128
84
192
0
0
0
0
0
70
167
64
0
0
0
0
0
92
148
192
0
0
0
0
0
30
162
64
0
0
0
0
0
160
162
192
0
0
0
0
0
252
147
64
0
0
0
0
0
174
168
192
0
0
0
0
0
0
32
192
0
0
0
0
0
66
171
192
0
0
0
0
0
32
149
192
0
0
0
0
0
194
169
192
0
0
0
0
0
214
163
192
0
0
0
0
0
54
164
192
0
0
0
0
0
82
170
192
0
0
0
0
0
192
150
192
0
0
0
0
0
222
172
192
0
0
0
0
0
64
83
192
0
0
0
0
0
4
171
192
0
0
0
0
0
180
148
64
0
0
0
0
0
18
165
192
0
0
0
0
0
188
163
64
0
0
0
0
0
8
152
192
0
0
0
0
0
24
170
64
0
0
0
0
0
128
100
192
0
0
0
0
0
130
172
64
0
0
0
0
0
252
146
64
0
0
0
0
0
184
170
64
0
0
0
0
0
196
162
64
0
0
0
0
0
18
165
64
0
0
0
0
0
68
169
64
0
0
0
0
0
216
152
64
0
0
0
0
0
32
172
64
0
0
0
0
0
0
112
64
0
0
0
0
0
244
170
64
0
0
0
0
0
148
145
192
0
0
0
0
0
216
165
64
0
0
0
0
0
114
162
192
0
0
0
0
0
224
154
64
0
0
0
0
0
152
169
192
0
0
0
0
0
192
118
64
0
0
0
0
0
36
173
192
0
0
0
0
0
232
144
192
0
0
0
0
0
112
172
192
0
0
0
0
0
202
162
192
0
0
0
0
0
118
167
192
0
0
0
0
0
142
170
192
0
0
0
0
0
168
157
192
0
0
0
0
0
130
174
192
0
0
0
0
0
16
126
192
0
0
0
0
0
242
173
192
0
0
0
0
0
48
144
64
0
0
0
0
0
224
168
192
0
0
0
0
0
240
162
64
0
0
0
0
0
2
160
192
0
0
0
0
0
30
171
64
0
0
0
0
0
136
130
192
0
0
0
0
0
94
175
64
0
0
0
0
0
104
142
64
0
0
0
0
0
4
175
64
0
0
0
0
0
224
162
64
0
0
0
0
0
12
170
64
0
0
0
0
0
134
171
64
0
0
0
0
0
36
161
64
0
0
0
0
0
29
176
64
0
0
0
0
0
40
134
64
0
0
0
0
0
26
176
64
0
0
0
0
0
80
140
192
0
0
0
0
0
96
171
64
0
0
0
0
0
214
162
192
0
0
0
0
0
96
162
64
0
0
0
0
0
242
171
192
0
0
0
0
0
24
138
64
0
0
0
0
0
124
176
192
0
0
0
0
0
152
137
192
0
0
0
0
0
138
176
192
0
0
0
0
0
100
162
192
0
0
0
0
0
60
172
192
0
0
0
0
0
156
171
192
0
0
0
0
0
46
163
192
0
0
0
0
0
83
176
192
0
0
0
0
0
80
141
192
0
0
0
0
0
104
176
192
0
0
0
0
0
240
133
64
0
0
0
0
0
38
172
192
0
0
0
0
0
84
161
64
0
0
0
0
0
108
163
192
0
0
0
0
0
128
170
64
0
0
0
0
0
224
143
192
0
0
0
0
0
182
175
64
0
0
0
0
0
56
130
64
0
0
0
0
0
37
176
64
0
0
0
0
0
102
160
64
0
0
0
0
0
50
172
64
0
0
0
0
0
228
169
64
0
0
0
0
0
254
163
64
0
0
0
0
0
174
175
64
0
0
0
0
0
152
145
64
0
0
0
0
0
115
176
64
0
0
0
0
0
160
126
192
0
0
0
0
0
68
173
64
0
0
0
0
0
20
160
192
0
0
0
0
0
54
165
64
0
0
0
0
0
36
170
192
0
0
0
0
0
180
147
64
0
0
0
0
0
56
176
192
0
0
0
0
0
0
121
192
0
0
0
0
0
247
176
192
0
0
0
0
0
116
159
192
0
0
0
0
0
84
174
192
0
0
0
0
0
2
170
192
0
0
0
0
0
42
166
192
0
0
0
0
0
46
176
192
0
0
0
0
0
100
149
192
0
0
0
0
0
237
176
192
0
0
0
0
0
80
114
64
0
0
0
0
0
82
174
192
0
0
0
0
0
152
157
64
0
0
0
0
0
96
166
192
0
0
0
0
0
254
168
64
0
0
0
0
0
128
150
192
0
0
0
0
0
110
175
64
0
0
0
0
0
192
102
64
0
0
0
0
0
160
176
64
0
0
0
0
0
180
155
64
0
0
0
0
0
64
174
64
0
0
0
0
0
76
168
64
0
0
0
0
0
220
166
64
0
0
0
0
0
74
175
64
0
0
0
0
0
40
152
64
0
0
0
0
0
231
176
64
0
0
0
0
0
128
83
192
0
0
0
0
0
98
175
64
0
0
0
0
0
224
154
192
0
0
0
0
0
64
168
64
0
0
0
0
0
136
168
192
0
0
0
0
0
180
154
64
0
0
0
0
0
24
176
192
0
0
0
0
0
0
61
64
0
0
0
0
0
148
177
192
0
0
0
0
0
68
154
192
0
0
0
0
0
113
176
192
0
0
0
0
0
174
168
192
0
0
0
0
0
160
169
192
0
0
0
0
0
77
176
192
0
0
0
0
0
244
156
192
0
0
0
0
0
216
177
192
0
0
0
0
0
224
97
192
0
0
0
0
0
187
176
192
0
0
0
0
0
212
152
64
0
0
0
0
0
74
170
192
0
0
0
0
0
24
168
64
0
0
0
0
0
136
158
192
0
0
0
0
0
28
176
64
0
0
0
0
0
224
111
192
0
0
0
0
0
209
177
64
0
0
0
0
0
64
151
64
0
0
0
0
0
237
176
64
0
0
0
0
0
168
167
64
0
0
0
0
0
30
171
64
0
0
0
0
0
49
176
64
0
0
0
0
0
82
160
64
0
0
0
0
0
63
178
64
0
0
0
0
0
112
119
64
0
0
0
0
0
165
177
64
0
0
0
0
0
84
150
192
0
0
0
0
0
206
172
64
0
0
0
0
0
236
167
192
0
0
0
0
0
218
161
64
0
0
0
0
0
177
176
192
0
0
0
0
0
224
127
64
0
0
0
0
0
3
179
192
0
0
0
0
0
116
149
192
0
0
0
0
0
130
178
192
0
0
0
0
0
10
168
192
0
0
0
0
0
108
174
192
0
0
0
0
0
239
176
192
0
0
0
0
0
48
163
192
0
0
0
0
0
86
179
192
0
0
0
0
0
8
132
192
0
0
0
0
0
222
178
192
0
0
0
0
0
228
147
64
0
0
0
0
0
50
175
192
0
0
0
0
0
114
167
64
0
0
0
0
0
14
164
192
0
0
0
0
0
189
176
64
0
0
0
0
0
216
135
192
0
0
0
0
0
79
179
64
0
0
0
0
0
32
146
64
0
0
0
0
0
15
179
64
0
0
0
0
0
224
166
64
0
0
0
0
0
6
176
64
0
0
0
0
0
193
176
64
0
0
0
0
0
52
165
64
0
0
0
0
0
177
179
64
0
0
0
0
0
80
140
64
0
0
0
0
0
199
179
64
0
0
0
0
0
192
144
192
0
0
0
0
0
239
176
64
0
0
0
0
0
238
166
192
0
0
0
0
0
252
166
64
0
0
0
0
0
51
177
192
0
0
0
0
0
216
144
64
0
0
0
0
0
123
180
192
0
0
0
0
0
224
142
192
0
0
0
0
0
193
180
192
0
0
0
0
0
248
166
192
0
0
0
0
0
232
177
192
0
0
0
0
0
124
177
192
0
0
0
0
0
166
168
192
0
0
0
0
0
234
180
192
0
0
0
0
0
92
147
192
0
0
0
0
0
59
181
192
0
0
0
0
0
72
139
64
0
0
0
0
0
97
178
192
0
0
0
0
0
82
166
64
0
0
0
0
0
154
169
192
0
0
0
0
0
64
177
64
0
0
0
0
0
96
149
192
0
0
0
0
0
196
180
64
0
0
0
0
0
8
135
64
0
0
0
0
0
54
181
64
0
0
0
0
0
76
165
64
0
0
0
0
0
136
178
64
0
0
0
0
0
213
176
64
0
0
0
0
0
70
170
64
0
0
0
0
0
137
180
64
0
0
0
0
0
68
151
64
0
0
0
0
0
54
181
64
0
0
0
0
0
216
130
192
0
0
0
0
0
195
178
64
0
0
0
0
0
94
164
192
0
0
0
0
0
22
171
64
0
0
0
0
0
131
176
192
0
0
0
0
0
72
153
64
0
0
0
0
0
102
180
192
0
0
0
0
0
96
125
192
0
0
0
0
0
67
181
192
0
0
0
0
0
104
163
192
0
0
0
0
0
251
178
192
0
0
0
0
0
30
176
192
0
0
0
0
0
204
171
192
0
0
0
0
0
32
180
192
0
0
0
0
0
36
155
192
0
0
0
0
0
39
181
192
0
0
0
0
0
208
116
64
0
0
0
0
0
17
179
192
0
0
0
0
0
82
162
64
0
0
0
0
0
98
172
192
0
0
0
0
0
78
175
64
0
0
0
0
0
248
156
192
0
0
0
0
0
216
179
64
0
0
0
0
0
192
104
64
0
0
0
0
0
34
181
64
0
0
0
0
0
104
161
64
0
0
0
0
0
84
179
64
0
0
0
0
0
204
174
64
0
0
0
0
0
90
173
64
0
0
0
0
0
226
179
64
0
0
0
0
0
72
159
64
0
0
0
0
0
118
181
64
0
0
0
0
0
64
80
192
0
0
0
0
0
224
179
64
0
0
0
0
0
186
160
192
0
0
0
0
0
160
174
64
0
0
0
0
0
152
174
192
0
0
0
0
0
224
160
64
0
0
0
0
0
255
179
192
0
0
0
0
0
128
81
64
0
0
0
0
0
187
181
192
0
0
0
0
0
192
159
192
0
0
0
0
0
57
180
192
0
0
0
0
0
230
173
192
0
0
0
0
0
106
175
192
0
0
0
0
0
180
179
192
0
0
0
0
0
196
161
192
0
0
0
0
0
131
181
192
0
0
0
0
0
128
105
192
0
0
0
0
0
34
180
192
0
0
0
0
0
92
157
64
0
0
0
0
0
158
175
192
0
0
0
0
0
166
172
64
0
0
0
0
0
104
162
192
0
0
0
0
0
38
179
64
0
0
0
0
0
208
116
192
0
0
0
0
0
36
181
64
0
0
0
0
0
0
155
64
0
0
0
0
0
7
180
64
0
0
0
0
0
148
171
64
0
0
0
0
0
252
175
64
0
0
0
0
0
205
178
64
0
0
0
0
0
58
163
64
0
0
0
0
0
12
181
64
0
0
0
0
0
16
125
64
0
0
0
0
0
50
180
64
0
0
0
0
0
4
153
192
0
0
0
0
0
90
176
64
0
0
0
0
0
210
170
192
0
0
0
0
0
44
164
64
0
0
0
0
0
148
178
192
0
0
0
0
0
176
130
64
0
0
0
0
0
250
180
192
0
0
0
0
0
232
150
192
0
0
0
0
0
64
180
192
0
0
0
0
0
196
169
192
0
0
0
0
0
135
176
192
0
0
0
0
0
17
178
192
0
0
0
0
0
202
164
192
0
0
0
0
0
134
180
192
0
0
0
0
0
96
134
192
0
0
0
0
0
240
179
192
0
0
0
0
0
116
148
64
0
0
0
0
0
112
176
192
0
0
0
0
0
90
168
64
0
0
0
0
0
38
165
192
0
0
0
0
0
97
177
64
0
0
0
0
0
216
137
192
0
0
0
0
0
1
180
64
0
0
0
0
0
40
146
64
0
0
0
0
0
177
179
64
0
0
0
0
0
60
167
64
0
0
0
0
0
132
176
64
0
0
0
0
0
0
177
64
0
0
0
0
0
216
165
64
0
0
0
0
0
231
179
64
0
0
0
0
0
184
141
64
0
0
0
0
0
228
179
64
0
0
0
0
0
76
144
192
0
0
0
0
0
241
176
64
0
0
0
0
0
160
166
192
0
0
0
0
0
236
166
64
0
0
0
0
0
235
176
192
0
0
0
0
0
0
145
64
0
0
0
0
0
11
180
192
0
0
0
0
0
8
141
192
0
0
0
0
0
52
180
192
0
0
0
0
0
248
165
192
0
0
0
0
0
93
177
192
0
0
0
0
0
184
176
192
0
0
0
0
0
224
167
192
0
0
0
0
0
248
179
192
0
0
0
0
0
0
147
192
0
0
0
0
0
65
180
192
0
0
0
0
0
0
137
64
0
0
0
0
0
141
177
192
0
0
0
0
0
4
165
64
0
0
0
0
0
140
168
192
0
0
0
0
0
83
176
64
0
0
0
0
0
212
148
192
0
0
0
0
0
184
179
64
0
0
0
0
0
216
132
64
0
0
0
0
0
54
180
64
0
0
0
0
0
16
164
64
0
0
0
0
0
188
177
64
0
0
0
0
0
248
175
64
0
0
0
0
0
76
169
64
0
0
0
0
0
150
179
64
0
0
0
0
0
196
150
64
0
0
0
0
0
77
180
64
0
0
0
0
0
240
128
192
0
0
0
0
0
4
178
64
0
0
0
0
0
62
163
192
0
0
0
0
0
30
170
64
0
0
0
0
0
104
175
192
0
0
0
0
0
176
152
64
0
0
0
0
0
117
179
192
0
0
0
0
0
224
121
192
0
0
0
0
0
81
180
192
0
0
0
0
0
70
162
192
0
0
0
0
0
42
178
192
0
0
0
0
0
136
174
192
0
0
0
0
0
174
170
192
0
0
0
0
0
26
179
192
0
0
0
0
0
80
154
192
0
0
0
0
0
25
180
192
0
0
0
0
0
176
113
64
0
0
0
0
0
33
178
192
0
0
0
0
0
34
161
64
0
0
0
0
0
10
171
192
0
0
0
0
0
114
173
64
0
0
0
0
0
208
155
192
0
0
0
0
0
175
178
64
0
0
0
0
0
64
99
64
0
0
0
0
0
227
179
64
0
0
0
0
0
24
160
64
0
0
0
0
0
43
178
64
0
0
0
0
0
150
172
64
0
0
0
0
0
146
171
64
0
0
0
0
0
110
178
64
0
0
0
0
0
132
157
64
0
0
0
0
0
216
179
64
0
0
0
0
0
0
61
192
0
0
0
0
0
83
178
64
0
0
0
0
0
88
158
192
0
0
0
0
0
50
172
64
0
0
0
0
0
214
171
192
0
0
0
0
0
44
159
64
0
0
0
0
0
43
178
192
0
0
0
0
0
128
87
64
0
0
0
0
0
182
179
192
0
0
0
0
0
64
156
192
0
0
0
0
0
83
178
192
0
0
0
0
0
200
170
192
0
0
0
0
0
126
172
192
0
0
0
0
0
175
177
192
0
0
0
0
0
54
160
192
0
0
0
0
0
86
179
192
0
0
0
0
0
192
106
192
0
0
0
0
0
34
178
192
0
0
0
0
0
240
153
64
0
0
0
0
0
148
172
192
0
0
0
0
0
146
169
64
0
0
0
0
0
196
160
192
0
0
0
0
0
43
177
64
0
0
0
0
0
160
116
192
0
0
0
0
0
3
179
64
0
0
0
0
0
220
151
64
0
0
0
0
0
17
178
64
0
0
0
0
0
168
168
64
0
0
0
0
0
244
172
64
0
0
0
0
0
224
176
64
0
0
0
0
0
134
161
64
0
0
0
0
0
241
178
64
0
0
0
0
0
0
124
64
0
0
0
0
0
55
178
64
0
0
0
0
0
24
150
192
0
0
0
0
0
150
173
64
0
0
0
0
0
248
167
192
0
0
0
0
0
92
162
64
0
0
0
0
0
173
176
192
0
0
0
0
0
184
129
64
0
0
0
0
0
227
178
192
0
0
0
0
0
64
148
192
0
0
0
0
0
76
178
192
0
0
0
0
0
30
167
192
0
0
0
0
0
2
174
192
0
0
0
0
0
79
176
192
0
0
0
0
0
4
163
192
0
0
0
0
0
160
178
192
0
0
0
0
0
48
133
192
0
0
0
0
0
46
178
192
0
0
0
0
0
52
146
64
0
0
0
0
0
32
174
192
0
0
0
0
0
14
166
64
0
0
0
0
0
132
163
192
0
0
0
0
0
170
175
64
0
0
0
0
0
120
136
192
0
0
0
0
0
72
178
64
0
0
0
0
0
48
144
64
0
0
0
0
0
8
178
64
0
0
0
0
0
10
165
64
0
0
0
0
0
70
174
64
0
0
0
0
0
210
174
64
0
0
0
0
0
14
164
64
0
0
0
0
0
3
178
64
0
0
0
0
0
192
139
64
0
0
0
0
0
242
177
64
0
0
0
0
0
136
140
192
0
0
0
0
0
118
174
64
0
0
0
0
0
22
164
192
0
0
0
0
0
148
164
64
0
0
0
0
0
254
173
192
0
0
0
0
0
232
142
64
0
0
0
0
0
180
177
192
0
0
0
0
0
176
136
192
0
0
0
0
0
199
177
192
0
0
0
0
0
8
163
192
0
0
0
0
0
120
174
192
0
0
0
0
0
248
172
192
0
0
0
0
0
242
164
192
0
0
0
0
0
72
177
192
0
0
0
0
0
220
144
192
0
0
0
0
0
131
177
192
0
0
0
0
0
0
0
0
0
0
0
0
0
0
0
0
0
0
0
0
0
0
0
0
0
0
0
0
0
0
0
0
0
0
0
0
0
0
0
0
0
0
0
0
0
0
0
0
0
0
0
0
0
0
0
0
0
0
0
0
0
0
0
0
0
0
0
0
0
0
0
0
0
0
0
0
0
0
0
0
0
0
0
0
0
0
0
0
0
0
0
0
0
0
0
0
0
0
0
0
0
0
0
0
0
0
0
0
0
0
0
0
0
0
0
0
0
0
0
0
0
0
0
0
0
0
0
0
0
0
0
0
0
0
0
0
0
0
0
0
0
0
0
0
0
0
0
0
0
0
0
0
0
0
0
0
0
0
0
0
0
0
0
0
0
0
0
0
0
0
0
0
0
0
0
0
0
0
0
0
0
0
0
0
0
0
0
0
0
0
0
0
0
0
0
0
0
0
0
0
0
0
0
0
0
0
0
0
0
0
0
0
0
0
0
0
0
0
0
0
0
0
0
0
0
0
0
0
0
0
0
0
0
0
0
0
0
0
0
0
0
0
0
0
0
0
0
0
0
0
0
0
0
0
0
0
0
0
0
0
0
0
0
0
0
0
0
0
0
0
0
0
0
0
0
0
0
0
0
0
0
0
0
0
0
0
0
0
0
0
0
0
0
0
0
0
0
0
0
0
0
0
0
0
0
0
0
0
0
0
0
0
0
0
0
0
0
0
0
0
0
0
0
0
0
0
0
0
0
0
0
0
0
0
0
0
0
0
0
0
0
0
0
0
0
0
0
0
0
0
0
0
0
0
0
0
0
0
0
0
0
0
0
0
0
0
0
0
0
0
0
0
0
0
0
0
0
0
0
0
0
0
0
0
0
0
0
0
0
0
0
0
0
0
0
0
0
0
0
0
0
0
0
0
0
0
0
0
0
0
0
0
0
0
0
0
0
0
0
0
0
0
0
0
0
0
0
0
0
0
0
0
0
0
0
0
0
0
0
0
0
0
0
0
0
0
0
0
0
0
0
0
0
0
0
0
0
0
0
0
0
0
0
0
0
0
0
0
0
0
0
0
0
0
0
0
0
0
0
0
0
0
0
0
0
0
0
0
0
0
0
0
0
0
0
0
0
0
0
0
0
0
0
0
0
0
0
0
0
0
0
0
0
0
0
0
0
0
0
0
0
0
0
0
0
0
0
0
0
0
0
0
0
0
0
0
0
0
0
0
0
0
0
0
0
0
0
0
0
0
0
0
0
0
0
0
0
0
0
0
0
0
0
0
0
0
0
0
0
0
0
0
0
0
0
0
0
0
0
0
0
0
0
0
0
0
0
0
0
0
0
0
0
0
0
0
0
0
0
0
0
0
0
0
0
0
0
0
0
0
0
0
0
0
0
0
0
0
0
0
0
0
0
0
0
0
0
0
0
0
0
0
0
0
0
0
0
0
0
0
0
0
0
0
0
0
0
0
0
0
0
0
0
0
0
0
0
0
0
0
0
0
0
0
0
0
0
0
0
0
0
0
0
0
0
0
0
0
0
0
0
0
0
0
0
0
0
0
0
0
0
0
0
0
0
0
0
0
0
0
0
0
0
0
0
0
0
0
0
0
0
0
0
0
0
0
0
0
0
0
0
0
0
0
0
0
0
0
0
0
0
0
0
0
0
0
0
0
0
0
0
0
0
0
0
0
0
0
0
0
0
0
0
0
0
0
0
0
0
0
0
0
0
0
0
0
0
0
0
0
0
0
0
0
0
0
0
0
0
0
0
0
0
0
0
0
0
0
0
0
0
0
0
0
0
0
0
0
0
0
0
0
0
0
0
0
0
0
0
0
0
0
0
0
0
0
0
0
0
0
0
0
0
0
0
0
0
0
0
0
0
0
0
0
0
0
0
0
0
0
0
0
0
0
0
0
0
0
0
0
0
0
0
0
0
0
0
0
0
0
0
0
0
0
0
0
0
0
0
0
0
0
0
0
0
0
0
0
0
0
0
0
0
0
0
0
0
0
0
0
0
0
0
0
0
0
0
0
0
0
0
0
0
0
0
0
0
0
0
0
0
0
0
0
0
0
0
0
0
0
0
0
0
0
0
0
0
0
0
0
0
0
0
0
0
0
0
0
0
0
0
0
0
0
0
0
0
0
0
0
0
0
0
0
0
0
0
0
0
0
0
0
0
0
0
0
0
0
0
0
0
0
0
0
0
0
0
0
0
0
0
0
0
0
0
0
0
0
0
0
0
0
0
0
0
0
0
0
0
0
0
0
0
0
0
0
0
0
0
0
0
0
0
0
0
0
0
0
0
0
0
0
0
0
0
0
0
0
0
0
0
0
0
0
0
0
0
0
0
0
0
0
0
0
0
0
0
0
0
0
0
0
0
0
0
0
0
0
0
0
0
0
0
0
0
0
0
0
0
0
0
0
0
0
0
0
0
0
0
0
0
0
0
0
0
0
0
0
0
0
0
0
0
0
0
0
0
0
0
0
0
0
0
0
0
0
0
0
0
0
0
0
0
0
0
0
0
0
0
0
0
0
0
0
0
0
0
0
0
0
0
0
0
0
0
0
0
0
0
0
0
0
0
0
0
0
0
0
0
0
0
0
0
0
0
0
0
0
0
0
0
0
0
0
0
0
0
0
0
0
0
0
0
0
0
0
0
0
0
0
0
0
0
0
0
0
0
0
0
0
0
0
0
0
0
0
0
0
0
0
0
0
0
0
0
0
0
0
0
0
0
0
0
0
0
0
0
0
0
0
0
0
0
0
0
0
0