58
70
65
67
84
58
67
68
65
84
49
56
58
68
65
84
65
32
35
57
48
48
48
48
48
54
57
51
54
0
192
107
192
0
0
0
0
0
192
86
64
0
0
0
0
0
64
99
192
0
0
0
0
0
64
91
64
0
0
0
0
0
128
87
192
0
0
0
0
0
0
82
64
0
0
0
0
0
192
83
192
0
0
0
0
0
0
8
64
0
0
0
0
0
0
94
192
0
0
0
0
0
128
76
192
0
0
0
0
0
32
104
192
0
0
0
0
0
192
81
192
0
0
0
0
0
16
112
192
0
0
0
0
0
0
59
192
0
0
0
0
0
32
113
192
0
0
0
0
0
0
73
64
0
0
0
0
0
0
109
192
0
0
0
0
0
64
93
64
0
0
0
0
0
96
99
192
0
0
0
0
0
224
96
64
0
0
0
0
0
64
86
192
0
0
0
0
0
64
87
64
0
0
0
0
0
128
82
192
0
0
0
0
0
0
46
64
0
0
0
0
0
64
94
192
0
0
0
0
0
0
74
192
0
0
0
0
0
160
105
192
0
0
0
0
0
192
80
192
0
0
0
0
0
112
113
192
0
0
0
0
0
0
49
192
0
0
0
0
0
160
114
192
0
0
0
0
0
0
82
64
0
0
0
0
0
64
111
192
0
0
0
0
0
192
98
64
0
0
0
0
0
32
100
192
0
0
0
0
0
128
101
64
0
0
0
0
0
0
85
192
0
0
0
0
0
64
95
64
0
0
0
0
0
64
80
192
0
0
0
0
0
128
65
64
0
0
0
0
0
128
93
192
0
0
0
0
0
128
70
192
0
0
0
0
0
32
107
192
0
0
0
0
0
0
80
192
0
0
0
0
0
16
115
192
0
0
0
0
0
0
28
192
0
0
0
0
0
192
116
192
0
0
0
0
0
192
88
64
0
0
0
0
0
96
113
192
0
0
0
0
0
64
104
64
0
0
0
0
0
192
101
192
0
0
0
0
0
64
108
64
0
0
0
0
0
192
83
192
0
0
0
0
0
224
101
64
0
0
0
0
0
128
72
192
0
0
0
0
0
64
81
64
0
0
0
0
0
192
90
192
0
0
0
0
0
0
61
192
0
0
0
0
0
32
108
192
0
0
0
0
0
128
77
192
0
0
0
0
0
16
117
192
0
0
0
0
0
0
16
64
0
0
0
0
0
160
119
192
0
0
0
0
0
96
96
64
0
0
0
0
0
48
116
192
0
0
0
0
0
224
111
64
0
0
0
0
0
160
104
192
0
0
0
0
0
64
115
64
0
0
0
0
0
192
81
192
0
0
0
0
0
32
112
64
0
0
0
0
0
0
52
192
0
0
0
0
0
128
96
64
0
0
0
0
0
128
83
192
0
0
0
0
0
0
8
64
0
0
0
0
0
128
107
192
0
0
0
0
0
0
73
192
0
0
0
0
0
32
119
192
0
0
0
0
0
0
44
64
0
0
0
0
0
176
123
192
0
0
0
0
0
128
101
64
0
0
0
0
0
128
120
192
0
0
0
0
0
144
117
64
0
0
0
0
0
160
109
192
0
0
0
0
0
144
123
64
0
0
0
0
0
0
78
192
0
0
0
0
0
80
121
64
0
0
0
0
0
128
67
64
0
0
0
0
0
0
112
64
0
0
0
0
0
0
8
192
0
0
0
0
0
192
82
64
0
0
0
0
0
192
101
192
0
0
0
0
0
0
58
192
0
0
0
0
0
80
120
192
0
0
0
0
0
0
57
64
0
0
0
0
0
144
128
192
0
0
0
0
0
64
108
64
0
0
0
0
0
176
127
192
0
0
0
0
0
144
126
64
0
0
0
0
0
176
115
192
0
0
0
0
0
128
133
64
0
0
0
0
0
0
67
192
0
0
0
0
0
104
134
64
0
0
0
0
0
0
103
64
0
0
0
0
0
80
129
64
0
0
0
0
0
0
108
64
0
0
0
0
0
176
113
64
0
0
0
0
0
0
66
64
0
0
0
0
0
128
76
64
0
0
0
0
0
144
114
192
0
0
0
0
0
0
64
64
0
0
0
0
0
96
131
192
0
0
0
0
0
208
113
64
0
0
0
0
0
40
135
192
0
0
0
0
0
56
136
64
0
0
0
0
0
112
128
192
0
0
0
0
0
244
148
64
0
0
0
0
0
0
67
64
0
0
0
0
0
156
155
64
0
0
0
0
0
240
137
64
0
0
0
0
0
16
157
64
0
0
0
0
0
160
153
64
0
0
0
0
0
228
151
64
0
0
0
0
0
126
161
64
0
0
0
0
0
96
137
64
0
0
0
0
0
56
163
64
0
0
0
0
0
32
97
192
0
0
0
0
0
126
161
64
0
0
0
0
0
88
145
192
0
0
0
0
0
104
153
64
0
0
0
0
0
192
157
192
0
0
0
0
0
88
135
64
0
0
0
0
0
148
162
192
0
0
0
0
0
128
109
192
0
0
0
0
0
76
163
192
0
0
0
0
0
84
146
192
0
0
0
0
0
26
161
192
0
0
0
0
0
72
158
192
0
0
0
0
0
204
152
192
0
0
0
0
0
14
163
192
0
0
0
0
0
72
135
192
0
0
0
0
0
94
164
192
0
0
0
0
0
192
109
64
0
0
0
0
0
192
162
192
0
0
0
0
0
104
147
64
0
0
0
0
0
80
156
192
0
0
0
0
0
156
160
64
0
0
0
0
0
24
140
192
0
0
0
0
0
102
165
64
0
0
0
0
0
128
107
64
0
0
0
0
0
16
167
64
0
0
0
0
0
68
149
64
0
0
0
0
0
8
165
64
0
0
0
0
0
30
162
64
0
0
0
0
0
232
158
64
0
0
0
0
0
188
166
64
0
0
0
0
0
224
140
64
0
0
0
0
0
152
167
64
0
0
0
0
0
160
113
192
0
0
0
0
0
152
164
64
0
0
0
0
0
60
150
192
0
0
0
0
0
184
156
64
0
0
0
0
0
252
161
192
0
0
0
0
0
88
136
64
0
0
0
0
0
198
165
192
0
0
0
0
0
160
118
192
0
0
0
0
0
20
166
192
0
0
0
0
0
12
150
192
0
0
0
0
0
14
163
192
0
0
0
0
0
108
161
192
0
0
0
0
0
156
154
192
0
0
0
0
0
64
165
192
0
0
0
0
0
176
134
192
0
0
0
0
0
14
166
192
0
0
0
0
0
208
118
64
0
0
0
0
0
170
163
192
0
0
0
0
0
88
150
64
0
0
0
0
0
140
156
192
0
0
0
0
0
44
162
64
0
0
0
0
0
216
137
192
0
0
0
0
0
192
166
64
0
0
0
0
0
32
118
64
0
0
0
0
0
10
168
64
0
0
0
0
0
4
152
64
0
0
0
0
0
148
165
64
0
0
0
0
0
190
163
64
0
0
0
0
0
24
159
64
0
0
0
0
0
140
168
64
0
0
0
0
0
24
139
64
0
0
0
0
0
126
169
64
0
0
0
0
0
176
122
192
0
0
0
0
0
78
166
64
0
0
0
0
0
44
154
192
0
0
0
0
0
252
158
64
0
0
0
0
0
210
164
192
0
0
0
0
0
192
136
64
0
0
0
0
0
66
169
192
0
0
0
0
0
88
128
192
0
0
0
0
0
182
169
192
0
0
0
0
0
96
155
192
0
0
0
0
0
48
166
192
0
0
0
0
0
42
165
192
0
0
0
0
0
152
158
192
0
0
0
0
0
112
169
192
0
0
0
0
0
136
136
192
0
0
0
0
0
236
169
192
0
0
0
0
0
80
127
64
0
0
0
0
0
150
166
192
0
0
0
0
0
192
154
64
0
0
0
0
0
224
159
192
0
0
0
0
0
216
164
64
0
0
0
0
0
232
139
192
0
0
0
0
0
56
169
64
0
0
0
0
0
128
119
64
0
0
0
0
0
218
169
64
0
0
0
0
0
152
152
64
0
0
0
0
0
168
166
64
0
0
0
0
0
168
163
64
0
0
0
0
0
44
160
64
0
0
0
0
0
238
167
64
0
0
0
0
0
200
141
64
0
0
0
0
0
138
168
64
0
0
0
0
0
0
113
192
0
0
0
0
0
132
165
64
0
0
0
0
0
36
150
192
0
0
0
0
0
228
158
64
0
0
0
0
0
28
162
192
0
0
0
0
0
72
141
64
0
0
0
0
0
76
166
192
0
0
0
0
0
64
106
192
0
0
0
0
0
48
167
192
0
0
0
0
0
108
148
192
0
0
0
0
0
192
164
192
0
0
0
0
0
66
161
192
0
0
0
0
0
204
158
192
0
0
0
0
0
220
165
192
0
0
0
0
0
112
143
192
0
0
0
0
0
98
167
192
0
0
0
0
0
0
92
64
0
0
0
0
0
142
165
192
0
0
0
0
0
48
147
64
0
0
0
0
0
146
160
192
0
0
0
0
0
14
161
64
0
0
0
0
0
40
146
192
0
0
0
0
0
30
166
64
0
0
0
0
0
0
55
192
0
0
0
0
0
240
167
64
0
0
0
0
0
124
145
64
0
0
0
0
0
50
166
64
0
0
0
0
0
68
160
64
0
0
0
0
0
40
161
64
0
0
0
0
0
56
165
64
0
0
0
0
0
92
147
64
0
0
0
0
0
230
166
64
0
0
0
0
0
32
96
64
0
0
0
0
0
48
165
64
0
0
0
0
0
0
142
192
0
0
0
0
0
128
160
64
0
0
0
0
0
40
157
192
0
0
0
0
0
92
147
64
0
0
0
0
0
80
163
192
0
0
0
0
0
64
108
64
0
0
0
0
0
50
165
192
0
0
0
0
0
152
136
192
0
0
0
0
0
30
164
192
0
0
0
0
0
32
154
192
0
0
0
0
0
84
160
192
0
0
0
0
0
36
162
192
0
0
0
0
0
188
148
192
0
0
0
0
0
188
164
192
0
0
0
0
0
224
119
192
0
0
0
0
0
124
164
192
0
0
0
0
0
104
131
64
0
0
0
0
0
90
161
192
0
0
0
0
0
40
152
64
0
0
0
0
0
120
151
192
0
0
0
0
0
164
161
64
0
0
0
0
0
176
129
192
0
0
0
0
0
172
164
64
0
0
0
0
0
176
123
64
0
0
0
0
0
176
164
64
0
0
0
0
0
92
149
64
0
0
0
0
0
184
161
64
0
0
0
0
0
30
160
64
0
0
0
0
0
156
152
64
0
0
0
0
0
8
163
64
0
0
0
0
0
144
133
64
0
0
0
0
0
34
163
64
0
0
0
0
0
96
110
192
0
0
0
0
0
158
160
64
0
0
0
0
0
8
145
192
0
0
0
0
0
20
152
64
0
0
0
0
0
60
155
192
0
0
0
0
0
120
136
64
0
0
0
0
0
178
160
192
0
0
0
0
0
0
72
192
0
0
0
0
0
134
161
192
0
0
0
0
0
192
138
192
0
0
0
0
0
26
160
192
0
0
0
0
0
76
152
192
0
0
0
0
0
60
153
192
0
0
0
0
0
34
160
192
0
0
0
0
0
152
141
192
0
0
0
0
0
22
162
192
0
0
0
0
0
192
95
192
0
0
0
0
0
156
161
192
0
0
0
0
0
112
135
64
0
0
0
0
0
40
157
192
0
0
0
0
0
124
152
64
0
0
0
0
0
136
146
192
0
0
0
0
0
42
161
64
0
0
0
0
0
176
114
192
0
0
0
0
0
200
163
64
0
0
0
0
0
200
132
64
0
0
0
0
0
146
163
64
0
0
0
0
0
80
152
64
0
0
0
0
0
120
160
64
0
0
0
0
0
116
161
64
0
0
0
0
0
212
149
64
0
0
0
0
0
68
164
64
0
0
0
0
0
32
126
64
0
0
0
0
0
48
164
64
0
0
0
0
0
64
127
192
0
0
0
0
0
72
161
64
0
0
0
0
0
248
149
192
0
0
0
0
0
252
151
64
0
0
0
0
0
122
160
192
0
0
0
0
0
72
132
64
0
0
0
0
0
170
163
192
0
0
0
0
0
112
116
192
0
0
0
0
0
26
164
192
0
0
0
0
0
184
147
192
0
0
0
0
0
186
161
192
0
0
0
0
0
172
159
192
0
0
0
0
0
156
153
192
0
0
0
0
0
158
163
192
0
0
0
0
0
208
135
192
0
0
0
0
0
152
164
192
0
0
0
0
0
128
110
64
0
0
0
0
0
138
162
192
0
0
0
0
0
84
147
64
0
0
0
0
0
80
155
192
0
0
0
0
0
38
160
64
0
0
0
0
0
104
138
192
0
0
0
0
0
92
164
64
0
0
0
0
0
160
105
64
0
0
0
0
0
156
165
64
0
0
0
0
0
132
147
64
0
0
0
0
0
166
163
64
0
0
0
0
0
164
160
64
0
0
0
0
0
108
157
64
0
0
0
0
0
60
165
64
0
0
0
0
0
224
141
64
0
0
0
0
0
208
166
64
0
0
0
0
0
96
97
192
0
0
0
0
0
12
165
64
0
0
0
0
0
128
147
192
0
0
0
0
0
16
160
64
0
0
0
0
0
72
161
192
0
0
0
0
0
228
144
64
0
0
0
0
0
124
166
192
0
0
0
0
0
128
89
192
0
0
0
0
0
116
168
192
0
0
0
0
0
152
148
192
0
0
0
0
0
176
166
192
0
0
0
0
0
142
162
192
0
0
0
0
0
68
161
192
0
0
0
0
0
36
168
192
0
0
0
0
0
204
145
192
0
0
0
0
0
4
170
192
0
0
0
0
0
32
98
64
0
0
0
0
0
192
167
192
0
0
0
0
0
92
150
64
0
0
0
0
0
174
161
192
0
0
0
0
0
138
163
64
0
0
0
0
0
164
145
192
0
0
0
0
0
210
168
64
0
0
0
0
0
32
101
64
0
0
0
0
0
50
170
64
0
0
0
0
0
40
150
64
0
0
0
0
0
140
167
64
0
0
0
0
0
250
162
64
0
0
0
0
0
116
161
64
0
0
0
0
0
232
167
64
0
0
0
0
0
232
145
64
0
0
0
0
0
76
169
64
0
0
0
0
0
128
84
192
0
0
0
0
0
26
167
64
0
0
0
0
0
252
147
192
0
0
0
0
0
172
161
64
0
0
0
0
0
224
161
192
0
0
0
0
0
120
147
64
0
0
0
0
0
74
167
192
0
0
0
0
0
128
65
64
0
0
0
0
0
124
169
192
0
0
0
0
0
4
147
192
0
0
0
0
0
10
168
192
0
0
0
0
0
66
162
192
0
0
0
0
0
246
162
192
0
0
0
0
0
154
168
192
0
0
0
0
0
136
149
192
0
0
0
0
0
104
171
192
0
0
0
0
0
0
81
192
0
0
0
0
0
0
170
192
0
0
0
0
0
112
148
64
0
0
0
0
0
104
164
192
0
0
0
0
0
186
163
64
0
0
0
0
0
212
150
192
0
0
0
0
0
90
170
64
0
0
0
0
0
0
78
192
0
0
0
0
0
232
172
64
0
0
0
0
0
56
149
64
0
0
0
0
0
240
170
64
0
0
0
0
0
248
163
64
0
0
0
0
0
208
164
64
0
0
0
0
0
34
170
64
0
0
0
0
0
64
151
64
0
0
0
0
0
64
172
64
0
0
0
0
0
64
93
64
0
0
0
0
0
38
170
64
0
0
0
0
0
60
147
192
0
0
0
0
0
88
164
64
0
0
0
0
0
110
162
192
0
0
0
0
0
152
151
64
0
0
0
0
0
90
168
192
0
0
0
0
0
224
108
64
0
0
0
0
0
172
170
192
0
0
0
0
0
124
144
192
0
0
0
0
0
46
169
192
0
0
0
0
0
2
161
192
0
0
0
0
0
38
164
192
0
0
0
0
0
80
167
192
0
0
0
0
0
136
152
192
0
0
0
0
0
76
170
192
0
0
0
0
0
208
116
192
0
0
0
0
0
128
169
192
0
0
0
0
0
40
142
64
0
0
0
0
0
250
164
192
0
0
0
0
0
184
160
64
0
0
0
0
0
160
154
192
0
0
0
0
0
154
167
64
0
0
0
0
0
128
124
192
0
0
0
0
0
40
171
64
0
0
0
0
0
128
139
64
0
0
0
0
0
208
170
64
0
0
0
0
0
126
160
64
0
0
0
0
0
146
166
64
0
0
0
0
0
222
167
64
0
0
0
0
0
4
158
64
0
0
0
0
0
234
171
64
0
0
0
0
0
184
132
64
0
0
0
0
0
6
172
64
0
0
0
0
0
0
134
192
0
0
0
0
0
32
168
64
0
0
0
0
0
4
159
192
0
0
0
0
0
192
160
64
0
0
0
0
0
102
167
192
0
0
0
0
0
160
139
64
0
0
0
0
0
254
171
192
0
0
0
0
0
0
128
192
0
0
0
0
0
146
172
192
0
0
0
0
0
188
156
192
0
0
0
0
0
4
169
192
0
0
0
0
0
168
166
192
0
0
0
0
0
206
161
192
0
0
0
0
0
160
171
192
0
0
0
0
0
240
143
192
0
0
0
0
0
136
172
192
0
0
0
0
0
160
119
64
0
0
0
0
0
68
169
192
0
0
0
0
0
204
154
64
0
0
0
0
0
94
162
192
0
0
0
0
0
206
165
64
0
0
0
0
0
200
145
192
0
0
0
0
0
2
171
64
0
0
0
0
0
32
108
64
0
0
0
0
0
80
172
64
0
0
0
0
0
40
152
64
0
0
0
0
0
164
169
64
0
0
0
0
0
172
164
64
0
0
0
0
0
108
163
64
0
0
0
0
0
110
170
64
0
0
0
0
0
8
149
64
0
0
0
0
0
150
172
64
0
0
0
0
0
0
44
64
0
0
0
0
0
212
170
64
0
0
0
0
0
232
148
192
0
0
0
0
0
74
165
64
0
0
0
0
0
194
163
192
0
0
0
0
0
56
153
64
0
0
0
0
0
128
170
192
0
0
0
0
0
32
110
64
0
0
0
0
0
156
173
192
0
0
0
0
0
220
146
192
0
0
0
0
0
122
172
192
0
0
0
0
0
164
163
192
0
0
0
0
0
22
167
192
0
0
0
0
0
38
171
192
0
0
0
0
0
48
156
192
0
0
0
0
0
174
174
192
0
0
0
0
0
80
118
192
0
0
0
0
0
156
173
192
0
0
0
0
0
52
146
64
0
0
0
0
0
10
168
192
0
0
0
0
0
180
163
64
0
0
0
0
0
168
157
192
0
0
0
0
0
94
171
64
0
0
0
0
0
96
123
192
0
0
0
0
0
238
174
64
0
0
0
0
0
216
144
64
0
0
0
0
0
234
173
64
0
0
0
0
0
248
162
64
0
0
0
0
0
140
168
64
0
0
0
0
0
180
170
64
0
0
0
0
0
92
159
64
0
0
0
0
0
150
174
64
0
0
0
0
0
112
130
64
0
0
0
0
0
26
174
64
0
0
0
0
0
104
140
192
0
0
0
0
0
82
169
64
0
0
0
0
0
212
161
192
0
0
0
0
0
224
160
64
0
0
0
0
0
18
170
192
0
0
0
0
0
144
135
64
0
0
0
0
0
158
174
192
0
0
0
0
0
112
136
192
0
0
0
0
0
192
174
192
0
0
0
0
0
102
161
192
0
0
0
0
0
80
170
192
0
0
0
0
0
64
170
192
0
0
0
0
0
218
161
192
0
0
0
0
0
70
175
192
0
0
0
0
0
56
138
192
0
0
0
0
0
154
175
192
0
0
0
0
0
152
135
64
0
0
0
0
0
28
171
192
0
0
0
0
0
152
161
64
0
0
0
0
0
116
162
192
0
0
0
0
0
182
170
64
0
0
0
0
0
192
139
192
0
0
0
0
0
210
175
64
0
0
0
0
0
168
134
64
0
0
0
0
0
18
176
64
0
0
0
0
0
110
161
64
0
0
0
0
0
162
171
64
0
0
0
0
0
148
170
64
0
0
0
0
0
0
163
64
0
0
0
0
0
192
175
64
0
0
0
0
0
48
142
64
0
0
0
0
0
25
176
64
0
0
0
0
0
248
131
192
0
0
0
0
0
216
171
64
0
0
0
0
0
194
160
192
0
0
0
0
0
92
163
64
0
0
0
0
0
252
169
192
0
0
0
0
0
248
143
64
0
0
0
0
0
72
175
192
0
0
0
0
0
24
130
192
0
0
0
0
0
216
175
192
0
0
0
0
0
74
160
192
0
0
0
0
0
150
171
192
0
0
0
0
0
130
169
192
0
0
0
0
0
40
163
192
0
0
0
0
0
198
174
192
0
0
0
0
0
120
143
192
0
0
0
0
0
80
175
192
0
0
0
0
0
16
130
64
0
0
0
0
0
26
171
192
0
0
0
0
0
26
160
64
0
0
0
0
0
216
162
192
0
0
0
0
0
38
169
64
0
0
0
0
0
96
143
192
0
0
0
0
0
88
174
64
0
0
0
0
0
232
128
64
0
0
0
0
0
0
175
64
0
0
0
0
0
52
159
64
0
0
0
0
0
24
171
64
0
0
0
0
0
166
168
64
0
0
0
0
0
62
163
64
0
0
0
0
0
26
174
64
0
0
0
0
0
48
145
64
0
0
0
0
0
48
175
64
0
0
0
0
0
176
122
192
0
0
0
0
0
186
171
64
0
0
0
0
0
168
157
192
0
0
0
0
0
46
164
64
0
0
0
0
0
60
168
192
0
0
0
0
0
40
147
64
0
0
0
0
0
36
174
192
0
0
0
0
0
64
116
192
0
0
0
0
0
156
175
192
0
0
0
0
0
184
156
192
0
0
0
0
0
90
172
192
0
0
0
0
0
22
168
192
0
0
0
0
0
204
164
192
0
0
0
0
0
54
174
192
0
0
0
0
0
40
148
192
0
0
0
0
0
196
175
192
0
0
0
0
0
112
113
64
0
0
0
0
0
136
172
192
0
0
0
0
0
40
156
64
0
0
0
0
0
8
165
192
0
0
0
0
0
210
167
64
0
0
0
0
0
224
148
192
0
0
0
0
0
246
173
64
0
0
0
0
0
224
105
64
0
0
0
0
0
164
175
64
0
0
0
0
0
192
154
64
0
0
0
0
0
172
172
64
0
0
0
0
0
32
167
64
0
0
0
0
0
142
165
64
0
0
0
0
0
128
173
64
0
0
0
0
0
172
150
64
0
0
0
0
0
156
175
64
0
0
0
0
0
128
80
192
0
0
0
0
0
38
173
64
0
0
0
0
0
160
152
192
0
0
0
0
0
112
166
64
0
0
0
0
0
96
166
192
0
0
0
0
0
208
152
64
0
0
0
0
0
56
173
192
0
0
0
0
0
128
78
64
0
0
0
0
0
204
175
192
0
0
0
0
0
56
151
192
0
0
0
0
0
172
173
192
0
0
0
0
0
10
166
192
0
0
0
0
0
24
167
192
0
0
0
0
0
54
173
192
0
0
0
0
0
0
154
192
0
0
0
0
0
2
176
192
0
0
0
0
0
0
93
192
0
0
0
0
0
2
174
192
0
0
0
0
0
192
150
64
0
0
0
0
0
120
167
192
0
0
0
0
0
252
165
64
0
0
0
0
0
196
154
192
0
0
0
0
0
84
173
64
0
0
0
0
0
64
100
192
0
0
0
0
0
39
176
64
0
0
0
0
0
52
150
64
0
0
0
0
0
124
174
64
0
0
0
0
0
228
165
64
0
0
0
0
0
32
168
64
0
0
0
0
0
132
173
64
0
0
0
0
0
68
156
64
0
0
0
0
0
106
176
64
0
0
0
0
0
32
111
64
0
0
0
0
0
72
175
64
0
0
0
0
0
80
149
192
0
0
0
0
0
10
169
64
0
0
0
0
0
206
165
192
0
0
0
0
0
240
157
64
0
0
0
0
0
204
173
192
0
0
0
0
0
64
116
64
0
0
0
0
0
175
176
192
0
0
0
0
0
196
148
192
0
0
0
0
0
230
175
192
0
0
0
0
0
206
165
192
0
0
0
0
0
146
169
192
0
0
0
0
0
240
173
192
0
0
0
0
0
164
158
192
0
0
0
0
0
195
176
192
0
0
0
0
0
208
117
192
0
0
0
0
0
2
176
192
0
0
0
0
0
140
148
64
0
0
0
0
0
172
169
192
0
0
0
0
0
178
165
64
0
0
0
0
0
248
158
192
0
0
0
0
0
212
173
64
0
0
0
0
0
240
119
192
0
0
0
0
0
190
176
64
0
0
0
0
0
224
147
64
0
0
0
0
0
22
176
64
0
0
0
0
0
112
165
64
0
0
0
0
0
20
170
64
0
0
0
0
0
212
173
64
0
0
0
0
0
22
160
64
0
0
0
0
0
240
176
64
0
0
0
0
0
240
124
64
0
0
0
0
0
118
176
64
0
0
0
0
0
24
147
192
0
0
0
0
0
2
171
64
0
0
0
0
0
126
165
192
0
0
0
0
0
232
160
64
0
0
0
0
0
98
174
192
0
0
0
0
0
40
128
64
0
0
0
0
0
102
177
192
0
0
0
0
0
96
147
192
0
0
0
0
0
246
176
192
0
0
0
0
0
34
166
192
0
0
0
0
0
194
171
192
0
0
0
0
0
76
175
192
0
0
0
0
0
44
161
192
0
0
0
0
0
211
177
192
0
0
0
0
0
32
126
192
0
0
0
0
0
57
177
192
0
0
0
0
0
176
148
64
0
0
0
0
0
210
171
192
0
0
0
0
0
232
166
64
0
0
0
0
0
212
160
192
0
0
0
0
0
234
175
64
0
0
0
0
0
160
121
192
0
0
0
0
0
249
177
64
0
0
0
0
0
208
149
64
0
0
0
0
0
49
177
64
0
0
0
0
0
74
167
64
0
0
0
0
0
132
171
64
0
0
0
0
0
8
176
64
0
0
0
0
0
108
160
64
0
0
0
0
0
242
177
64
0
0
0
0
0
128
118
64
0
0
0
0
0
27
177
64
0
0
0
0
0
108
150
192
0
0
0
0
0
66
171
64
0
0
0
0
0
136
167
192
0
0
0
0
0
22
160
64
0
0
0
0
0
33
176
192
0
0
0
0
0
240
114
64
0
0
0
0
0
3
178
192
0
0
0
0
0
148
151
192
0
0
0
0
0
26
177
192
0
0
0
0
0
52
168
192
0
0
0
0
0
4
171
192
0
0
0
0
0
116
176
192
0
0
0
0
0
16
159
192
0
0
0
0
0
61
178
192
0
0
0
0
0
32
104
192
0
0
0
0
0
39
177
192
0
0
0
0
0
184
153
64
0
0
0
0
0
176
170
192
0
0
0
0
0
74
169
64
0
0
0
0
0
156
157
192
0
0
0
0
0
228
176
64
0
0
0
0
0
192
80
192
0
0
0
0
0
126
178
64
0
0
0
0
0
196
155
64
0
0
0
0
0
49
177
64
0
0
0
0
0
36
170
64
0
0
0
0
0
102
170
64
0
0
0
0
0
43
177
64
0
0
0
0
0
164
156
64
0
0
0
0
0
158
178
64
0
0
0
0
0
0
34
64
0
0
0
0
0
59
177
64
0
0
0
0
0
72
156
192
0
0
0
0
0
132
170
64
0
0
0
0
0
40
170
192
0
0
0
0
0
84
157
64
0
0
0
0
0
29
177
192
0
0
0
0
0
0
86
64
0
0
0
0
0
155
178
192
0
0
0
0
0
188
154
192
0
0
0
0
0
92
177
192
0
0
0
0
0
114
169
192
0
0
0
0
0
34
171
192
0
0
0
0
0
229
176
192
0
0
0
0
0
28
159
192
0
0
0
0
0
152
178
192
0
0
0
0
0
192
106
192
0
0
0
0
0
142
177
192
0
0
0
0
0
248
152
64
0
0
0
0
0
218
171
192
0
0
0
0
0
218
168
64
0
0
0
0
0
116
160
192
0
0
0
0
0
205
176
64
0
0
0
0
0
112
116
192
0
0
0
0
0
183
178
64
0
0
0
0
0
160
151
64
0
0
0
0
0
222
177
64
0
0
0
0
0
134
168
64
0
0
0
0
0
184
172
64
0
0
0
0
0
215
176
64
0
0
0
0
0
92
161
64
0
0
0
0
0
239
178
64
0
0
0
0
0
160
122
64
0
0
0
0
0
52
178
64
0
0
0
0
0
164
150
192
0
0
0
0
0
114
173
64
0
0
0
0
0
92
168
192
0
0
0
0
0
252
161
64
0
0
0
0
0
228
176
192
0
0
0
0
0
0
126
64
0
0
0
0
0
15
179
192
0
0
0
0
0
52
150
192
0
0
0
0
0
85
178
192
0
0
0
0
0
68
168
192
0
0
0
0
0
158
173
192
0
0
0
0
0
220
176
192
0
0
0
0
0
10
162
192
0
0
0
0
0
1
179
192
0
0
0
0
0
224
125
192
0
0
0
0
0
60
178
192
0
0
0
0
0
52
150
64
0
0
0
0
0
98
173
192
0
0
0
0
0
50
168
64
0
0
0
0
0
216
161
192
0
0
0
0
0
199
176
64
0
0
0
0
0
0
125
192
0
0
0
0
0
229
178
64
0
0
0
0
0
52
150
64
0
0
0
0
0
35
178
64
0
0
0
0
0
30
168
64
0
0
0
0
0
68
173
64
0
0
0
0
0
189
176
64
0
0
0
0
0
214
161
64
0
0
0
0
0
227
178
64
0
0
0
0
0
160
125
64
0
0
0
0
0
46
178
64
0
0
0
0
0
4
150
192
0
0
0
0
0
110
173
64
0
0
0
0
0
22
168
192
0
0
0
0
0
6
162
64
0
0
0
0
0
198
176
192
0
0
0
0
0
176
126
64
0
0
0
0
0
248
178
192
0
0
0
0
0
248
149
192
0
0
0
0
0
73
178
192
0
0
0
0
0
46
168
192
0
0
0
0
0
158
173
192
0
0
0
0
0
221
176
192
0
0
0
0
0
32
162
192
0
0
0
0
0
19
179
192
0
0
0
0
0
160
126
192
0
0
0
0
0
97
178
192
0
0
0
0
0
44
150
64
0
0
0
0
0
194
173
192
0
0
0
0
0
88
168
64
0
0
0
0
0
52
162
192
0
0
0
0
0
246
176
64
0
0
0
0
0
240
126
192
0
0
0
0
0
45
179
64
0
0
0
0
0
40
150
64
0
0
0
0
0
123
178
64
0
0
0
0
0
94
168
64
0
0
0
0
0
250
173
64
0
0
0
0
0
252
176
64
0
0
0
0
0
114
162
64
0
0
0
0
0
58
179
64
0
0
0
0
0
128
128
64
0
0
0
0
0
146
178
64
0
0
0
0
0
160
149
192
0
0
0
0
0
60
174
64
0
0
0
0
0
30
168
192
0
0
0
0
0
200
162
64
0
0
0
0
0
229
176
192
0
0
0
0
0
24
130
64
0
0
0
0
0
46
179
192
0
0
0
0
0
200
148
192
0
0
0
0
0
149
178
192
0
0
0
0
0
186
167
192
0
0
0
0
0
102
174
192
0
0
0
0
0
189
176
192
0
0
0
0
0
20
163
192
0
0
0
0
0
25
179
192
0
0
0
0
0
176
131
192
0
0
0
0
0
152
178
192
0
0
0
0
0
240
147
64
0
0
0
0
0
158
174
192
0
0
0
0
0
92
167
64
0
0
0
0
0
120
163
192
0
0
0
0
0
161
176
64
0
0
0
0
0
136
133
192
0
0
0
0
0
25
179
64
0
0
0
0
0
16
147
64
0
0
0
0
0
183
178
64
0
0
0
0
0
14
167
64
0
0
0
0
0
12
175
64
0
0
0
0
0
146
176
64
0
0
0
0
0
0
0
0
0
0
0
0
0
0
0
0
0
0
0
0
0
0
0
0
0
0
0
0
0
0
0
0
0
0
0
0
0
0
0
0
0
0
0
0
0
0
0
0
0
0
0
0
0
0
0
0
0
0
0
0
0
0
0
0
0
0
0
0
0
0
0
0
0
0
0
0
0
0
0
0
0
0
0
0
0
0
0
0
0
0
0
0
0
0
0
0
0
0
0
0
0
0
0
0
0
0
0
0
0
0
0
0
0
0
0
0
0
0
0
0
0
0
0
0
0
0
0
0
0
0
0
0
0
0
0
0
0
0
0
0
0
0
0
0
0
0
0
0
0
0
0
0
0
0
0
0
0
0
0
0
0
0
0
0
0
0
0
0
0
0
0
0
0
0
0
0
0
0
0
0
0
0
0
0
0
0
0
0
0
0
0
0
0
0
0
0
0
0
0
0
0
0
0
0
0
0
0
0
0
0
0
0
0
0
0
0
0
0
0
0
0
0
0
0
0
0
0
0
0
0
0
0
0
0
0
0
0
0
0
0
0
0
0
0
0
0
0
0
0
0
0
0
0
0
0
0
0
0
0
0
0
0
0
0
0
0
0
0
0
0
0
0
0
0
0
0
0
0
0
0
0
0
0
0
0
0
0
0
0
0
0
0
0
0
0
0
0
0
0
0
0
0
0
0
0
0
0
0
0
0
0
0
0
0
0
0
0
0
0
0
0
0
0
0
0
0
0
0
0
0
0
0
0
0
0
0
0
0
0
0
0
0
0
0
0
0
0
0
0
0
0
0
0
0
0
0
0
0
0
0
0
0
0
0
0
0
0
0
0
0
0
0
0
0
0
0
0
0
0
0
0
0
0
0
0
0
0
0
0
0
0
0
0
0
0
0
0
0
0
0
0
0
0
0
0
0
0
0
0
0
0
0
0
0
0
0
0
0
0
0
0
0
0
0
0
0
0
0
0
0
0
0
0
0
0
0
0
0
0
0
0
0
0
0
0
0
0
0
0
0
0
0
0
0
0
0
0
0
0
0
0
0
0
0
0
0
0
0
0
0
0
0
0
0
0
0
0
0
0
0
0
0
0
0
0
0
0
0
0
0
0
0
0
0
0
0
0
0
0
0
0
0
0
0
0
0
0
0
0
0
0
0
0
0
0
0
0
0
0
0
0
0
0
0
0
0
0
0
0
0
0
0
0
0
0
0
0
0
0
0
0
0
0
0
0
0
0
0
0
0
0
0
0
0
0
0
0
0
0
0
0
0
0
0
0
0
0
0
0
0
0
0
0
0
0
0
0
0
0
0
0
0
0
0
0
0
0
0
0
0
0
0
0
0
0
0
0
0
0
0
0
0
0
0
0
0
0
0
0
0
0
0
0
0
0
0
0
0
0
0
0
0
0
0
0
0
0
0
0
0
0
0
0
0
0
0
0
0
0
0
0
0
0
0
0
0
0
0
0
0
0
0
0
0
0
0
0
0
0
0
0
0
0
0
0
0
0
0
0
0
0
0
0
0
0
0
0
0
0
0
0
0
0
0
0
0
0
0
0
0
0
0
0
0
0
0
0
0
0
0
0
0
0
0
0
0
0
0
0
0
0
0
0
0
0
0
0
0
0
0
0
0
0
0
0
0
0
0
0
0
0
0
0
0
0
0
0
0
0
0
0
0
0
0
0
0
0
0
0
0
0
0
0
0
0
0
0
0
0
0
0
0
0
0
0
0
0
0
0
0
0
0
0
0
0
0
0
0
0
0
0
0
0
0
0
0
0
0
0
0
0
0
0
0
0
0
0
0
0
0
0
0
0
0
0
0
0
0
0
0
0
0
0
0
0
0
0
0
0
0
0
0
0
0
0
0
0
0
0
0
0
0
0
0
0
0
0
0
0
0
0
0
0
0
0
0
0
0
0
0
0
0
0
0
0
0
0
0
0
0
0
0
0
0
0
0
0
0
0
0
0
0
0
0
0
0
0
0
0
0
0
0
0
0
0
0
0
0
0
0
0
0
0
0
0
0
0
0
0
0
0
0
0
0
0
0
0
0
0
0
0
0
0
0
0
0
0
0
0
0
0
0
0
0
0
0
0
0
0
0
0
0
0
0
0
0
0
0
0
0
0
0
0
0
0
0
0
0
0
0
0
0
0
0
0
0
0
0
0
0
0
0
0
0
0
0
0
0
0
0
0
0
0
0
0
0
0
0
0
0
0
0
0
0
0
0
0
0
0
0
0
0
0
0
0
0
0
0
0
0
0
0
0
0
0
0
0
0
0
0
0
0
0
0
0
0
0
0
0
0
0
0
0
0
0
0
0
0
0
0
0
0
0
0
0
0
0
0
0
0
0
0
0
0
0
0
0
0
0
0
0
0
0
0
0
0
0
0
0
0
0
0
0
0
0
0
0
0
0
0
0
0
0
0
0
0
0
0
0
0
0
0
0
0
0
0
0
0
0
0
0
0
0
0
0
0
0
0
0
0
0
0
0
0
0
0
0
0
0
0
0
0
0
0
0
0
0
0
0
0
0
0
0
0
0
0
0
0
0
0
0
0
0
0
0
0
0
0
0
0
0
0
0
0
0
0
0
0
0
0
0
0
0
0
0
0
0
0
0
0
0
0
0
0
0
0
0
0
0
0
0
0
0
0
0
0
0
0
0
0
0
0
0
0
0
0
0
0
0
0
0
0
0
0
0
0
0
0
0
0
0
0
0
0
0
0
0
0
0
0
0
0
0
0
0
0
0
0
0
0
0
0
0
0
0
0
0
0
0
0
0