58
70
65
67
84
58
67
68
65
84
49
56
58
68
65
84
65
32
35
57
48
48
48
48
48
54
57
51
54
0
198
169
192
0
0
0
0
0
104
141
64
0
0
0
0
0
202
174
192
0
0
0
0
0
184
131
192
0
0
0
0
0
40
175
192
0
0
0
0
0
106
160
192
0
0
0
0
0
206
170
192
0
0
0
0
0
92
169
192
0
0
0
0
0
102
162
192
0
0
0
0
0
96
174
192
0
0
0
0
0
232
140
192
0
0
0
0
0
186
174
192
0
0
0
0
0
232
131
64
0
0
0
0
0
100
170
192
0
0
0
0
0
84
160
64
0
0
0
0
0
26
162
192
0
0
0
0
0
28
169
64
0
0
0
0
0
176
140
192
0
0
0
0
0
10
174
64
0
0
0
0
0
240
130
64
0
0
0
0
0
118
174
64
0
0
0
0
0
180
159
64
0
0
0
0
0
102
170
64
0
0
0
0
0
154
168
64
0
0
0
0
0
128
162
64
0
0
0
0
0
192
173
64
0
0
0
0
0
184
143
64
0
0
0
0
0
152
174
64
0
0
0
0
0
80
126
192
0
0
0
0
0
254
170
64
0
0
0
0
0
0
158
192
0
0
0
0
0
110
163
64
0
0
0
0
0
26
168
192
0
0
0
0
0
232
145
64
0
0
0
0
0
184
173
192
0
0
0
0
0
160
119
192
0
0
0
0
0
252
174
192
0
0
0
0
0
8
157
192
0
0
0
0
0
158
171
192
0
0
0
0
0
250
167
192
0
0
0
0
0
16
164
192
0
0
0
0
0
218
173
192
0
0
0
0
0
220
146
192
0
0
0
0
0
54
175
192
0
0
0
0
0
64
117
64
0
0
0
0
0
218
171
192
0
0
0
0
0
168
156
64
0
0
0
0
0
80
164
192
0
0
0
0
0
208
167
64
0
0
0
0
0
144
147
192
0
0
0
0
0
178
173
64
0
0
0
0
0
16
113
64
0
0
0
0
0
38
175
64
0
0
0
0
0
76
155
64
0
0
0
0
0
8
172
64
0
0
0
0
0
32
167
64
0
0
0
0
0
220
164
64
0
0
0
0
0
56
173
64
0
0
0
0
0
108
149
64
0
0
0
0
0
26
175
64
0
0
0
0
0
0
95
192
0
0
0
0
0
128
172
64
0
0
0
0
0
12
153
192
0
0
0
0
0
196
165
64
0
0
0
0
0
78
166
192
0
0
0
0
0
160
151
64
0
0
0
0
0
226
172
192
0
0
0
0
0
0
28
64
0
0
0
0
0
68
175
192
0
0
0
0
0
156
151
192
0
0
0
0
0
6
173
192
0
0
0
0
0
254
165
192
0
0
0
0
0
108
166
192
0
0
0
0
0
242
172
192
0
0
0
0
0
200
152
192
0
0
0
0
0
142
175
192
0
0
0
0
0
0
75
192
0
0
0
0
0
104
173
192
0
0
0
0
0
84
151
64
0
0
0
0
0
206
166
192
0
0
0
0
0
12
166
64
0
0
0
0
0
124
153
192
0
0
0
0
0
36
173
64
0
0
0
0
0
192
87
192
0
0
0
0
0
228
175
64
0
0
0
0
0
212
150
64
0
0
0
0
0
232
173
64
0
0
0
0
0
242
165
64
0
0
0
0
0
120
167
64
0
0
0
0
0
76
173
64
0
0
0
0
0
12
155
64
0
0
0
0
0
48
176
64
0
0
0
0
0
192
103
64
0
0
0
0
0
176
174
64
0
0
0
0
0
200
149
192
0
0
0
0
0
104
168
64
0
0
0
0
0
198
165
192
0
0
0
0
0
204
156
64
0
0
0
0
0
132
173
192
0
0
0
0
0
240
112
64
0
0
0
0
0
114
176
192
0
0
0
0
0
52
149
192
0
0
0
0
0
78
175
192
0
0
0
0
0
202
165
192
0
0
0
0
0
242
168
192
0
0
0
0
0
182
173
192
0
0
0
0
0
124
157
192
0
0
0
0
0
143
176
192
0
0
0
0
0
16
114
192
0
0
0
0
0
120
175
192
0
0
0
0
0
36
149
64
0
0
0
0
0
14
169
192
0
0
0
0
0
200
165
64
0
0
0
0
0
196
157
192
0
0
0
0
0
176
173
64
0
0
0
0
0
240
115
192
0
0
0
0
0
145
176
64
0
0
0
0
0
136
148
64
0
0
0
0
0
166
175
64
0
0
0
0
0
134
165
64
0
0
0
0
0
124
169
64
0
0
0
0
0
168
173
64
0
0
0
0
0
8
159
64
0
0
0
0
0
190
176
64
0
0
0
0
0
112
121
64
0
0
0
0
0
50
176
64
0
0
0
0
0
148
147
192
0
0
0
0
0
110
170
64
0
0
0
0
0
124
165
192
0
0
0
0
0
98
160
64
0
0
0
0
0
38
174
192
0
0
0
0
0
32
125
64
0
0
0
0
0
48
177
192
0
0
0
0
0
204
147
192
0
0
0
0
0
177
176
192
0
0
0
0
0
36
166
192
0
0
0
0
0
46
171
192
0
0
0
0
0
26
175
192
0
0
0
0
0
160
160
192
0
0
0
0
0
164
177
192
0
0
0
0
0
144
122
192
0
0
0
0
0
248
176
192
0
0
0
0
0
72
149
64
0
0
0
0
0
62
171
192
0
0
0
0
0
0
167
64
0
0
0
0
0
64
160
192
0
0
0
0
0
204
175
64
0
0
0
0
0
192
117
192
0
0
0
0
0
207
177
64
0
0
0
0
0
112
150
64
0
0
0
0
0
243
176
64
0
0
0
0
0
98
167
64
0
0
0
0
0
244
170
64
0
0
0
0
0
234
175
64
0
0
0
0
0
196
159
64
0
0
0
0
0
197
177
64
0
0
0
0
0
48
115
64
0
0
0
0
0
219
176
64
0
0
0
0
0
224
150
192
0
0
0
0
0
184
170
64
0
0
0
0
0
136
167
192
0
0
0
0
0
52
159
64
0
0
0
0
0
5
176
192
0
0
0
0
0
48
112
64
0
0
0
0
0
209
177
192
0
0
0
0
0
240
151
192
0
0
0
0
0
219
176
192
0
0
0
0
0
50
168
192
0
0
0
0
0
130
170
192
0
0
0
0
0
91
176
192
0
0
0
0
0
28
158
192
0
0
0
0
0
17
178
192
0
0
0
0
0
0
98
192
0
0
0
0
0
237
176
192
0
0
0
0
0
52
154
64
0
0
0
0
0
46
170
192
0
0
0
0
0
90
169
64
0
0
0
0
0
152
156
192
0
0
0
0
0
213
176
64
0
0
0
0
0
0
44
192
0
0
0
0
0
88
178
64
0
0
0
0
0
76
156
64
0
0
0
0
0
249
176
64
0
0
0
0
0
52
170
64
0
0
0
0
0
230
169
64
0
0
0
0
0
24
177
64
0
0
0
0
0
176
155
64
0
0
0
0
0
116
178
64
0
0
0
0
0
0
67
192
0
0
0
0
0
1
177
64
0
0
0
0
0
168
156
192
0
0
0
0
0
10
170
64
0
0
0
0
0
34
170
192
0
0
0
0
0
124
156
64
0
0
0
0
0
1
177
192
0
0
0
0
0
128
72
64
0
0
0
0
0
109
178
192
0
0
0
0
0
8
155
192
0
0
0
0
0
35
177
192
0
0
0
0
0
110
169
192
0
0
0
0
0
170
170
192
0
0
0
0
0
207
176
192
0
0
0
0
0
64
158
192
0
0
0
0
0
112
178
192
0
0
0
0
0
64
101
192
0
0
0
0
0
90
177
192
0
0
0
0
0
108
153
64
0
0
0
0
0
100
171
192
0
0
0
0
0
238
168
64
0
0
0
0
0
252
159
192
0
0
0
0
0
193
176
64
0
0
0
0
0
64
113
192
0
0
0
0
0
151
178
64
0
0
0
0
0
40
152
64
0
0
0
0
0
173
177
64
0
0
0
0
0
158
168
64
0
0
0
0
0
68
172
64
0
0
0
0
0
203
176
64
0
0
0
0
0
236
160
64
0
0
0
0
0
205
178
64
0
0
0
0
0
208
119
64
0
0
0
0
0
3
178
64
0
0
0
0
0
8
151
192
0
0
0
0
0
6
173
64
0
0
0
0
0
96
168
192
0
0
0
0
0
154
161
64
0
0
0
0
0
209
176
192
0
0
0
0
0
176
123
64
0
0
0
0
0
235
178
192
0
0
0
0
0
132
150
192
0
0
0
0
0
38
178
192
0
0
0
0
0
72
168
192
0
0
0
0
0
54
173
192
0
0
0
0
0
205
176
192
0
0
0
0
0
170
161
192
0
0
0
0
0
226
178
192
0
0
0
0
0
80
123
192
0
0
0
0
0
18
178
192
0
0
0
0
0
168
150
64
0
0
0
0
0
252
172
192
0
0
0
0
0
74
168
64
0
0
0
0
0
112
161
192
0
0
0
0
0
193
176
64
0
0
0
0
0
32
122
192
0
0
0
0
0
204
178
64
0
0
0
0
0
180
150
64
0
0
0
0
0
251
177
64
0
0
0
0
0
56
168
64
0
0
0
0
0
226
172
64
0
0
0
0
0
180
176
64
0
0
0
0
0
118
161
64
0
0
0
0
0
199
178
64
0
0
0
0
0
48
123
64
0
0
0
0
0
5
178
64
0
0
0
0
0
92
150
192
0
0
0
0
0
20
173
64
0
0
0
0
0
26
168
192
0
0
0
0
0
180
161
64
0
0
0
0
0
181
176
192
0
0
0
0
0
208
124
64
0
0
0
0
0
217
178
192
0
0
0
0
0
56
150
192
0
0
0
0
0
33
178
192
0
0
0
0
0
48
168
192
0
0
0
0
0
74
173
192
0
0
0
0
0
208
176
192
0
0
0
0
0
208
161
192
0
0
0
0
0
250
178
192
0
0
0
0
0
128
124
192
0
0
0
0
0
61
178
192
0
0
0
0
0
140
150
64
0
0
0
0
0
110
173
192
0
0
0
0
0
110
168
64
0
0
0
0
0
220
161
192
0
0
0
0
0
242
176
64
0
0
0
0
0
112
124
192
0
0
0
0
0
25
179
64
0
0
0
0
0
156
150
64
0
0
0
0
0
91
178
64
0
0
0
0
0
120
168
64
0
0
0
0
0
168
173
64
0
0
0
0
0
248
176
64
0
0
0
0
0
32
162
64
0
0
0
0
0
37
179
64
0
0
0
0
0
240
126
64
0
0
0
0
0
113
178
64
0
0
0
0
0
240
149
192
0
0
0
0
0
242
173
64
0
0
0
0
0
36
168
192
0
0
0
0
0
134
162
64
0
0
0
0
0
216
176
192
0
0
0
0
0
80
129
64
0
0
0
0
0
22
179
192
0
0
0
0
0
252
148
192
0
0
0
0
0
118
178
192
0
0
0
0
0
188
167
192
0
0
0
0
0
34
174
192
0
0
0
0
0
179
176
192
0
0
0
0
0
212
162
192
0
0
0
0
0
5
179
192
0
0
0
0
0
208
130
192
0
0
0
0
0
125
178
192
0
0
0
0
0
68
148
64
0
0
0
0
0
92
174
192
0
0
0
0
0
114
167
64
0
0
0
0
0
46
163
192
0
0
0
0
0
161
176
64
0
0
0
0
0
120
132
192
0
0
0
0
0
12
179
64
0
0
0
0
0
120
147
64
0
0
0
0
0
158
178
64
0
0
0
0
0
40
167
64
0
0
0
0
0
204
174
64
0
0
0
0
0
145
176
64
0
0
0
0
0
188
163
64
0
0
0
0
0
21
179
64
0
0
0
0
0
208
134
64
0
0
0
0
0
188
178
64
0
0
0
0
0
100
146
192
0
0
0
0
0
40
175
64
0
0
0
0
0
180
166
192
0
0
0
0
0
44
164
64
0
0
0
0
0
100
176
192
0
0
0
0
0
200
136
64
0
0
0
0
0
244
178
192
0
0
0
0
0
84
145
192
0
0
0
0
0
168
178
192
0
0
0
0
0
38
166
192
0
0
0
0
0
28
175
192
0
0
0
0
0
28
176
192
0
0
0
0
0
68
164
192
0
0
0
0
0
178
178
192
0
0
0
0
0
200
137
192
0
0
0
0
0
118
178
192
0
0
0
0
0
136
144
64
0
0
0
0
0
234
174
192
0
0
0
0
0
166
165
64
0
0
0
0
0
78
164
192
0
0
0
0
0
188
175
64
0
0
0
0
0
208
138
192
0
0
0
0
0
132
178
64
0
0
0
0
0
120
143
64
0
0
0
0
0
100
178
64
0
0
0
0
0
62
165
64
0
0
0
0
0
12
175
64
0
0
0
0
0
114
175
64
0
0
0
0
0
172
164
64
0
0
0
0
0
122
178
64
0
0
0
0
0
208
140
64
0
0
0
0
0
121
178
64
0
0
0
0
0
96
141
192
0
0
0
0
0
104
175
64
0
0
0
0
0
206
164
192
0
0
0
0
0
40
165
64
0
0
0
0
0
38
175
192
0
0
0
0
0
0
143
64
0
0
0
0
0
104
178
192
0
0
0
0
0
40
139
192
0
0
0
0
0
119
178
192
0
0
0
0
0
66
164
192
0
0
0
0
0
130
175
192
0
0
0
0
0
156
174
192
0
0
0
0
0
100
165
192
0
0
0
0
0
40
178
192
0
0
0
0
0
64
144
192
0
0
0
0
0
69
178
192
0
0
0
0
0
0
137
64
0
0
0
0
0
78
175
192
0
0
0
0
0
150
163
64
0
0
0
0
0
114
165
192
0
0
0
0
0
228
173
64
0
0
0
0
0
240
144
192
0
0
0
0
0
214
177
64
0
0
0
0
0
176
134
64
0
0
0
0
0
13
178
64
0
0
0
0
0
226
162
64
0
0
0
0
0
44
175
64
0
0
0
0
0
54
173
64
0
0
0
0
0
162
165
64
0
0
0
0
0
148
177
64
0
0
0
0
0
220
145
64
0
0
0
0
0
236
177
64
0
0
0
0
0
48
132
192
0
0
0
0
0
48
175
64
0
0
0
0
0
54
162
192
0
0
0
0
0
232
165
64
0
0
0
0
0
158
172
192
0
0
0
0
0
200
146
64
0
0
0
0
0
89
177
192
0
0
0
0
0
216
129
192
0
0
0
0
0
200
177
192
0
0
0
0
0
148
161
192
0
0
0
0
0
28
175
192
0
0
0
0
0
252
171
192
0
0
0
0
0
4
166
192
0
0
0
0
0
16
177
192
0
0
0
0
0
96
147
192
0
0
0
0
0
141
177
192
0
0
0
0
0
8
128
64
0
0
0
0
0
210
174
192
0
0
0
0
0
254
160
64
0
0
0
0
0
244
165
192
0
0
0
0
0
86
171
64
0
0
0
0
0
188
147
192
0
0
0
0
0
194
176
64
0
0
0
0
0
224
124
64
0
0
0
0
0
81
177
64
0
0
0
0
0
118
160
64
0
0
0
0
0
144
174
64
0
0
0
0
0
196
170
64
0
0
0
0
0
242
165
64
0
0
0
0
0
130
176
64
0
0
0
0
0
52
148
64
0
0
0
0
0
36
177
64
0
0
0
0
0
128
121
192
0
0
0
0
0
108
174
64
0
0
0
0
0
216
159
192
0
0
0
0
0
8
166
64
0
0
0
0
0
50
170
192
0
0
0
0
0
212
148
64
0
0
0
0
0
61
176
192
0
0
0
0
0
96
117
192
0
0
0
0
0
238
176
192
0
0
0
0
0
116
158
192
0
0
0
0
0
46
174
192
0
0
0
0
0
98
169
192
0
0
0
0
0
12
166
192
0
0
0
0
0
166
175
192
0
0
0
0
0
120
149
192
0
0
0
0
0
146
176
192
0
0
0
0
0
32
112
64
0
0
0
0
0
186
173
192
0
0
0
0
0
148
156
64
0
0
0
0
0
252
165
192
0
0
0
0
0
74
168
64
0
0
0
0
0
68
150
192
0
0
0
0
0
152
174
64
0
0
0
0
0
96
99
64
0
0
0
0
0
45
176
64
0
0
0
0
0
124
154
64
0
0
0
0
0
94
173
64
0
0
0
0
0
60
167
64
0
0
0
0
0
36
166
64
0
0
0
0
0
204
173
64
0
0
0
0
0
124
151
64
32
32
32
32
32
32
32
32
32
32
32
32
32
32
32
32
32
32
32
32
32
32
32
32
32
32
32
32
32
32
32
32
32
32
32
32
32
32
32
32
32
65
70
67
95
65
108
108
45
50
48
71
95
67
50
95
76
79
87
95
49
48
77
118
0
1
0
0
99
133
225
119
97
216
114
63
220
179
149
52
210
148
133
191
238
191
142
50
244
229
115
63
254
246
61
54
62
157
119
63
203
0
120
141
91
161
111
191
157
191
247
161
76
79
114
191
61
10
200
120
67
3
105
63
2
47
208
65
217
140
114
63
8
63
14
214
65
86
94
191
121
67
160
78
7
31
115
191
88
78
229
229
78
63
56
63
193
120
64
184
134
66
113
63
35
40
63
40
118
212
59
63
254
153
179
209
72
106
114
191
202
67
131
109
244
204
99
191
223
182
152
154
98
224
105
63
247
38
2
172
192
86
106
63
252
172
27
183
228
45
97
191
122
68
59
93
204
133
112
191
171
177
13
167
143
106
63
63
89
3
26
192
233
202
112
63
245
178
245
37
126
57
81
63
5
94
5
175
152
60
110
191
132
81
103
243
218
154
100
191
88
9
227
149
142
179
101
63
135
41
176
81
237
11
108
63
78
80
116
113
220
168
92
191
147
73
59
165
235
216
116
191
228
129
157
162
240
199
87
191
132
4
62
159
254
60
112
63
220
127
100
58
116
122
110
63
163
181
67
55
75
38
79
191
236
24
135
149
50
242
103
191
242
28
145
56
114
192
49
191
59
96
84
219
24
254
93
63
67
147
213
7
234
193
49
63
162
7
52
148
183
124
84
191
242
91
75
124
194
22
74
63
165
126
65
127
95
43
106
63
156
71
15
141
56
174
80
63
51
72
239
139
179
56
111
191
12
105
110
52
105
27
115
191
197
79
26
100
54
179
43
191
118
121
155
128
36
193
107
63
97
41
154
32
77
105
91
63
43
151
215
91
20
135
93
191
90
158
126
133
9
249
89
191
78
51
213
122
92
167
83
63
188
143
186
213
39
68
86
63
20
70
227
235
147
37
88
191
93
227
218
32
248
183
98
191
84
226
122
152
157
204
70
63
164
139
153
185
202
87
101
63
112
186
153
84
163
5
39
191
213
27
75
222
84
50
109
191
10
7
254
148
131
9
94
191
250
229
36
120
105
225
103
63
144
231
238
203
125
152
107
63
183
62
0
55
248
179
89
191
14
204
88
212
42
113
114
191
2
168
231
54
200
120
73
191
170
217
117
2
169
51
112
63
109
146
41
99
159
167
97
63
227
77
83
11
242
161
110
191
98
133
53
119
239
6
115
191
178
48
106
21
2
91
83
63
138
177
152
77
138
211
116
63
46
177
212
168
247
188
81
63
141
144
127
59
144
194
115
191
220
97
194
81
186
64
110
191
186
165
76
159
90
211
101
63
74
86
148
254
157
110
114
63
142
168
133
24
76
152
73
191
136
204
171
38
199
30
115
191
155
154
32
123
88
135
78
191
207
151
202
26
118
145
114
63
160
147
171
70
25
235
103
63
167
207
52
127
81
36
109
191
95
70
220
92
47
95
116
191
170
148
91
241
77
14
72
63
39
28
180
54
17
38
114
63
170
126
162
132
114
129
40
63
37
163
243
175
31
65
117
191
127
11
29
1
253
58
103
191
168
42
230
128
90
149
111
63
156
234
23
140
20
65
113
63
154
59
111
109
37
151
102
191
251
125
194
131
173
172
121
191
39
237
242
214
69
253
65
191
90
149
81
32
68
22
119
63
250
90
169
253
92
136
99
63
70
43
219
173
131
136
118
191
240
200
103
152
43
154
118
191
228
158
131
110
252
119
103
63
68
195
65
198
204
211
123
63
45
178
45
228
9
180
31
191
205
246
7
27
181
250
126
191
189
240
105
159
165
99
114
191
117
204
55
170
236
30
109
63
33
161
43
230
39
162
109
63
124
69
102
23
212
3
107
191
177
225
124
249
131
210
110
191
9
10
86
177
5
120
115
63
187
63
230
28
159
61
125
63
254
115
216
74
214
75
117
191
220
48
68
45
81
230
144
191
205
104
159
31
42
179
127
191
170
58
245
146
16
246
135
63
239
224
72
28
137
2
139
63
209
219
0
181
22
59
129
191
82
57
154
225
14
237
150
191
36
215
44
27
198
114
117
191
211
27
73
221
41
120
149
63
37
124
107
55
44
211
144
63
50
210
197
133
135
89
145
191
48
85
31
254
80
31
161
191
17
252
111
37
59
54
130
191
57
128
250
166
27
238
148
63
215
41
160
154
220
57
130
63
186
117
171
165
136
37
156
191
251
7
145
12
57
182
158
191
23
226
71
235
94
221
135
63
161
139
93
13
22
111
160
63
170
31
6
128
75
124
141
191
54
82
124
157
80
95
175
191
160
25
196
7
118
252
135
63
92
22
93
40
170
200
203
63
207
31
137
77
26
217
217
63
207
31
137
77
26
217
217
63
92
22
93
40
170
200
203
63
160
25
196
7
118
252
135
63
54
82
124
157
80
95
175
191
170
31
6
128
75
124
141
191
161
139
93
13
22
111
160
63
23
226
71
235
94
221
135
63
251
7
145
12
57
182
158
191
186
117
171
165
136
37
156
191
215
41
160
154
220
57
130
63
57
128
250
166
27
238
148
63
17
252
111
37
59
54
130
191
48
85
31
254
80
31
161
191
50
210
197
133
135
89
145
191
37
124
107
55
44
211
144
63
211
27
73
221
41
120
149
63
36
215
44
27
198
114
117
191
82
57
154
225
14
237
150
191
209
219
0
181
22
59
129
191
239
224
72
28
137
2
139
63
170
58
245
146
16
246
135
63
205
104
159
31
42
179
127
191
220
48
68
45
81
230
144
191
254
115
216
74
214
75
117
191
187
63
230
28
159
61
125
63
9
10
86
177
5
120
115
63
177
225
124
249
131
210
110
191
124
69
102
23
212
3
107
191
33
161
43
230
39
162
109
63
117
204
55
170
236
30
109
63
189
240
105
159
165
99
114
191
205
246
7
27
181
250
126
191
45
178
45
228
9
180
31
191
68
195
65
198
204
211
123
63
228
158
131
110
252
119
103
63
240
200
103
152
43
154
118
191
70
43
219
173
131
136
118
191
250
90
169
253
92
136
99
63
90
149
81
32
68
22
119
63
39
237
242
214
69
253
65
191
251
125
194
131
173
172
121
191
154
59
111
109
37
151
102
191
156
234
23
140
20
65
113
63
168
42
230
128
90
149
111
63
127
11
29
1
253
58
103
191
37
163
243
175
31
65
117
191
170
126
162
132
114
129
40
63
39
28
180
54
17
38
114
63
170
148
91
241
77
14
72
63
95
70
220
92
47
95
116
191
167
207
52
127
81
36
109
191
160
147
171
70
25
235
103
63
207
151
202
26
118
145
114
63
155
154
32
123
88
135
78
191
136
204
171
38
199
30
115
191
142
168
133
24
76
152
73
191
74
86
148
254
157
110
114
63
186
165
76
159
90
211
101
63
220
97
194
81
186
64
110
191
141
144
127
59
144
194
115
191
46
177
212
168
247
188
81
63
138
177
152
77
138
211
116
63
178
48
106
21
2
91
83
63
98
133
53
119
239
6
115
191
227
77
83
11
242
161
110
191
109
146
41
99
159
167
97
63
170
217
117
2
169
51
112
63
2
168
231
54
200
120
73
191
14
204
88
212
42
113
114
191
183
62
0
55
248
179
89
191
144
231
238
203
125
152
107
63
250
229
36
120
105
225
103
63
10
7
254
148
131
9
94
191
213
27
75
222
84
50
109
191
112
186
153
84
163
5
39
191
164
139
153
185
202
87
101
63
84
226
122
152
157
204
70
63
93
227
218
32
248
183
98
191
20
70
227
235
147
37
88
191
188
143
186
213
39
68
86
63
78
51
213
122
92
167
83
63
90
158
126
133
9
249
89
191
43
151
215
91
20
135
93
191
97
41
154
32
77
105
91
63
118
121
155
128
36
193
107
63
197
79
26
100
54
179
43
191
12
105
110
52
105
27
115
191
51
72
239
139
179
56
111
191
156
71
15
141
56
174
80
63
165
126
65
127
95
43
106
63
242
91
75
124
194
22
74
63
162
7
52
148
183
124
84
191
67
147
213
7
234
193
49
63
59
96
84
219
24
254
93
63
242
28
145
56
114
192
49
191
236
24
135
149
50
242
103
191
163
181
67
55
75
38
79
191
220
127
100
58
116
122
110
63
132
4
62
159
254
60
112
63
228
129
157
162
240
199
87
191
147
73
59
165
235
216
116
191
78
80
116
113
220
168
92
191
135
41
176
81
237
11
108
63
88
9
227
149
142
179
101
63
132
81
103
243
218
154
100
191
5
94
5
175
152
60
110
191
245
178
245
37
126
57
81
63
89
3
26
192
233
202
112
63
171
177
13
167
143
106
63
63
122
68
59
93
204
133
112
191
252
172
27
183
228
45
97
191
247
38
2
172
192
86
106
63
223
182
152
154
98
224
105
63
202
67
131
109
244
204
99
191
254
153
179
209
72
106
114
191
35
40
63
40
118
212
59
63
193
120
64
184
134
66
113
63
88
78
229
229
78
63
56
63
121
67
160
78
7
31
115
191
8
63
14
214
65
86
94
191
2
47
208
65
217
140
114
63
61
10
200
120
67
3
105
63
157
191
247
161
76
79
114
191
203
0
120
141
91
161
111
191
254
246
61
54
62
157
119
63
238
191
142
50
244
229
115
63
220
179
149
52
210
148
133
191
99
133
225
119
97
216
114
63
32
32
32
32
32
32
32
32
32
32
32
32
32
32
32
32
32
32
32
32
32
32
32
32
32
32
32
32
32
32
32
32
32
32
32
65
70
67
95
65
108
108
45
50
48
71
95
67
50
95
76
79
87
95
49
48
77
118
95
49
50
98
105
116
0
1
0
0
0
0
0
0
0
0
51
64
0
0
0
0
0
128
69
192
0
0
0
0
0
0
52
64
0
0
0
0
0
0
56
64
0
0
0
0
0
0
48
192
0
0
0
0
0
0
50
192
0
0
0
0
0
0
42
64
0
0
0
0
0
0
51
64
0
0
0
0
0
0
32
192
0
0
0
0
0
0
51
192
0
0
0
0
0
0
0
64
0
0
0
0
0
0
49
64
0
0
0
0
0
0
0
64
0
0
0
0
0
0
50
192
0
0
0
0
0
0
36
192
0
0
0
0
0
0
42
64
0
0
0
0
0
0
42
64
0
0
0
0
0
0
34
192
0
0
0
0
0
0
49
192
0
0
0
0
0
0
0
64
0
0
0
0
0
0
49
64
0
0
0
0
0
0
16
64
0
0
0
0
0
0
46
192
0
0
0
0
0
0
36
192
0
0
0
0
0
0
38
64
0
0
0
0
0
0
44
64
0
0
0
0
0
0
28
192
0
0
0
0
0
0
53
192
0
0
0
0
0
0
24
192
0
0
0
0
0
0
48
64
0
0
0
0
0
0
46
64
0
0
0
0
0
0
16
192
0
0
0
0
0
0
40
192
0
0
0
0
0
0
240
191
0
0
0
0
0
0
28
64
0
0
0
0
0
0
240
63
0
0
0
0
0
0
20
192
0
0
0
0
0
0
8
64
0
0
0
0
0
0
42
64
0
0
0
0
0
0
16
64
0
0
0
0
0
0
48
192
0
0
0
0
0
0
51
192
0
0
0
0
0
0
240
191
0
0
0
0
0
0
44
64
0
0
0
0
0
0
28
64
0
0
0
0
0
0
28
192
0
0
0
0
0
0
24
192
0
0
0
0
0
0
20
64
0
0
0
0
0
0
24
64
0
0
0
0
0
0
24
192
0
0
0
0
0
0
34
192
0
0
0
0
0
0
8
64
0
0
0
0
0
0
38
64
0
0
0
0
0
0
240
191
0
0
0
0
0
0
46
192
0
0
0
0
0
0
32
192
0
0
0
0
0
0
40
64
0
0
0
0
0
0
44
64
0
0
0
0
0
0
24
192
0
0
0
0
0
0
50
192
0
0
0
0
0
0
8
192
0
0
0
0
0
0
48
64
0
0
0
0
0
0
34
64
0
0
0
0
0
0
46
192
0
0
0
0
0
0
51
192
0
0
0
0
0
0
20
64
0
0
0
0
0
0
53
64
0
0
0
0
0
0
16
64
0
0
0
0
0
0
52
192
0
0
0
0
0
0
46
192
0
0
0
0
0
0
38
64
0
0
0
0
0
0
50
64
0
0
0
0
0
0
8
192
0
0
0
0
0
0
51
192
0
0
0
0
0
0
16
192
0
0
0
0
0
0
51
64
0
0
0
0
0
0
40
64
0
0
0
0
0
0
46
192
0
0
0
0
0
0
52
192
0
0
0
0
0
0
8
64
0
0
0
0
0
0
50
64
0
0
0
0
0
0
240
63
0
0
0
0
0
0
53
192
0
0
0
0
0
0
40
192
0
0
0
0
0
0
48
64
0
0
0
0
0
0
49
64
0
0
0
0
0
0
38
192
0
0
0
0
0
0
58
192
0
0
0
0
0
0
0
192
0
0
0
0
0
0
55
64
0
0
0
0
0
0
36
64
0
0
0
0
0
0
55
192
0
0
0
0
0
0
55
192
0
0
0
0
0
0
40
64
0
0
0
0
0
0
60
64
0
0
0
0
0
0
0
0
0
0
0
0
0
0
63
192
0
0
0
0
0
0
50
192
0
0
0
0
0
0
46
64
0
0
0
0
0
0
46
64
0
0
0
0
0
0
44
192
0
0
0
0
0
0
46
192
0
0
0
0
0
0
51
64
0
0
0
0
0
0
61
64
0
0
0
0
0
0
53
192
0
0
0
0
0
0
81
192
0
0
0
0
0
0
64
192
0
0
0
0
0
0
72
64
0
0
0
0
0
0
75
64
0
0
0
0
0
0
65
192
0
0
0
0
0
0
87
192
0
0
0
0
0
0
53
192
0
0
0
0
0
128
85
64
0
0
0
0
0
192
80
64
0
0
0
0
0
64
81
192
0
0
0
0
0
32
97
192
0
0
0
0
0
0
66
192
0
0
0
0
0
0
85
64
0
0
0
0
0
0
66
64
0
0
0
0
0
64
92
192
0
0
0
0
0
192
94
192
0
0
0
0
0
0
72
64
0
0
0
0
0
96
96
64
0
0
0
0
0
128
77
192
0
0
0
0
0
96
111
192
0
0
0
0
0
0
72
64
0
0
0
0
0
200
139
64
0
0
0
0
0
216
153
64
0
0
0
0
0
216
153
64
0
0
0
0
0
200
139
64
0
0
0
0
0
0
72
64
0
0
0
0
0
96
111
192
0
0
0
0
0
128
77
192
0
0
0
0
0
96
96
64
0
0
0
0
0
0
72
64
0
0
0
0
0
192
94
192
0
0
0
0
0
64
92
192
0
0
0
0
0
0
66
64
0
0
0
0
0
0
85
64
0
0
0
0
0
0
66
192
0
0
0
0
0
32
97
192
0
0
0
0
0
64
81
192
0
0
0
0
0
192
80
64
0
0
0
0
0
128
85
64
0
0
0
0
0
0
53
192
0
0
0
0
0
0
87
192
0
0
0
0
0
0
65
192
0
0
0
0
0
0
75
64
0
0
0
0
0
0
72
64
0
0
0
0
0
0
0
0
0
0
0
0
0
0
0
0
0
0
0
0
0
0
0
0
0
0
0
0
0
0
0
0
0
0
0
0
0
0
0
0
0
0
0
0
0
0
0
0
0
0
0
0
0
0
0
0
0
0
0
0
0
0
0
0
0
0
0
0
0
0
0
0
0
0
0
0
0
0
0
0
0
0
0
0
0
0
0
0
0
0
0
0
0
0
0
0
0
0
0
0
0
0
0
0
0
0
0
0
0
0
0
0
0
0
0
0
0
0
0
0
0
0
0
0
0
0
0
0
0
0
0
0
0
0
0
0
0
0
0
0
0
0
0
0
0
0
0
0
0
0
0
0
0
0
0
0
0
0
0
0
0
0
0
0
0
0
0
0
0
0
0
0
0
0
0
0
0
0
0
0
0
0
0
0
0
0
0
0
0
0
0
0
0
0
0
0
0
0
0
0
0
0
0
0
0
0
0
0
0
0
0
0
0
0
0
0
0
0
0
0
0
0
0
0
0
0
0
0
0
0
0
0
0
0
0
0
0
0
0
0
0
0
0
0
0
0
0
0
0
0
0
0
0
0
0
0
0
0
0
0
0
0
0
0
0
0
0
0
0
0
0
0
0
0
0
0
0
0
0
0
0
0
0
0
0
0
0
0
0
0
0
0
0
0
0
0
0
0
0
0
0
0
0
0
0
0
0
0
0
0
0
0
0
0
0
0
0
0
0
0
0
0
0
0
0
0
0
0
0
0
0
0
0
0
0
0
0
0
0
0
0
0
0
0
0
0
0
0
0
0
0
0
0
0
0
0
0
0
0
0
0
0
0
0
0
0
0
0
0
0
0
0
0
0
0
0
0
0
0
0
0
0
0
0
0
0
0
0
0
0
0
0
0
0
0
0
0
0
0
0
0
0
0
0
0
0
0
0
0
0
0
0
0
0
0
0
0
0
0
0
0
0
0
0
0
0
0
0
0
0
0
0
0
0
0
0
0
0
0
0
0
0
0
0
0
0
0
0
0
0
0
0
0
0
0
0
0
0
0
0
0
0
0
0
0
0
0
0
0
0
0
0
0
0
0
0
0
0
0
0
0
0
0
0
0
0
0
0
0
0
0
0
0
0
0
0
0
0
0
0
0
0
0
0
0
0
0
0
0
0
0
0
0
0
0
0
0
0
0
0
0
0
0
0
0
0
0
0
0
0
0
0
0
0
0
0
0
0
0
0
0
0
0
0
0
0
0
0
0
0
0
0
0
0
0
0
0
0
0
0
0
0
0
0
0
0
0
0
0
0
0
0
0
0
0
0
0
0
0
0
0
0
0
0
0
0
0
0
0
0
0
0
0
0
0
0
0
0
0
0
0
0
0
0
0
0
0
0
0
0
0
0
0
0
0
0
0
0
0
0
0
0
0
0
0
0
0
0
0
0
0
0
0
0
0
0
0
0
0
0
0
0
0
0
0
0
0
0
0
0
0
0
0
0
0
0
0
0
0
0
0
0
0
0
0
0
0
0
0
0
0
0
0
0
0
0
0
0
0
0
0
0
0
0
0
0
0
0
0
0
0
0
0
0
0
0
0
0
0
0
0
0
0
0
0
0
0
0
0
0
0
0
0
0
0
0
0
0
0
0
0
0
0
0
0
0
0
0
0
0
0
0
0
0
0
0
0
0
0
0
0
0
0
0
0
0
0
0
0
0
0
0
0
0
0
0
0
0
0
0
0
0
0
0
0
0
0
0
0
0
0
0
0
0
0
0
0
0
0
0
0
0
0
0
0
0
0
0
0
0
0
0
0
0
0
0
0
0
0
0
0
0
0
0
0
0
0
0
0
0
0
0
0
0
0
0
0
0
0
0
0
0
0
0
0
0
0
0
0
0
0
0
0
0
0
0
0
0
0
0
0
0
0
0
0
0
0
0
0
0
0
0
0
0
0
0
0
0
0
0
0
0
0
0
0
0
0
0
0
0
0
0
0
0
0
0
0
0
0
0
0
0
0
0
0
0
0
0
0
0
0
0
0
0
0
0
0
0
0
0
0
0
0
0
0
0
0
0
0
0
0
0
0
0
0
0
0
0
0
0
0
0
0
0
0
0
0
0
0
0
0
0
0
0
0
0
0
0
0
0
0
0
0
0
0
0
0
0
0
0
0
0
0
0
0
0
0
0
0
0
0
0
0
0
0
0
0
0
0
0
0
0
0
0
0
0
0
0
0
0
0
0
0
0
0
0
0
0
0
0
0
0
0
0
0
0
0
0
0
0
0
0
0
0
0
0
0
0
0
0
0
0
0
0
0
0
0
0
0
0
0
0
0
0
0
0
0
0
0
0
0
0
0
0
0
0
0
0
0
0
0
0
0
0
0
0
0
0
0
0
0
0
0
0
0
0
0
0
0
0
0
0
0
0
0
0
0
0
0
0
0
0
0
0
0
0
0
0
0
0
0
0
0
0
0
0
0
0
0
0
0
0
0
0
0
0
0
0
0
0
0
0
0
0
0
0
0
0
0
0
0
0
0
0
0
0
0
0
0
0
0
0
0
0
0
0
0
0
0
0
0
0
0
0
0
0
0
0
0
0
0
0
0
0
0
0
0
0
0
0
0
0
0
0
0
0
0
0
0
0
0
0
0
0
0
0
0
0
0
0
0
0
0
0
0
0
0
0
0
0
0
0
0
0
0
0
0
0
0
0
0
0
0
0
0
0
0
0
0
0
0
0
0
0
0
0
0
0
0
0
0
0
0
0
0
0
0
0
0
0
0
0
0
0
0
0
0
0
0
0
0