58
70
65
67
84
58
67
68
65
84
49
56
58
68
65
84
65
32
35
57
48
48
48
48
48
54
57
51
54
0
32
137
64
0
0
0
0
0
0
119
64
0
0
0
0
0
248
133
64
0
0
0
0
0
80
122
64
0
0
0
0
0
112
130
64
0
0
0
0
0
16
124
64
0
0
0
0
0
112
125
64
0
0
0
0
0
0
124
64
0
0
0
0
0
192
117
64
0
0
0
0
0
48
122
64
0
0
0
0
0
96
108
64
0
0
0
0
0
112
118
64
0
0
0
0
0
192
92
64
0
0
0
0
0
0
113
64
0
0
0
0
0
0
50
64
0
0
0
0
0
160
99
64
0
0
0
0
0
128
77
192
0
0
0
0
0
0
52
64
0
0
0
0
0
0
91
192
0
0
0
0
0
0
97
192
0
0
0
0
0
64
95
192
0
0
0
0
0
224
114
192
0
0
0
0
0
64
90
192
0
0
0
0
0
80
125
192
0
0
0
0
0
0
70
192
0
0
0
0
0
144
131
192
0
0
0
0
0
128
76
64
0
0
0
0
0
200
135
192
0
0
0
0
0
96
104
64
0
0
0
0
0
16
139
192
0
0
0
0
0
192
118
64
0
0
0
0
0
32
141
192
0
0
0
0
0
104
129
64
0
0
0
0
0
200
141
192
0
0
0
0
0
216
135
64
0
0
0
0
0
248
140
192
0
0
0
0
0
80
142
64
0
0
0
0
0
176
138
192
0
0
0
0
0
56
146
64
0
0
0
0
0
0
135
192
0
0
0
0
0
236
148
64
0
0
0
0
0
40
130
192
0
0
0
0
0
20
151
64
0
0
0
0
0
240
120
192
0
0
0
0
0
156
152
64
0
0
0
0
0
224
104
192
0
0
0
0
0
116
153
64
0
0
0
0
0
0
24
64
0
0
0
0
0
148
153
64
0
0
0
0
0
192
105
64
0
0
0
0
0
4
153
64
0
0
0
0
0
144
120
64
0
0
0
0
0
208
151
64
0
0
0
0
0
104
129
64
0
0
0
0
0
20
150
64
0
0
0
0
0
160
133
64
0
0
0
0
0
228
147
64
0
0
0
0
0
216
136
64
0
0
0
0
0
104
145
64
0
0
0
0
0
240
138
64
0
0
0
0
0
128
141
64
0
0
0
0
0
240
139
64
0
0
0
0
0
24
136
64
0
0
0
0
0
208
139
64
0
0
0
0
0
208
130
64
0
0
0
0
0
144
138
64
0
0
0
0
0
176
123
64
0
0
0
0
0
64
136
64
0
0
0
0
0
208
114
64
0
0
0
0
0
232
132
64
0
0
0
0
0
224
102
64
0
0
0
0
0
168
128
64
0
0
0
0
0
64
88
64
0
0
0
0
0
96
119
64
0
0
0
0
0
128
71
64
0
0
0
0
0
224
104
64
0
0
0
0
0
0
69
64
0
0
0
0
0
0
46
64
0
0
0
0
0
128
85
64
0
0
0
0
0
0
101
192
0
0
0
0
0
192
102
64
0
0
0
0
0
48
117
192
0
0
0
0
0
192
116
64
0
0
0
0
0
64
126
192
0
0
0
0
0
192
128
64
0
0
0
0
0
112
130
192
0
0
0
0
0
152
136
64
0
0
0
0
0
24
132
192
0
0
0
0
0
212
144
64
0
0
0
0
0
200
131
192
0
0
0
0
0
200
149
64
0
0
0
0
0
72
129
192
0
0
0
0
0
236
154
64
0
0
0
0
0
240
120
192
0
0
0
0
0
252
159
64
0
0
0
0
0
64
101
192
0
0
0
0
0
94
162
64
0
0
0
0
0
0
96
64
0
0
0
0
0
112
164
64
0
0
0
0
0
160
126
64
0
0
0
0
0
22
166
64
0
0
0
0
0
48
140
64
0
0
0
0
0
52
167
64
0
0
0
0
0
28
149
64
0
0
0
0
0
180
167
64
0
0
0
0
0
120
156
64
0
0
0
0
0
142
167
64
0
0
0
0
0
244
161
64
0
0
0
0
0
190
166
64
0
0
0
0
0
152
165
64
0
0
0
0
0
68
165
64
0
0
0
0
0
14
169
64
0
0
0
0
0
40
163
64
0
0
0
0
0
56
172
64
0
0
0
0
0
118
160
64
0
0
0
0
0
2
175
64
0
0
0
0
0
120
154
64
0
0
0
0
0
171
176
64
0
0
0
0
0
28
147
64
0
0
0
0
0
148
177
64
0
0
0
0
0
0
134
64
0
0
0
0
0
53
178
64
0
0
0
0
0
128
98
64
0
0
0
0
0
139
178
64
0
0
0
0
0
32
123
192
0
0
0
0
0
145
178
64
0
0
0
0
0
36
144
192
0
0
0
0
0
67
178
64
0
0
0
0
0
140
153
192
0
0
0
0
0
160
177
64
0
0
0
0
0
106
161
192
0
0
0
0
0
168
176
64
0
0
0
0
0
228
165
192
0
0
0
0
0
186
174
64
0
0
0
0
0
22
170
192
0
0
0
0
0
136
171
64
0
0
0
0
0
234
173
192
0
0
0
0
0
202
167
64
0
0
0
0
0
163
176
192
0
0
0
0
0
146
163
64
0
0
0
0
0
9
178
192
0
0
0
0
0
232
157
64
0
0
0
0
0
30
179
192
0
0
0
0
0
28
148
64
0
0
0
0
0
217
179
192
0
0
0
0
0
240
131
64
0
0
0
0
0
55
180
192
0
0
0
0
0
0
48
192
0
0
0
0
0
56
180
192
0
0
0
0
0
160
132
192
0
0
0
0
0
222
179
192
0
0
0
0
0
4
148
192
0
0
0
0
0
47
179
192
0
0
0
0
0
44
157
192
0
0
0
0
0
50
178
192
0
0
0
0
0
210
162
192
0
0
0
0
0
241
176
192
0
0
0
0
0
168
166
192
0
0
0
0
0
230
174
192
0
0
0
0
0
12
170
192
0
0
0
0
0
138
171
192
0
0
0
0
0
252
172
192
0
0
0
0
0
224
167
192
0
0
0
0
0
114
175
192
0
0
0
0
0
248
163
192
0
0
0
0
0
185
176
192
0
0
0
0
0
200
159
192
0
0
0
0
0
124
177
192
0
0
0
0
0
80
151
192
0
0
0
0
0
1
178
192
0
0
0
0
0
72
141
192
0
0
0
0
0
70
178
192
0
0
0
0
0
64
119
192
0
0
0
0
0
74
178
192
0
0
0
0
0
96
104
64
0
0
0
0
0
12
178
192
0
0
0
0
0
192
135
64
0
0
0
0
0
137
177
192
0
0
0
0
0
140
148
64
0
0
0
0
0
194
176
192
0
0
0
0
0
240
156
64
0
0
0
0
0
106
175
192
0
0
0
0
0
118
162
64
0
0
0
0
0
204
172
192
0
0
0
0
0
42
166
64
0
0
0
0
0
176
169
192
0
0
0
0
0
130
169
64
0
0
0
0
0
38
166
192
0
0
0
0
0
108
172
64
0
0
0
0
0
68
162
192
0
0
0
0
0
218
174
64
0
0
0
0
0
52
156
192
0
0
0
0
0
97
176
64
0
0
0
0
0
132
147
192
0
0
0
0
0
15
177
64
0
0
0
0
0
48
133
192
0
0
0
0
0
118
177
64
0
0
0
0
0
64
90
192
0
0
0
0
0
149
177
64
0
0
0
0
0
240
124
64
0
0
0
0
0
113
177
64
0
0
0
0
0
192
143
64
0
0
0
0
0
12
177
64
0
0
0
0
0
48
152
64
0
0
0
0
0
107
176
64
0
0
0
0
0
8
160
64
0
0
0
0
0
38
175
64
0
0
0
0
0
188
163
64
0
0
0
0
0
14
173
64
0
0
0
0
0
42
167
64
0
0
0
0
0
146
170
64
0
0
0
0
0
72
170
64
0
0
0
0
0
182
167
64
0
0
0
0
0
16
173
64
0
0
0
0
0
128
164
64
0
0
0
0
0
116
175
64
0
0
0
0
0
246
160
64
0
0
0
0
0
181
176
64
0
0
0
0
0
64
154
64
0
0
0
0
0
115
177
64
0
0
0
0
0
20
146
64
0
0
0
0
0
238
177
64
0
0
0
0
0
248
130
64
0
0
0
0
0
32
178
64
0
0
0
0
0
0
67
64
0
0
0
0
0
6
178
64
0
0
0
0
0
232
128
192
0
0
0
0
0
157
177
64
0
0
0
0
0
116
145
192
0
0
0
0
0
229
176
64
0
0
0
0
0
56
154
192
0
0
0
0
0
198
175
64
0
0
0
0
0
70
161
192
0
0
0
0
0
54
173
64
0
0
0
0
0
34
165
192
0
0
0
0
0
42
170
64
0
0
0
0
0
154
168
192
0
0
0
0
0
180
166
64
0
0
0
0
0
156
171
192
0
0
0
0
0
234
162
64
0
0
0
0
0
30
174
192
0
0
0
0
0
192
157
64
0
0
0
0
0
11
176
192
0
0
0
0
0
100
149
64
0
0
0
0
0
192
176
192
0
0
0
0
0
200
137
64
0
0
0
0
0
45
177
192
0
0
0
0
0
176
113
64
0
0
0
0
0
86
177
192
0
0
0
0
0
128
111
192
0
0
0
0
0
61
177
192
0
0
0
0
0
40
136
192
0
0
0
0
0
229
176
192
0
0
0
0
0
232
147
192
0
0
0
0
0
82
176
192
0
0
0
0
0
92
155
192
0
0
0
0
0
14
175
192
0
0
0
0
0
46
161
192
0
0
0
0
0
14
173
192
0
0
0
0
0
108
164
192
0
0
0
0
0
170
170
192
0
0
0
0
0
94
167
192
0
0
0
0
0
232
167
192
0
0
0
0
0
0
170
192
0
0
0
0
0
204
164
192
0
0
0
0
0
66
172
192
0
0
0
0
0
94
161
192
0
0
0
0
0
30
174
192
0
0
0
0
0
80
155
192
0
0
0
0
0
132
175
192
0
0
0
0
0
108
147
192
0
0
0
0
0
54
176
192
0
0
0
0
0
104
134
192
0
0
0
0
0
103
176
192
0
0
0
0
0
64
102
192
0
0
0
0
0
85
176
192
0
0
0
0
0
176
118
64
0
0
0
0
0
250
175
192
0
0
0
0
0
0
140
64
0
0
0
0
0
200
174
192
0
0
0
0
0
16
150
64
0
0
0
0
0
22
173
192
0
0
0
0
0
176
157
64
0
0
0
0
0
242
170
192
0
0
0
0
0
96
162
64
0
0
0
0
0
102
168
192
0
0
0
0
0
142
165
64
0
0
0
0
0
134
165
192
0
0
0
0
0
92
168
64
0
0
0
0
0
92
162
192
0
0
0
0
0
190
170
64
0
0
0
0
0
240
157
192
0
0
0
0
0
180
172
64
0
0
0
0
0
208
150
192
0
0
0
0
0
58
174
64
0
0
0
0
0
208
142
192
0
0
0
0
0
78
175
64
0
0
0
0
0
96
127
192
0
0
0
0
0
240
175
64
0
0
0
0
0
0
42
192
0
0
0
0
0
16
176
64
0
0
0
0
0
208
125
64
0
0
0
0
0
222
175
64
0
0
0
0
0
8
142
64
0
0
0
0
0
40
175
64
0
0
0
0
0
104
150
64
0
0
0
0
0
2
174
64
0
0
0
0
0
136
157
64
0
0
0
0
0
104
172
64
0
0
0
0
0
40
162
64
0
0
0
0
0
96
170
64
0
0
0
0
0
84
165
64
0
0
0
0
0
234
167
64
0
0
0
0
0
50
168
64
0
0
0
0
0
10
165
64
0
0
0
0
0
180
170
64
0
0
0
0
0
206
161
64
0
0
0
0
0
198
172
64
0
0
0
0
0
132
156
64
0
0
0
0
0
96
174
64
0
0
0
0
0
232
148
64
0
0
0
0
0
116
175
64
0
0
0
0
0
240
137
64
0
0
0
0
0
250
175
64
0
0
0
0
0
112
115
64
0
0
0
0
0
244
175
64
0
0
0
0
0
0
106
192
0
0
0
0
0
100
175
64
0
0
0
0
0
88
134
192
0
0
0
0
0
80
174
64
0
0
0
0
0
196
146
192
0
0
0
0
0
194
172
64
0
0
0
0
0
232
153
192
0
0
0
0
0
202
170
64
0
0
0
0
0
64
160
192
0
0
0
0
0
114
168
64
0
0
0
0
0
60
163
192
0
0
0
0
0
198
165
64
0
0
0
0
0
224
165
192
0
0
0
0
0
212
162
64
0
0
0
0
0
36
168
192
0
0
0
0
0
80
159
64
0
0
0
0
0
8
170
192
0
0
0
0
0
156
152
64
0
0
0
0
0
132
171
192
0
0
0
0
0
160
145
64
0
0
0
0
0
154
172
192
0
0
0
0
0
232
132
64
0
0
0
0
0
72
173
192
0
0
0
0
0
64
105
64
0
0
0
0
0
136
173
192
0
0
0
0
0
160
112
192
0
0
0
0
0
92
173
192
0
0
0
0
0
184
134
192
0
0
0
0
0
194
172
192
0
0
0
0
0
96
146
192
0
0
0
0
0
184
171
192
0
0
0
0
0
20
153
192
0
0
0
0
0
66
170
192
0
0
0
0
0
92
159
192
0
0
0
0
0
100
168
192
0
0
0
0
0
142
162
192
0
0
0
0
0
40
166
192
0
0
0
0
0
30
165
192
0
0
0
0
0
150
163
192
0
0
0
0
0
80
167
192
0
0
0
0
0
184
160
192
0
0
0
0
0
28
169
192
0
0
0
0
0
60
155
192
0
0
0
0
0
122
170
192
0
0
0
0
0
168
148
192
0
0
0
0
0
106
171
192
0
0
0
0
0
168
139
192
0
0
0
0
0
234
171
192
0
0
0
0
0
144
123
192
0
0
0
0
0
250
171
192
0
0
0
0
0
0
20
64
0
0
0
0
0
160
171
192
0
0
0
0
0
208
123
64
0
0
0
0
0
222
170
192
0
0
0
0
0
80
139
64
0
0
0
0
0
186
169
192
0
0
0
0
0
28
148
64
0
0
0
0
0
60
168
192
0
0
0
0
0
60
154
64
0
0
0
0
0
106
166
192
0
0
0
0
0
244
159
64
0
0
0
0
0
72
164
192
0
0
0
0
0
158
162
64
0
0
0
0
0
222
161
192
0
0
0
0
0
0
165
64
0
0
0
0
0
100
158
192
0
0
0
0
0
28
167
64
0
0
0
0
0
148
152
192
0
0
0
0
0
232
168
64
0
0
0
0
0
84
146
192
0
0
0
0
0
92
170
64
0
0
0
0
0
128
135
192
0
0
0
0
0
110
171
64
0
0
0
0
0
144
115
192
0
0
0
0
0
26
172
64
0
0
0
0
0
0
97
64
0
0
0
0
0
88
172
64
0
0
0
0
0
104
130
64
0
0
0
0
0
36
172
64
0
0
0
0
0
60
144
64
0
0
0
0
0
122
171
64
0
0
0
0
0
20
151
64
0
0
0
0
0
90
170
64
0
0
0
0
0
152
157
64
0
0
0
0
0
196
168
64
0
0
0
0
0
214
161
64
0
0
0
0
0
192
166
64
0
0
0
0
0
150
164
64
0
0
0
0
0
88
164
64
0
0
0
0
0
0
167
64
0
0
0
0
0
152
161
64
0
0
0
0
0
10
169
64
0
0
0
0
0
24
157
64
0
0
0
0
0
168
170
64
0
0
0
0
0
136
150
64
0
0
0
0
0
214
171
64
0
0
0
0
0
72
143
64
0
0
0
0
0
144
172
64
0
0
0
0
0
16
129
64
0
0
0
0
0
212
172
64
0
0
0
0
0
64
85
64
0
0
0
0
0
168
172
64
0
0
0
0
0
96
119
192
0
0
0
0
0
10
172
64
0
0
0
0
0
184
137
192
0
0
0
0
0
2
171
64
0
0
0
0
0
160
147
192
0
0
0
0
0
150
169
64
0
0
0
0
0
12
154
192
0
0
0
0
0
202
167
64
0
0
0
0
0
8
160
192
0
0
0
0
0
164
165
64
0
0
0
0
0
202
162
192
0
0
0
0
0
44
163
64
0
0
0
0
0
68
165
192
0
0
0
0
0
108
160
64
0
0
0
0
0
110
167
192
0
0
0
0
0
212
154
64
0
0
0
0
0
60
169
192
0
0
0
0
0
96
148
64
0
0
0
0
0
170
170
192
0
0
0
0
0
48
139
64
0
0
0
0
0
178
171
192
0
0
0
0
0
64
122
64
0
0
0
0
0
74
172
192
0
0
0
0
0
128
67
192
0
0
0
0
0
112
172
192
0
0
0
0
0
64
127
192
0
0
0
0
0
32
172
192
0
0
0
0
0
200
141
192
0
0
0
0
0
90
171
192
0
0
0
0
0
184
149
192
0
0
0
0
0
34
170
192
0
0
0
0
0
40
156
192
0
0
0
0
0
126
168
192
0
0
0
0
0
16
161
192
0
0
0
0
0
114
166
192
0
0
0
0
0
188
163
192
0
0
0
0
0
14
164
192
0
0
0
0
0
18
166
192
0
0
0
0
0
92
161
192
0
0
0
0
0
4
168
192
0
0
0
0
0
212
156
192
0
0
0
0
0
144
169
192
0
0
0
0
0
148
150
192
0
0
0
0
0
176
170
192
0
0
0
0
0
16
144
192
0
0
0
0
0
102
171
192
0
0
0
0
0
208
130
192
0
0
0
0
0
180
171
192
0
0
0
0
0
128
101
192
0
0
0
0
0
154
171
192
0
0
0
0
0
16
112
64
0
0
0
0
0
28
171
192
0
0
0
0
0
64
133
64
0
0
0
0
0
62
170
192
0
0
0
0
0
16
145
64
0
0
0
0
0
2
169
192
0
0
0
0
0
68
151
64
0
0
0
0
0
106
167
192
0
0
0
0
0
44
157
64
0
0
0
0
0
122
165
192
0
0
0
0
0
94
161
64
0
0
0
0
0
54
163
192
0
0
0
0
0
238
163
64
0
0
0
0
0
158
160
192
0
0
0
0
0
64
166
64
0
0
0
0
0
116
155
192
0
0
0
0
0
68
168
64
0
0
0
0
0
40
149
192
0
0
0
0
0
242
169
64
0
0
0
0
0
224
140
192
0
0
0
0
0
60
171
64
0
0
0
0
0
128
125
192
0
0
0
0
0
24
172
64
0
0
0
0
0
0
28
192
0
0
0
0
0
130
172
64
0
0
0
0
0
240
124
64
0
0
0
0
0
118
172
64
0
0
0
0
0
0
141
64
0
0
0
0
0
238
171
64
0
0
0
0
0
148
149
64
0
0
0
0
0
240
170
64
0
0
0
0
0
76
156
64
0
0
0
0
0
130
169
64
0
0
0
0
0
72
161
64
0
0
0
0
0
168
167
64
0
0
0
0
0
34
164
64
0
0
0
0
0
110
165
64
0
0
0
0
0
170
166
64
0
0
0
0
0
224
162
64
0
0
0
0
0
218
168
64
0
0
0
0
0
8
160
64
0
0
0
0
0
170
170
64
0
0
0
0
0
224
153
64
0
0
0
0
0
22
172
64
0
0
0
0
0
76
147
64
0
0
0
0
0
26
173
64
0
0
0
0
0
200
136
64
0
0
0
0
0
176
173
64
0
0
0
0
0
16
117
64
0
0
0
0
0
216
173
64
0
0
0
0
0
0
96
192
0
0
0
0
0
142
173
64
0
0
0
0
0
168
130
192
0
0
0
0
0
208
172
64
0
0
0
0
0
156
144
192
0
0
0
0
0
160
171
64
0
0
0
0
0
188
151
192
0
0
0
0
0
250
169
64
0
0
0
0
0
144
158
192
0
0
0
0
0
230
167
64
0
0
0
0
0
126
162
192
0
0
0
0
0
104
165
64
0
0
0
0
0
108
165
192
0
0
0
0
0
140
162
64
0
0
0
0
0
4
168
192
0
0
0
0
0
188
158
64
0
0
0
0
0
54
170
192
0
0
0
0
0
220
151
64
0
0
0
0
0
246
171
192
0
0
0
0
0
156
144
64
0
0
0
0
0
60
173
192
0
0
0
0
0
64
130
64
0
0
0
0
0
2
174
192
0
0
0
0
0
64
89
64
0
0
0
0
0
70
174
192
0
0
0
0
0
128
119
192
0
0
0
0
0
8
174
192
0
0
0
0
0
64
138
192
0
0
0
0
0
80
173
192
0
0
0
0
0
12
148
192
0
0
0
0
0
34
172
192
0
0
0
0
0
144
154
192
0
0
0
0
0
138
170
192
0
0
0
0
0
70
160
192
0
0
0
0
0
146
168
192
0
0
0
0
0
252
162
192
0
0
0
0
0
66
166
192
0
0
0
0
0
94
165
192
0
0
0
0
0
164
163
192
0
0
0
0
0
106
167
192
0
0
0
0
0
198
160
192
0
0
0
0
0
22
169
192
0
0
0
0
0
96
155
192
0
0
0
0
0
96
170
192
0
0
0
0
0
220
148
192
0
0
0
0
0
70
171
192
0
0
0
0
0
32
140
192
0
0
0
0
0
192
171
192
0
0
0
0
0
96
124
192
0
0
0
0
0
206
171
192
0
0
0
0
0
0
20
192
0
0
0
0
0
110
171
192
0
0
0
0
0
160
123
64
0
0
0
0
0
160
170
192
0
0
0
0
0
112
139
64
0
0
0
0
0
104
169
192
0
0
0
0
0
64
148
64
0
0
0
0
0
204
167
192
0
0
0
0
0
104
154
64
0
0
0
0
0
214
165
192
0
0
0
0
0
8
160
64
0
0
0
0
0
140
163
192
0
0
0
0
0
148
162
64
0
0
0
0
0
254
160
192
0
0
0
0
0
202
164
64
0
0
0
0
0
104
156
192
0
0
0
0
0
166
166
64
0
0
0
0
0
120
150
192
0
0
0
0
0
34
168
64
0
0
0
0
0
72
144
192
0
0
0
0
0
58
169
64
0
0
0
0
0
216
131
192
0
0
0
0
0
238
169
64
0
0
0
0
0
224
107
192
0
0
0
0
0
62
170
64
0
0
0
0
0
128
103
64
0
0
0
0
0
42
170
64
0
0
0
0
0
144
130
64
0
0
0
0
0
182
169
64
0
0
0
0
0
232
142
64
0
0
0
0
0
224
168
64
0
0
0
0
0
96
149
64
0
0
0
0
0
174
167
64
0
0
0
0
0
252
154
64
0
0
0
0
0
36
166
64
0
0
0
0
0
24
160
64
0
0
0
0
0
68
164
64
0
0
0
0
0
118
162
64
0
0
0
0
0
24
162
64
0
0
0
0
0
142
164
64
0
0
0
0
0
68
159
64
0
0
0
0
0
86
166
64
0
0
0
0
0
220
153
64
0
0
0
0
0
196
167
64
0
0
0
0
0
12
148
64
0
0
0
0
0
212
168
64
0
0
0
0
0
216
139
64
0
0
0
0
0
128
169
64
0
0
0
0
0
64
126
64
0
0
0
0
0
196
169
64
0
0
0
0
0
192
81
64
0
0
0
0
0
158
169
64
0
0
0
0
0
112
117
192
0
0
0
0
0
18
169
64
0
0
0
0
0
112
135
192
0
0
0
0
0
32
168
64
0
0
0
0
0
224
145
192
0
0
0
0
0
206
166
64
0
0
0
0
0
180
151
192
0
0
0
0
0
34
165
64
0
0
0
0
0
36
157
192
0
0
0
0
0
36
163
64
0
0
0
0
0
10
161
192
0
0
0
0
0
220
160
64
0
0
0
0
0
60
163
192
0
0
0
0
0
172
156
64
0
0
0
0
0
32
165
192
0
0
0
0
0
52
151
64
0
0
0
0
0
172
166
192
0
0
0
0
0
104
145
64
0
0
0
0
0
224
167
192
0
0
0
0
0
192
134
64
0
0
0
0
0
178
168
192
0
0
0
0
0
192
116
64
0
0
0
0
0
36
169
192
0
0
0
0
0
192
80
192
0
0
0
0
0
50
169
192
0
0
0
0
0
240
124
192
0
0
0
0
0
222
168
192
0
0
0
0
0
144
138
192
0
0
0
0
0
42
168
192
0
0
0
0
0
28
147
192
0
0
0
0
0
22
167
192
0
0
0
0
0
160
152
192
0
0
0
0
0
170
165
192
0
0
0
0
0
184
157
192
0
0
0
0
0
234
163
192
0
0
0
0
0
44
161
192
0
0
0
0
0
224
161
192
0
0
0
0
0
54
163
192
0
0
0
0
0
32
159
192
0
0
0
0
0
242
164
192
0
0
0
0
0
16
154
192
0
0
0
0
0
90
166
192
0
0
0
0
0
160
148
192
0
0
0
0
0
108
167
192
0
0
0
0
0
208
141
192
0
0
0
0
0
32
168
192
0
0
0
0
0
248
129
192
0
0
0
0
0
122
168
192
0
0
0
0
0
160
103
192
0
0
0
0
0
114
168
192
0
0
0
0
0
224
104
64
0
0
0
0
0
14
168
192
0
0
0
0
0
64
130
64
0
0
0
0
0
76
167
192
0
0
0
0
0
248
141
64
0
0
0
0
0
48
166
192
0
0
0
0
0
156
148
64
0
0
0
0
0
188
164
192
0
0
0
0
0
236
153
64
0
0
0
0
0
248
162
192
0
0
0
0
0
212
158
64
0
0
0
0
0
232
160
192
0
0
0
0
0
162
161
64
0
0
0
0
0
40
157
192
0
0
0
0
0
146
163
64
0
0
0
0
0
12
152
192
0
0
0
0
0
52
165
64
0
0
0
0
0
144
146
192
0
0
0
0
0
126
166
64
0
0
0
0
0
152
137
192
0
0
0
0
0
112
167
64
0
0
0
0
0
112
123
192
0
0
0
0
0
2
168
64
0
0
0
0
0
128
74
192
0
0
0
0
0
52
168
64
0
0
0
0
0
208
116
64
0
0
0
0
0
8
168
64
0
0
0
0
0
64
134
64
0
0
0
0
0
126
167
64
0
0
0
0
0
220
144
64
0
0
0
0
0
152
166
64
0
0
0
0
0
84
150
64
0
0
0
0
0
94
165
64
0
0
0
0
0
120
155
64
0
0
0
0
0
210
163
64
0
0
0
0
0
24
160
64
0
0
0
0
0
254
161
64
0
0
0
0
0
56
162
64
0
0
0
0
0
200
159
64
0
0
0
0
0
20
164
64
0
0
0
0
0
32
155
64
0
0
0
0
0
168
165
64
0
0
0
0
0
8
150
64
0
0
0
0
0
234
166
64
0
0
0
0
0
152
144
64
0
0
0
0
0
214
167
64
0
0
0
0
0
192
133
64
0
0
0
0
0
102
168
64
0
0
0
0
0
192
115
64
0
0
0
0
0
150
168
64
0
0
0
0
0
0
82
192
0
0
0
0
0
100
168
64
0
0
0
0
0
208
124
192
0
0
0
0
0
208
167
64
0
0
0
0
0
112
138
192
0
0
0
0
0
216
166
64
0
0
0
0
0
16
147
192
0
0
0
0
0
128
165
64
0
0
0
0
0
160
152
192
0
0
0
0
0
204
163
64
0
0
0
0
0
208
157
192
0
0
0
0
0
196
161
64
0
0
0
0
0
68
161
192
0
0
0
0
0
232
158
64
0
0
0
0
0
88
163
192
0
0
0
0
0
200
153
64
0
0
0
0
0
28
165
192
0
0
0
0
0
68
148
64
0
0
0
0
0
138
166
192
0
0
0
0
0
224
140
64
0
0
0
0
0
152
167
192
0
0
0
0
0
216
128
64
0
0
0
0
0
72
168
192
0
0
0
0
0
128
98
64
0
0
0
0
0
148
168
192
0
0
0
0
0
128
110
192
0
0
0
0
0
130
168
192
0
0
0
0
0
160
131
192
0
0
0
0
0
16
168
192
0
0
0
0
0
80
143
192
0
0
0
0
0
66
167
192
0
0
0
0
0
56
149
192
0
0
0
0
0
30
166
192
0
0
0
0
0
120
154
192
0
0
0
0
0
166
164
192
0
0
0
0
0
80
159
192
0
0
0
0
0
224
162
192
0
0
0
0
0
214
161
192
0
0
0
0
0
210
160
192
0
0
0
0
0
196
163
192
0
0
0
0
0
8
157
192
0
0
0
0
0
100
165
192
0
0
0
0
0
248
151
192
0
0
0
0
0
180
166
192
0
0
0
0
0
136
146
192
0
0
0
0
0
172
167
192
0
0
0
0
0
144
137
192
0
0
0
0
0
70
168
192
0
0
0
0
0
64
123
192
0
0
0
0
0
128
168
192
0
0
0
0
0
0
71
192
0
0
0
0
0
88
168
192
0
0
0
0
0
176
117
64
0
0
0
0
0
204
167
192
0
0
0
0
0
248
134
64
0
0
0
0
0
226
166
192
0
0
0
0
0
96
145
64
0
0
0
0
0
156
165
192
0
0
0
0
0
252
150
64
0
0
0
0
0
254
163
192
0
0
0
0
0
64
156
64
0
0
0
0
0
18
162
192
0
0
0
0
0
136
160
64
0
0
0
0
0
192
159
192
0
0
0
0
0
176
162
64
0
0
0
0
0
224
154
192
0
0
0
0
0
142
164
64
0
0
0
0
0
152
149
192
0
0
0
0
0
28
166
64
0
0
0
0
0
248
143
192
0
0
0
0
0
86
167
64
0
0
0
0
0
72
132
192
0
0
0
0
0
54
168
64
0
0
0
0
0
128
112
192
0
0
0
0
0
188
168
64
0
0
0
0
0
128
95
64
0
0
0
0
0
230
168
64
0
0
0
0
0
48
128
64
0
0
0
0
0
174
168
64
0
0
0
0
0
64
140
64
0
0
0
0
0
26
168
64
0
0
0
0
0
0
148
64
0
0
0
0
0
40
167
64
0
0
0
0
0
164
153
64
0
0
0
0
0
216
165
64
0
0
0
0
0
240
158
64
0
0
0
0
0
48
164
64
0
0
0
0
0
232
161
64
0
0
0
0
0
52
162
64
0
0
0
0
0
24
164
64
0
0
0
0
0
208
159
64
0
0
0
0
0
252
165
64
0
0
0
0
0
172
154
64
0
0
0
0
0
140
167
64
0
0
0
0
0
12
149
64
0
0
0
0
0
190
168
64
0
0
0
0
0
16
142
64
0
0
0
0
0
142
169
64
0
0
0
0
0
120
129
64
0
0
0
0
0
244
169
64
0
0
0
0
0
0
98
64
0
0
0
0
0
240
169
64
0
0
0
0
0
48
113
192
0
0
0
0
0
130
169
64
0
0
0
0
0
144
133
192
0
0
0
0
0
170
168
64
0
0
0
0
0
28
145
192
0
0
0
0
0
112
167
64
0
0
0
0
0
40
151
192
0
0
0
0
0
214
165
64
0
0
0
0
0
212
156
192
0
0
0
0
0
232
163
64
0
0
0
0
0
4
161
192
0
0
0
0
0
172
161
64
0
0
0
0
0
92
163
192
0
0
0
0
0
88
158
64
0
0
0
0
0
102
165
192
0
0
0
0
0
224
152
64
0
0
0
0
0
28
167
192
0
0
0
0
0
8
147
64
0
0
0
0
0
122
168
192
0
0
0
0
0
200
137
64
0
0
0
0
0
122
169
192
0
0
0
0
0
48
122
64
0
0
0
0
0
24
170
192
0
0
0
0
0
0
20
64
0
0
0
0
0
82
170
192
0
0
0
0
0
160
121
192
0
0
0
0
0
38
170
192
0
0
0
0
0
168
137
192
0
0
0
0
0
148
169
192
0
0
0
0
0
24
147
192
0
0
0
0
0
158
168
192
0
0
0
0
0
28
153
192
0
0
0
0
0
70
167
192
0
0
0
0
0
192
158
192
0
0
0
0
0
142
165
192
0
0
0
0
0
0
0
0
0
0
0
0
0
0
0
0
0
0
0
0
0
0
0
0
0
0
0
0
0
0
0
0
0
0
0
0
0
0
0
0
0
0
0
0
0
0
0
0
0
0
0
0
0
0
0
0
0
0
0
0
0
0
0
0
0
0
0
0
0
0
0
0
0
0
0
0
0
0
0
0
0
0
0
0
0
0
0
0
0
0
0
0
0
0
0
0
0
0
0
0
0
0
0
0
0
0
0
0
0
0
0
0
0
0
0
0
0
0
0
0
0
0
0
0
0
0
0
0
0
0
0
0
0
0
0
0
0
0
0
0
0
0
0
0
0
0
0
0
0
0
0
0
0
0
0
0
0
0
0
0
0
0
0
0
0
0
0
0
0
0
0
0
0
0
0
0
0
0
0
0
0
0
0
0
0
0
0
0
0
0
0
0
0
0
0
0
0
0
0
0
0
0
0
0
0
0
0
0
0
0
0
0
0
0
0
0
0
0
0
0
0
0
0
0
0
0
0
0
0
0
0
0
0
0
0
0
0
0
0
0
0
0
0
0
0
0
0
0
0
0
0
0
0
0
0
0
0
0
0
0
0
0
0
0
0
0
0
0
0
0
0
0
0
0
0
0
0
0
0
0
0
0
0
0
0
0
0
0
0
0
0
0
0
0
0
0
0
0
0
0
0
0
0
0
0
0
0
0
0
0
0
0
0
0
0
0
0
0
0
0
0
0
0
0
0
0
0
0
0
0
0
0
0
0
0
0
0
0
0
0
0
0
0
0
0
0
0
0
0
0
0
0
0
0
0
0
0
0
0
0
0
0
0
0
0
0
0
0
0
0
0
0
0
0
0
0
0
0
0
0
0
0
0
0
0
0
0
0
0
0
0
0
0
0
0
0
0
0
0
0
0
0
0
0
0
0
0
0
0
0
0
0
0
0
0
0
0
0
0
0
0
0
0
0
0
0
0
0
0
0
0
0
0
0
0
0
0
0
0
0
0
0
0
0
0
0
0
0
0
0
0
0
0
0
0
0
0
0
0
0
0
0
0
0
0
0
0
0
0
0
0
0
0
0
0
0
0
0
0
0
0
0
0
0
0
0
0
0
0
0
0
0
0
0
0
0
0
0
0
0
0
0
0
0
0
0
0
0
0
0
0
0
0
0
0
0
0
0
0
0
0
0
0
0
0
0
0
0
0
0
0
0
0
0
0
0
0
0
0
0
0
0
0
0
0
0
0
0
0
0
0
0
0
0
0
0
0
0
0
0
0
0
0
0
0
0
0
0
0
0
0
0
0
0
0
0
0
0
0
0
0
0
0
0
0
0
0
0
0
0
0
0
0
0
0
0
0
0
0
0
0
0
0
0
0
0
0
0
0
0
0
0
0
0
0
0
0
0
0
0
0
0
0
0
0
0
0
0
0
0
0
0
0
0
0
0
0
0
0
0
0
0
0
0
0
0
0
0
0
0
0
0
0
0
0
0
0
0
0
0
0
0
0
0
0
0
0
0
0
0
0
0
0
0
0
0
0
0
0
0
0
0
0
0
0
0
0
0
0
0
0
0
0
0
0
0
0
0
0
0
0
0
0
0
0
0
0
0
0
0
0
0
0
0
0
0
0
0
0
0
0
0
0
0
0
0
0
0
0
0
0
0
0
0
0
0
0
0
0
0
0
0
0
0
0
0
0
0
0
0
0
0
0
0
0
0
0
0
0
0
0
0
0
0
0
0
0
0
0
0
0
0
0
0
0
0
0
0
0
0
0
0
0
0
0
0
0
0
0
0
0
0
0
0
0
0
0
0
0
0
0
0
0
0
0
0
0
0
0
0
0
0
0
0
0
0
0
0
0
0
0
0
0
0
0
0
0
0
0
0
0
0
0
0
0
0
0
0
0
0
0
0
0
0
0
0
0
0
0
0
0
0
0
0
0
0
0
0
0
0
0
0
0
0
0
0
0
0
0
0
0
0
0
0
0
0
0
0
0
0
0
0
0
0
0
0
0
0
0
0
0
0
0
0
0
0
0
0
0
0
0
0
0
0
0
0
0
0
0
0
0
0
0
0
0
0
0
0
0
0
0
0
0
0
0
0
0
0
0
0
0
0
0
0
0
0
0
0
0
0
0
0
0
0
0
0
0
0
0
0
0
0
0
0
0
0
0
0
0
0
0
0
0
0
0
0
0
0
0
0
0
0
0
0
0
0
0
0
0
0
0
0
0
0
0
0
0
0
0
0
0
0
0
0
0
0
0
0
0
0
0
0
0
0
0
0
0
0
0
0
0
0
0
0
0
0
0
0
0
0
0
0
0
0
0
0
0
0
0
0
0
0
0
0
0
0
0
0
0
0
0
0
0
0
0
0
0
0
0
0
0
0
0
0
0
0
0
0
0
0
0
0
0
0
0
0
0
0
0
0
0
0
0
0
0
0
0
0
0
0
0
0
0
0
0
0
0
0
0
0
0
0
0
0
0
0
0
0
0
0
0
0
0
0
0
0
0
0
0
0
0
0
0
0
0
0
0
0
0
0
0
0
0
0
0
0
0
0
0
0
0
0
0
0
0
0
0
0
0
0
0
0
0
0
0
0
0
0
0
0
0
0
0
0
0
0
0
0
0
0
0
0
0
0
0
0
0
0
0
0
0
0
0
0
0
0
0
0
0
0
0
0
0
0
0
0
0
0
0
0
0
0
0
0
0
0
0
0
0
0
0
0
0
0
0
0
0
0
0
0
0
0
0
0
0
0
0
0
0
0
0
0
0
0
0
0
0
0
0
0
0