58
70
65
67
84
58
67
68
65
84
49
56
58
68
65
84
65
32
35
57
48
48
48
48
48
54
57
51
54
0
0
0
0
0
120
144
192
0
0
0
0
0
112
174
64
0
0
0
0
0
8
128
64
0
0
0
0
0
100
175
64
0
0
0
0
0
132
159
64
0
0
0
0
0
148
171
64
0
0
0
0
0
56
169
64
0
0
0
0
0
122
163
64
0
0
0
0
0
222
174
64
0
0
0
0
0
148
144
64
0
0
0
0
0
192
175
64
0
0
0
0
0
32
129
192
0
0
0
0
0
172
171
64
0
0
0
0
0
66
160
192
0
0
0
0
0
60
163
64
0
0
0
0
0
188
169
192
0
0
0
0
0
40
143
64
0
0
0
0
0
44
175
192
0
0
0
0
0
96
131
192
0
0
0
0
0
190
175
192
0
0
0
0
0
166
160
192
0
0
0
0
0
102
171
192
0
0
0
0
0
206
169
192
0
0
0
0
0
226
162
192
0
0
0
0
0
244
174
192
0
0
0
0
0
96
142
192
0
0
0
0
0
98
175
192
0
0
0
0
0
200
130
64
0
0
0
0
0
38
171
192
0
0
0
0
0
32
160
64
0
0
0
0
0
244
162
192
0
0
0
0
0
10
169
64
0
0
0
0
0
40
144
192
0
0
0
0
0
40
174
64
0
0
0
0
0
208
126
64
0
0
0
0
0
204
174
64
0
0
0
0
0
56
158
64
0
0
0
0
0
232
170
64
0
0
0
0
0
10
168
64
0
0
0
0
0
22
163
64
0
0
0
0
0
88
173
64
0
0
0
0
0
248
144
64
0
0
0
0
0
64
174
64
0
0
0
0
0
144
122
192
0
0
0
0
0
156
170
64
0
0
0
0
0
36
157
192
0
0
0
0
0
252
162
64
0
0
0
0
0
152
167
192
0
0
0
0
0
8
145
64
0
0
0
0
0
8
173
192
0
0
0
0
0
192
121
192
0
0
0
0
0
20
174
192
0
0
0
0
0
220
156
192
0
0
0
0
0
154
170
192
0
0
0
0
0
118
167
192
0
0
0
0
0
40
163
192
0
0
0
0
0
248
172
192
0
0
0
0
0
192
145
192
0
0
0
0
0
42
174
192
0
0
0
0
0
128
117
64
0
0
0
0
0
234
170
192
0
0
0
0
0
144
155
64
0
0
0
0
0
188
163
192
0
0
0
0
0
200
166
64
0
0
0
0
0
124
147
192
0
0
0
0
0
94
172
64
0
0
0
0
0
0
105
64
0
0
0
0
0
192
173
64
0
0
0
0
0
240
152
64
0
0
0
0
0
198
170
64
0
0
0
0
0
98
165
64
0
0
0
0
0
240
163
64
0
0
0
0
0
254
170
64
0
0
0
0
0
160
148
64
0
0
0
0
0
138
172
64
0
0
0
0
0
128
83
192
0
0
0
0
0
228
169
64
0
0
0
0
0
100
150
192
0
0
0
0
0
134
163
64
0
0
0
0
0
236
163
192
0
0
0
0
0
240
148
64
0
0
0
0
0
148
169
192
0
0
0
0
0
0
34
64
0
0
0
0
0
116
171
192
0
0
0
0
0
104
148
192
0
0
0
0
0
98
169
192
0
0
0
0
0
240
162
192
0
0
0
0
0
184
163
192
0
0
0
0
0
252
168
192
0
0
0
0
0
148
150
192
0
0
0
0
0
138
171
192
0
0
0
0
0
128
99
192
0
0
0
0
0
58
170
192
0
0
0
0
0
64
146
64
0
0
0
0
0
44
165
192
0
0
0
0
0
84
162
64
0
0
0
0
0
252
153
192
0
0
0
0
0
18
169
64
0
0
0
0
0
64
118
192
0
0
0
0
0
78
172
64
0
0
0
0
0
4
144
64
0
0
0
0
0
112
171
64
0
0
0
0
0
188
161
64
0
0
0
0
0
128
166
64
0
0
0
0
0
220
168
64
0
0
0
0
0
88
156
64
0
0
0
0
0
62
172
64
0
0
0
0
0
208
125
64
0
0
0
0
0
88
171
64
0
0
0
0
0
184
140
192
0
0
0
0
0
90
166
64
0
0
0
0
0
214
160
192
0
0
0
0
0
64
156
64
0
0
0
0
0
194
167
192
0
0
0
0
0
32
128
64
0
0
0
0
0
250
170
192
0
0
0
0
0
120
137
192
0
0
0
0
0
38
170
192
0
0
0
0
0
20
159
192
0
0
0
0
0
148
165
192
0
0
0
0
0
66
166
192
0
0
0
0
0
28
156
192
0
0
0
0
0
178
169
192
0
0
0
0
0
216
130
192
0
0
0
0
0
128
169
192
0
0
0
0
0
160
132
64
0
0
0
0
0
192
165
192
0
0
0
0
0
124
156
64
0
0
0
0
0
224
157
192
0
0
0
0
0
90
165
64
0
0
0
0
0
200
135
192
0
0
0
0
0
128
169
64
0
0
0
0
0
56
128
64
0
0
0
0
0
14
170
64
0
0
0
0
0
84
155
64
0
0
0
0
0
204
166
64
0
0
0
0
0
116
165
64
0
0
0
0
0
18
160
64
0
0
0
0
0
46
170
64
0
0
0
0
0
248
138
64
0
0
0
0
0
250
170
64
0
0
0
0
0
144
126
192
0
0
0
0
0
152
167
64
0
0
0
0
0
248
155
192
0
0
0
0
0
124
160
64
0
0
0
0
0
32
166
192
0
0
0
0
0
208
138
64
0
0
0
0
0
226
170
192
0
0
0
0
0
192
128
192
0
0
0
0
0
120
171
192
0
0
0
0
0
228
156
192
0
0
0
0
0
198
167
192
0
0
0
0
0
118
166
192
0
0
0
0
0
104
160
192
0
0
0
0
0
248
170
192
0
0
0
0
0
56
138
192
0
0
0
0
0
80
171
192
0
0
0
0
0
208
128
64
0
0
0
0
0
134
167
192
0
0
0
0
0
96
156
64
0
0
0
0
0
64
160
192
0
0
0
0
0
224
165
64
0
0
0
0
0
176
138
192
0
0
0
0
0
36
170
64
0
0
0
0
0
176
125
64
0
0
0
0
0
108
170
64
0
0
0
0
0
156
154
64
0
0
0
0
0
190
166
64
0
0
0
0
0
180
164
64
0
0
0
0
0
136
159
64
0
0
0
0
0
218
168
64
0
0
0
0
0
96
138
64
0
0
0
0
0
56
169
64
0
0
0
0
0
16
123
192
0
0
0
0
0
210
165
64
0
0
0
0
0
100
153
192
0
0
0
0
0
108
158
64
0
0
0
0
0
0
164
192
0
0
0
0
0
112
137
64
0
0
0
0
0
74
168
192
0
0
0
0
0
160
123
192
0
0
0
0
0
242
168
192
0
0
0
0
0
168
153
192
0
0
0
0
0
220
165
192
0
0
0
0
0
102
164
192
0
0
0
0
0
220
158
192
0
0
0
0
0
0
169
192
0
0
0
0
0
40
138
192
0
0
0
0
0
222
169
192
0
0
0
0
0
80
124
64
0
0
0
0
0
192
166
192
0
0
0
0
0
132
154
64
0
0
0
0
0
12
160
192
0
0
0
0
0
14
165
64
0
0
0
0
0
24
139
192
0
0
0
0
0
158
169
64
0
0
0
0
0
112
124
64
0
0
0
0
0
38
170
64
0
0
0
0
0
104
154
64
0
0
0
0
0
138
166
64
0
0
0
0
0
142
164
64
0
0
0
0
0
232
158
64
0
0
0
0
0
104
168
64
0
0
0
0
0
176
136
64
0
0
0
0
0
66
168
64
0
0
0
0
0
96
125
192
0
0
0
0
0
90
164
64
0
0
0
0
0
224
152
192
0
0
0
0
0
16
155
64
0
0
0
0
0
202
162
192
0
0
0
0
0
64
132
64
0
0
0
0
0
236
165
192
0
0
0
0
0
96
125
192
0
0
0
0
0
158
165
192
0
0
0
0
0
224
150
192
0
0
0
0
0
44
162
192
0
0
0
0
0
60
161
192
0
0
0
0
0
136
152
192
0
0
0
0
0
108
164
192
0
0
0
0
0
48
131
192
0
0
0
0
0
176
164
192
0
0
0
0
0
208
121
64
0
0
0
0
0
8
162
192
0
0
0
0
0
136
149
64
0
0
0
0
0
152
153
192
0
0
0
0
0
212
160
64
0
0
0
0
0
152
134
192
0
0
0
0
0
142
164
64
0
0
0
0
0
144
115
64
0
0
0
0
0
88
165
64
0
0
0
0
0
156
148
64
0
0
0
0
0
254
162
64
0
0
0
0
0
182
160
64
0
0
0
0
0
148
155
64
0
0
0
0
0
158
164
64
0
0
0
0
0
0
138
64
0
0
0
0
0
106
165
64
0
0
0
0
0
96
107
192
0
0
0
0
0
254
162
64
0
0
0
0
0
16
147
192
0
0
0
0
0
164
155
64
0
0
0
0
0
124
159
192
0
0
0
0
0
48
139
64
0
0
0
0
0
116
163
192
0
0
0
0
0
128
94
192
0
0
0
0
0
56
164
192
0
0
0
0
0
136
144
192
0
0
0
0
0
24
162
192
0
0
0
0
0
80
156
192
0
0
0
0
0
12
155
192
0
0
0
0
0
232
161
192
0
0
0
0
0
248
140
192
0
0
0
0
0
30
163
192
0
0
0
0
0
0
52
192
0
0
0
0
0
182
161
192
0
0
0
0
0
72
139
64
0
0
0
0
0
216
155
192
0
0
0
0
0
144
153
64
0
0
0
0
0
128
144
192
0
0
0
0
0
246
160
64
0
0
0
0
0
64
103
192
0
0
0
0
0
206
162
64
0
0
0
0
0
56
134
64
0
0
0
0
0
6
162
64
0
0
0
0
0
156
151
64
0
0
0
0
0
116
157
64
0
0
0
0
0
106
160
64
0
0
0
0
0
180
146
64
0
0
0
0
0
186
162
64
0
0
0
0
0
32
117
64
0
0
0
0
0
106
162
64
0
0
0
0
0
216
129
192
0
0
0
0
0
12
159
64
0
0
0
0
0
248
149
192
0
0
0
0
0
224
148
64
0
0
0
0
0
6
160
192
0
0
0
0
0
160
126
64
0
0
0
0
0
232
162
192
0
0
0
0
0
176
123
192
0
0
0
0
0
56
163
192
0
0
0
0
0
240
148
192
0
0
0
0
0
212
160
192
0
0
0
0
0
60
160
192
0
0
0
0
0
244
151
192
0
0
0
0
0
230
163
192
0
0
0
0
0
216
132
192
0
0
0
0
0
208
164
192
0
0
0
0
0
208
116
64
0
0
0
0
0
180
162
192
0
0
0
0
0
176
148
64
0
0
0
0
0
116
155
192
0
0
0
0
0
216
160
64
0
0
0
0
0
56
138
192
0
0
0
0
0
8
165
64
0
0
0
0
0
96
108
64
0
0
0
0
0
48
166
64
0
0
0
0
0
248
147
64
0
0
0
0
0
14
164
64
0
0
0
0
0
202
160
64
0
0
0
0
0
228
157
64
0
0
0
0
0
42
165
64
0
0
0
0
0
136
142
64
0
0
0
0
0
120
166
64
0
0
0
0
0
0
89
192
0
0
0
0
0
144
164
64
0
0
0
0
0
36
146
192
0
0
0
0
0
116
159
64
0
0
0
0
0
20
160
192
0
0
0
0
0
68
145
64
0
0
0
0
0
218
164
192
0
0
0
0
0
0
59
64
0
0
0
0
0
182
166
192
0
0
0
0
0
212
144
192
0
0
0
0
0
86
165
192
0
0
0
0
0
10
160
192
0
0
0
0
0
206
160
192
0
0
0
0
0
138
165
192
0
0
0
0
0
64
147
192
0
0
0
0
0
246
167
192
0
0
0
0
0
64
87
192
0
0
0
0
0
198
166
192
0
0
0
0
0
48
145
64
0
0
0
0
0
6
162
192
0
0
0
0
0
220
160
64
0
0
0
0
0
172
148
192
0
0
0
0
0
180
166
64
0
0
0
0
0
64
93
192
0
0
0
0
0
28
169
64
0
0
0
0
0
108
145
64
0
0
0
0
0
164
167
64
0
0
0
0
0
254
160
64
0
0
0
0
0
144
162
64
0
0
0
0
0
164
166
64
0
0
0
0
0
120
149
64
0
0
0
0
0
216
168
64
0
0
0
0
0
0
103
64
0
0
0
0
0
104
167
64
0
0
0
0
0
176
143
192
0
0
0
0
0
160
162
64
0
0
0
0
0
0
160
192
0
0
0
0
0
124
150
64
0
0
0
0
0
184
165
192
0
0
0
0
0
48
114
64
0
0
0
0
0
90
168
192
0
0
0
0
0
96
140
192
0
0
0
0
0
132
167
192
0
0
0
0
0
52
159
192
0
0
0
0
0
66
163
192
0
0
0
0
0
12
166
192
0
0
0
0
0
12
152
192
0
0
0
0
0
94
169
192
0
0
0
0
0
160
117
192
0
0
0
0
0
222
168
192
0
0
0
0
0
144
141
64
0
0
0
0
0
106
164
192
0
0
0
0
0
176
160
64
0
0
0
0
0
24
153
192
0
0
0
0
0
156
167
64
0
0
0
0
0
176
115
192
0
0
0
0
0
228
170
64
0
0
0
0
0
80
144
64
0
0
0
0
0
224
169
64
0
0
0
0
0
124
161
64
0
0
0
0
0
180
164
64
0
0
0
0
0
238
167
64
0
0
0
0
0
152
152
64
0
0
0
0
0
118
170
64
0
0
0
0
0
48
113
64
0
0
0
0
0
206
168
64
0
0
0
0
0
0
144
192
0
0
0
0
0
106
163
64
0
0
0
0
0
130
160
192
0
0
0
0
0
168
150
64
0
0
0
0
0
30
166
192
0
0
0
0
0
224
110
64
0
0
0
0
0
36
168
192
0
0
0
0
0
80
141
192
0
0
0
0
0
118
166
192
0
0
0
0
0
60
158
192
0
0
0
0
0
126
161
192
0
0
0
0
0
96
164
192
0
0
0
0
0
32
148
192
0
0
0
0
0
108
166
192
0
0
0
0
0
128
100
192
0
0
0
0
0
254
164
192
0
0
0
0
0
80
142
64
0
0
0
0
0
76
160
192
0
0
0
0
0
108
158
64
0
0
0
0
0
16
146
192
0
0
0
0
0
116
164
64
0
0
0
0
0
128
66
192
0
0
0
0
0
122
166
64
0
0
0
0
0
32
145
64
0
0
0
0
0
238
164
64
0
0
0
0
0
26
160
64
0
0
0
0
0
14
160
64
0
0
0
0
0
32
165
64
0
0
0
0
0
60
145
64
0
0
0
0
0
210
166
64
0
0
0
0
0
0
53
192
0
0
0
0
0
242
164
64
0
0
0
0
0
184
145
192
0
0
0
0
0
188
159
64
0
0
0
0
0
20
160
192
0
0
0
0
0
228
144
64
0
0
0
0
0
180
164
192
0
0
0
0
0
0
46
192
0
0
0
0
0
20
166
192
0
0
0
0
0
244
144
192
0
0
0
0
0
14
164
192
0
0
0
0
0
176
158
192
0
0
0
0
0
8
158
192
0
0
0
0
0
182
163
192
0
0
0
0
0
16
143
192
0
0
0
0
0
240
164
192
0
0
0
0
0
192
81
64
0
0
0
0
0
226
162
192
0
0
0
0
0
84
145
64
0
0
0
0
0
188
155
192
0
0
0
0
0
168
158
64
0
0
0
0
0
192
138
192
0
0
0
0
0
132
163
64
0
0
0
0
0
128
104
64
0
0
0
0
0
144
164
64
0
0
0
0
0
240
146
64
0
0
0
0
0
84
162
64
0
0
0
0
0
172
159
64
0
0
0
0
0
92
154
64
0
0
0
0
0
152
163
64
0
0
0
0
0
0
136
64
0
0
0
0
0
38
164
64
0
0
0
0
0
128
111
192
0
0
0
0
0
124
161
64
0
0
0
0
0
160
146
192
0
0
0
0
0
104
152
64
0
0
0
0
0
132
157
192
0
0
0
0
0
160
133
64
0
0
0
0
0
100
161
192
0
0
0
0
0
224
103
192
0
0
0
0
0
236
160
192
0
0
0
0
0
120
140
192
0
0
0
0
0
120
155
192
0
0
0
0
0
224
148
192
0
0
0
0
0
160
145
192
0
0
0
0
0
36
150
192
0
0
0
0
0
16
124
192
0
0
0
0
0
172
146
192
0
0
0
0
0
64
91
64
0
0
0
0
0
200
136
192
0
0
0
0
0
192
122
64
0
0
0
0
0
0
119
192
0
0
0
0
0
176
125
64
0
0
0
0
0
128
79
192
0
0
0
0
0
32
115
64
0
0
0
0
0
128
67
64
0
0
0
0
0
0
70
64
0
0
0
0
0
0
73
192
0
0
0
0
0
224
101
192
0
0
0
0
0
128
111
192
0
0
0
0
0
96
111
192
0
0
0
0
0
240
123
192
0
0
0
0
0
0
100
192
0
0
0
0
0
160
128
192
0
0
0
0
0
128
70
64
0
0
0
0
0
32
125
192
0
0
0
0
0
96
112
64
0
0
0
0
0
144
113
192
0
0
0
0
0
96
120
64
0
0
0
0
0
128
80
192
0
0
0
0
0
160
119
64
0
0
0
0
0
64
84
64
0
0
0
0
0
96
110
64
0
0
0
0
0
0
89
64
0
0
0
0
0
128
78
64
0
0
0
0
0
0
8
192
0
0
0
0
0
192
81
192
0
0
0
0
0
64
100
192
0
0
0
0
0
64
86
192
0
0
0
0
0
224
113
192
0
0
0
0
0
0
38
64
0
0
0
0
0
48
115
192
0
0
0
0
0
160
101
64
0
0
0
0
0
96
106
192
0
0
0
0
0
96
115
64
0
0
0
0
0
0
72
192
0
0
0
0
0
240
117
64
0
0
0
0
0
192
88
64
0
0
0
0
0
96
113
64
0
0
0
0
0
192
99
64
0
0
0
0
0
128
96
64
0
0
0
0
0
64
90
64
0
0
0
0
0
0
28
192
0
0
0
0
0
0
56
192
0
0
0
0
0
128
80
192
0
0
0
0
0
64
99
192
0
0
0
0
0
0
48
192
0
0
0
0
0
64
106
192
0
0
0
0
0
0
92
64
0
0
0
0
0
32
100
192
0
0
0
0
0
192
110
64
0
0
0
0
0
0
64
192
0
0
0
0
0
128
115
64
0
0
0
0
0
64
91
64
0
0
0
0
0
32
113
64
0
0
0
0
0
96
103
64
0
0
0
0
0
96
99
64
0
0
0
0
0
128
100
64
0
0
0
0
0
0
51
64
0
0
0
0
0
128
76
64
0
0
0
0
0
0
78
192
0
0
0
0
0
192
81
192
0
0
0
0
0
0
68
192
0
0
0
0
0
64
98
192
0
0
0
0
0
0
80
64
0
0
0
0
0
64
95
192
0
0
0
0
0
0
104
64
0
0
0
0
0
0
51
192
0
0
0
0
0
0
113
64
0
0
0
0
0
128
92
64
0
0
0
0
0
32
112
64
0
0
0
0
0
96
105
64
0
0
0
0
0
192
99
64
0
0
0
0
0
0
105
64
0
0
0
0
0
0
59
64
0
0
0
0
0
128
91
64
0
0
0
0
0
128
79
192
0
0
0
0
0
0
44
192
0
0
0
0
0
0
80
192
0
0
0
0
0
0
89
192
0
0
0
0
0
0
55
64
0
0
0
0
0
192
88
192
0
0
0
0
0
32
98
64
0
0
0
0
0
0
38
192
0
0
0
0
0
64
109
64
0
0
0
0
0
0
93
64
0
0
0
0
0
160
109
64
0
0
0
0
0
96
106
64
0
0
0
0
0
0
99
64
0
0
0
0
0
224
107
64
0
0
0
0
0
0
58
64
0
0
0
0
0
64
98
64
0
0
0
0
0
192
81
192
0
0
0
0
0
0
59
64
0
0
0
0
0
192
85
192
0
0
0
0
0
192
80
192
0
0
0
0
0
0
44
192
0
0
0
0
0
64
84
192
0
0
0
0
0
192
89
64
0
0
0
0
0
0
28
192
0
0
0
0
0
192
104
64
0
0
0
0
0
128
92
64
0
0
0
0
0
192
106
64
0
0
0
0
0
192
106
64
0
0
0
0
0
160
97
64
0
0
0
0
0
160
109
64
0
0
0
0
0
0
52
64
0
0
0
0
0
128
101
64
0
0
0
0
0
128
84
192
0
0
0
0
0
0
76
64
0
0
0
0
0
128
91
192
0
0
0
0
0
128
69
192
0
0
0
0
0
128
72
192
0
0
0
0
0
128
81
192
0
0
0
0
0
0
80
64
0
0
0
0
0
0
32
192
0
0
0
0
0
96
100
64
0
0
0
0
0
0
91
64
0
0
0
0
0
192
103
64
0
0
0
0
0
128
106
64
0
0
0
0
0
32
96
64
0
0
0
0
0
160
110
64
0
0
0
0
0
0
40
64
0
0
0
0
0
192
103
64
0
0
0
0
0
192
87
192
0
0
0
0
0
128
83
64
0
0
0
0
0
160
96
192
0
0
0
0
0
0
59
192
0
0
0
0
0
192
84
192
0
0
0
0
0
0
80
192
0
0
0
0
0
0
58
64
0
0
0
0
0
0
42
192
0
0
0
0
0
32
96
64
0
0
0
0
0
128
88
64
0
0
0
0
0
192
100
64
0
0
0
0
0
160
105
64
0
0
0
0
0
192
92
64
0
0
0
0
0
0
111
64
0
0
0
0
0
0
8
64
0
0
0
0
0
64
105
64
0
0
0
0
0
0
91
192
0
0
0
0
0
128
87
64
0
0
0
0
0
128
99
192
0
0
0
0
0
0
48
192
0
0
0
0
0
0
93
192
0
0
0
0
0
128
79
192
0
0
0
0
0
0
38
192
0
0
0
0
0
0
55
192
0
0
0
0
0
0
88
64
0
0
0
0
0
192
84
64
0
0
0
0
0
224
97
64
0
0
0
0
0
64
104
64
0
0
0
0
0
64
89
64
0
0
0
0
0
192
110
64
0
0
0
0
0
0
28
192
0
0
0
0
0
32
106
64
0
0
0
0
0
128
94
192
0
0
0
0
0
0
90
64
0
0
0
0
0
128
102
192
0
0
0
0
0
0
34
192
0
0
0
0
0
160
98
192
0
0
0
0
0
0
81
192
0
0
0
0
0
128
72
192
0
0
0
0
0
0
67
192
0
0
0
0
0
0
79
64
0
0
0
0
0
128
79
64
0
0
0
0
0
192
93
64
0
0
0
0
0
32
102
64
0
0
0
0
0
0
86
64
0
0
0
0
0
224
109
64
0
0
0
0
0
0
46
192
0
0
0
0
0
128
106
64
0
0
0
0
0
224
96
192
0
0
0
0
0
192
91
64
0
0
0
0
0
96
105
192
0
0
0
0
0
0
32
192
0
0
0
0
0
0
103
192
0
0
0
0
0
128
83
192
0
0
0
0
0
0
86
192
0
0
0
0
0
0
78
192
0
0
0
0
0
0
60
64
0
0
0
0
0
128
65
64
0
0
0
0
0
0
88
64
0
0
0
0
0
32
99
64
0
0
0
0
0
64
83
64
0
0
0
0
0
64
108
64
0
0
0
0
0
0
54
192
0
0
0
0
0
64
106
64
0
0
0
0
0
32
98
192
0
0
0
0
0
128
92
64
0
0
0
0
0
64
108
192
0
0
0
0
0
0
36
192
0
0
0
0
0
96
107
192
0
0
0
0
0
128
87
192
0
0
0
0
0
64
96
192
0
0
0
0
0
192
86
192
0
0
0
0
0
0
34
192
0
0
0
0
0
0
8
192
0
0
0
0
0
64
82
64
0
0
0
0
0
192
93
64
0
0
0
0
0
0
81
64
0
0
0
0
0
128
105
64
0
0
0
0
0
0
55
192
0
0
0
0
0
96
105
64
0
0
0
0
0
0
99
192
0
0
0
0
0
128
92
64
0
0
0
0
0
224
110
192
0
0
0
0
0
0
49
192
0
0
0
0
0
16
112
192
0
0
0
0
0
128
93
192
0
0
0
0
0
224
101
192
0
0
0
0
0
192
96
192
0
0
0
0
0
128
72
192
0
0
0
0
0
128
76
192
0
0
0
0
0
0
73
64
0
0
0
0
0
64
81
64
0
0
0
0
0
0
80
64
0
0
0
0
0
64
101
64
0
0
0
0
0
0
48
192
0
0
0
0
0
160
103
64
0
0
0
0
0
192
98
192
0
0
0
0
0
64
91
64
0
0
0
0
0
128
112
192
0
0
0
0
0
0
61
192
0
0
0
0
0
128
114
192
0
0
0
0
0
0
99
192
0
0
0
0
0
128
108
192
0
0
0
0
0
96
104
192
0
0
0
0
0
0
88
192
0
0
0
0
0
0
97
192
0
0
0
0
0
0
57
64
0
0
0
0
0
0
32
192
0
0
0
0
0
64
81
64
0
0
0
0
0
128
92
64
0
0
0
0
0
0
28
64
0
0
0
0
0
32
100
64
0
0
0
0
0
32
96
192
0
0
0
0
0
0
89
64
0
0
0
0
0
192
112
192
0
0
0
0
0
0
70
192
0
0
0
0
0
224
116
192
0
0
0
0
0
224
104
192
0
0
0
0
0
32
114
192
0
0
0
0
0
224
113
192
0
0
0
0
0
96
99
192
0
0
0
0
0
96
112
192
0
0
0
0
0
0
240
191
0
0
0
0
0
96
97
192
0
0
0
0
0
192
86
64
0
0
0
0
0
0
40
64
0
0
0
0
0
0
81
64
0
0
0
0
0
128
90
64
0
0
0
0
0
128
79
192
0
0
0
0
0
192
84
64
0
0
0
0
0
96
109
192
0
0
0
0
0
128
78
192
0
0
0
0
0
128
118
192
0
0
0
0
0
128
112
192
0
0
0
0
0
240
118
192
0
0
0
0
0
64
123
192
0
0
0
0
0
64
110
192
0
0
0
0
0
224
126
192
0
0
0
0
0
0
67
192
0
0
0
0
0
176
121
192
0
0
0
0
0
0
99
64
0
0
0
0
0
96
108
192
0
0
0
0
0
64
109
64
0
0
0
0
0
128
67
192
0
0
0
0
0
224
99
64
0
0
0
0
0
128
69
64
0
0
0
0
0
128
72
192
0
0
0
0
0
128
76
192
0
0
0
0
0
128
114
192
0
0
0
0
0
176
117
192
0
0
0
0
0
112
124
192
0
0
0
0
0
136
135
192
0
0
0
0
0
176
121
192
0
0
0
0
0
208
145
192
0
0
0
0
0
128
90
192
0
0
0
0
0
48
149
192
0
0
0
0
0
208
122
64
0
0
0
0
0
8
148
192
0
0
0
0
0
240
144
64
0
0
0
0
0
72
139
192
0
0
0
0
0
120
154
64
0
0
0
0
0
32
102
192
0
0
0
0
0
90
160
64
0
0
0
0
0
64
133
64
0
0
0
0
0
208
160
64
0
0
0
0
0
216
151
64
0
0
0
0
0
124
156
64
0
0
0
0
0
12
161
64
0
0
0
0
0
220
145
64
0
0
0
0
0
152
163
64
0
0
0
0
0
0
108
64
0
0
0
0
0
254
162
64
0
0
0
0
0
8
136
192
0
0
0
0
0
128
158
64
0
0
0
0
0
240
153
192
0
0
0
0
0
244
145
64
0
0
0
0
0
232
161
192
0
0
0
0
0
96
99
64
0
0
0
0
0
246
163
192
0
0
0
0
0
16
139
192
0
0
0
0
0
204
162
192
0
0
0
0
0
84
155
192
0
0
0
0
0
48
157
192
0
0
0
0
0
100
162
192
0
0
0
0
0
12
144
192
0
0
0
0
0
52
164
192
0
0
0
0
0
0
46
192
0
0
0
0
0
212
162
192
0
0
0
0
0
144
143
64
0
0
0
0
0
236
156
192
0
0
0
0
0
148
157
64
0
0
0
0
0
240
142
192
0
0
0
0
0
128
163
64
0
0
0
0
0
0
70
64
0
0
0
0
0
70
165
64
0
0
0
0
0
28
145
64
0
0
0
0
0
202
163
64
0
0
0
0
0
60
159
64
0
0
0
0
0
100
158
64
0
0
0
0
0
98
164
64
0
0
0
0
0
80
144
64
0
0
0
0
0
10
166
64
0
0
0
0
0
0
64
192
0
0
0
0
0
64
164
64
0
0
0
0
0
100
145
192
0
0
0
0
0
140
158
64
0
0
0
0
0
148
159
192
0
0
0
0
0
136
143
64
0
0
0
0
0
96
164
192
0
0
0
0
0
0
87
192
0
0
0
0
0
174
165
192
0
0
0
0
0
68
146
192
0
0
0
0
0
136
163
192
0
0
0
0
0
10
160
192
0
0
0
0
0
144
156
192
0
0
0
0
0
96
164
192
0
0
0
0
0
40
139
192
0
0
0
0
0
134
165
192
0
0
0
0
0
192
108
64
0
0
0
0
0
80
163
192
0
0
0
0
0
100
148
64
0
0
0
0
0
24
156
192
0
0
0
0
0
50
161
64
0
0
0
0
0
200
137
192
0
0
0
0
0
194
165
64
0
0
0
0
0
192
115
64
0
0
0
0
0
32
167
64
0
0
0
0
0
216
150
64
0
0
0
0
0
248
164
64
0
0
0
0
0
10
163
64
0
0
0
0
0
216
158
64
0
0
0
0
0
8
168
64
0
0
0
0
0
160
140
64
0
0
0
0
0
108
169
64
0
0
0
0
0
240
116
192
0
0
0
0
0
202
166
64
0
0
0
0
0
164
152
192
0
0
0
0
0
110
160
64
0
0
0
0
0
72
164
192
0
0
0
0
0
96
141
64
0
0
0
0
0
16
169
192
0
0
0
0
0
48
119
192
0
0
0
0
0
210
169
192
0
0
0
0
0
20
153
192
0
0
0
0
0
112
166
192
0
0
0
0
0
246
163
192
0
0
0
0
0
48
159
192
0
0
0
0
0
6
168
192
0
0
0
0
0
32
138
192
0
0
0
0
0
64
168
192
0
0
0
0
0
112
121
64
0
0
0
0
0
214
164
192
0
0
0
0
0
24
152
64
0
0
0
0
0
244
156
192
0
0
0
0
0
214
162
64
0
0
0
0
0
224
136
192
0
0
0
0
0
182
166
64
0
0
0
0
0
16
118
64
0
0
0
0
0
76
167
64
0
0
0
0
0
144
150
64
0
0
0
0
0
152
164
64
0
0
0
0
0
60
162
64
0
0
0
0
0
244
157
64
0
0
0
0
0
172
166
64
0
0
0
0
0
160
140
64
0
0
0
0
0
232
167
64
0
0
0
0
0
128
109
192
0
0
0
0
0
162
165
64
0
0
0
0
0
128
149
192
0
0
0
0
0
20
160
64
0
0
0
0
0
50
162
192
0
0
0
0
0
4
144
64
0
0
0
0
0
248
166
192
0
0
0
0
0
32
101
192
0
0
0
0
0
58
168
192
0
0
0
0
0
200
148
192
0
0
0
0
0
188
165
192
0
0
0
0
0
184
161
192
0
0
0
0
0
220
159
192
0
0
0
0
0
38
166
192
0
0
0
0
0
72
143
192
0
0
0
0
0
20
167
192
0
0
0
0
0
160
99
64
0
0
0
0
0
134
164
192
0
0
0
0
0
136
147
64
0
0
0
0
0
24
158
192
0
0
0
0
0
146
160
64
0
0
0
0
0
80
142
192
0
0
0
0
0
192
164
64
0
0
0
0
0
64
88
64
0
0
0
0
0
220
165
64
0
0
0
0
0
156
145
64
0
0
0
0
0
226
163
64
0
0
0
0
0
12
159
64
0
0
0
0
0
0
0
0
0
0
0
0
0
0
0
0
0
0
0
0
0
0
0
0
0
0
0
0
0
0
0
0
0
0
0
0
0
0
0
0
0
0
0
0
0
0
0
0
0
0
0
0
0
0
0
0
0
0
0
0
0
0
0
0
0
0
0
0
0
0
0
0
0
0
0
0
0
0
0
0
0
0
0
0
0
0
0
0
0
0
0
0
0
0
0
0
0
0
0
0
0
0
0
0
0
0
0
0
0
0
0
0
0
0
0
0
0
0
0
0
0
0
0
0
0
0
0
0
0
0
0
0
0
0
0
0
0
0
0
0
0
0
0
0
0
0
0
0
0
0
0
0
0
0
0
0
0
0
0
0
0
0
0
0
0
0
0
0
0
0
0
0
0
0
0
0
0
0
0
0
0
0
0
0
0
0
0
0
0
0
0
0
0
0
0
0
0
0
0
0
0
0
0
0
0
0
0
0
0
0
0
0
0
0
0
0
0
0
0
0
0
0
0
0
0
0
0
0
0
0
0
0
0
0
0
0
0
0
0
0
0
0
0
0
0
0
0
0
0
0
0
0
0
0
0
0
0
0
0
0
0
0
0
0
0
0
0
0
0
0
0
0
0
0
0
0
0
0
0
0
0
0
0
0
0
0
0
0
0
0
0
0
0
0
0
0
0
0
0
0
0
0
0
0
0
0
0
0
0
0
0
0
0
0
0
0
0
0
0
0
0
0
0
0
0
0
0
0
0
0
0
0
0
0
0
0
0
0
0
0
0
0
0
0
0
0
0
0
0
0
0
0
0
0
0
0
0
0
0
0
0
0
0
0
0
0
0
0
0
0
0
0
0
0
0
0
0
0
0
0
0
0
0
0
0
0
0
0
0
0
0
0
0
0
0
0
0
0
0
0
0
0
0
0
0
0
0
0
0
0
0
0
0
0
0
0
0
0
0
0
0
0
0
0
0
0
0
0
0
0
0
0
0
0
0
0
0
0
0
0
0
0
0
0
0
0
0
0
0
0
0
0
0
0
0
0
0
0
0
0
0
0
0
0
0
0
0
0
0
0
0
0
0
0
0
0
0
0
0
0
0
0
0
0
0
0
0
0
0
0
0
0
0
0
0
0
0
0
0
0
0
0
0
0
0
0
0
0
0
0
0
0
0
0
0
0
0
0
0
0
0
0
0
0
0
0
0
0
0
0
0
0
0
0
0
0
0
0
0
0
0
0
0
0
0
0
0
0
0
0
0
0
0
0
0
0
0
0
0
0
0
0
0
0
0
0
0
0
0
0
0
0
0
0
0
0
0
0
0
0
0
0
0
0
0
0
0
0
0
0
0
0
0
0
0
0
0
0
0
0
0
0
0
0
0
0
0
0
0
0
0
0
0
0
0
0
0
0
0
0
0
0
0
0
0
0
0
0
0
0
0
0
0
0
0
0
0
0
0
0
0
0
0
0
0
0
0
0
0
0
0
0
0
0
0
0
0
0
0
0
0
0
0
0
0
0
0
0
0
0
0
0
0
0
0
0
0
0
0
0
0
0
0
0
0
0
0
0
0
0
0
0
0
0
0
0
0
0
0
0
0
0
0
0
0
0
0
0
0
0
0
0
0
0
0
0
0
0
0
0
0
0
0
0
0
0
0
0
0
0
0
0
0
0
0
0
0
0
0
0
0
0
0
0
0
0
0
0
0
0
0
0
0
0
0
0
0
0
0
0
0
0
0
0
0
0
0
0
0
0
0
0
0
0
0
0
0
0
0
0
0
0
0
0
0
0
0
0
0
0
0
0
0
0
0
0
0
0
0
0
0
0
0
0
0
0
0
0
0
0
0
0
0
0
0
0
0
0
0
0
0
0
0
0
0
0
0
0
0
0
0
0
0
0
0
0
0
0
0
0
0
0
0
0
0
0
0
0
0
0
0
0
0
0
0
0
0
0
0
0
0
0
0
0
0
0
0
0
0
0
0
0
0
0
0
0
0
0
0
0
0
0
0
0
0
0
0
0
0
0
0
0
0
0
0
0
0
0
0
0
0
0
0
0
0
0
0
0
0
0
0
0
0
0
0
0
0
0
0
0
0
0
0
0
0
0
0
0
0
0
0
0
0
0
0
0
0
0
0
0
0
0
0
0
0
0
0
0
0
0
0
0
0
0
0
0
0
0
0
0
0
0
0
0
0
0
0
0
0
0
0
0
0
0
0
0
0
0
0
0
0
0
0
0
0
0
0
0
0
0
0
0
0
0
0
0
0
0
0
0
0
0
0
0
0
0
0
0
0
0
0
0
0
0
0
0
0
0
0
0
0
0
0
0
0
0
0
0
0
0
0
0
0
0
0
0
0
0
0
0
0
0
0
0
0
0
0
0
0
0
0
0
0
0
0
0
0
0
0
0
0
0
0
0
0
0
0
0
0
0
0
0
0
0
0
0
0
0
0
0
0
0
0
0
0
0
0
0
0
0
0
0
0
0
0
0
0
0
0
0
0
0
0
0
0
0
0
0
0
0
0
0
0
0
0
0
0
0
0
0
0
0
0
0
0
0
0
0
0
0
0
0
0
0
0
0
0
0
0
0
0
0
0
0
0
0
0
0
0
0
0
0
0
0
0
0
0
0
0
0
0
0
0
0
0
0
0
0
0
0
0
0
0
0
0
0
0
0
0
0
0
0
0
0
0
0
0
0
0
0
0
0
0
0
0
0
0
0
0
0
0
0
0
0
0
0
0
0
0
0
0
0
0
0
0
0
0
0
0
0
0
0
0
0
0
0
0