58
70
65
67
84
58
67
68
65
84
49
56
58
68
65
84
65
32
35
57
48
48
48
48
48
54
57
51
54
0
30
163
192
0
0
0
0
0
0
152
64
0
0
0
0
0
114
169
192
0
0
0
0
0
224
102
64
0
0
0
0
0
216
171
192
0
0
0
0
0
80
146
192
0
0
0
0
0
0
170
192
0
0
0
0
0
30
162
192
0
0
0
0
0
80
164
192
0
0
0
0
0
42
168
192
0
0
0
0
0
120
151
192
0
0
0
0
0
124
170
192
0
0
0
0
0
64
106
192
0
0
0
0
0
220
168
192
0
0
0
0
0
244
144
64
0
0
0
0
0
164
163
192
0
0
0
0
0
50
161
64
0
0
0
0
0
52
151
192
0
0
0
0
0
84
167
64
0
0
0
0
0
224
109
192
0
0
0
0
0
20
170
64
0
0
0
0
0
128
144
64
0
0
0
0
0
10
169
64
0
0
0
0
0
94
161
64
0
0
0
0
0
74
164
64
0
0
0
0
0
36
168
64
0
0
0
0
0
192
152
64
0
0
0
0
0
128
171
64
0
0
0
0
0
160
114
64
0
0
0
0
0
194
170
64
0
0
0
0
0
212
144
192
0
0
0
0
0
222
165
64
0
0
0
0
0
48
162
192
0
0
0
0
0
236
154
64
0
0
0
0
0
94
169
192
0
0
0
0
0
160
118
64
0
0
0
0
0
180
172
192
0
0
0
0
0
144
144
192
0
0
0
0
0
150
171
192
0
0
0
0
0
2
162
192
0
0
0
0
0
50
166
192
0
0
0
0
0
196
168
192
0
0
0
0
0
0
155
192
0
0
0
0
0
136
171
192
0
0
0
0
0
16
120
192
0
0
0
0
0
12
170
192
0
0
0
0
0
32
142
64
0
0
0
0
0
190
164
192
0
0
0
0
0
128
160
64
0
0
0
0
0
64
153
192
0
0
0
0
0
164
166
64
0
0
0
0
0
16
120
192
0
0
0
0
0
64
169
64
0
0
0
0
0
208
138
64
0
0
0
0
0
36
168
64
0
0
0
0
0
116
158
64
0
0
0
0
0
154
163
64
0
0
0
0
0
116
165
64
0
0
0
0
0
164
152
64
0
0
0
0
0
146
168
64
0
0
0
0
0
48
122
64
0
0
0
0
0
32
168
64
0
0
0
0
0
80
137
192
0
0
0
0
0
26
164
64
0
0
0
0
0
72
158
192
0
0
0
0
0
244
153
64
0
0
0
0
0
216
165
192
0
0
0
0
0
240
125
64
0
0
0
0
0
86
169
192
0
0
0
0
0
208
136
192
0
0
0
0
0
252
168
192
0
0
0
0
0
132
158
192
0
0
0
0
0
200
164
192
0
0
0
0
0
240
165
192
0
0
0
0
0
188
154
192
0
0
0
0
0
44
169
192
0
0
0
0
0
208
127
192
0
0
0
0
0
124
168
192
0
0
0
0
0
88
135
64
0
0
0
0
0
24
164
192
0
0
0
0
0
248
156
64
0
0
0
0
0
172
153
192
0
0
0
0
0
168
164
64
0
0
0
0
0
128
127
192
0
0
0
0
0
134
167
64
0
0
0
0
0
200
132
64
0
0
0
0
0
206
166
64
0
0
0
0
0
112
154
64
0
0
0
0
0
200
162
64
0
0
0
0
0
10
163
64
0
0
0
0
0
80
152
64
0
0
0
0
0
234
165
64
0
0
0
0
0
192
127
64
0
0
0
0
0
130
165
64
0
0
0
0
0
72
130
192
0
0
0
0
0
248
161
64
0
0
0
0
0
124
152
192
0
0
0
0
0
184
151
64
0
0
0
0
0
244
161
192
0
0
0
0
0
120
128
64
0
0
0
0
0
228
164
192
0
0
0
0
0
80
128
192
0
0
0
0
0
166
164
192
0
0
0
0
0
240
150
192
0
0
0
0
0
84
161
192
0
0
0
0
0
246
160
192
0
0
0
0
0
0
151
192
0
0
0
0
0
198
163
192
0
0
0
0
0
120
128
192
0
0
0
0
0
144
163
192
0
0
0
0
0
96
125
64
0
0
0
0
0
120
160
192
0
0
0
0
0
104
149
64
0
0
0
0
0
12
150
192
0
0
0
0
0
248
159
64
0
0
0
0
0
88
128
192
0
0
0
0
0
212
162
64
0
0
0
0
0
240
122
64
0
0
0
0
0
226
162
64
0
0
0
0
0
140
148
64
0
0
0
0
0
44
160
64
0
0
0
0
0
84
159
64
0
0
0
0
0
44
150
64
0
0
0
0
0
196
162
64
0
0
0
0
0
88
129
64
0
0
0
0
0
18
163
64
0
0
0
0
0
224
120
192
0
0
0
0
0
126
160
64
0
0
0
0
0
64
148
192
0
0
0
0
0
208
150
64
0
0
0
0
0
48
159
192
0
0
0
0
0
112
130
64
0
0
0
0
0
164
162
192
0
0
0
0
0
64
118
192
0
0
0
0
0
200
162
192
0
0
0
0
0
24
147
192
0
0
0
0
0
10
160
192
0
0
0
0
0
56
157
192
0
0
0
0
0
236
149
192
0
0
0
0
0
64
161
192
0
0
0
0
0
216
129
192
0
0
0
0
0
50
161
192
0
0
0
0
0
16
115
64
0
0
0
0
0
64
157
192
0
0
0
0
0
24
145
64
0
0
0
0
0
36
148
192
0
0
0
0
0
108
154
64
0
0
0
0
0
240
128
192
0
0
0
0
0
184
159
64
0
0
0
0
0
224
112
64
0
0
0
0
0
58
160
64
0
0
0
0
0
84
144
64
0
0
0
0
0
160
156
64
0
0
0
0
0
104
154
64
0
0
0
0
0
164
148
64
0
0
0
0
0
134
160
64
0
0
0
0
0
160
130
64
0
0
0
0
0
142
161
64
0
0
0
0
0
0
112
192
0
0
0
0
0
236
159
64
0
0
0
0
0
136
145
192
0
0
0
0
0
144
151
64
0
0
0
0
0
36
157
192
0
0
0
0
0
8
134
64
0
0
0
0
0
104
162
192
0
0
0
0
0
224
110
192
0
0
0
0
0
126
163
192
0
0
0
0
0
160
146
192
0
0
0
0
0
134
161
192
0
0
0
0
0
196
158
192
0
0
0
0
0
124
153
192
0
0
0
0
0
26
163
192
0
0
0
0
0
184
135
192
0
0
0
0
0
222
163
192
0
0
0
0
0
160
108
64
0
0
0
0
0
156
161
192
0
0
0
0
0
92
146
64
0
0
0
0
0
120
153
192
0
0
0
0
0
72
158
64
0
0
0
0
0
8
136
192
0
0
0
0
0
214
162
64
0
0
0
0
0
192
105
64
0
0
0
0
0
202
163
64
0
0
0
0
0
52
146
64
0
0
0
0
0
224
161
64
0
0
0
0
0
232
158
64
0
0
0
0
0
156
154
64
0
0
0
0
0
192
163
64
0
0
0
0
0
96
138
64
0
0
0
0
0
72
165
64
0
0
0
0
0
192
102
192
0
0
0
0
0
164
163
64
0
0
0
0
0
60
147
192
0
0
0
0
0
192
157
64
0
0
0
0
0
186
160
192
0
0
0
0
0
64
142
64
0
0
0
0
0
138
165
192
0
0
0
0
0
32
99
192
0
0
0
0
0
32
167
192
0
0
0
0
0
240
147
192
0
0
0
0
0
26
165
192
0
0
0
0
0
70
161
192
0
0
0
0
0
128
159
192
0
0
0
0
0
224
165
192
0
0
0
0
0
208
143
192
0
0
0
0
0
12
167
192
0
0
0
0
0
0
95
64
0
0
0
0
0
178
164
192
0
0
0
0
0
32
147
64
0
0
0
0
0
156
158
192
0
0
0
0
0
134
160
64
0
0
0
0
0
40
143
192
0
0
0
0
0
232
164
64
0
0
0
0
0
192
87
64
0
0
0
0
0
46
166
64
0
0
0
0
0
64
146
64
0
0
0
0
0
66
164
64
0
0
0
0
0
68
160
64
0
0
0
0
0
204
158
64
0
0
0
0
0
54
165
64
0
0
0
0
0
104
144
64
0
0
0
0
0
54
167
64
0
0
0
0
0
0
77
192
0
0
0
0
0
214
165
64
0
0
0
0
0
228
146
192
0
0
0
0
0
14
161
64
0
0
0
0
0
118
161
192
0
0
0
0
0
196
146
64
0
0
0
0
0
48
167
192
0
0
0
0
0
0
48
192
0
0
0
0
0
144
169
192
0
0
0
0
0
0
148
192
0
0
0
0
0
2
168
192
0
0
0
0
0
152
162
192
0
0
0
0
0
158
162
192
0
0
0
0
0
110
168
192
0
0
0
0
0
104
148
192
0
0
0
0
0
128
170
192
0
0
0
0
0
0
49
192
0
0
0
0
0
118
168
192
0
0
0
0
0
220
147
64
0
0
0
0
0
182
162
192
0
0
0
0
0
94
162
64
0
0
0
0
0
112
148
192
0
0
0
0
0
228
167
64
0
0
0
0
0
0
71
192
0
0
0
0
0
188
169
64
0
0
0
0
0
180
146
64
0
0
0
0
0
182
167
64
0
0
0
0
0
128
161
64
0
0
0
0
0
58
162
64
0
0
0
0
0
238
166
64
0
0
0
0
0
72
148
64
0
0
0
0
0
226
168
64
0
0
0
0
0
0
86
64
0
0
0
0
0
28
167
64
0
0
0
0
0
116
145
192
0
0
0
0
0
236
161
64
0
0
0
0
0
174
160
192
0
0
0
0
0
72
148
64
0
0
0
0
0
252
165
192
0
0
0
0
0
128
96
64
0
0
0
0
0
218
167
192
0
0
0
0
0
224
143
192
0
0
0
0
0
18
166
192
0
0
0
0
0
224
158
192
0
0
0
0
0
8
161
192
0
0
0
0
0
76
164
192
0
0
0
0
0
80
147
192
0
0
0
0
0
238
165
192
0
0
0
0
0
160
98
192
0
0
0
0
0
72
164
192
0
0
0
0
0
128
140
64
0
0
0
0
0
128
159
192
0
0
0
0
0
32
156
64
0
0
0
0
0
48
146
192
0
0
0
0
0
200
162
64
0
0
0
0
0
32
100
192
0
0
0
0
0
186
164
64
0
0
0
0
0
240
138
64
0
0
0
0
0
180
163
64
0
0
0
0
0
176
155
64
0
0
0
0
0
164
159
64
0
0
0
0
0
20
163
64
0
0
0
0
0
16
147
64
0
0
0
0
0
156
165
64
0
0
0
0
0
224
105
64
0
0
0
0
0
236
164
64
0
0
0
0
0
40
139
192
0
0
0
0
0
248
160
64
0
0
0
0
0
184
156
192
0
0
0
0
0
156
148
64
0
0
0
0
0
204
163
192
0
0
0
0
0
32
112
64
0
0
0
0
0
32
166
192
0
0
0
0
0
200
137
192
0
0
0
0
0
240
164
192
0
0
0
0
0
48
155
192
0
0
0
0
0
134
160
192
0
0
0
0
0
72
162
192
0
0
0
0
0
152
147
192
0
0
0
0
0
224
163
192
0
0
0
0
0
32
112
192
0
0
0
0
0
100
162
192
0
0
0
0
0
240
133
64
0
0
0
0
0
176
156
192
0
0
0
0
0
64
151
64
0
0
0
0
0
20
145
192
0
0
0
0
0
96
159
64
0
0
0
0
0
224
109
192
0
0
0
0
0
82
161
64
0
0
0
0
0
40
131
64
0
0
0
0
0
124
160
64
0
0
0
0
0
68
149
64
0
0
0
0
0
184
154
64
0
0
0
0
0
212
157
64
0
0
0
0
0
172
144
64
0
0
0
0
0
252
160
64
0
0
0
0
0
144
112
64
0
0
0
0
0
112
160
64
0
0
0
0
0
248
129
192
0
0
0
0
0
148
154
64
0
0
0
0
0
104
148
192
0
0
0
0
0
64
144
64
0
0
0
0
0
224
155
192
0
0
0
0
0
208
112
64
0
0
0
0
0
240
157
192
0
0
0
0
0
224
122
192
0
0
0
0
0
108
154
192
0
0
0
0
0
224
139
192
0
0
0
0
0
204
146
192
0
0
0
0
0
16
144
192
0
0
0
0
0
104
131
192
0
0
0
0
0
216
138
192
0
0
0
0
0
128
96
192
0
0
0
0
0
160
127
192
0
0
0
0
0
0
95
64
0
0
0
0
0
64
98
192
0
0
0
0
0
192
90
64
0
0
0
0
0
0
83
64
0
0
0
0
0
192
89
192
0
0
0
0
0
64
81
64
0
0
0
0
0
128
119
192
0
0
0
0
0
192
93
192
0
0
0
0
0
64
129
192
0
0
0
0
0
160
119
192
0
0
0
0
0
16
129
192
0
0
0
0
0
200
129
192
0
0
0
0
0
240
118
192
0
0
0
0
0
184
130
192
0
0
0
0
0
64
91
192
0
0
0
0
0
240
124
192
0
0
0
0
0
64
89
64
0
0
0
0
0
224
109
192
0
0
0
0
0
32
101
64
0
0
0
0
0
0
68
192
0
0
0
0
0
192
83
64
0
0
0
0
0
0
61
64
0
0
0
0
0
0
91
192
0
0
0
0
0
0
72
192
0
0
0
0
0
144
113
192
0
0
0
0
0
192
107
192
0
0
0
0
0
144
117
192
0
0
0
0
0
112
120
192
0
0
0
0
0
208
112
192
0
0
0
0
0
240
124
192
0
0
0
0
0
128
88
192
0
0
0
0
0
48
121
192
0
0
0
0
0
64
83
64
0
0
0
0
0
192
110
192
0
0
0
0
0
160
100
64
0
0
0
0
0
128
83
192
0
0
0
0
0
64
95
64
0
0
0
0
0
0
46
64
0
0
0
0
0
0
32
192
0
0
0
0
0
0
51
192
0
0
0
0
0
128
100
192
0
0
0
0
0
64
98
192
0
0
0
0
0
224
110
192
0
0
0
0
0
96
114
192
0
0
0
0
0
0
107
192
0
0
0
0
0
176
119
192
0
0
0
0
0
192
86
192
0
0
0
0
0
48
118
192
0
0
0
0
0
0
77
64
0
0
0
0
0
160
109
192
0
0
0
0
0
192
98
64
0
0
0
0
0
0
87
192
0
0
0
0
0
64
97
64
0
0
0
0
0
0
240
191
0
0
0
0
0
128
64
64
0
0
0
0
0
0
20
192
0
0
0
0
0
128
89
192
0
0
0
0
0
192
89
192
0
0
0
0
0
224
103
192
0
0
0
0
0
64
109
192
0
0
0
0
0
0
103
192
0
0
0
0
0
32
116
192
0
0
0
0
0
0
86
192
0
0
0
0
0
224
115
192
0
0
0
0
0
128
69
64
0
0
0
0
0
64
108
192
0
0
0
0
0
224
96
64
0
0
0
0
0
128
88
192
0
0
0
0
0
96
97
64
0
0
0
0
0
0
20
192
0
0
0
0
0
128
75
64
0
0
0
0
0
0
8
64
0
0
0
0
0
128
80
192
0
0
0
0
0
0
83
192
0
0
0
0
0
128
99
192
0
0
0
0
0
64
104
192
0
0
0
0
0
128
100
192
0
0
0
0
0
176
113
192
0
0
0
0
0
192
85
192
0
0
0
0
0
64
114
192
0
0
0
0
0
0
63
64
0
0
0
0
0
64
107
192
0
0
0
0
0
128
94
64
0
0
0
0
0
128
89
192
0
0
0
0
0
0
97
64
0
0
0
0
0
0
36
192
0
0
0
0
0
192
80
64
0
0
0
0
0
0
24
64
0
0
0
0
0
128
70
192
0
0
0
0
0
128
77
192
0
0
0
0
0
192
96
192
0
0
0
0
0
224
100
192
0
0
0
0
0
224
98
192
0
0
0
0
0
0
112
192
0
0
0
0
0
192
85
192
0
0
0
0
0
32
113
192
0
0
0
0
0
0
53
64
0
0
0
0
0
128
106
192
0
0
0
0
0
192
91
64
0
0
0
0
0
64
90
192
0
0
0
0
0
128
96
64
0
0
0
0
0
0
44
192
0
0
0
0
0
64
82
64
0
0
0
0
0
0
34
64
0
0
0
0
0
0
62
192
0
0
0
0
0
128
71
192
0
0
0
0
0
0
94
192
0
0
0
0
0
160
98
192
0
0
0
0
0
0
98
192
0
0
0
0
0
192
109
192
0
0
0
0
0
64
86
192
0
0
0
0
0
112
112
192
0
0
0
0
0
0
40
64
0
0
0
0
0
64
106
192
0
0
0
0
0
128
89
64
0
0
0
0
0
64
91
192
0
0
0
0
0
32
96
64
0
0
0
0
0
0
51
192
0
0
0
0
0
128
83
64
0
0
0
0
0
0
38
64
0
0
0
0
0
0
53
192
0
0
0
0
0
128
67
192
0
0
0
0
0
192
91
192
0
0
0
0
0
32
97
192
0
0
0
0
0
160
97
192
0
0
0
0
0
96
108
192
0
0
0
0
0
128
87
192
0
0
0
0
0
48
112
192
0
0
0
0
0
0
16
64
0
0
0
0
0
128
106
192
0
0
0
0
0
192
87
64
0
0
0
0
0
0
93
192
0
0
0
0
0
0
96
64
0
0
0
0
0
0
55
192
0
0
0
0
0
0
85
64
0
0
0
0
0
0
38
64
0
0
0
0
0
0
42
192
0
0
0
0
0
0
64
192
0
0
0
0
0
128
90
192
0
0
0
0
0
32
96
192
0
0
0
0
0
192
97
192
0
0
0
0
0
224
107
192
0
0
0
0
0
0
89
192
0
0
0
0
0
64
112
192
0
0
0
0
0
0
16
192
0
0
0
0
0
128
107
192
0
0
0
0
0
192
86
64
0
0
0
0
0
64
95
192
0
0
0
0
0
64
96
64
0
0
0
0
0
0
62
192
0
0
0
0
0
192
86
64
0
0
0
0
0
0
38
64
0
0
0
0
0
0
16
192
0
0
0
0
0
0
59
192
0
0
0
0
0
128
89
192
0
0
0
0
0
0
95
192
0
0
0
0
0
32
98
192
0
0
0
0
0
224
107
192
0
0
0
0
0
0
91
192
0
0
0
0
0
208
112
192
0
0
0
0
0
0
40
192
0
0
0
0
0
64
109
192
0
0
0
0
0
0
86
64
0
0
0
0
0
96
97
192
0
0
0
0
0
224
96
64
0
0
0
0
0
0
67
192
0
0
0
0
0
128
89
64
0
0
0
0
0
0
38
64
0
0
0
0
0
0
24
64
0
0
0
0
0
0
55
192
0
0
0
0
0
128
88
192
0
0
0
0
0
0
94
192
0
0
0
0
0
160
98
192
0
0
0
0
0
96
108
192
0
0
0
0
0
128
93
192
0
0
0
0
0
176
113
192
0
0
0
0
0
0
53
192
0
0
0
0
0
0
112
192
0
0
0
0
0
192
85
64
0
0
0
0
0
0
100
192
0
0
0
0
0
32
98
64
0
0
0
0
0
128
73
192
0
0
0
0
0
192
93
64
0
0
0
0
0
0
34
64
0
0
0
0
0
0
53
64
0
0
0
0
0
0
50
192
0
0
0
0
0
192
86
192
0
0
0
0
0
128
93
192
0
0
0
0
0
96
99
192
0
0
0
0
0
128
109
192
0
0
0
0
0
96
96
192
0
0
0
0
0
16
115
192
0
0
0
0
0
0
64
192
0
0
0
0
0
240
113
192
0
0
0
0
0
0
86
64
0
0
0
0
0
192
103
192
0
0
0
0
0
32
100
64
0
0
0
0
0
128
81
192
0
0
0
0
0
0
98
64
0
0
0
0
0
0
8
64
0
0
0
0
0
0
71
64
0
0
0
0
0
0
42
192
0
0
0
0
0
192
83
192
0
0
0
0
0
192
92
192
0
0
0
0
0
224
99
192
0
0
0
0
0
224
110
192
0
0
0
0
0
64
98
192
0
0
0
0
0
0
117
192
0
0
0
0
0
128
70
192
0
0
0
0
0
176
116
192
0
0
0
0
0
192
86
64
0
0
0
0
0
64
109
192
0
0
0
0
0
32
103
64
0
0
0
0
0
192
88
192
0
0
0
0
0
224
102
64
0
0
0
0
0
0
8
192
0
0
0
0
0
64
85
64
0
0
0
0
0
0
8
192
0
0
0
0
0
0
76
192
0
0
0
0
0
0
91
192
0
0
0
0
0
224
99
192
0
0
0
0
0
64
112
192
0
0
0
0
0
96
100
192
0
0
0
0
0
144
119
192
0
0
0
0
0
128
78
192
0
0
0
0
0
160
120
192
0
0
0
0
0
192
87
64
0
0
0
0
0
192
114
192
0
0
0
0
0
160
107
64
0
0
0
0
0
32
98
192
0
0
0
0
0
192
110
64
0
0
0
0
0
0
50
192
0
0
0
0
0
32
99
64
0
0
0
0
0
0
36
64
0
0
0
0
0
0
16
192
0
0
0
0
0
64
87
192
0
0
0
0
0
64
98
192
0
0
0
0
0
224
112
192
0
0
0
0
0
128
102
192
0
0
0
0
0
240
122
192
0
0
0
0
0
128
84
192
0
0
0
0
0
128
126
192
0
0
0
0
0
192
89
64
0
0
0
0
0
96
121
192
0
0
0
0
0
128
113
64
0
0
0
0
0
96
108
192
0
0
0
0
0
16
118
64
0
0
0
0
0
0
72
192
0
0
0
0
0
128
113
64
0
0
0
0
0
0
62
64
0
0
0
0
0
0
88
64
0
0
0
0
0
0
76
192
0
0
0
0
0
192
87
192
0
0
0
0
0
128
112
192
0
0
0
0
0
64
103
192
0
0
0
0
0
48
127
192
0
0
0
0
0
64
91
192
0
0
0
0
0
240
131
192
0
0
0
0
0
0
93
64
0
0
0
0
0
200
130
192
0
0
0
0
0
64
120
64
0
0
0
0
0
208
120
192
0
0
0
0
0
232
129
64
0
0
0
0
0
0
95
192
0
0
0
0
0
0
130
64
0
0
0
0
0
192
81
64
0
0
0
0
0
48
120
64
0
0
0
0
0
64
82
64
0
0
0
0
0
64
89
64
0
0
0
0
0
160
100
192
0
0
0
0
0
192
93
192
0
0
0
0
0
32
129
192
0
0
0
0
0
96
96
192
0
0
0
0
0
200
140
192
0
0
0
0
0
96
98
64
0
0
0
0
0
32
145
192
0
0
0
0
0
0
133
64
0
0
0
0
0
136
141
192
0
0
0
0
0
56
148
64
0
0
0
0
0
208
123
192
0
0
0
0
0
96
156
64
0
0
0
0
0
80
115
64
0
0
0
0
0
14
160
64
0
0
0
0
0
216
145
64
0
0
0
0
0
220
157
64
0
0
0
0
0
4
157
64
0
0
0
0
0
184
149
64
0
0
0
0
0
236
161
64
0
0
0
0
0
136
130
64
0
0
0
0
0
124
162
64
0
0
0
0
0
80
116
192
0
0
0
0
0
40
160
64
0
0
0
0
0
192
146
192
0
0
0
0
0
204
150
64
0
0
0
0
0
164
157
192
0
0
0
0
0
192
131
64
0
0
0
0
0
36
162
192
0
0
0
0
0
224
114
192
0
0
0
0
0
230
162
192
0
0
0
0
0
40
147
192
0
0
0
0
0
242
160
192
0
0
0
0
0
136
159
192
0
0
0
0
0
196
152
192
0
0
0
0
0
250
163
192
0
0
0
0
0
144
134
192
0
0
0
0
0
98
165
192
0
0
0
0
0
192
115
64
0
0
0
0
0
126
163
192
0
0
0
0
0
148
149
64
0
0
0
0
0
180
156
192
0
0
0
0
0
234
161
64
0
0
0
0
0
120
138
192
0
0
0
0
0
136
166
64
0
0
0
0
0
192
115
64
0
0
0
0
0
178
167
64
0
0
0
0
0
172
150
64
0
0
0
0
0
28
165
64
0
0
0
0
0
118
162
64
0
0
0
0
0
104
158
64
0
0
0
0
0
168
166
64
0
0
0
0
0
16
140
64
0
0
0
0
0
82
167
64
0
0
0
0
0
144
112
192
0
0
0
0
0
126
164
64
0
0
0
0
0
48
149
192
0
0
0
0
0
124
157
64
0
0
0
0
0
86
161
192
0
0
0
0
0
248
139
64
0
0
0
0
0
110
165
192
0
0
0
0
0
160
106
192
0
0
0
0
0
100
166
192
0
0
0
0
0
44
148
192
0
0
0
0
0
38
164
192
0
0
0
0
0
42
161
192
0
0
0
0
0
232
157
192
0
0
0
0
0
234
165
192
0
0
0
0
0
160
141
192
0
0
0
0
0
138
167
192
0
0
0
0
0
64
104
64
0
0
0
0
0
166
165
192
0
0
0
0
0
44
149
64
0
0
0
0
0
86
160
192
0
0
0
0
0
106
162
64
0
0
0
0
0
140
144
192
0
0
0
0
0
180
167
64
0
0
0
0
0
0
102
64
0
0
0
0
0
130
169
64
0
0
0
0
0
64
150
64
0
0
0
0
0
106
167
64
0
0
0
0
0
106
163
64
0
0
0
0
0
168
161
64
0
0
0
0
0
238
168
64
0
0
0
0
0
32
146
64
0
0
0
0
0
194
170
64
0
0
0
0
0
64
97
192
0
0
0
0
0
146
168
64
0
0
0
0
0
128
150
192
0
0
0
0
0
160
162
64
0
0
0
0
0
234
163
192
0
0
0
0
0
132
147
64
0
0
0
0
0
186
169
192
0
0
0
0
0
0
88
192
0
0
0
0
0
194
171
192
0
0
0
0
0
168
150
192
0
0
0
0
0
154
169
192
0
0
0
0
0
88
164
192
0
0
0
0
0
128
163
192
0
0
0
0
0
88
170
192
0
0
0
0
0
180
148
192
0
0
0
0
0
84
172
192
0
0
0
0
0
128
76
64
0
0
0
0
0
242
169
192
0
0
0
0
0
72
150
64
0
0
0
0
0
156
163
192
0
0
0
0
0
2
164
64
0
0
0
0
0
208
148
192
0
0
0
0
0
160
169
64
0
0
0
0
0
0
42
64
0
0
0
0
0
48
171
64
0
0
0
0
0
104
148
64
0
0
0
0
0
152
168
64
0
0
0
0
0
88
162
64
0
0
0
0
0
118
162
64
0
0
0
0
0
108
167
64
0
0
0
0
0
196
147
64
0
0
0
0
0
226
168
64
0
0
0
0
0
0
64
64
0
0
0
0
0
182
166
64
0
0
0
0
0
24
146
192
0
0
0
0
0
90
161
64
0
0
0
0
0
200
160
192
0
0
0
0
0
52
147
64
0
0
0
0
0
248
165
192
0
0
0
0
0
192
80
64
0
0
0
0
0
244
167
192
0
0
0
0
0
92
145
192
0
0
0
0
0
114
166
192
0
0
0
0
0
180
160
192
0
0
0
0
0
150
161
192
0
0
0
0
0
90
166
192
0
0
0
0
0
248
147
192
0
0
0
0
0
176
168
192
0
0
0
0
0
0
87
192
0
0
0
0
0
64
167
192
0
0
0
0
0
148
145
64
0
0
0
0
0
50
162
192
0
0
0
0
0
4
161
64
0
0
0
0
0
168
148
192
0
0
0
0
0
150
166
64
0
0
0
0
0
0
95
192
0
0
0
0
0
154
168
64
0
0
0
0
0
168
144
64
0
0
0
0
0
204
166
64
0
0
0
0
0
14
160
64
0
0
0
0
0
154
161
64
0
0
0
0
0
18
165
64
0
0
0
0
0
240
147
64
0
0
0
0
0
190
166
64
0
0
0
0
0
96
99
64
0
0
0
0
0
8
165
64
0
0
0
0
0
96
141
192
0
0
0
0
0
90
160
64
0
0
0
0
0
252
156
192
0
0
0
0
0
248
146
64
0
0
0
0
0
84
163
192
0
0
0
0
0
160
102
64
0
0
0
0
0
70
165
192
0
0
0
0
0
0
139
192
0
0
0
0
0
32
164
192
0
0
0
0
0
196
155
192
0
0
0
0
0
8
160
192
0
0
0
0
0
248
162
192
0
0
0
0
0
28
147
192
0
0
0
0
0
54
165
192
0
0
0
0
0
192
105
192
0
0
0
0
0
58
164
192
0
0
0
0
0
88
138
64
0
0
0
0
0
34
160
192
0
0
0
0
0
120
155
64
0
0
0
0
0
56
147
192
0
0
0
0
0
176
162
64
0
0
0
0
0
0
108
192
0
0
0
0
0
164
164
64
0
0
0
0
0
112
136
64
0
0
0
0
0
98
163
64
0
0
0
0
0
108
153
64
0
0
0
0
0
120
158
64
0
0
0
0
0
20
161
64
0
0
0
0
0
4
146
64
0
0
0
0
0
176
162
64
0
0
0
0
0
192
108
64
0
0
0
0
0
126
161
64
0
0
0
0
0
48
133
192
0
0
0
0
0
180
155
64
0
0
0
0
0
144
150
192
0
0
0
0
0
204
144
64
0
0
0
0
0
228
158
192
0
0
0
0
0
64
110
64
0
0
0
0
0
86
161
192
0
0
0
0
0
80
131
192
0
0
0
0
0
198
160
192
0
0
0
0
0
224
149
192
0
0
0
0
0
160
155
192
0
0
0
0
0
60
159
192
0
0
0
0
0
140
145
192
0
0
0
0
0
40
162
192
0
0
0
0
0
208
113
192
0
0
0
0
0
16
162
192
0
0
0
0
0
200
131
64
0
0
0
0
0
88
158
192
0
0
0
0
0
104
151
64
0
0
0
0
0
152
147
192
0
0
0
0
0
238
160
64
0
0
0
0
0
112
117
192
0
0
0
0
0
180
163
64
0
0
0
0
0
56
132
64
0
0
0
0
0
124
163
64
0
0
0
0
0
84
152
64
0
0
0
0
0
60
160
64
0
0
0
0
0
122
161
64
0
0
0
0
0
228
148
64
0
0
0
0
0
36
164
64
0
0
0
0
0
80
120
64
0
0
0
0
0
198
163
64
0
0
0
0
0
80
131
192
0
0
0
0
0
112
160
64
0
0
0
0
0
236
151
192
0
0
0
0
0
80
149
64
0
0
0
0
0
78
161
192
0
0
0
0
0
64
122
64
0
0
0
0
0
24
164
192
0
0
0
0
0
136
130
192
0
0
0
0
0
232
163
192
0
0
0
0
0
224
151
192
0
0
0
0
0
194
160
192
0
0
0
0
0
146
161
192
0
0
0
0
0
24
150
192
0
0
0
0
0
172
164
192
0
0
0
0
0
128
124
192
0
0
0
0
0
182
164
192
0
0
0
0
0
120
130
64
0
0
0
0
0
156
161
192
0
0
0
0
0
152
152
64
0
0
0
0
0
132
151
192
0
0
0
0
0
72
162
64
0
0
0
0
0
208
127
192
0
0
0
0
0
160
165
64
0
0
0
0
0
80
130
64
0
0
0
0
0
194
165
64
0
0
0
0
0
68
153
64
0
0
0
0
0
154
162
64
0
0
0
0
0
246
162
64
0
0
0
0
0
36
153
64
0
0
0
0
0
150
166
64
0
0
0
0
0
8
130
64
0
0
0
0
0
238
166
64
0
0
0
0
0
200
129
192
0
0
0
0
0
216
163
64
0
0
0
0
0
4
154
192
0
0
0
0
0
88
155
64
0
0
0
0
0
230
163
192
0
0
0
0
0
208
132
64
0
0
0
0
0
10
168
192
0
0
0
0
0
152
129
192
0
0
0
0
0
178
168
192
0
0
0
0
0
104
155
192
0
0
0
0
0
150
165
192
0
0
0
0
0
64
165
192
0
0
0
0
0
8
158
192
0
0
0
0
0
194
169
192
0
0
0
0
0
152
135
192
0
0
0
0
0
0
0
0
0
0
0
0
0
0
0
0
0
0
0
0
0
0
0
0
0
0
0
0
0
0
0
0
0
0
0
0
0
0
0
0
0
0
0
0
0
0
0
0
0
0
0
0
0
0
0
0
0
0
0
0
0
0
0
0
0
0
0
0
0
0
0
0
0
0
0
0
0
0
0
0
0
0
0
0
0
0
0
0
0
0
0
0
0
0
0
0
0
0
0
0
0
0
0
0
0
0
0
0
0
0
0
0
0
0
0
0
0
0
0
0
0
0
0
0
0
0
0
0
0
0
0
0
0
0
0
0
0
0
0
0
0
0
0
0
0
0
0
0
0
0
0
0
0
0
0
0
0
0
0
0
0
0
0
0
0
0
0
0
0
0
0
0
0
0
0
0
0
0
0
0
0
0
0
0
0
0
0
0
0
0
0
0
0
0
0
0
0
0
0
0
0
0
0
0
0
0
0
0
0
0
0
0
0
0
0
0
0
0
0
0
0
0
0
0
0
0
0
0
0
0
0
0
0
0
0
0
0
0
0
0
0
0
0
0
0
0
0
0
0
0
0
0
0
0
0
0
0
0
0
0
0
0
0
0
0
0
0
0
0
0
0
0
0
0
0
0
0
0
0
0
0
0
0
0
0
0
0
0
0
0
0
0
0
0
0
0
0
0
0
0
0
0
0
0
0
0
0
0
0
0
0
0
0
0
0
0
0
0
0
0
0
0
0
0
0
0
0
0
0
0
0
0
0
0
0
0
0
0
0
0
0
0
0
0
0
0
0
0
0
0
0
0
0
0
0
0
0
0
0
0
0
0
0
0
0
0
0
0
0
0
0
0
0
0
0
0
0
0
0
0
0
0
0
0
0
0
0
0
0
0
0
0
0
0
0
0
0
0
0
0
0
0
0
0
0
0
0
0
0
0
0
0
0
0
0
0
0
0
0
0
0
0
0
0
0
0
0
0
0
0
0
0
0
0
0
0
0
0
0
0
0
0
0
0
0
0
0
0
0
0
0
0
0
0
0
0
0
0
0
0
0
0
0
0
0
0
0
0
0
0
0
0
0
0
0
0
0
0
0
0
0
0
0
0
0
0
0
0
0
0
0
0
0
0
0
0
0
0
0
0
0
0
0
0
0
0
0
0
0
0
0
0
0
0
0
0
0
0
0
0
0
0
0
0
0
0
0
0
0
0
0
0
0
0
0
0
0
0
0
0
0
0
0
0
0
0
0
0
0
0
0
0
0
0
0
0
0
0
0
0
0
0
0
0
0
0
0
0
0
0
0
0
0
0
0
0
0
0
0
0
0
0
0
0
0
0
0
0
0
0
0
0
0
0
0
0
0
0
0
0
0
0
0
0
0
0
0
0
0
0
0
0
0
0
0
0
0
0
0
0
0
0
0
0
0
0
0
0
0
0
0
0
0
0
0
0
0
0
0
0
0
0
0
0
0
0
0
0
0
0
0
0
0
0
0
0
0
0
0
0
0
0
0
0
0
0
0
0
0
0
0
0
0
0
0
0
0
0
0
0
0
0
0
0
0
0
0
0
0
0
0
0
0
0
0
0
0
0
0
0
0
0
0
0
0
0
0
0
0
0
0
0
0
0
0
0
0
0
0
0
0
0
0
0
0
0
0
0
0
0
0
0
0
0
0
0
0
0
0
0
0
0
0
0
0
0
0
0
0
0
0
0
0
0
0
0
0
0
0
0
0
0
0
0
0
0
0
0
0
0
0
0
0
0
0
0
0
0
0
0
0
0
0
0
0
0
0
0
0
0
0
0
0
0
0
0
0
0
0
0
0
0
0
0
0
0
0
0
0
0
0
0
0
0
0
0
0
0
0
0
0
0
0
0
0
0
0
0
0
0
0
0
0
0
0
0
0
0
0
0
0
0
0
0
0
0
0
0
0
0
0
0
0
0
0
0
0
0
0
0
0
0
0
0
0
0
0
0
0
0
0
0
0
0
0
0
0
0
0
0
0
0
0
0
0
0
0
0
0
0
0
0
0
0
0
0
0
0
0
0
0
0
0
0
0
0
0
0
0
0
0
0
0
0
0
0
0
0
0
0
0
0
0
0
0
0
0
0
0
0
0
0
0
0
0
0
0
0
0
0
0
0
0
0
0
0
0
0
0
0
0
0
0
0
0
0
0
0
0
0
0
0
0
0
0
0
0
0
0
0
0
0
0
0
0
0
0
0
0
0
0
0
0
0
0
0
0
0
0
0
0
0
0
0
0
0
0
0
0
0
0
0
0
0
0
0
0
0
0
0
0
0
0
0
0
0
0
0
0
0
0
0
0
0
0
0
0
0
0
0
0
0
0
0
0
0
0
0
0
0
0
0
0
0
0
0
0
0
0
0
0
0
0
0
0
0
0
0
0
0
0
0
0
0
0
0
0
0
0
0
0
0
0
0
0
0
0
0
0
0
0
0
0
0
0
0
0
0
0
0
0
0
0
0
0
0
0
0
0
0
0
0
0
0
0
0
0
0
0
0
0
0
0
0
0
0
0
0
0
0
0
0
0
0
0
0
0
0
0
0
0
0
0
0
0
0
0
0
0
0
0
0
0
0
0
0
0
0
0
0
0
0
0
0
0
0
0
0
0
0
0
0
0
0
0
0
0
0
0
0
0
0
0
0
0
0
0
0
0
0
0
0
0
0
0
0
0
0
0
0
0
0
0
0
0
0
0
0
0
0
0
0
0
0
0
0
0
0
0
0
0
0
0
0
0
0
0
0
0
0
0
0
0
0
0
0
0
0
0
0
0