58
70
65
67
84
58
67
68
65
84
49
56
58
68
65
84
65
32
35
57
48
48
48
48
48
54
57
51
54
0
50
175
64
0
0
0
0
0
152
136
192
0
0
0
0
0
7
178
64
0
0
0
0
0
128
143
64
0
0
0
0
0
204
177
64
0
0
0
0
0
170
164
64
0
0
0
0
0
236
173
64
0
0
0
0
0
94
174
64
0
0
0
0
0
224
163
64
0
0
0
0
0
200
177
64
0
0
0
0
0
184
139
64
0
0
0
0
0
193
177
64
0
0
0
0
0
248
139
192
0
0
0
0
0
50
174
64
0
0
0
0
0
218
163
192
0
0
0
0
0
112
164
64
0
0
0
0
0
186
173
192
0
0
0
0
0
208
142
64
0
0
0
0
0
149
177
192
0
0
0
0
0
112
136
192
0
0
0
0
0
176
177
192
0
0
0
0
0
238
162
192
0
0
0
0
0
90
174
192
0
0
0
0
0
220
172
192
0
0
0
0
0
230
164
192
0
0
0
0
0
59
177
192
0
0
0
0
0
232
144
192
0
0
0
0
0
121
177
192
0
0
0
0
0
128
132
64
0
0
0
0
0
78
174
192
0
0
0
0
0
214
161
64
0
0
0
0
0
66
165
192
0
0
0
0
0
210
171
64
0
0
0
0
0
88
146
192
0
0
0
0
0
211
176
64
0
0
0
0
0
176
128
64
0
0
0
0
0
65
177
64
0
0
0
0
0
214
160
64
0
0
0
0
0
78
174
64
0
0
0
0
0
246
170
64
0
0
0
0
0
170
165
64
0
0
0
0
0
138
176
64
0
0
0
0
0
188
147
64
0
0
0
0
0
37
177
64
0
0
0
0
0
192
122
192
0
0
0
0
0
110
174
64
0
0
0
0
0
2
160
192
0
0
0
0
0
22
166
64
0
0
0
0
0
62
170
192
0
0
0
0
0
12
149
64
0
0
0
0
0
68
176
192
0
0
0
0
0
32
116
192
0
0
0
0
0
251
176
192
0
0
0
0
0
28
158
192
0
0
0
0
0
92
174
192
0
0
0
0
0
62
169
192
0
0
0
0
0
82
166
192
0
0
0
0
0
148
175
192
0
0
0
0
0
48
150
192
0
0
0
0
0
153
176
192
0
0
0
0
0
192
105
64
0
0
0
0
0
236
173
192
0
0
0
0
0
200
155
64
0
0
0
0
0
82
166
192
0
0
0
0
0
248
167
64
0
0
0
0
0
32
151
192
0
0
0
0
0
104
174
64
0
0
0
0
0
0
88
64
0
0
0
0
0
42
176
64
0
0
0
0
0
164
153
64
0
0
0
0
0
132
173
64
0
0
0
0
0
238
166
64
0
0
0
0
0
106
166
64
0
0
0
0
0
164
173
64
0
0
0
0
0
40
152
64
0
0
0
0
0
0
176
64
0
0
0
0
0
0
0
0
0
0
0
0
0
164
173
64
0
0
0
0
0
40
152
192
0
0
0
0
0
238
166
64
0
0
0
0
0
106
166
192
0
0
0
0
0
164
153
64
0
0
0
0
0
132
173
192
0
0
0
0
0
0
88
64
0
0
0
0
0
42
176
192
0
0
0
0
0
32
151
192
0
0
0
0
0
104
174
192
0
0
0
0
0
82
166
192
0
0
0
0
0
248
167
192
0
0
0
0
0
236
173
192
0
0
0
0
0
200
155
192
0
0
0
0
0
153
176
192
0
0
0
0
0
192
105
192
0
0
0
0
0
148
175
192
0
0
0
0
0
48
150
64
0
0
0
0
0
62
169
192
0
0
0
0
0
82
166
64
0
0
0
0
0
28
158
192
0
0
0
0
0
92
174
64
0
0
0
0
0
32
116
192
0
0
0
0
0
251
176
64
0
0
0
0
0
12
149
64
0
0
0
0
0
68
176
64
0
0
0
0
0
22
166
64
0
0
0
0
0
62
170
64
0
0
0
0
0
110
174
64
0
0
0
0
0
2
160
64
0
0
0
0
0
37
177
64
0
0
0
0
0
192
122
64
0
0
0
0
0
138
176
64
0
0
0
0
0
188
147
192
0
0
0
0
0
246
170
64
0
0
0
0
0
170
165
192
0
0
0
0
0
214
160
64
0
0
0
0
0
78
174
192
0
0
0
0
0
176
128
64
0
0
0
0
0
65
177
192
0
0
0
0
0
88
146
192
0
0
0
0
0
211
176
192
0
0
0
0
0
66
165
192
0
0
0
0
0
210
171
192
0
0
0
0
0
78
174
192
0
0
0
0
0
214
161
192
0
0
0
0
0
121
177
192
0
0
0
0
0
128
132
192
0
0
0
0
0
59
177
192
0
0
0
0
0
232
144
64
0
0
0
0
0
220
172
192
0
0
0
0
0
230
164
64
0
0
0
0
0
238
162
192
0
0
0
0
0
90
174
64
0
0
0
0
0
112
136
192
0
0
0
0
0
176
177
64
0
0
0
0
0
208
142
64
0
0
0
0
0
149
177
64
0
0
0
0
0
112
164
64
0
0
0
0
0
186
173
64
0
0
0
0
0
50
174
64
0
0
0
0
0
218
163
64
0
0
0
0
0
193
177
64
0
0
0
0
0
248
139
64
0
0
0
0
0
200
177
64
0
0
0
0
0
184
139
192
0
0
0
0
0
94
174
64
0
0
0
0
0
224
163
192
0
0
0
0
0
170
164
64
0
0
0
0
0
236
173
192
0
0
0
0
0
128
143
64
0
0
0
0
0
204
177
192
0
0
0
0
0
152
136
192
0
0
0
0
0
7
178
192
0
0
0
0
0
92
163
192
0
0
0
0
0
50
175
192
0
0
0
0
0
210
173
192
0
0
0
0
0
180
165
192
0
0
0
0
0
252
177
192
0
0
0
0
0
212
145
192
0
0
0
0
0
108
178
192
0
0
0
0
0
72
133
64
0
0
0
0
0
35
176
192
0
0
0
0
0
228
162
64
0
0
0
0
0
220
166
192
0
0
0
0
0
198
173
64
0
0
0
0
0
248
147
192
0
0
0
0
0
39
178
64
0
0
0
0
0
208
129
64
0
0
0
0
0
187
178
64
0
0
0
0
0
70
162
64
0
0
0
0
0
134
176
64
0
0
0
0
0
102
173
64
0
0
0
0
0
182
167
64
0
0
0
0
0
19
178
64
0
0
0
0
0
184
149
64
0
0
0
0
0
195
178
64
0
0
0
0
0
176
124
192
0
0
0
0
0
173
176
64
0
0
0
0
0
116
161
192
0
0
0
0
0
70
168
64
0
0
0
0
0
184
172
192
0
0
0
0
0
72
151
64
0
0
0
0
0
222
177
192
0
0
0
0
0
128
117
192
0
0
0
0
0
191
178
192
0
0
0
0
0
164
160
192
0
0
0
0
0
225
176
192
0
0
0
0
0
50
172
192
0
0
0
0
0
14
169
192
0
0
0
0
0
213
177
192
0
0
0
0
0
64
153
192
0
0
0
0
0
247
178
192
0
0
0
0
0
0
108
64
0
0
0
0
0
79
177
192
0
0
0
0
0
244
159
64
0
0
0
0
0
38
170
192
0
0
0
0
0
244
171
64
0
0
0
0
0
120
155
192
0
0
0
0
0
240
177
64
0
0
0
0
0
0
90
64
0
0
0
0
0
67
179
64
0
0
0
0
0
160
158
64
0
0
0
0
0
185
177
64
0
0
0
0
0
150
171
64
0
0
0
0
0
20
171
64
0
0
0
0
0
227
177
64
0
0
0
0
0
84
157
64
0
0
0
0
0
82
179
64
0
0
0
0
0
0
36
64
0
0
0
0
0
226
177
64
0
0
0
0
0
248
156
192
0
0
0
0
0
158
171
64
0
0
0
0
0
222
170
192
0
0
0
0
0
212
158
64
0
0
0
0
0
160
177
192
0
0
0
0
0
128
95
64
0
0
0
0
0
52
179
192
0
0
0
0
0
28
155
192
0
0
0
0
0
245
177
192
0
0
0
0
0
20
170
192
0
0
0
0
0
40
172
192
0
0
0
0
0
99
177
192
0
0
0
0
0
66
160
192
0
0
0
0
0
47
179
192
0
0
0
0
0
96
111
192
0
0
0
0
0
41
178
192
0
0
0
0
0
80
153
64
0
0
0
0
0
234
172
192
0
0
0
0
0
114
169
64
0
0
0
0
0
56
161
192
0
0
0
0
0
65
177
64
0
0
0
0
0
128
119
192
0
0
0
0
0
63
179
64
0
0
0
0
0
156
151
64
0
0
0
0
0
99
178
64
0
0
0
0
0
206
168
64
0
0
0
0
0
154
173
64
0
0
0
0
0
16
177
64
0
0
0
0
0
12
162
64
0
0
0
0
0
48
179
64
0
0
0
0
0
160
126
64
0
0
0
0
0
119
178
64
0
0
0
0
0
216
149
192
0
0
0
0
0
8
174
64
0
0
0
0
0
4
168
192
0
0
0
0
0
186
162
64
0
0
0
0
0
194
176
192
0
0
0
0
0
200
130
64
0
0
0
0
0
6
179
192
0
0
0
0
0
244
147
192
0
0
0
0
0
123
178
192
0
0
0
0
0
38
167
192
0
0
0
0
0
114
174
192
0
0
0
0
0
114
176
192
0
0
0
0
0
120
163
192
0
0
0
0
0
227
178
192
0
0
0
0
0
144
134
192
0
0
0
0
0
140
178
192
0
0
0
0
0
0
146
64
0
0
0
0
0
242
174
192
0
0
0
0
0
78
166
64
0
0
0
0
0
62
164
192
0
0
0
0
0
37
176
64
0
0
0
0
0
64
138
192
0
0
0
0
0
191
178
64
0
0
0
0
0
24
144
64
0
0
0
0
0
146
178
64
0
0
0
0
0
108
165
64
0
0
0
0
0
76
175
64
0
0
0
0
0
150
175
64
0
0
0
0
0
220
164
64
0
0
0
0
0
134
178
64
0
0
0
0
0
128
141
64
0
0
0
0
0
132
178
64
0
0
0
0
0
144
140
192
0
0
0
0
0
144
175
64
0
0
0
0
0
144
164
192
0
0
0
0
0
120
165
64
0
0
0
0
0
240
174
192
0
0
0
0
0
112
144
64
0
0
0
0
0
98
178
192
0
0
0
0
0
0
137
192
0
0
0
0
0
153
178
192
0
0
0
0
0
216
163
192
0
0
0
0
0
21
176
192
0
0
0
0
0
148
174
192
0
0
0
0
0
94
166
192
0
0
0
0
0
109
178
192
0
0
0
0
0
116
146
192
0
0
0
0
0
218
178
192
0
0
0
0
0
96
133
64
0
0
0
0
0
125
176
192
0
0
0
0
0
52
163
64
0
0
0
0
0
86
167
192
0
0
0
0
0
64
174
64
0
0
0
0
0
108
148
192
0
0
0
0
0
105
178
64
0
0
0
0
0
176
129
64
0
0
0
0
0
245
178
64
0
0
0
0
0
92
162
64
0
0
0
0
0
175
176
64
0
0
0
0
0
128
173
64
0
0
0
0
0
228
167
64
0
0
0
0
0
24
178
64
0
0
0
0
0
228
149
64
0
0
0
0
0
188
178
64
0
0
0
0
0
16
124
192
0
0
0
0
0
156
176
64
0
0
0
0
0
78
161
192
0
0
0
0
0
34
168
64
0
0
0
0
0
110
172
192
0
0
0
0
0
44
151
64
0
0
0
0
0
166
177
192
0
0
0
0
0
144
116
192
0
0
0
0
0
123
178
192
0
0
0
0
0
72
160
192
0
0
0
0
0
154
176
192
0
0
0
0
0
146
171
192
0
0
0
0
0
156
168
192
0
0
0
0
0
104
177
192
0
0
0
0
0
212
152
192
0
0
0
0
0
121
178
192
0
0
0
0
0
224
105
64
0
0
0
0
0
212
176
192
0
0
0
0
0
224
158
64
0
0
0
0
0
98
169
192
0
0
0
0
0
2
171
64
0
0
0
0
0
172
154
192
0
0
0
0
0
79
177
64
0
0
0
0
0
128
86
64
0
0
0
0
0
141
178
64
0
0
0
0
0
72
157
64
0
0
0
0
0
10
177
64
0
0
0
0
0
100
170
64
0
0
0
0
0
2
170
64
0
0
0
0
0
25
177
64
0
0
0
0
0
48
156
64
0
0
0
0
0
115
178
64
0
0
0
0
0
0
51
64
0
0
0
0
0
17
177
64
0
0
0
0
0
128
155
192
0
0
0
0
0
88
170
64
0
0
0
0
0
138
169
192
0
0
0
0
0
116
157
64
0
0
0
0
0
192
176
192
0
0
0
0
0
32
96
64
0
0
0
0
0
62
178
192
0
0
0
0
0
148
153
192
0
0
0
0
0
13
177
192
0
0
0
0
0
166
168
192
0
0
0
0
0
186
170
192
0
0
0
0
0
110
176
192
0
0
0
0
0
232
158
192
0
0
0
0
0
27
178
192
0
0
0
0
0
224
110
192
0
0
0
0
0
31
177
192
0
0
0
0
0
176
151
64
0
0
0
0
0
58
171
192
0
0
0
0
0
216
167
64
0
0
0
0
0
54
160
192
0
0
0
0
0
40
176
64
0
0
0
0
0
144
118
192
0
0
0
0
0
255
177
64
0
0
0
0
0
228
149
64
0
0
0
0
0
44
177
64
0
0
0
0
0
16
167
64
0
0
0
0
0
162
171
64
0
0
0
0
0
190
175
64
0
0
0
0
0
220
160
64
0
0
0
0
0
218
177
64
0
0
0
0
0
0
125
64
0
0
0
0
0
49
177
64
0
0
0
0
0
52
148
192
0
0
0
0
0
0
172
64
0
0
0
0
0
78
166
192
0
0
0
0
0
130
161
64
0
0
0
0
0
48
175
192
0
0
0
0
0
208
129
64
0
0
0
0
0
187
177
192
0
0
0
0
0
120
146
192
0
0
0
0
0
62
177
192
0
0
0
0
0
132
165
192
0
0
0
0
0
110
172
192
0
0
0
0
0
150
174
192
0
0
0
0
0
50
162
192
0
0
0
0
0
140
177
192
0
0
0
0
0
72
133
192
0
0
0
0
0
49
177
192
0
0
0
0
0
132
144
64
0
0
0
0
0
152
172
192
0
0
0
0
0
128
164
64
0
0
0
0
0
166
162
192
0
0
0
0
0
152
173
64
0
0
0
0
0
72
136
192
0
0
0
0
0
26
177
64
0
0
0
0
0
232
140
64
0
0
0
0
0
219
176
64
0
0
0
0
0
68
163
64
0
0
0
0
0
70
172
64
0
0
0
0
0
76
172
64
0
0
0
0
0
196
162
64
0
0
0
0
0
137
176
64
0
0
0
0
0
160
138
64
0
0
0
0
0
122
176
64
0
0
0
0
0
40
137
192
0
0
0
0
0
10
172
64
0
0
0
0
0
48
162
192
0
0
0
0
0
18
163
64
0
0
0
0
0
92
171
192
0
0
0
0
0
96
141
64
0
0
0
0
0
66
176
192
0
0
0
0
0
216
133
192
0
0
0
0
0
117
176
192
0
0
0
0
0
126
161
192
0
0
0
0
0
124
172
192
0
0
0
0
0
254
170
192
0
0
0
0
0
216
163
192
0
0
0
0
0
69
176
192
0
0
0
0
0
120
144
192
0
0
0
0
0
164
176
192
0
0
0
0
0
136
130
64
0
0
0
0
0
20
173
192
0
0
0
0
0
214
160
64
0
0
0
0
0
142
164
192
0
0
0
0
0
130
170
64
0
0
0
0
0
4
146
192
0
0
0
0
0
25
176
64
0
0
0
0
0
64
126
64
0
0
0
0
0
134
176
64
0
0
0
0
0
192
159
64
0
0
0
0
0
0
173
64
0
0
0
0
0
120
169
64
0
0
0
0
0
184
164
64
0
0
0
0
0
46
175
64
0
0
0
0
0
0
147
64
0
0
0
0
0
31
176
64
0
0
0
0
0
160
119
192
0
0
0
0
0
148
172
64
0
0
0
0
0
160
157
192
0
0
0
0
0
200
164
64
0
0
0
0
0
100
168
192
0
0
0
0
0
12
148
64
0
0
0
0
0
86
174
192
0
0
0
0
0
48
113
192
0
0
0
0
0
214
175
192
0
0
0
0
0
244
155
192
0
0
0
0
0
174
172
192
0
0
0
0
0
198
167
192
0
0
0
0
0
82
165
192
0
0
0
0
0
22
174
192
0
0
0
0
0
156
149
192
0
0
0
0
0
248
175
192
0
0
0
0
0
32
101
64
0
0
0
0
0
32
173
192
0
0
0
0
0
140
154
64
0
0
0
0
0
246
165
192
0
0
0
0
0
66
167
64
0
0
0
0
0
24
151
192
0
0
0
0
0
196
173
64
0
0
0
0
0
0
81
64
0
0
0
0
0
212
175
64
0
0
0
0
0
236
152
64
0
0
0
0
0
42
173
64
0
0
0
0
0
116
166
64
0
0
0
0
0
54
166
64
0
0
0
0
0
14
173
64
0
0
0
0
0
20
152
64
0
0
0
0
0
88
175
64
0
0
0
0
0
0
55
64
0
0
0
0
0
8
173
64
0
0
0
0
0
72
151
192
0
0
0
0
0
122
166
64
0
0
0
0
0
184
165
192
0
0
0
0
0
72
153
64
0
0
0
0
0
156
172
192
0
0
0
0
0
192
93
64
0
0
0
0
0
86
175
192
0
0
0
0
0
248
149
192
0
0
0
0
0
122
173
192
0
0
0
0
0
92
165
192
0
0
0
0
0
68
167
192
0
0
0
0
0
168
172
192
0
0
0
0
0
28
155
192
0
0
0
0
0
192
175
192
0
0
0
0
0
96
108
192
0
0
0
0
0
32
174
192
0
0
0
0
0
172
148
64
0
0
0
0
0
4
168
192
0
0
0
0
0
238
164
64
0
0
0
0
0
164
156
192
0
0
0
0
0
98
172
64
0
0
0
0
0
96
116
192
0
0
0
0
0
148
175
64
0
0
0
0
0
4
147
64
0
0
0
0
0
14
174
64
0
0
0
0
0
8
164
64
0
0
0
0
0
24
168
64
0
0
0
0
0
124
171
64
0
0
0
0
0
84
157
64
0
0
0
0
0
210
174
64
0
0
0
0
0
128
121
64
0
0
0
0
0
162
173
64
0
0
0
0
0
80
145
192
0
0
0
0
0
34
168
64
0
0
0
0
0
42
163
192
0
0
0
0
0
72
158
64
0
0
0
0
0
222
170
192
0
0
0
0
0
64
127
64
0
0
0
0
0
176
174
192
0
0
0
0
0
248
143
192
0
0
0
0
0
16
174
192
0
0
0
0
0
220
162
192
0
0
0
0
0
6
169
192
0
0
0
0
0
30
171
192
0
0
0
0
0
54
160
192
0
0
0
0
0
126
175
192
0
0
0
0
0
96
131
192
0
0
0
0
0
62
175
192
0
0
0
0
0
192
141
64
0
0
0
0
0
80
170
192
0
0
0
0
0
202
162
64
0
0
0
0
0
96
161
192
0
0
0
0
0
118
171
64
0
0
0
0
0
0
135
192
0
0
0
0
0
11
176
64
0
0
0
0
0
40
139
64
0
0
0
0
0
234
175
64
0
0
0
0
0
82
162
64
0
0
0
0
0
250
170
64
0
0
0
0
0
24
171
64
0
0
0
0
0
6
162
64
0
0
0
0
0
204
175
64
0
0
0
0
0
200
137
64
0
0
0
0
0
194
175
64
0
0
0
0
0
8
136
192
0
0
0
0
0
12
171
64
0
0
0
0
0
124
161
192
0
0
0
0
0
102
162
64
0
0
0
0
0
78
170
192
0
0
0
0
0
104
140
64
0
0
0
0
0
54
175
192
0
0
0
0
0
168
132
192
0
0
0
0
0
130
175
192
0
0
0
0
0
158
160
192
0
0
0
0
0
46
171
192
0
0
0
0
0
146
169
192
0
0
0
0
0
226
162
192
0
0
0
0
0
184
174
192
0
0
0
0
0
96
143
192
0
0
0
0
0
78
175
192
0
0
0
0
0
40
129
64
0
0
0
0
0
68
171
192
0
0
0
0
0
108
159
64
0
0
0
0
0
60
163
192
0
0
0
0
0
182
168
64
0
0
0
0
0
228
144
192
0
0
0
0
0
248
173
64
0
0
0
0
0
192
123
64
0
0
0
0
0
194
174
64
0
0
0
0
0
124
157
64
0
0
0
0
0
4
171
64
0
0
0
0
0
186
167
64
0
0
0
0
0
90
163
64
0
0
0
0
0
42
173
64
0
0
0
0
0
216
145
64
0
0
0
0
0
76
174
64
0
0
0
0
0
240
117
192
0
0
0
0
0
2
171
64
0
0
0
0
0
236
155
192
0
0
0
0
0
196
163
64
0
0
0
0
0
34
167
192
0
0
0
0
0
52
147
64
0
0
0
0
0
240
172
192
0
0
0
0
0
16
112
192
0
0
0
0
0
130
174
192
0
0
0
0
0
196
154
192
0
0
0
0
0
146
171
192
0
0
0
0
0
208
166
192
0
0
0
0
0
136
164
192
0
0
0
0
0
218
172
192
0
0
0
0
0
220
148
192
0
0
0
0
0
144
174
192
0
0
0
0
0
64
99
64
0
0
0
0
0
176
171
192
0
0
0
0
0
24
153
64
0
0
0
0
0
186
164
192
0
0
0
0
0
220
165
64
0
0
0
0
0
164
149
192
0
0
0
0
0
188
171
64
0
0
0
0
0
0
76
64
0
0
0
0
0
90
173
64
0
0
0
0
0
160
150
64
0
0
0
0
0
158
170
64
0
0
0
0
0
60
164
64
0
0
0
0
0
20
164
64
0
0
0
0
0
250
169
64
0
0
0
0
0
156
149
64
0
0
0
0
0
218
171
64
0
0
0
0
0
0
57
64
0
0
0
0
0
180
169
64
0
0
0
0
0
136
148
192
0
0
0
0
0
230
163
64
0
0
0
0
0
44
163
192
0
0
0
0
0
120
150
64
0
0
0
0
0
86
169
192
0
0
0
0
0
192
91
64
0
0
0
0
0
230
171
192
0
0
0
0
0
156
147
192
0
0
0
0
0
110
170
192
0
0
0
0
0
64
163
192
0
0
0
0
0
8
165
192
0
0
0
0
0
12
170
192
0
0
0
0
0
192
152
192
0
0
0
0
0
20
173
192
0
0
0
0
0
192
106
192
0
0
0
0
0
194
171
192
0
0
0
0
0
244
146
64
0
0
0
0
0
54
166
192
0
0
0
0
0
76
163
64
0
0
0
0
0
144
154
192
0
0
0
0
0
58
170
64
0
0
0
0
0
32
115
192
0
0
0
0
0
36
173
64
0
0
0
0
0
104
145
64
0
0
0
0
0
160
171
64
0
0
0
0
0
66
162
64
0
0
0
0
0
2
166
64
0
0
0
0
0
216
168
64
0
0
0
0
0
144
154
64
0
0
0
0
0
150
171
64
0
0
0
0
0
0
119
64
0
0
0
0
0
58
170
64
0
0
0
0
0
136
142
192
0
0
0
0
0
32
165
64
0
0
0
0
0
188
160
192
0
0
0
0
0
60
154
64
0
0
0
0
0
56
167
192
0
0
0
0
0
0
123
64
0
0
0
0
0
70
170
192
0
0
0
0
0
248
138
192
0
0
0
0
0
136
169
192
0
0
0
0
0
192
159
192
0
0
0
0
0
34
165
192
0
0
0
0
0
192
166
192
0
0
0
0
0
80
155
192
0
0
0
0
0
96
170
192
0
0
0
0
0
112
128
192
0
0
0
0
0
44
170
192
0
0
0
0
0
184
136
64
0
0
0
0
0
22
166
192
0
0
0
0
0
108
159
64
0
0
0
0
0
68
157
192
0
0
0
0
0
14
167
64
0
0
0
0
0
136
131
192
0
0
0
0
0
12
171
64
0
0
0
0
0
232
134
64
0
0
0
0
0
6
171
64
0
0
0
0
0
36
159
64
0
0
0
0
0
244
166
64
0
0
0
0
0
38
167
64
0
0
0
0
0
208
158
64
0
0
0
0
0
76
171
64
0
0
0
0
0
32
134
64
0
0
0
0
0
98
171
64
0
0
0
0
0
192
132
192
0
0
0
0
0
100
167
64
0
0
0
0
0
64
158
192
0
0
0
0
0
228
159
64
0
0
0
0
0
206
166
192
0
0
0
0
0
168
136
64
0
0
0
0
0
18
171
192
0
0
0
0
0
224
129
192
0
0
0
0
0
76
171
192
0
0
0
0
0
176
156
192
0
0
0
0
0
124
167
192
0
0
0
0
0
250
165
192
0
0
0
0
0
64
160
192
0
0
0
0
0
62
170
192
0
0
0
0
0
224
138
192
0
0
0
0
0
138
170
192
0
0
0
0
0
240
124
64
0
0
0
0
0
236
166
192
0
0
0
0
0
92
154
64
0
0
0
0
0
8
160
192
0
0
0
0
0
142
164
64
0
0
0
0
0
248
139
192
0
0
0
0
0
184
168
64
0
0
0
0
0
144
118
64
0
0
0
0
0
42
169
64
0
0
0
0
0
236
151
64
0
0
0
0
0
244
165
64
0
0
0
0
0
44
163
64
0
0
0
0
0
76
159
64
0
0
0
0
0
132
167
64
0
0
0
0
0
208
140
64
0
0
0
0
0
110
168
64
0
0
0
0
0
176
113
192
0
0
0
0
0
210
165
64
0
0
0
0
0
144
150
192
0
0
0
0
0
8
160
64
0
0
0
0
0
198
162
192
0
0
0
0
0
80
143
64
0
0
0
0
0
152
167
192
0
0
0
0
0
96
106
192
0
0
0
0
0
0
169
192
0
0
0
0
0
8
150
192
0
0
0
0
0
178
166
192
0
0
0
0
0
210
162
192
0
0
0
0
0
244
160
192
0
0
0
0
0
210
167
192
0
0
0
0
0
60
145
192
0
0
0
0
0
46
169
192
0
0
0
0
0
128
95
64
0
0
0
0
0
178
166
192
0
0
0
0
0
144
148
64
0
0
0
0
0
218
160
192
0
0
0
0
0
196
161
64
0
0
0
0
0
104
145
192
0
0
0
0
0
76
166
64
0
0
0
0
0
128
70
64
0
0
0
0
0
70
167
64
0
0
0
0
0
172
145
64
0
0
0
0
0
196
164
64
0
0
0
0
0
12
159
64
0
0
0
0
0
200
158
64
0
0
0
0
0
148
163
64
0
0
0
0
0
64
144
64
0
0
0
0
0
162
164
64
0
0
0
0
0
0
48
64
0
0
0
0
0
190
162
64
0
0
0
0
0
8
142
192
0
0
0
0
0
164
156
64
0
0
0
0
0
164
155
192
0
0
0
0
0
0
144
64
0
0
0
0
0
18
162
192
0
0
0
0
0
128
83
64
0
0
0
0
0
190
163
192
0
0
0
0
0
152
139
192
0
0
0
0
0
156
162
192
0
0
0
0
0
252
154
192
0
0
0
0
0
136
157
192
0
0
0
0
0
54
162
192
0
0
0
0
0
92
145
192
0
0
0
0
0
70
164
192
0
0
0
0
0
32
99
192
0
0
0
0
0
78
163
192
0
0
0
0
0
56
138
64
0
0
0
0
0
200
158
192
0
0
0
0
0
172
154
64
0
0
0
0
0
84
146
192
0
0
0
0
0
10
162
64
0
0
0
0
0
96
106
192
0
0
0
0
0
236
163
64
0
0
0
0
0
160
135
64
0
0
0
0
0
192
162
64
0
0
0
0
0
156
152
64
0
0
0
0
0
168
157
64
0
0
0
0
0
160
160
64
0
0
0
0
0
192
145
64
0
0
0
0
0
86
162
64
0
0
0
0
0
64
110
64
0
0
0
0
0
86
161
64
0
0
0
0
0
72
132
192
0
0
0
0
0
204
155
64
0
0
0
0
0
24
150
192
0
0
0
0
0
52
145
64
0
0
0
0
0
144
158
192
0
0
0
0
0
160
113
64
0
0
0
0
0
68
161
192
0
0
0
0
0
192
129
192
0
0
0
0
0
200
160
192
0
0
0
0
0
220
148
192
0
0
0
0
0
200
155
192
0
0
0
0
0
224
157
192
0
0
0
0
0
244
145
192
0
0
0
0
0
74
161
192
0
0
0
0
0
192
117
192
0
0
0
0
0
28
161
192
0
0
0
0
0
8
128
64
0
0
0
0
0
200
156
192
0
0
0
0
0
100
148
64
0
0
0
0
0
0
147
192
0
0
0
0
0
204
157
64
0
0
0
0
0
96
121
192
0
0
0
0
0
100
161
64
0
0
0
0
0
32
125
64
0
0
0
0
0
78
161
64
0
0
0
0
0
216
147
64
0
0
0
0
0
80
157
64
0
0
0
0
0
140
157
64
0
0
0
0
0
176
147
64
0
0
0
0
0
128
161
64
0
0
0
0
0
96
124
64
0
0
0
0
0
182
161
64
0
0
0
0
0
224
122
192
0
0
0
0
0
176
158
64
0
0
0
0
0
220
147
192
0
0
0
0
0
80
149
64
0
0
0
0
0
128
158
192
0
0
0
0
0
224
128
64
0
0
0
0
0
132
162
192
0
0
0
0
0
0
121
192
0
0
0
0
0
42
163
192
0
0
0
0
0
168
148
192
0
0
0
0
0
246
160
192
0
0
0
0
0
74
160
192
0
0
0
0
0
40
152
192
0
0
0
0
0
2
164
192
0
0
0
0
0
160
132
192
0
0
0
0
0
202
164
192
0
0
0
0
0
96
118
64
0
0
0
0
0
104
162
192
0
0
0
0
0
20
149
64
0
0
0
0
0
84
154
192
0
0
0
0
0
212
160
64
0
0
0
0
0
112
135
192
0
0
0
0
0
162
164
64
0
0
0
0
0
0
115
64
0
0
0
0
0
88
165
64
0
0
0
0
0
140
148
64
0
0
0
0
0
222
162
64
0
0
0
0
0
166
160
64
0
0
0
0
0
44
155
64
0
0
0
0
0
148
164
64
0
0
0
0
0
48
137
64
0
0
0
0
0
134
165
64
0
0
0
0
0
64
111
192
0
0
0
0
0
84
163
64
0
0
0
0
0
0
148
192
0
0
0
0
0
140
156
64
0
0
0
0
0
182
160
192
0
0
0
0
0
16
140
64
0
0
0
0
0
28
165
192
0
0
0
0
0
128
103
192
0
0
0
0
0
128
166
192
0
0
0
0
0
236
147
192
0
0
0
0
0
146
164
192
0
0
0
0
0
44
161
192
0
0
0
0
0
0
159
192
0
0
0
0
0
248
165
192
0
0
0
0
0
240
143
192
0
0
0
0
0
134
167
192
0
0
0
0
0
64
92
64
0
0
0
0
0
138
165
192
0
0
0
0
0
112
147
64
0
0
0
0
0
74
160
192
0
0
0
0
0
34
161
64
0
0
0
0
0
52
145
192
0
0
0
0
0
252
165
64
0
0
0
0
0
128
69
64
0
0
0
0
0
140
167
64
0
0
0
0
0
100
146
64
0
0
0
0
0
160
165
64
0
0
0
0
0
176
160
64
0
0
0
0
0
138
160
64
0
0
0
0
0
200
165
64
0
0
0
0
0
20
146
64
0
0
0
0
0
200
167
64
0
0
0
0
0
0
50
64
0
0
0
0
0
92
166
64
0
0
0
0
0
236
145
192
0
0
0
0
0
162
161
64
0
0
0
0
0
8
161
192
0
0
0
0
0
64
148
64
0
0
0
0
0
226
166
192
0
0
0
0
0
64
89
64
0
0
0
0
0
146
169
192
0
0
0
0
0
44
146
192
0
0
0
0
0
130
168
192
0
0
0
0
0
0
0
0
0
0
0
0
0
0
0
0
0
0
0
0
0
0
0
0
0
0
0
0
0
0
0
0
0
0
0
0
0
0
0
0
0
0
0
0
0
0
0
0
0
0
0
0
0
0
0
0
0
0
0
0
0
0
0
0
0
0
0
0
0
0
0
0
0
0
0
0
0
0
0
0
0
0
0
0
0
0
0
0
0
0
0
0
0
0
0
0
0
0
0
0
0
0
0
0
0
0
0
0
0
0
0
0
0
0
0
0
0
0
0
0
0
0
0
0
0
0
0
0
0
0
0
0
0
0
0
0
0
0
0
0
0
0
0
0
0
0
0
0
0
0
0
0
0
0
0
0
0
0
0
0
0
0
0
0
0
0
0
0
0
0
0
0
0
0
0
0
0
0
0
0
0
0
0
0
0
0
0
0
0
0
0
0
0
0
0
0
0
0
0
0
0
0
0
0
0
0
0
0
0
0
0
0
0
0
0
0
0
0
0
0
0
0
0
0
0
0
0
0
0
0
0
0
0
0
0
0
0
0
0
0
0
0
0
0
0
0
0
0
0
0
0
0
0
0
0
0
0
0
0
0
0
0
0
0
0
0
0
0
0
0
0
0
0
0
0
0
0
0
0
0
0
0
0
0
0
0
0
0
0
0
0
0
0
0
0
0
0
0
0
0
0
0
0
0
0
0
0
0
0
0
0
0
0
0
0
0
0
0
0
0
0
0
0
0
0
0
0
0
0
0
0
0
0
0
0
0
0
0
0
0
0
0
0
0
0
0
0
0
0
0
0
0
0
0
0
0
0
0
0
0
0
0
0
0
0
0
0
0
0
0
0
0
0
0
0
0
0
0
0
0
0
0
0
0
0
0
0
0
0
0
0
0
0
0
0
0
0
0
0
0
0
0
0
0
0
0
0
0
0
0
0
0
0
0
0
0
0
0
0
0
0
0
0
0
0
0
0
0
0
0
0
0
0
0
0
0
0
0
0
0
0
0
0
0
0
0
0
0
0
0
0
0
0
0
0
0
0
0
0
0
0
0
0
0
0
0
0
0
0
0
0
0
0
0
0
0
0
0
0
0
0
0
0
0
0
0
0
0
0
0
0
0
0
0
0
0
0
0
0
0
0
0
0
0
0
0
0
0
0
0
0
0
0
0
0
0
0
0
0
0
0
0
0
0
0
0
0
0
0
0
0
0
0
0
0
0
0
0
0
0
0
0
0
0
0
0
0
0
0
0
0
0
0
0
0
0
0
0
0
0
0
0
0
0
0
0
0
0
0
0
0
0
0
0
0
0
0
0
0
0
0
0
0
0
0
0
0
0
0
0
0
0
0
0
0
0
0
0
0
0
0
0
0
0
0
0
0
0
0
0
0
0
0
0
0
0
0
0
0
0
0
0
0
0
0
0
0
0
0
0
0
0
0
0
0
0
0
0
0
0
0
0
0
0
0
0
0
0
0
0
0
0
0
0
0
0
0
0
0
0
0
0
0
0
0
0
0
0
0
0
0
0
0
0
0
0
0
0
0
0
0
0
0
0
0
0
0
0
0
0
0
0
0
0
0
0
0
0
0
0
0
0
0
0
0
0
0
0
0
0
0
0
0
0
0
0
0
0
0
0
0
0
0
0
0
0
0
0
0
0
0
0
0
0
0
0
0
0
0
0
0
0
0
0
0
0
0
0
0
0
0
0
0
0
0
0
0
0
0
0
0
0
0
0
0
0
0
0
0
0
0
0
0
0
0
0
0
0
0
0
0
0
0
0
0
0
0
0
0
0
0
0
0
0
0
0
0
0
0
0
0
0
0
0
0
0
0
0
0
0
0
0
0
0
0
0
0
0
0
0
0
0
0
0
0
0
0
0
0
0
0
0
0
0
0
0
0
0
0
0
0
0
0
0
0
0
0
0
0
0
0
0
0
0
0
0
0
0
0
0
0
0
0
0
0
0
0
0
0
0
0
0
0
0
0
0
0
0
0
0
0
0
0
0
0
0
0
0
0
0
0
0
0
0
0
0
0
0
0
0
0
0
0
0
0
0
0
0
0
0
0
0
0
0
0
0
0
0
0
0
0
0
0
0
0
0
0
0
0
0
0
0
0
0
0
0
0
0
0
0
0
0
0
0
0
0
0
0
0
0
0
0
0
0
0
0
0
0
0
0
0
0
0
0
0
0
0
0
0
0
0
0
0
0
0
0
0
0
0
0
0
0
0
0
0
0
0
0
0
0
0
0
0
0
0
0
0
0
0
0
0
0
0
0
0
0
0
0
0
0
0
0
0
0
0
0
0
0
0
0
0
0
0
0
0
0
0
0
0
0
0
0
0
0
0
0
0
0
0
0
0
0
0
0
0
0
0
0
0
0
0
0
0
0
0
0
0
0
0
0
0
0
0
0
0
0
0
0
0
0
0
0
0
0
0
0
0
0
0
0
0
0
0
0
0
0
0
0
0
0
0
0
0
0
0
0
0
0
0
0
0
0
0
0
0
0
0
0
0
0
0
0
0
0
0
0
0
0
0
0
0
0
0
0
0
0
0
0
0
0
0
0
0
0
0
0
0
0
0
0
0
0
0
0
0
0
0
0
0
0
0
0
0
0
0
0
0
0
0
0
0
0
0
0
0
0
0
0
0
0
0
0
0
0
0
0
0
0
0
0
0
0
0
0
0
0
0
0
0
0
0
0
0
0
0
0
0
0
0
0
0
0
0
0
0
0
0
0
0
0
0
0
0
0
0
0
0
0
0
0
0
0
0
0
0
0
0
0
0
0
0