58
70
65
67
84
58
67
68
65
84
49
56
58
68
65
84
65
32
35
57
48
48
48
48
48
54
57
51
54
0
0
0
0
0
34
161
64
0
0
0
0
0
192
117
192
0
0
0
0
0
242
163
64
0
0
0
0
0
120
132
64
0
0
0
0
0
188
163
64
0
0
0
0
0
168
152
64
0
0
0
0
0
116
160
64
0
0
0
0
0
188
161
64
0
0
0
0
0
52
149
64
0
0
0
0
0
122
164
64
0
0
0
0
0
176
120
64
0
0
0
0
0
32
164
64
0
0
0
0
0
168
131
192
0
0
0
0
0
190
160
64
0
0
0
0
0
96
152
192
0
0
0
0
0
184
149
64
0
0
0
0
0
164
161
192
0
0
0
0
0
176
122
64
0
0
0
0
0
120
164
192
0
0
0
0
0
216
130
192
0
0
0
0
0
66
164
192
0
0
0
0
0
64
152
192
0
0
0
0
0
4
161
192
0
0
0
0
0
208
161
192
0
0
0
0
0
100
150
192
0
0
0
0
0
232
164
192
0
0
0
0
0
224
124
192
0
0
0
0
0
232
164
192
0
0
0
0
0
168
130
64
0
0
0
0
0
192
161
192
0
0
0
0
0
200
152
64
0
0
0
0
0
172
151
192
0
0
0
0
0
104
162
64
0
0
0
0
0
8
128
192
0
0
0
0
0
198
165
64
0
0
0
0
0
112
130
64
0
0
0
0
0
236
165
64
0
0
0
0
0
120
153
64
0
0
0
0
0
196
162
64
0
0
0
0
0
38
163
64
0
0
0
0
0
104
153
64
0
0
0
0
0
218
166
64
0
0
0
0
0
64
130
64
0
0
0
0
0
60
167
64
0
0
0
0
0
8
130
192
0
0
0
0
0
34
164
64
0
0
0
0
0
100
154
192
0
0
0
0
0
192
155
64
0
0
0
0
0
52
164
192
0
0
0
0
0
24
133
64
0
0
0
0
0
104
168
192
0
0
0
0
0
216
129
192
0
0
0
0
0
12
169
192
0
0
0
0
0
196
155
192
0
0
0
0
0
220
165
192
0
0
0
0
0
124
165
192
0
0
0
0
0
92
158
192
0
0
0
0
0
250
169
192
0
0
0
0
0
200
135
192
0
0
0
0
0
134
170
192
0
0
0
0
0
176
129
64
0
0
0
0
0
244
166
192
0
0
0
0
0
128
156
64
0
0
0
0
0
160
159
192
0
0
0
0
0
236
165
64
0
0
0
0
0
8
137
192
0
0
0
0
0
52
170
64
0
0
0
0
0
152
128
64
0
0
0
0
0
112
170
64
0
0
0
0
0
140
155
64
0
0
0
0
0
172
166
64
0
0
0
0
0
42
165
64
0
0
0
0
0
48
159
64
0
0
0
0
0
74
169
64
0
0
0
0
0
80
137
64
0
0
0
0
0
166
169
64
0
0
0
0
0
224
125
192
0
0
0
0
0
68
166
64
0
0
0
0
0
92
154
192
0
0
0
0
0
72
159
64
0
0
0
0
0
184
164
192
0
0
0
0
0
160
138
64
0
0
0
0
0
80
169
192
0
0
0
0
0
0
124
192
0
0
0
0
0
74
170
192
0
0
0
0
0
228
154
192
0
0
0
0
0
100
167
192
0
0
0
0
0
188
165
192
0
0
0
0
0
220
160
192
0
0
0
0
0
8
171
192
0
0
0
0
0
248
141
192
0
0
0
0
0
94
172
192
0
0
0
0
0
32
123
64
0
0
0
0
0
88
169
192
0
0
0
0
0
64
156
64
0
0
0
0
0
74
162
192
0
0
0
0
0
242
166
64
0
0
0
0
0
132
144
192
0
0
0
0
0
88
172
64
0
0
0
0
0
0
121
64
0
0
0
0
0
98
173
64
0
0
0
0
0
248
155
64
0
0
0
0
0
226
169
64
0
0
0
0
0
146
166
64
0
0
0
0
0
122
162
64
0
0
0
0
0
144
171
64
0
0
0
0
0
212
144
64
0
0
0
0
0
74
172
64
0
0
0
0
0
48
117
192
0
0
0
0
0
202
168
64
0
0
0
0
0
4
154
192
0
0
0
0
0
188
161
64
0
0
0
0
0
40
165
192
0
0
0
0
0
132
144
64
0
0
0
0
0
4
170
192
0
0
0
0
0
0
114
192
0
0
0
0
0
250
170
192
0
0
0
0
0
156
152
192
0
0
0
0
0
254
167
192
0
0
0
0
0
132
164
192
0
0
0
0
0
128
161
192
0
0
0
0
0
190
169
192
0
0
0
0
0
208
144
192
0
0
0
0
0
54
171
192
0
0
0
0
0
96
112
64
0
0
0
0
0
160
168
192
0
0
0
0
0
184
152
64
0
0
0
0
0
70
162
192
0
0
0
0
0
6
165
64
0
0
0
0
0
4
146
192
0
0
0
0
0
176
170
64
0
0
0
0
0
64
109
64
0
0
0
0
0
102
172
64
0
0
0
0
0
48
153
64
0
0
0
0
0
210
169
64
0
0
0
0
0
156
165
64
0
0
0
0
0
64
163
64
0
0
0
0
0
118
171
64
0
0
0
0
0
80
147
64
0
0
0
0
0
50
173
64
0
0
0
0
0
224
103
192
0
0
0
0
0
130
170
64
0
0
0
0
0
252
152
192
0
0
0
0
0
208
163
64
0
0
0
0
0
166
165
192
0
0
0
0
0
56
148
64
0
0
0
0
0
142
171
192
0
0
0
0
0
192
97
192
0
0
0
0
0
82
173
192
0
0
0
0
0
76
152
192
0
0
0
0
0
172
170
192
0
0
0
0
0
88
165
192
0
0
0
0
0
8
164
192
0
0
0
0
0
80
171
192
0
0
0
0
0
204
148
192
0
0
0
0
0
42
173
192
0
0
0
0
0
128
88
64
0
0
0
0
0
160
170
192
0
0
0
0
0
140
151
64
0
0
0
0
0
28
164
192
0
0
0
0
0
250
164
64
0
0
0
0
0
52
149
192
0
0
0
0
0
254
170
64
0
0
0
0
0
128
77
64
0
0
0
0
0
242
172
64
0
0
0
0
0
216
150
64
0
0
0
0
0
146
170
64
0
0
0
0
0
170
164
64
0
0
0
0
0
58
164
64
0
0
0
0
0
214
170
64
0
0
0
0
0
188
149
64
0
0
0
0
0
12
173
64
0
0
0
0
0
0
51
192
0
0
0
0
0
242
170
64
0
0
0
0
0
120
150
192
0
0
0
0
0
204
164
64
0
0
0
0
0
200
164
192
0
0
0
0
0
228
150
64
0
0
0
0
0
94
171
192
0
0
0
0
0
0
57
64
0
0
0
0
0
250
173
192
0
0
0
0
0
168
150
192
0
0
0
0
0
30
172
192
0
0
0
0
0
102
165
192
0
0
0
0
0
244
165
192
0
0
0
0
0
108
172
192
0
0
0
0
0
160
152
192
0
0
0
0
0
64
175
192
0
0
0
0
0
128
83
192
0
0
0
0
0
90
173
192
0
0
0
0
0
196
150
64
0
0
0
0
0
240
166
192
0
0
0
0
0
198
165
64
0
0
0
0
0
244
153
192
0
0
0
0
0
234
172
64
0
0
0
0
0
96
96
192
0
0
0
0
0
170
175
64
0
0
0
0
0
24
150
64
0
0
0
0
0
156
173
64
0
0
0
0
0
98
165
64
0
0
0
0
0
28
167
64
0
0
0
0
0
110
172
64
0
0
0
0
0
100
154
64
0
0
0
0
0
48
175
64
0
0
0
0
0
96
102
64
0
0
0
0
0
74
173
64
0
0
0
0
0
12
149
192
0
0
0
0
0
18
167
64
0
0
0
0
0
216
164
192
0
0
0
0
0
224
154
64
0
0
0
0
0
22
172
192
0
0
0
0
0
32
108
64
0
0
0
0
0
52
175
192
0
0
0
0
0
156
148
192
0
0
0
0
0
184
173
192
0
0
0
0
0
2
165
192
0
0
0
0
0
196
167
192
0
0
0
0
0
190
172
192
0
0
0
0
0
68
156
192
0
0
0
0
0
36
176
192
0
0
0
0
0
96
113
192
0
0
0
0
0
252
174
192
0
0
0
0
0
184
148
64
0
0
0
0
0
240
168
192
0
0
0
0
0
138
165
64
0
0
0
0
0
248
157
192
0
0
0
0
0
152
173
64
0
0
0
0
0
16
117
192
0
0
0
0
0
156
176
64
0
0
0
0
0
100
148
64
0
0
0
0
0
202
175
64
0
0
0
0
0
126
165
64
0
0
0
0
0
136
169
64
0
0
0
0
0
128
173
64
0
0
0
0
0
216
158
64
0
0
0
0
0
129
176
64
0
0
0
0
0
112
120
64
0
0
0
0
0
138
175
64
0
0
0
0
0
76
147
192
0
0
0
0
0
96
169
64
0
0
0
0
0
200
164
192
0
0
0
0
0
0
159
64
0
0
0
0
0
180
172
192
0
0
0
0
0
112
123
64
0
0
0
0
0
37
176
192
0
0
0
0
0
28
146
192
0
0
0
0
0
14
175
192
0
0
0
0
0
30
164
192
0
0
0
0
0
58
169
192
0
0
0
0
0
40
172
192
0
0
0
0
0
88
159
192
0
0
0
0
0
250
175
192
0
0
0
0
0
80
126
192
0
0
0
0
0
4
175
192
0
0
0
0
0
76
145
64
0
0
0
0
0
104
169
192
0
0
0
0
0
202
163
64
0
0
0
0
0
244
159
192
0
0
0
0
0
246
171
64
0
0
0
0
0
152
128
192
0
0
0
0
0
236
175
64
0
0
0
0
0
148
144
64
0
0
0
0
0
20
175
64
0
0
0
0
0
116
163
64
0
0
0
0
0
146
169
64
0
0
0
0
0
172
171
64
0
0
0
0
0
60
160
64
0
0
0
0
0
184
175
64
0
0
0
0
0
248
129
64
0
0
0
0
0
2
175
64
0
0
0
0
0
136
143
192
0
0
0
0
0
172
169
64
0
0
0
0
0
16
163
192
0
0
0
0
0
132
160
64
0
0
0
0
0
100
171
192
0
0
0
0
0
128
131
64
0
0
0
0
0
166
175
192
0
0
0
0
0
24
142
192
0
0
0
0
0
48
175
192
0
0
0
0
0
220
162
192
0
0
0
0
0
18
170
192
0
0
0
0
0
110
171
192
0
0
0
0
0
2
161
192
0
0
0
0
0
240
175
192
0
0
0
0
0
80
133
192
0
0
0
0
0
170
175
192
0
0
0
0
0
224
140
64
0
0
0
0
0
154
170
192
0
0
0
0
0
190
162
64
0
0
0
0
0
132
161
192
0
0
0
0
0
122
171
64
0
0
0
0
0
16
135
192
0
0
0
0
0
9
176
64
0
0
0
0
0
96
139
64
0
0
0
0
0
212
175
64
0
0
0
0
0
98
162
64
0
0
0
0
0
202
170
64
0
0
0
0
0
28
171
64
0
0
0
0
0
192
161
64
0
0
0
0
0
186
175
64
0
0
0
0
0
112
136
64
0
0
0
0
0
150
175
64
0
0
0
0
0
136
137
192
0
0
0
0
0
188
170
64
0
0
0
0
0
222
161
192
0
0
0
0
0
238
161
64
0
0
0
0
0
168
170
192
0
0
0
0
0
216
137
64
0
0
0
0
0
122
175
192
0
0
0
0
0
248
135
192
0
0
0
0
0
160
175
192
0
0
0
0
0
158
161
192
0
0
0
0
0
14
171
192
0
0
0
0
0
174
170
192
0
0
0
0
0
104
162
192
0
0
0
0
0
212
175
192
0
0
0
0
0
176
139
192
0
0
0
0
0
30
176
192
0
0
0
0
0
224
134
64
0
0
0
0
0
200
171
192
0
0
0
0
0
158
161
64
0
0
0
0
0
22
163
192
0
0
0
0
0
248
170
64
0
0
0
0
0
192
141
192
0
0
0
0
0
41
176
64
0
0
0
0
0
160
133
64
0
0
0
0
0
105
176
64
0
0
0
0
0
130
161
64
0
0
0
0
0
94
172
64
0
0
0
0
0
2
171
64
0
0
0
0
0
160
163
64
0
0
0
0
0
62
176
64
0
0
0
0
0
160
143
64
0
0
0
0
0
139
176
64
0
0
0
0
0
32
132
192
0
0
0
0
0
188
172
64
0
0
0
0
0
64
161
192
0
0
0
0
0
16
164
64
0
0
0
0
0
236
170
192
0
0
0
0
0
180
144
64
0
0
0
0
0
76
176
192
0
0
0
0
0
168
130
192
0
0
0
0
0
181
176
192
0
0
0
0
0
16
161
192
0
0
0
0
0
58
173
192
0
0
0
0
0
250
170
192
0
0
0
0
0
160
164
192
0
0
0
0
0
114
176
192
0
0
0
0
0
184
145
192
0
0
0
0
0
242
176
192
0
0
0
0
0
64
129
64
0
0
0
0
0
202
173
192
0
0
0
0
0
232
160
64
0
0
0
0
0
44
165
192
0
0
0
0
0
0
171
64
0
0
0
0
0
172
146
192
0
0
0
0
0
135
176
64
0
0
0
0
0
96
127
64
0
0
0
0
0
18
177
64
0
0
0
0
0
152
160
64
0
0
0
0
0
24
174
64
0
0
0
0
0
202
170
64
0
0
0
0
0
138
165
64
0
0
0
0
0
125
176
64
0
0
0
0
0
128
147
64
0
0
0
0
0
32
177
64
0
0
0
0
0
16
124
192
0
0
0
0
0
108
174
64
0
0
0
0
0
74
160
192
0
0
0
0
0
8
166
64
0
0
0
0
0
184
170
192
0
0
0
0
0
144
148
64
0
0
0
0
0
160
176
192
0
0
0
0
0
16
121
192
0
0
0
0
0
112
177
192
0
0
0
0
0
66
160
192
0
0
0
0
0
74
175
192
0
0
0
0
0
34
171
192
0
0
0
0
0
240
166
192
0
0
0
0
0
9
177
192
0
0
0
0
0
0
150
192
0
0
0
0
0
249
177
192
0
0
0
0
0
64
118
64
0
0
0
0
0
50
176
192
0
0
0
0
0
84
160
64
0
0
0
0
0
224
167
192
0
0
0
0
0
136
171
64
0
0
0
0
0
84
151
192
0
0
0
0
0
82
177
64
0
0
0
0
0
0
115
64
0
0
0
0
0
67
178
64
0
0
0
0
0
16
160
64
0
0
0
0
0
112
176
64
0
0
0
0
0
76
171
64
0
0
0
0
0
68
168
64
0
0
0
0
0
49
177
64
0
0
0
0
0
28
152
64
0
0
0
0
0
35
178
64
0
0
0
0
0
128
110
192
0
0
0
0
0
95
176
64
0
0
0
0
0
252
158
192
0
0
0
0
0
90
168
64
0
0
0
0
0
182
170
192
0
0
0
0
0
188
152
64
0
0
0
0
0
247
176
192
0
0
0
0
0
32
103
192
0
0
0
0
0
12
178
192
0
0
0
0
0
36
158
192
0
0
0
0
0
116
176
192
0
0
0
0
0
134
170
192
0
0
0
0
0
204
168
192
0
0
0
0
0
13
177
192
0
0
0
0
0
212
153
192
0
0
0
0
0
81
178
192
0
0
0
0
0
64
96
64
0
0
0
0
0
215
176
192
0
0
0
0
0
220
157
64
0
0
0
0
0
154
169
192
0
0
0
0
0
188
170
64
0
0
0
0
0
44
155
192
0
0
0
0
0
77
177
64
0
0
0
0
0
128
82
64
0
0
0
0
0
164
178
64
0
0
0
0
0
116
157
64
0
0
0
0
0
43
177
64
0
0
0
0
0
174
170
64
0
0
0
0
0
48
170
64
0
0
0
0
0
79
177
64
0
0
0
0
0
40
156
64
0
0
0
0
0
170
178
64
0
0
0
0
0
0
48
192
0
0
0
0
0
55
177
64
0
0
0
0
0
136
156
192
0
0
0
0
0
98
170
64
0
0
0
0
0
58
170
192
0
0
0
0
0
216
156
64
0
0
0
0
0
30
177
192
0
0
0
0
0
128
69
64
0
0
0
0
0
142
178
192
0
0
0
0
0
148
155
192
0
0
0
0
0
58
177
192
0
0
0
0
0
220
169
192
0
0
0
0
0
168
170
192
0
0
0
0
0
14
177
192
0
0
0
0
0
188
157
192
0
0
0
0
0
165
178
192
0
0
0
0
0
128
89
192
0
0
0
0
0
115
177
192
0
0
0
0
0
240
154
64
0
0
0
0
0
66
171
192
0
0
0
0
0
204
169
64
0
0
0
0
0
240
158
192
0
0
0
0
0
42
177
64
0
0
0
0
0
96
100
192
0
0
0
0
0
223
178
64
0
0
0
0
0
100
154
64
0
0
0
0
0
190
177
64
0
0
0
0
0
188
169
64
0
0
0
0
0
224
171
64
0
0
0
0
0
57
177
64
0
0
0
0
0
8
160
64
0
0
0
0
0
254
178
64
0
0
0
0
0
0
108
64
0
0
0
0
0
234
177
64
0
0
0
0
0
164
153
192
0
0
0
0
0
72
172
64
0
0
0
0
0
122
169
192
0
0
0
0
0
126
160
64
0
0
0
0
0
41
177
192
0
0
0
0
0
192
113
64
0
0
0
0
0
3
179
192
0
0
0
0
0
204
152
192
0
0
0
0
0
3
178
192
0
0
0
0
0
42
169
192
0
0
0
0
0
160
172
192
0
0
0
0
0
22
177
192
0
0
0
0
0
238
160
192
0
0
0
0
0
8
179
192
0
0
0
0
0
112
117
192
0
0
0
0
0
31
178
192
0
0
0
0
0
248
151
64
0
0
0
0
0
250
172
192
0
0
0
0
0
218
168
64
0
0
0
0
0
92
161
192
0
0
0
0
0
255
176
64
0
0
0
0
0
32
121
192
0
0
0
0
0
1
179
64
0
0
0
0
0
8
151
64
0
0
0
0
0
41
178
64
0
0
0
0
0
108
168
64
0
0
0
0
0
48
173
64
0
0
0
0
0
208
176
64
0
0
0
0
0
178
161
64
0
0
0
0
0
227
178
64
0
0
0
0
0
192
124
64
0
0
0
0
0
34
178
64
0
0
0
0
0
4
150
192
0
0
0
0
0
90
173
64
0
0
0
0
0
242
167
192
0
0
0
0
0
14
162
64
0
0
0
0
0
166
176
192
0
0
0
0
0
56
128
64
0
0
0
0
0
216
178
192
0
0
0
0
0
40
149
192
0
0
0
0
0
59
178
192
0
0
0
0
0
178
167
192
0
0
0
0
0
200
173
192
0
0
0
0
0
170
176
192
0
0
0
0
0
154
162
192
0
0
0
0
0
3
179
192
0
0
0
0
0
64
130
192
0
0
0
0
0
132
178
192
0
0
0
0
0
132
148
64
0
0
0
0
0
118
174
192
0
0
0
0
0
162
167
64
0
0
0
0
0
64
163
192
0
0
0
0
0
195
176
64
0
0
0
0
0
88
132
192
0
0
0
0
0
51
179
64
0
0
0
0
0
204
147
64
0
0
0
0
0
192
178
64
0
0
0
0
0
104
167
64
0
0
0
0
0
240
174
64
0
0
0
0
0
178
176
64
0
0
0
0
0
184
163
64
0
0
0
0
0
43
179
64
0
0
0
0
0
56
134
64
0
0
0
0
0
193
178
64
0
0
0
0
0
208
146
192
0
0
0
0
0
16
175
64
0
0
0
0
0
232
166
192
0
0
0
0
0
254
163
64
0
0
0
0
0
118
176
192
0
0
0
0
0
232
135
64
0
0
0
0
0
254
178
192
0
0
0
0
0
196
145
192
0
0
0
0
0
174
178
192
0
0
0
0
0
102
166
192
0
0
0
0
0
42
175
192
0
0
0
0
0
71
176
192
0
0
0
0
0
82
164
192
0
0
0
0
0
238
178
192
0
0
0
0
0
192
137
192
0
0
0
0
0
193
178
192
0
0
0
0
0
224
144
64
0
0
0
0
0
138
175
192
0
0
0
0
0
22
166
64
0
0
0
0
0
210
164
192
0
0
0
0
0
59
176
64
0
0
0
0
0
192
139
192
0
0
0
0
0
255
178
64
0
0
0
0
0
12
144
64
0
0
0
0
0
233
178
64
0
0
0
0
0
206
165
64
0
0
0
0
0
246
175
64
0
0
0
0
0
40
176
64
0
0
0
0
0
74
165
64
0
0
0
0
0
250
178
64
0
0
0
0
0
168
141
64
0
0
0
0
0
240
178
64
0
0
0
0
0
48
142
192
0
0
0
0
0
14
176
64
0
0
0
0
0
84
165
192
0
0
0
0
0
142
165
64
0
0
0
0
0
218
175
192
0
0
0
0
0
72
143
64
0
0
0
0
0
198
178
192
0
0
0
0
0
16
140
192
0
0
0
0
0
204
178
192
0
0
0
0
0
182
164
192
0
0
0
0
0
3
176
192
0
0
0
0
0
62
175
192
0
0
0
0
0
180
165
192
0
0
0
0
0
135
178
192
0
0
0
0
0
96
144
192
0
0
0
0
0
168
178
192
0
0
0
0
0
240
137
64
0
0
0
0
0
0
176
192
0
0
0
0
0
36
164
64
0
0
0
0
0
238
165
192
0
0
0
0
0
192
174
64
0
0
0
0
0
48
145
192
0
0
0
0
0
95
178
64
0
0
0
0
0
0
136
64
0
0
0
0
0
158
178
64
0
0
0
0
0
174
163
64
0
0
0
0
0
19
176
64
0
0
0
0
0
104
174
64
0
0
0
0
0
64
166
64
0
0
0
0
0
71
178
64
0
0
0
0
0
16
146
64
0
0
0
0
0
156
178
64
0
0
0
0
0
24
134
192
0
0
0
0
0
38
176
64
0
0
0
0
0
58
163
192
0
0
0
0
0
140
166
64
0
0
0
0
0
4
174
192
0
0
0
0
0
224
146
64
0
0
0
0
0
35
178
192
0
0
0
0
0
40
132
192
0
0
0
0
0
138
178
192
0
0
0
0
0
180
162
192
0
0
0
0
0
40
176
192
0
0
0
0
0
128
173
192
0
0
0
0
0
188
166
192
0
0
0
0
0
235
177
192
0
0
0
0
0
152
147
192
0
0
0
0
0
98
178
192
0
0
0
0
0
40
130
64
0
0
0
0
0
25
176
192
0
0
0
0
0
28
162
64
0
0
0
0
0
214
166
192
0
0
0
0
0
230
172
64
0
0
0
0
0
60
148
192
0
0
0
0
0
167
177
64
0
0
0
0
0
40
128
64
0
0
0
0
0
51
178
64
0
0
0
0
0
132
161
64
0
0
0
0
0
6
176
64
0
0
0
0
0
74
172
64
0
0
0
0
0
238
166
64
0
0
0
0
0
100
177
64
0
0
0
0
0
220
148
64
0
0
0
0
0
5
178
64
0
0
0
0
0
112
124
192
0
0
0
0
0
230
175
64
0
0
0
0
0
238
160
192
0
0
0
0
0
4
167
64
0
0
0
0
0
178
171
192
0
0
0
0
0
120
149
64
0
0
0
0
0
33
177
192
0
0
0
0
0
144
120
192
0
0
0
0
0
212
177
192
0
0
0
0
0
86
160
192
0
0
0
0
0
184
175
192
0
0
0
0
0
16
171
192
0
0
0
0
0
16
167
192
0
0
0
0
0
215
176
192
0
0
0
0
0
8
150
192
0
0
0
0
0
156
177
192
0
0
0
0
0
208
116
64
0
0
0
0
0
124
175
192
0
0
0
0
0
116
159
64
0
0
0
0
0
18
167
192
0
0
0
0
0
108
170
64
0
0
0
0
0
140
150
192
0
0
0
0
0
140
176
64
0
0
0
0
0
16
113
64
0
0
0
0
0
100
177
64
0
0
0
0
0
72
158
64
0
0
0
0
0
68
175
64
0
0
0
0
0
206
169
64
0
0
0
0
0
26
167
64
0
0
0
0
0
71
176
64
0
0
0
0
0
20
151
64
0
0
0
0
0
50
177
64
0
0
0
0
0
0
107
192
0
0
0
0
0
20
175
64
0
0
0
0
0
40
157
192
0
0
0
0
0
34
167
64
0
0
0
0
0
52
169
192
0
0
0
0
0
144
151
64
0
0
0
0
0
250
175
192
0
0
0
0
0
224
99
192
0
0
0
0
0
244
176
192
0
0
0
0
0
236
155
192
0
0
0
0
0
192
174
192
0
0
0
0
0
120
168
192
0
0
0
0
0
4
167
192
0
0
0
0
0
48
175
192
0
0
0
0
0
220
151
192
0
0
0
0
0
150
176
192
0
0
0
0
0
0
90
64
0
0
0
0
0
46
174
192
0
0
0
0
0
136
154
64
0
0
0
0
0
188
166
192
0
0
0
0
0
150
167
64
0
0
0
0
0
252
151
192
0
0
0
0
0
68
174
64
0
0
0
0
0
128
73
64
0
0
0
0
0
47
176
64
0
0
0
0
0
52
153
64
0
0
0
0
0
166
173
64
0
0
0
0
0
214
166
64
0
0
0
0
0
142
166
64
0
0
0
0
0
160
173
64
0
0
0
0
0
84
152
64
0
0
0
0
0
0
176
64
0
0
0
0
0
0
0
0
0
0
0
0
0
170
173
64
0
0
0
0
0
36
152
192
0
0
0
0
0
248
166
64
0
0
0
0
0
106
166
192
0
0
0
0
0
192
153
64
0
0
0
0
0
134
173
192
0
0
0
0
0
128
89
64
0
0
0
0
0
45
176
192
0
0
0
0
0
12
151
192
0
0
0
0
0
110
174
192
0
0
0
0
0
74
166
192
0
0
0
0
0
254
167
192
0
0
0
0
0
226
173
192
0
0
0
0
0
208
155
192
0
0
0
0
0
146
176
192
0
0
0
0
0
0
106
192
0
0
0
0
0
132
175
192
0
0
0
0
0
32
150
64
0
0
0
0
0
44
169
192
0
0
0
0
0
68
166
64
0
0
0
0
0
4
158
192
0
0
0
0
0
72
174
64
0
0
0
0
0
0
116
192
0
0
0
0
0
239
176
64
0
0
0
0
0
0
149
64
0
0
0
0
0
57
176
64
0
0
0
0
0
10
166
64
0
0
0
0
0
48
170
64
0
0
0
0
0
98
174
64
0
0
0
0
0
0
160
64
0
0
0
0
0
34
177
64
0
0
0
0
0
0
123
64
0
0
0
0
0
140
176
64
0
0
0
0
0
164
147
192
0
0
0
0
0
6
171
64
0
0
0
0
0
162
165
192
0
0
0
0
0
234
160
64
0
0
0
0
0
76
174
192
0
0
0
0
0
8
129
64
0
0
0
0
0
69
177
192
0
0
0
0
0
56
146
192
0
0
0
0
0
218
176
192
0
0
0
0
0
56
165
192
0
0
0
0
0
226
171
192
0
0
0
0
0
72
174
192
0
0
0
0
0
230
161
192
0
0
0
0
0
119
177
192
0
0
0
0
0
184
132
192
0
0
0
0
0
57
177
192
0
0
0
0
0
208
144
64
0
0
0
0
0
218
172
192
0
0
0
0
0
218
164
64
0
0
0
0
0
238
162
192
0
0
0
0
0
78
174
64
0
0
0
0
0
136
136
192
0
0
0
0
0
169
177
64
0
0
0
0
0
168
142
64
0
0
0
0
0
145
177
64
0
0
0
0
0
102
164
64
0
0
0
0
0
188
173
64
0
0
0
0
0
44
174
64
0
0
0
0
0
230
163
64
0
0
0
0
0
195
177
64
0
0
0
0
0
72
140
64
0
0
0
0
0
210
177
64
0
0
0
0
0
112
139
192
0
0
0
0
0
124
174
64
0
0
0
0
0
212
163
192
0
0
0
0
0
206
164
64
0
0
0
0
0
238
173
192
0
0
0
0
0
4
144
64
0
0
0
0
0
212
177
192
0
0
0
0
0
40
136
192
0
0
0
0
0
19
178
192
0
0
0
0
0
74
163
192
0
0
0
0
0
78
175
192
0
0
0
0
0
198
173
192
0
0
0
0
0
204
165
192
0
0
0
0
0
246
177
192
0
0
0
0
0
0
146
192
0
0
0
0
0
103
178
192
0
0
0
0
0
232
132
64
0
0
0
0
0
29
176
192
0
0
0
0
0
200
162
64
0
0
0
0
0
216
166
192
0
0
0
0
0
162
173
64
0
0
0
0
0
4
148
192
0
0
0
0
0
19
178
64
0
0
0
0
0
120
129
64
0
0
0
0
0
170
178
64
0
0
0
0
0
36
162
64
0
0
0
0
0
123
176
64
0
0
0
0
0
62
173
64
0
0
0
0
0
180
167
64
0
0
0
0
0
2
178
64
0
0
0
0
0
220
149
64
0
0
0
0
0
188
178
64
0
0
0
0
0
160
123
192
0
0
0
0
0
177
176
64
0
0
0
0
0
80
161
192
0
0
0
0
0
100
168
64
0
0
0
0
0
156
172
192
0
0
0
0
0
156
151
64
0
0
0
0
0
217
177
192
0
0
0
0
0
48
116
192
0
0
0
0
0
197
178
192
0
0
0
0
0
132
160
192
0
0
0
0
0
238
176
192
0
0
0
0
0
30
172
192
0
0
0
0
0
48
169
192
0
0
0
0
0
209
177
192
0
0
0
0
0
136
153
192
0
0
0
0
0
248
178
192
0
0
0
0
0
224
105
64
0
0
0
0
0
84
177
192
0
0
0
0
0
184
159
64
0
0
0
0
0
54
170
192
0
0
0
0
0
218
171
64
0
0
0
0
0
164
155
192
0
0
0
0
0
230
177
64
0
0
0
0
0
64
86
64
0
0
0
0
0
61
179
64
0
0
0
0
0
96
158
64
0
0
0
0
0
186
177
64
0
0
0
0
0
120
171
64
0
0
0
0
0
38
171
64
0
0
0
0
0
218
177
64
0
0
0
0
0
152
157
64
0
0
0
0
0
82
179
64
0
0
0
0
0
0
64
64
0
0
0
0
0
238
177
64
0
0
0
0
0
168
156
192
0
0
0
0
0
200
171
64
0
0
0
0
0
194
170
192
0
0
0
0
0
60
159
64
0
0
0
0
0
155
177
192
0
0
0
0
0
0
99
64
0
0
0
0
0
58
179
192
0
0
0
0
0
196
154
192
0
0
0
0
0
4
178
192
0
0
0
0
0
246
169
192
0
0
0
0
0
80
172
192
0
0
0
0
0
92
177
192
0
0
0
0
0
112
160
192
0
0
0
0
0
47
179
192
0
0
0
0
0
16
113
192
0
0
0
0
0
48
178
192
0
0
0
0
0
0
153
64
0
0
0
0
0
4
173
192
0
0
0
0
0
82
169
64
0
0
0
0
0
90
161
192
0
0
0
0
0
56
177
64
0
0
0
0
0
192
120
192
0
0
0
0
0
63
179
64
0
0
0
0
0
84
151
64
0
0
0
0
0
110
178
64
0
0
0
0
0
184
168
64
0
0
0
0
0
196
173
64
0
0
0
0
0
17
177
64
0
0
0
0
0
66
162
64
0
0
0
0
0
63
179
64
0
0
0
0
0
40
128
64
0
0
0
0
0
148
178
64
0
0
0
0
0
136
149
192
0
0
0
0
0
84
174
64
0
0
0
0
0
246
167
192
0
0
0
0
0
10
163
64
0
0
0
0
0
203
176
192
0
0
0
0
0
216
131
64
0
0
0
0
0
29
179
192
0
0
0
0
0
156
147
192
0
0
0
0
0
157
178
192
0
0
0
0
0
20
167
192
0
0
0
0
0
188
174
192
0
0
0
0
0
117
176
192
0
0
0
0
0
188
163
192
0
0
0
0
0
239
178
192
0
0
0
0
0
112
135
192
0
0
0
0
0
0
0
0
0
0
0
0
0
0
0
0
0
0
0
0
0
0
0
0
0
0
0
0
0
0
0
0
0
0
0
0
0
0
0
0
0
0
0
0
0
0
0
0
0
0
0
0
0
0
0
0
0
0
0
0
0
0
0
0
0
0
0
0
0
0
0
0
0
0
0
0
0
0
0
0
0
0
0
0
0
0
0
0
0
0
0
0
0
0
0
0
0
0
0
0
0
0
0
0
0
0
0
0
0
0
0
0
0
0
0
0
0
0
0
0
0
0
0
0
0
0
0
0
0
0
0
0
0
0
0
0
0
0
0
0
0
0
0
0
0
0
0
0
0
0
0
0
0
0
0
0
0
0
0
0
0
0
0
0
0
0
0
0
0
0
0
0
0
0
0
0
0
0
0
0
0
0
0
0
0
0
0
0
0
0
0
0
0
0
0
0
0
0
0
0
0
0
0
0
0
0
0
0
0
0
0
0
0
0
0
0
0
0
0
0
0
0
0
0
0
0
0
0
0
0
0
0
0
0
0
0
0
0
0
0
0
0
0
0
0
0
0
0
0
0
0
0
0
0
0
0
0
0
0
0
0
0
0
0
0
0
0
0
0
0
0
0
0
0
0
0
0
0
0
0
0
0
0
0
0
0
0
0
0
0
0
0
0
0
0
0
0
0
0
0
0
0
0
0
0
0
0
0
0
0
0
0
0
0
0
0
0
0
0
0
0
0
0
0
0
0
0
0
0
0
0
0
0
0
0
0
0
0
0
0
0
0
0
0
0
0
0
0
0
0
0
0
0
0
0
0
0
0
0
0
0
0
0
0
0
0
0
0
0
0
0
0
0
0
0
0
0
0
0
0
0
0
0
0
0
0
0
0
0
0
0
0
0
0
0
0
0
0
0
0
0
0
0
0
0
0
0
0
0
0
0
0
0
0
0
0
0
0
0
0
0
0
0
0
0
0
0
0
0
0
0
0
0
0
0
0
0
0
0
0
0
0
0
0
0
0
0
0
0
0
0
0
0
0
0
0
0
0
0
0
0
0
0
0
0
0
0
0
0
0
0
0
0
0
0
0
0
0
0
0
0
0
0
0
0
0
0
0
0
0
0
0
0
0
0
0
0
0
0
0
0
0
0
0
0
0
0
0
0
0
0
0
0
0
0
0
0
0
0
0
0
0
0
0
0
0
0
0
0
0
0
0
0
0
0
0
0
0
0
0
0
0
0
0
0
0
0
0
0
0
0
0
0
0
0
0
0
0
0
0
0
0
0
0
0
0
0
0
0
0
0
0
0
0
0
0
0
0
0
0
0
0
0
0
0
0
0
0
0
0
0
0
0
0
0
0
0
0
0
0
0
0
0
0
0
0
0
0
0
0
0
0
0
0
0
0
0
0
0
0
0
0
0
0
0
0
0
0
0
0
0
0
0
0
0
0
0
0
0
0
0
0
0
0
0
0
0
0
0
0
0
0
0
0
0
0
0
0
0
0
0
0
0
0
0
0
0
0
0
0
0
0
0
0
0
0
0
0
0
0
0
0
0
0
0
0
0
0
0
0
0
0
0
0
0
0
0
0
0
0
0
0
0
0
0
0
0
0
0
0
0
0
0
0
0
0
0
0
0
0
0
0
0
0
0
0
0
0
0
0
0
0
0
0
0
0
0
0
0
0
0
0
0
0
0
0
0
0
0
0
0
0
0
0
0
0
0
0
0
0
0
0
0
0
0
0
0
0
0
0
0
0
0
0
0
0
0
0
0
0
0
0
0
0
0
0
0
0
0
0
0
0
0
0
0
0
0
0
0
0
0
0
0
0
0
0
0
0
0
0
0
0
0
0
0
0
0
0
0
0
0
0
0
0
0
0
0
0
0
0
0
0
0
0
0
0
0
0
0
0
0
0
0
0
0
0
0
0
0
0
0
0
0
0
0
0
0
0
0
0
0
0
0
0
0
0
0
0
0
0
0
0
0
0
0
0
0
0
0
0
0
0
0
0
0
0
0
0
0
0
0
0
0
0
0
0
0
0
0
0
0
0
0
0
0
0
0
0
0
0
0
0
0
0
0
0
0
0
0
0
0
0
0
0
0
0
0
0
0
0
0
0
0
0
0
0
0
0
0
0
0
0
0
0
0
0
0
0
0
0
0
0
0
0
0
0
0
0
0
0
0
0
0
0
0
0
0
0
0
0
0
0
0
0
0
0
0
0
0
0
0
0
0
0
0
0
0
0
0
0
0
0
0
0
0
0
0
0
0
0
0
0
0
0
0
0
0
0
0
0
0
0
0
0
0
0
0
0
0
0
0
0
0
0
0
0
0
0
0
0
0
0
0
0
0
0
0
0
0
0
0
0
0
0
0
0
0
0
0
0
0
0
0
0
0
0
0
0
0
0
0
0
0
0
0
0
0
0
0
0
0
0
0
0
0
0
0
0
0
0
0
0
0
0
0
0
0
0
0
0
0
0
0
0
0
0
0
0
0
0
0
0
0
0
0
0
0
0
0
0
0
0
0
0
0
0
0
0
0
0
0
0
0
0
0
0
0
0
0
0
0
0
0
0
0
0
0
0
0
0
0
0
0
0
0
0
0
0
0
0
0
0
0
0
0
0
0
0
0
0
0
0
0
0
0
0
0
0
0
0
0
0
0
0
0
0
0
0
0
0
0
0
0
0
0
0
0
0
0
0
0
0
0
0
0
0
0
0
0
0
0
0
0
0
0
0
0
0
0
0
0
0
0
0
0
0
0
0
0
0
0
0
0
0
0
0
0