58
70
65
67
84
58
67
68
65
84
49
56
58
68
65
84
65
32
35
57
48
48
48
48
48
54
57
51
54
0
0
0
0
0
176
118
64
0
0
0
0
0
150
162
192
0
0
0
0
0
80
149
64
0
0
0
0
0
152
154
192
0
0
0
0
0
2
161
64
0
0
0
0
0
168
135
192
0
0
0
0
0
222
164
64
0
0
0
0
0
64
115
64
0
0
0
0
0
156
165
64
0
0
0
0
0
212
148
64
0
0
0
0
0
34
163
64
0
0
0
0
0
234
160
64
0
0
0
0
0
156
155
64
0
0
0
0
0
246
164
64
0
0
0
0
0
168
137
64
0
0
0
0
0
248
165
64
0
0
0
0
0
192
111
192
0
0
0
0
0
200
163
64
0
0
0
0
0
116
148
192
0
0
0
0
0
72
157
64
0
0
0
0
0
32
161
192
0
0
0
0
0
216
140
64
0
0
0
0
0
174
165
192
0
0
0
0
0
32
104
192
0
0
0
0
0
36
167
192
0
0
0
0
0
128
148
192
0
0
0
0
0
46
165
192
0
0
0
0
0
178
161
192
0
0
0
0
0
240
159
192
0
0
0
0
0
162
166
192
0
0
0
0
0
112
144
192
0
0
0
0
0
58
168
192
0
0
0
0
0
64
93
64
0
0
0
0
0
40
166
192
0
0
0
0
0
4
148
64
0
0
0
0
0
188
160
192
0
0
0
0
0
158
161
64
0
0
0
0
0
160
145
192
0
0
0
0
0
140
166
64
0
0
0
0
0
128
70
64
0
0
0
0
0
20
168
64
0
0
0
0
0
192
146
64
0
0
0
0
0
8
166
64
0
0
0
0
0
240
160
64
0
0
0
0
0
202
160
64
0
0
0
0
0
2
166
64
0
0
0
0
0
68
146
64
0
0
0
0
0
232
167
64
0
0
0
0
0
0
50
64
0
0
0
0
0
98
166
64
0
0
0
0
0
236
145
192
0
0
0
0
0
148
161
64
0
0
0
0
0
246
160
192
0
0
0
0
0
32
148
64
0
0
0
0
0
184
166
192
0
0
0
0
0
0
89
64
0
0
0
0
0
82
169
192
0
0
0
0
0
244
145
192
0
0
0
0
0
58
168
192
0
0
0
0
0
192
161
192
0
0
0
0
0
106
163
192
0
0
0
0
0
24
168
192
0
0
0
0
0
240
150
192
0
0
0
0
0
226
170
192
0
0
0
0
0
32
105
192
0
0
0
0
0
140
169
192
0
0
0
0
0
100
145
64
0
0
0
0
0
72
164
192
0
0
0
0
0
152
161
64
0
0
0
0
0
252
151
192
0
0
0
0
0
166
167
64
0
0
0
0
0
16
113
192
0
0
0
0
0
234
169
64
0
0
0
0
0
120
142
64
0
0
0
0
0
44
168
64
0
0
0
0
0
108
159
64
0
0
0
0
0
238
162
64
0
0
0
0
0
4
165
64
0
0
0
0
0
112
150
64
0
0
0
0
0
244
166
64
0
0
0
0
0
240
114
64
0
0
0
0
0
130
165
64
0
0
0
0
0
40
137
192
0
0
0
0
0
34
161
64
0
0
0
0
0
52
155
192
0
0
0
0
0
28
149
64
0
0
0
0
0
186
162
192
0
0
0
0
0
144
117
64
0
0
0
0
0
26
165
192
0
0
0
0
0
176
133
192
0
0
0
0
0
128
164
192
0
0
0
0
0
136
153
192
0
0
0
0
0
0
161
192
0
0
0
0
0
88
162
192
0
0
0
0
0
8
150
192
0
0
0
0
0
82
165
192
0
0
0
0
0
176
122
192
0
0
0
0
0
44
165
192
0
0
0
0
0
232
131
64
0
0
0
0
0
212
161
192
0
0
0
0
0
84
153
64
0
0
0
0
0
128
151
192
0
0
0
0
0
122
162
64
0
0
0
0
0
32
127
192
0
0
0
0
0
122
165
64
0
0
0
0
0
232
129
64
0
0
0
0
0
42
165
64
0
0
0
0
0
248
151
64
0
0
0
0
0
170
161
64
0
0
0
0
0
118
161
64
0
0
0
0
0
56
151
64
0
0
0
0
0
38
164
64
0
0
0
0
0
64
128
64
0
0
0
0
0
196
163
64
0
0
0
0
0
32
126
192
0
0
0
0
0
138
160
64
0
0
0
0
0
116
149
192
0
0
0
0
0
40
150
64
0
0
0
0
0
196
159
192
0
0
0
0
0
224
128
64
0
0
0
0
0
156
162
192
0
0
0
0
0
112
120
192
0
0
0
0
0
166
162
192
0
0
0
0
0
148
147
192
0
0
0
0
0
10
160
192
0
0
0
0
0
32
158
192
0
0
0
0
0
80
150
192
0
0
0
0
0
36
162
192
0
0
0
0
0
176
130
192
0
0
0
0
0
140
162
192
0
0
0
0
0
240
115
64
0
0
0
0
0
46
160
192
0
0
0
0
0
136
146
64
0
0
0
0
0
196
150
192
0
0
0
0
0
24
157
64
0
0
0
0
0
216
131
192
0
0
0
0
0
118
161
64
0
0
0
0
0
64
111
64
0
0
0
0
0
136
161
64
0
0
0
0
0
48
144
64
0
0
0
0
0
176
157
64
0
0
0
0
0
184
152
64
0
0
0
0
0
32
148
64
0
0
0
0
0
44
156
64
0
0
0
0
0
24
129
64
0
0
0
0
0
108
154
64
0
0
0
0
0
224
99
192
0
0
0
0
0
144
148
64
0
0
0
0
0
128
133
192
0
0
0
0
0
56
137
64
0
0
0
0
0
224
141
192
0
0
0
0
0
96
115
64
0
0
0
0
0
208
141
192
0
0
0
0
0
128
74
192
0
0
0
0
0
80
135
192
0
0
0
0
0
64
107
192
0
0
0
0
0
224
123
192
0
0
0
0
0
224
103
192
0
0
0
0
0
192
101
192
0
0
0
0
0
0
69
192
0
0
0
0
0
0
40
192
0
0
0
0
0
96
97
64
0
0
0
0
0
0
44
192
0
0
0
0
0
192
111
64
0
0
0
0
0
128
95
192
0
0
0
0
0
0
112
64
0
0
0
0
0
208
113
192
0
0
0
0
0
160
98
64
0
0
0
0
0
128
121
192
0
0
0
0
0
0
42
192
0
0
0
0
0
112
123
192
0
0
0
0
0
224
99
192
0
0
0
0
0
0
119
192
0
0
0
0
0
192
108
192
0
0
0
0
0
192
108
192
0
0
0
0
0
160
105
192
0
0
0
0
0
192
86
192
0
0
0
0
0
128
90
192
0
0
0
0
0
0
34
192
0
0
0
0
0
0
32
64
0
0
0
0
0
0
46
192
0
0
0
0
0
64
85
64
0
0
0
0
0
192
87
192
0
0
0
0
0
64
84
64
0
0
0
0
0
128
105
192
0
0
0
0
0
0
8
64
0
0
0
0
0
176
113
192
0
0
0
0
0
192
91
192
0
0
0
0
0
48
114
192
0
0
0
0
0
128
105
192
0
0
0
0
0
0
108
192
0
0
0
0
0
64
109
192
0
0
0
0
0
0
93
192
0
0
0
0
0
160
103
192
0
0
0
0
0
0
50
192
0
0
0
0
0
0
88
192
0
0
0
0
0
0
55
64
0
0
0
0
0
0
28
192
0
0
0
0
0
0
36
192
0
0
0
0
0
0
66
64
0
0
0
0
0
64
87
192
0
0
0
0
0
0
32
64
0
0
0
0
0
192
102
192
0
0
0
0
0
0
83
192
0
0
0
0
0
128
108
192
0
0
0
0
0
96
101
192
0
0
0
0
0
224
105
192
0
0
0
0
0
192
108
192
0
0
0
0
0
192
95
192
0
0
0
0
0
192
107
192
0
0
0
0
0
0
63
192
0
0
0
0
0
64
99
192
0
0
0
0
0
128
65
64
0
0
0
0
0
0
80
192
0
0
0
0
0
128
66
64
0
0
0
0
0
0
0
64
0
0
0
0
0
0
54
192
0
0
0
0
0
0
24
64
0
0
0
0
0
64
91
192
0
0
0
0
0
128
73
192
0
0
0
0
0
0
102
192
0
0
0
0
0
128
97
192
0
0
0
0
0
32
103
192
0
0
0
0
0
192
106
192
0
0
0
0
0
128
96
192
0
0
0
0
0
64
109
192
0
0
0
0
0
128
69
192
0
0
0
0
0
192
103
192
0
0
0
0
0
128
65
64
0
0
0
0
0
192
90
192
0
0
0
0
0
128
79
64
0
0
0
0
0
0
62
192
0
0
0
0
0
0
58
64
0
0
0
0
0
0
240
63
0
0
0
0
0
0
74
192
0
0
0
0
0
128
64
192
0
0
0
0
0
32
96
192
0
0
0
0
0
0
92
192
0
0
0
0
0
64
100
192
0
0
0
0
0
32
104
192
0
0
0
0
0
128
96
192
0
0
0
0
0
64
109
192
0
0
0
0
0
128
75
192
0
0
0
0
0
128
106
192
0
0
0
0
0
0
62
64
0
0
0
0
0
128
97
192
0
0
0
0
0
64
83
64
0
0
0
0
0
128
76
192
0
0
0
0
0
0
79
64
0
0
0
0
0
0
36
192
0
0
0
0
0
0
20
192
0
0
0
0
0
0
53
192
0
0
0
0
0
192
85
192
0
0
0
0
0
192
85
192
0
0
0
0
0
64
97
192
0
0
0
0
0
96
101
192
0
0
0
0
0
32
96
192
0
0
0
0
0
128
108
192
0
0
0
0
0
64
80
192
0
0
0
0
0
64
108
192
0
0
0
0
0
0
53
64
0
0
0
0
0
224
100
192
0
0
0
0
0
192
84
64
0
0
0
0
0
0
85
192
0
0
0
0
0
0
86
64
0
0
0
0
0
0
53
192
0
0
0
0
0
0
65
64
0
0
0
0
0
0
42
192
0
0
0
0
0
128
71
192
0
0
0
0
0
64
80
192
0
0
0
0
0
192
91
192
0
0
0
0
0
96
98
192
0
0
0
0
0
128
94
192
0
0
0
0
0
0
107
192
0
0
0
0
0
64
82
192
0
0
0
0
0
32
109
192
0
0
0
0
0
0
38
64
0
0
0
0
0
192
103
192
0
0
0
0
0
0
85
64
0
0
0
0
0
64
91
192
0
0
0
0
0
192
90
64
0
0
0
0
0
0
66
192
0
0
0
0
0
64
81
64
0
0
0
0
0
0
36
192
0
0
0
0
0
0
28
192
0
0
0
0
0
128
70
192
0
0
0
0
0
128
84
192
0
0
0
0
0
192
94
192
0
0
0
0
0
192
91
192
0
0
0
0
0
32
105
192
0
0
0
0
0
128
83
192
0
0
0
0
0
96
109
192
0
0
0
0
0
0
0
0
0
0
0
0
0
0
106
192
0
0
0
0
0
64
84
64
0
0
0
0
0
192
96
192
0
0
0
0
0
128
94
64
0
0
0
0
0
128
74
192
0
0
0
0
0
64
89
64
0
0
0
0
0
0
36
192
0
0
0
0
0
0
63
64
0
0
0
0
0
0
60
192
0
0
0
0
0
0
73
192
0
0
0
0
0
128
88
192
0
0
0
0
0
192
87
192
0
0
0
0
0
160
102
192
0
0
0
0
0
0
84
192
0
0
0
0
0
0
109
192
0
0
0
0
0
0
38
192
0
0
0
0
0
224
107
192
0
0
0
0
0
192
82
64
0
0
0
0
0
192
99
192
0
0
0
0
0
128
96
64
0
0
0
0
0
128
82
192
0
0
0
0
0
32
96
64
0
0
0
0
0
0
46
192
0
0
0
0
0
64
81
64
0
0
0
0
0
0
42
192
0
0
0
0
0
0
44
192
0
0
0
0
0
64
82
192
0
0
0
0
0
192
82
192
0
0
0
0
0
192
99
192
0
0
0
0
0
128
83
192
0
0
0
0
0
0
108
192
0
0
0
0
0
0
53
192
0
0
0
0
0
64
109
192
0
0
0
0
0
128
80
64
0
0
0
0
0
192
102
192
0
0
0
0
0
64
97
64
0
0
0
0
0
64
88
192
0
0
0
0
0
96
99
64
0
0
0
0
0
0
56
192
0
0
0
0
0
128
91
64
0
0
0
0
0
0
240
191
0
0
0
0
0
0
59
64
0
0
0
0
0
0
71
192
0
0
0
0
0
128
71
192
0
0
0
0
0
32
96
192
0
0
0
0
0
128
81
192
0
0
0
0
0
0
106
192
0
0
0
0
0
0
61
192
0
0
0
0
0
224
109
192
0
0
0
0
0
0
76
64
0
0
0
0
0
160
105
192
0
0
0
0
0
160
97
64
0
0
0
0
0
192
94
192
0
0
0
0
0
128
102
64
0
0
0
0
0
128
66
192
0
0
0
0
0
64
99
64
0
0
0
0
0
0
24
64
0
0
0
0
0
0
83
64
0
0
0
0
0
0
48
192
0
0
0
0
0
0
34
192
0
0
0
0
0
128
87
192
0
0
0
0
0
0
75
192
0
0
0
0
0
0
103
192
0
0
0
0
0
0
65
192
0
0
0
0
0
160
109
192
0
0
0
0
0
0
70
64
0
0
0
0
0
32
108
192
0
0
0
0
0
128
97
64
0
0
0
0
0
0
99
192
0
0
0
0
0
96
105
64
0
0
0
0
0
128
76
192
0
0
0
0
0
64
105
64
0
0
0
0
0
0
38
64
0
0
0
0
0
32
97
64
0
0
0
0
0
0
42
64
0
0
0
0
0
0
70
64
0
0
0
0
0
128
72
192
0
0
0
0
0
0
58
192
0
0
0
0
0
32
98
192
0
0
0
0
0
0
64
192
0
0
0
0
0
0
108
192
0
0
0
0
0
0
63
64
0
0
0
0
0
32
110
192
0
0
0
0
0
192
96
64
0
0
0
0
0
32
103
192
0
0
0
0
0
32
108
64
0
0
0
0
0
0
85
192
0
0
0
0
0
16
112
64
0
0
0
0
0
0
38
64
0
0
0
0
0
192
106
64
0
0
0
0
0
128
73
64
0
0
0
0
0
192
93
64
0
0
0
0
0
0
46
64
0
0
0
0
0
0
55
64
0
0
0
0
0
128
84
192
0
0
0
0
0
0
51
192
0
0
0
0
0
96
103
192
0
0
0
0
0
0
50
64
0
0
0
0
0
128
110
192
0
0
0
0
0
64
94
64
0
0
0
0
0
128
107
192
0
0
0
0
0
64
110
64
0
0
0
0
0
64
94
192
0
0
0
0
0
32
116
64
0
0
0
0
0
0
20
64
0
0
0
0
0
16
116
64
0
0
0
0
0
128
88
64
0
0
0
0
0
224
109
64
0
0
0
0
0
128
91
64
0
0
0
0
0
128
93
64
0
0
0
0
0
128
65
64
0
0
0
0
0
0
52
64
0
0
0
0
0
0
88
192
0
0
0
0
0
0
32
64
0
0
0
0
0
96
106
192
0
0
0
0
0
128
87
64
0
0
0
0
0
0
111
192
0
0
0
0
0
0
111
64
0
0
0
0
0
224
101
192
0
0
0
0
0
96
121
64
0
0
0
0
0
0
42
192
0
0
0
0
0
192
126
64
0
0
0
0
0
128
101
64
0
0
0
0
0
240
124
64
0
0
0
0
0
144
114
64
0
0
0
0
0
96
116
64
0
0
0
0
0
192
114
64
0
0
0
0
0
32
98
64
0
0
0
0
0
128
101
64
0
0
0
0
0
0
44
64
0
0
0
0
0
0
62
192
0
0
0
0
0
0
32
64
0
0
0
0
0
96
105
192
0
0
0
0
0
96
103
64
0
0
0
0
0
96
109
192
0
0
0
0
0
160
126
64
0
0
0
0
0
128
73
192
0
0
0
0
0
192
137
64
0
0
0
0
0
32
118
64
0
0
0
0
0
104
144
64
0
0
0
0
0
56
140
64
0
0
0
0
0
80
144
64
0
0
0
0
0
200
150
64
0
0
0
0
0
24
135
64
0
0
0
0
0
4
157
64
0
0
0
0
0
192
98
64
0
0
0
0
0
168
158
64
0
0
0
0
0
128
131
192
0
0
0
0
0
156
154
64
0
0
0
0
0
68
150
192
0
0
0
0
0
32
145
64
0
0
0
0
0
54
160
192
0
0
0
0
0
192
109
64
0
0
0
0
0
248
162
192
0
0
0
0
0
96
134
192
0
0
0
0
0
190
162
192
0
0
0
0
0
228
152
192
0
0
0
0
0
248
158
192
0
0
0
0
0
134
161
192
0
0
0
0
0
120
147
192
0
0
0
0
0
250
163
192
0
0
0
0
0
96
115
192
0
0
0
0
0
118
163
192
0
0
0
0
0
48
133
64
0
0
0
0
0
22
160
192
0
0
0
0
0
136
152
64
0
0
0
0
0
168
148
192
0
0
0
0
0
130
161
64
0
0
0
0
0
16
120
192
0
0
0
0
0
70
164
64
0
0
0
0
0
160
131
64
0
0
0
0
0
40
164
64
0
0
0
0
0
168
152
64
0
0
0
0
0
22
161
64
0
0
0
0
0
46
162
64
0
0
0
0
0
196
150
64
0
0
0
0
0
140
165
64
0
0
0
0
0
16
126
64
0
0
0
0
0
202
165
64
0
0
0
0
0
248
130
192
0
0
0
0
0
182
162
64
0
0
0
0
0
172
153
192
0
0
0
0
0
84
153
64
0
0
0
0
0
58
163
192
0
0
0
0
0
16
130
64
0
0
0
0
0
208
166
192
0
0
0
0
0
200
129
192
0
0
0
0
0
246
166
192
0
0
0
0
0
148
153
192
0
0
0
0
0
156
163
192
0
0
0
0
0
46
163
192
0
0
0
0
0
156
154
192
0
0
0
0
0
168
166
192
0
0
0
0
0
72
132
192
0
0
0
0
0
192
166
192
0
0
0
0
0
128
126
64
0
0
0
0
0
134
163
192
0
0
0
0
0
16
152
64
0
0
0
0
0
8
155
192
0
0
0
0
0
112
162
64
0
0
0
0
0
88
134
192
0
0
0
0
0
48
166
64
0
0
0
0
0
160
121
64
0
0
0
0
0
204
166
64
0
0
0
0
0
100
151
64
0
0
0
0
0
38
164
64
0
0
0
0
0
196
162
64
0
0
0
0
0
4
157
64
0
0
0
0
0
100
167
64
0
0
0
0
0
0
138
64
0
0
0
0
0
198
168
64
0
0
0
0
0
16
119
192
0
0
0
0
0
128
166
64
0
0
0
0
0
196
152
192
0
0
0
0
0
164
160
64
0
0
0
0
0
142
164
192
0
0
0
0
0
112
143
64
0
0
0
0
0
6
170
192
0
0
0
0
0
208
116
192
0
0
0
0
0
182
171
192
0
0
0
0
0
52
154
192
0
0
0
0
0
34
169
192
0
0
0
0
0
222
165
192
0
0
0
0
0
140
162
192
0
0
0
0
0
98
171
192
0
0
0
0
0
248
145
192
0
0
0
0
0
178
172
192
0
0
0
0
0
192
111
64
0
0
0
0
0
160
169
192
0
0
0
0
0
24
153
64
0
0
0
0
0
198
162
192
0
0
0
0
0
254
164
64
0
0
0
0
0
172
146
192
0
0
0
0
0
18
170
64
0
0
0
0
0
64
98
64
0
0
0
0
0
42
171
64
0
0
0
0
0
40
150
64
0
0
0
0
0
74
168
64
0
0
0
0
0
22
163
64
0
0
0
0
0
8
162
64
0
0
0
0
0
40
168
64
0
0
0
0
0
196
146
64
0
0
0
0
0
172
169
64
0
0
0
0
0
128
74
192
0
0
0
0
0
130
167
64
0
0
0
0
0
12
148
192
0
0
0
0
0
248
161
64
0
0
0
0
0
38
162
192
0
0
0
0
0
156
147
64
0
0
0
0
0
168
167
192
0
0
0
0
0
0
51
64
0
0
0
0
0
182
169
192
0
0
0
0
0
64
147
192
0
0
0
0
0
248
167
192
0
0
0
0
0
6
162
192
0
0
0
0
0
160
162
192
0
0
0
0
0
190
167
192
0
0
0
0
0
228
148
192
0
0
0
0
0
224
169
192
0
0
0
0
0
192
86
192
0
0
0
0
0
26
168
192
0
0
0
0
0
28
146
64
0
0
0
0
0
190
162
192
0
0
0
0
0
86
161
64
0
0
0
0
0
104
149
192
0
0
0
0
0
222
166
64
0
0
0
0
0
96
100
192
0
0
0
0
0
228
168
64
0
0
0
0
0
48
144
64
0
0
0
0
0
54
167
64
0
0
0
0
0
8
160
64
0
0
0
0
0
50
162
64
0
0
0
0
0
114
165
64
0
0
0
0
0
92
149
64
0
0
0
0
0
164
167
64
0
0
0
0
0
128
108
64
0
0
0
0
0
96
166
64
0
0
0
0
0
208
140
192
0
0
0
0
0
226
161
64
0
0
0
0
0
8
158
192
0
0
0
0
0
172
149
64
0
0
0
0
0
140
164
192
0
0
0
0
0
48
114
64
0
0
0
0
0
4
167
192
0
0
0
0
0
56
138
192
0
0
0
0
0
18
166
192
0
0
0
0
0
160
156
192
0
0
0
0
0
222
161
192
0
0
0
0
0
216
163
192
0
0
0
0
0
32
150
192
0
0
0
0
0
82
166
192
0
0
0
0
0
224
117
192
0
0
0
0
0
108
165
192
0
0
0
0
0
56
135
64
0
0
0
0
0
98
161
192
0
0
0
0
0
124
154
64
0
0
0
0
0
208
149
192
0
0
0
0
0
124
162
64
0
0
0
0
0
144
120
192
0
0
0
0
0
210
164
64
0
0
0
0
0
168
131
64
0
0
0
0
0
12
164
64
0
0
0
0
0
196
151
64
0
0
0
0
0
100
160
64
0
0
0
0
0
230
160
64
0
0
0
0
0
4
149
64
0
0
0
0
0
84
163
64
0
0
0
0
0
96
122
64
0
0
0
0
0
236
162
64
0
0
0
0
0
208
128
192
0
0
0
0
0
144
159
64
0
0
0
0
0
224
149
192
0
0
0
0
0
212
148
64
0
0
0
0
0
248
159
192
0
0
0
0
0
176
124
64
0
0
0
0
0
166
162
192
0
0
0
0
0
160
125
192
0
0
0
0
0
140
162
192
0
0
0
0
0
196
148
192
0
0
0
0
0
120
159
192
0
0
0
0
0
252
158
192
0
0
0
0
0
64
149
192
0
0
0
0
0
74
162
192
0
0
0
0
0
240
127
192
0
0
0
0
0
100
162
192
0
0
0
0
0
112
121
64
0
0
0
0
0
156
159
192
0
0
0
0
0
172
147
64
0
0
0
0
0
224
149
192
0
0
0
0
0
28
158
64
0
0
0
0
0
240
129
192
0
0
0
0
0
26
162
64
0
0
0
0
0
96
117
64
0
0
0
0
0
144
162
64
0
0
0
0
0
24
147
64
0
0
0
0
0
90
160
64
0
0
0
0
0
104
158
64
0
0
0
0
0
108
151
64
0
0
0
0
0
204
162
64
0
0
0
0
0
208
132
64
0
0
0
0
0
190
163
64
0
0
0
0
0
128
114
192
0
0
0
0
0
194
161
64
0
0
0
0
0
140
147
192
0
0
0
0
0
0
154
64
0
0
0
0
0
16
160
192
0
0
0
0
0
80
136
64
0
0
0
0
0
32
164
192
0
0
0
0
0
0
112
192
0
0
0
0
0
56
165
192
0
0
0
0
0
236
147
192
0
0
0
0
0
20
163
192
0
0
0
0
0
130
160
192
0
0
0
0
0
244
155
192
0
0
0
0
0
148
164
192
0
0
0
0
0
224
138
192
0
0
0
0
0
132
165
192
0
0
0
0
0
160
104
64
0
0
0
0
0
60
163
192
0
0
0
0
0
248
146
64
0
0
0
0
0
68
156
192
0
0
0
0
0
216
159
64
0
0
0
0
0
48
140
192
0
0
0
0
0
244
163
64
0
0
0
0
0
192
95
64
0
0
0
0
0
16
165
64
0
0
0
0
0
188
145
64
0
0
0
0
0
42
163
64
0
0
0
0
0
24
159
64
0
0
0
0
0
8
157
64
0
0
0
0
0
36
164
64
0
0
0
0
0
200
142
64
0
0
0
0
0
254
165
64
0
0
0
0
0
0
78
192
0
0
0
0
0
182
164
64
0
0
0
0
0
224
145
192
0
0
0
0
0
68
160
64
0
0
0
0
0
138
160
192
0
0
0
0
0
52
146
64
0
0
0
0
0
24
166
192
0
0
0
0
0
0
44
64
0
0
0
0
0
152
168
192
0
0
0
0
0
208
146
192
0
0
0
0
0
110
167
192
0
0
0
0
0
238
161
192
0
0
0
0
0
146
162
192
0
0
0
0
0
2
168
192
0
0
0
0
0
68
149
192
0
0
0
0
0
142
170
192
0
0
0
0
0
0
90
192
0
0
0
0
0
16
169
192
0
0
0
0
0
156
146
64
0
0
0
0
0
190
163
192
0
0
0
0
0
22
162
64
0
0
0
0
0
224
150
192
0
0
0
0
0
32
168
64
0
0
0
0
0
224
103
192
0
0
0
0
0
130
170
64
0
0
0
0
0
28
145
64
0
0
0
0
0
236
168
64
0
0
0
0
0
50
161
64
0
0
0
0
0
180
163
64
0
0
0
0
0
56
167
64
0
0
0
0
0
88
151
64
0
0
0
0
0
206
169
64
0
0
0
0
0
64
112
64
0
0
0
0
0
162
168
64
0
0
0
0
0
112
143
192
0
0
0
0
0
228
163
64
0
0
0
0
0
162
160
192
0
0
0
0
0
104
152
64
0
0
0
0
0
12
167
192
0
0
0
0
0
0
117
64
0
0
0
0
0
46
170
192
0
0
0
0
0
32
142
192
0
0
0
0
0
132
169
192
0
0
0
0
0
206
160
192
0
0
0
0
0
12
165
192
0
0
0
0
0
206
167
192
0
0
0
0
0
168
154
192
0
0
0
0
0
106
171
192
0
0
0
0
0
112
123
192
0
0
0
0
0
254
170
192
0
0
0
0
0
232
140
64
0
0
0
0
0
130
166
192
0
0
0
0
0
4
161
64
0
0
0
0
0
36
157
192
0
0
0
0
0
110
168
64
0
0
0
0
0
88
129
192
0
0
0
0
0
74
172
64
0
0
0
0
0
160
138
64
0
0
0
0
0
244
171
64
0
0
0
0
0
186
160
64
0
0
0
0
0
114
167
64
0
0
0
0
0
88
168
64
0
0
0
0
0
216
158
64
0
0
0
0
0
86
172
64
0
0
0
0
0
104
132
64
0
0
0
0
0
28
172
64
0
0
0
0
0
208
135
192
0
0
0
0
0
180
167
64
0
0
0
0
0
18
160
192
0
0
0
0
0
156
159
64
0
0
0
0
0
186
167
192
0
0
0
0
0
136
134
64
0
0
0
0
0
202
171
192
0
0
0
0
0
248
132
192
0
0
0
0
0
172
171
192
0
0
0
0
0
104
158
192
0
0
0
0
0
122
167
192
0
0
0
0
0
198
166
192
0
0
0
0
0
192
159
192
0
0
0
0
0
228
170
192
0
0
0
0
0
56
136
192
0
0
0
0
0
6
171
192
0
0
0
0
0
24
130
64
0
0
0
0
0
54
167
192
0
0
0
0
0
168
156
64
0
0
0
0
0
12
160
192
0
0
0
0
0
250
165
64
0
0
0
0
0
72
138
192
0
0
0
0
0
108
170
64
0
0
0
0
0
32
127
64
0
0
0
0
0
12
171
64
0
0
0
0
0
204
155
64
0
0
0
0
0
190
167
64
0
0
0
0
0
12
166
64
0
0
0
0
0
234
160
64
0
0
0
0
0
30
171
64
0
0
0
0
0
200
141
64
0
0
0
0
0
78
172
64
0
0
0
0
0
0
123
192
0
0
0
0
0
76
169
64
0
0
0
0
0
252
155
192
0
0
0
0
0
100
162
64
0
0
0
0
0
202
166
192
0
0
0
0
0
20
145
64
0
0
0
0
0
88
172
192
0
0
0
0
0
112
118
192
0
0
0
0
0
182
173
192
0
0
0
0
0
184
155
192
0
0
0
0
0
148
170
192
0
0
0
0
0
222
166
192
0
0
0
0
0
104
163
192
0
0
0
0
0
104
172
192
0
0
0
0
0
168
146
192
0
0
0
0
0
162
173
192
0
0
0
0
0
112
112
64
0
0
0
0
0
112
170
192
0
0
0
0
0
232
153
64
0
0
0
0
0
102
163
192
0
0
0
0
0
190
165
64
0
0
0
0
0
88
147
192
0
0
0
0
0
46
171
64
0
0
0
0
0
160
100
64
0
0
0
0
0
144
172
64
0
0
0
0
0
200
151
64
0
0
0
0
0
206
169
64
0
0
0
0
0
176
164
64
0
0
0
0
0
88
163
64
0
0
0
0
0
124
170
64
0
0
0
0
0
56
148
64
0
0
0
0
0
124
172
64
0
0
0
0
0
128
84
192
0
0
0
0
0
90
170
64
0
0
0
0
0
228
150
192
0
0
0
0
0
80
164
64
0
0
0
0
0
198
164
192
0
0
0
0
0
56
150
64
0
0
0
0
0
66
171
192
0
0
0
0
0
0
240
63
0
0
0
0
0
214
173
192
0
0
0
0
0
204
150
192
0
0
0
0
0
0
172
192
0
0
0
0
0
92
165
192
0
0
0
0
0
228
165
192
0
0
0
0
0
76
172
192
0
0
0
0
0
172
152
192
0
0
0
0
0
18
175
192
0
0
0
0
0
192
88
192
0
0
0
0
0
50
173
192
0
0
0
0
0
16
150
64
0
0
0
0
0
238
166
192
0
0
0
0
0
66
165
64
0
0
0
0
0
116
154
192
0
0
0
0
0
82
172
64
0
0
0
0
0
96
105
192
0
0
0
0
0
44
175
64
0
0
0
0
0
132
148
64
0
0
0
0
0
106
173
64
0
0
0
0
0
140
164
64
0
0
0
0
0
86
167
64
0
0
0
0
0
204
171
64
0
0
0
0
0
184
155
64
0
0
0
0
0
248
174
64
0
0
0
0
0
208
114
64
0
0
0
0
0
158
173
64
0
0
0
0
0
8
147
192
0
0
0
0
0
232
167
64
0
0
0
0
0
10
164
192
0
0
0
0
0
72
157
64
0
0
0
0
0
176
171
192
0
0
0
0
0
0
121
64
0
0
0
0
0
80
175
192
0
0
0
0
0
240
145
192
0
0
0
0
0
88
174
192
0
0
0
0
0
220
163
192
0
0
0
0
0
218
168
192
0
0
0
0
0
234
171
192
0
0
0
0
0
52
159
192
0
0
0
0
0
228
175
192
0
0
0
0
0
112
127
192
0
0
0
0
0
38
175
192
0
0
0
0
0
216
144
64
0
0
0
0
0
196
169
192
0
0
0
0
0
160
163
64
0
0
0
0
0
134
160
192
0
0
0
0
0
252
171
64
0
0
0
0
0
16
131
192
0
0
0
0
0
31
176
64
0
0
0
0
0
16
143
64
0
0
0
0
0
192
175
64
0
0
0
0
0
56
163
64
0
0
0
0
0
142
170
64
0
0
0
0
0
226
171
64
0
0
0
0
0
104
161
64
0
0
0
0
0
61
176
64
0
0
0
0
0
136
134
64
0
0
0
0
0
36
176
64
0
0
0
0
0
40
140
192
0
0
0
0
0
76
171
64
0
0
0
0
0
184
162
192
0
0
0
0
0
64
162
64
0
0
0
0
0
166
171
192
0
0
0
0
0
0
0
0
0
0
0
0
0
0
0
0
0
0
0
0
0
0
0
0
0
0
0
0
0
0
0
0
0
0
0
0
0
0
0
0
0
0
0
0
0
0
0
0
0
0
0
0
0
0
0
0
0
0
0
0
0
0
0
0
0
0
0
0
0
0
0
0
0
0
0
0
0
0
0
0
0
0
0
0
0
0
0
0
0
0
0
0
0
0
0
0
0
0
0
0
0
0
0
0
0
0
0
0
0
0
0
0
0
0
0
0
0
0
0
0
0
0
0
0
0
0
0
0
0
0
0
0
0
0
0
0
0
0
0
0
0
0
0
0
0
0
0
0
0
0
0
0
0
0
0
0
0
0
0
0
0
0
0
0
0
0
0
0
0
0
0
0
0
0
0
0
0
0
0
0
0
0
0
0
0
0
0
0
0
0
0
0
0
0
0
0
0
0
0
0
0
0
0
0
0
0
0
0
0
0
0
0
0
0
0
0
0
0
0
0
0
0
0
0
0
0
0
0
0
0
0
0
0
0
0
0
0
0
0
0
0
0
0
0
0
0
0
0
0
0
0
0
0
0
0
0
0
0
0
0
0
0
0
0
0
0
0
0
0
0
0
0
0
0
0
0
0
0
0
0
0
0
0
0
0
0
0
0
0
0
0
0
0
0
0
0
0
0
0
0
0
0
0
0
0
0
0
0
0
0
0
0
0
0
0
0
0
0
0
0
0
0
0
0
0
0
0
0
0
0
0
0
0
0
0
0
0
0
0
0
0
0
0
0
0
0
0
0
0
0
0
0
0
0
0
0
0
0
0
0
0
0
0
0
0
0
0
0
0
0
0
0
0
0
0
0
0
0
0
0
0
0
0
0
0
0
0
0
0
0
0
0
0
0
0
0
0
0
0
0
0
0
0
0
0
0
0
0
0
0
0
0
0
0
0
0
0
0
0
0
0
0
0
0
0
0
0
0
0
0
0
0
0
0
0
0
0
0
0
0
0
0
0
0
0
0
0
0
0
0
0
0
0
0
0
0
0
0
0
0
0
0
0
0
0
0
0
0
0
0
0
0
0
0
0
0
0
0
0
0
0
0
0
0
0
0
0
0
0
0
0
0
0
0
0
0
0
0
0
0
0
0
0
0
0
0
0
0
0
0
0
0
0
0
0
0
0
0
0
0
0
0
0
0
0
0
0
0
0
0
0
0
0
0
0
0
0
0
0
0
0
0
0
0
0
0
0
0
0
0
0
0
0
0
0
0
0
0
0
0
0
0
0
0
0
0
0
0
0
0
0
0
0
0
0
0
0
0
0
0
0
0
0
0
0
0
0
0
0
0
0
0
0
0
0
0
0
0
0
0
0
0
0
0
0
0
0
0
0
0
0
0
0
0
0
0
0
0
0
0
0
0
0
0
0
0
0
0
0
0
0
0
0
0
0
0
0
0
0
0
0
0
0
0
0
0
0
0
0
0
0
0
0
0
0
0
0
0
0
0
0
0
0
0
0
0
0
0
0
0
0
0
0
0
0
0
0
0
0
0
0
0
0
0
0
0
0
0
0
0
0
0
0
0
0
0
0
0
0
0
0
0
0
0
0
0
0
0
0
0
0
0
0
0
0
0
0
0
0
0
0
0
0
0
0
0
0
0
0
0
0
0
0
0
0
0
0
0
0
0
0
0
0
0
0
0
0
0
0
0
0
0
0
0
0
0
0
0
0
0
0
0
0
0
0
0
0
0
0
0
0
0
0
0
0
0
0
0
0
0
0
0
0
0
0
0
0
0
0
0
0
0
0
0
0
0
0
0
0
0
0
0
0
0
0
0
0
0
0
0
0
0
0
0
0
0
0
0
0
0
0
0
0
0
0
0
0
0
0
0
0
0
0
0
0
0
0
0
0
0
0
0
0
0
0
0
0
0
0
0
0
0
0
0
0
0
0
0
0
0
0
0
0
0
0
0
0
0
0
0
0
0
0
0
0
0
0
0
0
0
0
0
0
0
0
0
0
0
0
0
0
0
0
0
0
0
0
0
0
0
0
0
0
0
0
0
0
0
0
0
0
0
0
0
0
0
0
0
0
0
0
0
0
0
0
0
0
0
0
0
0
0
0
0
0
0
0
0
0
0
0
0
0
0
0
0
0
0
0
0
0
0
0
0
0
0
0
0
0
0
0
0
0
0
0
0
0
0
0
0
0
0
0
0
0
0
0
0
0
0
0
0
0
0
0
0
0
0
0
0
0
0
0
0
0
0
0
0
0
0
0
0
0
0
0
0
0
0
0
0
0
0
0
0
0
0
0
0
0
0
0
0
0
0
0
0
0
0
0
0
0
0
0
0
0
0
0
0
0
0
0
0
0
0
0
0
0
0
0
0
0
0
0
0
0
0
0
0
0
0
0
0
0
0
0
0
0
0
0
0
0
0
0
0
0
0
0
0
0
0
0
0
0
0
0
0
0
0
0
0
0
0
0
0
0
0
0
0
0
0
0
0
0
0
0
0
0
0
0
0
0
0
0
0
0
0
0
0
0
0
0
0
0
0
0
0
0
0
0
0
0
0
0
0
0
0
0
0
0
0
0
0
0
0
0
0
0
0
0
0
0
0
0
0
0
0
0
0
0
0
0
0
0
0
0
0
0
0
0
0
0
0
0
0
0
0
0
0
0
0
0
0
0
0
0
0
0
0
0
0
0
0
0
0
0
0
0
0
0
0
0
0
0
0
0
0
0
0
0
0
0
0
0
0
0
0
0
0
0
0
0
0
0
0
0
0
0