58
70
65
67
84
58
67
68
65
84
49
56
58
68
65
84
65
32
35
57
48
48
48
48
48
54
57
51
54
0
0
0
0
0
248
137
64
0
0
0
0
0
62
176
192
0
0
0
0
0
232
136
192
0
0
0
0
0
63
176
192
0
0
0
0
0
246
161
192
0
0
0
0
0
172
171
192
0
0
0
0
0
242
170
192
0
0
0
0
0
200
162
192
0
0
0
0
0
222
175
192
0
0
0
0
0
208
140
192
0
0
0
0
0
5
176
192
0
0
0
0
0
64
133
64
0
0
0
0
0
126
171
192
0
0
0
0
0
228
160
64
0
0
0
0
0
250
162
192
0
0
0
0
0
218
169
64
0
0
0
0
0
40
143
192
0
0
0
0
0
240
174
64
0
0
0
0
0
192
129
64
0
0
0
0
0
118
175
64
0
0
0
0
0
228
159
64
0
0
0
0
0
102
171
64
0
0
0
0
0
24
169
64
0
0
0
0
0
90
163
64
0
0
0
0
0
150
174
64
0
0
0
0
0
240
144
64
0
0
0
0
0
158
175
64
0
0
0
0
0
160
125
192
0
0
0
0
0
254
171
64
0
0
0
0
0
216
158
192
0
0
0
0
0
52
164
64
0
0
0
0
0
244
168
192
0
0
0
0
0
176
146
64
0
0
0
0
0
224
174
192
0
0
0
0
0
0
120
192
0
0
0
0
0
32
176
192
0
0
0
0
0
248
157
192
0
0
0
0
0
212
172
192
0
0
0
0
0
202
168
192
0
0
0
0
0
24
165
192
0
0
0
0
0
236
174
192
0
0
0
0
0
100
148
192
0
0
0
0
0
58
176
192
0
0
0
0
0
176
113
64
0
0
0
0
0
44
173
192
0
0
0
0
0
128
156
64
0
0
0
0
0
152
165
192
0
0
0
0
0
32
168
64
0
0
0
0
0
192
149
192
0
0
0
0
0
102
174
64
0
0
0
0
0
32
102
64
0
0
0
0
0
22
176
64
0
0
0
0
0
196
154
64
0
0
0
0
0
56
173
64
0
0
0
0
0
100
167
64
0
0
0
0
0
0
166
64
0
0
0
0
0
246
173
64
0
0
0
0
0
32
151
64
0
0
0
0
0
19
176
64
0
0
0
0
0
192
82
192
0
0
0
0
0
156
173
64
0
0
0
0
0
100
153
192
0
0
0
0
0
180
166
64
0
0
0
0
0
252
166
192
0
0
0
0
0
200
152
64
0
0
0
0
0
238
173
192
0
0
0
0
0
0
57
64
0
0
0
0
0
61
176
192
0
0
0
0
0
48
152
192
0
0
0
0
0
58
174
192
0
0
0
0
0
164
166
192
0
0
0
0
0
122
167
192
0
0
0
0
0
218
173
192
0
0
0
0
0
112
154
192
0
0
0
0
0
83
176
192
0
0
0
0
0
128
95
192
0
0
0
0
0
158
174
192
0
0
0
0
0
204
150
64
0
0
0
0
0
14
168
192
0
0
0
0
0
26
166
64
0
0
0
0
0
228
155
192
0
0
0
0
0
140
173
64
0
0
0
0
0
128
108
192
0
0
0
0
0
84
176
64
0
0
0
0
0
92
149
64
0
0
0
0
0
248
174
64
0
0
0
0
0
160
165
64
0
0
0
0
0
188
168
64
0
0
0
0
0
120
173
64
0
0
0
0
0
160
157
64
0
0
0
0
0
133
176
64
0
0
0
0
0
0
117
64
0
0
0
0
0
196
175
64
0
0
0
0
0
44
148
192
0
0
0
0
0
196
169
64
0
0
0
0
0
112
165
192
0
0
0
0
0
192
159
64
0
0
0
0
0
190
173
192
0
0
0
0
0
16
124
64
0
0
0
0
0
218
176
192
0
0
0
0
0
0
147
192
0
0
0
0
0
86
176
192
0
0
0
0
0
46
165
192
0
0
0
0
0
194
170
192
0
0
0
0
0
194
173
192
0
0
0
0
0
212
160
192
0
0
0
0
0
245
176
192
0
0
0
0
0
120
129
192
0
0
0
0
0
133
176
192
0
0
0
0
0
120
145
64
0
0
0
0
0
68
171
192
0
0
0
0
0
132
164
64
0
0
0
0
0
126
161
192
0
0
0
0
0
60
173
64
0
0
0
0
0
176
132
192
0
0
0
0
0
207
176
64
0
0
0
0
0
136
143
64
0
0
0
0
0
136
176
64
0
0
0
0
0
196
163
64
0
0
0
0
0
168
171
64
0
0
0
0
0
198
172
64
0
0
0
0
0
48
162
64
0
0
0
0
0
205
176
64
0
0
0
0
0
16
136
64
0
0
0
0
0
195
176
64
0
0
0
0
0
128
140
192
0
0
0
0
0
132
172
64
0
0
0
0
0
88
163
192
0
0
0
0
0
62
163
64
0
0
0
0
0
216
172
192
0
0
0
0
0
248
139
64
0
0
0
0
0
25
177
192
0
0
0
0
0
216
137
192
0
0
0
0
0
69
177
192
0
0
0
0
0
32
163
192
0
0
0
0
0
192
173
192
0
0
0
0
0
26
173
192
0
0
0
0
0
120
164
192
0
0
0
0
0
109
177
192
0
0
0
0
0
12
144
192
0
0
0
0
0
186
177
192
0
0
0
0
0
232
134
64
0
0
0
0
0
200
174
192
0
0
0
0
0
188
162
64
0
0
0
0
0
128
165
192
0
0
0
0
0
8
173
64
0
0
0
0
0
252
145
192
0
0
0
0
0
135
177
64
0
0
0
0
0
144
131
64
0
0
0
0
0
243
177
64
0
0
0
0
0
20
162
64
0
0
0
0
0
110
175
64
0
0
0
0
0
156
172
64
0
0
0
0
0
80
166
64
0
0
0
0
0
119
177
64
0
0
0
0
0
196
147
64
0
0
0
0
0
12
178
64
0
0
0
0
0
16
128
192
0
0
0
0
0
238
175
64
0
0
0
0
0
86
161
192
0
0
0
0
0
14
167
64
0
0
0
0
0
28
172
192
0
0
0
0
0
136
149
64
0
0
0
0
0
96
177
192
0
0
0
0
0
16
121
192
0
0
0
0
0
35
178
192
0
0
0
0
0
152
160
192
0
0
0
0
0
58
176
192
0
0
0
0
0
162
171
192
0
0
0
0
0
212
167
192
0
0
0
0
0
79
177
192
0
0
0
0
0
88
151
192
0
0
0
0
0
66
178
192
0
0
0
0
0
240
113
64
0
0
0
0
0
132
176
192
0
0
0
0
0
192
159
64
0
0
0
0
0
168
168
192
0
0
0
0
0
54
171
64
0
0
0
0
0
56
153
192
0
0
0
0
0
74
177
64
0
0
0
0
0
192
101
64
0
0
0
0
0
111
178
64
0
0
0
0
0
104
158
64
0
0
0
0
0
220
176
64
0
0
0
0
0
220
170
64
0
0
0
0
0
146
169
64
0
0
0
0
0
77
177
64
0
0
0
0
0
44
155
64
0
0
0
0
0
160
178
64
0
0
0
0
0
128
77
192
0
0
0
0
0
50
177
64
0
0
0
0
0
0
157
192
0
0
0
0
0
108
170
64
0
0
0
0
0
110
170
192
0
0
0
0
0
8
157
64
0
0
0
0
0
60
177
192
0
0
0
0
0
0
77
64
0
0
0
0
0
179
178
192
0
0
0
0
0
92
155
192
0
0
0
0
0
102
177
192
0
0
0
0
0
198
169
192
0
0
0
0
0
16
171
192
0
0
0
0
0
6
177
192
0
0
0
0
0
172
158
192
0
0
0
0
0
166
178
192
0
0
0
0
0
224
101
192
0
0
0
0
0
134
177
192
0
0
0
0
0
148
153
64
0
0
0
0
0
166
171
192
0
0
0
0
0
16
169
64
0
0
0
0
0
44
160
192
0
0
0
0
0
213
176
64
0
0
0
0
0
96
114
192
0
0
0
0
0
172
178
64
0
0
0
0
0
244
151
64
0
0
0
0
0
197
177
64
0
0
0
0
0
146
168
64
0
0
0
0
0
124
172
64
0
0
0
0
0
206
176
64
0
0
0
0
0
46
161
64
0
0
0
0
0
223
178
64
0
0
0
0
0
0
122
64
0
0
0
0
0
39
178
64
0
0
0
0
0
132
150
192
0
0
0
0
0
122
173
64
0
0
0
0
0
48
168
192
0
0
0
0
0
58
162
64
0
0
0
0
0
205
176
192
0
0
0
0
0
224
128
64
0
0
0
0
0
8
179
192
0
0
0
0
0
232
148
192
0
0
0
0
0
112
178
192
0
0
0
0
0
150
167
192
0
0
0
0
0
54
174
192
0
0
0
0
0
155
176
192
0
0
0
0
0
18
163
192
0
0
0
0
0
243
178
192
0
0
0
0
0
144
132
192
0
0
0
0
0
124
178
192
0
0
0
0
0
8
147
64
0
0
0
0
0
152
174
192
0
0
0
0
0
180
166
64
0
0
0
0
0
190
163
192
0
0
0
0
0
64
176
64
0
0
0
0
0
24
136
192
0
0
0
0
0
190
178
64
0
0
0
0
0
24
145
64
0
0
0
0
0
121
178
64
0
0
0
0
0
212
165
64
0
0
0
0
0
250
174
64
0
0
0
0
0
226
175
64
0
0
0
0
0
116
164
64
0
0
0
0
0
161
178
64
0
0
0
0
0
184
139
64
0
0
0
0
0
146
178
64
0
0
0
0
0
136
142
192
0
0
0
0
0
142
175
64
0
0
0
0
0
24
165
192
0
0
0
0
0
78
165
64
0
0
0
0
0
122
175
192
0
0
0
0
0
128
143
64
0
0
0
0
0
158
178
192
0
0
0
0
0
8
139
192
0
0
0
0
0
193
178
192
0
0
0
0
0
108
164
192
0
0
0
0
0
30
176
192
0
0
0
0
0
30
175
192
0
0
0
0
0
48
166
192
0
0
0
0
0
158
178
192
0
0
0
0
0
172
145
192
0
0
0
0
0
239
178
192
0
0
0
0
0
112
135
64
0
0
0
0
0
117
176
192
0
0
0
0
0
188
163
64
0
0
0
0
0
20
167
192
0
0
0
0
0
188
174
64
0
0
0
0
0
156
147
192
0
0
0
0
0
157
178
64
0
0
0
0
0
216
131
64
0
0
0
0
0
29
179
64
0
0
0
0
0
10
163
64
0
0
0
0
0
203
176
64
0
0
0
0
0
84
174
64
0
0
0
0
0
246
167
64
0
0
0
0
0
148
178
64
0
0
0
0
0
136
149
64
0
0
0
0
0
63
179
64
0
0
0
0
0
40
128
192
0
0
0
0
0
17
177
64
0
0
0
0
0
66
162
192
0
0
0
0
0
184
168
64
0
0
0
0
0
196
173
192
0
0
0
0
0
84
151
64
0
0
0
0
0
110
178
192
0
0
0
0
0
192
120
192
0
0
0
0
0
63
179
192
0
0
0
0
0
90
161
192
0
0
0
0
0
56
177
192
0
0
0
0
0
4
173
192
0
0
0
0
0
82
169
192
0
0
0
0
0
48
178
192
0
0
0
0
0
0
153
192
0
0
0
0
0
47
179
192
0
0
0
0
0
16
113
64
0
0
0
0
0
92
177
192
0
0
0
0
0
112
160
64
0
0
0
0
0
246
169
192
0
0
0
0
0
80
172
64
0
0
0
0
0
196
154
192
0
0
0
0
0
4
178
64
0
0
0
0
0
0
99
64
0
0
0
0
0
58
179
64
0
0
0
0
0
60
159
64
0
0
0
0
0
155
177
64
0
0
0
0
0
200
171
64
0
0
0
0
0
194
170
64
0
0
0
0
0
238
177
64
0
0
0
0
0
168
156
64
0
0
0
0
0
82
179
64
0
0
0
0
0
0
64
192
0
0
0
0
0
218
177
64
0
0
0
0
0
152
157
192
0
0
0
0
0
120
171
64
0
0
0
0
0
38
171
192
0
0
0
0
0
96
158
64
0
0
0
0
0
186
177
192
0
0
0
0
0
64
86
64
0
0
0
0
0
61
179
192
0
0
0
0
0
164
155
192
0
0
0
0
0
230
177
192
0
0
0
0
0
54
170
192
0
0
0
0
0
218
171
192
0
0
0
0
0
84
177
192
0
0
0
0
0
184
159
192
0
0
0
0
0
248
178
192
0
0
0
0
0
224
105
192
0
0
0
0
0
209
177
192
0
0
0
0
0
136
153
64
0
0
0
0
0
30
172
192
0
0
0
0
0
48
169
64
0
0
0
0
0
132
160
192
0
0
0
0
0
238
176
64
0
0
0
0
0
48
116
192
0
0
0
0
0
197
178
64
0
0
0
0
0
156
151
64
0
0
0
0
0
217
177
64
0
0
0
0
0
100
168
64
0
0
0
0
0
156
172
64
0
0
0
0
0
177
176
64
0
0
0
0
0
80
161
64
0
0
0
0
0
188
178
64
0
0
0
0
0
160
123
64
0
0
0
0
0
2
178
64
0
0
0
0
0
220
149
192
0
0
0
0
0
62
173
64
0
0
0
0
0
180
167
192
0
0
0
0
0
36
162
64
0
0
0
0
0
123
176
192
0
0
0
0
0
120
129
64
0
0
0
0
0
170
178
192
0
0
0
0
0
4
148
192
0
0
0
0
0
19
178
192
0
0
0
0
0
216
166
192
0
0
0
0
0
162
173
192
0
0
0
0
0
29
176
192
0
0
0
0
0
200
162
192
0
0
0
0
0
103
178
192
0
0
0
0
0
232
132
192
0
0
0
0
0
246
177
192
0
0
0
0
0
0
146
64
0
0
0
0
0
198
173
192
0
0
0
0
0
204
165
64
0
0
0
0
0
74
163
192
0
0
0
0
0
78
175
64
0
0
0
0
0
40
136
192
0
0
0
0
0
19
178
64
0
0
0
0
0
4
144
64
0
0
0
0
0
212
177
64
0
0
0
0
0
206
164
64
0
0
0
0
0
238
173
64
0
0
0
0
0
124
174
64
0
0
0
0
0
212
163
64
0
0
0
0
0
210
177
64
0
0
0
0
0
112
139
64
0
0
0
0
0
195
177
64
0
0
0
0
0
72
140
192
0
0
0
0
0
44
174
64
0
0
0
0
0
230
163
192
0
0
0
0
0
102
164
64
0
0
0
0
0
188
173
192
0
0
0
0
0
168
142
64
0
0
0
0
0
145
177
192
0
0
0
0
0
136
136
192
0
0
0
0
0
169
177
192
0
0
0
0
0
238
162
192
0
0
0
0
0
78
174
192
0
0
0
0
0
218
172
192
0
0
0
0
0
218
164
192
0
0
0
0
0
57
177
192
0
0
0
0
0
208
144
192
0
0
0
0
0
119
177
192
0
0
0
0
0
184
132
64
0
0
0
0
0
72
174
192
0
0
0
0
0
230
161
64
0
0
0
0
0
56
165
192
0
0
0
0
0
226
171
64
0
0
0
0
0
56
146
192
0
0
0
0
0
218
176
64
0
0
0
0
0
8
129
64
0
0
0
0
0
69
177
64
0
0
0
0
0
234
160
64
0
0
0
0
0
76
174
64
0
0
0
0
0
6
171
64
0
0
0
0
0
162
165
64
0
0
0
0
0
140
176
64
0
0
0
0
0
164
147
64
0
0
0
0
0
34
177
64
0
0
0
0
0
0
123
192
0
0
0
0
0
98
174
64
0
0
0
0
0
0
160
192
0
0
0
0
0
10
166
64
0
0
0
0
0
48
170
192
0
0
0
0
0
0
149
64
0
0
0
0
0
57
176
192
0
0
0
0
0
0
116
192
0
0
0
0
0
239
176
192
0
0
0
0
0
4
158
192
0
0
0
0
0
72
174
192
0
0
0
0
0
44
169
192
0
0
0
0
0
68
166
192
0
0
0
0
0
132
175
192
0
0
0
0
0
32
150
192
0
0
0
0
0
146
176
192
0
0
0
0
0
0
106
64
0
0
0
0
0
226
173
192
0
0
0
0
0
208
155
64
0
0
0
0
0
74
166
192
0
0
0
0
0
254
167
64
0
0
0
0
0
12
151
192
0
0
0
0
0
110
174
64
0
0
0
0
0
128
89
64
0
0
0
0
0
45
176
64
0
0
0
0
0
192
153
64
0
0
0
0
0
134
173
64
0
0
0
0
0
248
166
64
0
0
0
0
0
106
166
64
0
0
0
0
0
170
173
64
0
0
0
0
0
36
152
64
32
32
32
32
32
32
32
32
32
32
32
32
32
32
32
32
32
32
32
32
32
32
32
32
32
32
32
32
32
32
32
32
32
32
32
32
32
32
32
32
32
65
70
67
95
65
108
108
45
50
48
71
95
67
51
95
76
79
87
95
50
48
77
118
0
1
0
0
244
180
69
151
12
7
111
63
225
61
106
192
222
204
129
191
229
153
189
138
145
199
113
63
216
232
93
59
159
161
114
63
92
59
81
18
18
105
107
191
93
0
117
94
190
80
107
191
75
133
118
35
51
228
102
63
147
144
148
105
62
43
108
63
214
31
64
10
199
193
95
191
202
7
101
99
35
229
110
191
55
183
226
83
34
191
69
63
207
181
126
230
235
179
108
63
66
238
94
182
94
126
253
62
4
113
139
234
142
116
111
191
100
46
143
134
106
130
92
191
114
253
93
205
113
214
102
63
241
42
216
55
17
172
99
63
101
66
244
237
34
33
97
191
109
103
93
120
101
228
106
191
232
98
107
176
203
148
72
63
57
200
10
207
98
97
108
63
204
72
168
85
71
25
64
63
160
211
61
252
70
133
107
191
70
102
185
98
2
91
94
191
244
114
13
112
151
182
101
63
250
235
11
164
104
62
103
63
75
181
66
157
97
134
96
191
121
177
91
196
170
83
115
191
77
193
41
146
0
76
81
191
216
106
215
208
66
12
112
63
80
199
241
176
65
64
109
63
73
49
106
253
64
192
73
191
174
248
106
109
56
49
102
191
214
180
90
194
75
0
63
191
190
157
10
217
245
226
86
63
7
84
152
171
97
110
39
63
237
26
198
255
10
73
80
191
132
54
162
59
77
205
74
63
113
228
157
29
82
7
103
63
187
148
177
23
206
153
75
63
201
235
180
122
246
120
107
191
218
214
53
171
85
243
112
191
132
229
52
117
42
26
60
191
12
201
82
182
11
119
101
63
177
33
228
46
85
120
86
63
213
200
93
109
141
84
84
191
255
105
164
22
35
58
79
191
32
188
209
34
54
179
81
63
230
161
55
32
247
169
73
63
47
103
96
43
59
217
90
191
212
248
224
16
5
142
95
191
109
115
241
36
218
111
76
63
53
118
188
219
82
141
98
63
84
146
89
227
138
144
60
191
45
61
220
6
156
66
106
191
1
199
112
5
172
6
85
191
79
74
1
156
240
168
103
63
80
9
52
74
42
98
103
63
191
38
216
112
114
110
92
191
91
161
145
205
42
115
112
191
139
130
92
2
105
168
53
191
36
77
246
174
197
151
110
63
124
108
20
87
106
253
90
63
28
28
31
63
177
212
110
191
250
97
137
169
34
76
113
191
182
103
145
75
238
64
85
63
204
220
187
135
253
254
114
63
41
59
61
115
182
7
72
63
43
226
70
90
194
139
114
191
221
86
31
180
195
4
106
191
155
68
34
12
186
191
101
63
92
226
10
32
99
139
112
63
142
26
247
85
30
197
78
191
222
202
23
86
31
127
113
191
98
182
191
87
22
195
67
191
250
8
100
197
92
145
113
63
193
225
142
2
7
94
100
63
215
225
209
142
103
12
109
191
11
103
170
108
199
240
114
191
184
176
190
222
21
106
74
63
141
42
172
28
166
242
112
63
47
222
108
131
252
235
26
63
130
50
2
52
142
180
115
191
154
13
98
2
223
182
100
191
126
135
180
35
91
177
109
63
54
126
75
122
196
90
111
63
31
140
236
11
103
5
102
191
6
154
7
100
58
106
120
191
255
253
192
149
39
169
71
191
200
96
27
170
143
171
116
63
190
101
205
22
176
231
98
63
126
251
152
225
207
136
115
191
103
177
142
143
136
188
116
191
166
206
82
155
0
15
97
63
131
239
71
155
244
8
119
63
8
193
92
118
79
59
11
63
164
49
222
127
249
158
120
191
107
245
228
128
174
148
109
191
132
182
179
231
230
166
99
63
224
168
226
180
74
42
95
63
247
207
231
100
40
117
105
191
39
1
164
21
99
137
92
191
52
114
199
175
224
253
119
63
235
178
25
89
146
57
119
63
140
0
17
92
145
10
126
191
186
212
239
95
172
177
144
191
167
126
105
71
45
113
117
191
27
10
134
16
227
119
139
63
66
222
155
116
149
205
136
63
120
12
176
11
22
185
133
191
47
240
71
23
188
100
151
191
202
179
205
184
105
102
111
191
230
176
152
100
38
73
150
63
49
92
29
0
113
87
143
63
215
10
38
64
69
188
146
191
56
143
154
225
204
208
160
191
42
235
9
219
231
226
123
191
101
84
25
198
221
32
150
63
255
154
45
210
36
174
128
63
125
15
176
185
23
86
157
191
133
169
243
201
6
169
158
191
82
103
172
5
15
54
137
63
122
72
99
122
227
32
160
63
179
50
109
65
231
28
145
191
97
85
123
224
124
77
176
191
58
185
215
48
224
184
134
63
48
138
121
177
139
253
203
63
189
179
44
78
107
9
218
63
189
179
44
78
107
9
218
63
48
138
121
177
139
253
203
63
58
185
215
48
224
184
134
63
97
85
123
224
124
77
176
191
179
50
109
65
231
28
145
191
122
72
99
122
227
32
160
63
82
103
172
5
15
54
137
63
133
169
243
201
6
169
158
191
125
15
176
185
23
86
157
191
255
154
45
210
36
174
128
63
101
84
25
198
221
32
150
63
42
235
9
219
231
226
123
191
56
143
154
225
204
208
160
191
215
10
38
64
69
188
146
191
49
92
29
0
113
87
143
63
230
176
152
100
38
73
150
63
202
179
205
184
105
102
111
191
47
240
71
23
188
100
151
191
120
12
176
11
22
185
133
191
66
222
155
116
149
205
136
63
27
10
134
16
227
119
139
63
167
126
105
71
45
113
117
191
186
212
239
95
172
177
144
191
140
0
17
92
145
10
126
191
235
178
25
89
146
57
119
63
52
114
199
175
224
253
119
63
39
1
164
21
99
137
92
191
247
207
231
100
40
117
105
191
224
168
226
180
74
42
95
63
132
182
179
231
230
166
99
63
107
245
228
128
174
148
109
191
164
49
222
127
249
158
120
191
8
193
92
118
79
59
11
63
131
239
71
155
244
8
119
63
166
206
82
155
0
15
97
63
103
177
142
143
136
188
116
191
126
251
152
225
207
136
115
191
190
101
205
22
176
231
98
63
200
96
27
170
143
171
116
63
255
253
192
149
39
169
71
191
6
154
7
100
58
106
120
191
31
140
236
11
103
5
102
191
54
126
75
122
196
90
111
63
126
135
180
35
91
177
109
63
154
13
98
2
223
182
100
191
130
50
2
52
142
180
115
191
47
222
108
131
252
235
26
63
141
42
172
28
166
242
112
63
184
176
190
222
21
106
74
63
11
103
170
108
199
240
114
191
215
225
209
142
103
12
109
191
193
225
142
2
7
94
100
63
250
8
100
197
92
145
113
63
98
182
191
87
22
195
67
191
222
202
23
86
31
127
113
191
142
26
247
85
30
197
78
191
92
226
10
32
99
139
112
63
155
68
34
12
186
191
101
63
221
86
31
180
195
4
106
191
43
226
70
90
194
139
114
191
41
59
61
115
182
7
72
63
204
220
187
135
253
254
114
63
182
103
145
75
238
64
85
63
250
97
137
169
34
76
113
191
28
28
31
63
177
212
110
191
124
108
20
87
106
253
90
63
36
77
246
174
197
151
110
63
139
130
92
2
105
168
53
191
91
161
145
205
42
115
112
191
191
38
216
112
114
110
92
191
80
9
52
74
42
98
103
63
79
74
1
156
240
168
103
63
1
199
112
5
172
6
85
191
45
61
220
6
156
66
106
191
84
146
89
227
138
144
60
191
53
118
188
219
82
141
98
63
109
115
241
36
218
111
76
63
212
248
224
16
5
142
95
191
47
103
96
43
59
217
90
191
230
161
55
32
247
169
73
63
32
188
209
34
54
179
81
63
255
105
164
22
35
58
79
191
213
200
93
109
141
84
84
191
177
33
228
46
85
120
86
63
12
201
82
182
11
119
101
63
132
229
52
117
42
26
60
191
218
214
53
171
85
243
112
191
201
235
180
122
246
120
107
191
187
148
177
23
206
153
75
63
113
228
157
29
82
7
103
63
132
54
162
59
77
205
74
63
237
26
198
255
10
73
80
191
7
84
152
171
97
110
39
63
190
157
10
217
245
226
86
63
214
180
90
194
75
0
63
191
174
248
106
109
56
49
102
191
73
49
106
253
64
192
73
191
80
199
241
176
65
64
109
63
216
106
215
208
66
12
112
63
77
193
41
146
0
76
81
191
121
177
91
196
170
83
115
191
75
181
66
157
97
134
96
191
250
235
11
164
104
62
103
63
244
114
13
112
151
182
101
63
70
102
185
98
2
91
94
191
160
211
61
252
70
133
107
191
204
72
168
85
71
25
64
63
57
200
10
207
98
97
108
63
232
98
107
176
203
148
72
63
109
103
93
120
101
228
106
191
101
66
244
237
34
33
97
191
241
42
216
55
17
172
99
63
114
253
93
205
113
214
102
63
100
46
143
134
106
130
92
191
4
113
139
234
142
116
111
191
66
238
94
182
94
126
253
62
207
181
126
230
235
179
108
63
55
183
226
83
34
191
69
63
202
7
101
99
35
229
110
191
214
31
64
10
199
193
95
191
147
144
148
105
62
43
108
63
75
133
118
35
51
228
102
63
93
0
117
94
190
80
107
191
92
59
81
18
18
105
107
191
216
232
93
59
159
161
114
63
229
153
189
138
145
199
113
63
225
61
106
192
222
204
129
191
244
180
69
151
12
7
111
63
32
32
32
32
32
32
32
32
32
32
32
32
32
32
32
32
32
32
32
32
32
32
32
32
32
32
32
32
32
32
32
32
32
32
32
65
70
67
95
65
108
108
45
50
48
71
95
67
51
95
76
79
87
95
50
48
77
118
95
49
50
98
105
116
0
1
0
0
0
0
0
0
0
0
48
64
0
0
0
0
0
0
66
192
0
0
0
0
0
0
50
64
0
0
0
0
0
0
51
64
0
0
0
0
0
0
44
192
0
0
0
0
0
0
44
192
0
0
0
0
0
0
38
64
0
0
0
0
0
0
44
64
0
0
0
0
0
0
32
192
0
0
0
0
0
0
46
192
0
0
0
0
0
0
8
64
0
0
0
0
0
0
44
64
0
0
0
0
0
0
0
0
0
0
0
0
0
0
48
192
0
0
0
0
0
0
28
192
0
0
0
0
0
0
38
64
0
0
0
0
0
0
36
64
0
0
0
0
0
0
34
192
0
0
0
0
0
0
42
192
0
0
0
0
0
0
8
64
0
0
0
0
0
0
44
64
0
0
0
0
0
0
0
64
0
0
0
0
0
0
44
192
0
0
0
0
0
0
32
192
0
0
0
0
0
0
38
64
0
0
0
0
0
0
40
64
0
0
0
0
0
0
32
192
0
0
0
0
0
0
51
192
0
0
0
0
0
0
16
192
0
0
0
0
0
0
48
64
0
0
0
0
0
0
46
64
0
0
0
0
0
0
8
192
0
0
0
0
0
0
38
192
0
0
0
0
0
0
0
192
0
0
0
0
0
0
24
64
0
0
0
0
0
0
240
63
0
0
0
0
0
0
16
192
0
0
0
0
0
0
8
64
0
0
0
0
0
0
40
64
0
0
0
0
0
0
8
64
0
0
0
0
0
0
44
192
0
0
0
0
0
0
49
192
0
0
0
0
0
0
0
192
0
0
0
0
0
0
38
64
0
0
0
0
0
0
24
64
0
0
0
0
0
0
20
192
0
0
0
0
0
0
16
192
0
0
0
0
0
0
16
64
0
0
0
0
0
0
8
64
0
0
0
0
0
0
28
192
0
0
0
0
0
0
32
192
0
0
0
0
0
0
16
64
0
0
0
0
0
0
34
64
0
0
0
0
0
0
0
192
0
0
0
0
0
0
42
192
0
0
0
0
0
0
20
192
0
0
0
0
0
0
40
64
0
0
0
0
0
0
40
64
0
0
0
0
0
0
28
192
0
0
0
0
0
0
48
192
0
0
0
0
0
0
240
191
0
0
0
0
0
0
46
64
0
0
0
0
0
0
28
64
0
0
0
0
0
0
46
192
0
0
0
0
0
0
49
192
0
0
0
0
0
0
20
64
0
0
0
0
0
0
51
64
0
0
0
0
0
0
8
64
0
0
0
0
0
0
51
192
0
0
0
0
0
0
42
192
0
0
0
0
0
0
38
64
0
0
0
0
0
0
49
64
0
0
0
0
0
0
16
192
0
0
0
0
0
0
49
192
0
0
0
0
0
0
0
192
0
0
0
0
0
0
50
64
0
0
0
0
0
0
36
64
0
0
0
0
0
0
46
192
0
0
0
0
0
0
51
192
0
0
0
0
0
0
8
64
0
0
0
0
0
0
49
64
0
0
0
0
0
0
0
0
0
0
0
0
0
0
52
192
0
0
0
0
0
0
36
192
0
0
0
0
0
0
46
64
0
0
0
0
0
0
48
64
0
0
0
0
0
0
38
192
0
0
0
0
0
0
56
192
0
0
0
0
0
0
8
192
0
0
0
0
0
0
53
64
0
0
0
0
0
0
34
64
0
0
0
0
0
0
52
192
0
0
0
0
0
0
53
192
0
0
0
0
0
0
34
64
0
0
0
0
0
0
55
64
0
0
0
0
0
0
0
0
0
0
0
0
0
0
57
192
0
0
0
0
0
0
46
192
0
0
0
0
0
0
36
64
0
0
0
0
0
0
32
64
0
0
0
0
0
0
42
192
0
0
0
0
0
0
28
192
0
0
0
0
0
0
56
64
0
0
0
0
0
0
55
64
0
0
0
0
0
0
62
192
0
0
0
0
0
192
80
192
0
0
0
0
0
0
53
192
0
0
0
0
0
128
75
64
0
0
0
0
0
0
73
64
0
0
0
0
0
128
69
192
0
0
0
0
0
128
87
192
0
0
0
0
0
0
48
192
0
0
0
0
0
64
86
64
0
0
0
0
0
128
79
64
0
0
0
0
0
192
82
192
0
0
0
0
0
224
96
192
0
0
0
0
0
0
60
192
0
0
0
0
0
64
86
64
0
0
0
0
0
128
64
64
0
0
0
0
0
64
93
192
0
0
0
0
0
192
94
192
0
0
0
0
0
0
73
64
0
0
0
0
0
32
96
64
0
0
0
0
0
0
81
192
0
0
0
0
0
80
112
192
0
0
0
0
0
128
70
64
0
0
0
0
0
0
140
64
0
0
0
0
0
8
154
64
0
0
0
0
0
8
154
64
0
0
0
0
0
0
140
64
0
0
0
0
0
128
70
64
0
0
0
0
0
80
112
192
0
0
0
0
0
0
81
192
0
0
0
0
0
32
96
64
0
0
0
0
0
0
73
64
0
0
0
0
0
192
94
192
0
0
0
0
0
64
93
192
0
0
0
0
0
128
64
64
0
0
0
0
0
64
86
64
0
0
0
0
0
0
60
192
0
0
0
0
0
224
96
192
0
0
0
0
0
192
82
192
0
0
0
0
0
128
79
64
0
0
0
0
0
64
86
64
0
0
0
0
0
0
48
192
0
0
0
0
0
128
87
192
0
0
0
0
0
0
0
0
0
0
0
0
0
0
0
0
0
0
0
0
0
0
0
0
0
0
0
0
0
0
0
0
0
0
0
0
0
0
0
0
0
0
0
0
0
0
0
0
0
0
0
0
0
0
0
0
0
0
0
0
0
0
0
0
0
0
0
0
0
0
0
0
0
0
0
0
0
0
0
0
0
0
0
0
0
0
0
0
0
0
0
0
0
0
0
0
0
0
0
0
0
0
0
0
0
0
0
0
0
0
0
0
0
0
0
0
0
0
0
0
0
0
0
0
0
0
0
0
0
0
0
0
0
0
0
0
0
0
0
0
0
0
0
0
0
0
0
0
0
0
0
0
0
0
0
0
0
0
0
0
0
0
0
0
0
0
0
0
0
0
0
0
0
0
0
0
0
0
0
0
0
0
0
0
0
0
0
0
0
0
0
0
0
0
0
0
0
0
0
0
0
0
0
0
0
0
0
0
0
0
0
0
0
0
0
0
0
0
0
0
0
0
0
0
0
0
0
0
0
0
0
0
0
0
0
0
0
0
0
0
0
0
0
0
0
0
0
0
0
0
0
0
0
0
0
0
0
0
0
0
0
0
0
0
0
0
0
0
0
0
0
0
0
0
0
0
0
0
0
0
0
0
0
0
0
0
0
0
0
0
0
0
0
0
0
0
0
0
0
0
0
0
0
0
0
0
0
0
0
0
0
0
0
0
0
0
0
0
0
0
0
0
0
0
0
0
0
0
0
0
0
0
0
0
0
0
0
0
0
0
0
0
0
0
0
0
0
0
0
0
0
0
0
0
0
0
0
0
0
0
0
0
0
0
0
0
0
0
0
0
0
0
0
0
0
0
0
0
0
0
0
0
0
0
0
0
0
0
0
0
0
0
0
0
0
0
0
0
0
0
0
0
0
0
0
0
0
0
0
0
0
0
0
0
0
0
0
0
0
0
0
0
0
0
0
0
0
0
0
0
0
0
0
0
0
0
0
0
0
0
0
0
0
0
0
0
0
0
0
0
0
0
0
0
0
0
0
0
0
0
0
0
0
0
0
0
0
0
0
0
0
0
0
0
0
0
0
0
0
0
0
0
0
0
0
0
0
0
0
0
0
0
0
0
0
0
0
0
0
0
0
0
0
0
0
0
0
0
0
0
0
0
0
0
0
0
0
0
0
0
0
0
0
0
0
0
0
0
0
0
0
0
0
0
0
0
0
0
0
0
0
0
0
0
0
0
0
0
0
0
0
0
0
0
0
0
0
0
0
0
0
0
0
0
0
0
0
0
0
0
0
0
0
0
0
0
0
0
0
0
0
0
0
0
0
0
0
0
0
0
0
0
0
0
0
0
0
0
0
0
0
0
0
0
0
0
0
0
0
0
0
0
0
0
0
0
0
0
0
0
0
0
0
0
0
0
0
0
0
0
0
0
0
0
0
0
0
0
0
0
0
0
0
0
0
0
0
0
0
0
0
0
0
0
0
0
0
0
0
0
0
0
0
0
0
0
0
0
0
0
0
0
0
0
0
0
0
0
0
0
0
0
0
0
0
0
0
0
0
0
0
0
0
0
0
0
0
0
0
0
0
0
0
0
0
0
0
0
0
0
0
0
0
0
0
0
0
0
0
0
0
0
0
0
0
0
0
0
0
0
0
0
0
0
0
0
0
0
0
0
0
0
0
0
0
0
0
0
0
0
0
0
0
0
0
0
0
0
0
0
0
0
0
0
0
0
0
0
0
0
0
0
0
0
0
0
0
0
0
0
0
0
0
0
0
0
0
0
0
0
0
0
0
0
0
0
0
0
0
0
0
0
0
0
0
0
0
0
0
0
0
0
0
0
0
0
0
0
0
0
0
0
0
0
0
0
0
0
0
0
0
0
0
0
0
0
0
0
0
0
0
0
0
0
0
0
0
0
0
0
0
0
0
0
0
0
0
0
0
0
0
0
0
0
0
0
0
0
0
0
0
0
0
0
0
0
0
0
0
0
0
0
0
0
0
0
0
0
0
0
0
0
0
0
0
0
0
0
0
0
0
0
0
0
0
0
0
0
0
0
0
0
0
0
0
0
0
0
0
0
0
0
0
0
0
0
0
0
0
0
0
0
0
0
0
0
0
0
0
0
0
0
0
0
0
0
0
0
0
0
0
0
0
0
0
0
0
0
0
0
0
0
0
0
0
0
0
0
0
0
0
0
0
0
0
0
0
0
0
0
0
0
0
0
0
0
0
0
0
0
0
0
0
0
0
0
0
0
0
0
0
0
0
0
0
0
0
0
0
0
0
0
0
0
0
0
0
0
0
0
0
0
0
0
0
0
0
0
0
0
0
0
0
0
0
0
0
0
0
0
0
0
0
0
0
0
0
0
0
0
0
0
0
0
0
0
0
0
0
0
0
0
0
0
0
0
0
0
0
0
0
0
0
0
0
0
0
0
0
0
0
0
0
0
0
0
0
0
0
0
0
0
0
0
0
0
0
0
0
0
0
0
0
0
0
0
0
0
0
0
0
0
0
0
0
0
0
0
0
0
0
0
0
0
0
0
0
0
0
0
0
0
0
0
0
0
0
0
0
0
0
0
0
0
0
0
0
0
0
0
0
0
0
0
0
0
0
0
0
0
0
0
0
0
0
0
0
0
0
0
0
0
0
0
0
0
0
0
0
0
0
0
0
0
0
0
0
0
0
0
0
0
0
0
0
0
0
0
0
0
0
0
0
0
0
0
0
0
0
0
0
0
0
0
0
0
0
0
0
0
0
0
0
0
0
0
0