58
70
65
67
84
58
67
68
65
84
49
56
58
68
65
84
65
32
35
57
48
48
48
48
48
54
57
51
54
0
0
0
0
0
96
118
64
0
0
0
0
0
40
154
192
0
0
0
0
0
140
144
64
0
0
0
0
0
160
145
192
0
0
0
0
0
168
152
64
0
0
0
0
0
160
123
192
0
0
0
0
0
240
156
64
0
0
0
0
0
192
113
64
0
0
0
0
0
8
157
64
0
0
0
0
0
248
141
64
0
0
0
0
0
28
153
64
0
0
0
0
0
124
151
64
0
0
0
0
0
184
145
64
0
0
0
0
0
228
156
64
0
0
0
0
0
192
126
64
0
0
0
0
0
104
158
64
0
0
0
0
0
0
111
192
0
0
0
0
0
140
155
64
0
0
0
0
0
24
143
192
0
0
0
0
0
88
148
64
0
0
0
0
0
172
153
192
0
0
0
0
0
248
130
64
0
0
0
0
0
72
160
192
0
0
0
0
0
224
108
192
0
0
0
0
0
106
161
192
0
0
0
0
0
236
144
192
0
0
0
0
0
180
159
192
0
0
0
0
0
36
156
192
0
0
0
0
0
104
151
192
0
0
0
0
0
158
161
192
0
0
0
0
0
96
134
192
0
0
0
0
0
112
162
192
0
0
0
0
0
96
103
64
0
0
0
0
0
102
160
192
0
0
0
0
0
124
144
64
0
0
0
0
0
208
151
192
0
0
0
0
0
56
155
64
0
0
0
0
0
32
135
192
0
0
0
0
0
190
160
64
0
0
0
0
0
192
93
64
0
0
0
0
0
70
161
64
0
0
0
0
0
200
140
64
0
0
0
0
0
140
158
64
0
0
0
0
0
72
152
64
0
0
0
0
0
92
150
64
0
0
0
0
0
92
158
64
0
0
0
0
0
176
134
64
0
0
0
0
0
252
159
64
0
0
0
0
0
0
78
192
0
0
0
0
0
20
157
64
0
0
0
0
0
176
137
192
0
0
0
0
0
20
150
64
0
0
0
0
0
220
150
192
0
0
0
0
0
184
135
64
0
0
0
0
0
156
157
192
0
0
0
0
0
0
40
192
0
0
0
0
0
10
160
192
0
0
0
0
0
184
136
192
0
0
0
0
0
208
157
192
0
0
0
0
0
200
150
192
0
0
0
0
0
12
151
192
0
0
0
0
0
208
157
192
0
0
0
0
0
136
137
192
0
0
0
0
0
38
160
192
0
0
0
0
0
0
67
192
0
0
0
0
0
224
157
192
0
0
0
0
0
8
135
64
0
0
0
0
0
8
151
192
0
0
0
0
0
164
149
64
0
0
0
0
0
248
137
192
0
0
0
0
0
68
156
64
0
0
0
0
0
192
85
192
0
0
0
0
0
140
158
64
0
0
0
0
0
48
132
64
0
0
0
0
0
84
156
64
0
0
0
0
0
192
147
64
0
0
0
0
0
36
150
64
0
0
0
0
0
100
154
64
0
0
0
0
0
224
137
64
0
0
0
0
0
56
157
64
0
0
0
0
0
64
96
64
0
0
0
0
0
224
155
64
0
0
0
0
0
80
130
192
0
0
0
0
0
128
150
64
0
0
0
0
0
32
147
192
0
0
0
0
0
128
139
64
0
0
0
0
0
116
154
192
0
0
0
0
0
64
102
64
0
0
0
0
0
4
158
192
0
0
0
0
0
168
129
192
0
0
0
0
0
32
157
192
0
0
0
0
0
76
147
192
0
0
0
0
0
208
151
192
0
0
0
0
0
236
154
192
0
0
0
0
0
160
141
192
0
0
0
0
0
112
158
192
0
0
0
0
0
128
108
192
0
0
0
0
0
76
157
192
0
0
0
0
0
56
128
64
0
0
0
0
0
200
151
192
0
0
0
0
0
80
146
64
0
0
0
0
0
200
141
192
0
0
0
0
0
132
153
64
0
0
0
0
0
112
112
192
0
0
0
0
0
188
156
64
0
0
0
0
0
160
123
64
0
0
0
0
0
180
155
64
0
0
0
0
0
152
144
64
0
0
0
0
0
188
150
64
0
0
0
0
0
184
151
64
0
0
0
0
0
80
141
64
0
0
0
0
0
100
155
64
0
0
0
0
0
128
114
64
0
0
0
0
0
44
155
64
0
0
0
0
0
64
120
192
0
0
0
0
0
12
151
64
0
0
0
0
0
248
143
192
0
0
0
0
0
248
142
64
0
0
0
0
0
196
151
192
0
0
0
0
0
192
117
64
0
0
0
0
0
52
156
192
0
0
0
0
0
176
118
192
0
0
0
0
0
136
156
192
0
0
0
0
0
44
144
192
0
0
0
0
0
136
152
192
0
0
0
0
0
100
152
192
0
0
0
0
0
184
144
192
0
0
0
0
0
240
156
192
0
0
0
0
0
64
121
192
0
0
0
0
0
28
157
192
0
0
0
0
0
48
116
64
0
0
0
0
0
228
152
192
0
0
0
0
0
24
143
64
0
0
0
0
0
12
145
192
0
0
0
0
0
144
151
64
0
0
0
0
0
96
123
192
0
0
0
0
0
248
155
64
0
0
0
0
0
160
112
64
0
0
0
0
0
64
156
64
0
0
0
0
0
216
140
64
0
0
0
0
0
116
152
64
0
0
0
0
0
144
150
64
0
0
0
0
0
52
145
64
0
0
0
0
0
132
155
64
0
0
0
0
0
224
125
64
0
0
0
0
0
148
156
64
0
0
0
0
0
0
108
192
0
0
0
0
0
132
153
64
0
0
0
0
0
120
140
192
0
0
0
0
0
148
146
64
0
0
0
0
0
52
151
192
0
0
0
0
0
48
129
64
0
0
0
0
0
0
157
192
0
0
0
0
0
64
104
192
0
0
0
0
0
152
158
192
0
0
0
0
0
16
141
192
0
0
0
0
0
140
155
192
0
0
0
0
0
12
152
192
0
0
0
0
0
48
148
192
0
0
0
0
0
248
157
192
0
0
0
0
0
80
131
192
0
0
0
0
0
84
159
192
0
0
0
0
0
192
98
64
0
0
0
0
0
236
155
192
0
0
0
0
0
192
139
64
0
0
0
0
0
108
148
192
0
0
0
0
0
32
151
64
0
0
0
0
0
48
132
192
0
0
0
0
0
196
156
64
0
0
0
0
0
192
87
64
0
0
0
0
0
28
158
64
0
0
0
0
0
56
137
64
0
0
0
0
0
32
155
64
0
0
0
0
0
216
149
64
0
0
0
0
0
76
148
64
0
0
0
0
0
248
155
64
0
0
0
0
0
56
133
64
0
0
0
0
0
52
158
64
0
0
0
0
0
128
71
192
0
0
0
0
0
32
156
64
0
0
0
0
0
128
136
192
0
0
0
0
0
216
149
64
0
0
0
0
0
100
150
192
0
0
0
0
0
24
136
64
0
0
0
0
0
160
157
192
0
0
0
0
0
0
240
191
0
0
0
0
0
90
160
192
0
0
0
0
0
48
137
192
0
0
0
0
0
228
158
192
0
0
0
0
0
180
151
192
0
0
0
0
0
64
152
192
0
0
0
0
0
112
159
192
0
0
0
0
0
88
139
192
0
0
0
0
0
62
161
192
0
0
0
0
0
0
74
192
0
0
0
0
0
34
160
192
0
0
0
0
0
128
136
64
0
0
0
0
0
48
153
192
0
0
0
0
0
108
151
64
0
0
0
0
0
208
140
192
0
0
0
0
0
248
158
64
0
0
0
0
0
128
90
192
0
0
0
0
0
236
160
64
0
0
0
0
0
72
134
64
0
0
0
0
0
184
159
64
0
0
0
0
0
36
150
64
0
0
0
0
0
8
153
64
0
0
0
0
0
224
157
64
0
0
0
0
0
152
141
64
0
0
0
0
0
168
160
64
0
0
0
0
0
160
99
64
0
0
0
0
0
248
159
64
0
0
0
0
0
184
132
192
0
0
0
0
0
248
153
64
0
0
0
0
0
228
149
192
0
0
0
0
0
0
144
64
0
0
0
0
0
116
158
192
0
0
0
0
0
0
107
64
0
0
0
0
0
96
161
192
0
0
0
0
0
64
132
192
0
0
0
0
0
248
160
192
0
0
0
0
0
116
150
192
0
0
0
0
0
252
155
192
0
0
0
0
0
176
159
192
0
0
0
0
0
164
145
192
0
0
0
0
0
36
162
192
0
0
0
0
0
176
113
192
0
0
0
0
0
182
161
192
0
0
0
0
0
56
131
64
0
0
0
0
0
64
157
192
0
0
0
0
0
72
150
64
0
0
0
0
0
176
146
192
0
0
0
0
0
164
159
64
0
0
0
0
0
128
117
192
0
0
0
0
0
36
162
64
0
0
0
0
0
88
129
64
0
0
0
0
0
198
161
64
0
0
0
0
0
100
149
64
0
0
0
0
0
152
157
64
0
0
0
0
0
244
158
64
0
0
0
0
0
84
147
64
0
0
0
0
0
252
161
64
0
0
0
0
0
240
120
64
0
0
0
0
0
222
161
64
0
0
0
0
0
64
127
192
0
0
0
0
0
56
158
64
0
0
0
0
0
196
148
192
0
0
0
0
0
56
148
64
0
0
0
0
0
184
158
192
0
0
0
0
0
144
124
64
0
0
0
0
0
22
162
192
0
0
0
0
0
32
124
192
0
0
0
0
0
30
162
192
0
0
0
0
0
44
148
192
0
0
0
0
0
228
158
192
0
0
0
0
0
64
158
192
0
0
0
0
0
244
148
192
0
0
0
0
0
226
161
192
0
0
0
0
0
224
127
192
0
0
0
0
0
246
161
192
0
0
0
0
0
64
120
64
0
0
0
0
0
204
158
192
0
0
0
0
0
8
147
64
0
0
0
0
0
60
149
192
0
0
0
0
0
20
157
64
0
0
0
0
0
96
129
192
0
0
0
0
0
102
161
64
0
0
0
0
0
64
116
64
0
0
0
0
0
190
161
64
0
0
0
0
0
28
146
64
0
0
0
0
0
8
159
64
0
0
0
0
0
172
156
64
0
0
0
0
0
16
150
64
0
0
0
0
0
156
161
64
0
0
0
0
0
112
131
64
0
0
0
0
0
96
162
64
0
0
0
0
0
80
113
192
0
0
0
0
0
110
160
64
0
0
0
0
0
32
146
192
0
0
0
0
0
236
151
64
0
0
0
0
0
148
157
192
0
0
0
0
0
72
134
64
0
0
0
0
0
110
162
192
0
0
0
0
0
0
109
192
0
0
0
0
0
90
163
192
0
0
0
0
0
12
146
192
0
0
0
0
0
84
161
192
0
0
0
0
0
208
157
192
0
0
0
0
0
80
153
192
0
0
0
0
0
132
162
192
0
0
0
0
0
88
136
192
0
0
0
0
0
76
163
192
0
0
0
0
0
96
101
64
0
0
0
0
0
50
161
192
0
0
0
0
0
216
144
64
0
0
0
0
0
52
153
192
0
0
0
0
0
60
156
64
0
0
0
0
0
32
137
192
0
0
0
0
0
160
161
64
0
0
0
0
0
0
90
64
0
0
0
0
0
132
162
64
0
0
0
0
0
192
142
64
0
0
0
0
0
190
160
64
0
0
0
0
0
212
154
64
0
0
0
0
0
48
153
64
0
0
0
0
0
62
161
64
0
0
0
0
0
128
138
64
0
0
0
0
0
162
162
64
0
0
0
0
0
128
71
192
0
0
0
0
0
86
161
64
0
0
0
0
0
216
141
192
0
0
0
0
0
232
154
64
0
0
0
0
0
84
155
192
0
0
0
0
0
184
141
64
0
0
0
0
0
8
162
192
0
0
0
0
0
0
36
64
0
0
0
0
0
210
163
192
0
0
0
0
0
8
142
192
0
0
0
0
0
166
162
192
0
0
0
0
0
72
156
192
0
0
0
0
0
56
157
192
0
0
0
0
0
190
162
192
0
0
0
0
0
132
144
192
0
0
0
0
0
142
164
192
0
0
0
0
0
192
82
192
0
0
0
0
0
70
163
192
0
0
0
0
0
208
140
64
0
0
0
0
0
52
158
192
0
0
0
0
0
208
155
64
0
0
0
0
0
108
145
192
0
0
0
0
0
128
162
64
0
0
0
0
0
128
97
192
0
0
0
0
0
84
164
64
0
0
0
0
0
128
138
64
0
0
0
0
0
44
163
64
0
0
0
0
0
172
154
64
0
0
0
0
0
120
158
64
0
0
0
0
0
26
162
64
0
0
0
0
0
44
146
64
0
0
0
0
0
66
164
64
0
0
0
0
0
96
105
64
0
0
0
0
0
122
163
64
0
0
0
0
0
208
136
192
0
0
0
0
0
164
159
64
0
0
0
0
0
100
154
192
0
0
0
0
0
136
147
64
0
0
0
0
0
92
162
192
0
0
0
0
0
32
113
64
0
0
0
0
0
228
164
192
0
0
0
0
0
208
135
192
0
0
0
0
0
88
164
192
0
0
0
0
0
148
154
192
0
0
0
0
0
186
160
192
0
0
0
0
0
190
162
192
0
0
0
0
0
28
149
192
0
0
0
0
0
110
165
192
0
0
0
0
0
192
117
192
0
0
0
0
0
240
164
192
0
0
0
0
0
72
134
64
0
0
0
0
0
82
161
192
0
0
0
0
0
36
154
64
0
0
0
0
0
64
150
192
0
0
0
0
0
166
162
64
0
0
0
0
0
48
122
192
0
0
0
0
0
120
165
64
0
0
0
0
0
64
132
64
0
0
0
0
0
36
165
64
0
0
0
0
0
88
153
64
0
0
0
0
0
178
161
64
0
0
0
0
0
116
162
64
0
0
0
0
0
72
151
64
0
0
0
0
0
140
165
64
0
0
0
0
0
176
126
64
0
0
0
0
0
122
165
64
0
0
0
0
0
96
130
192
0
0
0
0
0
56
162
64
0
0
0
0
0
204
152
192
0
0
0
0
0
116
152
64
0
0
0
0
0
102
162
192
0
0
0
0
0
144
129
64
0
0
0
0
0
172
165
192
0
0
0
0
0
104
128
192
0
0
0
0
0
182
165
192
0
0
0
0
0
228
151
192
0
0
0
0
0
128
162
192
0
0
0
0
0
240
161
192
0
0
0
0
0
28
153
192
0
0
0
0
0
46
165
192
0
0
0
0
0
80
131
192
0
0
0
0
0
62
165
192
0
0
0
0
0
208
123
64
0
0
0
0
0
46
162
192
0
0
0
0
0
60
150
64
0
0
0
0
0
16
153
192
0
0
0
0
0
252
160
64
0
0
0
0
0
168
132
192
0
0
0
0
0
74
164
64
0
0
0
0
0
192
118
64
0
0
0
0
0
158
164
64
0
0
0
0
0
196
148
64
0
0
0
0
0
248
161
64
0
0
0
0
0
102
160
64
0
0
0
0
0
120
153
64
0
0
0
0
0
16
164
64
0
0
0
0
0
136
134
64
0
0
0
0
0
214
164
64
0
0
0
0
0
224
114
192
0
0
0
0
0
140
162
64
0
0
0
0
0
64
148
192
0
0
0
0
0
244
154
64
0
0
0
0
0
132
160
192
0
0
0
0
0
56
137
64
0
0
0
0
0
140
164
192
0
0
0
0
0
192
110
192
0
0
0
0
0
144
165
192
0
0
0
0
0
236
147
192
0
0
0
0
0
86
163
192
0
0
0
0
0
144
160
192
0
0
0
0
0
100
156
192
0
0
0
0
0
176
164
192
0
0
0
0
0
160
139
192
0
0
0
0
0
182
165
192
0
0
0
0
0
96
102
64
0
0
0
0
0
130
163
192
0
0
0
0
0
228
146
64
0
0
0
0
0
224
156
192
0
0
0
0
0
6
160
64
0
0
0
0
0
56
141
192
0
0
0
0
0
46
164
64
0
0
0
0
0
0
91
64
0
0
0
0
0
90
165
64
0
0
0
0
0
156
145
64
0
0
0
0
0
106
163
64
0
0
0
0
0
236
158
64
0
0
0
0
0
76
157
64
0
0
0
0
0
222
163
64
0
0
0
0
0
0
143
64
0
0
0
0
0
102
165
64
0
0
0
0
0
128
68
192
0
0
0
0
0
202
163
64
0
0
0
0
0
208
144
192
0
0
0
0
0
120
158
64
0
0
0
0
0
168
158
192
0
0
0
0
0
192
144
64
0
0
0
0
0
14
164
192
0
0
0
0
0
0
57
64
0
0
0
0
0
212
165
192
0
0
0
0
0
40
144
192
0
0
0
0
0
92
164
192
0
0
0
0
0
96
158
192
0
0
0
0
0
172
159
192
0
0
0
0
0
10
164
192
0
0
0
0
0
228
145
192
0
0
0
0
0
232
165
192
0
0
0
0
0
128
87
192
0
0
0
0
0
134
164
192
0
0
0
0
0
64
142
64
0
0
0
0
0
32
160
192
0
0
0
0
0
104
157
64
0
0
0
0
0
192
146
192
0
0
0
0
0
170
163
64
0
0
0
0
0
96
100
192
0
0
0
0
0
190
165
64
0
0
0
0
0
24
140
64
0
0
0
0
0
166
164
64
0
0
0
0
0
176
156
64
0
0
0
0
0
138
160
64
0
0
0
0
0
164
163
64
0
0
0
0
0
240
147
64
0
0
0
0
0
30
166
64
0
0
0
0
0
96
109
64
0
0
0
0
0
96
165
64
0
0
0
0
0
208
138
192
0
0
0
0
0
112
161
64
0
0
0
0
0
208
156
192
0
0
0
0
0
164
149
64
0
0
0
0
0
28
164
192
0
0
0
0
0
160
115
64
0
0
0
0
0
230
166
192
0
0
0
0
0
160
137
192
0
0
0
0
0
74
166
192
0
0
0
0
0
208
156
192
0
0
0
0
0
82
162
192
0
0
0
0
0
76
164
192
0
0
0
0
0
32
151
192
0
0
0
0
0
46
167
192
0
0
0
0
0
128
120
192
0
0
0
0
0
154
166
192
0
0
0
0
0
144
135
64
0
0
0
0
0
172
162
192
0
0
0
0
0
228
155
64
0
0
0
0
0
8
152
192
0
0
0
0
0
232
163
64
0
0
0
0
0
240
124
192
0
0
0
0
0
236
166
64
0
0
0
0
0
40
133
64
0
0
0
0
0
148
166
64
0
0
0
0
0
216
154
64
0
0
0
0
0
238
162
64
0
0
0
0
0
160
163
64
0
0
0
0
0
4
153
64
0
0
0
0
0
2
167
64
0
0
0
0
0
216
128
64
0
0
0
0
0
12
167
64
0
0
0
0
0
64
131
192
0
0
0
0
0
176
163
64
0
0
0
0
0
132
154
192
0
0
0
0
0
180
154
64
0
0
0
0
0
224
163
192
0
0
0
0
0
168
131
64
0
0
0
0
0
168
167
192
0
0
0
0
0
160
129
192
0
0
0
0
0
248
167
192
0
0
0
0
0
112
154
192
0
0
0
0
0
178
164
192
0
0
0
0
0
46
164
192
0
0
0
0
0
140
156
192
0
0
0
0
0
48
168
192
0
0
0
0
0
152
134
192
0
0
0
0
0
160
168
192
0
0
0
0
0
64
127
64
0
0
0
0
0
100
165
192
0
0
0
0
0
220
153
64
0
0
0
0
0
236
157
192
0
0
0
0
0
16
164
64
0
0
0
0
0
56
137
192
0
0
0
0
0
62
168
64
0
0
0
0
0
112
122
64
0
0
0
0
0
216
168
64
0
0
0
0
0
224
152
64
0
0
0
0
0
200
165
64
0
0
0
0
0
190
163
64
0
0
0
0
0
252
158
64
0
0
0
0
0
40
168
64
0
0
0
0
0
168
139
64
0
0
0
0
0
4
169
64
0
0
0
0
0
176
117
192
0
0
0
0
0
48
166
64
0
0
0
0
0
240
151
192
0
0
0
0
0
16
160
64
0
0
0
0
0
124
163
192
0
0
0
0
0
40
142
64
0
0
0
0
0
38
168
192
0
0
0
0
0
0
113
192
0
0
0
0
0
64
169
192
0
0
0
0
0
0
151
192
0
0
0
0
0
158
166
192
0
0
0
0
0
52
163
192
0
0
0
0
0
162
160
192
0
0
0
0
0
22
168
192
0
0
0
0
0
92
144
192
0
0
0
0
0
108
169
192
0
0
0
0
0
32
104
64
0
0
0
0
0
4
167
192
0
0
0
0
0
252
149
64
0
0
0
0
0
52
161
192
0
0
0
0
0
228
162
64
0
0
0
0
0
172
145
192
0
0
0
0
0
12
168
64
0
0
0
0
0
64
92
64
0
0
0
0
0
174
169
64
0
0
0
0
0
16
149
64
0
0
0
0
0
136
167
64
0
0
0
0
0
180
162
64
0
0
0
0
0
228
161
64
0
0
0
0
0
42
168
64
0
0
0
0
0
28
147
64
0
0
0
0
0
22
170
64
0
0
0
0
0
0
65
192
0
0
0
0
0
36
168
64
0
0
0
0
0
60
148
192
0
0
0
0
0
152
162
64
0
0
0
0
0
134
162
192
0
0
0
0
0
128
148
64
0
0
0
0
0
54
168
192
0
0
0
0
0
128
71
64
0
0
0
0
0
78
170
192
0
0
0
0
0
40
147
192
0
0
0
0
0
128
168
192
0
0
0
0
0
22
162
192
0
0
0
0
0
16
163
192
0
0
0
0
0
232
167
192
0
0
0
0
0
164
149
192
0
0
0
0
0
46
170
192
0
0
0
0
0
64
96
192
0
0
0
0
0
154
168
192
0
0
0
0
0
216
145
64
0
0
0
0
0
108
163
192
0
0
0
0
0
136
161
64
0
0
0
0
0
200
150
192
0
0
0
0
0
146
167
64
0
0
0
0
0
160
106
192
0
0
0
0
0
44
170
64
0
0
0
0
0
180
144
64
0
0
0
0
0
244
168
64
0
0
0
0
0
56
161
64
0
0
0
0
0
12
164
64
0
0
0
0
0
162
167
64
0
0
0
0
0
72
152
64
0
0
0
0
0
158
170
64
0
0
0
0
0
192
114
64
0
0
0
0
0
176
169
64
0
0
0
0
0
168
143
192
0
0
0
0
0
234
164
64
0
0
0
0
0
28
161
192
0
0
0
0
0
244
153
64
0
0
0
0
0
214
167
192
0
0
0
0
0
80
120
64
0
0
0
0
0
16
171
192
0
0
0
0
0
160
141
192
0
0
0
0
0
70
170
192
0
0
0
0
0
198
160
192
0
0
0
0
0
142
165
192
0
0
0
0
0
168
167
192
0
0
0
0
0
72
155
192
0
0
0
0
0
4
171
192
0
0
0
0
0
176
125
192
0
0
0
0
0
94
170
192
0
0
0
0
0
240
138
64
0
0
0
0
0
214
165
192
0
0
0
0
0
36
160
64
0
0
0
0
0
60
156
192
0
0
0
0
0
34
167
64
0
0
0
0
0
96
129
192
0
0
0
0
0
180
170
64
0
0
0
0
0
40
136
64
0
0
0
0
0
90
170
64
0
0
0
0
0
12
159
64
0
0
0
0
0
34
166
64
0
0
0
0
0
190
166
64
0
0
0
0
0
80
157
64
0
0
0
0
0
164
170
64
0
0
0
0
0
8
132
64
0
0
0
0
0
158
170
64
0
0
0
0
0
176
133
192
0
0
0
0
0
170
166
64
0
0
0
0
0
52
158
192
0
0
0
0
0
176
158
64
0
0
0
0
0
152
166
192
0
0
0
0
0
208
134
64
0
0
0
0
0
202
170
192
0
0
0
0
0
80
131
192
0
0
0
0
0
8
171
192
0
0
0
0
0
100
157
192
0
0
0
0
0
68
167
192
0
0
0
0
0
108
166
192
0
0
0
0
0
10
160
192
0
0
0
0
0
220
170
192
0
0
0
0
0
168
137
192
0
0
0
0
0
84
171
192
0
0
0
0
0
192
128
64
0
0
0
0
0
196
167
192
0
0
0
0
0
104
156
64
0
0
0
0
0
174
160
192
0
0
0
0
0
36
166
64
0
0
0
0
0
120
140
192
0
0
0
0
0
212
170
64
0
0
0
0
0
64
124
64
0
0
0
0
0
146
171
64
0
0
0
0
0
92
155
64
0
0
0
0
0
60
168
64
0
0
0
0
0
214
165
64
0
0
0
0
0
80
161
64
0
0
0
0
0
202
170
64
0
0
0
0
0
64
143
64
0
0
0
0
0
202
171
64
0
0
0
0
0
0
119
192
0
0
0
0
0
172
168
64
0
0
0
0
0
76
154
192
0
0
0
0
0
230
161
64
0
0
0
0
0
126
165
192
0
0
0
0
0
244
144
64
0
0
0
0
0
170
170
192
0
0
0
0
0
160
113
192
0
0
0
0
0
230
171
192
0
0
0
0
0
32
153
192
0
0
0
0
0
2
169
192
0
0
0
0
0
18
165
192
0
0
0
0
0
110
162
192
0
0
0
0
0
122
170
192
0
0
0
0
0
68
146
192
0
0
0
0
0
0
172
192
0
0
0
0
0
64
104
64
0
0
0
0
0
104
169
192
0
0
0
0
0
244
151
64
0
0
0
0
0
16
163
192
0
0
0
0
0
184
164
64
0
0
0
0
0
192
147
192
0
0
0
0
0
116
170
64
0
0
0
0
0
128
90
64
0
0
0
0
0
80
172
64
0
0
0
0
0
248
150
64
0
0
0
0
0
0
170
64
0
0
0
0
0
130
164
64
0
0
0
0
0
210
163
64
0
0
0
0
0
140
170
64
0
0
0
0
0
80
149
64
0
0
0
0
0
172
172
64
0
0
0
0
0
0
51
192
0
0
0
0
0
140
170
64
0
0
0
0
0
240
149
192
0
0
0
0
0
118
164
64
0
0
0
0
0
46
164
192
0
0
0
0
0
172
150
64
0
0
0
0
0
102
170
192
0
0
0
0
0
128
81
64
0
0
0
0
0
176
172
192
0
0
0
0
0
148
148
192
0
0
0
0
0
186
170
192
0
0
0
0
0
144
163
192
0
0
0
0
0
212
164
192
0
0
0
0
0
234
169
192
0
0
0
0
0
200
151
192
0
0
0
0
0
108
172
192
0
0
0
0
0
224
99
192
0
0
0
0
0
194
170
192
0
0
0
0
0
24
147
64
0
0
0
0
0
44
165
192
0
0
0
0
0
234
162
64
0
0
0
0
0
244
152
192
0
0
0
0
0
130
169
64
0
0
0
0
0
32
111
192
0
0
0
0
0
92
172
64
0
0
0
0
0
208
145
64
0
0
0
0
0
14
171
64
0
0
0
0
0
128
162
64
0
0
0
0
0
194
165
64
0
0
0
0
0
104
169
64
0
0
0
0
0
108
154
64
0
0
0
0
0
154
172
64
0
0
0
0
0
80
117
64
0
0
0
0
0
146
171
64
0
0
0
0
0
176
144
192
0
0
0
0
0
112
166
64
0
0
0
0
0
42
162
192
0
0
0
0
0
232
155
64
0
0
0
0
0
84
169
192
0
0
0
0
0
0
123
64
0
0
0
0
0
192
172
192
0
0
0
0
0
216
142
192
0
0
0
0
0
232
171
192
0
0
0
0
0
168
161
192
0
0
0
0
0
240
166
192
0
0
0
0
0
252
168
192
0
0
0
0
0
40
157
192
0
0
0
0
0
156
172
192
0
0
0
0
0
80
128
192
0
0
0
0
0
2
172
192
0
0
0
0
0
0
140
64
0
0
0
0
0
74
167
192
0
0
0
0
0
6
161
64
0
0
0
0
0
76
158
192
0
0
0
0
0
138
168
64
0
0
0
0
0
32
131
192
0
0
0
0
0
112
172
64
0
0
0
0
0
48
137
64
0
0
0
0
0
38
172
64
0
0
0
0
0
118
160
64
0
0
0
0
0
184
167
64
0
0
0
0
0
56
168
64
0
0
0
0
0
144
159
64
0
0
0
0
0
108
172
64
0
0
0
0
0
248
133
64
0
0
0
0
0
112
172
64
0
0
0
0
0
144
134
192
0
0
0
0
0
64
168
64
0
0
0
0
0
244
159
192
0
0
0
0
0
118
160
64
0
0
0
0
0
250
167
192
0
0
0
0
0
216
136
64
0
0
0
0
0
116
172
192
0
0
0
0
0
240
131
192
0
0
0
0
0
190
172
192
0
0
0
0
0
244
158
192
0
0
0
0
0
198
168
192
0
0
0
0
0
182
167
192
0
0
0
0
0
36
161
192
0
0
0
0
0
122
172
192
0
0
0
0
0
208
139
192
0
0
0
0
0
14
173
192
0
0
0
0
0
48
129
64
0
0
0
0
0
90
169
192
0
0
0
0
0
240
157
64
0
0
0
0
0
228
161
192
0
0
0
0
0
124
167
64
0
0
0
0
0
248
142
192
0
0
0
0
0
150
172
64
0
0
0
0
0
240
124
64
0
0
0
0
0
128
173
64
0
0
0
0
0
16
157
64
0
0
0
0
0
12
170
64
0
0
0
0
0
94
167
64
0
0
0
0
0
184
162
64
0
0
0
0
0
210
172
64
0
0
0
0
0
32
145
64
0
0
0
0
0
10
174
64
0
0
0
0
0
160
119
192
0
0
0
0
0
210
170
64
0
0
0
0
0
64
156
192
0
0
0
0
0
152
163
64
0
0
0
0
0
74
167
192
0
0
0
0
0
208
146
64
0
0
0
0
0
22
173
192
0
0
0
0
0
32
114
192
0
0
0
0
0
158
174
192
0
0
0
0
0
100
155
192
0
0
0
0
0
162
171
192
0
0
0
0
0
54
167
192
0
0
0
0
0
134
164
192
0
0
0
0
0
94
173
192
0
0
0
0
0
156
148
192
0
0
0
0
0
60
175
192
0
0
0
0
0
128
104
64
0
0
0
0
0
124
172
192
0
0
0
0
0
128
154
64
0
0
0
0
0
124
165
192
0
0
0
0
0
30
167
64
0
0
0
0
0
120
150
192
0
0
0
0
0
162
173
64
0
0
0
0
0
192
88
64
0
0
0
0
0
204
175
64
0
0
0
0
0
120
153
64
0
0
0
0
0
62
173
64
0
0
0
0
0
222
166
64
0
0
0
0
0
84
166
64
0
0
0
0
0
162
173
64
0
0
0
0
0
32
152
64
0
0
0
0
0
0
176
64
0
0
0
0
0
0
0
0
0
0
0
0
0
162
173
64
0
0
0
0
0
32
152
192
0
0
0
0
0
222
166
64
0
0
0
0
0
84
166
192
0
0
0
0
0
120
153
64
0
0
0
0
0
62
173
192
0
0
0
0
0
192
88
64
0
0
0
0
0
204
175
192
0
0
0
0
0
120
150
192
0
0
0
0
0
162
173
192
0
0
0
0
0
124
165
192
0
0
0
0
0
30
167
192
0
0
0
0
0
124
172
192
0
0
0
0
0
128
154
192
0
0
0
0
0
60
175
192
0
0
0
0
0
128
104
192
0
0
0
0
0
94
173
192
0
0
0
0
0
156
148
64
0
0
0
0
0
54
167
192
0
0
0
0
0
134
164
64
0
0
0
0
0
100
155
192
0
0
0
0
0
162
171
64
0
0
0
0
0
32
114
192
0
0
0
0
0
158
174
64
0
0
0
0
0
208
146
64
0
0
0
0
0
22
173
64
0
0
0
0
0
152
163
64
0
0
0
0
0
74
167
64
0
0
0
0
0
210
170
64
0
0
0
0
0
64
156
64
0
0
0
0
0
10
174
64
0
0
0
0
0
160
119
64
0
0
0
0
0
210
172
64
0
0
0
0
0
32
145
192
0
0
0
0
0
94
167
64
0
0
0
0
0
184
162
192
0
0
0
0
0
16
157
64
0
0
0
0
0
12
170
192
0
0
0
0
0
0
0
0
0
0
0
0
0
0
0
0
0
0
0
0
0
0
0
0
0
0
0
0
0
0
0
0
0
0
0
0
0
0
0
0
0
0
0
0
0
0
0
0
0
0
0
0
0
0
0
0
0
0
0
0
0
0
0
0
0
0
0
0
0
0
0
0
0
0
0
0
0
0
0
0
0
0
0
0
0
0
0
0
0
0
0
0
0
0
0
0
0
0
0
0
0
0
0
0
0
0
0
0
0
0
0
0
0
0
0
0
0
0
0
0
0
0
0
0
0
0
0
0
0
0
0
0
0
0
0
0
0
0
0
0
0
0
0
0
0
0
0
0
0
0
0
0
0
0
0
0
0
0
0
0
0
0
0
0
0
0
0
0
0
0
0
0
0
0
0
0
0
0
0
0
0
0
0
0
0
0
0
0
0
0
0
0
0
0
0
0
0
0
0
0
0
0
0
0
0
0
0
0
0
0
0
0
0
0
0
0
0
0
0
0
0
0
0
0
0
0
0
0
0
0
0
0
0
0
0
0
0
0
0
0
0
0
0
0
0
0
0
0
0
0
0
0
0
0
0
0
0
0
0
0
0
0
0
0
0
0
0
0
0
0
0
0
0
0
0
0
0
0
0
0
0
0
0
0
0
0
0
0
0
0
0
0
0
0
0
0
0
0
0
0
0
0
0
0
0
0
0
0
0
0
0
0
0
0
0
0
0
0
0
0
0
0
0
0
0
0
0
0
0
0
0
0
0
0
0
0
0
0
0
0
0
0
0
0
0
0
0
0
0
0
0
0
0
0
0
0
0
0
0
0
0
0
0
0
0
0
0
0
0
0
0
0
0
0
0
0
0
0
0
0
0
0
0
0
0
0
0
0
0
0
0
0
0
0
0
0
0
0
0
0
0
0
0
0
0
0
0
0
0
0
0
0
0
0
0
0
0
0
0
0
0
0
0
0
0
0
0
0
0
0
0
0
0
0
0
0
0
0
0
0
0
0
0
0
0
0
0
0
0
0
0
0
0
0
0
0
0
0
0
0
0
0
0
0
0
0
0
0
0
0
0
0
0
0
0
0
0
0
0
0
0
0
0
0
0
0
0
0
0
0
0
0
0
0
0
0
0
0
0
0
0
0
0
0
0
0
0
0
0
0
0
0
0
0
0
0
0
0
0
0
0
0
0
0
0
0
0
0
0
0
0
0
0
0
0
0
0
0
0
0
0
0
0
0
0
0
0
0
0
0
0
0
0
0
0
0
0
0
0
0
0
0
0
0
0
0
0
0
0
0
0
0
0
0
0
0
0
0
0
0
0
0
0
0
0
0
0
0
0
0
0
0
0
0
0
0
0
0
0
0
0
0
0
0
0
0
0
0
0
0
0
0
0
0
0
0
0
0
0
0
0
0
0
0
0
0
0
0
0
0
0
0
0
0
0
0
0
0
0
0
0
0
0
0
0
0
0
0
0
0
0
0
0
0
0
0
0
0
0
0
0
0
0
0
0
0
0
0
0
0
0
0
0
0
0
0
0
0
0
0
0
0
0
0
0
0
0
0
0
0
0
0
0
0
0
0
0
0
0
0
0
0
0
0
0
0
0
0
0
0
0
0
0
0
0
0
0
0
0
0
0
0
0
0
0
0
0
0
0
0
0
0
0
0
0
0
0
0
0
0
0
0
0
0
0
0
0
0
0
0
0
0
0
0
0
0
0
0
0
0
0
0
0
0
0
0
0
0
0
0
0
0
0
0
0
0
0
0
0
0
0
0
0
0
0
0
0
0
0
0
0
0
0
0
0
0
0
0
0
0
0
0
0
0
0
0
0
0
0
0
0
0
0
0
0
0
0
0
0
0
0
0
0
0
0
0
0
0
0
0
0
0
0
0
0
0
0
0
0
0
0
0
0
0
0
0
0
0
0
0
0
0
0
0
0
0
0
0
0
0
0
0
0
0
0
0
0
0
0
0
0
0
0
0
0
0
0
0
0
0
0
0
0
0
0
0
0
0
0
0
0
0
0
0
0
0
0
0
0
0
0
0
0
0
0
0
0
0
0
0
0
0
0
0
0
0
0
0
0
0
0
0
0
0
0
0
0
0
0
0
0
0
0
0
0
0
0
0
0
0
0
0
0
0
0
0
0
0
0
0
0
0
0
0
0
0
0
0
0
0
0
0
0
0
0
0
0
0
0
0
0
0
0
0
0
0
0
0
0
0
0
0
0
0
0
0
0
0
0
0
0
0
0
0
0
0
0
0
0
0
0
0
0
0
0
0
0
0
0
0
0
0
0
0
0
0
0
0
0
0
0
0
0
0
0
0
0
0
0
0
0
0
0
0
0
0
0
0
0
0
0
0
0
0
0
0
0
0
0
0
0
0
0
0
0
0
0
0
0
0
0
0
0
0
0
0
0
0
0
0
0
0
0
0
0
0
0
0
0
0
0
0
0
0
0
0
0
0
0
0
0
0
0
0
0
0
0
0
0
0
0
0
0
0
0
0
0
0
0
0
0
0
0
0
0
0
0
0
0
0
0
0
0
0
0
0
0
0
0
0
0
0
0
0
0
0
0
0
0
0
0
0
0
0
0
0
0
0
0
0
0
0
0
0
0
0
0
0
0
0
0
0
0
0
0
0
0
0
0
0
0
0
0
0
0
0
0
0
0
0
0
0
0
0
0
0
0
0
0
0
0
0
0
0
0
0
0
0
0
0
0
0
0
0
0
0
0
0
0
0
0
0
0
0
0
0
0
0
0
0
0
0
0
0
0
0
0