58
70
65
67
84
58
67
68
65
84
49
56
58
68
65
84
65
32
35
57
48
48
48
48
48
54
57
51
54
0
0
0
0
0
192
166
192
0
0
0
0
0
220
149
64
0
0
0
0
0
248
160
192
0
0
0
0
0
184
162
64
0
0
0
0
0
92
145
192
0
0
0
0
0
200
167
64
0
0
0
0
0
192
93
64
0
0
0
0
0
94
169
64
0
0
0
0
0
232
148
64
0
0
0
0
0
58
167
64
0
0
0
0
0
132
162
64
0
0
0
0
0
166
161
64
0
0
0
0
0
234
167
64
0
0
0
0
0
208
146
64
0
0
0
0
0
208
169
64
0
0
0
0
0
128
67
192
0
0
0
0
0
228
167
64
0
0
0
0
0
28
148
192
0
0
0
0
0
104
162
64
0
0
0
0
0
98
162
192
0
0
0
0
0
68
148
64
0
0
0
0
0
6
168
192
0
0
0
0
0
0
69
64
0
0
0
0
0
28
170
192
0
0
0
0
0
20
147
192
0
0
0
0
0
78
168
192
0
0
0
0
0
252
161
192
0
0
0
0
0
230
162
192
0
0
0
0
0
190
167
192
0
0
0
0
0
104
149
192
0
0
0
0
0
250
169
192
0
0
0
0
0
192
94
192
0
0
0
0
0
96
168
192
0
0
0
0
0
200
145
64
0
0
0
0
0
54
163
192
0
0
0
0
0
104
161
64
0
0
0
0
0
120
150
192
0
0
0
0
0
94
167
64
0
0
0
0
0
128
105
192
0
0
0
0
0
236
169
64
0
0
0
0
0
164
144
64
0
0
0
0
0
174
168
64
0
0
0
0
0
22
161
64
0
0
0
0
0
208
163
64
0
0
0
0
0
110
167
64
0
0
0
0
0
244
151
64
0
0
0
0
0
98
170
64
0
0
0
0
0
64
114
64
0
0
0
0
0
118
169
64
0
0
0
0
0
136
143
192
0
0
0
0
0
188
164
64
0
0
0
0
0
2
161
192
0
0
0
0
0
184
153
64
0
0
0
0
0
176
167
192
0
0
0
0
0
240
119
64
0
0
0
0
0
230
170
192
0
0
0
0
0
136
141
192
0
0
0
0
0
26
170
192
0
0
0
0
0
178
160
192
0
0
0
0
0
106
165
192
0
0
0
0
0
134
167
192
0
0
0
0
0
16
155
192
0
0
0
0
0
216
170
192
0
0
0
0
0
80
125
192
0
0
0
0
0
46
170
192
0
0
0
0
0
216
138
64
0
0
0
0
0
170
165
192
0
0
0
0
0
12
160
64
0
0
0
0
0
244
155
192
0
0
0
0
0
248
166
64
0
0
0
0
0
32
129
192
0
0
0
0
0
128
170
64
0
0
0
0
0
24
136
64
0
0
0
0
0
34
170
64
0
0
0
0
0
220
158
64
0
0
0
0
0
240
165
64
0
0
0
0
0
152
166
64
0
0
0
0
0
8
157
64
0
0
0
0
0
116
170
64
0
0
0
0
0
192
131
64
0
0
0
0
0
112
170
64
0
0
0
0
0
168
133
192
0
0
0
0
0
132
166
64
0
0
0
0
0
20
158
192
0
0
0
0
0
124
158
64
0
0
0
0
0
126
166
192
0
0
0
0
0
160
134
64
0
0
0
0
0
170
170
192
0
0
0
0
0
80
131
192
0
0
0
0
0
230
170
192
0
0
0
0
0
76
157
192
0
0
0
0
0
38
167
192
0
0
0
0
0
84
166
192
0
0
0
0
0
228
159
192
0
0
0
0
0
186
170
192
0
0
0
0
0
112
137
192
0
0
0
0
0
46
171
192
0
0
0
0
0
192
128
64
0
0
0
0
0
158
167
192
0
0
0
0
0
72
156
64
0
0
0
0
0
142
160
192
0
0
0
0
0
4
166
64
0
0
0
0
0
48
140
192
0
0
0
0
0
170
170
64
0
0
0
0
0
64
124
64
0
0
0
0
0
98
171
64
0
0
0
0
0
60
155
64
0
0
0
0
0
18
168
64
0
0
0
0
0
186
165
64
0
0
0
0
0
48
161
64
0
0
0
0
0
166
170
64
0
0
0
0
0
248
142
64
0
0
0
0
0
164
171
64
0
0
0
0
0
16
119
192
0
0
0
0
0
142
168
64
0
0
0
0
0
56
154
192
0
0
0
0
0
208
161
64
0
0
0
0
0
108
165
192
0
0
0
0
0
220
144
64
0
0
0
0
0
148
170
192
0
0
0
0
0
176
113
192
0
0
0
0
0
206
171
192
0
0
0
0
0
20
153
192
0
0
0
0
0
236
168
192
0
0
0
0
0
2
165
192
0
0
0
0
0
92
162
192
0
0
0
0
0
100
170
192
0
0
0
0
0
44
146
192
0
0
0
0
0
228
171
192
0
0
0
0
0
128
104
64
0
0
0
0
0
72
169
192
0
0
0
0
0
228
151
64
0
0
0
0
0
244
162
192
0
0
0
0
0
164
164
64
0
0
0
0
0
152
147
192
0
0
0
0
0
84
170
64
0
0
0
0
0
64
91
64
0
0
0
0
0
44
172
64
0
0
0
0
0
232
150
64
0
0
0
0
0
220
169
64
0
0
0
0
0
110
164
64
0
0
0
0
0
180
163
64
0
0
0
0
0
114
170
64
0
0
0
0
0
44
149
64
0
0
0
0
0
144
172
64
0
0
0
0
0
0
53
192
0
0
0
0
0
114
170
64
0
0
0
0
0
228
149
192
0
0
0
0
0
100
164
64
0
0
0
0
0
34
164
192
0
0
0
0
0
152
150
64
0
0
0
0
0
86
170
192
0
0
0
0
0
0
81
64
0
0
0
0
0
160
172
192
0
0
0
0
0
144
148
192
0
0
0
0
0
170
170
192
0
0
0
0
0
136
163
192
0
0
0
0
0
198
164
192
0
0
0
0
0
218
169
192
0
0
0
0
0
180
151
192
0
0
0
0
0
88
172
192
0
0
0
0
0
160
99
192
0
0
0
0
0
172
170
192
0
0
0
0
0
16
147
64
0
0
0
0
0
22
165
192
0
0
0
0
0
222
162
64
0
0
0
0
0
212
152
192
0
0
0
0
0
108
169
64
0
0
0
0
0
160
110
192
0
0
0
0
0
66
172
64
0
0
0
0
0
204
145
64
0
0
0
0
0
242
170
64
0
0
0
0
0
116
162
64
0
0
0
0
0
170
165
64
0
0
0
0
0
86
169
64
0
0
0
0
0
80
154
64
0
0
0
0
0
134
172
64
0
0
0
0
0
32
117
64
0
0
0
0
0
128
171
64
0
0
0
0
0
172
144
192
0
0
0
0
0
100
166
64
0
0
0
0
0
36
162
192
0
0
0
0
0
216
155
64
0
0
0
0
0
76
169
192
0
0
0
0
0
240
122
64
0
0
0
0
0
182
172
192
0
0
0
0
0
216
142
192
0
0
0
0
0
224
171
192
0
0
0
0
0
164
161
192
0
0
0
0
0
230
166
192
0
0
0
0
0
244
168
192
0
0
0
0
0
24
157
192
0
0
0
0
0
144
172
192
0
0
0
0
0
64
128
192
0
0
0
0
0
242
171
192
0
0
0
0
0
0
140
64
0
0
0
0
0
58
167
192
0
0
0
0
0
0
161
64
0
0
0
0
0
48
158
192
0
0
0
0
0
124
168
64
0
0
0
0
0
0
131
192
0
0
0
0
0
94
172
64
0
0
0
0
0
48
137
64
0
0
0
0
0
18
172
64
0
0
0
0
0
112
160
64
0
0
0
0
0
166
167
64
0
0
0
0
0
46
168
64
0
0
0
0
0
120
159
64
0
0
0
0
0
96
172
64
0
0
0
0
0
224
133
64
0
0
0
0
0
102
172
64
0
0
0
0
0
152
134
192
0
0
0
0
0
56
168
64
0
0
0
0
0
240
159
192
0
0
0
0
0
114
160
64
0
0
0
0
0
248
167
192
0
0
0
0
0
208
136
64
0
0
0
0
0
114
172
192
0
0
0
0
0
240
131
192
0
0
0
0
0
186
172
192
0
0
0
0
0
240
158
192
0
0
0
0
0
196
168
192
0
0
0
0
0
178
167
192
0
0
0
0
0
34
161
192
0
0
0
0
0
116
172
192
0
0
0
0
0
200
139
192
0
0
0
0
0
6
173
192
0
0
0
0
0
56
129
64
0
0
0
0
0
80
169
192
0
0
0
0
0
236
157
64
0
0
0
0
0
218
161
192
0
0
0
0
0
116
167
64
0
0
0
0
0
216
142
192
0
0
0
0
0
138
172
64
0
0
0
0
0
16
125
64
0
0
0
0
0
114
173
64
0
0
0
0
0
8
157
64
0
0
0
0
0
0
170
64
0
0
0
0
0
88
167
64
0
0
0
0
0
176
162
64
0
0
0
0
0
202
172
64
0
0
0
0
0
20
145
64
0
0
0
0
0
6
174
64
0
0
0
0
0
160
119
192
0
0
0
0
0
208
170
64
0
0
0
0
0
60
156
192
0
0
0
0
0
154
163
64
0
0
0
0
0
74
167
192
0
0
0
0
0
212
146
64
0
0
0
0
0
24
173
192
0
0
0
0
0
16
114
192
0
0
0
0
0
160
174
192
0
0
0
0
0
104
155
192
0
0
0
0
0
164
171
192
0
0
0
0
0
54
167
192
0
0
0
0
0
134
164
192
0
0
0
0
0
94
173
192
0
0
0
0
0
156
148
192
0
0
0
0
0
58
175
192
0
0
0
0
0
128
104
64
0
0
0
0
0
120
172
192
0
0
0
0
0
128
154
64
0
0
0
0
0
118
165
192
0
0
0
0
0
26
167
64
0
0
0
0
0
108
150
192
0
0
0
0
0
156
173
64
0
0
0
0
0
0
89
64
0
0
0
0
0
196
175
64
0
0
0
0
0
120
153
64
0
0
0
0
0
54
173
64
0
0
0
0
0
220
166
64
0
0
0
0
0
78
166
64
0
0
0
0
0
160
173
64
0
0
0
0
0
28
152
64
32
32
32
32
32
32
32
32
32
32
32
32
32
32
32
32
32
32
32
32
32
32
32
32
32
32
32
32
32
32
32
32
32
32
32
32
32
32
32
32
32
68
101
108
97
121
65
70
67
95
65
108
108
45
50
48
71
95
67
52
95
76
79
87
1
0
0
0
0
0
0
0
0
64
84
64
32
32
32
32
32
32
32
32
32
32
32
32
32
32
32
32
32
32
32
32
32
32
32
32
32
32
32
32
32
32
32
32
32
32
32
32
32
32
32
32
32
68
101
108
97
121
80
70
67
95
65
108
108
45
50
48
71
95
67
52
95
76
79
87
1
0
0
0
0
0
0
0
0
0
0
0
32
32
32
32
32
32
32
32
32
32
32
32
32
32
32
32
32
32
32
32
32
32
32
32
32
32
32
32
32
32
32
32
32
32
32
32
32
32
32
32
32
65
70
67
95
65
108
108
45
50
48
71
95
67
52
95
76
79
87
95
49
48
77
118
82
0
0
0
212
120
99
237
97
194
87
63
195
202
249
70
154
150
93
191
241
173
148
145
118
4
80
191
48
131
11
91
174
220
117
63
97
206
186
230
88
85
132
191
242
73
163
217
167
169
142
63
208
123
8
79
141
60
149
191
146
170
212
137
87
155
151
63
225
122
20
174
71
225
150
191
53
145
95
96
210
239
141
63
155
161
215
240
11
231
118
191
152
64
38
38
99
13
115
191
178
24
76
46
140
21
137
63
17
28
184
127
60
38
148
191
19
63
173
63
21
121
150
63
80
35
4
22
134
233
147
191
155
148
221
39
162
186
140
63
190
234
150
87
141
169
124
191
171
250
9
37
155
196
115
191
221
4
132
123
10
37
144
63
69
170
189
194
97
237
152
191
7
130
91
210
172
199
152
63
228
31
75
89
101
42
153
191
239
11
1
35
220
34
144
63
179
194
156
188
162
61
73
191
114
154
178
145
243
23
145
191
77
157
170
239
186
134
154
63
62
31
167
224
215
229
161
191
7
60
213
198
125
80
160
63
46
81
32
96
107
190
151
191
57
140
170
168
191
51
121
63
202
109
185
2
35
146
101
191
176
171
44
126
17
60
159
191
30
110
201
162
151
238
176
63
42
23
108
27
45
164
182
191
72
173
7
254
125
231
159
63
23
18
238
157
234
243
133
191
190
15
106
51
12
39
162
191
74
215
167
119
76
56
171
63
167
197
100
154
126
195
182
191
106
245
213
85
129
218
227
63
106
245
213
85
129
218
227
63
167
197
100
154
126
195
182
191
74
215
167
119
76
56
171
63
190
15
106
51
12
39
162
191
23
18
238
157
234
243
133
191
72
173
7
254
125
231
159
63
42
23
108
27
45
164
182
191
30
110
201
162
151
238
176
63
176
171
44
126
17
60
159
191
202
109
185
2
35
146
101
191
57
140
170
168
191
51
121
63
46
81
32
96
107
190
151
191
7
60
213
198
125
80
160
63
62
31
167
224
215
229
161
191
77
157
170
239
186
134
154
63
114
154
178
145
243
23
145
191
179
194
156
188
162
61
73
191
239
11
1
35
220
34
144
63
228
31
75
89
101
42
153
191
7
130
91
210
172
199
152
63
69
170
189
194
97
237
152
191
221
4
132
123
10
37
144
63
171
250
9
37
155
196
115
191
190
234
150
87
141
169
124
191
155
148
221
39
162
186
140
63
80
35
4
22
134
233
147
191
19
63
173
63
21
121
150
63
17
28
184
127
60
38
148
191
178
24
76
46
140
21
137
63
152
64
38
38
99
13
115
191
155
161
215
240
11
231
118
191
53
145
95
96
210
239
141
63
225
122
20
174
71
225
150
191
146
170
212
137
87
155
151
63
208
123
8
79
141
60
149
191
242
73
163
217
167
169
142
63
97
206
186
230
88
85
132
191
48
131
11
91
174
220
117
63
241
173
148
145
118
4
80
191
195
202
249
70
154
150
93
191
212
120
99
237
97
194
87
63
32
32
32
32
32
32
32
32
32
32
32
32
32
32
32
32
32
32
32
32
32
32
32
32
32
32
32
32
32
32
32
32
32
32
32
65
70
67
95
65
108
108
45
50
48
71
95
67
52
95
76
79
87
95
49
48
77
118
95
49
50
98
105
116
82
0
0
0
0
0
0
0
0
0
24
64
0
0
0
0
0
0
28
192
0
0
0
0
0
0
16
192
0
0
0
0
0
0
54
64
0
0
0
0
0
128
68
192
0
0
0
0
0
128
78
64
0
0
0
0
0
64
85
192
0
0
0
0
0
128
87
64
0
0
0
0
0
0
87
192
0
0
0
0
0
0
78
64
0
0
0
0
0
0
55
192
0
0
0
0
0
0
51
192
0
0
0
0
0
0
73
64
0
0
0
0
0
64
84
192
0
0
0
0
0
128
86
64
0
0
0
0
0
0
84
192
0
0
0
0
0
128
76
64
0
0
0
0
0
0
61
192
0
0
0
0
0
0
52
192
0
0
0
0
0
64
80
64
0
0
0
0
0
0
89
192
0
0
0
0
0
192
88
64
0
0
0
0
0
64
89
192
0
0
0
0
0
64
80
64
0
0
0
0
0
0
8
192
0
0
0
0
0
0
81
192
0
0
0
0
0
128
90
64
0
0
0
0
0
224
97
192
0
0
0
0
0
96
96
64
0
0
0
0
0
192
87
192
0
0
0
0
0
0
57
64
0
0
0
0
0
0
38
192
0
0
0
0
0
64
95
192
0
0
0
0
0
240
112
64
0
0
0
0
0
160
118
192
0
0
0
0
0
0
96
64
0
0
0
0
0
0
70
192
0
0
0
0
0
32
98
192
0
0
0
0
0
64
107
64
0
0
0
0
0
192
118
192
0
0
0
0
0
218
163
64
0
0
0
0
0
218
163
64
0
0
0
0
0
192
118
192
0
0
0
0
0
64
107
64
0
0
0
0
0
32
98
192
0
0
0
0
0
0
70
192
0
0
0
0
0
0
96
64
0
0
0
0
0
160
118
192
0
0
0
0
0
240
112
64
0
0
0
0
0
64
95
192
0
0
0
0
0
0
38
192
0
0
0
0
0
0
57
64
0
0
0
0
0
192
87
192
0
0
0
0
0
96
96
64
0
0
0
0
0
224
97
192
0
0
0
0
0
128
90
64
0
0
0
0
0
0
81
192
0
0
0
0
0
0
8
192
0
0
0
0
0
64
80
64
0
0
0
0
0
64
89
192
0
0
0
0
0
192
88
64
0
0
0
0
0
0
89
192
0
0
0
0
0
64
80
64
0
0
0
0
0
0
52
192
0
0
0
0
0
0
61
192
0
0
0
0
0
128
76
64
0
0
0
0
0
0
84
192
0
0
0
0
0
128
86
64
0
0
0
0
0
64
84
192
0
0
0
0
0
0
73
64
0
0
0
0
0
0
51
192
0
0
0
0
0
0
55
192
0
0
0
0
0
0
78
64
0
0
0
0
0
0
87
192
0
0
0
0
0
128
87
64
0
0
0
0
0
64
85
192
0
0
0
0
0
128
78
64
0
0
0
0
0
128
68
192
0
0
0
0
0
0
54
64
0
0
0
0
0
0
16
192
0
0
0
0
0
0
28
192
0
0
0
0
0
0
24
64
32
32
32
32
32
32
32
32
32
32
32
32
32
32
32
32
32
32
32
32
32
32
32
32
32
32
32
32
32
32
32
32
32
32
32
32
32
32
32
32
32
73
70
67
95
65
108
108
45
50
48
71
95
67
52
95
76
79
87
95
50
48
77
118
0
32
0
0
0
0
0
0
0
0
176
64
0
0
0
0
0
0
0
0
0
0
0
0
0
150
173
64
0
0
0
0
0
76
152
192
0
0
0
0
0
184
166
64
0
0
0
0
0
112
166
192
0
0
0
0
0
236
152
64
0
0
0
0
0
80
173
192
0
0
0
0
0
0
73
64
0
0
0
0
0
188
175
192
0
0
0
0
0
76
151
192
0
0
0
0
0
100
173
192
0
0
0
0
0
216
165
192
0
0
0
0
0
170
166
192
0
0
0
0
0
176
172
192
0
0
0
0
0
56
153
192
0
0
0
0
0
48
175
192
0
0
0
0
0
128
88
192
0
0
0
0
0
4
173
192
0
0
0
0
0
48
150
64
0
0
0
0
0
138
166
192
0
0
0
0
0
50
165
64
0
0
0
0
0
128
153
192
0
0
0
0
0
18
172
64
0
0
0
0
0
32
98
192
0
0
0
0
0
182
174
64
0
0
0
0
0
48
149
64
0
0
0
0
0
194
172
64
0
0
0
0
0
172
164
64
0
0
0
0
0
134
166
64
0
0
0
0
0
156
171
64
0
0
0
0
0
232
153
64
0
0
0
0
0
98
174
64
0
0
0
0
0
224
103
64
0
0
0
0
0
154
172
64
0
0
0
0
0
68
148
192
0
0
0
0
0
140
166
64
0
0
0
0
0
46
164
192
0
0
0
0
0
76
154
64
0
0
0
0
0
38
171
192
0
0
0
0
0
128
109
64
0
0
0
0
0
2
174
192
0
0
0
0
0
84
147
192
0
0
0
0
0
92
172
192
0
0
0
0
0
164
163
192
0
0
0
0
0
124
166
192
0
0
0
0
0
158
170
192
0
0
0
0
0
152
154
192
0
0
0
0
0
148
173
192
0
0
0
0
0
112
113
192
0
0
0
0
0
26
172
192
0
0
0
0
0
96
146
64
0
0
0
0
0
114
166
192
0
0
0
0
0
32
163
64
0
0
0
0
0
240
154
192
0
0
0
0
0
42
170
64
0
0
0
0
0
32
116
192
0
0
0
0
0
70
173
64
0
0
0
0
0
144
145
64
0
0
0
0
0
2
172
64
0
0
0
0
0
192
162
64
0
0
0
0
0
142
166
64
0
0
0
0
0
230
169
64
0
0
0
0
0
124
155
64
0
0
0
0
0
44
173
64
0
0
0
0
0
240
118
64
0
0
0
0
0
16
172
64
0
0
0
0
0
216
144
192
0
0
0
0
0
194
166
64
0
0
0
0
0
114
162
192
0
0
0
0
0
20
156
64
0
0
0
0
0
178
169
192
0
0
0
0
0
208
121
64
0
0
0
0
0
20
173
192
0
0
0
0
0
28
144
192
0
0
0
0
0
26
172
192
0
0
0
0
0
28
162
192
0
0
0
0
0
232
166
192
0
0
0
0
0
108
169
192
0
0
0
0
0
152
156
192
0
0
0
0
0
236
172
192
0
0
0
0
0
128
124
192
0
0
0
0
0
18
172
192
0
0
0
0
0
184
142
64
0
0
0
0
0
8
167
192
0
0
0
0
0
192
161
64
0
0
0
0
0
24
157
192
0
0
0
0
0
38
169
64
0
0
0
0
0
48
127
192
0
0
0
0
0
198
172
64
0
0
0
0
0
64
141
64
0
0
0
0
0
20
172
64
0
0
0
0
0
108
161
64
0
0
0
0
0
46
167
64
0
0
0
0
0
232
168
64
0
0
0
0
0
164
157
64
0
0
0
0
0
164
172
64
0
0
0
0
0
248
128
64
0
0
0
0
0
20
172
64
0
0
0
0
0
200
139
192
0
0
0
0
0
78
167
64
0
0
0
0
0
18
161
192
0
0
0
0
0
28
158
64
0
0
0
0
0
154
168
192
0
0
0
0
0
72
130
64
0
0
0
0
0
110
172
192
0
0
0
0
0
56
138
192
0
0
0
0
0
250
171
192
0
0
0
0
0
170
160
192
0
0
0
0
0
90
167
192
0
0
0
0
0
64
168
192
0
0
0
0
0
128
158
192
0
0
0
0
0
50
172
192
0
0
0
0
0
136
131
192
0
0
0
0
0
236
171
192
0
0
0
0
0
192
136
64
0
0
0
0
0
124
167
192
0
0
0
0
0
86
160
64
0
0
0
0
0
16
159
192
0
0
0
0
0
12
168
64
0
0
0
0
0
240
132
192
0
0
0
0
0
48
172
64
0
0
0
0
0
128
135
64
0
0
0
0
0
28
172
64
0
0
0
0
0
36
160
64
0
0
0
0
0
208
167
64
0
0
0
0
0
4
168
64
0
0
0
0
0
220
159
64
0
0
0
0
0
76
172
64
0
0
0
0
0
120
134
64
0
0
0
0
0
84
172
64
0
0
0
0
0
56
134
192
0
0
0
0
0
22
168
64
0
0
0
0
0
200
159
192
0
0
0
0
0
56
160
64
0
0
0
0
0
208
167
192
0
0
0
0
0
200
135
64
0
0
0
0
0
30
172
192
0
0
0
0
0
168
132
192
0
0
0
0
0
42
172
192
0
0
0
0
0
208
158
192
0
0
0
0
0
254
167
192
0
0
0
0
0
68
167
192
0
0
0
0
0
68
160
192
0
0
0
0
0
146
171
192
0
0
0
0
0
184
136
192
0
0
0
0
0
190
171
192
0
0
0
0
0
240
130
64
0
0
0
0
0
200
167
192
0
0
0
0
0
188
157
64
0
0
0
0
0
80
160
192
0
0
0
0
0
188
166
64
0
0
0
0
0
200
137
192
0
0
0
0
0
50
171
64
0
0
0
0
0
120
129
64
0
0
0
0
0
156
171
64
0
0
0
0
0
24
157
64
0
0
0
0
0
232
167
64
0
0
0
0
0
148
166
64
0
0
0
0
0
160
160
64
0
0
0
0
0
68
171
64
0
0
0
0
0
64
139
64
0
0
0
0
0
224
171
64
0
0
0
0
0
64
128
192
0
0
0
0
0
72
168
64
0
0
0
0
0
188
156
192
0
0
0
0
0
6
161
64
0
0
0
0
0
138
166
192
0
0
0
0
0
192
140
64
0
0
0
0
0
80
171
192
0
0
0
0
0
192
125
192
0
0
0
0
0
246
171
192
0
0
0
0
0
12
156
192
0
0
0
0
0
100
168
192
0
0
0
0
0
42
166
192
0
0
0
0
0
44
161
192
0
0
0
0
0
232
170
192
0
0
0
0
0
192
141
192
0
0
0
0
0
150
171
192
0
0
0
0
0
160
122
64
0
0
0
0
0
36
168
192
0
0
0
0
0
252
154
64
0
0
0
0
0
34
161
192
0
0
0
0
0
142
165
64
0
0
0
0
0
136
142
192
0
0
0
0
0
92
170
64
0
0
0
0
0
144
119
64
0
0
0
0
0
54
171
64
0
0
0
0
0
20
154
64
0
0
0
0
0
6
168
64
0
0
0
0
0
46
165
64
0
0
0
0
0
68
161
64
0
0
0
0
0
42
170
64
0
0
0
0
0
184
143
64
0
0
0
0
0
64
171
64
0
0
0
0
0
224
116
192
0
0
0
0
0
64
168
64
0
0
0
0
0
144
153
192
0
0
0
0
0
154
161
64
0
0
0
0
0
16
165
192
0
0
0
0
0
148
144
64
0
0
0
0
0
50
170
192
0
0
0
0
0
80
114
192
0
0
0
0
0
100
171
192
0
0
0
0
0
8
153
192
0
0
0
0
0
118
168
192
0
0
0
0
0
218
164
192
0
0
0
0
0
220
161
192
0
0
0
0
0
8
170
192
0
0
0
0
0
44
145
192
0
0
0
0
0
72
171
192
0
0
0
0
0
32
111
64
0
0
0
0
0
114
168
192
0
0
0
0
0
68
152
64
0
0
0
0
0
246
161
192
0
0
0
0
0
120
164
64
0
0
0
0
0
164
145
192
0
0
0
0
0
180
169
64
0
0
0
0
0
128
105
64
0
0
0
0
0
20
171
64
0
0
0
0
0
124
151
64
0
0
0
0
0
106
168
64
0
0
0
0
0
28
164
64
0
0
0
0
0
26
162
64
0
0
0
0
0
116
169
64
0
0
0
0
0
48
146
64
0
0
0
0
0
250
170
64
0
0
0
0
0
0
100
192
0
0
0
0
0
114
168
64
0
0
0
0
0
196
150
192
0
0
0
0
0
64
162
64
0
0
0
0
0
198
163
192
0
0
0
0
0
180
146
64
0
0
0
0
0
42
169
192
0
0
0
0
0
0
93
192
0
0
0
0
0
190
170
192
0
0
0
0
0
232
149
192
0
0
0
0
0
76
168
192
0
0
0
0
0
72
163
192
0
0
0
0
0
62
162
192
0
0
0
0
0
170
168
192
0
0
0
0
0
8
147
192
0
0
0
0
0
84
170
192
0
0
0
0
0
64
82
64
0
0
0
0
0
18
168
192
0
0
0
0
0
0
149
64
0
0
0
0
0
60
162
192
0
0
0
0
0
208
162
64
0
0
0
0
0
108
147
192
0
0
0
0
0
78
168
64
0
0
0
0
0
0
64
64
0
0
0
0
0
46
170
64
0
0
0
0
0
96
148
64
0
0
0
0
0
38
168
64
0
0
0
0
0
162
162
64
0
0
0
0
0
128
162
64
0
0
0
0
0
80
168
64
0
0
0
0
0
28
148
64
0
0
0
0
0
90
170
64
0
0
0
0
0
0
34
64
0
0
0
0
0
108
168
64
0
0
0
0
0
232
147
192
0
0
0
0
0
206
162
64
0
0
0
0
0
122
162
192
0
0
0
0
0
184
148
64
0
0
0
0
0
48
168
192
0
0
0
0
0
0
73
64
0
0
0
0
0
54
170
192
0
0
0
0
0
20
147
192
0
0
0
0
0
70
168
192
0
0
0
0
0
238
161
192
0
0
0
0
0
180
162
192
0
0
0
0
0
132
167
192
0
0
0
0
0
216
148
192
0
0
0
0
0
132
169
192
0
0
0
0
0
128
86
192
0
0
0
0
0
180
167
192
0
0
0
0
0
244
145
64
0
0
0
0
0
106
162
192
0
0
0
0
0
52
161
64
0
0
0
0
0
232
148
192
0
0
0
0
0
208
166
64
0
0
0
0
0
32
96
192
0
0
0
0
0
6
169
64
0
0
0
0
0
40
145
64
0
0
0
0
0
136
167
64
0
0
0
0
0
232
160
64
0
0
0
0
0
140
162
64
0
0
0
0
0
196
166
64
0
0
0
0
0
140
149
64
0
0
0
0
0
68
169
64
0
0
0
0
0
32
101
64
0
0
0
0
0
252
167
64
0
0
0
0
0
212
144
192
0
0
0
0
0
16
163
64
0
0
0
0
0
246
160
192
0
0
0
0
0
112
150
64
0
0
0
0
0
252
166
192
0
0
0
0
0
64
106
64
0
0
0
0
0
136
169
192
0
0
0
0
0
84
144
192
0
0
0
0
0
50
168
192
0
0
0
0
0
174
160
192
0
0
0
0
0
52
163
192
0
0
0
0
0
148
166
192
0
0
0
0
0
184
150
192
0
0
0
0
0
0
169
192
0
0
0
0
0
160
110
192
0
0
0
0
0
162
167
192
0
0
0
0
0
160
142
64
0
0
0
0
0
198
162
192
0
0
0
0
0
208
159
64
0
0
0
0
0
112
150
192
0
0
0
0
0
164
165
64
0
0
0
0
0
32
113
192
0
0
0
0
0
20
168
64
0
0
0
0
0
120
140
64
0
0
0
0
0
238
166
64
0
0
0
0
0
112
158
64
0
0
0
0
0
106
162
64
0
0
0
0
0
0
165
64
0
0
0
0
0
116
150
64
0
0
0
0
0
168
167
64
0
0
0
0
0
64
115
64
0
0
0
0
0
200
166
64
0
0
0
0
0
8
139
192
0
0
0
0
0
130
162
64
0
0
0
0
0
208
157
192
0
0
0
0
0
236
150
64
0
0
0
0
0
210
164
192
0
0
0
0
0
144
117
64
0
0
0
0
0
152
167
192
0
0
0
0
0
216
137
192
0
0
0
0
0
208
166
192
0
0
0
0
0
52
157
192
0
0
0
0
0
154
162
192
0
0
0
0
0
126
164
192
0
0
0
0
0
56
151
192
0
0
0
0
0
62
167
192
0
0
0
0
0
144
119
192
0
0
0
0
0
126
166
192
0
0
0
0
0
72
136
64
0
0
0
0
0
98
162
192
0
0
0
0
0
40
156
64
0
0
0
0
0
48
151
192
0
0
0
0
0
228
163
64
0
0
0
0
0
48
121
192
0
0
0
0
0
174
166
64
0
0
0
0
0
184
134
64
0
0
0
0
0
22
166
64
0
0
0
0
0
48
155
64
0
0
0
0
0
54
162
64
0
0
0
0
0
114
163
64
0
0
0
0
0
76
151
64
0
0
0
0
0
98
166
64
0
0
0
0
0
16
123
64
0
0
0
0
0
246
165
64
0
0
0
0
0
120
133
192
0
0
0
0
0
64
162
64
0
0
0
0
0
144
154
192
0
0
0
0
0
156
151
64
0
0
0
0
0
46
163
192
0
0
0
0
0
0
125
64
0
0
0
0
0
42
166
192
0
0
0
0
0
48
132
192
0
0
0
0
0
202
165
192
0
0
0
0
0
196
153
192
0
0
0
0
0
38
162
192
0
0
0
0
0
178
162
192
0
0
0
0
0
164
151
192
0
0
0
0
0
164
165
192
0
0
0
0
0
128
126
192
0
0
0
0
0
84
165
192
0
0
0
0
0
168
130
64
0
0
0
0
0
218
161
192
0
0
0
0
0
176
152
64
0
0
0
0
0
140
151
192
0
0
0
0
0
30
162
64
0
0
0
0
0
240
127
192
0
0
0
0
0
42
165
64
0
0
0
0
0
88
129
64
0
0
0
0
0
18
165
64
0
0
0
0
0
12
152
64
0
0
0
0
0
220
161
64
0
0
0
0
0
0
0
0
0
0
0
0
0
0
0
0
0
0
0
0
0
0
0
0
0
0
0
0
0
0
0
0
0
0
0
0
0
0
0
0
0
0
0
0
0
0
0
0
0
0
0
0
0
0
0
0
0
0
0
0
0
0
0
0
0
0
0
0
0
0
0
0
0
0
0
0
0
0
0
0
0
0
0
0
0
0
0
0
0
0
0
0
0
0
0
0
0
0
0
0
0
0
0
0
0
0
0
0
0
0
0
0
0
0
0
0
0
0
0
0
0
0
0
0
0
0
0
0
0
0
0
0
0
0
0
0
0
0
0
0
0
0
0
0
0
0
0
0
0
0
0
0
0
0
0
0
0
0
0
0
0
0
0
0
0
0
0
0
0
0
0
0
0
0
0
0
0
0
0
0
0
0
0
0
0
0
0
0
0
0
0
0
0
0
0
0
0
0
0
0
0
0
0
0
0
0
0
0
0
0
0
0
0
0
0
0
0
0
0
0
0
0
0
0
0
0
0
0
0
0
0
0
0
0
0
0
0
0
0
0
0
0
0
0
0
0
0
0
0
0
0
0
0
0
0
0
0
0
0
0
0
0
0
0
0
0
0
0
0
0
0
0
0
0
0
0
0
0
0
0
0
0
0
0
0
0
0
0
0
0
0
0
0
0
0
0
0
0
0
0
0
0
0
0
0
0
0
0
0
0
0
0
0
0
0
0
0
0
0
0
0
0
0
0
0
0
0
0
0
0
0
0
0
0
0
0
0
0
0
0
0
0
0
0
0
0
0
0
0
0
0
0
0
0
0
0
0
0
0
0
0
0
0
0
0
0
0
0
0
0
0
0
0
0
0
0
0
0
0
0
0
0
0
0
0
0
0
0
0
0
0
0
0
0
0
0
0
0
0
0
0
0
0
0
0
0
0
0
0
0
0
0
0
0
0
0
0
0
0
0
0
0
0
0
0
0
0
0
0
0
0
0
0
0
0
0
0
0
0
0
0
0
0
0
0
0
0
0
0
0
0
0
0
0
0
0
0
0
0
0
0
0
0
0
0
0
0
0
0
0
0
0
0
0
0
0
0
0
0
0
0
0
0
0
0
0
0
0
0
0
0
0
0
0
0
0
0
0
0
0
0
0
0
0
0
0
0
0
0
0
0
0
0
0
0
0
0
0
0
0
0
0
0
0
0
0
0
0
0
0
0
0
0
0
0
0
0
0
0
0
0
0
0
0
0
0
0
0
0
0
0
0
0
0
0
0
0
0
0
0
0
0
0
0
0
0
0
0
0
0
0
0
0
0
0
0
0
0
0
0
0
0
0
0
0
0
0
0
0
0
0
0
0
0
0
0
0
0
0
0
0
0
0
0
0
0
0
0
0
0
0
0
0
0
0
0
0
0
0
0
0
0
0
0
0
0
0
0
0
0
0
0
0
0
0
0
0
0
0
0
0
0
0
0
0
0
0
0
0
0
0
0
0
0
0
0
0
0
0
0
0
0
0
0
0
0
0
0
0
0
0
0
0
0
0
0
0
0
0
0
0
0
0
0
0
0
0
0
0
0
0
0
0
0
0
0
0
0
0
0
0
0
0
0
0
0
0
0
0
0
0
0
0
0
0
0
0
0
0
0
0
0
0
0
0
0
0
0
0
0
0
0
0
0
0
0
0
0
0
0
0
0
0
0
0
0
0
0
0
0
0
0
0
0
0
0
0
0
0
0
0
0
0
0
0
0
0
0
0
0
0
0
0
0
0
0
0
0
0
0
0
0
0
0
0
0
0
0
0
0
0
0
0
0
0
0
0
0
0
0
0
0
0
0
0
0
0
0
0
0
0
0
0
0
0
0
0
0
0
0
0
0
0
0
0
0
0
0
0
0
0
0
0
0
0
0
0
0
0
0
0
0
0
0
0
0
0
0
0
0
0
0
0
0
0
0
0
0
0
0
0
0
0
0
0
0
0
0
0
0
0
0
0
0
0
0
0
0
0
0
0
0
0
0
0
0
0
0
0
0
0
0
0
0
0
0
0
0
0
0
0
0
0
0
0
0
0
0
0
0
0
0
0
0
0
0
0
0
0
0
0
0
0
0
0
0
0
0
0
0
0
0
0
0
0
0
0
0
0
0
0
0
0
0
0
0
0
0
0
0
0
0
0
0
0
0
0
0
0
0
0
0
0
0
0
0
0
0
0
0
0
0
0
0
0
0
0
0
0
0
0
0
0
0
0
0
0
0
0
0
0
0
0
0
0
0
0
0
0
0
0
0
0
0
0
0
0
0
0
0
0
0
0
0
0
0
0
0
0
0
0
0
0
0
0
0
0
0
0
0
0
0
0
0
0
0
0
0
0
0
0
0
0
0
0
0
0
0
0
0
0
0
0
0
0
0
0
0
0
0
0
0
0
0
0
0
0
0
0
0
0
0
0
0
0
0
0
0
0
0
0
0
0
0
0
0
0
0
0
0
0
0
0
0
0
0
0
0
0
0
0
0
0
0
0
0
0
0
0
0
0
0
0
0
0
0
0
0
0
0
0
0
0
0
0
0
0
0
0
0
0
0
0
0
0
0
0
0
0
0
0
0
0
0
0
0
0
0
0
0
0
0
0
0
0
0
0
0
0
0
0
0
0
0
0
0
0
0
0
0
0
0
0
0
0
0
0
0
0
0
0
0
0
0
0
0
0
0
0
0
0
0
0
0
0
0
0
0
0
0
0
0
0
0
0
0
0
0
0
0
0
0
0
0
0
0
0
0
0
0
0
0
0
0
0
0
0
0
0
0
0