58
70
65
67
84
58
67
68
65
84
49
56
58
68
65
84
65
32
35
57
48
48
48
48
48
54
57
51
54
0
242
161
64
0
0
0
0
0
248
151
64
0
0
0
0
0
58
165
64
0
0
0
0
0
32
129
64
0
0
0
0
0
88
165
64
0
0
0
0
0
120
128
192
0
0
0
0
0
62
162
64
0
0
0
0
0
232
151
192
0
0
0
0
0
188
152
64
0
0
0
0
0
8
162
192
0
0
0
0
0
96
130
64
0
0
0
0
0
102
165
192
0
0
0
0
0
0
127
192
0
0
0
0
0
134
165
192
0
0
0
0
0
116
151
192
0
0
0
0
0
98
162
192
0
0
0
0
0
192
161
192
0
0
0
0
0
0
153
192
0
0
0
0
0
10
165
192
0
0
0
0
0
40
131
192
0
0
0
0
0
36
165
192
0
0
0
0
0
80
124
64
0
0
0
0
0
24
162
192
0
0
0
0
0
116
150
64
0
0
0
0
0
200
152
192
0
0
0
0
0
38
161
64
0
0
0
0
0
184
131
192
0
0
0
0
0
120
164
64
0
0
0
0
0
176
121
64
0
0
0
0
0
188
164
64
0
0
0
0
0
168
149
64
0
0
0
0
0
238
161
64
0
0
0
0
0
212
160
64
0
0
0
0
0
240
152
64
0
0
0
0
0
82
164
64
0
0
0
0
0
152
132
64
0
0
0
0
0
202
164
64
0
0
0
0
0
192
119
192
0
0
0
0
0
32
162
64
0
0
0
0
0
80
149
192
0
0
0
0
0
116
153
64
0
0
0
0
0
194
160
192
0
0
0
0
0
160
133
64
0
0
0
0
0
84
164
192
0
0
0
0
0
192
117
192
0
0
0
0
0
210
164
192
0
0
0
0
0
196
148
192
0
0
0
0
0
42
162
192
0
0
0
0
0
110
160
192
0
0
0
0
0
156
153
192
0
0
0
0
0
246
163
192
0
0
0
0
0
80
134
192
0
0
0
0
0
124
164
192
0
0
0
0
0
64
115
64
0
0
0
0
0
248
161
192
0
0
0
0
0
240
147
64
0
0
0
0
0
164
153
192
0
0
0
0
0
2
160
64
0
0
0
0
0
40
135
192
0
0
0
0
0
176
163
64
0
0
0
0
0
0
113
64
0
0
0
0
0
122
164
64
0
0
0
0
0
152
147
64
0
0
0
0
0
62
162
64
0
0
0
0
0
30
160
64
0
0
0
0
0
132
154
64
0
0
0
0
0
30
164
64
0
0
0
0
0
200
136
64
0
0
0
0
0
38
165
64
0
0
0
0
0
192
110
192
0
0
0
0
0
250
162
64
0
0
0
0
0
200
147
192
0
0
0
0
0
188
155
64
0
0
0
0
0
114
160
192
0
0
0
0
0
96
138
64
0
0
0
0
0
136
164
192
0
0
0
0
0
32
107
192
0
0
0
0
0
120
165
192
0
0
0
0
0
92
147
192
0
0
0
0
0
32
163
192
0
0
0
0
0
22
160
192
0
0
0
0
0
200
155
192
0
0
0
0
0
240
163
192
0
0
0
0
0
168
138
192
0
0
0
0
0
180
164
192
0
0
0
0
0
64
102
64
0
0
0
0
0
94
162
192
0
0
0
0
0
16
146
64
0
0
0
0
0
196
154
192
0
0
0
0
0
64
158
64
0
0
0
0
0
56
138
192
0
0
0
0
0
220
162
64
0
0
0
0
0
96
97
64
0
0
0
0
0
196
163
64
0
0
0
0
0
236
144
64
0
0
0
0
0
200
161
64
0
0
0
0
0
24
157
64
0
0
0
0
0
108
154
64
0
0
0
0
0
128
162
64
0
0
0
0
0
216
138
64
0
0
0
0
0
190
163
64
0
0
0
0
0
64
90
192
0
0
0
0
0
10
162
64
0
0
0
0
0
148
144
192
0
0
0
0
0
56
155
64
0
0
0
0
0
44
157
192
0
0
0
0
0
80
140
64
0
0
0
0
0
188
162
192
0
0
0
0
0
0
82
192
0
0
0
0
0
14
164
192
0
0
0
0
0
60
144
192
0
0
0
0
0
82
162
192
0
0
0
0
0
208
156
192
0
0
0
0
0
160
155
192
0
0
0
0
0
116
162
192
0
0
0
0
0
16
141
192
0
0
0
0
0
168
163
192
0
0
0
0
0
0
66
64
0
0
0
0
0
230
161
192
0
0
0
0
0
144
142
64
0
0
0
0
0
8
155
192
0
0
0
0
0
116
155
64
0
0
0
0
0
216
140
192
0
0
0
0
0
170
161
64
0
0
0
0
0
0
24
64
0
0
0
0
0
236
162
64
0
0
0
0
0
200
140
64
0
0
0
0
0
96
161
64
0
0
0
0
0
108
154
64
0
0
0
0
0
144
154
64
0
0
0
0
0
62
161
64
0
0
0
0
0
248
140
64
0
0
0
0
0
180
162
64
0
0
0
0
0
0
50
64
0
0
0
0
0
96
161
64
0
0
0
0
0
248
139
192
0
0
0
0
0
224
154
64
0
0
0
0
0
44
154
192
0
0
0
0
0
216
141
64
0
0
0
0
0
56
161
192
0
0
0
0
0
128
71
64
0
0
0
0
0
192
162
192
0
0
0
0
0
8
139
192
0
0
0
0
0
114
161
192
0
0
0
0
0
160
153
192
0
0
0
0
0
12
155
192
0
0
0
0
0
228
160
192
0
0
0
0
0
120
142
192
0
0
0
0
0
102
162
192
0
0
0
0
0
192
84
192
0
0
0
0
0
42
161
192
0
0
0
0
0
80
137
64
0
0
0
0
0
216
154
192
0
0
0
0
0
148
152
64
0
0
0
0
0
240
142
192
0
0
0
0
0
104
160
64
0
0
0
0
0
0
94
192
0
0
0
0
0
26
162
64
0
0
0
0
0
8
136
64
0
0
0
0
0
34
161
64
0
0
0
0
0
60
152
64
0
0
0
0
0
64
155
64
0
0
0
0
0
122
160
64
0
0
0
0
0
24
144
64
0
0
0
0
0
106
162
64
0
0
0
0
0
224
98
64
0
0
0
0
0
148
161
64
0
0
0
0
0
200
135
192
0
0
0
0
0
20
156
64
0
0
0
0
0
120
152
192
0
0
0
0
0
172
144
64
0
0
0
0
0
172
160
192
0
0
0
0
0
192
101
64
0
0
0
0
0
140
162
192
0
0
0
0
0
16
135
192
0
0
0
0
0
146
161
192
0
0
0
0
0
208
151
192
0
0
0
0
0
220
155
192
0
0
0
0
0
32
160
192
0
0
0
0
0
128
144
192
0
0
0
0
0
210
161
192
0
0
0
0
0
192
103
192
0
0
0
0
0
214
160
192
0
0
0
0
0
88
133
64
0
0
0
0
0
200
154
192
0
0
0
0
0
108
150
64
0
0
0
0
0
36
144
192
0
0
0
0
0
172
158
64
0
0
0
0
0
32
106
192
0
0
0
0
0
50
161
64
0
0
0
0
0
24
132
64
0
0
0
0
0
144
160
64
0
0
0
0
0
0
150
64
0
0
0
0
0
8
155
64
0
0
0
0
0
240
158
64
0
0
0
0
0
216
144
64
0
0
0
0
0
190
161
64
0
0
0
0
0
64
111
64
0
0
0
0
0
102
161
64
0
0
0
0
0
248
131
192
0
0
0
0
0
200
156
64
0
0
0
0
0
184
150
192
0
0
0
0
0
48
146
64
0
0
0
0
0
32
160
192
0
0
0
0
0
128
114
64
0
0
0
0
0
120
162
192
0
0
0
0
0
120
131
192
0
0
0
0
0
250
161
192
0
0
0
0
0
140
150
192
0
0
0
0
0
112
157
192
0
0
0
0
0
188
159
192
0
0
0
0
0
132
146
192
0
0
0
0
0
248
161
192
0
0
0
0
0
16
116
192
0
0
0
0
0
80
161
192
0
0
0
0
0
192
129
64
0
0
0
0
0
52
156
192
0
0
0
0
0
12
149
64
0
0
0
0
0
212
145
192
0
0
0
0
0
196
157
64
0
0
0
0
0
96
116
192
0
0
0
0
0
246
160
64
0
0
0
0
0
80
128
64
0
0
0
0
0
136
160
64
0
0
0
0
0
24
148
64
0
0
0
0
0
96
155
64
0
0
0
0
0
16
157
64
0
0
0
0
0
176
145
64
0
0
0
0
0
230
160
64
0
0
0
0
0
64
117
64
0
0
0
0
0
196
160
64
0
0
0
0
0
8
128
192
0
0
0
0
0
52
156
64
0
0
0
0
0
88
148
192
0
0
0
0
0
128
146
64
0
0
0
0
0
196
157
192
0
0
0
0
0
96
119
64
0
0
0
0
0
94
161
192
0
0
0
0
0
32
127
192
0
0
0
0
0
50
161
192
0
0
0
0
0
44
148
192
0
0
0
0
0
196
156
192
0
0
0
0
0
88
157
192
0
0
0
0
0
212
146
192
0
0
0
0
0
244
160
192
0
0
0
0
0
0
121
192
0
0
0
0
0
162
160
192
0
0
0
0
0
208
123
64
0
0
0
0
0
188
155
192
0
0
0
0
0
188
146
64
0
0
0
0
0
76
146
192
0
0
0
0
0
108
155
64
0
0
0
0
0
224
121
192
0
0
0
0
0
224
159
64
0
0
0
0
0
48
120
64
0
0
0
0
0
164
159
64
0
0
0
0
0
128
145
64
0
0
0
0
0
208
154
64
0
0
0
0
0
84
154
64
0
0
0
0
0
32
146
64
0
0
0
0
0
72
159
64
0
0
0
0
0
16
123
64
0
0
0
0
0
160
159
64
0
0
0
0
0
176
118
192
0
0
0
0
0
48
155
64
0
0
0
0
0
96
145
192
0
0
0
0
0
152
146
64
0
0
0
0
0
128
154
192
0
0
0
0
0
112
124
64
0
0
0
0
0
156
159
192
0
0
0
0
0
208
117
192
0
0
0
0
0
220
159
192
0
0
0
0
0
12
145
192
0
0
0
0
0
52
155
192
0
0
0
0
0
216
153
192
0
0
0
0
0
120
146
192
0
0
0
0
0
132
158
192
0
0
0
0
0
160
124
192
0
0
0
0
0
116
158
192
0
0
0
0
0
176
115
64
0
0
0
0
0
228
153
192
0
0
0
0
0
192
143
64
0
0
0
0
0
168
145
192
0
0
0
0
0
44
152
64
0
0
0
0
0
80
124
192
0
0
0
0
0
188
156
64
0
0
0
0
0
80
113
64
0
0
0
0
0
24
157
64
0
0
0
0
0
8
142
64
0
0
0
0
0
64
153
64
0
0
0
0
0
140
151
64
0
0
0
0
0
188
145
64
0
0
0
0
0
188
156
64
0
0
0
0
0
48
126
64
0
0
0
0
0
192
157
64
0
0
0
0
0
160
111
192
0
0
0
0
0
76
154
64
0
0
0
0
0
40
142
192
0
0
0
0
0
192
146
64
0
0
0
0
0
28
152
192
0
0
0
0
0
128
128
64
0
0
0
0
0
136
157
192
0
0
0
0
0
96
108
192
0
0
0
0
0
112
158
192
0
0
0
0
0
112
141
192
0
0
0
0
0
164
154
192
0
0
0
0
0
112
151
192
0
0
0
0
0
220
146
192
0
0
0
0
0
100
156
192
0
0
0
0
0
232
128
192
0
0
0
0
0
240
156
192
0
0
0
0
0
224
102
64
0
0
0
0
0
60
153
192
0
0
0
0
0
184
138
64
0
0
0
0
0
0
146
192
0
0
0
0
0
144
149
64
0
0
0
0
0
192
128
192
0
0
0
0
0
116
154
64
0
0
0
0
0
64
98
64
0
0
0
0
0
132
155
64
0
0
0
0
0
48
137
64
0
0
0
0
0
156
152
64
0
0
0
0
0
48
149
64
0
0
0
0
0
32
146
64
0
0
0
0
0
224
154
64
0
0
0
0
0
152
129
64
0
0
0
0
0
176
156
64
0
0
0
0
0
32
97
192
0
0
0
0
0
48
154
64
0
0
0
0
0
80
138
192
0
0
0
0
0
132
147
64
0
0
0
0
0
132
150
192
0
0
0
0
0
48
131
64
0
0
0
0
0
156
156
192
0
0
0
0
0
32
96
192
0
0
0
0
0
88
158
192
0
0
0
0
0
208
138
192
0
0
0
0
0
88
155
192
0
0
0
0
0
172
150
192
0
0
0
0
0
28
148
192
0
0
0
0
0
84
156
192
0
0
0
0
0
208
131
192
0
0
0
0
0
144
157
192
0
0
0
0
0
192
88
64
0
0
0
0
0
96
154
192
0
0
0
0
0
224
136
64
0
0
0
0
0
108
147
192
0
0
0
0
0
52
149
64
0
0
0
0
0
176
131
192
0
0
0
0
0
184
154
64
0
0
0
0
0
0
80
64
0
0
0
0
0
88
156
64
0
0
0
0
0
112
135
64
0
0
0
0
0
240
153
64
0
0
0
0
0
236
148
64
0
0
0
0
0
196
147
64
0
0
0
0
0
80
155
64
0
0
0
0
0
0
133
64
0
0
0
0
0
224
157
64
0
0
0
0
0
0
70
192
0
0
0
0
0
252
155
64
0
0
0
0
0
136
136
192
0
0
0
0
0
172
149
64
0
0
0
0
0
120
150
192
0
0
0
0
0
104
135
64
0
0
0
0
0
136
157
192
0
0
0
0
0
0
58
192
0
0
0
0
0
18
160
192
0
0
0
0
0
88
137
192
0
0
0
0
0
192
157
192
0
0
0
0
0
0
151
192
0
0
0
0
0
176
150
192
0
0
0
0
0
180
157
192
0
0
0
0
0
88
136
192
0
0
0
0
0
196
159
192
0
0
0
0
0
0
0
64
0
0
0
0
0
0
157
192
0
0
0
0
0
232
135
64
0
0
0
0
0
0
150
192
0
0
0
0
0
212
149
64
0
0
0
0
0
208
135
192
0
0
0
0
0
72
156
64
0
0
0
0
0
0
46
192
0
0
0
0
0
136
158
64
0
0
0
0
0
232
134
64
0
0
0
0
0
88
156
64
0
0
0
0
0
144
149
64
0
0
0
0
0
0
150
64
0
0
0
0
0
184
156
64
0
0
0
0
0
144
136
64
0
0
0
0
0
208
159
64
0
0
0
0
0
0
59
64
0
0
0
0
0
52
158
64
0
0
0
0
0
240
135
192
0
0
0
0
0
224
151
64
0
0
0
0
0
12
151
192
0
0
0
0
0
48
139
64
0
0
0
0
0
248
158
192
0
0
0
0
0
128
74
64
0
0
0
0
0
40
161
192
0
0
0
0
0
192
136
192
0
0
0
0
0
46
160
192
0
0
0
0
0
204
151
192
0
0
0
0
0
88
153
192
0
0
0
0
0
140
159
192
0
0
0
0
0
208
140
192
0
0
0
0
0
52
161
192
0
0
0
0
0
64
86
192
0
0
0
0
0
6
160
192
0
0
0
0
0
48
135
64
0
0
0
0
0
252
152
192
0
0
0
0
0
148
150
64
0
0
0
0
0
232
140
192
0
0
0
0
0
0
158
64
0
0
0
0
0
32
96
192
0
0
0
0
0
122
160
64
0
0
0
0
0
32
133
64
0
0
0
0
0
24
159
64
0
0
0
0
0
136
149
64
0
0
0
0
0
184
152
64
0
0
0
0
0
92
157
64
0
0
0
0
0
104
141
64
0
0
0
0
0
108
160
64
0
0
0
0
0
128
99
64
0
0
0
0
0
96
159
64
0
0
0
0
0
144
132
192
0
0
0
0
0
20
153
64
0
0
0
0
0
124
149
192
0
0
0
0
0
216
141
64
0
0
0
0
0
84
157
192
0
0
0
0
0
128
100
64
0
0
0
0
0
64
160
192
0
0
0
0
0
200
131
192
0
0
0
0
0
144
158
192
0
0
0
0
0
100
148
192
0
0
0
0
0
252
151
192
0
0
0
0
0
80
155
192
0
0
0
0
0
16
140
192
0
0
0
0
0
196
157
192
0
0
0
0
0
192
99
192
0
0
0
0
0
176
155
192
0
0
0
0
0
168
129
64
0
0
0
0
0
180
149
192
0
0
0
0
0
68
146
64
0
0
0
0
0
200
137
192
0
0
0
0
0
180
152
64
0
0
0
0
0
32
100
192
0
0
0
0
0
132
155
64
0
0
0
0
0
56
128
64
0
0
0
0
0
116
154
64
0
0
0
0
0
176
145
64
0
0
0
0
0
168
149
64
0
0
0
0
0
0
153
64
0
0
0
0
0
56
139
64
0
0
0
0
0
236
156
64
0
0
0
0
0
224
105
64
0
0
0
0
0
160
156
64
0
0
0
0
0
40
128
192
0
0
0
0
0
228
151
64
0
0
0
0
0
160
146
192
0
0
0
0
0
128
142
64
0
0
0
0
0
144
154
192
0
0
0
0
0
112
112
64
0
0
0
0
0
104
158
192
0
0
0
0
0
128
126
192
0
0
0
0
0
116
157
192
0
0
0
0
0
220
145
192
0
0
0
0
0
244
151
192
0
0
0
0
0
240
152
192
0
0
0
0
0
16
142
192
0
0
0
0
0
228
155
192
0
0
0
0
0
112
113
192
0
0
0
0
0
156
154
192
0
0
0
0
0
80
121
64
0
0
0
0
0
156
149
192
0
0
0
0
0
0
143
64
0
0
0
0
0
168
139
192
0
0
0
0
0
32
150
64
0
0
0
0
0
64
113
192
0
0
0
0
0
132
153
64
0
0
0
0
0
48
119
64
0
0
0
0
0
84
153
64
0
0
0
0
0
144
142
64
0
0
0
0
0
124
149
64
0
0
0
0
0
208
150
64
0
0
0
0
0
136
140
64
0
0
0
0
0
12
155
64
0
0
0
0
0
16
114
64
0
0
0
0
0
4
155
64
0
0
0
0
0
16
121
192
0
0
0
0
0
120
150
64
0
0
0
0
0
20
144
192
0
0
0
0
0
128
140
64
0
0
0
0
0
212
150
192
0
0
0
0
0
224
112
64
0
0
0
0
0
24
153
192
0
0
0
0
0
144
116
192
0
0
0
0
0
152
150
192
0
0
0
0
0
24
135
192
0
0
0
0
0
112
144
192
0
0
0
0
0
112
139
192
0
0
0
0
0
152
129
192
0
0
0
0
0
144
135
192
0
0
0
0
0
96
97
192
0
0
0
0
0
16
125
192
0
0
0
0
0
0
88
64
0
0
0
0
0
128
99
192
0
0
0
0
0
128
89
64
0
0
0
0
0
0
74
64
0
0
0
0
0
0
77
192
0
0
0
0
0
0
77
64
0
0
0
0
0
80
114
192
0
0
0
0
0
192
85
192
0
0
0
0
0
80
124
192
0
0
0
0
0
208
114
192
0
0
0
0
0
16
125
192
0
0
0
0
0
112
125
192
0
0
0
0
0
144
116
192
0
0
0
0
0
8
128
192
0
0
0
0
0
0
93
192
0
0
0
0
0
224
121
192
0
0
0
0
0
0
81
64
0
0
0
0
0
192
108
192
0
0
0
0
0
128
97
64
0
0
0
0
0
128
77
192
0
0
0
0
0
128
83
64
0
0
0
0
0
0
36
64
0
0
0
0
0
128
82
192
0
0
0
0
0
128
67
192
0
0
0
0
0
192
107
192
0
0
0
0
0
96
102
192
0
0
0
0
0
224
113
192
0
0
0
0
0
80
116
192
0
0
0
0
0
0
109
192
0
0
0
0
0
160
120
192
0
0
0
0
0
0
87
192
0
0
0
0
0
240
117
192
0
0
0
0
0
0
77
64
0
0
0
0
0
224
107
192
0
0
0
0
0
128
97
64
0
0
0
0
0
64
84
192
0
0
0
0
0
192
92
64
0
0
0
0
0
0
20
64
0
0
0
0
0
0
0
0
0
0
0
0
0
0
49
192
0
0
0
0
0
192
94
192
0
0
0
0
0
128
93
192
0
0
0
0
0
224
104
192
0
0
0
0
0
32
110
192
0
0
0
0
0
128
102
192
0
0
0
0
0
208
115
192
0
0
0
0
0
64
84
192
0
0
0
0
0
0
115
192
0
0
0
0
0
128
69
64
0
0
0
0
0
96
106
192
0
0
0
0
0
0
95
64
0
0
0
0
0
128
86
192
0
0
0
0
0
64
94
64
0
0
0
0
0
0
24
192
0
0
0
0
0
0
68
64
0
0
0
0
0
0
32
192
0
0
0
0
0
0
82
192
0
0
0
0
0
192
84
192
0
0
0
0
0
192
98
192
0
0
0
0
0
192
103
192
0
0
0
0
0
192
98
192
0
0
0
0
0
160
112
192
0
0
0
0
0
192
82
192
0
0
0
0
0
208
112
192
0
0
0
0
0
0
63
64
0
0
0
0
0
160
104
192
0
0
0
0
0
128
91
64
0
0
0
0
0
64
87
192
0
0
0
0
0
192
93
64
0
0
0
0
0
0
44
192
0
0
0
0
0
0
75
64
0
0
0
0
0
0
240
191
0
0
0
0
0
0
70
192
0
0
0
0
0
0
79
192
0
0
0
0
0
0
94
192
0
0
0
0
0
160
99
192
0
0
0
0
0
96
96
192
0
0
0
0
0
0
109
192
0
0
0
0
0
0
82
192
0
0
0
0
0
128
110
192
0
0
0
0
0
0
54
64
0
0
0
0
0
96
103
192
0
0
0
0
0
128
88
64
0
0
0
0
0
128
87
192
0
0
0
0
0
128
92
64
0
0
0
0
0
0
50
192
0
0
0
0
0
128
78
64
0
0
0
0
0
0
0
192
0
0
0
0
0
0
59
192
0
0
0
0
0
128
72
192
0
0
0
0
0
128
89
192
0
0
0
0
0
224
96
192
0
0
0
0
0
192
93
192
0
0
0
0
0
0
106
192
0
0
0
0
0
192
81
192
0
0
0
0
0
64
108
192
0
0
0
0
0
0
46
64
0
0
0
0
0
96
102
192
0
0
0
0
0
64
86
64
0
0
0
0
0
192
87
192
0
0
0
0
0
64
91
64
0
0
0
0
0
0
52
192
0
0
0
0
0
64
80
64
0
0
0
0
0
0
240
63
0
0
0
0
0
0
49
192
0
0
0
0
0
0
68
192
0
0
0
0
0
192
86
192
0
0
0
0
0
64
94
192
0
0
0
0
0
64
92
192
0
0
0
0
0
32
104
192
0
0
0
0
0
0
82
192
0
0
0
0
0
0
107
192
0
0
0
0
0
0
32
64
0
0
0
0
0
0
102
192
0
0
0
0
0
64
84
64
0
0
0
0
0
0
88
192
0
0
0
0
0
64
90
64
0
0
0
0
0
0
55
192
0
0
0
0
0
192
80
64
0
0
0
0
0
0
8
64
0
0
0
0
0
0
38
192
0
0
0
0
0
128
65
192
0
0
0
0
0
0
85
192
0
0
0
0
0
0
92
192
0
0
0
0
0
128
91
192
0
0
0
0
0
0
103
192
0
0
0
0
0
128
82
192
0
0
0
0
0
96
106
192
0
0
0
0
0
0
8
64
0
0
0
0
0
0
102
192
0
0
0
0
0
0
83
64
0
0
0
0
0
0
89
192
0
0
0
0
0
192
89
64
0
0
0
0
0
0
58
192
0
0
0
0
0
64
81
64
0
0
0
0
0
0
0
64
0
0
0
0
0
0
24
192
0
0
0
0
0
0
63
192
0
0
0
0
0
0
84
192
0
0
0
0
0
128
90
192
0
0
0
0
0
128
91
192
0
0
0
0
0
160
102
192
0
0
0
0
0
128
83
192
0
0
0
0
0
128
106
192
0
0
0
0
0
0
8
192
0
0
0
0
0
160
102
192
0
0
0
0
0
0
82
64
0
0
0
0
0
128
90
192
0
0
0
0
0
0
90
64
0
0
0
0
0
0
62
192
0
0
0
0
0
128
82
64
0
0
0
0
0
0
0
64
0
0
0
0
0
0
240
191
0
0
0
0
0
0
60
192
0
0
0
0
0
128
83
192
0
0
0
0
0
192
89
192
0
0
0
0
0
64
92
192
0
0
0
0
0
192
102
192
0
0
0
0
0
0
85
192
0
0
0
0
0
64
107
192
0
0
0
0
0
0
34
192
0
0
0
0
0
224
103
192
0
0
0
0
0
192
81
64
0
0
0
0
0
0
93
192
0
0
0
0
0
0
91
64
0
0
0
0
0
0
66
192
0
0
0
0
0
64
84
64
0
0
0
0
0
0
8
64
0
0
0
0
0
0
24
64
0
0
0
0
0
0
57
192
0
0
0
0
0
64
83
192
0
0
0
0
0
128
89
192
0
0
0
0
0
64
93
192
0
0
0
0
0
96
103
192
0
0
0
0
0
0
87
192
0
0
0
0
0
224
108
192
0
0
0
0
0
0
46
192
0
0
0
0
0
0
106
192
0
0
0
0
0
192
81
64
0
0
0
0
0
96
96
192
0
0
0
0
0
0
93
64
0
0
0
0
0
128
70
192
0
0
0
0
0
128
87
64
0
0
0
0
0
0
8
64
0
0
0
0
0
0
46
64
0
0
0
0
0
0
54
192
0
0
0
0
0
128
82
192
0
0
0
0
0
128
89
192
0
0
0
0
0
192
94
192
0
0
0
0
0
128
104
192
0
0
0
0
0
192
89
192
0
0
0
0
0
64
111
192
0
0
0
0
0
0
55
192
0
0
0
0
0
32
109
192
0
0
0
0
0
64
82
64
0
0
0
0
0
96
99
192
0
0
0
0
0
32
96
64
0
0
0
0
0
128
77
192
0
0
0
0
0
128
92
64
0
0
0
0
0
0
20
192
0
0
0
0
0
128
64
64
0
0
0
0
0
0
49
192
0
0
0
0
0
192
80
192
0
0
0
0
0
64
89
192
0
0
0
0
0
32
96
192
0
0
0
0
0
224
105
192
0
0
0
0
0
0
93
192
0
0
0
0
0
80
113
192
0
0
0
0
0
0
64
192
0
0
0
0
0
224
112
192
0
0
0
0
0
64
83
64
0
0
0
0
0
192
103
192
0
0
0
0
0
192
98
64
0
0
0
0
0
64
84
192
0
0
0
0
0
32
98
64
0
0
0
0
0
0
20
192
0
0
0
0
0
128
79
64
0
0
0
0
0
0
36
192
0
0
0
0
0
128
73
192
0
0
0
0
0
128
88
192
0
0
0
0
0
128
96
192
0
0
0
0
0
192
107
192
0
0
0
0
0
96
96
192
0
0
0
0
0
160
115
192
0
0
0
0
0
128
70
192
0
0
0
0
0
64
116
192
0
0
0
0
0
192
84
64
0
0
0
0
0
96
110
192
0
0
0
0
0
192
102
64
0
0
0
0
0
64
93
192
0
0
0
0
0
160
104
64
0
0
0
0
0
0
48
192
0
0
0
0
0
64
93
64
0
0
0
0
0
0
16
192
0
0
0
0
0
0
40
192
0
0
0
0
0
64
86
192
0
0
0
0
0
128
95
192
0
0
0
0
0
128
109
192
0
0
0
0
0
96
98
192
0
0
0
0
0
208
118
192
0
0
0
0
0
128
78
192
0
0
0
0
0
80
121
192
0
0
0
0
0
64
87
64
0
0
0
0
0
192
116
192
0
0
0
0
0
96
109
64
0
0
0
0
0
192
102
192
0
0
0
0
0
0
114
64
0
0
0
0
0
0
67
192
0
0
0
0
0
128
107
64
0
0
0
0
0
0
51
64
0
0
0
0
0
128
80
64
0
0
0
0
0
0
79
192
0
0
0
0
0
128
86
192
0
0
0
0
0
192
109
192
0
0
0
0
0
192
99
192
0
0
0
0
0
240
122
192
0
0
0
0
0
0
85
192
0
0
0
0
0
208
128
192
0
0
0
0
0
0
91
64
0
0
0
0
0
0
127
192
0
0
0
0
0
192
116
64
0
0
0
0
0
0
116
192
0
0
0
0
0
192
125
64
0
0
0
0
0
192
87
192
0
0
0
0
0
16
125
64
0
0
0
0
0
0
77
64
0
0
0
0
0
160
114
64
0
0
0
0
0
0
61
64
0
0
0
0
0
0
80
64
0
0
0
0
0
0
101
192
0
0
0
0
0
192
93
192
0
0
0
0
0
0
127
192
0
0
0
0
0
64
91
192
0
0
0
0
0
8
137
192
0
0
0
0
0
160
97
64
0
0
0
0
0
16
141
192
0
0
0
0
0
96
130
64
0
0
0
0
0
120
136
192
0
0
0
0
0
60
145
64
0
0
0
0
0
240
117
192
0
0
0
0
0
180
151
64
0
0
0
0
0
48
113
64
0
0
0
0
0
84
154
64
0
0
0
0
0
136
141
64
0
0
0
0
0
0
152
64
0
0
0
0
0
88
151
64
0
0
0
0
0
8
145
64
0
0
0
0
0
40
156
64
0
0
0
0
0
176
123
64
0
0
0
0
0
92
156
64
0
0
0
0
0
240
112
192
0
0
0
0
0
48
152
64
0
0
0
0
0
208
140
192
0
0
0
0
0
152
144
64
0
0
0
0
0
24
150
192
0
0
0
0
0
128
123
64
0
0
0
0
0
104
154
192
0
0
0
0
0
64
109
192
0
0
0
0
0
244
154
192
0
0
0
0
0
136
139
192
0
0
0
0
0
196
151
192
0
0
0
0
0
56
150
192
0
0
0
0
0
28
145
192
0
0
0
0
0
216
155
192
0
0
0
0
0
96
126
192
0
0
0
0
0
148
157
192
0
0
0
0
0
128
109
64
0
0
0
0
0
204
154
192
0
0
0
0
0
64
142
64
0
0
0
0
0
144
147
192
0
0
0
0
0
216
152
64
0
0
0
0
0
168
129
192
0
0
0
0
0
4
159
64
0
0
0
0
0
64
109
64
0
0
0
0
0
48
160
64
0
0
0
0
0
96
143
64
0
0
0
0
0
148
156
64
0
0
0
0
0
40
153
64
0
0
0
0
0
84
148
64
0
0
0
0
0
132
158
64
0
0
0
0
0
56
130
64
0
0
0
0
0
20
159
64
0
0
0
0
0
192
104
192
0
0
0
0
0
0
155
64
0
0
0
0
0
184
140
192
0
0
0
0
0
40
147
64
0
0
0
0
0
28
151
192
0
0
0
0
0
168
129
64
0
0
0
0
0
72
156
192
0
0
0
0
0
128
100
192
0
0
0
0
0
92
157
192
0
0
0
0
0
40
139
192
0
0
0
0
0
68
154
192
0
0
0
0
0
208
150
192
0
0
0
0
0
92
147
192
0
0
0
0
0
252
156
192
0
0
0
0
0
208
130
192
0
0
0
0
0
16
159
192
0
0
0
0
0
224
98
64
0
0
0
0
0
128
156
192
0
0
0
0
0
168
140
64
0
0
0
0
0
100
149
192
0
0
0
0
0
160
152
64
0
0
0
0
0
72
133
192
0
0
0
0
0
132
159
64
0
0
0
0
0
64
97
64
0
0
0
0
0
216
160
64
0
0
0
0
0
232
141
64
0
0
0
0
0
172
158
64
0
0
0
0
0
160
153
64
0
0
0
0
0
216
150
64
0
0
0
0
0
62
160
64
0
0
0
0
0
232
134
64
0
0
0
0
0
58
161
64
0
0
0
0
0
0
92
192
0
0
0
0
0
64
159
64
0
0
0
0
0
104
141
192
0
0
0
0
0
96
151
64
0
0
0
0
0
136
153
192
0
0
0
0
0
248
135
64
0
0
0
0
0
80
160
192
0
0
0
0
0
64
85
192
0
0
0
0
0
0
0
0
0
0
0
0
0
0
0
0
0
0
0
0
0
0
0
0
0
0
0
0
0
0
0
0
0
0
0
0
0
0
0
0
0
0
0
0
0
0
0
0
0
0
0
0
0
0
0
0
0
0
0
0
0
0
0
0
0
0
0
0
0
0
0
0
0
0
0
0
0
0
0
0
0
0
0
0
0
0
0
0
0
0
0
0
0
0
0
0
0
0
0
0
0
0
0
0
0
0
0
0
0
0
0
0
0
0
0
0
0
0
0
0
0
0
0
0
0
0
0
0
0
0
0
0
0
0
0
0
0
0
0
0
0
0
0
0
0
0
0
0
0
0
0
0
0
0
0
0
0
0
0
0
0
0
0
0
0
0
0
0
0
0
0
0
0
0
0
0
0
0
0
0
0
0
0
0
0
0
0
0
0
0
0
0
0
0
0
0
0
0
0
0
0
0
0
0
0
0
0
0
0
0
0
0
0
0
0
0
0
0
0
0
0
0
0
0
0
0
0
0
0
0
0
0
0
0
0
0
0
0
0
0
0
0
0
0
0
0
0
0
0
0
0
0
0
0
0
0
0
0
0
0
0
0
0
0
0
0
0
0
0
0
0
0
0
0
0
0
0
0
0
0
0
0
0
0
0
0
0
0
0
0
0
0
0
0
0
0
0
0
0
0
0
0
0
0
0
0
0
0
0
0
0
0
0
0
0
0
0
0
0
0
0
0
0
0
0
0
0
0
0
0
0
0
0
0
0
0
0
0
0
0
0
0
0
0
0
0
0
0
0
0
0
0
0
0
0
0
0
0
0
0
0
0
0
0
0
0
0
0
0
0
0
0
0
0
0
0
0
0
0
0
0
0
0
0
0
0
0
0
0
0
0
0
0
0
0
0
0
0
0
0
0
0
0
0
0
0
0
0
0
0
0
0
0
0
0
0
0
0
0
0
0
0
0
0
0
0
0
0
0
0
0
0
0
0
0
0
0
0
0
0
0
0
0
0
0
0
0
0
0
0
0
0
0
0
0
0
0
0
0
0
0
0
0
0
0
0
0
0
0
0
0
0
0
0
0
0
0
0
0
0
0
0
0
0
0
0
0
0
0
0
0
0
0
0
0
0
0
0
0
0
0
0
0
0
0
0
0
0
0
0
0
0
0
0
0
0
0
0
0
0
0
0
0
0
0
0
0
0
0
0
0
0
0
0
0
0
0
0
0
0
0
0
0
0
0
0
0
0
0
0
0
0
0
0
0
0
0
0
0
0
0
0
0
0
0
0
0
0
0
0
0
0
0
0
0
0
0
0
0
0
0
0
0
0
0
0
0
0
0
0
0
0
0
0
0
0
0
0
0
0
0
0
0
0
0
0
0
0
0
0
0
0
0
0
0
0
0
0
0
0
0
0
0
0
0
0
0
0
0
0
0
0
0
0
0
0
0
0
0
0
0
0
0
0
0
0
0
0
0
0
0
0
0
0
0
0
0
0
0
0
0
0
0
0
0
0
0
0
0
0
0
0
0
0
0
0
0
0
0
0
0
0
0
0
0
0
0
0
0
0
0
0
0
0
0
0
0
0
0
0
0
0
0
0
0
0
0
0
0
0
0
0
0
0
0
0
0
0
0
0
0
0
0
0
0
0
0
0
0
0
0
0
0
0
0
0
0
0
0
0
0
0
0
0
0
0
0
0
0
0
0
0
0
0
0
0
0
0
0
0
0
0
0
0
0
0
0
0
0
0
0
0
0
0
0
0
0
0
0
0
0
0
0
0
0
0
0
0
0
0
0
0
0
0
0
0
0
0
0
0
0
0
0
0
0
0
0
0
0
0
0
0
0
0
0
0
0
0
0
0
0
0
0
0
0
0
0
0
0
0
0
0
0
0
0
0
0
0
0
0
0
0
0
0
0
0
0
0
0
0
0
0
0
0
0
0
0
0
0
0
0
0
0
0
0
0
0
0
0
0
0
0
0
0
0
0
0
0
0
0
0
0
0
0
0
0
0
0
0
0
0
0
0
0
0
0
0
0
0
0
0
0
0
0
0
0
0
0
0
0
0
0
0
0
0
0
0
0
0
0
0
0
0
0
0
0
0
0
0
0
0
0
0
0
0
0
0
0
0
0
0
0
0
0
0
0
0
0
0
0
0
0
0
0
0
0
0
0
0
0
0
0
0
0
0
0
0
0
0
0
0
0
0
0
0
0
0
0
0
0
0
0
0
0
0
0
0
0
0
0
0
0
0
0
0
0
0
0
0
0
0
0
0
0
0
0
0
0
0
0
0
0
0
0
0
0
0
0
0
0
0
0
0
0
0
0
0
0
0
0
0
0
0
0
0
0
0
0
0
0
0
0
0
0
0
0
0
0
0
0
0
0
0
0
0
0
0
0
0
0
0
0
0
0
0
0
0
0
0
0
0
0
0
0
0
0
0
0
0
0
0
0
0
0
0
0
0
0
0
0
0
0
0
0
0
0
0
0
0
0
0
0
0
0
0
0
0
0
0
0
0
0
0
0
0
0
0
0
0
0
0
0
0
0
0
0
0
0
0
0
0
0
0
0
0
0
0
0
0
0
0
0
0
0
0
0
0
0
0
0
0
0
0
0
0
0
0
0
0
0
0
0
0
0
0
0
0
0
0
0
0
0
0
0
0
0
0
0
0
0
0
0
0
0
0
0
0
0
0
0
0
0
0
0
0
0
0
0
0
0
0
0
0
0
0
0
0
0
0
0
0
0
0
0
0
0
0
0
0
0
0
0
0
0
0
0
0
0
0
0
0