58
70
65
67
84
58
67
68
65
84
49
56
58
68
65
84
65
32
35
57
48
48
48
48
48
54
57
51
54
0
176
127
192
0
0
0
0
0
134
168
192
0
0
0
0
0
232
134
64
0
0
0
0
0
116
164
192
0
0
0
0
0
240
156
64
0
0
0
0
0
204
154
192
0
0
0
0
0
250
164
64
0
0
0
0
0
224
129
192
0
0
0
0
0
78
168
64
0
0
0
0
0
240
131
64
0
0
0
0
0
2
168
64
0
0
0
0
0
32
155
64
0
0
0
0
0
48
164
64
0
0
0
0
0
2
164
64
0
0
0
0
0
240
154
64
0
0
0
0
0
114
167
64
0
0
0
0
0
152
131
64
0
0
0
0
0
108
167
64
0
0
0
0
0
32
129
192
0
0
0
0
0
252
163
64
0
0
0
0
0
124
153
192
0
0
0
0
0
88
155
64
0
0
0
0
0
74
163
192
0
0
0
0
0
144
133
64
0
0
0
0
0
0
167
192
0
0
0
0
0
112
125
192
0
0
0
0
0
90
167
192
0
0
0
0
0
116
152
192
0
0
0
0
0
68
164
192
0
0
0
0
0
0
163
192
0
0
0
0
0
100
156
192
0
0
0
0
0
252
166
192
0
0
0
0
0
248
135
192
0
0
0
0
0
144
167
192
0
0
0
0
0
240
120
64
0
0
0
0
0
162
164
192
0
0
0
0
0
132
151
64
0
0
0
0
0
72
157
192
0
0
0
0
0
158
162
64
0
0
0
0
0
8
138
192
0
0
0
0
0
168
166
64
0
0
0
0
0
0
116
64
0
0
0
0
0
72
167
64
0
0
0
0
0
4
150
64
0
0
0
0
0
118
164
64
0
0
0
0
0
192
161
64
0
0
0
0
0
84
157
64
0
0
0
0
0
198
165
64
0
0
0
0
0
80
139
64
0
0
0
0
0
140
166
64
0
0
0
0
0
0
110
192
0
0
0
0
0
6
164
64
0
0
0
0
0
84
148
192
0
0
0
0
0
68
157
64
0
0
0
0
0
222
160
192
0
0
0
0
0
176
140
64
0
0
0
0
0
16
165
192
0
0
0
0
0
192
100
192
0
0
0
0
0
46
166
192
0
0
0
0
0
32
147
192
0
0
0
0
0
16
164
192
0
0
0
0
0
114
160
192
0
0
0
0
0
0
158
192
0
0
0
0
0
240
164
192
0
0
0
0
0
216
142
192
0
0
0
0
0
90
166
192
0
0
0
0
0
0
88
64
0
0
0
0
0
116
164
192
0
0
0
0
0
68
146
64
0
0
0
0
0
4
159
192
0
0
0
0
0
44
160
64
0
0
0
0
0
128
144
192
0
0
0
0
0
206
164
64
0
0
0
0
0
0
58
64
0
0
0
0
0
82
166
64
0
0
0
0
0
36
145
64
0
0
0
0
0
132
164
64
0
0
0
0
0
48
159
64
0
0
0
0
0
100
159
64
0
0
0
0
0
66
164
64
0
0
0
0
0
56
145
64
0
0
0
0
0
232
165
64
0
0
0
0
0
0
69
64
0
0
0
0
0
84
164
64
0
0
0
0
0
176
143
192
0
0
0
0
0
156
159
64
0
0
0
0
0
240
157
192
0
0
0
0
0
248
145
64
0
0
0
0
0
208
163
192
0
0
0
0
0
128
91
64
0
0
0
0
0
192
165
192
0
0
0
0
0
176
141
192
0
0
0
0
0
132
164
192
0
0
0
0
0
76
157
192
0
0
0
0
0
64
160
192
0
0
0
0
0
194
163
192
0
0
0
0
0
32
147
192
0
0
0
0
0
244
165
192
0
0
0
0
0
160
102
192
0
0
0
0
0
228
164
192
0
0
0
0
0
224
139
64
0
0
0
0
0
180
160
192
0
0
0
0
0
164
156
64
0
0
0
0
0
24
148
192
0
0
0
0
0
128
163
64
0
0
0
0
0
0
111
192
0
0
0
0
0
190
165
64
0
0
0
0
0
112
137
64
0
0
0
0
0
186
164
64
0
0
0
0
0
48
155
64
0
0
0
0
0
170
160
64
0
0
0
0
0
184
162
64
0
0
0
0
0
112
148
64
0
0
0
0
0
4
165
64
0
0
0
0
0
16
115
64
0
0
0
0
0
58
164
64
0
0
0
0
0
184
134
192
0
0
0
0
0
132
160
64
0
0
0
0
0
168
153
192
0
0
0
0
0
224
148
64
0
0
0
0
0
18
162
192
0
0
0
0
0
224
118
64
0
0
0
0
0
174
164
192
0
0
0
0
0
168
132
192
0
0
0
0
0
76
164
192
0
0
0
0
0
0
153
192
0
0
0
0
0
242
160
192
0
0
0
0
0
22
162
192
0
0
0
0
0
28
150
192
0
0
0
0
0
16
165
192
0
0
0
0
0
144
123
192
0
0
0
0
0
242
164
192
0
0
0
0
0
32
131
64
0
0
0
0
0
180
161
192
0
0
0
0
0
200
152
64
0
0
0
0
0
136
151
192
0
0
0
0
0
58
162
64
0
0
0
0
0
40
128
192
0
0
0
0
0
92
165
64
0
0
0
0
0
72
129
64
0
0
0
0
0
80
165
64
0
0
0
0
0
12
152
64
0
0
0
0
0
22
162
64
0
0
0
0
0
234
161
64
0
0
0
0
0
96
152
64
0
0
0
0
0
30
165
64
0
0
0
0
0
16
130
64
0
0
0
0
0
50
165
64
0
0
0
0
0
32
126
192
0
0
0
0
0
40
162
64
0
0
0
0
0
232
150
192
0
0
0
0
0
240
152
64
0
0
0
0
0
106
161
192
0
0
0
0
0
232
131
64
0
0
0
0
0
204
164
192
0
0
0
0
0
208
121
192
0
0
0
0
0
30
165
192
0
0
0
0
0
224
149
192
0
0
0
0
0
86
162
192
0
0
0
0
0
6
161
192
0
0
0
0
0
176
153
192
0
0
0
0
0
146
164
192
0
0
0
0
0
232
133
192
0
0
0
0
0
14
165
192
0
0
0
0
0
96
117
64
0
0
0
0
0
104
162
192
0
0
0
0
0
188
148
64
0
0
0
0
0
28
154
192
0
0
0
0
0
110
160
64
0
0
0
0
0
104
135
192
0
0
0
0
0
252
163
64
0
0
0
0
0
208
112
64
0
0
0
0
0
136
164
64
0
0
0
0
0
52
147
64
0
0
0
0
0
14
162
64
0
0
0
0
0
32
159
64
0
0
0
0
0
248
153
64
0
0
0
0
0
42
163
64
0
0
0
0
0
112
136
64
0
0
0
0
0
242
163
64
0
0
0
0
0
0
105
192
0
0
0
0
0
212
161
64
0
0
0
0
0
228
145
192
0
0
0
0
0
68
154
64
0
0
0
0
0
0
158
192
0
0
0
0
0
24
138
64
0
0
0
0
0
228
162
192
0
0
0
0
0
64
97
192
0
0
0
0
0
8
164
192
0
0
0
0
0
44
145
192
0
0
0
0
0
58
162
192
0
0
0
0
0
200
157
192
0
0
0
0
0
108
155
192
0
0
0
0
0
4
163
192
0
0
0
0
0
112
140
192
0
0
0
0
0
78
164
192
0
0
0
0
0
192
82
64
0
0
0
0
0
140
162
192
0
0
0
0
0
88
144
64
0
0
0
0
0
8
156
192
0
0
0
0
0
248
156
64
0
0
0
0
0
216
141
192
0
0
0
0
0
138
162
64
0
0
0
0
0
0
36
64
0
0
0
0
0
192
163
64
0
0
0
0
0
184
141
64
0
0
0
0
0
6
162
64
0
0
0
0
0
252
154
64
0
0
0
0
0
104
155
64
0
0
0
0
0
112
161
64
0
0
0
0
0
8
142
64
0
0
0
0
0
200
162
64
0
0
0
0
0
128
71
64
0
0
0
0
0
104
161
64
0
0
0
0
0
200
138
192
0
0
0
0
0
28
155
64
0
0
0
0
0
116
153
192
0
0
0
0
0
16
143
64
0
0
0
0
0
234
160
192
0
0
0
0
0
64
90
64
0
0
0
0
0
176
162
192
0
0
0
0
0
80
137
192
0
0
0
0
0
194
161
192
0
0
0
0
0
92
153
192
0
0
0
0
0
100
156
192
0
0
0
0
0
66
161
192
0
0
0
0
0
232
144
192
0
0
0
0
0
84
163
192
0
0
0
0
0
96
101
192
0
0
0
0
0
130
162
192
0
0
0
0
0
88
136
64
0
0
0
0
0
200
157
192
0
0
0
0
0
72
153
64
0
0
0
0
0
4
146
192
0
0
0
0
0
76
161
64
0
0
0
0
0
0
109
192
0
0
0
0
0
82
163
64
0
0
0
0
0
64
134
64
0
0
0
0
0
110
162
64
0
0
0
0
0
244
151
64
0
0
0
0
0
160
157
64
0
0
0
0
0
126
160
64
0
0
0
0
0
48
146
64
0
0
0
0
0
126
162
64
0
0
0
0
0
112
113
64
0
0
0
0
0
200
161
64
0
0
0
0
0
160
131
192
0
0
0
0
0
8
157
64
0
0
0
0
0
84
150
192
0
0
0
0
0
100
146
64
0
0
0
0
0
128
159
192
0
0
0
0
0
160
116
64
0
0
0
0
0
10
162
192
0
0
0
0
0
176
129
192
0
0
0
0
0
184
161
192
0
0
0
0
0
164
149
192
0
0
0
0
0
164
157
192
0
0
0
0
0
100
159
192
0
0
0
0
0
104
147
192
0
0
0
0
0
76
162
192
0
0
0
0
0
176
120
192
0
0
0
0
0
52
162
192
0
0
0
0
0
56
128
64
0
0
0
0
0
196
158
192
0
0
0
0
0
80
149
64
0
0
0
0
0
124
148
192
0
0
0
0
0
96
159
64
0
0
0
0
0
128
124
192
0
0
0
0
0
96
162
64
0
0
0
0
0
240
124
64
0
0
0
0
0
82
162
64
0
0
0
0
0
116
148
64
0
0
0
0
0
20
159
64
0
0
0
0
0
140
158
64
0
0
0
0
0
252
148
64
0
0
0
0
0
10
162
64
0
0
0
0
0
144
127
64
0
0
0
0
0
38
162
64
0
0
0
0
0
48
121
192
0
0
0
0
0
60
159
64
0
0
0
0
0
128
147
192
0
0
0
0
0
152
149
64
0
0
0
0
0
224
157
192
0
0
0
0
0
136
129
64
0
0
0
0
0
244
161
192
0
0
0
0
0
176
117
192
0
0
0
0
0
88
162
192
0
0
0
0
0
236
146
192
0
0
0
0
0
6
160
192
0
0
0
0
0
172
157
192
0
0
0
0
0
156
150
192
0
0
0
0
0
4
162
192
0
0
0
0
0
136
131
192
0
0
0
0
0
126
162
192
0
0
0
0
0
16
114
64
0
0
0
0
0
52
160
192
0
0
0
0
0
8
146
64
0
0
0
0
0
8
151
192
0
0
0
0
0
180
156
64
0
0
0
0
0
208
132
192
0
0
0
0
0
118
161
64
0
0
0
0
0
224
107
64
0
0
0
0
0
236
161
64
0
0
0
0
0
140
144
64
0
0
0
0
0
132
159
64
0
0
0
0
0
236
154
64
0
0
0
0
0
176
150
64
0
0
0
0
0
154
160
64
0
0
0
0
0
136
133
64
0
0
0
0
0
80
161
64
0
0
0
0
0
96
100
192
0
0
0
0
0
20
159
64
0
0
0
0
0
200
142
192
0
0
0
0
0
8
151
64
0
0
0
0
0
8
154
192
0
0
0
0
0
40
135
64
0
0
0
0
0
126
160
192
0
0
0
0
0
128
91
192
0
0
0
0
0
150
161
192
0
0
0
0
0
240
141
192
0
0
0
0
0
24
160
192
0
0
0
0
0
44
154
192
0
0
0
0
0
88
152
192
0
0
0
0
0
200
160
192
0
0
0
0
0
120
137
192
0
0
0
0
0
244
161
192
0
0
0
0
0
128
75
64
0
0
0
0
0
102
160
192
0
0
0
0
0
136
140
64
0
0
0
0
0
196
152
192
0
0
0
0
0
88
153
64
0
0
0
0
0
104
138
192
0
0
0
0
0
46
160
64
0
0
0
0
0
0
240
191
0
0
0
0
0
46
161
64
0
0
0
0
0
96
137
64
0
0
0
0
0
52
159
64
0
0
0
0
0
16
151
64
0
0
0
0
0
164
151
64
0
0
0
0
0
184
157
64
0
0
0
0
0
232
137
64
0
0
0
0
0
240
159
64
0
0
0
0
0
0
73
64
0
0
0
0
0
148
157
64
0
0
0
0
0
112
134
192
0
0
0
0
0
16
151
64
0
0
0
0
0
112
149
192
0
0
0
0
0
152
138
64
0
0
0
0
0
148
156
192
0
0
0
0
0
0
89
64
0
0
0
0
0
172
159
192
0
0
0
0
0
40
133
192
0
0
0
0
0
48
158
192
0
0
0
0
0
100
149
192
0
0
0
0
0
56
152
192
0
0
0
0
0
52
157
192
0
0
0
0
0
0
141
192
0
0
0
0
0
92
160
192
0
0
0
0
0
128
99
192
0
0
0
0
0
80
159
192
0
0
0
0
0
48
132
64
0
0
0
0
0
36
153
192
0
0
0
0
0
28
149
64
0
0
0
0
0
112
142
192
0
0
0
0
0
216
156
64
0
0
0
0
0
96
105
192
0
0
0
0
0
12
160
64
0
0
0
0
0
16
130
64
0
0
0
0
0
124
158
64
0
0
0
0
0
144
147
64
0
0
0
0
0
112
152
64
0
0
0
0
0
236
154
64
0
0
0
0
0
8
142
64
0
0
0
0
0
48
158
64
0
0
0
0
0
160
109
64
0
0
0
0
0
20
157
64
0
0
0
0
0
144
127
192
0
0
0
0
0
216
151
64
0
0
0
0
0
44
146
192
0
0
0
0
0
112
142
64
0
0
0
0
0
208
153
192
0
0
0
0
0
144
113
64
0
0
0
0
0
200
157
192
0
0
0
0
0
208
124
192
0
0
0
0
0
112
157
192
0
0
0
0
0
236
145
192
0
0
0
0
0
196
152
192
0
0
0
0
0
36
154
192
0
0
0
0
0
84
144
192
0
0
0
0
0
140
158
192
0
0
0
0
0
48
117
192
0
0
0
0
0
96
158
192
0
0
0
0
0
128
122
64
0
0
0
0
0
156
153
192
0
0
0
0
0
144
145
64
0
0
0
0
0
0
145
192
0
0
0
0
0
200
153
64
0
0
0
0
0
224
119
192
0
0
0
0
0
8
158
64
0
0
0
0
0
240
118
64
0
0
0
0
0
188
157
64
0
0
0
0
0
88
144
64
0
0
0
0
0
20
153
64
0
0
0
0
0
84
152
64
0
0
0
0
0
228
144
64
0
0
0
0
0
176
156
64
0
0
0
0
0
160
121
64
0
0
0
0
0
232
156
64
0
0
0
0
0
128
115
192
0
0
0
0
0
252
152
64
0
0
0
0
0
224
142
192
0
0
0
0
0
116
145
64
0
0
0
0
0
228
151
192
0
0
0
0
0
0
125
64
0
0
0
0
0
12
157
192
0
0
0
0
0
48
113
192
0
0
0
0
0
20
158
192
0
0
0
0
0
24
143
192
0
0
0
0
0
168
154
192
0
0
0
0
0
208
152
192
0
0
0
0
0
28
147
192
0
0
0
0
0
140
158
192
0
0
0
0
0
232
128
192
0
0
0
0
0
188
159
192
0
0
0
0
0
192
109
64
0
0
0
0
0
20
156
192
0
0
0
0
0
232
142
64
0
0
0
0
0
40
148
192
0
0
0
0
0
224
152
64
0
0
0
0
0
120
130
192
0
0
0
0
0
124
158
64
0
0
0
0
0
96
103
64
0
0
0
0
0
124
159
64
0
0
0
0
0
232
140
64
0
0
0
0
0
204
155
64
0
0
0
0
0
176
151
64
0
0
0
0
0
32
148
64
0
0
0
0
0
92
157
64
0
0
0
0
0
80
131
64
0
0
0
0
0
204
158
64
0
0
0
0
0
0
97
192
0
0
0
0
0
212
155
64
0
0
0
0
0
72
139
192
0
0
0
0
0
208
148
64
0
0
0
0
0
84
151
192
0
0
0
0
0
64
133
64
0
0
0
0
0
212
157
192
0
0
0
0
0
192
86
192
0
0
0
0
0
18
160
192
0
0
0
0
0
80
139
192
0
0
0
0
0
188
157
192
0
0
0
0
0
56
152
192
0
0
0
0
0
192
150
192
0
0
0
0
0
108
159
192
0
0
0
0
0
56
136
192
0
0
0
0
0
252
160
192
0
0
0
0
0
0
68
64
0
0
0
0
0
92
159
192
0
0
0
0
0
224
138
64
0
0
0
0
0
248
151
192
0
0
0
0
0
68
152
64
0
0
0
0
0
0
138
192
0
0
0
0
0
96
159
64
0
0
0
0
0
0
42
192
0
0
0
0
0
220
160
64
0
0
0
0
0
224
136
64
0
0
0
0
0
12
159
64
0
0
0
0
0
16
151
64
0
0
0
0
0
228
151
64
0
0
0
0
0
68
158
64
0
0
0
0
0
192
138
64
0
0
0
0
0
140
160
64
0
0
0
0
0
0
79
64
0
0
0
0
0
60
159
64
0
0
0
0
0
80
135
192
0
0
0
0
0
212
152
64
0
0
0
0
0
220
150
192
0
0
0
0
0
72
141
64
0
0
0
0
0
16
159
192
0
0
0
0
0
64
94
64
0
0
0
0
0
126
161
192
0
0
0
0
0
96
135
192
0
0
0
0
0
234
160
192
0
0
0
0
0
8
152
192
0
0
0
0
0
116
155
192
0
0
0
0
0
142
160
192
0
0
0
0
0
160
144
192
0
0
0
0
0
166
162
192
0
0
0
0
0
160
103
192
0
0
0
0
0
222
161
192
0
0
0
0
0
176
134
64
0
0
0
0
0
172
156
192
0
0
0
0
0
220
151
64
0
0
0
0
0
80
145
192
0
0
0
0
0
58
160
64
0
0
0
0
0
192
109
192
0
0
0
0
0
236
161
64
0
0
0
0
0
160
131
64
0
0
0
0
0
216
160
64
0
0
0
0
0
36
149
64
0
0
0
0
0
172
154
64
0
0
0
0
0
184
156
64
0
0
0
0
0
52
144
64
0
0
0
0
0
188
159
64
0
0
0
0
0
48
112
64
0
0
0
0
0
36
158
64
0
0
0
0
0
8
128
192
0
0
0
0
0
112
152
64
0
0
0
0
0
112
146
192
0
0
0
0
0
16
143
64
0
0
0
0
0
4
154
192
0
0
0
0
0
80
114
64
0
0
0
0
0
228
157
192
0
0
0
0
0
64
124
192
0
0
0
0
0
152
157
192
0
0
0
0
0
228
145
192
0
0
0
0
0
8
153
192
0
0
0
0
0
100
154
192
0
0
0
0
0
176
144
192
0
0
0
0
0
52
159
192
0
0
0
0
0
96
118
192
0
0
0
0
0
108
159
192
0
0
0
0
0
160
122
64
0
0
0
0
0
208
154
192
0
0
0
0
0
44
146
64
0
0
0
0
0
12
146
192
0
0
0
0
0
8
155
64
0
0
0
0
0
240
121
192
0
0
0
0
0
192
159
64
0
0
0
0
0
176
119
64
0
0
0
0
0
148
159
64
0
0
0
0
0
40
145
64
0
0
0
0
0
160
154
64
0
0
0
0
0
120
153
64
0
0
0
0
0
216
145
64
0
0
0
0
0
184
157
64
0
0
0
0
0
32
123
64
0
0
0
0
0
124
157
64
0
0
0
0
0
80
115
192
0
0
0
0
0
12
153
64
0
0
0
0
0
168
142
192
0
0
0
0
0
48
145
64
0
0
0
0
0
84
151
192
0
0
0
0
0
80
124
64
0
0
0
0
0
228
155
192
0
0
0
0
0
128
111
192
0
0
0
0
0
120
156
192
0
0
0
0
0
232
140
192
0
0
0
0
0
4
153
192
0
0
0
0
0
12
151
192
0
0
0
0
0
236
145
192
0
0
0
0
0
116
156
192
0
0
0
0
0
8
128
192
0
0
0
0
0
196
157
192
0
0
0
0
0
160
106
64
0
0
0
0
0
152
154
192
0
0
0
0
0
240
140
64
0
0
0
0
0
72
147
192
0
0
0
0
0
140
151
64
0
0
0
0
0
232
129
192
0
0
0
0
0
0
157
64
0
0
0
0
0
224
100
64
0
0
0
0
0
208
157
64
0
0
0
0
0
152
138
64
0
0
0
0
0
232
153
64
0
0
0
0
0
32
149
64
0
0
0
0
0
36
146
64
0
0
0
0
0
192
152
64
0
0
0
0
0
144
128
64
0
0
0
0
0
212
151
64
0
0
0
0
0
128
88
192
0
0
0
0
0
24
147
64
0
0
0
0
0
128
130
192
0
0
0
0
0
72
136
64
0
0
0
0
0
248
138
192
0
0
0
0
0
16
116
64
0
0
0
0
0
208
139
192
0
0
0
0
0
0
61
192
0
0
0
0
0
120
134
192
0
0
0
0
0
64
105
192
0
0
0
0
0
208
123
192
0
0
0
0
0
0
104
192
0
0
0
0
0
224
102
192
0
0
0
0
0
128
74
192
0
0
0
0
0
0
58
192
0
0
0
0
0
128
94
64
0
0
0
0
0
0
0
192
0
0
0
0
0
192
110
64
0
0
0
0
0
192
90
192
0
0
0
0
0
80
112
64
0
0
0
0
0
144
112
192
0
0
0
0
0
128
100
64
0
0
0
0
0
208
120
192
0
0
0
0
0
0
8
64
0
0
0
0
0
144
123
192
0
0
0
0
0
192
98
192
0
0
0
0
0
176
119
192
0
0
0
0
0
0
109
192
0
0
0
0
0
96
110
192
0
0
0
0
0
160
106
192
0
0
0
0
0
64
88
192
0
0
0
0
0
192
92
192
0
0
0
0
0
0
24
192
0
0
0
0
0
0
0
0
0
0
0
0
0
0
36
192
0
0
0
0
0
0
87
64
0
0
0
0
0
192
85
192
0
0
0
0
0
192
87
64
0
0
0
0
0
96
105
192
0
0
0
0
0
0
48
64
0
0
0
0
0
48
114
192
0
0
0
0
0
0
90
192
0
0
0
0
0
32
115
192
0
0
0
0
0
224
105
192
0
0
0
0
0
0
110
192
0
0
0
0
0
96
110
192
0
0
0
0
0
64
95
192
0
0
0
0
0
192
104
192
0
0
0
0
0
0
50
192
0
0
0
0
0
192
88
192
0
0
0
0
0
0
61
64
0
0
0
0
0
0
16
192
0
0
0
0
0
0
24
192
0
0
0
0
0
128
72
64
0
0
0
0
0
128
87
192
0
0
0
0
0
0
52
64
0
0
0
0
0
0
104
192
0
0
0
0
0
128
81
192
0
0
0
0
0
160
110
192
0
0
0
0
0
224
101
192
0
0
0
0
0
224
107
192
0
0
0
0
0
224
109
192
0
0
0
0
0
64
97
192
0
0
0
0
0
0
109
192
0
0
0
0
0
128
64
192
0
0
0
0
0
224
99
192
0
0
0
0
0
128
67
64
0
0
0
0
0
0
78
192
0
0
0
0
0
128
68
64
0
0
0
0
0
0
49
64
0
0
0
0
0
0
52
192
0
0
0
0
0
0
49
64
0
0
0
0
0
192
93
192
0
0
0
0
0
0
71
192
0
0
0
0
0
0
104
192
0
0
0
0
0
224
97
192
0
0
0
0
0
96
105
192
0
0
0
0
0
224
107
192
0
0
0
0
0
0
98
192
0
0
0
0
0
128
110
192
0
0
0
0
0
128
71
192
0
0
0
0
0
96
104
192
0
0
0
0
0
0
67
64
0
0
0
0
0
0
90
192
0
0
0
0
0
192
80
64
0
0
0
0
0
0
53
192
0
0
0
0
0
0
57
64
0
0
0
0
0
0
40
64
0
0
0
0
0
128
78
192
0
0
0
0
0
0
59
192
0
0
0
0
0
32
98
192
0
0
0
0
0
192
92
192
0
0
0
0
0
128
102
192
0
0
0
0
0
96
105
192
0
0
0
0
0
32
98
192
0
0
0
0
0
160
110
192
0
0
0
0
0
128
77
192
0
0
0
0
0
96
107
192
0
0
0
0
0
0
64
64
0
0
0
0
0
64
97
192
0
0
0
0
0
0
84
64
0
0
0
0
0
128
72
192
0
0
0
0
0
128
78
64
0
0
0
0
0
0
16
64
0
0
0
0
0
0
40
192
0
0
0
0
0
0
46
192
0
0
0
0
0
192
89
192
0
0
0
0
0
64
86
192
0
0
0
0
0
128
99
192
0
0
0
0
0
128
102
192
0
0
0
0
0
224
97
192
0
0
0
0
0
224
109
192
0
0
0
0
0
128
81
192
0
0
0
0
0
32
109
192
0
0
0
0
0
0
55
64
0
0
0
0
0
192
100
192
0
0
0
0
0
192
85
64
0
0
0
0
0
0
83
192
0
0
0
0
0
192
85
64
0
0
0
0
0
0
32
192
0
0
0
0
0
0
59
64
0
0
0
0
0
0
24
192
0
0
0
0
0
128
79
192
0
0
0
0
0
128
80
192
0
0
0
0
0
64
96
192
0
0
0
0
0
128
99
192
0
0
0
0
0
32
97
192
0
0
0
0
0
128
108
192
0
0
0
0
0
192
83
192
0
0
0
0
0
32
110
192
0
0
0
0
0
0
40
64
0
0
0
0
0
192
103
192
0
0
0
0
0
192
85
64
0
0
0
0
0
64
89
192
0
0
0
0
0
192
90
64
0
0
0
0
0
0
57
192
0
0
0
0
0
128
78
64
0
0
0
0
0
0
8
64
0
0
0
0
0
0
57
192
0
0
0
0
0
0
71
192
0
0
0
0
0
64
89
192
0
0
0
0
0
128
96
192
0
0
0
0
0
192
95
192
0
0
0
0
0
160
106
192
0
0
0
0
0
128
85
192
0
0
0
0
0
128
110
192
0
0
0
0
0
0
0
0
0
0
0
0
0
32
106
192
0
0
0
0
0
0
85
64
0
0
0
0
0
128
95
192
0
0
0
0
0
64
94
64
0
0
0
0
0
0
69
192
0
0
0
0
0
0
87
64
0
0
0
0
0
0
0
128
0
0
0
0
0
0
40
64
0
0
0
0
0
0
61
192
0
0
0
0
0
192
81
192
0
0
0
0
0
192
90
192
0
0
0
0
0
64
92
192
0
0
0
0
0
64
104
192
0
0
0
0
0
64
86
192
0
0
0
0
0
64
110
192
0
0
0
0
0
0
40
192
0
0
0
0
0
0
108
192
0
0
0
0
0
128
83
64
0
0
0
0
0
224
98
192
0
0
0
0
0
128
96
64
0
0
0
0
0
0
79
192
0
0
0
0
0
64
94
64
0
0
0
0
0
0
20
192
0
0
0
0
0
0
74
64
0
0
0
0
0
0
48
192
0
0
0
0
0
128
65
192
0
0
0
0
0
64
84
192
0
0
0
0
0
128
87
192
0
0
0
0
0
96
101
192
0
0
0
0
0
64
86
192
0
0
0
0
0
64
109
192
0
0
0
0
0
0
55
192
0
0
0
0
0
128
109
192
0
0
0
0
0
64
81
64
0
0
0
0
0
224
101
192
0
0
0
0
0
64
97
64
0
0
0
0
0
0
85
192
0
0
0
0
0
96
98
64
0
0
0
0
0
0
42
192
0
0
0
0
0
192
86
64
0
0
0
0
0
0
24
192
0
0
0
0
0
0
0
64
0
0
0
0
0
0
75
192
0
0
0
0
0
64
81
192
0
0
0
0
0
0
98
192
0
0
0
0
0
0
85
192
0
0
0
0
0
160
107
192
0
0
0
0
0
0
64
192
0
0
0
0
0
64
110
192
0
0
0
0
0
128
77
64
0
0
0
0
0
160
104
192
0
0
0
0
0
160
97
64
0
0
0
0
0
64
91
192
0
0
0
0
0
96
101
64
0
0
0
0
0
0
57
192
0
0
0
0
0
160
96
64
0
0
0
0
0
0
34
64
0
0
0
0
0
128
72
64
0
0
0
0
0
0
60
192
0
0
0
0
0
128
64
192
0
0
0
0
0
128
91
192
0
0
0
0
0
192
81
192
0
0
0
0
0
192
104
192
0
0
0
0
0
128
67
192
0
0
0
0
0
64
110
192
0
0
0
0
0
0
71
64
0
0
0
0
0
64
107
192
0
0
0
0
0
128
97
64
0
0
0
0
0
32
97
192
0
0
0
0
0
64
104
64
0
0
0
0
0
128
69
192
0
0
0
0
0
96
102
64
0
0
0
0
0
0
46
64
0
0
0
0
0
64
90
64
0
0
0
0
0
0
24
64
0
0
0
0
0
0
36
64
0
0
0
0
0
192
80
192
0
0
0
0
0
128
71
192
0
0
0
0
0
96
100
192
0
0
0
0
0
0
68
192
0
0
0
0
0
224
108
192
0
0
0
0
0
128
64
64
0
0
0
0
0
32
109
192
0
0
0
0
0
224
96
64
0
0
0
0
0
0
101
192
0
0
0
0
0
192
106
64
0
0
0
0
0
128
80
192
0
0
0
0
0
192
108
64
0
0
0
0
0
0
50
64
0
0
0
0
0
0
102
64
0
0
0
0
0
128
68
64
0
0
0
0
0
0
84
64
0
0
0
0
0
0
32
192
0
0
0
0
0
0
0
64
0
0
0
0
0
128
90
192
0
0
0
0
0
0
63
192
0
0
0
0
0
224
104
192
0
0
0
0
0
0
51
64
0
0
0
0
0
192
109
192
0
0
0
0
0
128
94
64
0
0
0
0
0
224
104
192
0
0
0
0
0
224
108
64
0
0
0
0
0
128
88
192
0
0
0
0
0
48
114
64
0
0
0
0
0
0
50
64
0
0
0
0
0
16
113
64
0
0
0
0
0
192
86
64
0
0
0
0
0
32
103
64
0
0
0
0
0
64
85
64
0
0
0
0
0
0
82
64
0
0
0
0
0
0
16
64
0
0
0
0
0
0
32
192
0
0
0
0
0
0
94
192
0
0
0
0
0
0
8
64
0
0
0
0
0
64
106
192
0
0
0
0
0
64
88
64
0
0
0
0
0
32
107
192
0
0
0
0
0
224
109
64
0
0
0
0
0
32
96
192
0
0
0
0
0
176
118
64
0
0
0
0
0
0
53
64
0
0
0
0
0
144
121
64
0
0
0
0
0
0
101
64
0
0
0
0
0
48
118
64
0
0
0
0
0
192
110
64
0
0
0
0
0
0
108
64
0
0
0
0
0
96
107
64
0
0
0
0
0
0
84
64
0
0
0
0
0
128
88
64
0
0
0
0
0
0
16
192
0
0
0
0
0
128
79
192
0
0
0
0
0
0
51
64
0
0
0
0
0
160
102
192
0
0
0
0
0
0
102
64
0
0
0
0
0
192
102
192
0
0
0
0
0
0
122
64
0
0
0
0
0
0
51
192
0
0
0
0
0
184
132
64
0
0
0
0
0
240
114
64
0
0
0
0
0
152
137
64
0
0
0
0
0
168
134
64
0
0
0
0
0
216
136
64
0
0
0
0
0
212
145
64
0
0
0
0
0
8
129
64
0
0
0
0
0
96
150
64
0
0
0
0
0
192
84
64
0
0
0
0
0
84
151
64
0
0
0
0
0
8
128
192
0
0
0
0
0
236
147
64
0
0
0
0
0
120
145
192
0
0
0
0
0
0
0
0
0
0
0
0
0
0
0
0
0
0
0
0
0
0
0
0
0
0
0
0
0
0
0
0
0
0
0
0
0
0
0
0
0
0
0
0
0
0
0
0
0
0
0
0
0
0
0
0
0
0
0
0
0
0
0
0
0
0
0
0
0
0
0
0
0
0
0
0
0
0
0
0
0
0
0
0
0
0
0
0
0
0
0
0
0
0
0
0
0
0
0
0
0
0
0
0
0
0
0
0
0
0
0
0
0
0
0
0
0
0
0
0
0
0
0
0
0
0
0
0
0
0
0
0
0
0
0
0
0
0
0
0
0
0
0
0
0
0
0
0
0
0
0
0
0
0
0
0
0
0
0
0
0
0
0
0
0
0
0
0
0
0
0
0
0
0
0
0
0
0
0
0
0
0
0
0
0
0
0
0
0
0
0
0
0
0
0
0
0
0
0
0
0
0
0
0
0
0
0
0
0
0
0
0
0
0
0
0
0
0
0
0
0
0
0
0
0
0
0
0
0
0
0
0
0
0
0
0
0
0
0
0
0
0
0
0
0
0
0
0
0
0
0
0
0
0
0
0
0
0
0
0
0
0
0
0
0
0
0
0
0
0
0
0
0
0
0
0
0
0
0
0
0
0
0
0
0
0
0
0
0
0
0
0
0
0
0
0
0
0
0
0
0
0
0
0
0
0
0
0
0
0
0
0
0
0
0
0
0
0
0
0
0
0
0
0
0
0
0
0
0
0
0
0
0
0
0
0
0
0
0
0
0
0
0
0
0
0
0
0
0
0
0
0
0
0
0
0
0
0
0
0
0
0
0
0
0
0
0
0
0
0
0
0
0
0
0
0
0
0
0
0
0
0
0
0
0
0
0
0
0
0
0
0
0
0
0
0
0
0
0
0
0
0
0
0
0
0
0
0
0
0
0
0
0
0
0
0
0
0
0
0
0
0
0
0
0
0
0
0
0
0
0
0
0
0
0
0
0
0
0
0
0
0
0
0
0
0
0
0
0
0
0
0
0
0
0
0
0
0
0
0
0
0
0
0
0
0
0
0
0
0
0
0
0
0
0
0
0
0
0
0
0
0
0
0
0
0
0
0
0
0
0
0
0
0
0
0
0
0
0
0
0
0
0
0
0
0
0
0
0
0
0
0
0
0
0
0
0
0
0
0
0
0
0
0
0
0
0
0
0
0
0
0
0
0
0
0
0
0
0
0
0
0
0
0
0
0
0
0
0
0
0
0
0
0
0
0
0
0
0
0
0
0
0
0
0
0
0
0
0
0
0
0
0
0
0
0
0
0
0
0
0
0
0
0
0
0
0
0
0
0
0
0
0
0
0
0
0
0
0
0
0
0
0
0
0
0
0
0
0
0
0
0
0
0
0
0
0
0
0
0
0
0
0
0
0
0
0
0
0
0
0
0
0
0
0
0
0
0
0
0
0
0
0
0
0
0
0
0
0
0
0
0
0
0
0
0
0
0
0
0
0
0
0
0
0
0
0
0
0
0
0
0
0
0
0
0
0
0
0
0
0
0
0
0
0
0
0
0
0
0
0
0
0
0
0
0
0
0
0
0
0
0
0
0
0
0
0
0
0
0
0
0
0
0
0
0
0
0
0
0
0
0
0
0
0
0
0
0
0
0
0
0
0
0
0
0
0
0
0
0
0
0
0
0
0
0
0
0
0
0
0
0
0
0
0
0
0
0
0
0
0
0
0
0
0
0
0
0
0
0
0
0
0
0
0
0
0
0
0
0
0
0
0
0
0
0
0
0
0
0
0
0
0
0
0
0
0
0
0
0
0
0
0
0
0
0
0
0
0
0
0
0
0
0
0
0
0
0
0
0
0
0
0
0
0
0
0
0
0
0
0
0
0
0
0
0
0
0
0
0
0
0
0
0
0
0
0
0
0
0
0
0
0
0
0
0
0
0
0
0
0
0
0
0
0
0
0
0
0
0
0
0
0
0
0
0
0
0
0
0
0
0
0
0
0
0
0
0
0
0
0
0
0
0
0
0
0
0
0
0
0
0
0
0
0
0
0
0
0
0
0
0
0
0
0
0
0
0
0
0
0
0
0
0
0
0
0
0
0
0
0
0
0
0
0
0
0
0
0
0
0
0
0
0
0
0
0
0
0
0
0
0
0
0
0
0
0
0
0
0
0
0
0
0
0
0
0
0
0
0
0
0
0
0
0
0
0
0
0
0
0
0
0
0
0
0
0
0
0
0
0
0
0
0
0
0
0
0
0
0
0
0
0
0
0
0
0
0
0
0
0
0
0
0
0
0
0
0
0
0
0
0
0
0
0
0
0
0
0
0
0
0
0
0
0
0
0
0
0
0
0
0
0
0
0
0
0
0
0
0
0
0
0
0
0
0
0
0
0
0
0
0
0
0
0
0
0
0
0
0
0
0
0
0
0
0
0
0
0
0
0
0
0
0
0
0
0
0
0
0
0
0
0
0
0
0
0
0
0
0
0
0
0
0
0
0
0
0
0
0
0
0
0
0
0
0
0
0
0
0
0
0
0
0
0
0
0
0
0
0
0
0
0
0
0
0
0
0
0
0
0
0
0
0
0
0
0
0
0
0
0
0
0
0
0
0
0
0
0
0
0
0
0
0
0
0
0
0
0
0
0
0
0
0
0
0
0
0
0
0
0
0
0
0
0
0
0
0
0
0
0
0
0
0
0
0
0
0
0
0
0
0
0
0
0
0
0
0
0
0
0
0
0
0
0
0
0
0
0
0
0
0
0
0
0
0
0
0
0
0
0