58
70
65
67
84
58
67
68
65
84
49
56
58
68
65
84
65
32
35
57
48
48
48
48
48
54
57
51
54
0
208
136
64
0
0
0
0
0
240
152
192
0
0
0
0
0
128
96
64
0
0
0
0
0
176
156
192
0
0
0
0
0
64
130
192
0
0
0
0
0
200
155
192
0
0
0
0
0
16
147
192
0
0
0
0
0
88
150
192
0
0
0
0
0
244
153
192
0
0
0
0
0
192
138
192
0
0
0
0
0
184
156
192
0
0
0
0
0
0
100
192
0
0
0
0
0
20
155
192
0
0
0
0
0
224
128
64
0
0
0
0
0
120
149
192
0
0
0
0
0
192
145
64
0
0
0
0
0
216
137
192
0
0
0
0
0
40
152
64
0
0
0
0
0
96
102
192
0
0
0
0
0
236
154
64
0
0
0
0
0
32
126
64
0
0
0
0
0
212
153
64
0
0
0
0
0
184
144
64
0
0
0
0
0
36
149
64
0
0
0
0
0
168
151
64
0
0
0
0
0
232
138
64
0
0
0
0
0
104
155
64
0
0
0
0
0
160
109
64
0
0
0
0
0
96
155
64
0
0
0
0
0
192
123
192
0
0
0
0
0
84
151
64
0
0
0
0
0
12
145
192
0
0
0
0
0
64
143
64
0
0
0
0
0
20
153
192
0
0
0
0
0
224
116
64
0
0
0
0
0
168
157
192
0
0
0
0
0
112
121
192
0
0
0
0
0
216
157
192
0
0
0
0
0
52
145
192
0
0
0
0
0
120
153
192
0
0
0
0
0
132
153
192
0
0
0
0
0
36
145
192
0
0
0
0
0
232
157
192
0
0
0
0
0
240
120
192
0
0
0
0
0
184
157
192
0
0
0
0
0
192
117
64
0
0
0
0
0
32
153
192
0
0
0
0
0
8
144
64
0
0
0
0
0
248
144
192
0
0
0
0
0
0
152
64
0
0
0
0
0
48
122
192
0
0
0
0
0
84
156
64
0
0
0
0
0
160
114
64
0
0
0
0
0
140
156
64
0
0
0
0
0
88
142
64
0
0
0
0
0
176
152
64
0
0
0
0
0
168
151
64
0
0
0
0
0
64
145
64
0
0
0
0
0
248
156
64
0
0
0
0
0
112
124
64
0
0
0
0
0
68
158
64
0
0
0
0
0
16
114
192
0
0
0
0
0
32
155
64
0
0
0
0
0
28
144
192
0
0
0
0
0
164
147
64
0
0
0
0
0
248
153
192
0
0
0
0
0
88
129
64
0
0
0
0
0
56
160
192
0
0
0
0
0
48
113
192
0
0
0
0
0
26
161
192
0
0
0
0
0
52
145
192
0
0
0
0
0
180
158
192
0
0
0
0
0
212
155
192
0
0
0
0
0
68
150
192
0
0
0
0
0
40
161
192
0
0
0
0
0
104
132
192
0
0
0
0
0
190
161
192
0
0
0
0
0
128
107
64
0
0
0
0
0
60
159
192
0
0
0
0
0
88
144
64
0
0
0
0
0
104
150
192
0
0
0
0
0
108
154
64
0
0
0
0
0
56
133
192
0
0
0
0
0
28
160
64
0
0
0
0
0
224
97
64
0
0
0
0
0
140
160
64
0
0
0
0
0
112
140
64
0
0
0
0
0
56
157
64
0
0
0
0
0
196
151
64
0
0
0
0
0
96
149
64
0
0
0
0
0
192
157
64
0
0
0
0
0
120
133
64
0
0
0
0
0
124
159
64
0
0
0
0
0
0
84
192
0
0
0
0
0
196
156
64
0
0
0
0
0
32
138
192
0
0
0
0
0
224
149
64
0
0
0
0
0
36
151
192
0
0
0
0
0
72
135
64
0
0
0
0
0
0
158
192
0
0
0
0
0
0
66
192
0
0
0
0
0
70
160
192
0
0
0
0
0
224
137
192
0
0
0
0
0
56
158
192
0
0
0
0
0
140
151
192
0
0
0
0
0
56
151
192
0
0
0
0
0
152
158
192
0
0
0
0
0
56
137
192
0
0
0
0
0
120
160
192
0
0
0
0
0
0
24
192
0
0
0
0
0
48
158
192
0
0
0
0
0
128
136
64
0
0
0
0
0
244
150
192
0
0
0
0
0
108
150
64
0
0
0
0
0
8
137
192
0
0
0
0
0
236
156
64
0
0
0
0
0
0
68
192
0
0
0
0
0
232
158
64
0
0
0
0
0
216
133
64
0
0
0
0
0
84
156
64
0
0
0
0
0
132
148
64
0
0
0
0
0
200
149
64
0
0
0
0
0
244
154
64
0
0
0
0
0
160
136
64
0
0
0
0
0
128
157
64
0
0
0
0
0
192
83
64
0
0
0
0
0
216
155
64
0
0
0
0
0
240
131
192
0
0
0
0
0
48
150
64
0
0
0
0
0
216
147
192
0
0
0
0
0
112
138
64
0
0
0
0
0
248
154
192
0
0
0
0
0
32
97
64
0
0
0
0
0
68
158
192
0
0
0
0
0
248
130
192
0
0
0
0
0
28
157
192
0
0
0
0
0
216
147
192
0
0
0
0
0
140
151
192
0
0
0
0
0
72
155
192
0
0
0
0
0
184
140
192
0
0
0
0
0
144
158
192
0
0
0
0
0
32
104
192
0
0
0
0
0
48
157
192
0
0
0
0
0
72
129
64
0
0
0
0
0
116
151
192
0
0
0
0
0
192
146
64
0
0
0
0
0
208
140
192
0
0
0
0
0
204
153
64
0
0
0
0
0
96
108
192
0
0
0
0
0
212
156
64
0
0
0
0
0
224
125
64
0
0
0
0
0
152
155
64
0
0
0
0
0
32
145
64
0
0
0
0
0
116
150
64
0
0
0
0
0
40
152
64
0
0
0
0
0
112
140
64
0
0
0
0
0
176
155
64
0
0
0
0
0
48
112
64
0
0
0
0
0
76
155
64
0
0
0
0
0
224
122
192
0
0
0
0
0
248
150
64
0
0
0
0
0
172
144
192
0
0
0
0
0
88
142
64
0
0
0
0
0
104
152
192
0
0
0
0
0
176
115
64
0
0
0
0
0
180
156
192
0
0
0
0
0
80
121
192
0
0
0
0
0
204
156
192
0
0
0
0
0
224
144
192
0
0
0
0
0
136
152
192
0
0
0
0
0
0
153
192
0
0
0
0
0
112
144
192
0
0
0
0
0
92
157
192
0
0
0
0
0
48
119
192
0
0
0
0
0
60
157
192
0
0
0
0
0
192
118
64
0
0
0
0
0
184
152
192
0
0
0
0
0
40
144
64
0
0
0
0
0
156
144
192
0
0
0
0
0
4
152
64
0
0
0
0
0
0
121
192
0
0
0
0
0
44
156
64
0
0
0
0
0
32
115
64
0
0
0
0
0
40
156
64
0
0
0
0
0
224
141
64
0
0
0
0
0
36
152
64
0
0
0
0
0
228
150
64
0
0
0
0
0
188
144
64
0
0
0
0
0
164
155
64
0
0
0
0
0
208
123
64
0
0
0
0
0
136
156
64
0
0
0
0
0
224
111
192
0
0
0
0
0
88
153
64
0
0
0
0
0
64
141
192
0
0
0
0
0
88
146
64
0
0
0
0
0
128
151
192
0
0
0
0
0
168
128
64
0
0
0
0
0
56
157
192
0
0
0
0
0
160
106
192
0
0
0
0
0
188
158
192
0
0
0
0
0
176
141
192
0
0
0
0
0
152
155
192
0
0
0
0
0
88
152
192
0
0
0
0
0
36
148
192
0
0
0
0
0
60
158
192
0
0
0
0
0
16
131
192
0
0
0
0
0
132
159
192
0
0
0
0
0
128
100
64
0
0
0
0
0
8
156
192
0
0
0
0
0
88
140
64
0
0
0
0
0
104
148
192
0
0
0
0
0
124
151
64
0
0
0
0
0
208
131
192
0
0
0
0
0
36
157
64
0
0
0
0
0
64
93
64
0
0
0
0
0
112
158
64
0
0
0
0
0
64
138
64
0
0
0
0
0
80
155
64
0
0
0
0
0
116
150
64
0
0
0
0
0
76
148
64
0
0
0
0
0
148
156
64
0
0
0
0
0
176
132
64
0
0
0
0
0
176
158
64
0
0
0
0
0
192
83
192
0
0
0
0
0
100
156
64
0
0
0
0
0
216
137
192
0
0
0
0
0
216
149
64
0
0
0
0
0
32
151
192
0
0
0
0
0
136
135
64
0
0
0
0
0
72
158
192
0
0
0
0
0
128
64
192
0
0
0
0
0
148
160
192
0
0
0
0
0
96
138
192
0
0
0
0
0
20
159
192
0
0
0
0
0
64
152
192
0
0
0
0
0
40
152
192
0
0
0
0
0
216
159
192
0
0
0
0
0
184
138
192
0
0
0
0
0
82
161
192
0
0
0
0
0
0
58
192
0
0
0
0
0
24
160
192
0
0
0
0
0
72
137
64
0
0
0
0
0
232
152
192
0
0
0
0
0
172
151
64
0
0
0
0
0
24
140
192
0
0
0
0
0
12
159
64
0
0
0
0
0
64
85
192
0
0
0
0
0
222
160
64
0
0
0
0
0
184
134
64
0
0
0
0
0
128
159
64
0
0
0
0
0
68
150
64
0
0
0
0
0
200
152
64
0
0
0
0
0
240
157
64
0
0
0
0
0
32
141
64
0
0
0
0
0
170
160
64
0
0
0
0
0
192
97
64
0
0
0
0
0
248
159
64
0
0
0
0
0
56
133
192
0
0
0
0
0
228
153
64
0
0
0
0
0
36
150
192
0
0
0
0
0
168
143
64
0
0
0
0
0
176
158
192
0
0
0
0
0
224
104
64
0
0
0
0
0
112
161
192
0
0
0
0
0
224
132
192
0
0
0
0
0
244
160
192
0
0
0
0
0
184
150
192
0
0
0
0
0
192
155
192
0
0
0
0
0
196
159
192
0
0
0
0
0
60
145
192
0
0
0
0
0
8
162
192
0
0
0
0
0
192
111
192
0
0
0
0
0
116
161
192
0
0
0
0
0
240
131
64
0
0
0
0
0
120
156
192
0
0
0
0
0
92
150
64
0
0
0
0
0
212
145
192
0
0
0
0
0
80
159
64
0
0
0
0
0
160
114
192
0
0
0
0
0
194
161
64
0
0
0
0
0
16
130
64
0
0
0
0
0
58
161
64
0
0
0
0
0
68
149
64
0
0
0
0
0
100
156
64
0
0
0
0
0
84
158
64
0
0
0
0
0
64
146
64
0
0
0
0
0
126
161
64
0
0
0
0
0
16
118
64
0
0
0
0
0
76
161
64
0
0
0
0
0
32
128
192
0
0
0
0
0
44
157
64
0
0
0
0
0
144
148
192
0
0
0
0
0
108
147
64
0
0
0
0
0
48
158
192
0
0
0
0
0
192
122
64
0
0
0
0
0
188
161
192
0
0
0
0
0
192
124
192
0
0
0
0
0
196
161
192
0
0
0
0
0
20
148
192
0
0
0
0
0
72
158
192
0
0
0
0
0
0
158
192
0
0
0
0
0
124
148
192
0
0
0
0
0
182
161
192
0
0
0
0
0
160
126
192
0
0
0
0
0
194
161
192
0
0
0
0
0
240
120
64
0
0
0
0
0
92
158
192
0
0
0
0
0
20
147
64
0
0
0
0
0
200
148
192
0
0
0
0
0
244
156
64
0
0
0
0
0
136
128
192
0
0
0
0
0
62
161
64
0
0
0
0
0
128
117
64
0
0
0
0
0
122
161
64
0
0
0
0
0
52
146
64
0
0
0
0
0
88
158
64
0
0
0
0
0
108
156
64
0
0
0
0
0
76
149
64
0
0
0
0
0
78
161
64
0
0
0
0
0
16
130
64
0
0
0
0
0
232
161
64
0
0
0
0
0
240
114
192
0
0
0
0
0
192
159
64
0
0
0
0
0
28
146
192
0
0
0
0
0
220
150
64
0
0
0
0
0
20
157
192
0
0
0
0
0
168
132
64
0
0
0
0
0
246
161
192
0
0
0
0
0
224
111
192
0
0
0
0
0
190
162
192
0
0
0
0
0
232
145
192
0
0
0
0
0
178
160
192
0
0
0
0
0
48
157
192
0
0
0
0
0
56
152
192
0
0
0
0
0
6
162
192
0
0
0
0
0
216
134
192
0
0
0
0
0
184
162
192
0
0
0
0
0
192
103
64
0
0
0
0
0
158
160
192
0
0
0
0
0
176
144
64
0
0
0
0
0
64
152
192
0
0
0
0
0
172
155
64
0
0
0
0
0
216
135
192
0
0
0
0
0
50
161
64
0
0
0
0
0
0
94
64
0
0
0
0
0
6
162
64
0
0
0
0
0
120
142
64
0
0
0
0
0
66
160
64
0
0
0
0
0
88
154
64
0
0
0
0
0
100
152
64
0
0
0
0
0
222
160
64
0
0
0
0
0
112
137
64
0
0
0
0
0
46
162
64
0
0
0
0
0
0
78
192
0
0
0
0
0
224
160
64
0
0
0
0
0
136
141
192
0
0
0
0
0
20
154
64
0
0
0
0
0
204
154
192
0
0
0
0
0
136
140
64
0
0
0
0
0
154
161
192
0
0
0
0
0
0
20
192
0
0
0
0
0
70
163
192
0
0
0
0
0
152
141
192
0
0
0
0
0
14
162
192
0
0
0
0
0
148
155
192
0
0
0
0
0
28
156
192
0
0
0
0
0
44
162
192
0
0
0
0
0
104
143
192
0
0
0
0
0
208
163
192
0
0
0
0
0
128
74
192
0
0
0
0
0
120
162
192
0
0
0
0
0
80
140
64
0
0
0
0
0
188
156
192
0
0
0
0
0
236
154
64
0
0
0
0
0
92
144
192
0
0
0
0
0
200
161
64
0
0
0
0
0
192
91
192
0
0
0
0
0
110
163
64
0
0
0
0
0
240
137
64
0
0
0
0
0
60
162
64
0
0
0
0
0
176
153
64
0
0
0
0
0
212
156
64
0
0
0
0
0
86
161
64
0
0
0
0
0
12
145
64
0
0
0
0
0
88
163
64
0
0
0
0
0
0
102
64
0
0
0
0
0
144
162
64
0
0
0
0
0
56
136
192
0
0
0
0
0
28
158
64
0
0
0
0
0
108
153
192
0
0
0
0
0
132
146
64
0
0
0
0
0
162
161
192
0
0
0
0
0
96
111
64
0
0
0
0
0
8
164
192
0
0
0
0
0
40
135
192
0
0
0
0
0
126
163
192
0
0
0
0
0
164
153
192
0
0
0
0
0
2
160
192
0
0
0
0
0
8
162
192
0
0
0
0
0
32
148
192
0
0
0
0
0
150
164
192
0
0
0
0
0
80
116
192
0
0
0
0
0
18
164
192
0
0
0
0
0
176
133
64
0
0
0
0
0
144
160
192
0
0
0
0
0
56
153
64
0
0
0
0
0
44
149
192
0
0
0
0
0
238
161
64
0
0
0
0
0
80
120
192
0
0
0
0
0
152
164
64
0
0
0
0
0
216
131
64
0
0
0
0
0
58
164
64
0
0
0
0
0
120
152
64
0
0
0
0
0
226
160
64
0
0
0
0
0
190
161
64
0
0
0
0
0
24
150
64
0
0
0
0
0
172
164
64
0
0
0
0
0
112
124
64
0
0
0
0
0
146
164
64
0
0
0
0
0
16
130
192
0
0
0
0
0
108
161
64
0
0
0
0
0
252
151
192
0
0
0
0
0
84
151
64
0
0
0
0
0
188
161
192
0
0
0
0
0
136
128
64
0
0
0
0
0
224
164
192
0
0
0
0
0
40
128
192
0
0
0
0
0
230
164
192
0
0
0
0
0
48
151
192
0
0
0
0
0
206
161
192
0
0
0
0
0
98
161
192
0
0
0
0
0
40
152
192
0
0
0
0
0
136
164
192
0
0
0
0
0
112
130
192
0
0
0
0
0
154
164
192
0
0
0
0
0
144
123
64
0
0
0
0
0
166
161
192
0
0
0
0
0
188
149
64
0
0
0
0
0
84
152
192
0
0
0
0
0
152
160
64
0
0
0
0
0
240
131
192
0
0
0
0
0
214
163
64
0
0
0
0
0
208
118
64
0
0
0
0
0
46
164
64
0
0
0
0
0
124
148
64
0
0
0
0
0
156
161
64
0
0
0
0
0
42
160
64
0
0
0
0
0
248
152
64
0
0
0
0
0
200
163
64
0
0
0
0
0
248
133
64
0
0
0
0
0
142
164
64
0
0
0
0
0
32
115
192
0
0
0
0
0
78
162
64
0
0
0
0
0
32
148
192
0
0
0
0
0
148
154
64
0
0
0
0
0
98
160
192
0
0
0
0
0
192
136
64
0
0
0
0
0
94
164
192
0
0
0
0
0
128
111
192
0
0
0
0
0
94
165
192
0
0
0
0
0
220
147
192
0
0
0
0
0
40
163
192
0
0
0
0
0
120
160
192
0
0
0
0
0
20
156
192
0
0
0
0
0
144
164
192
0
0
0
0
0
48
139
192
0
0
0
0
0
146
165
192
0
0
0
0
0
64
103
64
0
0
0
0
0
94
163
192
0
0
0
0
0
232
146
64
0
0
0
0
0
164
156
192
0
0
0
0
0
252
159
64
0
0
0
0
0
216
140
192
0
0
0
0
0
36
164
64
0
0
0
0
0
64
93
64
0
0
0
0
0
78
165
64
0
0
0
0
0
188
145
64
0
0
0
0
0
94
163
64
0
0
0
0
0
16
159
64
0
0
0
0
0
56
157
64
0
0
0
0
0
242
163
64
0
0
0
0
0
208
142
64
0
0
0
0
0
122
165
64
0
0
0
0
0
0
73
192
0
0
0
0
0
220
163
64
0
0
0
0
0
4
145
192
0
0
0
0
0
148
158
64
0
0
0
0
0
236
158
192
0
0
0
0
0
192
144
64
0
0
0
0
0
52
164
192
0
0
0
0
0
0
50
64
0
0
0
0
0
250
165
192
0
0
0
0
0
92
144
192
0
0
0
0
0
122
164
192
0
0
0
0
0
160
158
192
0
0
0
0
0
208
159
192
0
0
0
0
0
44
164
192
0
0
0
0
0
232
145
192
0
0
0
0
0
4
166
192
0
0
0
0
0
0
86
192
0
0
0
0
0
152
164
192
0
0
0
0
0
144
142
64
0
0
0
0
0
38
160
192
0
0
0
0
0
152
157
64
0
0
0
0
0
184
146
192
0
0
0
0
0
192
163
64
0
0
0
0
0
128
99
192
0
0
0
0
0
206
165
64
0
0
0
0
0
104
140
64
0
0
0
0
0
174
164
64
0
0
0
0
0
216
156
64
0
0
0
0
0
136
160
64
0
0
0
0
0
182
163
64
0
0
0
0
0
220
147
64
0
0
0
0
0
46
166
64
0
0
0
0
0
128
108
64
0
0
0
0
0
106
165
64
0
0
0
0
0
24
139
192
0
0
0
0
0
116
161
64
0
0
0
0
0
0
157
192
0
0
0
0
0
156
149
64
0
0
0
0
0
54
164
192
0
0
0
0
0
80
115
64
0
0
0
0
0
254
166
192
0
0
0
0
0
240
137
192
0
0
0
0
0
92
166
192
0
0
0
0
0
4
157
192
0
0
0
0
0
90
162
192
0
0
0
0
0
104
164
192
0
0
0
0
0
32
151
192
0
0
0
0
0
70
167
192
0
0
0
0
0
32
120
192
0
0
0
0
0
170
166
192
0
0
0
0
0
232
135
64
0
0
0
0
0
178
162
192
0
0
0
0
0
24
156
64
0
0
0
0
0
252
151
192
0
0
0
0
0
4
164
64
0
0
0
0
0
96
124
192
0
0
0
0
0
2
167
64
0
0
0
0
0
136
133
64
0
0
0
0
0
160
166
64
0
0
0
0
0
12
155
64
0
0
0
0
0
242
162
64
0
0
0
0
0
186
163
64
0
0
0
0
0
248
152
64
0
0
0
0
0
22
167
64
0
0
0
0
0
152
128
64
0
0
0
0
0
26
167
64
0
0
0
0
0
144
131
192
0
0
0
0
0
182
163
64
0
0
0
0
0
176
154
192
0
0
0
0
0
176
154
64
0
0
0
0
0
248
163
192
0
0
0
0
0
128
131
64
0
0
0
0
0
188
167
192
0
0
0
0
0
224
129
192
0
0
0
0
0
6
168
192
0
0
0
0
0
152
154
192
0
0
0
0
0
186
164
192
0
0
0
0
0
66
164
192
0
0
0
0
0
140
156
192
0
0
0
0
0
66
168
192
0
0
0
0
0
112
134
192
0
0
0
0
0
174
168
192
0
0
0
0
0
176
127
64
0
0
0
0
0
106
165
192
0
0
0
0
0
4
154
64
0
0
0
0
0
232
157
192
0
0
0
0
0
38
164
64
0
0
0
0
0
8
137
192
0
0
0
0
0
84
168
64
0
0
0
0
0
16
123
64
0
0
0
0
0
234
168
64
0
0
0
0
0
16
153
64
0
0
0
0
0
210
165
64
0
0
0
0
0
220
163
64
0
0
0
0
0
0
159
64
0
0
0
0
0
68
168
64
0
0
0
0
0
128
139
64
0
0
0
0
0
28
169
64
0
0
0
0
0
80
118
192
0
0
0
0
0
62
166
64
0
0
0
0
0
36
152
192
0
0
0
0
0
20
160
64
0
0
0
0
0
154
163
192
0
0
0
0
0
16
142
64
0
0
0
0
0
64
168
192
0
0
0
0
0
128
113
192
0
0
0
0
0
84
169
192
0
0
0
0
0
44
151
192
0
0
0
0
0
168
166
192
0
0
0
0
0
72
163
192
0
0
0
0
0
162
160
192
0
0
0
0
0
36
168
192
0
0
0
0
0
72
144
192
0
0
0
0
0
116
169
192
0
0
0
0
0
0
105
64
0
0
0
0
0
2
167
192
0
0
0
0
0
28
150
64
0
0
0
0
0
44
161
192
0
0
0
0
0
242
162
64
0
0
0
0
0
148
145
192
0
0
0
0
0
22
168
64
0
0
0
0
0
0
94
64
0
0
0
0
0
182
169
64
0
0
0
0
0
56
149
64
0
0
0
0
0
144
167
64
0
0
0
0
0
204
162
64
0
0
0
0
0
232
161
64
0
0
0
0
0
72
168
64
0
0
0
0
0
28
147
64
0
0
0
0
0
56
170
64
0
0
0
0
0
0
68
192
0
0
0
0
0
72
168
64
0
0
0
0
0
112
148
192
0
0
0
0
0
180
162
64
0
0
0
0
0
176
162
192
0
0
0
0
0
156
148
64
0
0
0
0
0
106
168
192
0
0
0
0
0
128
69
64
0
0
0
0
0
136
170
192
0
0
0
0
0
100
147
192
0
0
0
0
0
180
168
192
0
0
0
0
0
70
162
192
0
0
0
0
0
52
163
192
0
0
0
0
0
30
168
192
0
0
0
0
0
192
149
192
0
0
0
0
0
98
170
192
0
0
0
0
0
64
95
192
0
0
0
0
0
194
168
192
0
0
0
0
0
16
146
64
0
0
0
0
0
130
163
192
0
0
0
0
0
174
161
64
0
0
0
0
0
204
150
192
0
0
0
0
0
186
167
64
0
0
0
0
0
224
105
192
0
0
0
0
0
78
170
64
0
0
0
0
0
224
144
64
0
0
0
0
0
10
169
64
0
0
0
0
0
84
161
64
0
0
0
0
0
24
164
64
0
0
0
0
0
190
167
64
0
0
0
0
0
72
152
64
0
0
0
0
0
184
170
64
0
0
0
0
0
112
114
64
0
0
0
0
0
196
169
64
0
0
0
0
0
240
143
192
0
0
0
0
0
250
164
64
0
0
0
0
0
52
161
192
0
0
0
0
0
4
154
64
0
0
0
0
0
246
167
192
0
0
0
0
0
64
120
64
0
0
0
0
0
50
171
192
0
0
0
0
0
224
141
192
0
0
0
0
0
102
170
192
0
0
0
0
0
228
160
192
0
0
0
0
0
170
165
192
0
0
0
0
0
206
167
192
0
0
0
0
0
100
155
192
0
0
0
0
0
46
171
192
0
0
0
0
0
160
125
192
0
0
0
0
0
134
170
192
0
0
0
0
0
56
139
64
0
0
0
0
0
246
165
192
0
0
0
0
0
68
160
64
0
0
0
0
0
92
156
192
0
0
0
0
0
76
167
64
0
0
0
0
0
96
129
192
0
0
0
0
0
226
170
64
0
0
0
0
0
112
136
64
0
0
0
0
0
130
170
64
0
0
0
0
0
80
159
64
0
0
0
0
0
64
166
64
0
0
0
0
0
232
166
64
0
0
0
0
0
112
157
64
0
0
0
0
0
208
170
64
0
0
0
0
0
8
132
64
0
0
0
0
0
200
170
64
0
0
0
0
0
240
133
192
0
0
0
0
0
204
166
64
0
0
0
0
0
112
158
192
0
0
0
0
0
216
158
64
0
0
0
0
0
194
166
192
0
0
0
0
0
224
134
64
0
0
0
0
0
246
170
192
0
0
0
0
0
136
131
192
0
0
0
0
0
50
171
192
0
0
0
0
0
156
157
192
0
0
0
0
0
102
167
192
0
0
0
0
0
148
166
192
0
0
0
0
0
30
160
192
0
0
0
0
0
8
171
192
0
0
0
0
0
184
137
192
0
0
0
0
0
126
171
192
0
0
0
0
0
248
128
64
0
0
0
0
0
230
167
192
0
0
0
0
0
160
156
64
0
0
0
0
0
196
160
192
0
0
0
0
0
74
166
64
0
0
0
0
0
136
140
192
0
0
0
0
0
0
171
64
0
0
0
0
0
160
124
64
0
0
0
0
0
190
171
64
0
0
0
0
0
152
155
64
0
0
0
0
0
98
168
64
0
0
0
0
0
0
166
64
0
0
0
0
0
104
161
64
0
0
0
0
0
250
170
64
0
0
0
0
0
88
143
64
0
0
0
0
0
250
171
64
0
0
0
0
0
80
119
192
0
0
0
0
0
214
168
64
0
0
0
0
0
132
154
192
0
0
0
0
0
2
162
64
0
0
0
0
0
168
165
192
0
0
0
0
0
8
145
64
0
0
0
0
0
218
170
192
0
0
0
0
0
224
113
192
0
0
0
0
0
20
172
192
0
0
0
0
0
80
153
192
0
0
0
0
0
40
169
192
0
0
0
0
0
52
165
192
0
0
0
0
0
134
162
192
0
0
0
0
0
160
170
192
0
0
0
0
0
88
146
192
0
0
0
0
0
36
172
192
0
0
0
0
0
192
104
64
0
0
0
0
0
132
169
192
0
0
0
0
0
28
152
64
0
0
0
0
0
32
163
192
0
0
0
0
0
212
164
64
0
0
0
0
0
200
147
192
0
0
0
0
0
146
170
64
0
0
0
0
0
128
91
64
0
0
0
0
0
112
172
64
0
0
0
0
0
32
151
64
0
0
0
0
0
26
170
64
0
0
0
0
0
160
164
64
0
0
0
0
0
228
163
64
0
0
0
0
0
176
170
64
0
0
0
0
0
96
149
64
0
0
0
0
0
212
172
64
0
0
0
0
0
0
53
192
0
0
0
0
0
176
170
64
0
0
0
0
0
24
150
192
0
0
0
0
0
146
164
64
0
0
0
0
0
80
164
192
0
0
0
0
0
204
150
64
0
0
0
0
0
146
170
192
0
0
0
0
0
64
81
64
0
0
0
0
0
224
172
192
0
0
0
0
0
188
148
192
0
0
0
0
0
230
170
192
0
0
0
0
0
180
163
192
0
0
0
0
0
246
164
192
0
0
0
0
0
22
170
192
0
0
0
0
0
232
151
192
0
0
0
0
0
156
172
192
0
0
0
0
0
192
99
192
0
0
0
0
0
236
170
192
0
0
0
0
0
64
147
64
0
0
0
0
0
74
165
192
0
0
0
0
0
12
163
64
0
0
0
0
0
20
153
192
0
0
0
0
0
172
169
64
0
0
0
0
0
0
111
192
0
0
0
0
0
136
172
64
0
0
0
0
0
244
145
64
0
0
0
0
0
52
171
64
0
0
0
0
0
160
162
64
0
0
0
0
0
222
165
64
0
0
0
0
0
144
169
64
0
0
0
0
0
140
154
64
0
0
0
0
0
196
172
64
0
0
0
0
0
80
117
64
0
0
0
0
0
186
171
64
0
0
0
0
0
208
144
192
0
0
0
0
0
146
166
64
0
0
0
0
0
72
162
192
0
0
0
0
0
16
156
64
0
0
0
0
0
126
169
192
0
0
0
0
0
32
123
64
0
0
0
0
0
240
172
192
0
0
0
0
0
24
143
192
0
0
0
0
0
26
172
192
0
0
0
0
0
204
161
192
0
0
0
0
0
24
167
192
0
0
0
0
0
46
169
192
0
0
0
0
0
92
157
192
0
0
0
0
0
216
172
192
0
0
0
0
0
104
128
192
0
0
0
0
0
64
172
192
0
0
0
0
0
72
140
64
0
0
0
0
0
128
167
192
0
0
0
0
0
52
161
64
0
0
0
0
0
144
158
192
0
0
0
0
0
202
168
64
0
0
0
0
0
64
131
192
0
0
0
0
0
188
172
64
0
0
0
0
0
136
137
64
0
0
0
0
0
116
172
64
0
0
0
0
0
170
160
64
0
0
0
0
0
250
167
64
0
0
0
0
0
128
168
64
0
0
0
0
0
228
159
64
0
0
0
0
0
192
172
64
0
0
0
0
0
40
134
64
0
0
0
0
0
194
172
64
0
0
0
0
0
224
134
192
0
0
0
0
0
130
168
64
0
0
0
0
0
40
160
192
0
0
0
0
0
162
160
64
0
0
0
0
0
60
168
192
0
0
0
0
0
24
137
64
0
0
0
0
0
192
172
192
0
0
0
0
0
40
132
192
0
0
0
0
0
6
173
192
0
0
0
0
0
64
159
192
0
0
0
0
0
4
169
192
0
0
0
0
0
240
167
192
0
0
0
0
0
78
161
192
0
0
0
0
0
192
172
192
0
0
0
0
0
16
140
192
0
0
0
0
0
84
173
192
0
0
0
0
0
104
129
64
0
0
0
0
0
152
169
192
0
0
0
0
0
64
158
64
0
0
0
0
0
14
162
192
0
0
0
0
0
186
167
64
0
0
0
0
0
56
143
192
0
0
0
0
0
224
172
64
0
0
0
0
0
96
125
64
0
0
0
0
0
202
173
64
0
0
0
0
0
92
157
64
0
0
0
0
0
76
170
64
0
0
0
0
0
152
167
64
0
0
0
0
0
228
162
64
0
0
0
0
0
18
173
64
0
0
0
0
0
64
145
64
0
0
0
0
0
70
174
64
0
0
0
0
0
224
119
192
0
0
0
0
0
0
171
64
0
0
0
0
0
112
156
192
0
0
0
0
0
180
163
64
0
0
0
0
0
106
167
192
0
0
0
0
0
228
146
64
0
0
0
0
0
50
173
192
0
0
0
0
0
32
114
192
0
0
0
0
0
174
174
192
0
0
0
0
0
104
155
192
0
0
0
0
0
166
171
192
0
0
0
0
0
50
167
192
0
0
0
0
0
130
164
192
0
0
0
0
0
82
173
192
0
0
0
0
0
148
148
192
0
0
0
0
0
40
175
192
0
0
0
0
0
128
104
64
0
0
0
0
0
102
172
192
0
0
0
0
0
112
154
64
0
0
0
0
0
106
165
192
0
0
0
0
0
14
167
64
0
0
0
0
0
100
150
192
0
0
0
0
0
142
173
64
0
0
0
0
0
0
89
64
0
0
0
0
0
184
175
64
0
0
0
0
0
116
153
64
0
0
0
0
0
0
0
0
0
0
0
0
0
0
0
0
0
0
0
0
0
0
0
0
0
0
0
0
0
0
0
0
0
0
0
0
0
0
0
0
0
0
0
0
0
0
0
0
0
0
0
0
0
0
0
0
0
0
0
0
0
0
0
0
0
0
0
0
0
0
0
0
0
0
0
0
0
0
0
0
0
0
0
0
0
0
0
0
0
0
0
0
0
0
0
0
0
0
0
0
0
0
0
0
0
0
0
0
0
0
0
0
0
0
0
0
0
0
0
0
0
0
0
0
0
0
0
0
0
0
0
0
0
0
0
0
0
0
0
0
0
0
0
0
0
0
0
0
0
0
0
0
0
0
0
0
0
0
0
0
0
0
0
0
0
0
0
0
0
0
0
0
0
0
0
0
0
0
0
0
0
0
0
0
0
0
0
0
0
0
0
0
0
0
0
0
0
0
0
0
0
0
0
0
0
0
0
0
0
0
0
0
0
0
0
0
0
0
0
0
0
0
0
0
0
0
0
0
0
0
0
0
0
0
0
0
0
0
0
0
0
0
0
0
0
0
0
0
0
0
0
0
0
0
0
0
0
0
0
0
0
0
0
0
0
0
0
0
0
0
0
0
0
0
0
0
0
0
0
0
0
0
0
0
0
0
0
0
0
0
0
0
0
0
0
0
0
0
0
0
0
0
0
0
0
0
0
0
0
0
0
0
0
0
0
0
0
0
0
0
0
0
0
0
0
0
0
0
0
0
0
0
0
0
0
0
0
0
0
0
0
0
0
0
0
0
0
0
0
0
0
0
0
0
0
0
0
0
0
0
0
0
0
0
0
0
0
0
0
0
0
0
0
0
0
0
0
0
0
0
0
0
0
0
0
0
0
0
0
0
0
0
0
0
0
0
0
0
0
0
0
0
0
0
0
0
0
0
0
0
0
0
0
0
0
0
0
0
0
0
0
0
0
0
0
0
0
0
0
0
0
0
0
0
0
0
0
0
0
0
0
0
0
0
0
0
0
0
0
0
0
0
0
0
0
0
0
0
0
0
0
0
0
0
0
0
0
0
0
0
0
0
0
0
0
0
0
0
0
0
0
0
0
0
0
0
0
0
0
0
0
0
0
0
0
0
0
0
0
0
0
0
0
0
0
0
0
0
0
0
0
0
0
0
0
0
0
0
0
0
0
0
0
0
0
0
0
0
0
0
0
0
0
0
0
0
0
0
0
0
0
0
0
0
0
0
0
0
0
0
0
0
0
0
0
0
0
0
0
0
0
0
0
0
0
0
0
0
0
0
0
0
0
0
0
0
0
0
0
0
0
0
0
0
0
0
0
0
0
0
0
0
0
0
0
0
0
0
0
0
0
0
0
0
0
0
0
0
0
0
0
0
0
0
0
0
0
0
0
0
0
0
0
0
0
0
0
0
0
0
0
0
0
0
0
0
0
0
0
0
0
0
0
0
0
0
0
0
0
0
0
0
0
0
0
0
0
0
0
0
0
0
0
0
0
0
0
0
0
0
0
0
0
0
0
0
0
0
0
0
0
0
0
0
0
0
0
0
0
0
0
0
0
0
0
0
0
0
0
0
0
0
0
0
0
0
0
0
0
0
0
0
0
0
0
0
0
0
0
0
0
0
0
0
0
0
0
0
0
0
0
0
0
0
0
0
0
0
0
0
0
0
0
0
0
0
0
0
0
0
0
0
0
0
0
0
0
0
0
0
0
0
0
0
0
0
0
0
0
0
0
0
0
0
0
0
0
0
0
0
0
0
0
0
0
0
0
0
0
0
0
0
0
0
0
0
0
0
0
0
0
0
0
0
0
0
0
0
0
0
0
0
0
0
0
0
0
0
0
0
0
0
0
0
0
0
0
0
0
0
0
0
0
0
0
0
0
0
0
0
0
0
0
0
0
0
0
0
0
0
0
0
0
0
0
0
0
0
0
0
0
0
0
0
0
0
0
0
0
0
0
0
0
0
0
0
0
0
0
0
0
0
0
0
0
0
0
0
0
0
0
0
0
0
0
0
0
0
0
0
0
0
0
0
0
0
0
0
0
0
0
0
0
0
0
0
0
0
0
0
0
0
0
0
0
0
0
0
0
0
0
0
0
0
0
0
0
0
0
0
0
0
0
0
0
0
0
0
0
0
0
0
0
0
0
0
0
0
0
0
0
0
0
0
0
0
0
0
0
0
0
0
0
0
0
0
0
0
0
0
0
0
0
0
0
0
0
0
0
0
0
0
0
0
0
0
0
0
0
0
0
0
0
0
0
0
0
0
0
0
0
0
0
0
0
0
0
0
0
0
0
0
0
0
0
0
0
0
0
0
0
0
0
0
0
0
0
0
0
0
0
0
0
0
0
0
0
0
0
0
0
0
0
0
0
0
0
0
0
0
0
0
0
0
0
0
0
0
0
0
0
0
0
0
0
0
0
0
0
0
0
0
0
0
0
0
0
0
0
0
0
0
0
0
0
0
0
0
0
0
0
0
0
0
0
0
0
0
0
0
0
0
0
0
0
0
0
0
0
0
0
0
0
0
0
0
0
0
0
0
0
0
0
0
0
0
0
0
0
0
0
0
0
0
0
0
0
0
0
0
0
0
0
0
0
0
0
0
0
0
0
0
0
0
0
0
0
0
0
0
0
0
0
0
0
0
0
0
0
0
0
0
0
0
0
0
0
0
0
0
0
0
0
0
0
0
0
0
0
0
0
0
0
0
0
0
0
0
0
0
0
0
0
0
0
0
0
0
0
0
0
0
0
0
0
0
0
0
0
0
0