58
70
65
67
84
58
67
68
65
84
49
56
58
68
65
84
65
32
35
57
48
48
48
48
48
54
57
51
54
0
96
177
192
0
0
0
0
0
172
150
64
0
0
0
0
0
138
176
192
0
0
0
0
0
180
158
64
0
0
0
0
0
232
174
192
0
0
0
0
0
40
163
64
0
0
0
0
0
66
172
192
0
0
0
0
0
178
166
64
0
0
0
0
0
40
169
192
0
0
0
0
0
232
169
64
0
0
0
0
0
166
165
192
0
0
0
0
0
182
172
64
0
0
0
0
0
206
161
192
0
0
0
0
0
14
175
64
0
0
0
0
0
100
155
192
0
0
0
0
0
113
176
64
0
0
0
0
0
204
146
192
0
0
0
0
0
22
177
64
0
0
0
0
0
0
132
192
0
0
0
0
0
115
177
64
0
0
0
0
0
192
82
192
0
0
0
0
0
134
177
64
0
0
0
0
0
16
126
64
0
0
0
0
0
83
177
64
0
0
0
0
0
208
143
64
0
0
0
0
0
221
176
64
0
0
0
0
0
212
151
64
0
0
0
0
0
40
176
64
0
0
0
0
0
56
159
64
0
0
0
0
0
118
174
64
0
0
0
0
0
254
162
64
0
0
0
0
0
56
172
64
0
0
0
0
0
12
166
64
0
0
0
0
0
164
169
64
0
0
0
0
0
192
168
64
0
0
0
0
0
196
166
64
0
0
0
0
0
24
171
64
0
0
0
0
0
160
163
64
0
0
0
0
0
16
173
64
0
0
0
0
0
68
160
64
0
0
0
0
0
164
174
64
0
0
0
0
0
108
153
64
0
0
0
0
0
210
175
64
0
0
0
0
0
0
146
64
0
0
0
0
0
75
176
64
0
0
0
0
0
152
132
64
0
0
0
0
0
118
176
64
0
0
0
0
0
32
99
64
0
0
0
0
0
104
176
64
0
0
0
0
0
128
118
192
0
0
0
0
0
29
176
64
0
0
0
0
0
88
139
192
0
0
0
0
0
42
175
64
0
0
0
0
0
152
149
192
0
0
0
0
0
158
173
64
0
0
0
0
0
64
157
192
0
0
0
0
0
152
171
64
0
0
0
0
0
68
162
192
0
0
0
0
0
34
169
64
0
0
0
0
0
162
165
192
0
0
0
0
0
68
166
64
0
0
0
0
0
172
168
192
0
0
0
0
0
8
163
64
0
0
0
0
0
84
171
192
0
0
0
0
0
0
159
64
0
0
0
0
0
138
173
192
0
0
0
0
0
120
151
64
0
0
0
0
0
70
175
192
0
0
0
0
0
64
143
64
0
0
0
0
0
64
176
192
0
0
0
0
0
112
126
64
0
0
0
0
0
154
176
192
0
0
0
0
0
0
59
192
0
0
0
0
0
177
176
192
0
0
0
0
0
168
128
192
0
0
0
0
0
135
176
192
0
0
0
0
0
4
144
192
0
0
0
0
0
33
176
192
0
0
0
0
0
100
151
192
0
0
0
0
0
0
175
192
0
0
0
0
0
96
158
192
0
0
0
0
0
82
173
192
0
0
0
0
0
118
162
192
0
0
0
0
0
64
171
192
0
0
0
0
0
118
165
192
0
0
0
0
0
206
168
192
0
0
0
0
0
46
168
192
0
0
0
0
0
4
166
192
0
0
0
0
0
148
170
192
0
0
0
0
0
232
162
192
0
0
0
0
0
154
172
192
0
0
0
0
0
8
159
192
0
0
0
0
0
56
174
192
0
0
0
0
0
196
151
192
0
0
0
0
0
100
175
192
0
0
0
0
0
32
144
192
0
0
0
0
0
9
176
192
0
0
0
0
0
120
128
192
0
0
0
0
0
32
176
192
0
0
0
0
0
0
44
192
0
0
0
0
0
234
175
192
0
0
0
0
0
16
127
64
0
0
0
0
0
18
175
192
0
0
0
0
0
32
143
64
0
0
0
0
0
186
173
192
0
0
0
0
0
8
151
64
0
0
0
0
0
236
171
192
0
0
0
0
0
4
158
64
0
0
0
0
0
176
169
192
0
0
0
0
0
50
162
64
0
0
0
0
0
24
167
192
0
0
0
0
0
6
165
64
0
0
0
0
0
48
164
192
0
0
0
0
0
116
167
64
0
0
0
0
0
10
161
192
0
0
0
0
0
120
169
64
0
0
0
0
0
108
155
192
0
0
0
0
0
14
171
64
0
0
0
0
0
132
148
192
0
0
0
0
0
54
172
64
0
0
0
0
0
240
138
192
0
0
0
0
0
240
172
64
0
0
0
0
0
144
121
192
0
0
0
0
0
60
173
64
0
0
0
0
0
128
68
64
0
0
0
0
0
34
173
64
0
0
0
0
0
48
126
64
0
0
0
0
0
164
172
64
0
0
0
0
0
128
140
64
0
0
0
0
0
198
171
64
0
0
0
0
0
180
148
64
0
0
0
0
0
144
170
64
0
0
0
0
0
208
154
64
0
0
0
0
0
0
169
64
0
0
0
0
0
68
160
64
0
0
0
0
0
28
167
64
0
0
0
0
0
228
162
64
0
0
0
0
0
234
164
64
0
0
0
0
0
62
165
64
0
0
0
0
0
112
162
64
0
0
0
0
0
72
167
64
0
0
0
0
0
104
159
64
0
0
0
0
0
252
168
64
0
0
0
0
0
124
153
64
0
0
0
0
0
82
170
64
0
0
0
0
0
48
147
64
0
0
0
0
0
68
171
64
0
0
0
0
0
64
137
64
0
0
0
0
0
202
171
64
0
0
0
0
0
128
119
64
0
0
0
0
0
226
171
64
0
0
0
0
0
128
78
192
0
0
0
0
0
142
171
64
0
0
0
0
0
240
126
192
0
0
0
0
0
208
170
64
0
0
0
0
0
184
140
192
0
0
0
0
0
172
169
64
0
0
0
0
0
188
148
192
0
0
0
0
0
44
168
64
0
0
0
0
0
196
154
192
0
0
0
0
0
82
166
64
0
0
0
0
0
48
160
192
0
0
0
0
0
44
164
64
0
0
0
0
0
192
162
192
0
0
0
0
0
190
161
64
0
0
0
0
0
8
165
192
0
0
0
0
0
44
158
64
0
0
0
0
0
2
167
192
0
0
0
0
0
120
152
64
0
0
0
0
0
172
168
192
0
0
0
0
0
112
146
64
0
0
0
0
0
2
170
192
0
0
0
0
0
88
136
64
0
0
0
0
0
0
171
192
0
0
0
0
0
208
118
64
0
0
0
0
0
160
171
192
0
0
0
0
0
128
76
192
0
0
0
0
0
226
171
192
0
0
0
0
0
16
126
192
0
0
0
0
0
192
171
192
0
0
0
0
0
48
140
192
0
0
0
0
0
58
171
192
0
0
0
0
0
144
148
192
0
0
0
0
0
78
170
192
0
0
0
0
0
204
154
192
0
0
0
0
0
252
168
192
0
0
0
0
0
90
160
192
0
0
0
0
0
70
167
192
0
0
0
0
0
22
163
192
0
0
0
0
0
48
165
192
0
0
0
0
0
142
165
192
0
0
0
0
0
192
162
192
0
0
0
0
0
180
167
192
0
0
0
0
0
0
160
192
0
0
0
0
0
126
169
192
0
0
0
0
0
240
153
192
0
0
0
0
0
224
170
192
0
0
0
0
0
120
147
192
0
0
0
0
0
212
171
192
0
0
0
0
0
96
137
192
0
0
0
0
0
86
172
192
0
0
0
0
0
240
118
192
0
0
0
0
0
102
172
192
0
0
0
0
0
64
84
64
0
0
0
0
0
4
172
192
0
0
0
0
0
96
128
64
0
0
0
0
0
52
171
192
0
0
0
0
0
200
141
64
0
0
0
0
0
254
169
192
0
0
0
0
0
68
149
64
0
0
0
0
0
106
168
192
0
0
0
0
0
60
155
64
0
0
0
0
0
132
166
192
0
0
0
0
0
88
160
64
0
0
0
0
0
82
164
192
0
0
0
0
0
202
162
64
0
0
0
0
0
226
161
192
0
0
0
0
0
240
164
64
0
0
0
0
0
116
158
192
0
0
0
0
0
196
166
64
0
0
0
0
0
204
152
192
0
0
0
0
0
70
168
64
0
0
0
0
0
220
146
192
0
0
0
0
0
114
169
64
0
0
0
0
0
96
137
192
0
0
0
0
0
68
170
64
0
0
0
0
0
128
121
192
0
0
0
0
0
188
170
64
0
0
0
0
0
0
8
64
0
0
0
0
0
216
170
64
0
0
0
0
0
240
121
64
0
0
0
0
0
150
170
64
0
0
0
0
0
200
137
64
0
0
0
0
0
246
169
64
0
0
0
0
0
40
147
64
0
0
0
0
0
246
168
64
0
0
0
0
0
48
153
64
0
0
0
0
0
150
167
64
0
0
0
0
0
224
158
64
0
0
0
0
0
220
165
64
0
0
0
0
0
16
162
64
0
0
0
0
0
202
163
64
0
0
0
0
0
106
164
64
0
0
0
0
0
108
161
64
0
0
0
0
0
118
166
64
0
0
0
0
0
148
157
64
0
0
0
0
0
42
168
64
0
0
0
0
0
220
151
64
0
0
0
0
0
128
169
64
0
0
0
0
0
204
145
64
0
0
0
0
0
114
170
64
0
0
0
0
0
8
135
64
0
0
0
0
0
254
170
64
0
0
0
0
0
112
116
64
0
0
0
0
0
40
171
64
0
0
0
0
0
64
85
192
0
0
0
0
0
240
170
64
0
0
0
0
0
224
126
192
0
0
0
0
0
88
170
64
0
0
0
0
0
248
139
192
0
0
0
0
0
104
169
64
0
0
0
0
0
20
148
192
0
0
0
0
0
30
168
64
0
0
0
0
0
236
153
192
0
0
0
0
0
130
166
64
0
0
0
0
0
120
159
192
0
0
0
0
0
146
164
64
0
0
0
0
0
84
162
192
0
0
0
0
0
86
162
64
0
0
0
0
0
182
164
192
0
0
0
0
0
156
159
64
0
0
0
0
0
218
166
192
0
0
0
0
0
0
154
64
0
0
0
0
0
186
168
192
0
0
0
0
0
228
147
64
0
0
0
0
0
72
170
192
0
0
0
0
0
184
138
64
0
0
0
0
0
122
171
192
0
0
0
0
0
0
122
64
0
0
0
0
0
70
172
192
0
0
0
0
0
128
66
192
0
0
0
0
0
164
172
192
0
0
0
0
0
240
126
192
0
0
0
0
0
142
172
192
0
0
0
0
0
176
141
192
0
0
0
0
0
2
172
192
0
0
0
0
0
200
149
192
0
0
0
0
0
4
171
192
0
0
0
0
0
96
156
192
0
0
0
0
0
146
169
192
0
0
0
0
0
68
161
192
0
0
0
0
0
184
167
192
0
0
0
0
0
12
164
192
0
0
0
0
0
126
165
192
0
0
0
0
0
128
166
192
0
0
0
0
0
242
162
192
0
0
0
0
0
148
168
192
0
0
0
0
0
32
160
192
0
0
0
0
0
72
170
192
0
0
0
0
0
44
154
192
0
0
0
0
0
148
171
192
0
0
0
0
0
192
147
192
0
0
0
0
0
122
172
192
0
0
0
0
0
40
138
192
0
0
0
0
0
244
172
192
0
0
0
0
0
16
121
192
0
0
0
0
0
4
173
192
0
0
0
0
0
128
67
64
0
0
0
0
0
172
172
192
0
0
0
0
0
224
125
64
0
0
0
0
0
236
171
192
0
0
0
0
0
104
140
64
0
0
0
0
0
198
170
192
0
0
0
0
0
192
148
64
0
0
0
0
0
60
169
192
0
0
0
0
0
4
155
64
0
0
0
0
0
84
167
192
0
0
0
0
0
114
160
64
0
0
0
0
0
18
165
192
0
0
0
0
0
38
163
64
0
0
0
0
0
128
162
192
0
0
0
0
0
142
165
64
0
0
0
0
0
76
159
192
0
0
0
0
0
160
167
64
0
0
0
0
0
32
153
192
0
0
0
0
0
82
169
64
0
0
0
0
0
156
146
192
0
0
0
0
0
156
170
64
0
0
0
0
0
184
135
192
0
0
0
0
0
120
171
64
0
0
0
0
0
0
116
192
0
0
0
0
0
228
171
64
0
0
0
0
0
64
93
64
0
0
0
0
0
224
171
64
0
0
0
0
0
16
129
64
0
0
0
0
0
112
171
64
0
0
0
0
0
240
141
64
0
0
0
0
0
150
170
64
0
0
0
0
0
24
149
64
0
0
0
0
0
94
169
64
0
0
0
0
0
208
154
64
0
0
0
0
0
204
167
64
0
0
0
0
0
8
160
64
0
0
0
0
0
236
165
64
0
0
0
0
0
102
162
64
0
0
0
0
0
194
163
64
0
0
0
0
0
122
164
64
0
0
0
0
0
88
161
64
0
0
0
0
0
66
166
64
0
0
0
0
0
112
157
64
0
0
0
0
0
186
167
64
0
0
0
0
0
212
151
64
0
0
0
0
0
218
168
64
0
0
0
0
0
232
145
64
0
0
0
0
0
162
169
64
0
0
0
0
0
128
135
64
0
0
0
0
0
14
170
64
0
0
0
0
0
208
117
64
0
0
0
0
0
26
170
64
0
0
0
0
0
128
77
192
0
0
0
0
0
198
169
64
0
0
0
0
0
16
125
192
0
0
0
0
0
18
169
64
0
0
0
0
0
248
138
192
0
0
0
0
0
0
168
64
0
0
0
0
0
124
147
192
0
0
0
0
0
148
166
64
0
0
0
0
0
48
153
192
0
0
0
0
0
212
164
64
0
0
0
0
0
120
158
192
0
0
0
0
0
200
162
64
0
0
0
0
0
164
161
192
0
0
0
0
0
118
160
64
0
0
0
0
0
196
163
192
0
0
0
0
0
216
155
64
0
0
0
0
0
148
165
192
0
0
0
0
0
100
150
64
0
0
0
0
0
16
167
192
0
0
0
0
0
172
144
64
0
0
0
0
0
52
168
192
0
0
0
0
0
120
133
64
0
0
0
0
0
252
168
192
0
0
0
0
0
176
114
64
0
0
0
0
0
104
169
192
0
0
0
0
0
192
86
192
0
0
0
0
0
118
169
192
0
0
0
0
0
224
125
192
0
0
0
0
0
40
169
192
0
0
0
0
0
208
138
192
0
0
0
0
0
128
168
192
0
0
0
0
0
32
147
192
0
0
0
0
0
126
167
192
0
0
0
0
0
148
152
192
0
0
0
0
0
38
166
192
0
0
0
0
0
176
157
192
0
0
0
0
0
124
164
192
0
0
0
0
0
48
161
192
0
0
0
0
0
136
162
192
0
0
0
0
0
74
163
192
0
0
0
0
0
76
160
192
0
0
0
0
0
26
165
192
0
0
0
0
0
168
155
192
0
0
0
0
0
156
166
192
0
0
0
0
0
80
150
192
0
0
0
0
0
198
167
192
0
0
0
0
0
160
144
192
0
0
0
0
0
152
168
192
0
0
0
0
0
104
133
192
0
0
0
0
0
10
169
192
0
0
0
0
0
128
114
192
0
0
0
0
0
26
169
192
0
0
0
0
0
0
88
64
0
0
0
0
0
204
168
192
0
0
0
0
0
96
126
64
0
0
0
0
0
32
168
192
0
0
0
0
0
32
139
64
0
0
0
0
0
22
167
192
0
0
0
0
0
72
147
64
0
0
0
0
0
184
165
192
0
0
0
0
0
180
152
64
0
0
0
0
0
8
164
192
0
0
0
0
0
184
157
64
0
0
0
0
0
14
162
192
0
0
0
0
0
36
161
64
0
0
0
0
0
160
159
192
0
0
0
0
0
40
163
64
0
0
0
0
0
184
154
192
0
0
0
0
0
226
164
64
0
0
0
0
0
108
149
192
0
0
0
0
0
74
166
64
0
0
0
0
0
176
143
192
0
0
0
0
0
92
167
64
0
0
0
0
0
32
132
192
0
0
0
0
0
22
168
64
0
0
0
0
0
144
112
192
0
0
0
0
0
114
168
64
0
0
0
0
0
192
92
64
0
0
0
0
0
114
168
64
0
0
0
0
0
192
126
64
0
0
0
0
0
22
168
64
0
0
0
0
0
224
138
64
0
0
0
0
0
94
167
64
0
0
0
0
0
244
146
64
0
0
0
0
0
80
166
64
0
0
0
0
0
44
152
64
0
0
0
0
0
240
164
64
0
0
0
0
0
0
157
64
0
0
0
0
0
68
163
64
0
0
0
0
0
180
160
64
0
0
0
0
0
84
161
64
0
0
0
0
0
166
162
64
0
0
0
0
0
76
158
64
0
0
0
0
0
84
164
64
0
0
0
0
0
136
153
64
0
0
0
0
0
182
165
64
0
0
0
0
0
108
148
64
0
0
0
0
0
204
166
64
0
0
0
0
0
16
142
64
0
0
0
0
0
144
167
64
0
0
0
0
0
224
130
64
0
0
0
0
0
0
168
64
0
0
0
0
0
160
109
64
0
0
0
0
0
24
168
64
0
0
0
0
0
224
96
192
0
0
0
0
0
218
167
64
0
0
0
0
0
160
127
192
0
0
0
0
0
66
167
64
0
0
0
0
0
64
139
192
0
0
0
0
0
84
166
64
0
0
0
0
0
44
147
192
0
0
0
0
0
14
165
64
0
0
0
0
0
120
152
192
0
0
0
0
0
120
163
64
0
0
0
0
0
112
157
192
0
0
0
0
0
146
161
64
0
0
0
0
0
254
160
192
0
0
0
0
0
204
158
64
0
0
0
0
0
4
163
192
0
0
0
0
0
248
153
64
0
0
0
0
0
194
164
192
0
0
0
0
0
184
148
64
0
0
0
0
0
46
166
192
0
0
0
0
0
80
142
64
0
0
0
0
0
68
167
192
0
0
0
0
0
184
130
64
0
0
0
0
0
254
167
192
0
0
0
0
0
128
107
64
0
0
0
0
0
92
168
192
0
0
0
0
0
32
100
192
0
0
0
0
0
92
168
192
0
0
0
0
0
216
128
192
0
0
0
0
0
254
167
192
0
0
0
0
0
88
140
192
0
0
0
0
0
72
167
192
0
0
0
0
0
172
147
192
0
0
0
0
0
60
166
192
0
0
0
0
0
228
152
192
0
0
0
0
0
224
164
192
0
0
0
0
0
184
157
192
0
0
0
0
0
58
163
192
0
0
0
0
0
16
161
192
0
0
0
0
0
78
161
192
0
0
0
0
0
4
163
192
0
0
0
0
0
76
158
192
0
0
0
0
0
180
164
192
0
0
0
0
0
144
153
192
0
0
0
0
0
26
166
192
0
0
0
0
0
116
148
192
0
0
0
0
0
46
167
192
0
0
0
0
0
24
142
192
0
0
0
0
0
238
167
192
0
0
0
0
0
200
130
192
0
0
0
0
0
84
168
192
0
0
0
0
0
192
108
192
0
0
0
0
0
96
168
192
0
0
0
0
0
96
98
64
0
0
0
0
0
16
168
192
0
0
0
0
0
80
128
64
0
0
0
0
0
96
167
192
0
0
0
0
0
224
139
64
0
0
0
0
0
86
166
192
0
0
0
0
0
132
147
64
0
0
0
0
0
244
164
192
0
0
0
0
0
204
152
64
0
0
0
0
0
64
163
192
0
0
0
0
0
184
157
64
0
0
0
0
0
66
161
192
0
0
0
0
0
22
161
64
0
0
0
0
0
8
158
192
0
0
0
0
0
12
163
64
0
0
0
0
0
24
153
192
0
0
0
0
0
184
164
64
0
0
0
0
0
208
147
192
0
0
0
0
0
20
166
64
0
0
0
0
0
136
140
192
0
0
0
0
0
26
167
64
0
0
0
0
0
24
129
192
0
0
0
0
0
200
167
64
0
0
0
0
0
224
101
192
0
0
0
0
0
32
168
64
0
0
0
0
0
160
104
64
0
0
0
0
0
30
168
64
0
0
0
0
0
176
129
64
0
0
0
0
0
200
167
64
0
0
0
0
0
240
140
64
0
0
0
0
0
26
167
64
0
0
0
0
0
228
147
64
0
0
0
0
0
28
166
64
0
0
0
0
0
12
153
64
0
0
0
0
0
204
164
64
0
0
0
0
0
224
157
64
0
0
0
0
0
50
163
64
0
0
0
0
0
38
161
64
0
0
0
0
0
78
161
64
0
0
0
0
0
32
163
64
0
0
0
0
0
84
158
64
0
0
0
0
0
216
164
64
0
0
0
0
0
144
153
64
0
0
0
0
0
68
166
64
0
0
0
0
0
100
148
64
0
0
0
0
0
94
167
64
0
0
0
0
0
192
141
64
0
0
0
0
0
34
168
64
0
0
0
0
0
48
130
64
0
0
0
0
0
138
168
64
0
0
0
0
0
32
105
64
0
0
0
0
0
150
168
64
0
0
0
0
0
32
103
192
0
0
0
0
0
66
168
64
0
0
0
0
0
200
129
192
0
0
0
0
0
144
167
64
0
0
0
0
0
144
141
192
0
0
0
0
0
132
166
64
0
0
0
0
0
124
148
192
0
0
0
0
0
34
165
64
0
0
0
0
0
224
153
192
0
0
0
0
0
110
163
64
0
0
0
0
0
232
158
192
0
0
0
0
0
114
161
64
0
0
0
0
0
188
161
192
0
0
0
0
0
100
158
64
0
0
0
0
0
196
163
192
0
0
0
0
0
120
153
64
0
0
0
0
0
132
165
192
0
0
0
0
0
40
148
64
0
0
0
0
0
244
166
192
0
0
0
0
0
32
141
64
0
0
0
0
0
16
168
192
0
0
0
0
0
128
129
64
0
0
0
0
0
216
168
192
0
0
0
0
0
32
102
64
0
0
0
0
0
70
169
192
0
0
0
0
0
64
106
192
0
0
0
0
0
88
169
192
0
0
0
0
0
176
130
192
0
0
0
0
0
12
169
192
0
0
0
0
0
168
142
192
0
0
0
0
0
100
168
192
0
0
0
0
0
36
149
192
0
0
0
0
0
96
167
192
0
0
0
0
0
184
154
192
0
0
0
0
0
0
166
192
0
0
0
0
0
240
159
192
0
0
0
0
0
72
164
192
0
0
0
0
0
94
162
192
0
0
0
0
0
60
162
192
0
0
0
0
0
130
164
192
0
0
0
0
0
208
159
192
0
0
0
0
0
90
166
192
0
0
0
0
0
160
154
192
0
0
0
0
0
220
167
192
0
0
0
0
0
0
149
192
0
0
0
0
0
2
169
192
0
0
0
0
0
24
142
192
0
0
0
0
0
200
169
192
0
0
0
0
0
176
129
192
0
0
0
0
0
40
170
192
0
0
0
0
0
224
99
192
0
0
0
0
0
34
170
192
0
0
0
0
0
32
111
64
0
0
0
0
0
182
169
192
0
0
0
0
0
104
132
64
0
0
0
0
0
232
168
192
0
0
0
0
0
92
144
64
0
0
0
0
0
188
167
192
0
0
0
0
0
60
150
64
0
0
0
0
0
54
166
192
0
0
0
0
0
196
155
64
0
0
0
0
0
96
164
192
0
0
0
0
0
114
160
64
0
0
0
0
0
62
162
192
0
0
0
0
0
196
162
64
0
0
0
0
0
180
159
192
0
0
0
0
0
206
164
64
0
0
0
0
0
120
154
192
0
0
0
0
0
142
166
64
0
0
0
0
0
220
148
192
0
0
0
0
0
250
167
64
0
0
0
0
0
224
141
192
0
0
0
0
0
16
169
64
0
0
0
0
0
144
129
192
0
0
0
0
0
202
169
64
0
0
0
0
0
224
99
192
0
0
0
0
0
42
170
64
0
0
0
0
0
0
111
64
0
0
0
0
0
40
170
64
0
0
0
0
0
112
132
64
0
0
0
0
0
196
169
64
0
0
0
0
0
112
144
64
0
0
0
0
0
2
169
64
0
0
0
0
0
112
150
64
0
0
0
0
0
224
167
64
0
0
0
0
0
36
156
64
0
0
0
0
0
98
166
64
0
0
0
0
0
186
160
64
0
0
0
0
0
142
164
64
0
0
0
0
0
36
163
64
0
0
0
0
0
106
162
64
0
0
0
0
0
72
165
64
0
0
0
0
0
252
159
64
0
0
0
0
0
28
167
64
0
0
0
0
0
168
154
64
0
0
0
0
0
154
168
64
0
0
0
0
0
236
148
64
0
0
0
0
0
186
169
64
0
0
0
0
0
184
141
64
0
0
0
0
0
124
170
64
0
0
0
0
0
32
129
64
0
0
0
0
0
218
170
64
0
0
0
0
0
0
97
64
0
0
0
0
0
212
170
64
0
0
0
0
0
112
113
192
0
0
0
0
0
108
170
64
0
0
0
0
0
152
133
192
0
0
0
0
0
160
169
64
0
0
0
0
0
24
145
192
0
0
0
0
0
118
168
64
0
0
0
0
0
48
151
192
0
0
0
0
0
240
166
64
0
0
0
0
0
248
156
192
0
0
0
0
0
18
165
64
0
0
0
0
0
48
161
192
0
0
0
0
0
228
162
64
0
0
0
0
0
168
163
192
0
0
0
0
0
108
160
64
0
0
0
0
0
218
165
192
0
0
0
0
0
100
155
64
0
0
0
0
0
192
167
192
0
0
0
0
0
128
149
64
0
0
0
0
0
80
169
192
0
0
0
0
0
128
142
64
0
0
0
0
0
130
170
192
0
0
0
0
0
128
129
64
0
0
0
0
0
80
171
192
0
0
0
0
0
128
96
64
0
0
0
0
0
184
171
192
0
0
0
0
0
192
114
192
0
0
0
0
0
182
171
192
0
0
0
0
0
200
134
192
0
0
0
0
0
72
171
192
0
0
0
0
0
240
145
192
0
0
0
0
0
114
170
192
0
0
0
0
0
60
152
192
0
0
0
0
0
52
169
192
0
0
0
0
0
44
158
192
0
0
0
0
0
148
167
192
0
0
0
0
0
214
161
192
0
0
0
0
0
154
165
192
0
0
0
0
0
84
164
192
0
0
0
0
0
78
163
192
0
0
0
0
0
130
166
192
0
0
0
0
0
184
160
192
0
0
0
0
0
92
168
192
0
0
0
0
0
196
155
192
0
0
0
0
0
218
169
192
0
0
0
0
0
176
149
192
0
0
0
0
0
248
170
192
0
0
0
0
0
152
142
192
0
0
0
0
0
176
171
192
0
0
0
0
0
88
129
192
0
0
0
0
0
0
172
192
0
0
0
0
0
192
94
192
0
0
0
0
0
232
171
192
0
0
0
0
0
96
115
64
0
0
0
0
0
104
171
192
0
0
0
0
0
32
135
64
0
0
0
0
0
130
170
192
0
0
0
0
0
28
146
64
0
0
0
0
0
56
169
192
0
0
0
0
0
100
152
64
0
0
0
0
0
144
167
192
0
0
0
0
0
84
158
64
0
0
0
0
0
142
165
192
0
0
0
0
0
234
161
64
0
0
0
0
0
58
163
192
0
0
0
0
0
102
164
64
0
0
0
0
0
160
160
192
0
0
0
0
0
150
166
64
0
0
0
0
0
136
155
192
0
0
0
0
0
114
168
64
0
0
0
0
0
108
149
192
0
0
0
0
0
242
169
64
0
0
0
0
0
248
141
192
0
0
0
0
0
16
171
64
0
0
0
0
0
168
128
192
0
0
0
0
0
200
171
64
0
0
0
0
0
192
88
192
0
0
0
0
0
24
172
64
0
0
0
0
0
16
117
64
0
0
0
0
0
254
171
64
0
0
0
0
0
0
136
64
0
0
0
0
0
124
171
64
0
0
0
0
0
144
146
64
0
0
0
0
0
148
170
64
0
0
0
0
0
224
152
64
0
0
0
0
0
72
169
64
0
0
0
0
0
208
158
64
0
0
0
0
0
156
167
64
0
0
0
0
0
42
162
64
0
0
0
0
0
154
165
64
0
0
0
0
0
170
164
64
0
0
0
0
0
68
163
64
0
0
0
0
0
220
166
64
0
0
0
0
0
166
160
64
0
0
0
0
0
188
168
64
0
0
0
0
0
148
155
64
0
0
0
0
0
66
170
64
0
0
0
0
0
108
149
64
0
0
0
0
0
104
171
64
0
0
0
0
0
232
141
64
0
0
0
0
0
40
172
64
0
0
0
0
0
120
128
64
0
0
0
0
0
128
172
64
0
0
0
0
0
0
86
64
0
0
0
0
0
110
172
64
0
0
0
0
0
32
118
192
0
0
0
0
0
244
171
64
0
0
0
0
0
200
136
192
0
0
0
0
0
16
171
64
0
0
0
0
0
28
147
192
0
0
0
0
0
198
169
64
0
0
0
0
0
148
153
192
0
0
0
0
0
28
168
64
0
0
0
0
0
180
159
192
0
0
0
0
0
22
166
64
0
0
0
0
0
180
162
192
0
0
0
0
0
184
163
64
0
0
0
0
0
78
165
192
0
0
0
0
0
14
161
64
0
0
0
0
0
154
167
192
0
0
0
0
0
64
156
64
0
0
0
0
0
148
169
192
0
0
0
0
0
240
149
64
0
0
0
0
0
48
171
192
0
0
0
0
0
128
142
64
0
0
0
0
0
102
172
192
0
0
0
0
0
152
128
64
0
0
0
0
0
52
173
192
0
0
0
0
0
0
83
64
0
0
0
0
0
148
173
192
0
0
0
0
0
0
120
192
0
0
0
0
0
132
173
192
0
0
0
0
0
56
138
192
0
0
0
0
0
2
173
192
0
0
0
0
0
20
148
192
0
0
0
0
0
18
172
192
0
0
0
0
0
196
154
192
0
0
0
0
0
180
170
192
0
0
0
0
0
136
160
192
0
0
0
0
0
238
168
192
0
0
0
0
0
116
163
192
0
0
0
0
0
200
166
192
0
0
0
0
0
22
166
192
0
0
0
0
0
74
164
192
0
0
0
0
0
104
168
192
0
0
0
0
0
126
161
192
0
0
0
0
0
94
170
192
0
0
0
0
0
224
156
192
0
0
0
0
0
242
171
192
0
0
0
0
0
80
150
192
0
0
0
0
0
30
173
192
0
0
0
0
0
208
142
192
0
0
0
0
0
222
173
192
0
0
0
0
0
136
128
192
0
0
0
0
0
46
174
192
0
0
0
0
0
128
79
192
0
0
0
0
0
14
174
192
0
0
0
0
0
80
121
64
0
0
0
0
0
128
173
192
0
0
0
0
0
40
139
64
0
0
0
0
0
128
172
192
0
0
0
0
0
164
148
64
0
0
0
0
0
24
171
192
0
0
0
0
0
112
155
64
0
0
0
0
0
70
169
192
0
0
0
0
0
236
160
64
0
0
0
0
0
22
167
192
0
0
0
0
0
228
163
64
0
0
0
0
0
138
164
192
0
0
0
0
0
148
166
64
0
0
0
0
0
176
161
192
0
0
0
0
0
242
168
64
0
0
0
0
0
36
157
192
0
0
0
0
0
244
170
64
0
0
0
0
0
112
150
192
0
0
0
0
0
146
172
64
0
0
0
0
0
200
142
192
0
0
0
0
0
196
173
64
0
0
0
0
0
40
128
192
0
0
0
0
0
134
174
64
0
0
0
0
0
128
68
192
0
0
0
0
0
216
174
64
0
0
0
0
0
80
123
64
0
0
0
0
0
180
174
64
0
0
0
0
0
120
140
64
0
0
0
0
0
30
174
64
0
0
0
0
0
112
149
64
0
0
0
0
0
22
173
64
0
0
0
0
0
92
156
64
0
0
0
0
0
160
171
64
0
0
0
0
0
116
161
64
0
0
0
0
0
194
169
64
0
0
0
0
0
122
164
64
0
0
0
0
0
130
167
64
0
0
0
0
0
54
167
64
0
0
0
0
0
232
164
64
0
0
0
0
0
160
169
64
0
0
0
0
0
0
0
0
0
0
0
0
0
0
0
0
0
0
0
0
0
0
0
0
0
0
0
0
0
0
0
0
0
0
0
0
0
0
0
0
0
0
0
0
0
0
0
0
0
0
0
0
0
0
0
0
0
0
0
0
0
0
0
0
0
0
0
0
0
0
0
0
0
0
0
0
0
0
0
0
0
0
0
0
0
0
0
0
0
0
0
0
0
0
0
0
0
0
0
0
0
0
0
0
0
0
0
0
0
0
0
0
0
0
0
0
0
0
0
0
0
0
0
0
0
0
0
0
0
0
0
0
0
0
0
0
0
0
0
0
0
0
0
0
0
0
0
0
0
0
0
0
0
0
0
0
0
0
0
0
0
0
0
0
0
0
0
0
0
0
0
0
0
0
0
0
0
0
0
0
0
0
0
0
0
0
0
0
0
0
0
0
0
0
0
0
0
0
0
0
0
0
0
0
0
0
0
0
0
0
0
0
0
0
0
0
0
0
0
0
0
0
0
0
0
0
0
0
0
0
0
0
0
0
0
0
0
0
0
0
0
0
0
0
0
0
0
0
0
0
0
0
0
0
0
0
0
0
0
0
0
0
0
0
0
0
0
0
0
0
0
0
0
0
0
0
0
0
0
0
0
0
0
0
0
0
0
0
0
0
0
0
0
0
0
0
0
0
0
0
0
0
0
0
0
0
0
0
0
0
0
0
0
0
0
0
0
0
0
0
0
0
0
0
0
0
0
0
0
0
0
0
0
0
0
0
0
0
0
0
0
0
0
0
0
0
0
0
0
0
0
0
0
0
0
0
0
0
0
0
0
0
0
0
0
0
0
0
0
0
0
0
0
0
0
0
0
0
0
0
0
0
0
0
0
0
0
0
0
0
0
0
0
0
0
0
0
0
0
0
0
0
0
0
0
0
0
0
0
0
0
0
0
0
0
0
0
0
0
0
0
0
0
0
0
0
0
0
0
0
0
0
0
0
0
0
0
0
0
0
0
0
0
0
0
0
0
0
0
0
0
0
0
0
0
0
0
0
0
0
0
0
0
0
0
0
0
0
0
0
0
0
0
0
0
0
0
0
0
0
0
0
0
0
0
0
0
0
0
0
0
0
0
0
0
0
0
0
0
0
0
0
0
0
0
0
0
0
0
0
0
0
0
0
0
0
0
0
0
0
0
0
0
0
0
0
0
0
0
0
0
0
0
0
0
0
0
0
0
0
0
0
0
0
0
0
0
0
0
0
0
0
0
0
0
0
0
0
0
0
0
0
0
0
0
0
0
0
0
0
0
0
0
0
0
0
0
0
0
0
0
0
0
0
0
0
0
0
0
0
0
0
0
0
0
0
0
0
0
0
0
0
0
0
0
0
0
0
0
0
0
0
0
0
0
0
0
0
0
0
0
0
0
0
0
0
0
0
0
0
0
0
0
0
0
0
0
0
0
0
0
0
0
0
0
0
0
0
0
0
0
0
0
0
0
0
0
0
0
0
0
0
0
0
0
0
0
0
0
0
0
0
0
0
0
0
0
0
0
0
0
0
0
0
0
0
0
0
0
0
0
0
0
0
0
0
0
0
0
0
0
0
0
0
0
0
0
0
0
0
0
0
0
0
0
0
0
0
0
0
0
0
0
0
0
0
0
0
0
0
0
0
0
0
0
0
0
0
0
0
0
0
0
0
0
0
0
0
0
0
0
0
0
0
0
0
0
0
0
0
0
0
0
0
0
0
0
0
0
0
0
0
0
0
0
0
0
0
0
0
0
0
0
0
0
0
0
0
0
0
0
0
0
0
0
0
0
0
0
0
0
0
0
0
0
0
0
0
0
0
0
0
0
0
0
0
0
0
0
0
0
0
0
0
0
0
0
0
0
0
0
0
0
0
0
0
0
0
0
0
0
0
0
0
0
0
0
0
0
0
0
0
0
0
0
0
0
0
0
0
0
0
0
0
0
0
0
0
0
0
0
0
0
0
0
0
0
0
0
0
0
0
0
0
0
0
0
0
0
0
0
0
0
0
0
0
0
0
0
0
0
0
0
0
0
0
0
0
0
0
0
0
0
0
0
0
0
0
0
0
0
0
0
0
0
0
0
0
0
0
0
0
0
0
0
0
0
0
0
0
0
0
0
0
0
0
0
0
0
0
0
0
0
0
0
0
0
0
0
0
0
0
0
0
0
0
0
0
0
0
0
0
0
0
0
0
0
0
0
0
0
0
0
0
0
0
0
0
0
0
0
0
0
0
0
0
0
0
0
0
0
0
0
0
0
0
0
0
0
0
0
0
0
0
0
0
0
0
0
0
0
0
0
0
0
0
0
0
0
0
0
0
0
0
0
0
0
0
0
0
0
0
0
0
0
0
0
0
0
0
0
0
0
0
0
0
0
0
0
0
0
0
0
0
0
0
0
0
0
0
0
0
0
0
0
0
0
0
0
0
0
0
0
0
0
0
0
0
0
0
0
0
0
0
0
0
0
0
0
0
0
0
0
0
0
0
0
0
0
0
0
0
0
0
0
0
0
0
0
0
0
0
0
0
0
0
0
0
0
0
0
0
0
0
0
0
0
0
0
0
0
0
0
0
0
0
0
0
0
0
0
0
0
0
0
0
0
0
0
0
0
0
0
0
0
0
0
0
0
0
0
0
0
0
0
0
0
0
0
0
0
0
0
0
0
0
0
0
0
0
0
0
0
0
0
0
0
0
0
0
0
0
0
0
0
0
0
0
0
0
0
0
0
0
0
0
0
0
0
0
0
0
0
0
0
0
0
0
0
0
0