58
70
65
67
84
58
67
68
65
84
49
56
58
68
65
84
65
32
35
57
48
48
48
48
48
54
57
51
54
0
0
0
0
0
0
67
64
0
0
0
0
0
0
176
64
0
0
0
0
0
0
73
64
0
0
0
0
0
0
176
64
0
0
0
0
0
128
79
64
0
0
0
0
0
254
175
64
0
0
0
0
0
192
82
64
0
0
0
0
0
254
175
64
0
0
0
0
0
0
86
64
0
0
0
0
0
254
175
64
0
0
0
0
0
64
89
64
0
0
0
0
0
254
175
64
0
0
0
0
0
64
92
64
0
0
0
0
0
0
176
64
0
0
0
0
0
128
95
64
0
0
0
0
0
2
176
64
0
0
0
0
0
64
97
64
0
0
0
0
0
3
176
64
0
0
0
0
0
224
98
64
0
0
0
0
0
4
176
64
0
0
0
0
0
128
100
64
0
0
0
0
0
4
176
64
0
0
0
0
0
0
102
64
0
0
0
0
0
4
176
64
0
0
0
0
0
160
103
64
0
0
0
0
0
3
176
64
0
0
0
0
0
64
105
64
0
0
0
0
0
2
176
64
0
0
0
0
0
192
106
64
0
0
0
0
0
1
176
64
0
0
0
0
0
96
108
64
0
0
0
0
0
0
176
64
0
0
0
0
0
224
109
64
0
0
0
0
0
254
175
64
0
0
0
0
0
128
111
64
0
0
0
0
0
252
175
64
0
0
0
0
0
128
112
64
0
0
0
0
0
248
175
64
0
0
0
0
0
80
113
64
0
0
0
0
0
246
175
64
0
0
0
0
0
32
114
64
0
0
0
0
0
244
175
64
0
0
0
0
0
224
114
64
0
0
0
0
0
242
175
64
0
0
0
0
0
176
115
64
0
0
0
0
0
240
175
64
0
0
0
0
0
112
116
64
0
0
0
0
0
238
175
64
0
0
0
0
0
64
117
64
0
0
0
0
0
236
175
64
0
0
0
0
0
0
118
64
0
0
0
0
0
234
175
64
0
0
0
0
0
208
118
64
0
0
0
0
0
232
175
64
0
0
0
0
0
144
119
64
0
0
0
0
0
230
175
64
0
0
0
0
0
96
120
64
0
0
0
0
0
226
175
64
0
0
0
0
0
32
121
64
0
0
0
0
0
224
175
64
0
0
0
0
0
240
121
64
0
0
0
0
0
222
175
64
0
0
0
0
0
176
122
64
0
0
0
0
0
220
175
64
0
0
0
0
0
112
123
64
0
0
0
0
0
218
175
64
0
0
0
0
0
64
124
64
0
0
0
0
0
216
175
64
0
0
0
0
0
0
125
64
0
0
0
0
0
214
175
64
0
0
0
0
0
208
125
64
0
0
0
0
0
210
175
64
0
0
0
0
0
144
126
64
0
0
0
0
0
208
175
64
0
0
0
0
0
96
127
64
0
0
0
0
0
206
175
64
0
0
0
0
0
16
128
64
0
0
0
0
0
202
175
64
0
0
0
0
0
120
128
64
0
0
0
0
0
200
175
64
0
0
0
0
0
216
128
64
0
0
0
0
0
196
175
64
0
0
0
0
0
64
129
64
0
0
0
0
0
192
175
64
0
0
0
0
0
160
129
64
0
0
0
0
0
190
175
64
0
0
0
0
0
8
130
64
0
0
0
0
0
186
175
64
0
0
0
0
0
104
130
64
0
0
0
0
0
182
175
64
0
0
0
0
0
208
130
64
0
0
0
0
0
178
175
64
0
0
0
0
0
56
131
64
0
0
0
0
0
174
175
64
0
0
0
0
0
152
131
64
0
0
0
0
0
170
175
64
0
0
0
0
0
0
132
64
0
0
0
0
0
166
175
64
0
0
0
0
0
96
132
64
0
0
0
0
0
162
175
64
0
0
0
0
0
200
132
64
0
0
0
0
0
158
175
64
0
0
0
0
0
40
133
64
0
0
0
0
0
154
175
64
0
0
0
0
0
136
133
64
0
0
0
0
0
150
175
64
0
0
0
0
0
240
133
64
0
0
0
0
0
146
175
64
0
0
0
0
0
80
134
64
0
0
0
0
0
142
175
64
0
0
0
0
0
184
134
64
0
0
0
0
0
138
175
64
0
0
0
0
0
24
135
64
0
0
0
0
0
134
175
64
0
0
0
0
0
120
135
64
0
0
0
0
0
128
175
64
0
0
0
0
0
224
135
64
0
0
0
0
0
124
175
64
0
0
0
0
0
64
136
64
0
0
0
0
0
120
175
64
0
0
0
0
0
160
136
64
0
0
0
0
0
116
175
64
0
0
0
0
0
8
137
64
0
0
0
0
0
110
175
64
0
0
0
0
0
104
137
64
0
0
0
0
0
106
175
64
0
0
0
0
0
200
137
64
0
0
0
0
0
102
175
64
0
0
0
0
0
48
138
64
0
0
0
0
0
96
175
64
0
0
0
0
0
144
138
64
0
0
0
0
0
92
175
64
0
0
0
0
0
240
138
64
0
0
0
0
0
86
175
64
0
0
0
0
0
88
139
64
0
0
0
0
0
82
175
64
0
0
0
0
0
184
139
64
0
0
0
0
0
76
175
64
0
0
0
0
0
24
140
64
0
0
0
0
0
72
175
64
0
0
0
0
0
120
140
64
0
0
0
0
0
66
175
64
0
0
0
0
0
224
140
64
0
0
0
0
0
60
175
64
0
0
0
0
0
64
141
64
0
0
0
0
0
56
175
64
0
0
0
0
0
160
141
64
0
0
0
0
0
50
175
64
0
0
0
0
0
0
142
64
0
0
0
0
0
44
175
64
0
0
0
0
0
96
142
64
0
0
0
0
0
38
175
64
0
0
0
0
0
192
142
64
0
0
0
0
0
34
175
64
0
0
0
0
0
32
143
64
0
0
0
0
0
28
175
64
0
0
0
0
0
136
143
64
0
0
0
0
0
22
175
64
0
0
0
0
0
232
143
64
0
0
0
0
0
16
175
64
0
0
0
0
0
36
144
64
0
0
0
0
0
8
175
64
0
0
0
0
0
84
144
64
0
0
0
0
0
2
175
64
0
0
0
0
0
132
144
64
0
0
0
0
0
252
174
64
0
0
0
0
0
180
144
64
0
0
0
0
0
246
174
64
0
0
0
0
0
228
144
64
0
0
0
0
0
240
174
64
0
0
0
0
0
24
145
64
0
0
0
0
0
232
174
64
0
0
0
0
0
72
145
64
0
0
0
0
0
226
174
64
0
0
0
0
0
120
145
64
0
0
0
0
0
218
174
64
0
0
0
0
0
168
145
64
0
0
0
0
0
212
174
64
0
0
0
0
0
216
145
64
0
0
0
0
0
204
174
64
0
0
0
0
0
8
146
64
0
0
0
0
0
196
174
64
0
0
0
0
0
60
146
64
0
0
0
0
0
190
174
64
0
0
0
0
0
108
146
64
0
0
0
0
0
182
174
64
0
0
0
0
0
156
146
64
0
0
0
0
0
174
174
64
0
0
0
0
0
204
146
64
0
0
0
0
0
168
174
64
0
0
0
0
0
252
146
64
0
0
0
0
0
160
174
64
0
0
0
0
0
48
147
64
0
0
0
0
0
152
174
64
0
0
0
0
0
96
147
64
0
0
0
0
0
144
174
64
0
0
0
0
0
144
147
64
0
0
0
0
0
136
174
64
0
0
0
0
0
192
147
64
0
0
0
0
0
130
174
64
0
0
0
0
0
240
147
64
0
0
0
0
0
122
174
64
0
0
0
0
0
28
148
64
0
0
0
0
0
114
174
64
0
0
0
0
0
76
148
64
0
0
0
0
0
108
174
64
0
0
0
0
0
124
148
64
0
0
0
0
0
100
174
64
0
0
0
0
0
168
148
64
0
0
0
0
0
92
174
64
0
0
0
0
0
216
148
64
0
0
0
0
0
86
174
64
0
0
0
0
0
8
149
64
0
0
0
0
0
78
174
64
0
0
0
0
0
52
149
64
0
0
0
0
0
70
174
64
0
0
0
0
0
100
149
64
0
0
0
0
0
62
174
64
0
0
0
0
0
144
149
64
0
0
0
0
0
56
174
64
0
0
0
0
0
192
149
64
0
0
0
0
0
48
174
64
0
0
0
0
0
240
149
64
0
0
0
0
0
40
174
64
0
0
0
0
0
28
150
64
0
0
0
0
0
32
174
64
0
0
0
0
0
76
150
64
0
0
0
0
0
22
174
64
0
0
0
0
0
124
150
64
0
0
0
0
0
14
174
64
0
0
0
0
0
168
150
64
0
0
0
0
0
6
174
64
0
0
0
0
0
216
150
64
0
0
0
0
0
254
173
64
0
0
0
0
0
8
151
64
0
0
0
0
0
244
173
64
0
0
0
0
0
52
151
64
0
0
0
0
0
236
173
64
0
0
0
0
0
100
151
64
0
0
0
0
0
226
173
64
0
0
0
0
0
148
151
64
0
0
0
0
0
218
173
64
0
0
0
0
0
192
151
64
0
0
0
0
0
208
173
64
0
0
0
0
0
240
151
64
0
0
0
0
0
200
173
64
0
0
0
0
0
28
152
64
0
0
0
0
0
190
173
64
0
0
0
0
0
76
152
64
0
0
0
0
0
180
173
64
0
0
0
0
0
120
152
64
0
0
0
0
0
172
173
64
0
0
0
0
0
168
152
64
0
0
0
0
0
162
173
64
0
0
0
0
0
212
152
64
0
0
0
0
0
152
173
64
0
0
0
0
0
4
153
64
0
0
0
0
0
142
173
64
0
0
0
0
0
48
153
64
0
0
0
0
0
132
173
64
0
0
0
0
0
96
153
64
0
0
0
0
0
122
173
64
0
0
0
0
0
140
153
64
0
0
0
0
0
112
173
64
0
0
0
0
0
188
153
64
0
0
0
0
0
102
173
64
0
0
0
0
0
232
153
64
0
0
0
0
0
92
173
64
0
0
0
0
0
24
154
64
0
0
0
0
0
82
173
64
0
0
0
0
0
68
154
64
0
0
0
0
0
72
173
64
0
0
0
0
0
116
154
64
0
0
0
0
0
62
173
64
0
0
0
0
0
160
154
64
0
0
0
0
0
52
173
64
0
0
0
0
0
204
154
64
0
0
0
0
0
42
173
64
0
0
0
0
0
248
154
64
0
0
0
0
0
32
173
64
0
0
0
0
0
36
155
64
0
0
0
0
0
22
173
64
0
0
0
0
0
84
155
64
0
0
0
0
0
12
173
64
0
0
0
0
0
124
155
64
0
0
0
0
0
0
173
64
0
0
0
0
0
168
155
64
0
0
0
0
0
246
172
64
0
0
0
0
0
212
155
64
0
0
0
0
0
236
172
64
0
0
0
0
0
0
156
64
0
0
0
0
0
226
172
64
0
0
0
0
0
44
156
64
0
0
0
0
0
214
172
64
0
0
0
0
0
84
156
64
0
0
0
0
0
204
172
64
0
0
0
0
0
128
156
64
0
0
0
0
0
192
172
64
0
0
0
0
0
172
156
64
0
0
0
0
0
182
172
64
0
0
0
0
0
216
156
64
0
0
0
0
0
170
172
64
0
0
0
0
0
4
157
64
0
0
0
0
0
160
172
64
0
0
0
0
0
48
157
64
0
0
0
0
0
148
172
64
0
0
0
0
0
92
157
64
0
0
0
0
0
136
172
64
0
0
0
0
0
136
157
64
0
0
0
0
0
124
172
64
0
0
0
0
0
180
157
64
0
0
0
0
0
112
172
64
0
0
0
0
0
224
157
64
0
0
0
0
0
100
172
64
0
0
0
0
0
12
158
64
0
0
0
0
0
88
172
64
0
0
0
0
0
56
158
64
0
0
0
0
0
76
172
64
0
0
0
0
0
100
158
64
0
0
0
0
0
64
172
64
0
0
0
0
0
144
158
64
0
0
0
0
0
52
172
64
0
0
0
0
0
188
158
64
0
0
0
0
0
40
172
64
0
0
0
0
0
232
158
64
0
0
0
0
0
28
172
64
0
0
0
0
0
20
159
64
0
0
0
0
0
14
172
64
0
0
0
0
0
64
159
64
0
0
0
0
0
2
172
64
0
0
0
0
0
108
159
64
0
0
0
0
0
246
171
64
0
0
0
0
0
152
159
64
0
0
0
0
0
232
171
64
0
0
0
0
0
192
159
64
0
0
0
0
0
220
171
64
0
0
0
0
0
236
159
64
0
0
0
0
0
208
171
64
0
0
0
0
0
12
160
64
0
0
0
0
0
194
171
64
0
0
0
0
0
32
160
64
0
0
0
0
0
182
171
64
0
0
0
0
0
54
160
64
0
0
0
0
0
170
171
64
0
0
0
0
0
76
160
64
0
0
0
0
0
158
171
64
0
0
0
0
0
98
160
64
0
0
0
0
0
144
171
64
0
0
0
0
0
118
160
64
0
0
0
0
0
132
171
64
0
0
0
0
0
140
160
64
0
0
0
0
0
120
171
64
0
0
0
0
0
162
160
64
0
0
0
0
0
106
171
64
0
0
0
0
0
184
160
64
0
0
0
0
0
94
171
64
0
0
0
0
0
204
160
64
0
0
0
0
0
80
171
64
0
0
0
0
0
226
160
64
0
0
0
0
0
68
171
64
0
0
0
0
0
248
160
64
0
0
0
0
0
54
171
64
0
0
0
0
0
12
161
64
0
0
0
0
0
40
171
64
0
0
0
0
0
34
161
64
0
0
0
0
0
26
171
64
0
0
0
0
0
54
161
64
0
0
0
0
0
12
171
64
0
0
0
0
0
76
161
64
0
0
0
0
0
254
170
64
0
0
0
0
0
96
161
64
0
0
0
0
0
240
170
64
0
0
0
0
0
118
161
64
0
0
0
0
0
226
170
64
0
0
0
0
0
138
161
64
0
0
0
0
0
210
170
64
0
0
0
0
0
158
161
64
0
0
0
0
0
196
170
64
0
0
0
0
0
180
161
64
0
0
0
0
0
182
170
64
0
0
0
0
0
200
161
64
0
0
0
0
0
166
170
64
0
0
0
0
0
220
161
64
0
0
0
0
0
152
170
64
0
0
0
0
0
240
161
64
0
0
0
0
0
138
170
64
0
0
0
0
0
4
162
64
0
0
0
0
0
124
170
64
0
0
0
0
0
26
162
64
0
0
0
0
0
108
170
64
0
0
0
0
0
46
162
64
0
0
0
0
0
94
170
64
0
0
0
0
0
66
162
64
0
0
0
0
0
80
170
64
0
0
0
0
0
86
162
64
0
0
0
0
0
66
170
64
0
0
0
0
0
106
162
64
0
0
0
0
0
52
170
64
0
0
0
0
0
126
162
64
0
0
0
0
0
36
170
64
0
0
0
0
0
146
162
64
0
0
0
0
0
22
170
64
0
0
0
0
0
168
162
64
0
0
0
0
0
8
170
64
0
0
0
0
0
188
162
64
0
0
0
0
0
250
169
64
0
0
0
0
0
208
162
64
0
0
0
0
0
234
169
64
0
0
0
0
0
228
162
64
0
0
0
0
0
220
169
64
0
0
0
0
0
250
162
64
0
0
0
0
0
204
169
64
0
0
0
0
0
14
163
64
0
0
0
0
0
190
169
64
0
0
0
0
0
34
163
64
0
0
0
0
0
174
169
64
0
0
0
0
0
54
163
64
0
0
0
0
0
160
169
64
0
0
0
0
0
76
163
64
0
0
0
0
0
144
169
64
0
0
0
0
0
96
163
64
0
0
0
0
0
128
169
64
0
0
0
0
0
116
163
64
0
0
0
0
0
114
169
64
0
0
0
0
0
136
163
64
0
0
0
0
0
98
169
64
0
0
0
0
0
156
163
64
0
0
0
0
0
82
169
64
0
0
0
0
0
176
163
64
0
0
0
0
0
66
169
64
0
0
0
0
0
198
163
64
0
0
0
0
0
52
169
64
0
0
0
0
0
218
163
64
0
0
0
0
0
36
169
64
0
0
0
0
0
236
163
64
0
0
0
0
0
20
169
64
0
0
0
0
0
0
164
64
0
0
0
0
0
4
169
64
0
0
0
0
0
20
164
64
0
0
0
0
0
244
168
64
0
0
0
0
0
40
164
64
0
0
0
0
0
228
168
64
0
0
0
0
0
60
164
64
0
0
0
0
0
212
168
64
0
0
0
0
0
78
164
64
0
0
0
0
0
196
168
64
0
0
0
0
0
96
164
64
0
0
0
0
0
178
168
64
0
0
0
0
0
116
164
64
0
0
0
0
0
162
168
64
0
0
0
0
0
134
164
64
0
0
0
0
0
146
168
64
0
0
0
0
0
152
164
64
0
0
0
0
0
130
168
64
0
0
0
0
0
170
164
64
0
0
0
0
0
112
168
64
0
0
0
0
0
188
164
64
0
0
0
0
0
96
168
64
0
0
0
0
0
208
164
64
0
0
0
0
0
80
168
64
0
0
0
0
0
226
164
64
0
0
0
0
0
64
168
64
0
0
0
0
0
244
164
64
0
0
0
0
0
46
168
64
0
0
0
0
0
6
165
64
0
0
0
0
0
30
168
64
0
0
0
0
0
24
165
64
0
0
0
0
0
14
168
64
0
0
0
0
0
44
165
64
0
0
0
0
0
254
167
64
0
0
0
0
0
62
165
64
0
0
0
0
0
236
167
64
0
0
0
0
0
82
165
64
0
0
0
0
0
220
167
64
0
0
0
0
0
100
165
64
0
0
0
0
0
204
167
64
0
0
0
0
0
120
165
64
0
0
0
0
0
186
167
64
0
0
0
0
0
140
165
64
0
0
0
0
0
170
167
64
0
0
0
0
0
158
165
64
0
0
0
0
0
154
167
64
0
0
0
0
0
178
165
64
0
0
0
0
0
136
167
64
0
0
0
0
0
196
165
64
0
0
0
0
0
118
167
64
0
0
0
0
0
214
165
64
0
0
0
0
0
102
167
64
0
0
0
0
0
234
165
64
0
0
0
0
0
84
167
64
0
0
0
0
0
252
165
64
0
0
0
0
0
66
167
64
0
0
0
0
0
14
166
64
0
0
0
0
0
48
167
64
0
0
0
0
0
32
166
64
0
0
0
0
0
30
167
64
0
0
0
0
0
50
166
64
0
0
0
0
0
14
167
64
0
0
0
0
0
68
166
64
0
0
0
0
0
252
166
64
0
0
0
0
0
86
166
64
0
0
0
0
0
232
166
64
0
0
0
0
0
106
166
64
0
0
0
0
0
214
166
64
0
0
0
0
0
124
166
64
0
0
0
0
0
196
166
64
0
0
0
0
0
142
166
64
0
0
0
0
0
178
166
64
0
0
0
0
0
160
166
64
0
0
0
0
0
160
166
64
0
0
0
0
0
178
166
64
0
0
0
0
0
142
166
64
0
0
0
0
0
196
166
64
0
0
0
0
0
124
166
64
0
0
0
0
0
214
166
64
0
0
0
0
0
106
166
64
0
0
0
0
0
232
166
64
0
0
0
0
0
88
166
64
0
0
0
0
0
250
166
64
0
0
0
0
0
68
166
64
0
0
0
0
0
12
167
64
0
0
0
0
0
50
166
64
0
0
0
0
0
28
167
64
0
0
0
0
0
32
166
64
0
0
0
0
0
46
167
64
0
0
0
0
0
14
166
64
0
0
0
0
0
64
167
64
0
0
0
0
0
252
165
64
0
0
0
0
0
82
167
64
0
0
0
0
0
234
165
64
0
0
0
0
0
98
167
64
0
0
0
0
0
216
165
64
0
0
0
0
0
116
167
64
0
0
0
0
0
198
165
64
0
0
0
0
0
132
167
64
0
0
0
0
0
180
165
64
0
0
0
0
0
148
167
64
0
0
0
0
0
162
165
64
0
0
0
0
0
166
167
64
0
0
0
0
0
144
165
64
0
0
0
0
0
182
167
64
0
0
0
0
0
126
165
64
0
0
0
0
0
200
167
64
0
0
0
0
0
108
165
64
0
0
0
0
0
216
167
64
0
0
0
0
0
90
165
64
0
0
0
0
0
232
167
64
0
0
0
0
0
70
165
64
0
0
0
0
0
250
167
64
0
0
0
0
0
52
165
64
0
0
0
0
0
10
168
64
0
0
0
0
0
32
165
64
0
0
0
0
0
28
168
64
0
0
0
0
0
14
165
64
0
0
0
0
0
44
168
64
0
0
0
0
0
250
164
64
0
0
0
0
0
62
168
64
0
0
0
0
0
230
164
64
0
0
0
0
0
78
168
64
0
0
0
0
0
212
164
64
0
0
0
0
0
96
168
64
0
0
0
0
0
192
164
64
0
0
0
0
0
112
168
64
0
0
0
0
0
172
164
64
0
0
0
0
0
130
168
64
0
0
0
0
0
152
164
64
0
0
0
0
0
146
168
64
0
0
0
0
0
132
164
64
0
0
0
0
0
162
168
64
0
0
0
0
0
114
164
64
0
0
0
0
0
178
168
64
0
0
0
0
0
94
164
64
0
0
0
0
0
196
168
64
0
0
0
0
0
74
164
64
0
0
0
0
0
212
168
64
0
0
0
0
0
56
164
64
0
0
0
0
0
228
168
64
0
0
0
0
0
36
164
64
0
0
0
0
0
244
168
64
0
0
0
0
0
16
164
64
0
0
0
0
0
4
169
64
0
0
0
0
0
254
163
64
0
0
0
0
0
20
169
64
0
0
0
0
0
234
163
64
0
0
0
0
0
34
169
64
0
0
0
0
0
216
163
64
0
0
0
0
0
50
169
64
0
0
0
0
0
198
163
64
0
0
0
0
0
66
169
64
0
0
0
0
0
178
163
64
0
0
0
0
0
80
169
64
0
0
0
0
0
160
163
64
0
0
0
0
0
96
169
64
0
0
0
0
0
142
163
64
0
0
0
0
0
110
169
64
0
0
0
0
0
122
163
64
0
0
0
0
0
126
169
64
0
0
0
0
0
104
163
64
0
0
0
0
0
140
169
64
0
0
0
0
0
84
163
64
0
0
0
0
0
156
169
64
0
0
0
0
0
66
163
64
0
0
0
0
0
170
169
64
0
0
0
0
0
46
163
64
0
0
0
0
0
184
169
64
0
0
0
0
0
28
163
64
0
0
0
0
0
200
169
64
0
0
0
0
0
8
163
64
0
0
0
0
0
214
169
64
0
0
0
0
0
244
162
64
0
0
0
0
0
230
169
64
0
0
0
0
0
224
162
64
0
0
0
0
0
244
169
64
0
0
0
0
0
202
162
64
0
0
0
0
0
4
170
64
0
0
0
0
0
182
162
64
0
0
0
0
0
18
170
64
0
0
0
0
0
162
162
64
0
0
0
0
0
34
170
64
0
0
0
0
0
140
162
64
0
0
0
0
0
48
170
64
0
0
0
0
0
118
162
64
0
0
0
0
0
62
170
64
0
0
0
0
0
98
162
64
0
0
0
0
0
78
170
64
0
0
0
0
0
76
162
64
0
0
0
0
0
92
170
64
0
0
0
0
0
54
162
64
0
0
0
0
0
108
170
64
0
0
0
0
0
34
162
64
0
0
0
0
0
122
170
64
0
0
0
0
0
12
162
64
0
0
0
0
0
136
170
64
0
0
0
0
0
246
161
64
0
0
0
0
0
150
170
64
0
0
0
0
0
226
161
64
0
0
0
0
0
164
170
64
0
0
0
0
0
204
161
64
0
0
0
0
0
178
170
64
0
0
0
0
0
184
161
64
0
0
0
0
0
192
170
64
0
0
0
0
0
162
161
64
0
0
0
0
0
206
170
64
0
0
0
0
0
142
161
64
0
0
0
0
0
220
170
64
0
0
0
0
0
120
161
64
0
0
0
0
0
234
170
64
0
0
0
0
0
100
161
64
0
0
0
0
0
248
170
64
0
0
0
0
0
80
161
64
0
0
0
0
0
6
171
64
0
0
0
0
0
58
161
64
0
0
0
0
0
20
171
64
0
0
0
0
0
38
161
64
0
0
0
0
0
32
171
64
0
0
0
0
0
18
161
64
0
0
0
0
0
46
171
64
0
0
0
0
0
252
160
64
0
0
0
0
0
60
171
64
0
0
0
0
0
232
160
64
0
0
0
0
0
72
171
64
0
0
0
0
0
212
160
64
0
0
0
0
0
86
171
64
0
0
0
0
0
190
160
64
0
0
0
0
0
98
171
64
0
0
0
0
0
170
160
64
0
0
0
0
0
112
171
64
0
0
0
0
0
148
160
64
0
0
0
0
0
124
171
64
0
0
0
0
0
128
160
64
0
0
0
0
0
138
171
64
0
0
0
0
0
106
160
64
0
0
0
0
0
150
171
64
0
0
0
0
0
84
160
64
0
0
0
0
0
164
171
64
0
0
0
0
0
62
160
64
0
0
0
0
0
176
171
64
0
0
0
0
0
42
160
64
0
0
0
0
0
190
171
64
0
0
0
0
0
20
160
64
0
0
0
0
0
202
171
64
0
0
0
0
0
252
159
64
0
0
0
0
0
214
171
64
0
0
0
0
0
208
159
64
0
0
0
0
0
228
171
64
0
0
0
0
0
164
159
64
0
0
0
0
0
240
171
64
0
0
0
0
0
120
159
64
0
0
0
0
0
252
171
64
0
0
0
0
0
76
159
64
0
0
0
0
0
8
172
64
0
0
0
0
0
28
159
64
0
0
0
0
0
20
172
64
0
0
0
0
0
240
158
64
0
0
0
0
0
34
172
64
0
0
0
0
0
196
158
64
0
0
0
0
0
46
172
64
0
0
0
0
0
152
158
64
0
0
0
0
0
58
172
64
0
0
0
0
0
108
158
64
0
0
0
0
0
70
172
64
0
0
0
0
0
64
158
64
0
0
0
0
0
80
172
64
0
0
0
0
0
20
158
64
0
0
0
0
0
92
172
64
0
0
0
0
0
232
157
64
0
0
0
0
0
104
172
64
0
0
0
0
0
184
157
64
0
0
0
0
0
116
172
64
0
0
0
0
0
140
157
64
0
0
0
0
0
128
172
64
0
0
0
0
0
96
157
64
0
0
0
0
0
140
172
64
0
0
0
0
0
52
157
64
0
0
0
0
0
150
172
64
0
0
0
0
0
8
157
64
0
0
0
0
0
162
172
64
0
0
0
0
0
220
156
64
0
0
0
0
0
174
172
64
0
0
0
0
0
176
156
64
0
0
0
0
0
186
172
64
0
0
0
0
0
132
156
64
0
0
0
0
0
196
172
64
0
0
0
0
0
88
156
64
0
0
0
0
0
208
172
64
0
0
0
0
0
44
156
64
0
0
0
0
0
220
172
64
0
0
0
0
0
0
156
64
0
0
0
0
0
230
172
64
0
0
0
0
0
212
155
64
0
0
0
0
0
242
172
64
0
0
0
0
0
168
155
64
0
0
0
0
0
252
172
64
0
0
0
0
0
120
155
64
0
0
0
0
0
8
173
64
0
0
0
0
0
76
155
64
0
0
0
0
0
20
173
64
0
0
0
0
0
32
155
64
0
0
0
0
0
30
173
64
0
0
0
0
0
244
154
64
0
0
0
0
0
42
173
64
0
0
0
0
0
200
154
64
0
0
0
0
0
52
173
64
0
0
0
0
0
152
154
64
0
0
0
0
0
62
173
64
0
0
0
0
0
108
154
64
0
0
0
0
0
74
173
64
0
0
0
0
0
64
154
64
0
0
0
0
0
84
173
64
0
0
0
0
0
16
154
64
0
0
0
0
0
94
173
64
0
0
0
0
0
228
153
64
0
0
0
0
0
104
173
64
0
0
0
0
0
184
153
64
0
0
0
0
0
114
173
64
0
0
0
0
0
136
153
64
0
0
0
0
0
124
173
64
0
0
0
0
0
92
153
64
0
0
0
0
0
134
173
64
0
0
0
0
0
48
153
64
0
0
0
0
0
142
173
64
0
0
0
0
0
0
153
64
0
0
0
0
0
152
173
64
0
0
0
0
0
212
152
64
0
0
0
0
0
162
173
64
0
0
0
0
0
164
152
64
0
0
0
0
0
170
173
64
0
0
0
0
0
116
152
64
0
0
0
0
0
180
173
64
0
0
0
0
0
72
152
64
0
0
0
0
0
190
173
64
0
0
0
0
0
24
152
64
0
0
0
0
0
198
173
64
0
0
0
0
0
232
151
64
0
0
0
0
0
208
173
64
0
0
0
0
0
184
151
64
0
0
0
0
0
218
173
64
0
0
0
0
0
136
151
64
0
0
0
0
0
226
173
64
0
0
0
0
0
88
151
64
0
0
0
0
0
236
173
64
0
0
0
0
0
40
151
64
0
0
0
0
0
244
173
64
0
0
0
0
0
248
150
64
0
0
0
0
0
254
173
64
0
0
0
0
0
200
150
64
0
0
0
0
0
8
174
64
0
0
0
0
0
152
150
64
0
0
0
0
0
16
174
64
0
0
0
0
0
104
150
64
0
0
0
0
0
24
174
64
0
0
0
0
0
56
150
64
0
0
0
0
0
34
174
64
0
0
0
0
0
8
150
64
0
0
0
0
0
42
174
64
0
0
0
0
0
216
149
64
0
0
0
0
0
50
174
64
0
0
0
0
0
172
149
64
0
0
0
0
0
58
174
64
0
0
0
0
0
124
149
64
0
0
0
0
0
66
174
64
0
0
0
0
0
80
149
64
0
0
0
0
0
74
174
64
0
0
0
0
0
36
149
64
0
0
0
0
0
82
174
64
0
0
0
0
0
244
148
64
0
0
0
0
0
90
174
64
0
0
0
0
0
200
148
64
0
0
0
0
0
98
174
64
0
0
0
0
0
152
148
64
0
0
0
0
0
104
174
64
0
0
0
0
0
108
148
64
0
0
0
0
0
112
174
64
0
0
0
0
0
60
148
64
0
0
0
0
0
120
174
64
0
0
0
0
0
16
148
64
0
0
0
0
0
126
174
64
0
0
0
0
0
224
147
64
0
0
0
0
0
134
174
64
0
0
0
0
0
176
147
64
0
0
0
0
0
142
174
64
0
0
0
0
0
128
147
64
0
0
0
0
0
148
174
64
0
0
0
0
0
80
147
64
0
0
0
0
0
156
174
64
0
0
0
0
0
32
147
64
0
0
0
0
0
162
174
64
0
0
0
0
0
240
146
64
0
0
0
0
0
170
174
64
0
0
0
0
0
192
146
64
0
0
0
0
0
176
174
64
0
0
0
0
0
144
146
64
0
0
0
0
0
184
174
64
0
0
0
0
0
96
146
64
0
0
0
0
0
190
174
64
0
0
0
0
0
48
146
64
0
0
0
0
0
198
174
64
0
0
0
0
0
0
146
64
0
0
0
0
0
204
174
64
0
0
0
0
0
208
145
64
0
0
0
0
0
212
174
64
0
0
0
0
0
160
145
64
0
0
0
0
0
218
174
64
0
0
0
0
0
112
145
64
0
0
0
0
0
224
174
64
0
0
0
0
0
64
145
64
0
0
0
0
0
232
174
64
0
0
0
0
0
12
145
64
0
0
0
0
0
238
174
64
0
0
0
0
0
220
144
64
0
0
0
0
0
244
174
64
0
0
0
0
0
172
144
64
0
0
0
0
0
252
174
64
0
0
0
0
0
124
144
64
0
0
0
0
0
2
175
64
0
0
0
0
0
76
144
64
0
0
0
0
0
8
175
64
0
0
0
0
0
28
144
64
0
0
0
0
0
14
175
64
0
0
0
0
0
216
143
64
0
0
0
0
0
20
175
64
0
0
0
0
0
112
143
64
0
0
0
0
0
24
175
64
0
0
0
0
0
16
143
64
0
0
0
0
0
30
175
64
0
0
0
0
0
176
142
64
0
0
0
0
0
36
175
64
0
0
0
0
0
0
0
0
0
0
0
0
0
0
0
0
0
0
0
0
0
0
0
0
0
0
0
0
0
0
0
0
0
0
0
0
0
0
0
0
0
0
0
0
0
0
0
0
0
0
0
0
0
0
0
0
0
0
0
0
0
0
0
0
0
0
0
0
0
0
0
0
0
0
0
0
0
0
0
0
0
0
0
0
0
0
0
0
0
0
0
0
0
0
0
0
0
0
0
0
0
0
0
0
0
0
0
0
0
0
0
0
0
0
0
0
0
0
0
0
0
0
0
0
0
0
0
0
0
0
0
0
0
0
0
0
0
0
0
0
0
0
0
0
0
0
0
0
0
0
0
0
0
0
0
0
0
0
0
0
0
0
0
0
0
0
0
0
0
0
0
0
0
0
0
0
0
0
0
0
0
0
0
0
0
0
0
0
0
0
0
0
0
0
0
0
0
0
0
0
0
0
0
0
0
0
0
0
0
0
0
0
0
0
0
0
0
0
0
0
0
0
0
0
0
0
0
0
0
0
0
0
0
0
0
0
0
0
0
0
0
0
0
0
0
0
0
0
0
0
0
0
0
0
0
0
0
0
0
0
0
0
0
0
0
0
0
0
0
0
0
0
0
0
0
0
0
0
0
0
0
0
0
0
0
0
0
0
0
0
0
0
0
0
0
0
0
0
0
0
0
0
0
0
0
0
0
0
0
0
0
0
0
0
0
0
0
0
0
0
0
0
0
0
0
0
0
0
0
0
0
0
0
0
0
0
0
0
0
0
0
0
0
0
0
0
0
0
0
0
0
0
0
0
0
0
0
0
0
0
0
0
0
0
0
0
0
0
0
0
0
0
0
0
0
0
0
0
0
0
0
0
0
0
0
0
0
0
0
0
0
0
0
0
0
0
0
0
0
0
0
0
0
0
0
0
0
0
0
0
0
0
0
0
0
0
0
0
0
0
0
0
0
0
0
0
0
0
0
0
0
0
0
0
0
0
0
0
0
0
0
0
0
0
0
0
0
0
0
0
0
0
0
0
0
0
0
0
0
0
0
0
0
0
0
0
0
0
0
0
0
0
0
0
0
0
0
0
0
0
0
0
0
0
0
0
0
0
0
0
0
0
0
0
0
0
0
0
0
0
0
0
0
0
0
0
0
0
0
0
0
0
0
0
0
0
0
0
0
0
0
0
0
0
0
0
0
0
0
0
0
0
0
0
0
0
0
0
0
0
0
0
0
0
0
0
0
0
0
0
0
0
0
0
0
0
0
0
0
0
0
0
0
0
0
0
0
0
0
0
0
0
0
0
0
0
0
0
0
0
0
0
0
0
0
0
0
0
0
0
0
0
0
0
0
0
0
0
0
0
0
0
0
0
0
0
0
0
0
0
0
0
0
0
0
0
0
0
0
0
0
0
0
0
0
0
0
0
0
0
0
0
0
0
0
0
0
0
0
0
0
0
0
0
0
0
0
0
0
0
0
0
0
0
0
0
0
0
0
0
0
0
0
0
0
0
0
0
0
0
0
0
0
0
0
0
0
0
0
0
0
0
0
0
0
0
0
0
0
0
0
0
0
0
0
0
0
0
0
0
0
0
0
0
0
0
0
0
0
0
0
0
0
0
0
0
0
0
0
0
0
0
0
0
0
0
0
0
0
0
0
0
0
0
0
0
0
0
0
0
0
0
0
0
0
0
0
0
0
0
0
0
0
0
0
0
0
0
0
0
0
0
0
0
0
0
0
0
0
0
0
0
0
0
0
0
0
0
0
0
0
0
0
0
0
0
0
0
0
0
0
0
0
0
0
0
0
0
0
0
0
0
0
0
0
0
0
0
0
0
0
0
0
0
0
0
0
0
0
0
0
0
0
0
0
0
0
0
0
0
0
0
0
0
0
0
0
0
0
0
0
0
0
0
0
0
0
0
0
0
0
0
0
0
0
0
0
0
0
0
0
0
0
0
0
0
0
0
0
0
0
0
0
0
0
0
0
0
0
0
0
0
0
0
0
0
0
0
0
0
0
0
0
0
0
0
0
0
0
0
0
0
0
0
0
0
0
0
0
0
0
0
0
0
0
0
0
0
0
0
0
0
0
0
0
0
0
0
0
0
0
0
0
0
0
0
0
0
0
0
0
0
0
0
0
0
0
0
0
0
0
0
0
0
0
0
0
0
0
0
0
0
0
0
0
0
0
0
0
0
0
0
0
0
0
0
0
0
0
0
0
0
0
0
0
0
0
0
0
0
0
0
0
0
0
0
0
0
0
0
0
0
0
0
0
0
0
0
0
0
0
0
0
0
0
0
0
0
0
0
0
0
0
0
0
0
0
0
0
0
0
0
0
0
0
0
0
0
0
0
0
0
0
0
0
0
0
0
0
0
0
0
0
0
0
0
0
0
0
0
0
0
0
0
0
0
0
0
0
0
0
0
0
0
0
0
0
0
0
0
0
0
0
0
0
0
0
0
0
0
0
0
0
0
0
0
0
0
0
0
0
0
0
0
0
0
0
0
0
0
0
0
0
0
0
0
0
0
0
0
0
0
0
0
0
0
0
0
0
0
0
0
0
0
0
0
0
0
0
0
0
0
0
0
0
0
0
0
0
0
0
0
0
0
0
0
0
0
0
0
0
0
0
0
0
0
0
0
0
0
0
0
0
0
0
0
0
0
0
0
0
0
0
0
0
0
0
0
0
0
0
0
0
0
0
0
0
0
0
0
0
0
0
0
0
0
0
0
0
0
0
0
0
0
0
0
0
0
0
0
0
0
0
0
0
0
0