58
70
65
67
84
58
67
68
65
84
49
56
58
68
65
84
65
32
35
57
48
48
48
48
48
54
57
51
54
0
0
0
0
0
80
142
64
0
0
0
0
0
42
175
64
0
0
0
0
0
240
141
64
0
0
0
0
0
46
175
64
0
0
0
0
0
136
141
64
0
0
0
0
0
52
175
64
0
0
0
0
0
40
141
64
0
0
0
0
0
56
175
64
0
0
0
0
0
200
140
64
0
0
0
0
0
62
175
64
0
0
0
0
0
104
140
64
0
0
0
0
0
68
175
64
0
0
0
0
0
8
140
64
0
0
0
0
0
72
175
64
0
0
0
0
0
168
139
64
0
0
0
0
0
78
175
64
0
0
0
0
0
72
139
64
0
0
0
0
0
82
175
64
0
0
0
0
0
232
138
64
0
0
0
0
0
88
175
64
0
0
0
0
0
136
138
64
0
0
0
0
0
92
175
64
0
0
0
0
0
40
138
64
0
0
0
0
0
98
175
64
0
0
0
0
0
200
137
64
0
0
0
0
0
102
175
64
0
0
0
0
0
96
137
64
0
0
0
0
0
106
175
64
0
0
0
0
0
0
137
64
0
0
0
0
0
112
175
64
0
0
0
0
0
152
136
64
0
0
0
0
0
116
175
64
0
0
0
0
0
48
136
64
0
0
0
0
0
120
175
64
0
0
0
0
0
200
135
64
0
0
0
0
0
124
175
64
0
0
0
0
0
104
135
64
0
0
0
0
0
128
175
64
0
0
0
0
0
0
135
64
0
0
0
0
0
132
175
64
0
0
0
0
0
152
134
64
0
0
0
0
0
134
175
64
0
0
0
0
0
48
134
64
0
0
0
0
0
138
175
64
0
0
0
0
0
200
133
64
0
0
0
0
0
142
175
64
0
0
0
0
0
96
133
64
0
0
0
0
0
146
175
64
0
0
0
0
0
248
132
64
0
0
0
0
0
148
175
64
0
0
0
0
0
144
132
64
0
0
0
0
0
152
175
64
0
0
0
0
0
40
132
64
0
0
0
0
0
156
175
64
0
0
0
0
0
200
131
64
0
0
0
0
0
158
175
64
0
0
0
0
0
96
131
64
0
0
0
0
0
162
175
64
0
0
0
0
0
0
131
64
0
0
0
0
0
164
175
64
0
0
0
0
0
152
130
64
0
0
0
0
0
168
175
64
0
0
0
0
0
56
130
64
0
0
0
0
0
170
175
64
0
0
0
0
0
208
129
64
0
0
0
0
0
174
175
64
0
0
0
0
0
112
129
64
0
0
0
0
0
176
175
64
0
0
0
0
0
8
129
64
0
0
0
0
0
180
175
64
0
0
0
0
0
168
128
64
0
0
0
0
0
182
175
64
0
0
0
0
0
72
128
64
0
0
0
0
0
186
175
64
0
0
0
0
0
192
127
64
0
0
0
0
0
188
175
64
0
0
0
0
0
0
127
64
0
0
0
0
0
192
175
64
0
0
0
0
0
48
126
64
0
0
0
0
0
194
175
64
0
0
0
0
0
112
125
64
0
0
0
0
0
198
175
64
0
0
0
0
0
160
124
64
0
0
0
0
0
200
175
64
0
0
0
0
0
208
123
64
0
0
0
0
0
202
175
64
0
0
0
0
0
16
123
64
0
0
0
0
0
206
175
64
0
0
0
0
0
64
122
64
0
0
0
0
0
208
175
64
0
0
0
0
0
112
121
64
0
0
0
0
0
210
175
64
0
0
0
0
0
160
120
64
0
0
0
0
0
212
175
64
0
0
0
0
0
208
119
64
0
0
0
0
0
214
175
64
0
0
0
0
0
0
119
64
0
0
0
0
0
216
175
64
0
0
0
0
0
48
118
64
0
0
0
0
0
216
175
64
0
0
0
0
0
96
117
64
0
0
0
0
0
218
175
64
0
0
0
0
0
144
116
64
0
0
0
0
0
220
175
64
0
0
0
0
0
192
115
64
0
0
0
0
0
222
175
64
0
0
0
0
0
240
114
64
0
0
0
0
0
222
175
64
0
0
0
0
0
32
114
64
0
0
0
0
0
224
175
64
0
0
0
0
0
80
113
64
0
0
0
0
0
226
175
64
0
0
0
0
0
128
112
64
0
0
0
0
0
228
175
64
0
0
0
0
0
96
111
64
0
0
0
0
0
230
175
64
0
0
0
0
0
192
109
64
0
0
0
0
0
232
175
64
0
0
0
0
0
32
108
64
0
0
0
0
0
232
175
64
0
0
0
0
0
128
106
64
0
0
0
0
0
234
175
64
0
0
0
0
0
224
104
64
0
0
0
0
0
236
175
64
0
0
0
0
0
64
103
64
0
0
0
0
0
238
175
64
0
0
0
0
0
160
101
64
0
0
0
0
0
240
175
64
0
0
0
0
0
0
100
64
0
0
0
0
0
242
175
64
0
0
0
0
0
96
98
64
0
0
0
0
0
242
175
64
0
0
0
0
0
192
96
64
0
0
0
0
0
244
175
64
0
0
0
0
0
64
94
64
0
0
0
0
0
244
175
64
0
0
0
0
0
0
91
64
0
0
0
0
0
246
175
64
0
0
0
0
0
192
87
64
0
0
0
0
0
246
175
64
0
0
0
0
0
128
84
64
0
0
0
0
0
246
175
64
0
0
0
0
0
64
81
64
0
0
0
0
0
246
175
64
0
0
0
0
0
0
76
64
0
0
0
0
0
248
175
64
0
0
0
0
0
128
69
64
0
0
0
0
0
248
175
64
0
0
0
0
0
0
62
64
0
0
0
0
0
248
175
64
0
0
0
0
0
0
49
64
0
0
0
0
0
250
175
64
0
0
0
0
0
0
20
64
0
0
0
0
0
250
175
64
0
0
0
0
0
0
32
192
0
0
0
0
0
250
175
64
0
0
0
0
0
0
53
192
0
0
0
0
0
250
175
64
0
0
0
0
0
0
65
192
0
0
0
0
0
250
175
64
0
0
0
0
0
128
71
192
0
0
0
0
0
252
175
64
0
0
0
0
0
0
78
192
0
0
0
0
0
252
175
64
0
0
0
0
0
64
82
192
0
0
0
0
0
252
175
64
0
0
0
0
0
64
85
192
0
0
0
0
0
252
175
64
0
0
0
0
0
128
88
192
0
0
0
0
0
250
175
64
0
0
0
0
0
192
91
192
0
0
0
0
0
250
175
64
0
0
0
0
0
0
95
192
0
0
0
0
0
250
175
64
0
0
0
0
0
0
97
192
0
0
0
0
0
248
175
64
0
0
0
0
0
160
98
192
0
0
0
0
0
248
175
64
0
0
0
0
0
64
100
192
0
0
0
0
0
246
175
64
0
0
0
0
0
224
101
192
0
0
0
0
0
246
175
64
0
0
0
0
0
96
103
192
0
0
0
0
0
244
175
64
0
0
0
0
0
0
105
192
0
0
0
0
0
244
175
64
0
0
0
0
0
160
106
192
0
0
0
0
0
242
175
64
0
0
0
0
0
64
108
192
0
0
0
0
0
240
175
64
0
0
0
0
0
224
109
192
0
0
0
0
0
240
175
64
0
0
0
0
0
96
111
192
0
0
0
0
0
238
175
64
0
0
0
0
0
128
112
192
0
0
0
0
0
238
175
64
0
0
0
0
0
80
113
192
0
0
0
0
0
236
175
64
0
0
0
0
0
32
114
192
0
0
0
0
0
236
175
64
0
0
0
0
0
240
114
192
0
0
0
0
0
234
175
64
0
0
0
0
0
192
115
192
0
0
0
0
0
234
175
64
0
0
0
0
0
144
116
192
0
0
0
0
0
232
175
64
0
0
0
0
0
80
117
192
0
0
0
0
0
230
175
64
0
0
0
0
0
32
118
192
0
0
0
0
0
230
175
64
0
0
0
0
0
240
118
192
0
0
0
0
0
228
175
64
0
0
0
0
0
192
119
192
0
0
0
0
0
226
175
64
0
0
0
0
0
128
120
192
0
0
0
0
0
224
175
64
0
0
0
0
0
80
121
192
0
0
0
0
0
222
175
64
0
0
0
0
0
16
122
192
0
0
0
0
0
220
175
64
0
0
0
0
0
224
122
192
0
0
0
0
0
218
175
64
0
0
0
0
0
160
123
192
0
0
0
0
0
216
175
64
0
0
0
0
0
112
124
192
0
0
0
0
0
212
175
64
0
0
0
0
0
48
125
192
0
0
0
0
0
210
175
64
0
0
0
0
0
0
126
192
0
0
0
0
0
208
175
64
0
0
0
0
0
192
126
192
0
0
0
0
0
204
175
64
0
0
0
0
0
128
127
192
0
0
0
0
0
202
175
64
0
0
0
0
0
32
128
192
0
0
0
0
0
200
175
64
0
0
0
0
0
136
128
192
0
0
0
0
0
198
175
64
0
0
0
0
0
232
128
192
0
0
0
0
0
194
175
64
0
0
0
0
0
72
129
192
0
0
0
0
0
192
175
64
0
0
0
0
0
176
129
192
0
0
0
0
0
190
175
64
0
0
0
0
0
16
130
192
0
0
0
0
0
188
175
64
0
0
0
0
0
120
130
192
0
0
0
0
0
184
175
64
0
0
0
0
0
216
130
192
0
0
0
0
0
182
175
64
0
0
0
0
0
64
131
192
0
0
0
0
0
178
175
64
0
0
0
0
0
160
131
192
0
0
0
0
0
176
175
64
0
0
0
0
0
8
132
192
0
0
0
0
0
172
175
64
0
0
0
0
0
112
132
192
0
0
0
0
0
168
175
64
0
0
0
0
0
208
132
192
0
0
0
0
0
164
175
64
0
0
0
0
0
56
133
192
0
0
0
0
0
160
175
64
0
0
0
0
0
160
133
192
0
0
0
0
0
156
175
64
0
0
0
0
0
8
134
192
0
0
0
0
0
152
175
64
0
0
0
0
0
112
134
192
0
0
0
0
0
148
175
64
0
0
0
0
0
208
134
192
0
0
0
0
0
144
175
64
0
0
0
0
0
56
135
192
0
0
0
0
0
140
175
64
0
0
0
0
0
160
135
192
0
0
0
0
0
134
175
64
0
0
0
0
0
0
136
192
0
0
0
0
0
130
175
64
0
0
0
0
0
96
136
192
0
0
0
0
0
126
175
64
0
0
0
0
0
200
136
192
0
0
0
0
0
120
175
64
0
0
0
0
0
40
137
192
0
0
0
0
0
116
175
64
0
0
0
0
0
136
137
192
0
0
0
0
0
112
175
64
0
0
0
0
0
232
137
192
0
0
0
0
0
106
175
64
0
0
0
0
0
72
138
192
0
0
0
0
0
102
175
64
0
0
0
0
0
168
138
192
0
0
0
0
0
96
175
64
0
0
0
0
0
8
139
192
0
0
0
0
0
90
175
64
0
0
0
0
0
112
139
192
0
0
0
0
0
86
175
64
0
0
0
0
0
208
139
192
0
0
0
0
0
80
175
64
0
0
0
0
0
48
140
192
0
0
0
0
0
74
175
64
0
0
0
0
0
152
140
192
0
0
0
0
0
68
175
64
0
0
0
0
0
248
140
192
0
0
0
0
0
62
175
64
0
0
0
0
0
96
141
192
0
0
0
0
0
54
175
64
0
0
0
0
0
200
141
192
0
0
0
0
0
48
175
64
0
0
0
0
0
40
142
192
0
0
0
0
0
42
175
64
0
0
0
0
0
144
142
192
0
0
0
0
0
36
175
64
0
0
0
0
0
248
142
192
0
0
0
0
0
30
175
64
0
0
0
0
0
88
143
192
0
0
0
0
0
22
175
64
0
0
0
0
0
184
143
192
0
0
0
0
0
16
175
64
0
0
0
0
0
16
144
192
0
0
0
0
0
10
175
64
0
0
0
0
0
64
144
192
0
0
0
0
0
4
175
64
0
0
0
0
0
112
144
192
0
0
0
0
0
254
174
64
0
0
0
0
0
160
144
192
0
0
0
0
0
248
174
64
0
0
0
0
0
208
144
192
0
0
0
0
0
242
174
64
0
0
0
0
0
0
145
192
0
0
0
0
0
236
174
64
0
0
0
0
0
48
145
192
0
0
0
0
0
230
174
64
0
0
0
0
0
96
145
192
0
0
0
0
0
224
174
64
0
0
0
0
0
144
145
192
0
0
0
0
0
218
174
64
0
0
0
0
0
192
145
192
0
0
0
0
0
212
174
64
0
0
0
0
0
240
145
192
0
0
0
0
0
206
174
64
0
0
0
0
0
32
146
192
0
0
0
0
0
200
174
64
0
0
0
0
0
76
146
192
0
0
0
0
0
192
174
64
0
0
0
0
0
124
146
192
0
0
0
0
0
184
174
64
0
0
0
0
0
172
146
192
0
0
0
0
0
178
174
64
0
0
0
0
0
220
146
192
0
0
0
0
0
170
174
64
0
0
0
0
0
12
147
192
0
0
0
0
0
162
174
64
0
0
0
0
0
60
147
192
0
0
0
0
0
154
174
64
0
0
0
0
0
108
147
192
0
0
0
0
0
146
174
64
0
0
0
0
0
156
147
192
0
0
0
0
0
138
174
64
0
0
0
0
0
200
147
192
0
0
0
0
0
130
174
64
0
0
0
0
0
248
147
192
0
0
0
0
0
122
174
64
0
0
0
0
0
40
148
192
0
0
0
0
0
114
174
64
0
0
0
0
0
88
148
192
0
0
0
0
0
104
174
64
0
0
0
0
0
136
148
192
0
0
0
0
0
96
174
64
0
0
0
0
0
184
148
192
0
0
0
0
0
88
174
64
0
0
0
0
0
232
148
192
0
0
0
0
0
78
174
64
0
0
0
0
0
24
149
192
0
0
0
0
0
70
174
64
0
0
0
0
0
72
149
192
0
0
0
0
0
60
174
64
0
0
0
0
0
120
149
192
0
0
0
0
0
52
174
64
0
0
0
0
0
168
149
192
0
0
0
0
0
42
174
64
0
0
0
0
0
216
149
192
0
0
0
0
0
34
174
64
0
0
0
0
0
12
150
192
0
0
0
0
0
24
174
64
0
0
0
0
0
60
150
192
0
0
0
0
0
16
174
64
0
0
0
0
0
108
150
192
0
0
0
0
0
6
174
64
0
0
0
0
0
156
150
192
0
0
0
0
0
254
173
64
0
0
0
0
0
204
150
192
0
0
0
0
0
244
173
64
0
0
0
0
0
252
150
192
0
0
0
0
0
236
173
64
0
0
0
0
0
44
151
192
0
0
0
0
0
226
173
64
0
0
0
0
0
92
151
192
0
0
0
0
0
216
173
64
0
0
0
0
0
140
151
192
0
0
0
0
0
208
173
64
0
0
0
0
0
188
151
192
0
0
0
0
0
198
173
64
0
0
0
0
0
236
151
192
0
0
0
0
0
188
173
64
0
0
0
0
0
28
152
192
0
0
0
0
0
180
173
64
0
0
0
0
0
76
152
192
0
0
0
0
0
170
173
64
0
0
0
0
0
124
152
192
0
0
0
0
0
160
173
64
0
0
0
0
0
172
152
192
0
0
0
0
0
150
173
64
0
0
0
0
0
220
152
192
0
0
0
0
0
140
173
64
0
0
0
0
0
12
153
192
0
0
0
0
0
130
173
64
0
0
0
0
0
60
153
192
0
0
0
0
0
120
173
64
0
0
0
0
0
104
153
192
0
0
0
0
0
110
173
64
0
0
0
0
0
152
153
192
0
0
0
0
0
100
173
64
0
0
0
0
0
200
153
192
0
0
0
0
0
90
173
64
0
0
0
0
0
248
153
192
0
0
0
0
0
80
173
64
0
0
0
0
0
40
154
192
0
0
0
0
0
70
173
64
0
0
0
0
0
84
154
192
0
0
0
0
0
60
173
64
0
0
0
0
0
132
154
192
0
0
0
0
0
50
173
64
0
0
0
0
0
180
154
192
0
0
0
0
0
40
173
64
0
0
0
0
0
224
154
192
0
0
0
0
0
28
173
64
0
0
0
0
0
16
155
192
0
0
0
0
0
18
173
64
0
0
0
0
0
64
155
192
0
0
0
0
0
8
173
64
0
0
0
0
0
108
155
192
0
0
0
0
0
252
172
64
0
0
0
0
0
156
155
192
0
0
0
0
0
242
172
64
0
0
0
0
0
200
155
192
0
0
0
0
0
232
172
64
0
0
0
0
0
248
155
192
0
0
0
0
0
220
172
64
0
0
0
0
0
36
156
192
0
0
0
0
0
210
172
64
0
0
0
0
0
84
156
192
0
0
0
0
0
198
172
64
0
0
0
0
0
128
156
192
0
0
0
0
0
188
172
64
0
0
0
0
0
176
156
192
0
0
0
0
0
178
172
64
0
0
0
0
0
220
156
192
0
0
0
0
0
166
172
64
0
0
0
0
0
12
157
192
0
0
0
0
0
156
172
64
0
0
0
0
0
56
157
192
0
0
0
0
0
144
172
64
0
0
0
0
0
100
157
192
0
0
0
0
0
134
172
64
0
0
0
0
0
148
157
192
0
0
0
0
0
124
172
64
0
0
0
0
0
192
157
192
0
0
0
0
0
112
172
64
0
0
0
0
0
236
157
192
0
0
0
0
0
102
172
64
0
0
0
0
0
28
158
192
0
0
0
0
0
90
172
64
0
0
0
0
0
72
158
192
0
0
0
0
0
80
172
64
0
0
0
0
0
116
158
192
0
0
0
0
0
68
172
64
0
0
0
0
0
160
158
192
0
0
0
0
0
56
172
64
0
0
0
0
0
208
158
192
0
0
0
0
0
46
172
64
0
0
0
0
0
252
158
192
0
0
0
0
0
34
172
64
0
0
0
0
0
36
159
192
0
0
0
0
0
22
172
64
0
0
0
0
0
80
159
192
0
0
0
0
0
10
172
64
0
0
0
0
0
124
159
192
0
0
0
0
0
254
171
64
0
0
0
0
0
168
159
192
0
0
0
0
0
240
171
64
0
0
0
0
0
212
159
192
0
0
0
0
0
228
171
64
0
0
0
0
0
252
159
192
0
0
0
0
0
216
171
64
0
0
0
0
0
20
160
192
0
0
0
0
0
204
171
64
0
0
0
0
0
42
160
192
0
0
0
0
0
190
171
64
0
0
0
0
0
62
160
192
0
0
0
0
0
178
171
64
0
0
0
0
0
84
160
192
0
0
0
0
0
166
171
64
0
0
0
0
0
106
160
192
0
0
0
0
0
152
171
64
0
0
0
0
0
128
160
192
0
0
0
0
0
140
171
64
0
0
0
0
0
148
160
192
0
0
0
0
0
128
171
64
0
0
0
0
0
170
160
192
0
0
0
0
0
114
171
64
0
0
0
0
0
192
160
192
0
0
0
0
0
102
171
64
0
0
0
0
0
214
160
192
0
0
0
0
0
90
171
64
0
0
0
0
0
236
160
192
0
0
0
0
0
76
171
64
0
0
0
0
0
0
161
192
0
0
0
0
0
64
171
64
0
0
0
0
0
22
161
192
0
0
0
0
0
50
171
64
0
0
0
0
0
42
161
192
0
0
0
0
0
38
171
64
0
0
0
0
0
62
161
192
0
0
0
0
0
24
171
64
0
0
0
0
0
84
161
192
0
0
0
0
0
12
171
64
0
0
0
0
0
104
161
192
0
0
0
0
0
254
170
64
0
0
0
0
0
124
161
192
0
0
0
0
0
240
170
64
0
0
0
0
0
144
161
192
0
0
0
0
0
226
170
64
0
0
0
0
0
164
161
192
0
0
0
0
0
212
170
64
0
0
0
0
0
184
161
192
0
0
0
0
0
198
170
64
0
0
0
0
0
204
161
192
0
0
0
0
0
184
170
64
0
0
0
0
0
226
161
192
0
0
0
0
0
170
170
64
0
0
0
0
0
246
161
192
0
0
0
0
0
156
170
64
0
0
0
0
0
12
162
192
0
0
0
0
0
142
170
64
0
0
0
0
0
34
162
192
0
0
0
0
0
126
170
64
0
0
0
0
0
56
162
192
0
0
0
0
0
112
170
64
0
0
0
0
0
78
162
192
0
0
0
0
0
96
170
64
0
0
0
0
0
100
162
192
0
0
0
0
0
82
170
64
0
0
0
0
0
122
162
192
0
0
0
0
0
66
170
64
0
0
0
0
0
144
162
192
0
0
0
0
0
52
170
64
0
0
0
0
0
166
162
192
0
0
0
0
0
36
170
64
0
0
0
0
0
188
162
192
0
0
0
0
0
20
170
64
0
0
0
0
0
208
162
192
0
0
0
0
0
6
170
64
0
0
0
0
0
228
162
192
0
0
0
0
0
246
169
64
0
0
0
0
0
248
162
192
0
0
0
0
0
232
169
64
0
0
0
0
0
10
163
192
0
0
0
0
0
216
169
64
0
0
0
0
0
28
163
192
0
0
0
0
0
202
169
64
0
0
0
0
0
46
163
192
0
0
0
0
0
188
169
64
0
0
0
0
0
62
163
192
0
0
0
0
0
172
169
64
0
0
0
0
0
80
163
192
0
0
0
0
0
158
169
64
0
0
0
0
0
96
163
192
0
0
0
0
0
142
169
64
0
0
0
0
0
114
163
192
0
0
0
0
0
128
169
64
0
0
0
0
0
132
163
192
0
0
0
0
0
112
169
64
0
0
0
0
0
150
163
192
0
0
0
0
0
96
169
64
0
0
0
0
0
168
163
192
0
0
0
0
0
80
169
64
0
0
0
0
0
188
163
192
0
0
0
0
0
64
169
64
0
0
0
0
0
206
163
192
0
0
0
0
0
48
169
64
0
0
0
0
0
226
163
192
0
0
0
0
0
32
169
64
0
0
0
0
0
246
163
192
0
0
0
0
0
16
169
64
0
0
0
0
0
10
164
192
0
0
0
0
0
254
168
64
0
0
0
0
0
30
164
192
0
0
0
0
0
238
168
64
0
0
0
0
0
50
164
192
0
0
0
0
0
222
168
64
0
0
0
0
0
68
164
192
0
0
0
0
0
204
168
64
0
0
0
0
0
88
164
192
0
0
0
0
0
188
168
64
0
0
0
0
0
106
164
192
0
0
0
0
0
170
168
64
0
0
0
0
0
126
164
192
0
0
0
0
0
154
168
64
0
0
0
0
0
144
164
192
0
0
0
0
0
136
168
64
0
0
0
0
0
162
164
192
0
0
0
0
0
120
168
64
0
0
0
0
0
180
164
192
0
0
0
0
0
104
168
64
0
0
0
0
0
198
164
192
0
0
0
0
0
86
168
64
0
0
0
0
0
216
164
192
0
0
0
0
0
70
168
64
0
0
0
0
0
232
164
192
0
0
0
0
0
54
168
64
0
0
0
0
0
250
164
192
0
0
0
0
0
36
168
64
0
0
0
0
0
12
165
192
0
0
0
0
0
20
168
64
0
0
0
0
0
28
165
192
0
0
0
0
0
2
168
64
0
0
0
0
0
46
165
192
0
0
0
0
0
240
167
64
0
0
0
0
0
64
165
192
0
0
0
0
0
224
167
64
0
0
0
0
0
82
165
192
0
0
0
0
0
206
167
64
0
0
0
0
0
100
165
192
0
0
0
0
0
188
167
64
0
0
0
0
0
118
165
192
0
0
0
0
0
170
167
64
0
0
0
0
0
136
165
192
0
0
0
0
0
152
167
64
0
0
0
0
0
154
165
192
0
0
0
0
0
134
167
64
0
0
0
0
0
172
165
192
0
0
0
0
0
116
167
64
0
0
0
0
0
190
165
192
0
0
0
0
0
98
167
64
0
0
0
0
0
210
165
192
0
0
0
0
0
78
167
64
0
0
0
0
0
228
165
192
0
0
0
0
0
60
167
64
0
0
0
0
0
248
165
192
0
0
0
0
0
40
167
64
0
0
0
0
0
10
166
192
0
0
0
0
0
20
167
64
0
0
0
0
0
30
166
192
0
0
0
0
0
0
167
64
0
0
0
0
0
48
166
192
0
0
0
0
0
236
166
64
0
0
0
0
0
68
166
192
0
0
0
0
0
216
166
64
0
0
0
0
0
86
166
192
0
0
0
0
0
196
166
64
0
0
0
0
0
104
166
192
0
0
0
0
0
176
166
64
0
0
0
0
0
122
166
192
0
0
0
0
0
156
166
64
0
0
0
0
0
140
166
192
0
0
0
0
0
136
166
64
0
0
0
0
0
158
166
192
0
0
0
0
0
116
166
64
0
0
0
0
0
176
166
192
0
0
0
0
0
96
166
64
0
0
0
0
0
192
166
192
0
0
0
0
0
76
166
64
0
0
0
0
0
210
166
192
0
0
0
0
0
58
166
64
0
0
0
0
0
226
166
192
0
0
0
0
0
38
166
64
0
0
0
0
0
244
166
192
0
0
0
0
0
18
166
64
0
0
0
0
0
4
167
192
0
0
0
0
0
252
165
64
0
0
0
0
0
22
167
192
0
0
0
0
0
232
165
64
0
0
0
0
0
38
167
192
0
0
0
0
0
212
165
64
0
0
0
0
0
54
167
192
0
0
0
0
0
192
165
64
0
0
0
0
0
72
167
192
0
0
0
0
0
172
165
64
0
0
0
0
0
90
167
192
0
0
0
0
0
152
165
64
0
0
0
0
0
106
167
192
0
0
0
0
0
130
165
64
0
0
0
0
0
124
167
192
0
0
0
0
0
110
165
64
0
0
0
0
0
142
167
192
0
0
0
0
0
90
165
64
0
0
0
0
0
158
167
192
0
0
0
0
0
68
165
64
0
0
0
0
0
176
167
192
0
0
0
0
0
48
165
64
0
0
0
0
0
194
167
192
0
0
0
0
0
26
165
64
0
0
0
0
0
212
167
192
0
0
0
0
0
4
165
64
0
0
0
0
0
230
167
192
0
0
0
0
0
240
164
64
0
0
0
0
0
248
167
192
0
0
0
0
0
218
164
64
0
0
0
0
0
12
168
192
0
0
0
0
0
196
164
64
0
0
0
0
0
30
168
192
0
0
0
0
0
174
164
64
0
0
0
0
0
48
168
192
0
0
0
0
0
152
164
64
0
0
0
0
0
66
168
192
0
0
0
0
0
128
164
64
0
0
0
0
0
86
168
192
0
0
0
0
0
106
164
64
0
0
0
0
0
104
168
192
0
0
0
0
0
84
164
64
0
0
0
0
0
122
168
192
0
0
0
0
0
62
164
64
0
0
0
0
0
140
168
192
0
0
0
0
0
40
164
64
0
0
0
0
0
160
168
192
0
0
0
0
0
16
164
64
0
0
0
0
0
178
168
192
0
0
0
0
0
250
163
64
0
0
0
0
0
196
168
192
0
0
0
0
0
228
163
64
0
0
0
0
0
212
168
192
0
0
0
0
0
206
163
64
0
0
0
0
0
230
168
192
0
0
0
0
0
184
163
64
0
0
0
0
0
248
168
192
0
0
0
0
0
162
163
64
0
0
0
0
0
10
169
192
0
0
0
0
0
140
163
64
0
0
0
0
0
26
169
192
0
0
0
0
0
118
163
64
0
0
0
0
0
44
169
192
0
0
0
0
0
96
163
64
0
0
0
0
0
62
169
192
0
0
0
0
0
74
163
64
0
0
0
0
0
78
169
192
0
0
0
0
0
52
163
64
0
0
0
0
0
96
169
192
0
0
0
0
0
30
163
64
0
0
0
0
0
112
169
192
0
0
0
0
0
8
163
64
0
0
0
0
0
130
169
192
0
0
0
0
0
244
162
64
0
0
0
0
0
148
169
192
0
0
0
0
0
222
162
64
0
0
0
0
0
164
169
192
0
0
0
0
0
202
162
64
0
0
0
0
0
182
169
192
0
0
0
0
0
180
162
64
0
0
0
0
0
198
169
192
0
0
0
0
0
158
162
64
0
0
0
0
0
216
169
192
0
0
0
0
0
138
162
64
0
0
0
0
0
234
169
192
0
0
0
0
0
116
162
64
0
0
0
0
0
252
169
192
0
0
0
0
0
94
162
64
0
0
0
0
0
12
170
192
0
0
0
0
0
72
162
64
0
0
0
0
0
30
170
192
0
0
0
0
0
50
162
64
0
0
0
0
0
48
170
192
0
0
0
0
0
28
162
64
0
0
0
0
0
66
170
192
0
0
0
0
0
4
162
64
0
0
0
0
0
84
170
192
0
0
0
0
0
238
161
64
0
0
0
0
0
102
170
192
0
0
0
0
0
216
161
64
0
0
0
0
0
120
170
192
0
0
0
0
0
192
161
64
0
0
0
0
0
138
170
192
0
0
0
0
0
170
161
64
0
0
0
0
0
156
170
192
0
0
0
0
0
148
161
64
0
0
0
0
0
174
170
192
0
0
0
0
0
126
161
64
0
0
0
0
0
192
170
192
0
0
0
0
0
104
161
64
0
0
0
0
0
210
170
192
0
0
0
0
0
82
161
64
0
0
0
0
0
226
170
192
0
0
0
0
0
60
161
64
0
0
0
0
0
244
170
192
0
0
0
0
0
40
161
64
0
0
0
0
0
4
171
192
0
0
0
0
0
18
161
64
0
0
0
0
0
22
171
192
0
0
0
0
0
254
160
64
0
0
0
0
0
38
171
192
0
0
0
0
0
234
160
64
0
0
0
0
0
56
171
192
0
0
0
0
0
212
160
64
0
0
0
0
0
72
171
192
0
0
0
0
0
192
160
64
0
0
0
0
0
90
171
192
0
0
0
0
0
172
160
64
0
0
0
0
0
106
171
192
0
0
0
0
0
150
160
64
0
0
0
0
0
124
171
192
0
0
0
0
0
128
160
64
0
0
0
0
0
140
171
192
0
0
0
0
0
106
160
64
0
0
0
0
0
158
171
192
0
0
0
0
0
84
160
64
0
0
0
0
0
174
171
192
0
0
0
0
0
62
160
64
0
0
0
0
0
192
171
192
0
0
0
0
0
40
160
64
0
0
0
0
0
210
171
192
0
0
0
0
0
16
160
64
0
0
0
0
0
226
171
192
0
0
0
0
0
244
159
64
0
0
0
0
0
244
171
192
0
0
0
0
0
200
159
64
0
0
0
0
0
4
172
192
0
0
0
0
0
156
159
64
0
0
0
0
0
22
172
192
0
0
0
0
0
108
159
64
0
0
0
0
0
38
172
192
0
0
0
0
0
68
159
64
0
0
0
0
0
56
172
192
0
0
0
0
0
24
159
64
0
0
0
0
0
72
172
192
0
0
0
0
0
236
158
64
0
0
0
0
0
88
172
192
0
0
0
0
0
196
158
64
0
0
0
0
0
106
172
192
0
0
0
0
0
156
158
64
0
0
0
0
0
122
172
192
0
0
0
0
0
116
158
64
0
0
0
0
0
138
172
192
0
0
0
0
0
76
158
64
0
0
0
0
0
154
172
192
0
0
0
0
0
36
158
64
0
0
0
0
0
168
172
192
0
0
0
0
0
252
157
64
0
0
0
0
0
184
172
192
0
0
0
0
0
212
157
64
0
0
0
0
0
200
172
192
0
0
0
0
0
176
157
64
0
0
0
0
0
214
172
192
0
0
0
0
0
136
157
64
0
0
0
0
0
228
172
192
0
0
0
0
0
96
157
64
0
0
0
0
0
242
172
192
0
0
0
0
0
56
157
64
0
0
0
0
0
0
173
192
0
0
0
0
0
20
157
64
0
0
0
0
0
14
173
192
0
0
0
0
0
236
156
64
0
0
0
0
0
28
173
192
0
0
0
0
0
196
156
64
0
0
0
0
0
42
173
192
0
0
0
0
0
156
156
64
0
0
0
0
0
56
173
192
0
0
0
0
0
120
156
64
0
0
0
0
0
70
173
192
0
0
0
0
0
80
156
64
0
0
0
0
0
84
173
192
0
0
0
0
0
0
0
0
0
0
0
0
0
0
0
0
0
0
0
0
0
0
0
0
0
0
0
0
0
0
0
0
0
0
0
0
0
0
0
0
0
0
0
0
0
0
0
0
0
0
0
0
0
0
0
0
0
0
0
0
0
0
0
0
0
0
0
0
0
0
0
0
0
0
0
0
0
0
0
0
0
0
0
0
0
0
0
0
0
0
0
0
0
0
0
0
0
0
0
0
0
0
0
0
0
0
0
0
0
0
0
0
0
0
0
0
0
0
0
0
0
0
0
0
0
0
0
0
0
0
0
0
0
0
0
0
0
0
0
0
0
0
0
0
0
0
0
0
0
0
0
0
0
0
0
0
0
0
0
0
0
0
0
0
0
0
0
0
0
0
0
0
0
0
0
0
0
0
0
0
0
0
0
0
0
0
0
0
0
0
0
0
0
0
0
0
0
0
0
0
0
0
0
0
0
0
0
0
0
0
0
0
0
0
0
0
0
0
0
0
0
0
0
0
0
0
0
0
0
0
0
0
0
0
0
0
0
0
0
0
0
0
0
0
0
0
0
0
0
0
0
0
0
0
0
0
0
0
0
0
0
0
0
0
0
0
0
0
0
0
0
0
0
0
0
0
0
0
0
0
0
0
0
0
0
0
0
0
0
0
0
0
0
0
0
0
0
0
0
0
0
0
0
0
0
0
0
0
0
0
0
0
0
0
0
0
0
0
0
0
0
0
0
0
0
0
0
0
0
0
0
0
0
0
0
0
0
0
0
0
0
0
0
0
0
0
0
0
0
0
0
0
0
0
0
0
0
0
0
0
0
0
0
0
0
0
0
0
0
0
0
0
0
0
0
0
0
0
0
0
0
0
0
0
0
0
0
0
0
0
0
0
0
0
0
0
0
0
0
0
0
0
0
0
0
0
0
0
0
0
0
0
0
0
0
0
0
0
0
0
0
0
0
0
0
0
0
0
0
0
0
0
0
0
0
0
0
0
0
0
0
0
0
0
0
0
0
0
0
0
0
0
0
0
0
0
0
0
0
0
0
0
0
0
0
0
0
0
0
0
0
0
0
0
0
0
0
0
0
0
0
0
0
0
0
0
0
0
0
0
0
0
0
0
0
0
0
0
0
0
0
0
0
0
0
0
0
0
0
0
0
0
0
0
0
0
0
0
0
0
0
0
0
0
0
0
0
0
0
0
0
0
0
0
0
0
0
0
0
0
0
0
0
0
0
0
0
0
0
0
0
0
0
0
0
0
0
0
0
0
0
0
0
0
0
0
0
0
0
0
0
0
0
0
0
0
0
0
0
0
0
0
0
0
0
0
0
0
0
0
0
0
0
0
0
0
0
0
0
0
0
0
0
0
0
0
0
0
0
0
0
0
0
0
0
0
0
0
0
0
0
0
0
0
0
0
0
0
0
0
0
0
0
0
0
0
0
0
0
0
0
0
0
0
0
0
0
0
0
0
0
0
0
0
0
0
0
0
0
0
0
0
0
0
0
0
0
0
0
0
0
0
0
0
0
0
0
0
0
0
0
0
0
0
0
0
0
0
0
0
0
0
0
0
0
0
0
0
0
0
0
0
0
0
0
0
0
0
0
0
0
0
0
0
0
0
0
0
0
0
0
0
0
0
0
0
0
0
0
0
0
0
0
0
0
0
0
0
0
0
0
0
0
0
0
0
0
0
0
0
0
0
0
0
0
0
0
0
0
0
0
0
0
0
0
0
0
0
0
0
0
0
0
0
0
0
0
0
0
0
0
0
0
0
0
0
0
0
0
0
0
0
0
0
0
0
0
0
0
0
0
0
0
0
0
0
0
0
0
0
0
0
0
0
0
0
0
0
0
0
0
0
0
0
0
0
0
0
0
0
0
0
0
0
0
0
0
0
0
0
0
0
0
0
0
0
0
0
0
0
0
0
0
0
0
0
0
0
0
0
0
0
0
0
0
0
0
0
0
0
0
0
0
0
0
0
0
0
0
0
0
0
0
0
0
0
0
0
0
0
0
0
0
0
0
0
0
0
0
0
0
0
0
0
0
0
0
0
0
0
0
0
0
0
0
0
0
0
0
0
0
0
0
0
0
0
0
0
0
0
0
0
0
0
0
0
0
0
0
0
0
0
0
0
0
0
0
0
0
0
0
0
0
0
0
0
0
0
0
0
0
0
0
0
0
0
0
0
0
0
0
0
0
0
0
0
0
0
0
0
0
0
0
0
0
0
0
0
0
0
0
0
0
0
0
0
0
0
0
0
0
0
0
0
0
0
0
0
0
0
0
0
0
0
0
0
0
0
0
0
0
0
0
0
0
0
0
0
0
0
0
0
0
0
0
0
0
0
0
0
0
0
0
0
0
0
0
0
0
0
0
0
0
0
0
0
0
0
0
0
0
0
0
0
0
0
0
0
0
0
0
0
0
0
0
0
0
0
0
0
0
0
0
0
0
0
0
0
0
0
0
0
0
0
0
0
0
0
0
0
0
0
0
0
0
0
0
0
0
0
0
0
0
0
0
0
0
0
0
0
0
0
0
0
0
0
0
0
0
0
0
0
0
0
0
0
0
0
0
0
0
0
0
0
0
0
0
0
0
0
0
0
0
0
0
0
0
0
0
0
0
0
0
0
0
0
0
0
0
0
0
0
0
0
0
0
0
0
0
0
0
0
0
0
0
0
0
0
0
0
0
0
0
0
0
0
0
0
0
0
0
0
0
0
0
0
0
0
0
0
0
0
0
0
0
0
0
0
0
0
0
0
0
0
0
0
0