58
70
65
67
84
58
67
68
65
84
49
56
58
68
65
84
65
32
35
57
48
48
48
48
48
54
57
51
54
0
0
0
0
0
216
164
192
0
0
0
0
0
70
168
192
0
0
0
0
0
198
164
192
0
0
0
0
0
86
168
192
0
0
0
0
0
180
164
192
0
0
0
0
0
104
168
192
0
0
0
0
0
162
164
192
0
0
0
0
0
120
168
192
0
0
0
0
0
144
164
192
0
0
0
0
0
136
168
192
0
0
0
0
0
126
164
192
0
0
0
0
0
154
168
192
0
0
0
0
0
106
164
192
0
0
0
0
0
170
168
192
0
0
0
0
0
88
164
192
0
0
0
0
0
188
168
192
0
0
0
0
0
68
164
192
0
0
0
0
0
204
168
192
0
0
0
0
0
50
164
192
0
0
0
0
0
222
168
192
0
0
0
0
0
30
164
192
0
0
0
0
0
238
168
192
0
0
0
0
0
10
164
192
0
0
0
0
0
254
168
192
0
0
0
0
0
246
163
192
0
0
0
0
0
16
169
192
0
0
0
0
0
226
163
192
0
0
0
0
0
32
169
192
0
0
0
0
0
206
163
192
0
0
0
0
0
48
169
192
0
0
0
0
0
188
163
192
0
0
0
0
0
64
169
192
0
0
0
0
0
168
163
192
0
0
0
0
0
80
169
192
0
0
0
0
0
150
163
192
0
0
0
0
0
96
169
192
0
0
0
0
0
132
163
192
0
0
0
0
0
112
169
192
0
0
0
0
0
114
163
192
0
0
0
0
0
128
169
192
0
0
0
0
0
96
163
192
0
0
0
0
0
142
169
192
0
0
0
0
0
80
163
192
0
0
0
0
0
158
169
192
0
0
0
0
0
62
163
192
0
0
0
0
0
172
169
192
0
0
0
0
0
46
163
192
0
0
0
0
0
188
169
192
0
0
0
0
0
28
163
192
0
0
0
0
0
202
169
192
0
0
0
0
0
10
163
192
0
0
0
0
0
216
169
192
0
0
0
0
0
248
162
192
0
0
0
0
0
232
169
192
0
0
0
0
0
228
162
192
0
0
0
0
0
246
169
192
0
0
0
0
0
208
162
192
0
0
0
0
0
6
170
192
0
0
0
0
0
188
162
192
0
0
0
0
0
20
170
192
0
0
0
0
0
166
162
192
0
0
0
0
0
36
170
192
0
0
0
0
0
144
162
192
0
0
0
0
0
52
170
192
0
0
0
0
0
122
162
192
0
0
0
0
0
66
170
192
0
0
0
0
0
100
162
192
0
0
0
0
0
82
170
192
0
0
0
0
0
78
162
192
0
0
0
0
0
96
170
192
0
0
0
0
0
56
162
192
0
0
0
0
0
112
170
192
0
0
0
0
0
34
162
192
0
0
0
0
0
126
170
192
0
0
0
0
0
12
162
192
0
0
0
0
0
142
170
192
0
0
0
0
0
246
161
192
0
0
0
0
0
156
170
192
0
0
0
0
0
226
161
192
0
0
0
0
0
170
170
192
0
0
0
0
0
204
161
192
0
0
0
0
0
184
170
192
0
0
0
0
0
184
161
192
0
0
0
0
0
198
170
192
0
0
0
0
0
164
161
192
0
0
0
0
0
212
170
192
0
0
0
0
0
144
161
192
0
0
0
0
0
226
170
192
0
0
0
0
0
124
161
192
0
0
0
0
0
240
170
192
0
0
0
0
0
104
161
192
0
0
0
0
0
254
170
192
0
0
0
0
0
84
161
192
0
0
0
0
0
12
171
192
0
0
0
0
0
62
161
192
0
0
0
0
0
24
171
192
0
0
0
0
0
42
161
192
0
0
0
0
0
38
171
192
0
0
0
0
0
22
161
192
0
0
0
0
0
50
171
192
0
0
0
0
0
0
161
192
0
0
0
0
0
64
171
192
0
0
0
0
0
236
160
192
0
0
0
0
0
76
171
192
0
0
0
0
0
214
160
192
0
0
0
0
0
90
171
192
0
0
0
0
0
192
160
192
0
0
0
0
0
102
171
192
0
0
0
0
0
170
160
192
0
0
0
0
0
114
171
192
0
0
0
0
0
148
160
192
0
0
0
0
0
128
171
192
0
0
0
0
0
128
160
192
0
0
0
0
0
140
171
192
0
0
0
0
0
106
160
192
0
0
0
0
0
152
171
192
0
0
0
0
0
84
160
192
0
0
0
0
0
166
171
192
0
0
0
0
0
62
160
192
0
0
0
0
0
178
171
192
0
0
0
0
0
42
160
192
0
0
0
0
0
190
171
192
0
0
0
0
0
20
160
192
0
0
0
0
0
204
171
192
0
0
0
0
0
252
159
192
0
0
0
0
0
216
171
192
0
0
0
0
0
212
159
192
0
0
0
0
0
228
171
192
0
0
0
0
0
168
159
192
0
0
0
0
0
240
171
192
0
0
0
0
0
124
159
192
0
0
0
0
0
254
171
192
0
0
0
0
0
80
159
192
0
0
0
0
0
10
172
192
0
0
0
0
0
36
159
192
0
0
0
0
0
22
172
192
0
0
0
0
0
252
158
192
0
0
0
0
0
34
172
192
0
0
0
0
0
208
158
192
0
0
0
0
0
46
172
192
0
0
0
0
0
160
158
192
0
0
0
0
0
56
172
192
0
0
0
0
0
116
158
192
0
0
0
0
0
68
172
192
0
0
0
0
0
72
158
192
0
0
0
0
0
80
172
192
0
0
0
0
0
28
158
192
0
0
0
0
0
90
172
192
0
0
0
0
0
236
157
192
0
0
0
0
0
102
172
192
0
0
0
0
0
192
157
192
0
0
0
0
0
112
172
192
0
0
0
0
0
148
157
192
0
0
0
0
0
124
172
192
0
0
0
0
0
100
157
192
0
0
0
0
0
134
172
192
0
0
0
0
0
56
157
192
0
0
0
0
0
144
172
192
0
0
0
0
0
12
157
192
0
0
0
0
0
156
172
192
0
0
0
0
0
220
156
192
0
0
0
0
0
166
172
192
0
0
0
0
0
176
156
192
0
0
0
0
0
178
172
192
0
0
0
0
0
128
156
192
0
0
0
0
0
188
172
192
0
0
0
0
0
84
156
192
0
0
0
0
0
198
172
192
0
0
0
0
0
36
156
192
0
0
0
0
0
210
172
192
0
0
0
0
0
248
155
192
0
0
0
0
0
220
172
192
0
0
0
0
0
200
155
192
0
0
0
0
0
232
172
192
0
0
0
0
0
156
155
192
0
0
0
0
0
242
172
192
0
0
0
0
0
108
155
192
0
0
0
0
0
252
172
192
0
0
0
0
0
64
155
192
0
0
0
0
0
8
173
192
0
0
0
0
0
16
155
192
0
0
0
0
0
18
173
192
0
0
0
0
0
224
154
192
0
0
0
0
0
28
173
192
0
0
0
0
0
180
154
192
0
0
0
0
0
40
173
192
0
0
0
0
0
132
154
192
0
0
0
0
0
50
173
192
0
0
0
0
0
84
154
192
0
0
0
0
0
60
173
192
0
0
0
0
0
40
154
192
0
0
0
0
0
70
173
192
0
0
0
0
0
248
153
192
0
0
0
0
0
80
173
192
0
0
0
0
0
200
153
192
0
0
0
0
0
90
173
192
0
0
0
0
0
152
153
192
0
0
0
0
0
100
173
192
0
0
0
0
0
104
153
192
0
0
0
0
0
110
173
192
0
0
0
0
0
60
153
192
0
0
0
0
0
120
173
192
0
0
0
0
0
12
153
192
0
0
0
0
0
130
173
192
0
0
0
0
0
220
152
192
0
0
0
0
0
140
173
192
0
0
0
0
0
172
152
192
0
0
0
0
0
150
173
192
0
0
0
0
0
124
152
192
0
0
0
0
0
160
173
192
0
0
0
0
0
76
152
192
0
0
0
0
0
170
173
192
0
0
0
0
0
28
152
192
0
0
0
0
0
180
173
192
0
0
0
0
0
236
151
192
0
0
0
0
0
188
173
192
0
0
0
0
0
188
151
192
0
0
0
0
0
198
173
192
0
0
0
0
0
140
151
192
0
0
0
0
0
208
173
192
0
0
0
0
0
92
151
192
0
0
0
0
0
216
173
192
0
0
0
0
0
44
151
192
0
0
0
0
0
226
173
192
0
0
0
0
0
252
150
192
0
0
0
0
0
236
173
192
0
0
0
0
0
204
150
192
0
0
0
0
0
244
173
192
0
0
0
0
0
156
150
192
0
0
0
0
0
254
173
192
0
0
0
0
0
108
150
192
0
0
0
0
0
6
174
192
0
0
0
0
0
60
150
192
0
0
0
0
0
16
174
192
0
0
0
0
0
12
150
192
0
0
0
0
0
24
174
192
0
0
0
0
0
216
149
192
0
0
0
0
0
34
174
192
0
0
0
0
0
168
149
192
0
0
0
0
0
42
174
192
0
0
0
0
0
120
149
192
0
0
0
0
0
52
174
192
0
0
0
0
0
72
149
192
0
0
0
0
0
60
174
192
0
0
0
0
0
24
149
192
0
0
0
0
0
70
174
192
0
0
0
0
0
232
148
192
0
0
0
0
0
78
174
192
0
0
0
0
0
184
148
192
0
0
0
0
0
88
174
192
0
0
0
0
0
136
148
192
0
0
0
0
0
96
174
192
0
0
0
0
0
88
148
192
0
0
0
0
0
104
174
192
0
0
0
0
0
40
148
192
0
0
0
0
0
114
174
192
0
0
0
0
0
248
147
192
0
0
0
0
0
122
174
192
0
0
0
0
0
200
147
192
0
0
0
0
0
130
174
192
0
0
0
0
0
156
147
192
0
0
0
0
0
138
174
192
0
0
0
0
0
108
147
192
0
0
0
0
0
146
174
192
0
0
0
0
0
60
147
192
0
0
0
0
0
154
174
192
0
0
0
0
0
12
147
192
0
0
0
0
0
162
174
192
0
0
0
0
0
220
146
192
0
0
0
0
0
170
174
192
0
0
0
0
0
172
146
192
0
0
0
0
0
178
174
192
0
0
0
0
0
124
146
192
0
0
0
0
0
184
174
192
0
0
0
0
0
76
146
192
0
0
0
0
0
192
174
192
0
0
0
0
0
32
146
192
0
0
0
0
0
200
174
192
0
0
0
0
0
240
145
192
0
0
0
0
0
206
174
192
0
0
0
0
0
192
145
192
0
0
0
0
0
212
174
192
0
0
0
0
0
144
145
192
0
0
0
0
0
218
174
192
0
0
0
0
0
96
145
192
0
0
0
0
0
224
174
192
0
0
0
0
0
48
145
192
0
0
0
0
0
230
174
192
0
0
0
0
0
0
145
192
0
0
0
0
0
236
174
192
0
0
0
0
0
208
144
192
0
0
0
0
0
242
174
192
0
0
0
0
0
160
144
192
0
0
0
0
0
248
174
192
0
0
0
0
0
112
144
192
0
0
0
0
0
254
174
192
0
0
0
0
0
64
144
192
0
0
0
0
0
4
175
192
0
0
0
0
0
16
144
192
0
0
0
0
0
10
175
192
0
0
0
0
0
184
143
192
0
0
0
0
0
16
175
192
0
0
0
0
0
88
143
192
0
0
0
0
0
22
175
192
0
0
0
0
0
248
142
192
0
0
0
0
0
30
175
192
0
0
0
0
0
144
142
192
0
0
0
0
0
36
175
192
0
0
0
0
0
40
142
192
0
0
0
0
0
42
175
192
0
0
0
0
0
200
141
192
0
0
0
0
0
48
175
192
0
0
0
0
0
96
141
192
0
0
0
0
0
54
175
192
0
0
0
0
0
248
140
192
0
0
0
0
0
62
175
192
0
0
0
0
0
152
140
192
0
0
0
0
0
68
175
192
0
0
0
0
0
48
140
192
0
0
0
0
0
74
175
192
0
0
0
0
0
208
139
192
0
0
0
0
0
80
175
192
0
0
0
0
0
112
139
192
0
0
0
0
0
86
175
192
0
0
0
0
0
8
139
192
0
0
0
0
0
90
175
192
0
0
0
0
0
168
138
192
0
0
0
0
0
96
175
192
0
0
0
0
0
72
138
192
0
0
0
0
0
102
175
192
0
0
0
0
0
232
137
192
0
0
0
0
0
106
175
192
0
0
0
0
0
136
137
192
0
0
0
0
0
112
175
192
0
0
0
0
0
40
137
192
0
0
0
0
0
116
175
192
0
0
0
0
0
200
136
192
0
0
0
0
0
120
175
192
0
0
0
0
0
96
136
192
0
0
0
0
0
126
175
192
0
0
0
0
0
0
136
192
0
0
0
0
0
130
175
192
0
0
0
0
0
160
135
192
0
0
0
0
0
134
175
192
0
0
0
0
0
56
135
192
0
0
0
0
0
140
175
192
0
0
0
0
0
208
134
192
0
0
0
0
0
144
175
192
0
0
0
0
0
112
134
192
0
0
0
0
0
148
175
192
0
0
0
0
0
8
134
192
0
0
0
0
0
152
175
192
0
0
0
0
0
160
133
192
0
0
0
0
0
156
175
192
0
0
0
0
0
56
133
192
0
0
0
0
0
160
175
192
0
0
0
0
0
208
132
192
0
0
0
0
0
164
175
192
0
0
0
0
0
112
132
192
0
0
0
0
0
168
175
192
0
0
0
0
0
8
132
192
0
0
0
0
0
172
175
192
0
0
0
0
0
160
131
192
0
0
0
0
0
176
175
192
0
0
0
0
0
64
131
192
0
0
0
0
0
178
175
192
0
0
0
0
0
216
130
192
0
0
0
0
0
182
175
192
0
0
0
0
0
120
130
192
0
0
0
0
0
184
175
192
0
0
0
0
0
16
130
192
0
0
0
0
0
188
175
192
0
0
0
0
0
176
129
192
0
0
0
0
0
190
175
192
0
0
0
0
0
72
129
192
0
0
0
0
0
192
175
192
0
0
0
0
0
232
128
192
0
0
0
0
0
194
175
192
0
0
0
0
0
136
128
192
0
0
0
0
0
198
175
192
0
0
0
0
0
32
128
192
0
0
0
0
0
200
175
192
0
0
0
0
0
128
127
192
0
0
0
0
0
202
175
192
0
0
0
0
0
192
126
192
0
0
0
0
0
204
175
192
0
0
0
0
0
0
126
192
0
0
0
0
0
208
175
192
0
0
0
0
0
48
125
192
0
0
0
0
0
210
175
192
0
0
0
0
0
112
124
192
0
0
0
0
0
212
175
192
0
0
0
0
0
160
123
192
0
0
0
0
0
216
175
192
0
0
0
0
0
224
122
192
0
0
0
0
0
218
175
192
0
0
0
0
0
16
122
192
0
0
0
0
0
220
175
192
0
0
0
0
0
80
121
192
0
0
0
0
0
222
175
192
0
0
0
0
0
128
120
192
0
0
0
0
0
224
175
192
0
0
0
0
0
192
119
192
0
0
0
0
0
226
175
192
0
0
0
0
0
240
118
192
0
0
0
0
0
228
175
192
0
0
0
0
0
32
118
192
0
0
0
0
0
230
175
192
0
0
0
0
0
80
117
192
0
0
0
0
0
230
175
192
0
0
0
0
0
144
116
192
0
0
0
0
0
232
175
192
0
0
0
0
0
192
115
192
0
0
0
0
0
234
175
192
0
0
0
0
0
240
114
192
0
0
0
0
0
234
175
192
0
0
0
0
0
32
114
192
0
0
0
0
0
236
175
192
0
0
0
0
0
80
113
192
0
0
0
0
0
236
175
192
0
0
0
0
0
128
112
192
0
0
0
0
0
238
175
192
0
0
0
0
0
96
111
192
0
0
0
0
0
238
175
192
0
0
0
0
0
224
109
192
0
0
0
0
0
240
175
192
0
0
0
0
0
64
108
192
0
0
0
0
0
240
175
192
0
0
0
0
0
160
106
192
0
0
0
0
0
242
175
192
0
0
0
0
0
0
105
192
0
0
0
0
0
244
175
192
0
0
0
0
0
96
103
192
0
0
0
0
0
244
175
192
0
0
0
0
0
224
101
192
0
0
0
0
0
246
175
192
0
0
0
0
0
64
100
192
0
0
0
0
0
246
175
192
0
0
0
0
0
160
98
192
0
0
0
0
0
248
175
192
0
0
0
0
0
0
97
192
0
0
0
0
0
248
175
192
0
0
0
0
0
0
95
192
0
0
0
0
0
250
175
192
0
0
0
0
0
192
91
192
0
0
0
0
0
250
175
192
0
0
0
0
0
128
88
192
0
0
0
0
0
250
175
192
0
0
0
0
0
64
85
192
0
0
0
0
0
252
175
192
0
0
0
0
0
64
82
192
0
0
0
0
0
252
175
192
0
0
0
0
0
0
78
192
0
0
0
0
0
252
175
192
0
0
0
0
0
128
71
192
0
0
0
0
0
252
175
192
0
0
0
0
0
0
65
192
0
0
0
0
0
250
175
192
0
0
0
0
0
0
53
192
0
0
0
0
0
250
175
192
0
0
0
0
0
0
32
192
0
0
0
0
0
250
175
192
0
0
0
0
0
0
20
64
0
0
0
0
0
250
175
192
0
0
0
0
0
0
49
64
0
0
0
0
0
250
175
192
0
0
0
0
0
0
62
64
0
0
0
0
0
248
175
192
0
0
0
0
0
128
69
64
0
0
0
0
0
248
175
192
0
0
0
0
0
0
76
64
0
0
0
0
0
248
175
192
0
0
0
0
0
64
81
64
0
0
0
0
0
246
175
192
0
0
0
0
0
128
84
64
0
0
0
0
0
246
175
192
0
0
0
0
0
192
87
64
0
0
0
0
0
246
175
192
0
0
0
0
0
0
91
64
0
0
0
0
0
246
175
192
0
0
0
0
0
64
94
64
0
0
0
0
0
244
175
192
0
0
0
0
0
192
96
64
0
0
0
0
0
244
175
192
0
0
0
0
0
96
98
64
0
0
0
0
0
242
175
192
0
0
0
0
0
0
100
64
0
0
0
0
0
242
175
192
0
0
0
0
0
160
101
64
0
0
0
0
0
240
175
192
0
0
0
0
0
64
103
64
0
0
0
0
0
238
175
192
0
0
0
0
0
224
104
64
0
0
0
0
0
236
175
192
0
0
0
0
0
128
106
64
0
0
0
0
0
234
175
192
0
0
0
0
0
32
108
64
0
0
0
0
0
232
175
192
0
0
0
0
0
192
109
64
0
0
0
0
0
232
175
192
0
0
0
0
0
96
111
64
0
0
0
0
0
230
175
192
0
0
0
0
0
128
112
64
0
0
0
0
0
228
175
192
0
0
0
0
0
80
113
64
0
0
0
0
0
226
175
192
0
0
0
0
0
32
114
64
0
0
0
0
0
224
175
192
0
0
0
0
0
240
114
64
0
0
0
0
0
222
175
192
0
0
0
0
0
192
115
64
0
0
0
0
0
222
175
192
0
0
0
0
0
144
116
64
0
0
0
0
0
220
175
192
0
0
0
0
0
96
117
64
0
0
0
0
0
218
175
192
0
0
0
0
0
48
118
64
0
0
0
0
0
216
175
192
0
0
0
0
0
0
119
64
0
0
0
0
0
216
175
192
0
0
0
0
0
208
119
64
0
0
0
0
0
214
175
192
0
0
0
0
0
160
120
64
0
0
0
0
0
212
175
192
0
0
0
0
0
112
121
64
0
0
0
0
0
210
175
192
0
0
0
0
0
64
122
64
0
0
0
0
0
208
175
192
0
0
0
0
0
16
123
64
0
0
0
0
0
206
175
192
0
0
0
0
0
208
123
64
0
0
0
0
0
202
175
192
0
0
0
0
0
160
124
64
0
0
0
0
0
200
175
192
0
0
0
0
0
112
125
64
0
0
0
0
0
198
175
192
0
0
0
0
0
48
126
64
0
0
0
0
0
194
175
192
0
0
0
0
0
0
127
64
0
0
0
0
0
192
175
192
0
0
0
0
0
192
127
64
0
0
0
0
0
188
175
192
0
0
0
0
0
72
128
64
0
0
0
0
0
186
175
192
0
0
0
0
0
168
128
64
0
0
0
0
0
182
175
192
0
0
0
0
0
8
129
64
0
0
0
0
0
180
175
192
0
0
0
0
0
112
129
64
0
0
0
0
0
176
175
192
0
0
0
0
0
208
129
64
0
0
0
0
0
174
175
192
0
0
0
0
0
56
130
64
0
0
0
0
0
170
175
192
0
0
0
0
0
152
130
64
0
0
0
0
0
168
175
192
0
0
0
0
0
0
131
64
0
0
0
0
0
164
175
192
0
0
0
0
0
96
131
64
0
0
0
0
0
162
175
192
0
0
0
0
0
200
131
64
0
0
0
0
0
158
175
192
0
0
0
0
0
40
132
64
0
0
0
0
0
156
175
192
0
0
0
0
0
144
132
64
0
0
0
0
0
152
175
192
0
0
0
0
0
248
132
64
0
0
0
0
0
148
175
192
0
0
0
0
0
96
133
64
0
0
0
0
0
146
175
192
0
0
0
0
0
200
133
64
0
0
0
0
0
142
175
192
0
0
0
0
0
48
134
64
0
0
0
0
0
138
175
192
0
0
0
0
0
152
134
64
0
0
0
0
0
134
175
192
0
0
0
0
0
0
135
64
0
0
0
0
0
132
175
192
0
0
0
0
0
104
135
64
0
0
0
0
0
128
175
192
0
0
0
0
0
200
135
64
0
0
0
0
0
124
175
192
0
0
0
0
0
48
136
64
0
0
0
0
0
120
175
192
0
0
0
0
0
152
136
64
0
0
0
0
0
116
175
192
0
0
0
0
0
0
137
64
0
0
0
0
0
112
175
192
0
0
0
0
0
96
137
64
0
0
0
0
0
106
175
192
0
0
0
0
0
200
137
64
0
0
0
0
0
102
175
192
0
0
0
0
0
40
138
64
0
0
0
0
0
98
175
192
0
0
0
0
0
136
138
64
0
0
0
0
0
92
175
192
0
0
0
0
0
232
138
64
0
0
0
0
0
88
175
192
0
0
0
0
0
72
139
64
0
0
0
0
0
82
175
192
0
0
0
0
0
168
139
64
0
0
0
0
0
78
175
192
0
0
0
0
0
8
140
64
0
0
0
0
0
72
175
192
0
0
0
0
0
104
140
64
0
0
0
0
0
68
175
192
0
0
0
0
0
200
140
64
0
0
0
0
0
62
175
192
0
0
0
0
0
40
141
64
0
0
0
0
0
56
175
192
0
0
0
0
0
136
141
64
0
0
0
0
0
52
175
192
0
0
0
0
0
240
141
64
0
0
0
0
0
46
175
192
0
0
0
0
0
80
142
64
0
0
0
0
0
42
175
192
0
0
0
0
0
176
142
64
0
0
0
0
0
36
175
192
0
0
0
0
0
16
143
64
0
0
0
0
0
30
175
192
0
0
0
0
0
112
143
64
0
0
0
0
0
24
175
192
0
0
0
0
0
216
143
64
0
0
0
0
0
20
175
192
0
0
0
0
0
28
144
64
0
0
0
0
0
14
175
192
0
0
0
0
0
76
144
64
0
0
0
0
0
8
175
192
0
0
0
0
0
124
144
64
0
0
0
0
0
2
175
192
0
0
0
0
0
172
144
64
0
0
0
0
0
252
174
192
0
0
0
0
0
220
144
64
0
0
0
0
0
244
174
192
0
0
0
0
0
12
145
64
0
0
0
0
0
238
174
192
0
0
0
0
0
64
145
64
0
0
0
0
0
232
174
192
0
0
0
0
0
112
145
64
0
0
0
0
0
224
174
192
0
0
0
0
0
160
145
64
0
0
0
0
0
218
174
192
0
0
0
0
0
208
145
64
0
0
0
0
0
212
174
192
0
0
0
0
0
0
146
64
0
0
0
0
0
204
174
192
0
0
0
0
0
48
146
64
0
0
0
0
0
198
174
192
0
0
0
0
0
96
146
64
0
0
0
0
0
190
174
192
0
0
0
0
0
144
146
64
0
0
0
0
0
184
174
192
0
0
0
0
0
192
146
64
0
0
0
0
0
176
174
192
0
0
0
0
0
240
146
64
0
0
0
0
0
170
174
192
0
0
0
0
0
32
147
64
0
0
0
0
0
162
174
192
0
0
0
0
0
80
147
64
0
0
0
0
0
156
174
192
0
0
0
0
0
128
147
64
0
0
0
0
0
148
174
192
0
0
0
0
0
176
147
64
0
0
0
0
0
142
174
192
0
0
0
0
0
224
147
64
0
0
0
0
0
134
174
192
0
0
0
0
0
16
148
64
0
0
0
0
0
126
174
192
0
0
0
0
0
60
148
64
0
0
0
0
0
120
174
192
0
0
0
0
0
108
148
64
0
0
0
0
0
112
174
192
0
0
0
0
0
152
148
64
0
0
0
0
0
104
174
192
0
0
0
0
0
200
148
64
0
0
0
0
0
98
174
192
0
0
0
0
0
244
148
64
0
0
0
0
0
90
174
192
0
0
0
0
0
36
149
64
0
0
0
0
0
82
174
192
0
0
0
0
0
80
149
64
0
0
0
0
0
74
174
192
0
0
0
0
0
124
149
64
0
0
0
0
0
66
174
192
0
0
0
0
0
172
149
64
0
0
0
0
0
58
174
192
0
0
0
0
0
216
149
64
0
0
0
0
0
50
174
192
0
0
0
0
0
8
150
64
0
0
0
0
0
42
174
192
0
0
0
0
0
56
150
64
0
0
0
0
0
34
174
192
0
0
0
0
0
104
150
64
0
0
0
0
0
24
174
192
0
0
0
0
0
152
150
64
0
0
0
0
0
16
174
192
0
0
0
0
0
200
150
64
0
0
0
0
0
8
174
192
0
0
0
0
0
248
150
64
0
0
0
0
0
254
173
192
0
0
0
0
0
40
151
64
0
0
0
0
0
244
173
192
0
0
0
0
0
88
151
64
0
0
0
0
0
236
173
192
0
0
0
0
0
136
151
64
0
0
0
0
0
226
173
192
0
0
0
0
0
184
151
64
0
0
0
0
0
218
173
192
0
0
0
0
0
232
151
64
0
0
0
0
0
208
173
192
0
0
0
0
0
24
152
64
0
0
0
0
0
198
173
192
0
0
0
0
0
72
152
64
0
0
0
0
0
190
173
192
0
0
0
0
0
116
152
64
0
0
0
0
0
180
173
192
0
0
0
0
0
164
152
64
0
0
0
0
0
170
173
192
0
0
0
0
0
212
152
64
0
0
0
0
0
162
173
192
0
0
0
0
0
0
153
64
0
0
0
0
0
152
173
192
0
0
0
0
0
48
153
64
0
0
0
0
0
142
173
192
0
0
0
0
0
92
153
64
0
0
0
0
0
134
173
192
0
0
0
0
0
136
153
64
0
0
0
0
0
124
173
192
0
0
0
0
0
184
153
64
0
0
0
0
0
114
173
192
0
0
0
0
0
228
153
64
0
0
0
0
0
104
173
192
0
0
0
0
0
16
154
64
0
0
0
0
0
94
173
192
0
0
0
0
0
64
154
64
0
0
0
0
0
84
173
192
0
0
0
0
0
108
154
64
0
0
0
0
0
74
173
192
0
0
0
0
0
152
154
64
0
0
0
0
0
62
173
192
0
0
0
0
0
200
154
64
0
0
0
0
0
52
173
192
0
0
0
0
0
244
154
64
0
0
0
0
0
42
173
192
0
0
0
0
0
32
155
64
0
0
0
0
0
30
173
192
0
0
0
0
0
76
155
64
0
0
0
0
0
20
173
192
0
0
0
0
0
120
155
64
0
0
0
0
0
8
173
192
0
0
0
0
0
168
155
64
0
0
0
0
0
252
172
192
0
0
0
0
0
212
155
64
0
0
0
0
0
242
172
192
0
0
0
0
0
0
156
64
0
0
0
0
0
230
172
192
0
0
0
0
0
44
156
64
0
0
0
0
0
220
172
192
0
0
0
0
0
88
156
64
0
0
0
0
0
208
172
192
0
0
0
0
0
132
156
64
0
0
0
0
0
196
172
192
0
0
0
0
0
176
156
64
0
0
0
0
0
186
172
192
0
0
0
0
0
220
156
64
0
0
0
0
0
174
172
192
0
0
0
0
0
8
157
64
0
0
0
0
0
162
172
192
0
0
0
0
0
52
157
64
0
0
0
0
0
150
172
192
0
0
0
0
0
96
157
64
0
0
0
0
0
140
172
192
0
0
0
0
0
140
157
64
0
0
0
0
0
128
172
192
0
0
0
0
0
184
157
64
0
0
0
0
0
116
172
192
0
0
0
0
0
232
157
64
0
0
0
0
0
104
172
192
0
0
0
0
0
20
158
64
0
0
0
0
0
92
172
192
0
0
0
0
0
64
158
64
0
0
0
0
0
80
172
192
0
0
0
0
0
108
158
64
0
0
0
0
0
70
172
192
0
0
0
0
0
152
158
64
0
0
0
0
0
58
172
192
0
0
0
0
0
196
158
64
0
0
0
0
0
46
172
192
0
0
0
0
0
240
158
64
0
0
0
0
0
34
172
192
0
0
0
0
0
28
159
64
0
0
0
0
0
20
172
192
0
0
0
0
0
76
159
64
0
0
0
0
0
8
172
192
0
0
0
0
0
120
159
64
0
0
0
0
0
252
171
192
0
0
0
0
0
164
159
64
0
0
0
0
0
240
171
192
0
0
0
0
0
208
159
64
0
0
0
0
0
228
171
192
0
0
0
0
0
252
159
64
0
0
0
0
0
214
171
192
0
0
0
0
0
20
160
64
0
0
0
0
0
202
171
192
0
0
0
0
0
42
160
64
0
0
0
0
0
190
171
192
0
0
0
0
0
62
160
64
0
0
0
0
0
176
171
192
0
0
0
0
0
84
160
64
0
0
0
0
0
164
171
192
0
0
0
0
0
106
160
64
0
0
0
0
0
150
171
192
0
0
0
0
0
128
160
64
0
0
0
0
0
138
171
192
0
0
0
0
0
148
160
64
0
0
0
0
0
124
171
192
0
0
0
0
0
170
160
64
0
0
0
0
0
112
171
192
0
0
0
0
0
190
160
64
0
0
0
0
0
98
171
192
0
0
0
0
0
212
160
64
0
0
0
0
0
86
171
192
0
0
0
0
0
232
160
64
0
0
0
0
0
72
171
192
0
0
0
0
0
252
160
64
0
0
0
0
0
60
171
192
0
0
0
0
0
18
161
64
0
0
0
0
0
46
171
192
0
0
0
0
0
38
161
64
0
0
0
0
0
32
171
192
0
0
0
0
0
58
161
64
0
0
0
0
0
20
171
192
0
0
0
0
0
80
161
64
0
0
0
0
0
6
171
192
0
0
0
0
0
100
161
64
0
0
0
0
0
248
170
192
0
0
0
0
0
120
161
64
0
0
0
0
0
234
170
192
0
0
0
0
0
142
161
64
0
0
0
0
0
220
170
192
0
0
0
0
0
162
161
64
0
0
0
0
0
206
170
192
0
0
0
0
0
184
161
64
0
0
0
0
0
192
170
192
0
0
0
0
0
204
161
64
0
0
0
0
0
178
170
192
0
0
0
0
0
226
161
64
0
0
0
0
0
164
170
192
0
0
0
0
0
246
161
64
0
0
0
0
0
150
170
192
0
0
0
0
0
12
162
64
0
0
0
0
0
136
170
192
0
0
0
0
0
34
162
64
0
0
0
0
0
122
170
192
0
0
0
0
0
54
162
64
0
0
0
0
0
108
170
192
0
0
0
0
0
76
162
64
0
0
0
0
0
92
170
192
0
0
0
0
0
98
162
64
0
0
0
0
0
78
170
192
0
0
0
0
0
118
162
64
0
0
0
0
0
62
170
192
0
0
0
0
0
140
162
64
0
0
0
0
0
48
170
192
0
0
0
0
0
162
162
64
0
0
0
0
0
34
170
192
0
0
0
0
0
182
162
64
0
0
0
0
0
0
0
0
0
0
0
0
0
0
0
0
0
0
0
0
0
0
0
0
0
0
0
0
0
0
0
0
0
0
0
0
0
0
0
0
0
0
0
0
0
0
0
0
0
0
0
0
0
0
0
0
0
0
0
0
0
0
0
0
0
0
0
0
0
0
0
0
0
0
0
0
0
0
0
0
0
0
0
0
0
0
0
0
0
0
0
0
0
0
0
0
0
0
0
0
0
0
0
0
0
0
0
0
0
0
0
0
0
0
0
0
0
0
0
0
0
0
0
0
0
0
0
0
0
0
0
0
0
0
0
0
0
0
0
0
0
0
0
0
0
0
0
0
0
0
0
0
0
0
0
0
0
0
0
0
0
0
0
0
0
0
0
0
0
0
0
0
0
0
0
0
0
0
0
0
0
0
0
0
0
0
0
0
0
0
0
0
0
0
0
0
0
0
0
0
0
0
0
0
0
0
0
0
0
0
0
0
0
0
0
0
0
0
0
0
0
0
0
0
0
0
0
0
0
0
0
0
0
0
0
0
0
0
0
0
0
0
0
0
0
0
0
0
0
0
0
0
0
0
0
0
0
0
0
0
0
0
0
0
0
0
0
0
0
0
0
0
0
0
0
0
0
0
0
0
0
0
0
0
0
0
0
0
0
0
0
0
0
0
0
0
0
0
0
0
0
0
0
0
0
0
0
0
0
0
0
0
0
0
0
0
0
0
0
0
0
0
0
0
0
0
0
0
0
0
0
0
0
0
0
0
0
0
0
0
0
0
0
0
0
0
0
0
0
0
0
0
0
0
0
0
0
0
0
0
0
0
0
0
0
0
0
0
0
0
0
0
0
0
0
0
0
0
0
0
0
0
0
0
0
0
0
0
0
0
0
0
0
0
0
0
0
0
0
0
0
0
0
0
0
0
0
0
0
0
0
0
0
0
0
0
0
0
0
0
0
0
0
0
0
0
0
0
0
0
0
0
0
0
0
0
0
0
0
0
0
0
0
0
0
0
0
0
0
0
0
0
0
0
0
0
0
0
0
0
0
0
0
0
0
0
0
0
0
0
0
0
0
0
0
0
0
0
0
0
0
0
0
0
0
0
0
0
0
0
0
0
0
0
0
0
0
0
0
0
0
0
0
0
0
0
0
0
0
0
0
0
0
0
0
0
0
0
0
0
0
0
0
0
0
0
0
0
0
0
0
0
0
0
0
0
0
0
0
0
0
0
0
0
0
0
0
0
0
0
0
0
0
0
0
0
0
0
0
0
0
0
0
0
0
0
0
0
0
0
0
0
0
0
0
0
0
0
0
0
0
0
0
0
0
0
0
0
0
0
0
0
0
0
0
0
0
0
0
0
0
0
0
0
0
0
0
0
0
0
0
0
0
0
0
0
0
0
0
0
0
0
0
0
0
0
0
0
0
0
0
0
0
0
0
0
0
0
0
0
0
0
0
0
0
0
0
0
0
0
0
0
0
0
0
0
0
0
0
0
0
0
0
0
0
0
0
0
0
0
0
0
0
0
0
0
0
0
0
0
0
0
0
0
0
0
0
0
0
0
0
0
0
0
0
0
0
0
0
0
0
0
0
0
0
0
0
0
0
0
0
0
0
0
0
0
0
0
0
0
0
0
0
0
0
0
0
0
0
0
0
0
0
0
0
0
0
0
0
0
0
0
0
0
0
0
0
0
0
0
0
0
0
0
0
0
0
0
0
0
0
0
0
0
0
0
0
0
0
0
0
0
0
0
0
0
0
0
0
0
0
0
0
0
0
0
0
0
0
0
0
0
0
0
0
0
0
0
0
0
0
0
0
0
0
0
0
0
0
0
0
0
0
0
0
0
0
0
0
0
0
0
0
0
0
0
0
0
0
0
0
0
0
0
0
0
0
0
0
0
0
0
0
0
0
0
0
0
0
0
0
0
0
0
0
0
0
0
0
0
0
0
0
0
0
0
0
0
0
0
0
0
0
0
0
0
0
0
0
0
0
0
0
0
0
0
0
0
0
0
0
0
0
0
0
0
0
0
0
0
0
0
0
0
0
0
0
0
0
0
0
0
0
0
0
0
0
0
0
0
0
0
0
0
0
0
0
0
0
0
0
0
0
0
0
0
0
0
0
0
0
0
0
0
0
0
0
0
0
0
0
0
0
0
0
0
0
0
0
0
0
0
0
0
0
0
0
0
0
0
0
0
0
0
0
0
0
0
0
0
0
0
0
0
0
0
0
0
0
0
0
0
0
0
0
0
0
0
0
0
0
0
0
0
0
0
0
0
0
0
0
0
0
0
0
0
0
0
0
0
0
0
0
0
0
0
0
0
0
0
0
0
0
0
0
0
0
0
0
0
0
0
0
0
0
0
0
0
0
0
0
0
0
0
0
0
0
0
0
0
0
0
0
0
0
0
0
0
0
0
0
0
0
0
0
0
0
0
0
0
0
0
0
0
0
0
0
0
0
0
0
0
0
0
0
0
0
0
0
0
0
0
0
0
0
0
0
0
0
0
0
0
0
0
0
0
0
0
0
0
0
0
0
0
0
0
0
0
0
0
0
0
0
0
0
0
0
0
0
0
0
0
0
0
0
0
0
0
0
0
0
0
0
0
0
0
0
0
0
0
0
0
0
0
0
0
0
0
0
0
0
0
0
0
0
0
0
0
0
0
0
0
0
0
0
0
0
0
0
0
0
0
0
0
0
0
0
0
0
0
0
0
0
0
0
0
0
0
0
0
0
0
0
0
0
0
0
0
0
0
0
0
0
0
0
0
0