58
70
65
67
84
58
67
68
65
84
49
56
58
68
65
84
65
32
35
57
48
48
48
48
48
54
57
51
54
0
0
0
0
0
18
170
192
0
0
0
0
0
202
162
64
0
0
0
0
0
4
170
192
0
0
0
0
0
224
162
64
0
0
0
0
0
244
169
192
0
0
0
0
0
244
162
64
0
0
0
0
0
230
169
192
0
0
0
0
0
8
163
64
0
0
0
0
0
214
169
192
0
0
0
0
0
28
163
64
0
0
0
0
0
200
169
192
0
0
0
0
0
46
163
64
0
0
0
0
0
184
169
192
0
0
0
0
0
66
163
64
0
0
0
0
0
170
169
192
0
0
0
0
0
84
163
64
0
0
0
0
0
156
169
192
0
0
0
0
0
104
163
64
0
0
0
0
0
140
169
192
0
0
0
0
0
122
163
64
0
0
0
0
0
126
169
192
0
0
0
0
0
142
163
64
0
0
0
0
0
110
169
192
0
0
0
0
0
160
163
64
0
0
0
0
0
96
169
192
0
0
0
0
0
178
163
64
0
0
0
0
0
80
169
192
0
0
0
0
0
198
163
64
0
0
0
0
0
66
169
192
0
0
0
0
0
216
163
64
0
0
0
0
0
50
169
192
0
0
0
0
0
234
163
64
0
0
0
0
0
34
169
192
0
0
0
0
0
254
163
64
0
0
0
0
0
20
169
192
0
0
0
0
0
16
164
64
0
0
0
0
0
4
169
192
0
0
0
0
0
36
164
64
0
0
0
0
0
244
168
192
0
0
0
0
0
56
164
64
0
0
0
0
0
228
168
192
0
0
0
0
0
74
164
64
0
0
0
0
0
212
168
192
0
0
0
0
0
94
164
64
0
0
0
0
0
196
168
192
0
0
0
0
0
114
164
64
0
0
0
0
0
178
168
192
0
0
0
0
0
132
164
64
0
0
0
0
0
162
168
192
0
0
0
0
0
152
164
64
0
0
0
0
0
146
168
192
0
0
0
0
0
172
164
64
0
0
0
0
0
130
168
192
0
0
0
0
0
192
164
64
0
0
0
0
0
112
168
192
0
0
0
0
0
212
164
64
0
0
0
0
0
96
168
192
0
0
0
0
0
230
164
64
0
0
0
0
0
78
168
192
0
0
0
0
0
250
164
64
0
0
0
0
0
62
168
192
0
0
0
0
0
14
165
64
0
0
0
0
0
44
168
192
0
0
0
0
0
32
165
64
0
0
0
0
0
28
168
192
0
0
0
0
0
52
165
64
0
0
0
0
0
10
168
192
0
0
0
0
0
70
165
64
0
0
0
0
0
250
167
192
0
0
0
0
0
90
165
64
0
0
0
0
0
232
167
192
0
0
0
0
0
108
165
64
0
0
0
0
0
216
167
192
0
0
0
0
0
126
165
64
0
0
0
0
0
200
167
192
0
0
0
0
0
144
165
64
0
0
0
0
0
182
167
192
0
0
0
0
0
162
165
64
0
0
0
0
0
166
167
192
0
0
0
0
0
180
165
64
0
0
0
0
0
148
167
192
0
0
0
0
0
198
165
64
0
0
0
0
0
132
167
192
0
0
0
0
0
216
165
64
0
0
0
0
0
116
167
192
0
0
0
0
0
234
165
64
0
0
0
0
0
98
167
192
0
0
0
0
0
252
165
64
0
0
0
0
0
82
167
192
0
0
0
0
0
14
166
64
0
0
0
0
0
64
167
192
0
0
0
0
0
32
166
64
0
0
0
0
0
46
167
192
0
0
0
0
0
50
166
64
0
0
0
0
0
28
167
192
0
0
0
0
0
68
166
64
0
0
0
0
0
12
167
192
0
0
0
0
0
88
166
64
0
0
0
0
0
250
166
192
0
0
0
0
0
106
166
64
0
0
0
0
0
232
166
192
0
0
0
0
0
124
166
64
0
0
0
0
0
214
166
192
0
0
0
0
0
142
166
64
0
0
0
0
0
196
166
192
0
0
0
0
0
160
166
64
0
0
0
0
0
178
166
192
0
0
0
0
0
178
166
64
0
0
0
0
0
160
166
192
0
0
0
0
0
196
166
64
0
0
0
0
0
142
166
192
0
0
0
0
0
214
166
64
0
0
0
0
0
124
166
192
0
0
0
0
0
232
166
64
0
0
0
0
0
106
166
192
0
0
0
0
0
252
166
64
0
0
0
0
0
86
166
192
0
0
0
0
0
14
167
64
0
0
0
0
0
68
166
192
0
0
0
0
0
30
167
64
0
0
0
0
0
50
166
192
0
0
0
0
0
48
167
64
0
0
0
0
0
32
166
192
0
0
0
0
0
66
167
64
0
0
0
0
0
14
166
192
0
0
0
0
0
84
167
64
0
0
0
0
0
252
165
192
0
0
0
0
0
102
167
64
0
0
0
0
0
234
165
192
0
0
0
0
0
118
167
64
0
0
0
0
0
214
165
192
0
0
0
0
0
136
167
64
0
0
0
0
0
196
165
192
0
0
0
0
0
154
167
64
0
0
0
0
0
178
165
192
0
0
0
0
0
170
167
64
0
0
0
0
0
158
165
192
0
0
0
0
0
186
167
64
0
0
0
0
0
140
165
192
0
0
0
0
0
204
167
64
0
0
0
0
0
120
165
192
0
0
0
0
0
220
167
64
0
0
0
0
0
100
165
192
0
0
0
0
0
236
167
64
0
0
0
0
0
82
165
192
0
0
0
0
0
254
167
64
0
0
0
0
0
62
165
192
0
0
0
0
0
14
168
64
0
0
0
0
0
44
165
192
0
0
0
0
0
30
168
64
0
0
0
0
0
24
165
192
0
0
0
0
0
46
168
64
0
0
0
0
0
6
165
192
0
0
0
0
0
64
168
64
0
0
0
0
0
244
164
192
0
0
0
0
0
80
168
64
0
0
0
0
0
226
164
192
0
0
0
0
0
96
168
64
0
0
0
0
0
208
164
192
0
0
0
0
0
112
168
64
0
0
0
0
0
188
164
192
0
0
0
0
0
130
168
64
0
0
0
0
0
170
164
192
0
0
0
0
0
146
168
64
0
0
0
0
0
152
164
192
0
0
0
0
0
162
168
64
0
0
0
0
0
134
164
192
0
0
0
0
0
178
168
64
0
0
0
0
0
116
164
192
0
0
0
0
0
196
168
64
0
0
0
0
0
96
164
192
0
0
0
0
0
212
168
64
0
0
0
0
0
78
164
192
0
0
0
0
0
228
168
64
0
0
0
0
0
60
164
192
0
0
0
0
0
244
168
64
0
0
0
0
0
40
164
192
0
0
0
0
0
4
169
64
0
0
0
0
0
20
164
192
0
0
0
0
0
20
169
64
0
0
0
0
0
0
164
192
0
0
0
0
0
36
169
64
0
0
0
0
0
236
163
192
0
0
0
0
0
52
169
64
0
0
0
0
0
218
163
192
0
0
0
0
0
66
169
64
0
0
0
0
0
198
163
192
0
0
0
0
0
82
169
64
0
0
0
0
0
176
163
192
0
0
0
0
0
98
169
64
0
0
0
0
0
156
163
192
0
0
0
0
0
114
169
64
0
0
0
0
0
136
163
192
0
0
0
0
0
128
169
64
0
0
0
0
0
116
163
192
0
0
0
0
0
144
169
64
0
0
0
0
0
96
163
192
0
0
0
0
0
160
169
64
0
0
0
0
0
76
163
192
0
0
0
0
0
174
169
64
0
0
0
0
0
54
163
192
0
0
0
0
0
190
169
64
0
0
0
0
0
34
163
192
0
0
0
0
0
204
169
64
0
0
0
0
0
14
163
192
0
0
0
0
0
220
169
64
0
0
0
0
0
250
162
192
0
0
0
0
0
234
169
64
0
0
0
0
0
228
162
192
0
0
0
0
0
250
169
64
0
0
0
0
0
208
162
192
0
0
0
0
0
8
170
64
0
0
0
0
0
188
162
192
0
0
0
0
0
22
170
64
0
0
0
0
0
168
162
192
0
0
0
0
0
36
170
64
0
0
0
0
0
146
162
192
0
0
0
0
0
52
170
64
0
0
0
0
0
126
162
192
0
0
0
0
0
66
170
64
0
0
0
0
0
106
162
192
0
0
0
0
0
80
170
64
0
0
0
0
0
86
162
192
0
0
0
0
0
94
170
64
0
0
0
0
0
66
162
192
0
0
0
0
0
108
170
64
0
0
0
0
0
46
162
192
0
0
0
0
0
124
170
64
0
0
0
0
0
26
162
192
0
0
0
0
0
138
170
64
0
0
0
0
0
4
162
192
0
0
0
0
0
152
170
64
0
0
0
0
0
240
161
192
0
0
0
0
0
166
170
64
0
0
0
0
0
220
161
192
0
0
0
0
0
182
170
64
0
0
0
0
0
200
161
192
0
0
0
0
0
196
170
64
0
0
0
0
0
180
161
192
0
0
0
0
0
210
170
64
0
0
0
0
0
158
161
192
0
0
0
0
0
226
170
64
0
0
0
0
0
138
161
192
0
0
0
0
0
240
170
64
0
0
0
0
0
118
161
192
0
0
0
0
0
254
170
64
0
0
0
0
0
96
161
192
0
0
0
0
0
12
171
64
0
0
0
0
0
76
161
192
0
0
0
0
0
26
171
64
0
0
0
0
0
54
161
192
0
0
0
0
0
40
171
64
0
0
0
0
0
34
161
192
0
0
0
0
0
54
171
64
0
0
0
0
0
12
161
192
0
0
0
0
0
68
171
64
0
0
0
0
0
248
160
192
0
0
0
0
0
80
171
64
0
0
0
0
0
226
160
192
0
0
0
0
0
94
171
64
0
0
0
0
0
204
160
192
0
0
0
0
0
106
171
64
0
0
0
0
0
184
160
192
0
0
0
0
0
120
171
64
0
0
0
0
0
162
160
192
0
0
0
0
0
132
171
64
0
0
0
0
0
140
160
192
0
0
0
0
0
144
171
64
0
0
0
0
0
118
160
192
0
0
0
0
0
158
171
64
0
0
0
0
0
98
160
192
0
0
0
0
0
170
171
64
0
0
0
0
0
76
160
192
0
0
0
0
0
182
171
64
0
0
0
0
0
54
160
192
0
0
0
0
0
194
171
64
0
0
0
0
0
32
160
192
0
0
0
0
0
208
171
64
0
0
0
0
0
12
160
192
0
0
0
0
0
220
171
64
0
0
0
0
0
236
159
192
0
0
0
0
0
232
171
64
0
0
0
0
0
192
159
192
0
0
0
0
0
246
171
64
0
0
0
0
0
152
159
192
0
0
0
0
0
2
172
64
0
0
0
0
0
108
159
192
0
0
0
0
0
14
172
64
0
0
0
0
0
64
159
192
0
0
0
0
0
28
172
64
0
0
0
0
0
20
159
192
0
0
0
0
0
40
172
64
0
0
0
0
0
232
158
192
0
0
0
0
0
52
172
64
0
0
0
0
0
188
158
192
0
0
0
0
0
64
172
64
0
0
0
0
0
144
158
192
0
0
0
0
0
76
172
64
0
0
0
0
0
100
158
192
0
0
0
0
0
88
172
64
0
0
0
0
0
56
158
192
0
0
0
0
0
100
172
64
0
0
0
0
0
12
158
192
0
0
0
0
0
112
172
64
0
0
0
0
0
224
157
192
0
0
0
0
0
124
172
64
0
0
0
0
0
180
157
192
0
0
0
0
0
136
172
64
0
0
0
0
0
136
157
192
0
0
0
0
0
148
172
64
0
0
0
0
0
92
157
192
0
0
0
0
0
160
172
64
0
0
0
0
0
48
157
192
0
0
0
0
0
170
172
64
0
0
0
0
0
4
157
192
0
0
0
0
0
182
172
64
0
0
0
0
0
216
156
192
0
0
0
0
0
192
172
64
0
0
0
0
0
172
156
192
0
0
0
0
0
204
172
64
0
0
0
0
0
128
156
192
0
0
0
0
0
214
172
64
0
0
0
0
0
84
156
192
0
0
0
0
0
226
172
64
0
0
0
0
0
44
156
192
0
0
0
0
0
236
172
64
0
0
0
0
0
0
156
192
0
0
0
0
0
246
172
64
0
0
0
0
0
212
155
192
0
0
0
0
0
0
173
64
0
0
0
0
0
168
155
192
0
0
0
0
0
12
173
64
0
0
0
0
0
124
155
192
0
0
0
0
0
22
173
64
0
0
0
0
0
84
155
192
0
0
0
0
0
32
173
64
0
0
0
0
0
36
155
192
0
0
0
0
0
42
173
64
0
0
0
0
0
248
154
192
0
0
0
0
0
52
173
64
0
0
0
0
0
204
154
192
0
0
0
0
0
62
173
64
0
0
0
0
0
160
154
192
0
0
0
0
0
72
173
64
0
0
0
0
0
116
154
192
0
0
0
0
0
82
173
64
0
0
0
0
0
68
154
192
0
0
0
0
0
92
173
64
0
0
0
0
0
24
154
192
0
0
0
0
0
102
173
64
0
0
0
0
0
232
153
192
0
0
0
0
0
112
173
64
0
0
0
0
0
188
153
192
0
0
0
0
0
122
173
64
0
0
0
0
0
140
153
192
0
0
0
0
0
132
173
64
0
0
0
0
0
96
153
192
0
0
0
0
0
142
173
64
0
0
0
0
0
48
153
192
0
0
0
0
0
152
173
64
0
0
0
0
0
4
153
192
0
0
0
0
0
162
173
64
0
0
0
0
0
212
152
192
0
0
0
0
0
172
173
64
0
0
0
0
0
168
152
192
0
0
0
0
0
180
173
64
0
0
0
0
0
120
152
192
0
0
0
0
0
190
173
64
0
0
0
0
0
76
152
192
0
0
0
0
0
200
173
64
0
0
0
0
0
28
152
192
0
0
0
0
0
208
173
64
0
0
0
0
0
240
151
192
0
0
0
0
0
218
173
64
0
0
0
0
0
192
151
192
0
0
0
0
0
226
173
64
0
0
0
0
0
148
151
192
0
0
0
0
0
236
173
64
0
0
0
0
0
100
151
192
0
0
0
0
0
244
173
64
0
0
0
0
0
52
151
192
0
0
0
0
0
254
173
64
0
0
0
0
0
8
151
192
0
0
0
0
0
6
174
64
0
0
0
0
0
216
150
192
0
0
0
0
0
14
174
64
0
0
0
0
0
168
150
192
0
0
0
0
0
22
174
64
0
0
0
0
0
124
150
192
0
0
0
0
0
32
174
64
0
0
0
0
0
76
150
192
0
0
0
0
0
40
174
64
0
0
0
0
0
28
150
192
0
0
0
0
0
48
174
64
0
0
0
0
0
240
149
192
0
0
0
0
0
56
174
64
0
0
0
0
0
192
149
192
0
0
0
0
0
62
174
64
0
0
0
0
0
144
149
192
0
0
0
0
0
70
174
64
0
0
0
0
0
100
149
192
0
0
0
0
0
78
174
64
0
0
0
0
0
52
149
192
0
0
0
0
0
86
174
64
0
0
0
0
0
8
149
192
0
0
0
0
0
92
174
64
0
0
0
0
0
216
148
192
0
0
0
0
0
100
174
64
0
0
0
0
0
168
148
192
0
0
0
0
0
108
174
64
0
0
0
0
0
124
148
192
0
0
0
0
0
114
174
64
0
0
0
0
0
76
148
192
0
0
0
0
0
122
174
64
0
0
0
0
0
28
148
192
0
0
0
0
0
130
174
64
0
0
0
0
0
240
147
192
0
0
0
0
0
136
174
64
0
0
0
0
0
192
147
192
0
0
0
0
0
144
174
64
0
0
0
0
0
144
147
192
0
0
0
0
0
152
174
64
0
0
0
0
0
96
147
192
0
0
0
0
0
160
174
64
0
0
0
0
0
48
147
192
0
0
0
0
0
168
174
64
0
0
0
0
0
252
146
192
0
0
0
0
0
174
174
64
0
0
0
0
0
204
146
192
0
0
0
0
0
182
174
64
0
0
0
0
0
156
146
192
0
0
0
0
0
190
174
64
0
0
0
0
0
108
146
192
0
0
0
0
0
196
174
64
0
0
0
0
0
60
146
192
0
0
0
0
0
204
174
64
0
0
0
0
0
8
146
192
0
0
0
0
0
212
174
64
0
0
0
0
0
216
145
192
0
0
0
0
0
218
174
64
0
0
0
0
0
168
145
192
0
0
0
0
0
226
174
64
0
0
0
0
0
120
145
192
0
0
0
0
0
232
174
64
0
0
0
0
0
72
145
192
0
0
0
0
0
240
174
64
0
0
0
0
0
24
145
192
0
0
0
0
0
246
174
64
0
0
0
0
0
228
144
192
0
0
0
0
0
252
174
64
0
0
0
0
0
180
144
192
0
0
0
0
0
2
175
64
0
0
0
0
0
132
144
192
0
0
0
0
0
8
175
64
0
0
0
0
0
84
144
192
0
0
0
0
0
16
175
64
0
0
0
0
0
36
144
192
0
0
0
0
0
22
175
64
0
0
0
0
0
232
143
192
0
0
0
0
0
28
175
64
0
0
0
0
0
136
143
192
0
0
0
0
0
34
175
64
0
0
0
0
0
32
143
192
0
0
0
0
0
38
175
64
0
0
0
0
0
192
142
192
0
0
0
0
0
44
175
64
0
0
0
0
0
96
142
192
0
0
0
0
0
50
175
64
0
0
0
0
0
0
142
192
0
0
0
0
0
56
175
64
0
0
0
0
0
160
141
192
0
0
0
0
0
60
175
64
0
0
0
0
0
64
141
192
0
0
0
0
0
66
175
64
0
0
0
0
0
224
140
192
0
0
0
0
0
72
175
64
0
0
0
0
0
120
140
192
0
0
0
0
0
76
175
64
0
0
0
0
0
24
140
192
0
0
0
0
0
82
175
64
0
0
0
0
0
184
139
192
0
0
0
0
0
86
175
64
0
0
0
0
0
88
139
192
0
0
0
0
0
92
175
64
0
0
0
0
0
240
138
192
0
0
0
0
0
96
175
64
0
0
0
0
0
144
138
192
0
0
0
0
0
102
175
64
0
0
0
0
0
48
138
192
0
0
0
0
0
106
175
64
0
0
0
0
0
200
137
192
0
0
0
0
0
110
175
64
0
0
0
0
0
104
137
192
0
0
0
0
0
116
175
64
0
0
0
0
0
8
137
192
0
0
0
0
0
120
175
64
0
0
0
0
0
160
136
192
0
0
0
0
0
124
175
64
0
0
0
0
0
64
136
192
0
0
0
0
0
128
175
64
0
0
0
0
0
224
135
192
0
0
0
0
0
134
175
64
0
0
0
0
0
120
135
192
0
0
0
0
0
138
175
64
0
0
0
0
0
24
135
192
0
0
0
0
0
142
175
64
0
0
0
0
0
184
134
192
0
0
0
0
0
146
175
64
0
0
0
0
0
80
134
192
0
0
0
0
0
150
175
64
0
0
0
0
0
240
133
192
0
0
0
0
0
154
175
64
0
0
0
0
0
136
133
192
0
0
0
0
0
158
175
64
0
0
0
0
0
40
133
192
0
0
0
0
0
162
175
64
0
0
0
0
0
200
132
192
0
0
0
0
0
166
175
64
0
0
0
0
0
96
132
192
0
0
0
0
0
170
175
64
0
0
0
0
0
0
132
192
0
0
0
0
0
174
175
64
0
0
0
0
0
152
131
192
0
0
0
0
0
178
175
64
0
0
0
0
0
56
131
192
0
0
0
0
0
182
175
64
0
0
0
0
0
208
130
192
0
0
0
0
0
186
175
64
0
0
0
0
0
104
130
192
0
0
0
0
0
190
175
64
0
0
0
0
0
8
130
192
0
0
0
0
0
192
175
64
0
0
0
0
0
160
129
192
0
0
0
0
0
196
175
64
0
0
0
0
0
64
129
192
0
0
0
0
0
200
175
64
0
0
0
0
0
216
128
192
0
0
0
0
0
202
175
64
0
0
0
0
0
120
128
192
0
0
0
0
0
206
175
64
0
0
0
0
0
16
128
192
0
0
0
0
0
208
175
64
0
0
0
0
0
96
127
192
0
0
0
0
0
210
175
64
0
0
0
0
0
144
126
192
0
0
0
0
0
214
175
64
0
0
0
0
0
208
125
192
0
0
0
0
0
216
175
64
0
0
0
0
0
0
125
192
0
0
0
0
0
218
175
64
0
0
0
0
0
64
124
192
0
0
0
0
0
220
175
64
0
0
0
0
0
112
123
192
0
0
0
0
0
222
175
64
0
0
0
0
0
176
122
192
0
0
0
0
0
224
175
64
0
0
0
0
0
240
121
192
0
0
0
0
0
226
175
64
0
0
0
0
0
32
121
192
0
0
0
0
0
230
175
64
0
0
0
0
0
96
120
192
0
0
0
0
0
232
175
64
0
0
0
0
0
144
119
192
0
0
0
0
0
234
175
64
0
0
0
0
0
208
118
192
0
0
0
0
0
236
175
64
0
0
0
0
0
0
118
192
0
0
0
0
0
238
175
64
0
0
0
0
0
64
117
192
0
0
0
0
0
240
175
64
0
0
0
0
0
112
116
192
0
0
0
0
0
242
175
64
0
0
0
0
0
176
115
192
0
0
0
0
0
244
175
64
0
0
0
0
0
224
114
192
0
0
0
0
0
246
175
64
0
0
0
0
0
32
114
192
0
0
0
0
0
248
175
64
0
0
0
0
0
80
113
192
0
0
0
0
0
252
175
64
0
0
0
0
0
128
112
192
0
0
0
0
0
254
175
64
0
0
0
0
0
128
111
192
0
0
0
0
0
0
176
64
0
0
0
0
0
224
109
192
0
0
0
0
0
1
176
64
0
0
0
0
0
96
108
192
0
0
0
0
0
2
176
64
0
0
0
0
0
192
106
192
0
0
0
0
0
3
176
64
0
0
0
0
0
64
105
192
0
0
0
0
0
4
176
64
0
0
0
0
0
160
103
192
0
0
0
0
0
4
176
64
0
0
0
0
0
0
102
192
0
0
0
0
0
4
176
64
0
0
0
0
0
128
100
192
0
0
0
0
0
3
176
64
0
0
0
0
0
224
98
192
0
0
0
0
0
2
176
64
0
0
0
0
0
64
97
192
0
0
0
0
0
0
176
64
0
0
0
0
0
128
95
192
0
0
0
0
0
254
175
64
0
0
0
0
0
64
92
192
0
0
0
0
0
254
175
64
0
0
0
0
0
64
89
192
0
0
0
0
0
254
175
64
0
0
0
0
0
0
86
192
0
0
0
0
0
254
175
64
0
0
0
0
0
192
82
192
0
0
0
0
0
0
176
64
0
0
0
0
0
128
79
192
0
0
0
0
0
0
176
64
0
0
0
0
0
0
73
192
0
0
0
0
0
0
176
64
0
0
0
0
0
0
67
192
0
0
0
0
0
0
176
64
0
0
0
0
0
0
57
192
0
0
0
0
0
0
176
64
0
0
0
0
0
0
42
192
32
32
32
32
32
32
32
32
32
32
32
32
32
32
32
32
32
32
32
32
32
32
32
32
32
32
32
32
32
32
32
32
32
32
32
32
32
32
32
32
32
32
84
73
95
65
108
108
45
50
48
71
95
67
49
95
76
79
87
95
97
99
113
50
0
32
0
0
0
0
0
0
0
0
240
63
0
0
0
0
0
0
0
128
0
0
0
0
0
0
240
63
0
0
0
0
0
0
0
128
0
0
0
0
0
0
240
63
0
0
0
0
0
0
0
0
0
0
0
0
0
0
240
63
0
0
0
0
0
0
0
0
0
0
0
0
0
0
240
63
0
0
0
0
0
0
0
0
0
0
0
0
0
0
240
63
0
0
0
0
0
0
0
128
233
11
33
231
253
255
239
63
0
0
0
0
0
0
0
128
45
232
189
49
4
0
240
63
0
0
0
0
0
0
0
0
171
38
136
186
15
0
240
63
141
237
181
160
247
198
176
62
6
131
107
238
232
255
239
63
141
237
181
160
247
198
176
190
127
18
159
59
193
254
239
63
84
228
16
113
115
42
233
190
5
192
120
6
13
253
239
63
144
190
73
211
160
104
254
190
116
97
164
23
181
251
239
63
15
214
255
57
204
151
7
191
168
252
107
121
229
250
239
63
144
190
73
211
160
104
14
191
101
56
158
207
128
250
239
63
102
76
193
26
103
211
17
191
175
151
166
8
112
250
239
63
97
50
85
48
42
169
19
191
209
121
141
93
162
250
239
63
167
64
102
103
209
59
21
191
253
73
124
238
4
251
239
63
201
199
238
2
37
5
22
191
105
115
156
219
132
251
239
63
128
159
113
225
64
72
22
191
70
97
23
69
15
252
239
63
128
159
113
225
64
72
22
191
222
114
245
99
147
252
239
63
19
240
107
36
9
194
21
191
102
19
96
88
254
252
239
63
167
64
102
103
209
59
21
191
153
102
186
215
73
253
239
63
206
225
90
237
97
47
20
191
141
96
227
250
119
253
239
63
245
130
79
115
242
34
19
191
158
209
86
37
145
253
239
63
28
36
68
249
130
22
18
191
226
173
243
111
151
253
239
63
67
197
56
127
19
10
17
191
135
221
119
12
143
253
239
63
33
62
176
227
191
64
16
191
209
60
128
69
126
253
239
63
105
29
85
77
16
117
15
191
5
168
169
101
107
253
239
63
105
29
85
77
16
117
15
191
33
31
244
108
86
253
239
63
213
204
90
10
72
251
15
191
130
114
219
190
71
253
239
63
67
197
56
127
19
10
17
191
85
138
29
141
67
253
239
63
63
171
204
148
214
223
18
191
153
102
186
215
73
253
239
63
167
64
102
103
209
59
21
191
79
7
178
158
90
253
239
63
49
93
136
213
31
97
24
191
96
120
37
201
115
253
239
63
40
41
176
0
166
12
28
191
135
221
119
12
143
253
239
63
33
62
176
227
191
64
32
191
198
54
169
104
172
253
239
63
137
211
73
182
186
156
34
191
4
144
218
196
201
253
239
63
130
172
167
86
95
93
37
191
21
1
78
239
226
253
239
63
86
241
70
230
145
63
40
191
225
149
36
207
245
253
239
63
5
162
39
101
82
67
43
191
83
90
127
75
0
254
239
63
107
42
139
194
46
138
46
191
60
102
160
50
254
253
239
63
86
15
152
135
76
249
48
191
157
185
135
132
239
253
239
63
118
137
234
173
129
173
50
191
118
84
53
65
212
253
239
63
132
185
221
203
125
114
52
191
243
30
103
154
176
253
239
63
146
233
208
233
121
55
54
191
44
13
252
168
134
253
239
63
197
173
130
24
232
218
55
191
79
7
178
158
90
253
239
63
248
113
52
71
86
126
57
191
90
13
137
123
44
253
239
63
98
20
4
143
111
239
58
191
170
239
252
162
4
253
239
63
241
74
146
231
250
62
60
191
17
198
79
227
222
252
239
63
183
95
62
89
49
92
61
191
233
96
253
159
195
252
239
63
181
82
8
228
18
71
62
191
74
180
228
241
180
252
239
63
252
109
79
144
216
238
62
191
29
204
38
192
176
252
239
63
160
251
114
102
187
66
63
191
142
144
129
60
187
252
239
63
142
177
19
94
130
83
63
191
114
25
55
53
208
252
239
63
179
69
210
110
244
49
63
191
153
126
137
120
235
252
239
63
15
184
174
152
17
222
62
191
5
192
120
6
13
253
239
63
144
190
73
211
160
104
62
191
113
1
104
148
46
253
239
63
17
197
228
13
48
243
61
191
221
66
87
34
80
253
239
63
165
21
223
80
248
108
61
191
27
156
136
126
109
253
239
63
38
28
122
139
135
247
60
191
44
13
252
168
134
253
239
63
130
142
86
181
164
163
60
191
203
185
20
87
149
253
239
63
185
108
116
206
79
113
60
191
249
161
210
136
153
253
239
63
204
182
211
214
136
96
60
191
181
197
53
62
147
253
239
63
149
216
181
189
221
146
60
191
21
25
29
144
132
253
239
63
38
28
122
139
135
247
60
191
50
144
103
151
111
253
239
63
146
203
127
72
191
125
61
191
56
19
211
133
88
253
239
63
218
230
198
244
132
37
62
191
39
162
95
91
63
253
239
63
252
109
79
144
216
238
62
191
68
25
170
98
42
253
239
63
250
96
25
27
186
217
63
191
119
132
211
130
23
253
239
63
243
4
194
78
177
106
64
191
28
180
87
31
15
253
239
63
86
15
152
135
76
249
64
191
28
180
87
31
15
253
239
63
185
25
110
192
231
135
65
191
164
108
145
180
27
253
239
63
28
36
68
249
130
22
66
191
181
221
4
223
52
253
239
63
118
137
234
173
129
173
66
191
79
7
178
158
90
253
239
63
217
147
192
230
28
60
67
191
21
25
29
144
132
253
239
63
61
158
150
31
184
202
67
191
10
19
70
179
178
253
239
63
169
77
156
220
239
80
68
191
231
24
144
189
222
253
239
63
31
162
209
29
196
206
68
191
174
42
251
174
8
254
239
63
157
155
54
227
52
68
69
191
26
108
234
60
42
254
239
63
38
58
203
44
66
177
69
191
253
244
159
53
63
254
239
63
201
199
238
2
37
5
70
191
88
197
27
153
71
254
239
63
128
159
113
225
64
72
70
191
231
0
193
28
61
254
239
63
72
193
83
200
149
122
70
191
168
167
143
192
31
254
239
63
45
210
196
59
192
147
70
191
157
185
135
132
239
253
239
63
17
227
53
175
234
172
70
191
33
7
37
204
180
253
239
63
245
243
166
34
21
198
70
191
50
144
103
151
111
253
239
63
190
21
137
9
106
248
70
191
45
37
203
73
40
253
239
63
98
163
172
223
76
76
71
191
17
198
79
227
222
252
239
63
215
247
225
32
33
202
71
191
34
79
146
174
153
252
239
63
250
126
106
188
116
147
72
191
143
168
80
221
92
252
239
63
211
221
117
54
228
159
73
191
132
186
72
161
44
252
239
63
70
37
117
2
154
8
75
191
47
109
56
44
13
252
239
63
75
176
56
156
249
213
76
191
166
180
254
150
0
252
239
63
206
52
97
251
201
24
79
191
235
144
155
225
6
252
239
63
246
208
62
86
240
219
80
191
229
13
48
243
29
252
239
63
96
115
14
158
9
77
82
191
126
55
221
178
67
252
239
63
193
112
174
97
134
198
83
191
114
49
6
214
113
252
239
63
34
110
78
37
3
64
85
191
216
239
137
117
170
252
239
63
26
136
101
51
135
164
86
191
108
150
203
70
231
252
239
63
55
54
59
82
125
231
87
191
22
49
236
48
38
253
239
63
16
149
70
204
236
243
88
191
192
203
12
27
101
253
239
63
183
238
230
169
14
185
89
191
61
126
111
211
159
253
239
63
186
186
99
177
77
42
90
191
140
72
20
90
214
253
239
63
45
67
28
235
226
54
90
191
151
54
28
150
6
254
239
63
137
181
248
20
0
227
89
191
71
84
168
110
46
254
239
63
189
199
153
38
108
63
89
191
157
161
184
227
77
254
239
63
49
93
136
213
31
97
88
191
151
30
77
245
100
254
239
63
88
254
124
91
176
84
87
191
31
215
134
138
113
254
239
63
23
188
232
43
72
51
86
191
54
203
101
163
115
254
239
63
89
76
108
62
174
13
85
191
196
6
11
39
105
254
239
63
138
146
144
72
219
248
83
191
225
125
85
46
84
254
239
63
26
23
14
132
100
1
83
191
117
60
102
160
50
254
239
63
238
234
85
100
116
64
82
191
106
78
94
100
2
254
239
63
244
195
8
225
209
198
81
191
237
155
251
171
199
253
239
63
167
207
14
184
174
152
81
191
21
25
29
144
132
253
239
63
16
179
151
109
167
173
81
191
39
162
95
91
63
253
239
63
189
229
234
199
38
249
81
191
34
55
195
13
248
252
239
63
50
58
32
9
251
118
82
191
97
168
195
10
183
252
239
63
131
250
150
57
0
0
0
0
0
0
0
0
0
0
0
0
0
0
0
0
0
0
0
0
0
0
0
0
0
0
0
0
0
0
0
0
0
0
0
0
0
0
0
0
0
0
0
0
0
0
0
0
0
0
0
0
0
0
0
0
0
0
0
0
0
0
0
0
0
0
0
0
0
0
0
0
0
0
0
0
0
0
0
0
0
0
0
0
0
0
0
0
0
0
0
0
0
0
0
0
0
0
0
0
0
0
0
0
0
0
0
0
0
0
0
0
0
0
0
0
0
0
0
0
0
0
0
0
0
0
0
0
0
0
0
0
0
0
0
0
0
0
0
0
0
0
0
0
0
0
0
0
0
0
0
0
0
0
0
0
0
0
0
0
0
0
0
0
0
0
0
0
0
0
0
0
0
0
0
0
0
0
0
0
0
0
0
0
0
0
0
0
0
0
0
0
0
0
0
0
0
0
0
0
0
0
0
0
0
0
0
0
0
0
0
0
0
0
0
0
0
0
0
0
0
0
0
0
0
0
0
0
0
0
0
0
0
0
0
0
0
0
0
0
0
0
0
0
0
0
0
0
0
0
0
0
0
0
0
0
0
0
0
0
0
0
0
0
0
0
0
0
0
0
0
0
0
0
0
0
0
0
0
0
0
0
0
0
0
0
0
0
0
0
0
0
0
0
0
0
0
0
0
0
0
0
0
0
0
0
0
0
0
0
0
0
0
0
0
0
0
0
0
0
0
0
0
0
0
0
0
0
0
0
0
0
0
0
0
0
0
0
0
0
0
0
0
0
0
0
0
0
0
0
0
0
0
0
0
0
0
0
0
0
0
0
0
0
0
0
0
0
0
0
0
0
0
0
0
0
0
0
0
0
0
0
0
0
0
0
0
0
0
0
0
0
0
0
0
0
0
0
0
0
0
0
0
0
0
0
0
0
0
0
0
0
0
0
0
0
0
0
0
0
0
0
0
0
0
0
0
0
0
0
0
0
0
0
0
0
0
0
0
0
0
0
0
0
0
0
0
0
0
0
0
0
0
0
0
0
0
0
0
0
0
0
0
0
0
0
0
0
0
0
0
0
0
0
0
0
0
0
0
0
0
0
0
0
0
0
0
0
0
0
0
0
0
0
0
0
0
0
0
0
0
0
0
0
0
0
0
0
0
0
0
0
0
0
0
0
0
0
0
0
0
0
0
0
0
0
0
0
0
0
0
0
0
0
0
0
0
0
0
0
0
0
0
0
0
0
0
0
0
0
0
0
0
0
0
0
0
0
0
0
0
0
0
0
0
0
0
0
0
0
0
0
0
0
0
0
0
0
0
0
0
0
0
0
0
0
0
0
0
0
0
0
0
0
0
0
0
0
0
0
0
0
0
0
0
0
0
0
0
0
0
0
0
0
0
0
0
0
0
0
0
0
0
0
0
0
0
0
0
0
0
0
0
0
0
0
0
0
0
0
0
0
0
0
0
0
0
0
0
0
0
0
0
0
0
0
0
0
0
0
0
0
0
0
0
0
0
0
0
0
0
0
0
0
0
0
0
0
0
0
0
0
0
0
0
0
0
0
0
0
0
0
0
0
0
0
0
0
0
0
0
0
0
0
0
0
0
0
0
0
0
0
0
0
0
0
0
0
0
0
0
0
0
0
0
0
0
0
0
0
0
0
0
0
0
0
0
0
0
0
0
0
0
0
0
0
0
0
0
0
0
0
0
0
0
0
0
0
0
0
0
0
0
0
0
0
0
0
0
0
0
0
0
0
0
0
0
0
0
0
0
0
0
0
0
0
0
0
0
0
0
0
0
0
0
0
0
0
0
0
0
0
0
0
0
0
0
0
0
0
0
0
0
0
0
0
0
0
0
0
0
0
0
0
0
0
0
0
0
0
0
0
0
0
0
0
0
0
0
0
0
0
0
0
0
0
0
0
0
0
0
0
0
0
0
0
0
0
0
0
0
0
0
0
0
0
0
0
0
0
0
0
0
0
0
0
0
0
0
0
0
0
0
0
0
0
0
0
0
0
0
0
0
0
0
0
0
0
0
0
0
0
0
0
0
0
0
0
0
0
0
0
0
0
0
0
0
0
0
0
0
0
0
0
0
0
0
0
0
0
0
0
0
0
0
0
0
0
0
0
0
0
0
0
0
0
0
0
0
0
0
0
0
0
0
0
0
0
0
0
0
0
0
0
0
0
0
0
0
0
0
0
0
0
0
0
0
0
0
0
0
0
0
0
0
0
0
0
0
0
0
0
0
0
0
0
0
0
0
0
0
0
0
0
0
0
0
0
0
0
0
0
0
0
0
0
0
0
0
0
0
0
0
0
0
0
0
0
0
0
0
0
0
0
0
0
0
0
0
0
0
0
0
0
0
0
0
0
0
0
0
0
0
0
0
0
0
0
0
0
0
0
0
0
0
0
0
0
0
0
0
0
0
0
0
0
0
0
0
0
0
0
0
0
0
0
0
0
0
0
0
0
0
0
0
0
0
0
0
0
0
0
0
0
0
0
0
0
0
0
0
0
0
0
0
0
0
0
0
0
0
0
0
0
0
0
0
0
0
0
0
0
0
0
0
0
0
0
0
0
0
0
0
0
0
0
0
0
0
0
0
0
0
0
0
0
0
0
0
0
0
0
0
0
0
0
0
0
0
0
0
0
0
0
0
0
0
0
0
0
0
0
0
0
0
0
0
0
0
0
0
0
0
0
0
0
0
0
0
0
0
0
0
0
0
0
0
0
0
0
0
0
0
0
0
0
0
0
0
0
0
0
0
0
0
0
0