58
70
65
67
84
58
67
68
65
84
49
56
58
68
65
84
65
32
35
57
48
48
48
48
48
54
57
51
54
0
254
161
64
0
0
0
0
0
174
171
64
0
0
0
0
0
152
157
64
0
0
0
0
0
88
173
64
0
0
0
0
0
192
150
64
0
0
0
0
0
148
174
64
0
0
0
0
0
24
143
64
0
0
0
0
0
98
175
64
0
0
0
0
0
32
128
64
0
0
0
0
0
186
175
64
0
0
0
0
0
0
59
64
0
0
0
0
0
154
175
64
0
0
0
0
0
0
125
192
0
0
0
0
0
4
175
64
0
0
0
0
0
192
141
192
0
0
0
0
0
246
173
64
0
0
0
0
0
84
150
192
0
0
0
0
0
118
172
64
0
0
0
0
0
124
157
192
0
0
0
0
0
136
170
64
0
0
0
0
0
30
162
192
0
0
0
0
0
52
168
64
0
0
0
0
0
60
165
192
0
0
0
0
0
128
165
64
0
0
0
0
0
14
168
192
0
0
0
0
0
118
162
64
0
0
0
0
0
136
170
192
0
0
0
0
0
72
158
64
0
0
0
0
0
160
172
192
0
0
0
0
0
44
151
64
0
0
0
0
0
76
174
192
0
0
0
0
0
96
143
64
0
0
0
0
0
136
175
192
0
0
0
0
0
208
127
64
0
0
0
0
0
38
176
192
0
0
0
0
0
0
24
64
0
0
0
0
0
76
176
192
0
0
0
0
0
64
127
192
0
0
0
0
0
52
176
192
0
0
0
0
0
56
143
192
0
0
0
0
0
190
175
192
0
0
0
0
0
52
151
192
0
0
0
0
0
158
174
192
0
0
0
0
0
124
158
192
0
0
0
0
0
8
173
192
0
0
0
0
0
170
162
192
0
0
0
0
0
4
171
192
0
0
0
0
0
210
165
192
0
0
0
0
0
154
168
192
0
0
0
0
0
170
168
192
0
0
0
0
0
210
165
192
0
0
0
0
0
40
171
192
0
0
0
0
0
180
162
192
0
0
0
0
0
66
173
192
0
0
0
0
0
156
158
192
0
0
0
0
0
236
174
192
0
0
0
0
0
88
151
192
0
0
0
0
0
18
176
192
0
0
0
0
0
112
143
192
0
0
0
0
0
114
176
192
0
0
0
0
0
96
127
192
0
0
0
0
0
147
176
192
0
0
0
0
0
0
38
64
0
0
0
0
0
118
176
192
0
0
0
0
0
96
128
64
0
0
0
0
0
27
176
192
0
0
0
0
0
28
144
64
0
0
0
0
0
6
175
192
0
0
0
0
0
204
151
64
0
0
0
0
0
98
173
192
0
0
0
0
0
40
159
64
0
0
0
0
0
78
171
192
0
0
0
0
0
10
163
64
0
0
0
0
0
212
168
192
0
0
0
0
0
58
166
64
0
0
0
0
0
250
165
192
0
0
0
0
0
24
169
64
0
0
0
0
0
208
162
192
0
0
0
0
0
154
171
64
0
0
0
0
0
184
158
192
0
0
0
0
0
184
173
64
0
0
0
0
0
88
151
192
0
0
0
0
0
106
175
64
0
0
0
0
0
64
143
192
0
0
0
0
0
85
176
64
0
0
0
0
0
144
126
192
0
0
0
0
0
185
176
64
0
0
0
0
0
0
64
64
0
0
0
0
0
223
176
64
0
0
0
0
0
88
129
64
0
0
0
0
0
199
176
64
0
0
0
0
0
192
144
64
0
0
0
0
0
113
176
64
0
0
0
0
0
168
152
64
0
0
0
0
0
186
175
64
0
0
0
0
0
32
160
64
0
0
0
0
0
26
174
64
0
0
0
0
0
182
163
64
0
0
0
0
0
6
172
64
0
0
0
0
0
8
167
64
0
0
0
0
0
132
169
64
0
0
0
0
0
10
170
64
0
0
0
0
0
158
166
64
0
0
0
0
0
174
172
64
0
0
0
0
0
94
163
64
0
0
0
0
0
236
174
64
0
0
0
0
0
152
159
64
0
0
0
0
0
93
176
64
0
0
0
0
0
244
151
64
0
0
0
0
0
6
177
64
0
0
0
0
0
200
143
64
0
0
0
0
0
113
177
64
0
0
0
0
0
48
126
64
0
0
0
0
0
153
177
64
0
0
0
0
0
0
79
192
0
0
0
0
0
127
177
64
0
0
0
0
0
16
131
192
0
0
0
0
0
34
177
64
0
0
0
0
0
0
146
192
0
0
0
0
0
132
176
64
0
0
0
0
0
64
154
192
0
0
0
0
0
74
175
64
0
0
0
0
0
18
161
192
0
0
0
0
0
20
173
64
0
0
0
0
0
202
164
192
0
0
0
0
0
110
170
64
0
0
0
0
0
56
168
192
0
0
0
0
0
96
167
64
0
0
0
0
0
80
171
192
0
0
0
0
0
244
163
64
0
0
0
0
0
2
174
192
0
0
0
0
0
58
160
64
0
0
0
0
0
35
176
192
0
0
0
0
0
124
152
64
0
0
0
0
0
10
177
192
0
0
0
0
0
32
144
64
0
0
0
0
0
178
177
192
0
0
0
0
0
240
125
64
0
0
0
0
0
24
178
192
0
0
0
0
0
192
84
192
0
0
0
0
0
58
178
192
0
0
0
0
0
56
132
192
0
0
0
0
0
24
178
192
0
0
0
0
0
208
146
192
0
0
0
0
0
178
177
192
0
0
0
0
0
72
155
192
0
0
0
0
0
8
177
192
0
0
0
0
0
176
161
192
0
0
0
0
0
30
176
192
0
0
0
0
0
128
165
192
0
0
0
0
0
236
173
192
0
0
0
0
0
0
169
192
0
0
0
0
0
40
171
192
0
0
0
0
0
38
172
192
0
0
0
0
0
250
167
192
0
0
0
0
0
228
174
192
0
0
0
0
0
110
164
192
0
0
0
0
0
152
176
192
0
0
0
0
0
146
160
192
0
0
0
0
0
127
177
192
0
0
0
0
0
232
152
192
0
0
0
0
0
36
178
192
0
0
0
0
0
72
144
192
0
0
0
0
0
132
178
192
0
0
0
0
0
144
125
192
0
0
0
0
0
158
178
192
0
0
0
0
0
0
90
64
0
0
0
0
0
113
178
192
0
0
0
0
0
64
133
64
0
0
0
0
0
255
177
192
0
0
0
0
0
124
147
64
0
0
0
0
0
71
177
192
0
0
0
0
0
16
156
64
0
0
0
0
0
79
176
192
0
0
0
0
0
28
162
64
0
0
0
0
0
48
174
192
0
0
0
0
0
236
165
64
0
0
0
0
0
82
171
192
0
0
0
0
0
106
169
64
0
0
0
0
0
12
168
192
0
0
0
0
0
136
172
64
0
0
0
0
0
108
164
192
0
0
0
0
0
60
175
64
0
0
0
0
0
128
160
192
0
0
0
0
0
188
176
64
0
0
0
0
0
172
152
192
0
0
0
0
0
156
177
64
0
0
0
0
0
248
143
192
0
0
0
0
0
58
178
64
0
0
0
0
0
64
124
192
0
0
0
0
0
148
178
64
0
0
0
0
0
128
95
64
0
0
0
0
0
169
178
64
0
0
0
0
0
240
133
64
0
0
0
0
0
120
178
64
0
0
0
0
0
208
147
64
0
0
0
0
0
2
178
64
0
0
0
0
0
100
156
64
0
0
0
0
0
72
177
64
0
0
0
0
0
70
162
64
0
0
0
0
0
79
176
64
0
0
0
0
0
24
166
64
0
0
0
0
0
48
174
64
0
0
0
0
0
152
169
64
0
0
0
0
0
80
171
64
0
0
0
0
0
186
172
64
0
0
0
0
0
8
168
64
0
0
0
0
0
114
175
64
0
0
0
0
0
102
164
64
0
0
0
0
0
219
176
64
0
0
0
0
0
118
160
64
0
0
0
0
0
190
177
64
0
0
0
0
0
140
152
64
0
0
0
0
0
96
178
64
0
0
0
0
0
152
143
64
0
0
0
0
0
189
178
64
0
0
0
0
0
48
123
64
0
0
0
0
0
212
178
64
0
0
0
0
0
128
98
192
0
0
0
0
0
165
178
64
0
0
0
0
0
216
134
192
0
0
0
0
0
47
178
64
0
0
0
0
0
100
148
192
0
0
0
0
0
118
177
64
0
0
0
0
0
16
157
192
0
0
0
0
0
122
176
64
0
0
0
0
0
172
162
192
0
0
0
0
0
128
174
64
0
0
0
0
0
142
166
192
0
0
0
0
0
152
171
64
0
0
0
0
0
30
170
192
0
0
0
0
0
72
168
64
0
0
0
0
0
76
173
192
0
0
0
0
0
152
164
64
0
0
0
0
0
9
176
192
0
0
0
0
0
152
160
64
0
0
0
0
0
47
177
192
0
0
0
0
0
172
152
64
0
0
0
0
0
21
178
192
0
0
0
0
0
136
143
64
0
0
0
0
0
184
178
192
0
0
0
0
0
112
122
64
0
0
0
0
0
19
179
192
0
0
0
0
0
64
101
192
0
0
0
0
0
37
179
192
0
0
0
0
0
208
135
192
0
0
0
0
0
239
178
192
0
0
0
0
0
248
148
192
0
0
0
0
0
111
178
192
0
0
0
0
0
188
157
192
0
0
0
0
0
170
177
192
0
0
0
0
0
6
163
192
0
0
0
0
0
161
176
192
0
0
0
0
0
230
166
192
0
0
0
0
0
176
174
192
0
0
0
0
0
108
170
192
0
0
0
0
0
172
171
192
0
0
0
0
0
142
173
192
0
0
0
0
0
64
168
192
0
0
0
0
0
31
176
192
0
0
0
0
0
122
164
192
0
0
0
0
0
58
177
192
0
0
0
0
0
106
160
192
0
0
0
0
0
19
178
192
0
0
0
0
0
60
152
192
0
0
0
0
0
168
178
192
0
0
0
0
0
152
142
192
0
0
0
0
0
247
178
192
0
0
0
0
0
160
120
192
0
0
0
0
0
255
178
192
0
0
0
0
0
96
104
64
0
0
0
0
0
192
178
192
0
0
0
0
0
96
136
64
0
0
0
0
0
60
178
192
0
0
0
0
0
32
149
64
0
0
0
0
0
115
177
192
0
0
0
0
0
192
157
64
0
0
0
0
0
106
176
192
0
0
0
0
0
248
162
64
0
0
0
0
0
72
174
192
0
0
0
0
0
200
166
64
0
0
0
0
0
74
171
192
0
0
0
0
0
64
170
64
0
0
0
0
0
232
167
192
0
0
0
0
0
86
173
64
0
0
0
0
0
44
164
192
0
0
0
0
0
254
175
64
0
0
0
0
0
36
160
192
0
0
0
0
0
22
177
64
0
0
0
0
0
196
151
192
0
0
0
0
0
237
177
64
0
0
0
0
0
208
141
192
0
0
0
0
0
128
178
64
0
0
0
0
0
96
119
192
0
0
0
0
0
205
178
64
0
0
0
0
0
128
106
64
0
0
0
0
0
212
178
64
0
0
0
0
0
200
136
64
0
0
0
0
0
148
178
64
0
0
0
0
0
72
149
64
0
0
0
0
0
15
178
64
0
0
0
0
0
216
157
64
0
0
0
0
0
69
177
64
0
0
0
0
0
250
162
64
0
0
0
0
0
60
176
64
0
0
0
0
0
192
166
64
0
0
0
0
0
236
173
64
0
0
0
0
0
46
170
64
0
0
0
0
0
240
170
64
0
0
0
0
0
58
173
64
0
0
0
0
0
146
167
64
0
0
0
0
0
216
175
64
0
0
0
0
0
222
163
64
0
0
0
0
0
0
177
64
0
0
0
0
0
192
159
64
0
0
0
0
0
212
177
64
0
0
0
0
0
80
151
64
0
0
0
0
0
102
178
64
0
0
0
0
0
16
141
64
0
0
0
0
0
179
178
64
0
0
0
0
0
48
118
64
0
0
0
0
0
187
178
64
0
0
0
0
0
32
108
192
0
0
0
0
0
125
178
64
0
0
0
0
0
16
137
192
0
0
0
0
0
250
177
64
0
0
0
0
0
96
149
192
0
0
0
0
0
52
177
64
0
0
0
0
0
236
157
192
0
0
0
0
0
45
176
64
0
0
0
0
0
4
163
192
0
0
0
0
0
210
173
64
0
0
0
0
0
206
166
192
0
0
0
0
0
218
170
64
0
0
0
0
0
66
170
192
0
0
0
0
0
124
167
64
0
0
0
0
0
84
173
192
0
0
0
0
0
198
163
64
0
0
0
0
0
248
175
192
0
0
0
0
0
132
159
64
0
0
0
0
0
18
177
192
0
0
0
0
0
8
151
64
0
0
0
0
0
231
177
192
0
0
0
0
0
96
140
64
0
0
0
0
0
121
178
192
0
0
0
0
0
144
116
64
0
0
0
0
0
196
178
192
0
0
0
0
0
224
111
192
0
0
0
0
0
201
178
192
0
0
0
0
0
16
138
192
0
0
0
0
0
134
178
192
0
0
0
0
0
228
149
192
0
0
0
0
0
253
177
192
0
0
0
0
0
108
158
192
0
0
0
0
0
48
177
192
0
0
0
0
0
62
163
192
0
0
0
0
0
35
176
192
0
0
0
0
0
254
166
192
0
0
0
0
0
178
173
192
0
0
0
0
0
102
170
192
0
0
0
0
0
174
170
192
0
0
0
0
0
104
173
192
0
0
0
0
0
72
167
192
0
0
0
0
0
254
175
192
0
0
0
0
0
140
163
192
0
0
0
0
0
12
177
192
0
0
0
0
0
16
159
192
0
0
0
0
0
218
177
192
0
0
0
0
0
148
150
192
0
0
0
0
0
101
178
192
0
0
0
0
0
144
139
192
0
0
0
0
0
171
178
192
0
0
0
0
0
32
115
192
0
0
0
0
0
171
178
192
0
0
0
0
0
32
113
64
0
0
0
0
0
101
178
192
0
0
0
0
0
144
138
64
0
0
0
0
0
218
177
192
0
0
0
0
0
20
150
64
0
0
0
0
0
12
177
192
0
0
0
0
0
136
158
64
0
0
0
0
0
250
175
192
0
0
0
0
0
68
163
64
0
0
0
0
0
102
173
192
0
0
0
0
0
252
166
64
0
0
0
0
0
98
170
192
0
0
0
0
0
90
170
64
0
0
0
0
0
254
166
192
0
0
0
0
0
82
173
64
0
0
0
0
0
66
163
192
0
0
0
0
0
220
175
64
0
0
0
0
0
128
158
192
0
0
0
0
0
246
176
64
0
0
0
0
0
16
150
192
0
0
0
0
0
189
177
64
0
0
0
0
0
152
138
192
0
0
0
0
0
65
178
64
0
0
0
0
0
128
113
192
0
0
0
0
0
128
178
64
0
0
0
0
0
96
114
64
0
0
0
0
0
122
178
64
0
0
0
0
0
248
138
64
0
0
0
0
0
48
178
64
0
0
0
0
0
40
150
64
0
0
0
0
0
161
177
64
0
0
0
0
0
124
158
64
0
0
0
0
0
209
176
64
0
0
0
0
0
48
163
64
0
0
0
0
0
134
175
64
0
0
0
0
0
218
166
64
0
0
0
0
0
246
172
64
0
0
0
0
0
44
170
64
0
0
0
0
0
252
169
64
0
0
0
0
0
32
173
64
0
0
0
0
0
160
166
64
0
0
0
0
0
164
175
64
0
0
0
0
0
240
162
64
0
0
0
0
0
218
176
64
0
0
0
0
0
240
157
64
0
0
0
0
0
162
177
64
0
0
0
0
0
148
149
64
0
0
0
0
0
41
178
64
0
0
0
0
0
200
137
64
0
0
0
0
0
107
178
64
0
0
0
0
0
16
112
64
0
0
0
0
0
104
178
64
0
0
0
0
0
176
115
192
0
0
0
0
0
32
178
64
0
0
0
0
0
144
139
192
0
0
0
0
0
148
177
64
0
0
0
0
0
112
150
192
0
0
0
0
0
197
176
64
0
0
0
0
0
200
158
192
0
0
0
0
0
112
175
64
0
0
0
0
0
84
163
192
0
0
0
0
0
224
172
64
0
0
0
0
0
252
166
192
0
0
0
0
0
226
169
64
0
0
0
0
0
78
170
192
0
0
0
0
0
132
166
64
0
0
0
0
0
60
173
192
0
0
0
0
0
208
162
64
0
0
0
0
0
188
175
192
0
0
0
0
0
172
157
64
0
0
0
0
0
227
176
192
0
0
0
0
0
76
149
64
0
0
0
0
0
168
177
192
0
0
0
0
0
48
137
64
0
0
0
0
0
43
178
192
0
0
0
0
0
192
109
64
0
0
0
0
0
105
178
192
0
0
0
0
0
208
116
192
0
0
0
0
0
98
178
192
0
0
0
0
0
24
140
192
0
0
0
0
0
23
178
192
0
0
0
0
0
172
150
192
0
0
0
0
0
135
177
192
0
0
0
0
0
248
158
192
0
0
0
0
0
181
176
192
0
0
0
0
0
102
163
192
0
0
0
0
0
74
175
192
0
0
0
0
0
8
167
192
0
0
0
0
0
180
172
192
0
0
0
0
0
80
170
192
0
0
0
0
0
178
169
192
0
0
0
0
0
54
173
192
0
0
0
0
0
82
166
192
0
0
0
0
0
172
175
192
0
0
0
0
0
156
162
192
0
0
0
0
0
213
176
192
0
0
0
0
0
72
157
192
0
0
0
0
0
149
177
192
0
0
0
0
0
232
148
192
0
0
0
0
0
18
178
192
0
0
0
0
0
120
136
192
0
0
0
0
0
74
178
192
0
0
0
0
0
64
107
192
0
0
0
0
0
62
178
192
0
0
0
0
0
224
117
64
0
0
0
0
0
237
177
192
0
0
0
0
0
120
140
64
0
0
0
0
0
88
177
192
0
0
0
0
0
200
150
64
0
0
0
0
0
131
176
192
0
0
0
0
0
248
158
64
0
0
0
0
0
224
174
192
0
0
0
0
0
88
163
64
0
0
0
0
0
72
172
192
0
0
0
0
0
234
166
64
0
0
0
0
0
72
169
192
0
0
0
0
0
36
170
64
0
0
0
0
0
234
165
192
0
0
0
0
0
252
172
64
0
0
0
0
0
60
162
192
0
0
0
0
0
100
175
64
0
0
0
0
0
152
156
192
0
0
0
0
0
171
176
64
0
0
0
0
0
76
148
192
0
0
0
0
0
101
177
64
0
0
0
0
0
120
135
192
0
0
0
0
0
221
177
64
0
0
0
0
0
32
104
192
0
0
0
0
0
19
178
64
0
0
0
0
0
0
119
64
0
0
0
0
0
4
178
64
0
0
0
0
0
208
140
64
0
0
0
0
0
178
177
64
0
0
0
0
0
216
150
64
0
0
0
0
0
30
177
64
0
0
0
0
0
236
158
64
0
0
0
0
0
74
176
64
0
0
0
0
0
70
163
64
0
0
0
0
0
114
174
64
0
0
0
0
0
204
166
64
0
0
0
0
0
224
171
64
0
0
0
0
0
252
169
64
0
0
0
0
0
228
168
64
0
0
0
0
0
202
172
64
0
0
0
0
0
142
165
64
0
0
0
0
0
42
175
64
0
0
0
0
0
230
161
64
0
0
0
0
0
138
176
64
0
0
0
0
0
252
155
64
0
0
0
0
0
65
177
64
0
0
0
0
0
196
147
64
0
0
0
0
0
184
177
64
0
0
0
0
0
144
134
64
0
0
0
0
0
236
177
64
0
0
0
0
0
0
101
64
0
0
0
0
0
220
177
64
0
0
0
0
0
64
120
192
0
0
0
0
0
138
177
64
0
0
0
0
0
80
141
192
0
0
0
0
0
246
176
64
0
0
0
0
0
4
151
192
0
0
0
0
0
34
176
64
0
0
0
0
0
8
159
192
0
0
0
0
0
36
174
64
0
0
0
0
0
76
163
192
0
0
0
0
0
146
171
64
0
0
0
0
0
202
166
192
0
0
0
0
0
154
168
64
0
0
0
0
0
240
169
192
0
0
0
0
0
70
165
64
0
0
0
0
0
182
172
192
0
0
0
0
0
164
161
64
0
0
0
0
0
14
175
192
0
0
0
0
0
128
155
64
0
0
0
0
0
121
176
192
0
0
0
0
0
84
147
64
0
0
0
0
0
44
177
192
0
0
0
0
0
192
133
64
0
0
0
0
0
159
177
192
0
0
0
0
0
32
98
64
0
0
0
0
0
208
177
192
0
0
0
0
0
96
121
192
0
0
0
0
0
189
177
192
0
0
0
0
0
192
141
192
0
0
0
0
0
104
177
192
0
0
0
0
0
40
151
192
0
0
0
0
0
209
176
192
0
0
0
0
0
24
159
192
0
0
0
0
0
248
175
192
0
0
0
0
0
74
163
192
0
0
0
0
0
214
173
192
0
0
0
0
0
188
166
192
0
0
0
0
0
68
171
192
0
0
0
0
0
216
169
192
0
0
0
0
0
76
168
192
0
0
0
0
0
144
172
192
0
0
0
0
0
252
164
192
0
0
0
0
0
222
174
192
0
0
0
0
0
92
161
192
0
0
0
0
0
91
176
192
0
0
0
0
0
252
154
192
0
0
0
0
0
9
177
192
0
0
0
0
0
220
146
192
0
0
0
0
0
119
177
192
0
0
0
0
0
248
132
192
0
0
0
0
0
163
177
192
0
0
0
0
0
64
95
192
0
0
0
0
0
141
177
192
0
0
0
0
0
80
122
64
0
0
0
0
0
52
177
192
0
0
0
0
0
0
142
64
0
0
0
0
0
156
176
192
0
0
0
0
0
48
151
64
0
0
0
0
0
138
175
192
0
0
0
0
0
4
159
64
0
0
0
0
0
104
173
192
0
0
0
0
0
48
163
64
0
0
0
0
0
216
170
192
0
0
0
0
0
148
166
64
0
0
0
0
0
228
167
192
0
0
0
0
0
160
169
64
0
0
0
0
0
154
164
192
0
0
0
0
0
76
172
64
0
0
0
0
0
2
161
192
0
0
0
0
0
140
174
64
0
0
0
0
0
92
154
192
0
0
0
0
0
45
176
64
0
0
0
0
0
84
146
192
0
0
0
0
0
214
176
64
0
0
0
0
0
24
132
192
0
0
0
0
0
64
177
64
0
0
0
0
0
0
90
192
0
0
0
0
0
105
177
64
0
0
0
0
0
48
123
64
0
0
0
0
0
80
177
64
0
0
0
0
0
56
142
64
0
0
0
0
0
247
176
64
0
0
0
0
0
48
151
64
0
0
0
0
0
94
176
64
0
0
0
0
0
232
158
64
0
0
0
0
0
16
175
64
0
0
0
0
0
20
163
64
0
0
0
0
0
242
172
64
0
0
0
0
0
106
166
64
0
0
0
0
0
102
170
64
0
0
0
0
0
108
169
64
0
0
0
0
0
122
167
64
0
0
0
0
0
12
172
64
0
0
0
0
0
54
164
64
0
0
0
0
0
66
174
64
0
0
0
0
0
168
160
64
0
0
0
0
0
3
176
64
0
0
0
0
0
184
153
64
0
0
0
0
0
168
176
64
0
0
0
0
0
200
145
64
0
0
0
0
0
15
177
64
0
0
0
0
0
40
131
64
0
0
0
0
0
53
177
64
0
0
0
0
0
0
84
64
0
0
0
0
0
26
177
64
0
0
0
0
0
64
124
192
0
0
0
0
0
192
176
64
0
0
0
0
0
144
142
192
0
0
0
0
0
38
176
64
0
0
0
0
0
64
151
192
0
0
0
0
0
160
174
64
0
0
0
0
0
220
158
192
0
0
0
0
0
130
172
64
0
0
0
0
0
0
163
192
0
0
0
0
0
250
169
64
0
0
0
0
0
72
166
192
0
0
0
0
0
18
167
64
0
0
0
0
0
60
169
192
0
0
0
0
0
212
163
64
0
0
0
0
0
208
171
192
0
0
0
0
0
76
160
64
0
0
0
0
0
248
173
192
0
0
0
0
0
20
153
64
0
0
0
0
0
174
175
192
0
0
0
0
0
56
145
64
0
0
0
0
0
119
176
192
0
0
0
0
0
64
130
64
0
0
0
0
0
215
176
192
0
0
0
0
0
0
77
64
0
0
0
0
0
249
176
192
0
0
0
0
0
48
125
192
0
0
0
0
0
218
176
192
0
0
0
0
0
184
142
192
0
0
0
0
0
123
176
192
0
0
0
0
0
48
151
192
0
0
0
0
0
192
175
192
0
0
0
0
0
164
158
192
0
0
0
0
0
16
174
192
0
0
0
0
0
208
162
192
0
0
0
0
0
242
171
192
0
0
0
0
0
4
166
192
0
0
0
0
0
110
169
192
0
0
0
0
0
226
168
192
0
0
0
0
0
138
166
192
0
0
0
0
0
96
171
192
0
0
0
0
0
86
163
192
0
0
0
0
0
118
173
192
0
0
0
0
0
184
159
192
0
0
0
0
0
26
175
192
0
0
0
0
0
80
152
192
0
0
0
0
0
36
176
192
0
0
0
0
0
152
144
192
0
0
0
0
0
125
176
192
0
0
0
0
0
80
129
192
0
0
0
0
0
153
176
192
0
0
0
0
0
128
67
192
0
0
0
0
0
118
176
192
0
0
0
0
0
160
125
64
0
0
0
0
0
22
176
192
0
0
0
0
0
136
142
64
0
0
0
0
0
242
174
192
0
0
0
0
0
228
150
64
0
0
0
0
0
72
173
192
0
0
0
0
0
36
158
64
0
0
0
0
0
48
171
192
0
0
0
0
0
118
162
64
0
0
0
0
0
182
168
192
0
0
0
0
0
144
165
64
0
0
0
0
0
224
165
192
0
0
0
0
0
88
168
64
0
0
0
0
0
190
162
192
0
0
0
0
0
194
170
64
0
0
0
0
0
172
158
192
0
0
0
0
0
196
172
64
0
0
0
0
0
116
151
192
0
0
0
0
0
90
174
64
0
0
0
0
0
216
143
192
0
0
0
0
0
126
175
64
0
0
0
0
0
88
128
192
0
0
0
0
0
21
176
64
0
0
0
0
0
0
53
192
0
0
0
0
0
47
176
64
0
0
0
0
0
240
125
64
0
0
0
0
0
13
176
64
0
0
0
0
0
96
142
64
0
0
0
0
0
94
175
64
0
0
0
0
0
164
150
64
0
0
0
0
0
44
174
64
0
0
0
0
0
188
157
64
0
0
0
0
0
140
172
64
0
0
0
0
0
48
162
64
0
0
0
0
0
130
170
64
0
0
0
0
0
60
165
64
0
0
0
0
0
24
168
64
0
0
0
0
0
248
167
64
0
0
0
0
0
84
165
64
0
0
0
0
0
90
170
64
0
0
0
0
0
66
162
64
0
0
0
0
0
88
172
64
0
0
0
0
0
220
157
64
0
0
0
0
0
238
173
64
0
0
0
0
0
196
150
64
0
0
0
0
0
18
175
64
0
0
0
0
0
184
142
64
0
0
0
0
0
196
175
64
0
0
0
0
0
240
126
64
32
32
32
32
32
32
32
32
32
32
32
32
32
32
32
32
32
32
32
32
32
32
32
32
32
32
32
32
32
32
32
32
32
32
32
32
32
32
32
73
70
67
95
65
108
108
45
50
48
71
95
67
49
95
76
79
87
95
49
48
48
48
77
118
0
32
0
0
0
0
0
0
0
0
176
64
0
0
0
0
0
0
0
0
0
0
0
0
0
194
175
64
0
0
0
0
0
192
127
192
0
0
0
0
0
8
175
64
0
0
0
0
0
128
143
192
0
0
0
0
0
212
173
64
0
0
0
0
0
84
151
192
0
0
0
0
0
42
172
64
0
0
0
0
0
144
158
192
0
0
0
0
0
20
170
64
0
0
0
0
0
170
162
192
0
0
0
0
0
150
167
64
0
0
0
0
0
198
165
192
0
0
0
0
0
186
164
64
0
0
0
0
0
142
168
192
0
0
0
0
0
138
161
64
0
0
0
0
0
246
170
192
0
0
0
0
0
44
156
64
0
0
0
0
0
248
172
192
0
0
0
0
0
208
148
64
0
0
0
0
0
136
174
192
0
0
0
0
0
56
138
64
0
0
0
0
0
162
175
192
0
0
0
0
0
192
116
64
0
0
0
0
0
33
176
192
0
0
0
0
0
192
102
192
0
0
0
0
0
50
176
192
0
0
0
0
0
184
133
192
0
0
0
0
0
3
176
192
0
0
0
0
0
192
146
192
0
0
0
0
0
42
175
192
0
0
0
0
0
100
154
192
0
0
0
0
0
210
173
192
0
0
0
0
0
210
160
192
0
0
0
0
0
2
172
192
0
0
0
0
0
54
164
192
0
0
0
0
0
196
169
192
0
0
0
0
0
76
167
192
0
0
0
0
0
28
167
192
0
0
0
0
0
10
170
192
0
0
0
0
0
20
164
192
0
0
0
0
0
100
172
192
0
0
0
0
0
188
160
192
0
0
0
0
0
80
174
192
0
0
0
0
0
56
154
192
0
0
0
0
0
196
175
192
0
0
0
0
0
140
146
192
0
0
0
0
0
95
176
192
0
0
0
0
0
24
133
192
0
0
0
0
0
155
176
192
0
0
0
0
0
224
98
192
0
0
0
0
0
150
176
192
0
0
0
0
0
160
119
64
0
0
0
0
0
78
176
192
0
0
0
0
0
64
140
64
0
0
0
0
0
140
175
192
0
0
0
0
0
36
150
64
0
0
0
0
0
252
173
192
0
0
0
0
0
216
157
64
0
0
0
0
0
244
171
192
0
0
0
0
0
144
162
64
0
0
0
0
0
124
169
192
0
0
0
0
0
236
165
64
0
0
0
0
0
156
166
192
0
0
0
0
0
244
168
64
0
0
0
0
0
96
163
192
0
0
0
0
0
156
171
64
0
0
0
0
0
168
159
192
0
0
0
0
0
216
173
64
0
0
0
0
0
12
152
192
0
0
0
0
0
160
175
64
0
0
0
0
0
8
144
192
0
0
0
0
0
117
176
64
0
0
0
0
0
16
127
192
0
0
0
0
0
218
176
64
0
0
0
0
0
0
69
64
0
0
0
0
0
252
176
64
0
0
0
0
0
40
130
64
0
0
0
0
0
218
176
64
0
0
0
0
0
96
145
64
0
0
0
0
0
118
176
64
0
0
0
0
0
112
153
64
0
0
0
0
0
160
175
64
0
0
0
0
0
142
160
64
0
0
0
0
0
214
173
64
0
0
0
0
0
38
164
64
0
0
0
0
0
150
171
64
0
0
0
0
0
112
167
64
0
0
0
0
0
230
168
64
0
0
0
0
0
94
170
64
0
0
0
0
0
212
165
64
0
0
0
0
0
228
172
64
0
0
0
0
0
104
162
64
0
0
0
0
0
250
174
64
0
0
0
0
0
104
157
64
0
0
0
0
0
76
176
64
0
0
0
0
0
132
149
64
0
0
0
0
0
218
176
64
0
0
0
0
0
144
138
64
0
0
0
0
0
38
177
64
0
0
0
0
0
80
115
64
0
0
0
0
0
46
177
64
0
0
0
0
0
160
109
192
0
0
0
0
0
242
176
64
0
0
0
0
0
104
136
192
0
0
0
0
0
116
176
64
0
0
0
0
0
132
148
192
0
0
0
0
0
104
175
64
0
0
0
0
0
140
156
192
0
0
0
0
0
108
173
64
0
0
0
0
0
18
162
192
0
0
0
0
0
252
170
64
0
0
0
0
0
152
165
192
0
0
0
0
0
32
168
64
0
0
0
0
0
202
168
192
0
0
0
0
0
226
164
64
0
0
0
0
0
158
171
192
0
0
0
0
0
82
161
64
0
0
0
0
0
4
174
192
0
0
0
0
0
244
154
64
0
0
0
0
0
246
175
192
0
0
0
0
0
216
146
64
0
0
0
0
0
182
176
192
0
0
0
0
0
0
0
0
0
0
0
0
0
0
0
0
0
0
0
0
0
0
0
0
0
0
0
0
0
0
0
0
0
0
0
0
0
0
0
0
0
0
0
0
0
0
0
0
0
0
0
0
0
0
0
0
0
0
0
0
0
0
0
0
0
0
0
0
0
0
0
0
0
0
0
0
0
0
0
0
0
0
0
0
0
0
0
0
0
0
0
0
0
0
0
0
0
0
0
0
0
0
0
0
0
0
0
0
0
0
0
0
0
0
0
0
0
0
0
0
0
0
0
0
0
0
0
0
0
0
0
0
0
0
0
0
0
0
0
0
0
0
0
0
0
0
0
0
0
0
0
0
0
0
0
0
0
0
0
0
0
0
0
0
0
0
0
0
0
0
0
0
0
0
0
0
0
0
0
0
0
0
0
0
0
0
0
0
0
0
0
0
0
0
0
0
0
0
0
0
0
0
0
0
0
0
0
0
0
0
0
0
0
0
0
0
0
0
0
0
0
0
0
0
0
0
0
0
0
0
0
0
0
0
0
0
0
0
0
0
0
0
0
0
0
0
0
0
0
0
0
0
0
0
0
0
0
0
0
0
0
0
0
0
0
0
0
0
0
0
0
0
0
0
0
0
0
0
0
0
0
0
0
0
0
0
0
0
0
0
0
0
0
0
0
0
0
0
0
0
0
0
0
0
0
0
0
0
0
0
0
0
0
0
0
0
0
0
0
0
0
0
0
0
0
0
0
0
0
0
0
0
0
0
0
0
0
0
0
0
0
0
0
0
0
0
0
0
0
0
0
0
0
0
0
0
0
0
0
0
0
0
0
0
0
0
0
0
0
0
0
0
0
0
0
0
0
0
0
0
0
0
0
0
0
0
0
0
0
0
0
0
0
0
0
0
0
0
0
0
0
0
0
0
0
0
0
0
0
0
0
0
0
0
0
0
0
0
0
0
0
0
0
0
0
0
0
0
0
0
0
0
0
0
0
0
0
0
0
0
0
0
0
0
0
0
0
0
0
0
0
0
0
0
0
0
0
0
0
0
0
0
0
0
0
0
0
0
0
0
0
0
0
0
0
0
0
0
0
0
0
0
0
0
0
0
0
0
0
0
0
0
0
0
0
0
0
0
0
0
0
0
0
0
0
0
0
0
0
0
0
0
0
0
0
0
0
0
0
0
0
0
0
0
0
0
0
0
0
0
0
0
0
0
0
0
0
0
0
0
0
0
0
0
0
0
0
0
0
0
0
0
0
0
0
0
0
0
0
0
0
0
0
0
0
0
0
0
0
0
0
0
0
0
0
0
0
0
0
0
0
0
0
0
0
0
0
0
0
0
0
0
0
0
0
0
0
0
0
0
0
0
0
0
0
0
0
0
0
0
0
0
0
0
0
0
0
0
0
0
0
0
0
0
0
0
0
0
0
0
0
0
0
0
0
0
0
0
0
0
0
0
0
0
0
0
0
0
0
0
0
0
0
0
0
0
0
0
0
0
0
0
0
0
0
0
0
0
0
0
0
0
0
0
0
0
0
0
0
0
0
0
0
0
0
0
0
0
0
0
0
0
0
0
0
0
0
0
0
0
0
0
0
0
0
0
0
0
0
0
0
0
0
0
0
0
0
0
0
0
0
0
0
0
0
0
0
0
0
0
0
0
0
0
0
0
0
0
0
0
0
0
0
0
0
0
0
0
0
0
0
0
0
0
0
0
0
0
0
0
0
0
0
0
0
0
0
0
0
0
0
0
0
0
0
0
0
0
0
0
0
0
0
0
0
0
0
0
0
0
0
0
0
0
0
0
0
0
0
0
0
0
0
0
0
0
0
0
0
0
0
0
0
0
0
0
0
0
0
0
0
0
0
0
0
0
0
0
0
0
0
0
0
0
0
0
0
0
0
0
0
0
0
0
0
0
0
0
0
0
0
0
0
0
0
0
0
0
0
0
0
0
0
0
0
0
0
0
0
0
0
0
0
0
0
0
0
0
0
0
0
0
0
0
0
0
0
0
0
0
0
0
0
0
0
0
0
0
0
0
0
0
0
0
0
0
0
0
0
0
0
0
0
0
0
0
0
0
0
0
0
0
0
0
0
0
0
0
0
0
0
0
0
0
0
0
0
0
0
0
0
0
0
0
0
0
0
0
0
0
0
0
0
0
0
0
0
0
0
0
0
0
0
0
0
0
0
0
0
0
0
0
0
0
0
0
0
0
0
0
0
0
0
0
0
0
0
0
0
0
0
0
0
0
0
0
0
0
0
0
0
0
0
0
0
0
0
0
0
0
0
0
0
0
0
0
0
0
0
0
0
0
0
0
0
0
0
0
0
0
0
0
0
0
0
0
0
0
0
0
0
0
0
0
0
0
0
0
0
0
0
0
0
0
0
0
0
0
0
0
0
0
0
0
0
0
0
0
0
0
0
0
0
0
0
0
0
0
0
0
0
0
0
0
0
0
0
0
0
0
0
0
0
0
0
0
0
0
0
0
0
0
0
0
0
0
0
0
0
0
0
0
0
0
0
0
0
0
0
0
0
0
0
0
0
0
0
0
0
0
0
0
0
0
0
0
0
0
0
0
0
0
0
0
0
0
0
0
0
0
0
0
0
0
0
0
0
0
0
0
0
0
0
0
0
0
0
0
0
0
0
0
0
0
0
0
0
0
0
0
0
0
0
0
0
0
0
0
0
0
0
0
0
0
0
0
0
0
0
0
0
0
0
0
0
0
0
0
0
0
0
0
0
0
0
0
0
0
0
0
0
0
0
0
0
0
0