58
70
65
67
84
58
67
68
65
84
49
56
58
68
65
84
65
32
35
57
48
48
48
48
48
54
57
51
54
247
212
231
63
14
162
181
162
205
113
229
63
163
30
162
209
29
196
231
63
26
194
49
203
158
132
229
63
28
63
84
26
49
179
231
63
61
214
140
12
114
151
229
63
201
202
47
131
49
162
231
63
50
2
42
28
65
170
229
63
123
217
118
218
26
145
231
63
227
81
42
225
9
189
229
63
97
83
231
81
241
127
231
63
12
233
240
16
198
207
229
63
54
92
228
158
174
110
231
63
81
247
1
72
109
226
229
63
249
243
109
193
82
93
231
63
156
136
126
109
253
244
229
63
195
14
99
210
223
75
231
63
146
204
234
29
110
7
230
63
124
184
228
184
83
58
231
63
74
183
37
114
193
25
230
63
59
229
209
141
176
40
231
63
218
60
14
131
249
43
230
63
22
137
9
106
248
22
231
63
66
93
164
80
22
62
230
63
82
128
40
152
49
5
231
63
244
220
66
87
34
80
230
63
216
214
79
255
89
243
230
63
8
176
200
175
31
98
230
63
236
104
28
234
119
225
230
63
146
202
20
115
16
116
230
63
143
54
142
88
139
207
230
63
240
252
162
4
253
133
230
63
238
39
99
124
152
189
230
63
54
59
82
125
231
151
230
63
241
72
188
60
157
171
230
63
148
109
224
14
212
169
230
63
199
129
87
203
157
153
230
63
8
148
77
185
194
187
230
63
112
210
52
40
154
135
230
63
146
174
153
124
179
205
230
63
166
94
183
8
140
117
230
63
29
201
229
63
164
223
230
63
153
14
157
158
119
99
230
63
145
239
82
234
146
241
230
63
72
226
229
233
92
81
230
63
5
22
192
148
129
3
231
63
132
241
211
184
55
63
230
63
98
72
78
38
110
21
231
63
125
36
37
61
12
45
230
63
146
146
30
134
86
39
231
63
3
147
27
69
214
26
230
63
149
244
48
180
58
57
231
63
25
61
183
208
149
8
230
63
83
122
166
151
24
75
231
63
211
22
215
248
76
246
229
63
227
23
94
73
242
92
231
63
4
56
189
139
247
227
229
63
25
229
153
151
195
110
231
63
219
136
39
187
153
209
229
63
244
225
89
130
140
128
231
63
41
33
88
85
47
191
229
63
93
26
191
240
74
146
231
63
239
0
79
90
184
172
229
63
38
166
11
177
250
163
231
63
22
52
45
177
50
154
229
63
58
145
96
170
153
181
231
63
180
174
209
114
160
135
229
63
84
255
32
146
33
199
231
63
133
148
159
84
251
116
229
63
93
252
109
79
144
216
231
63
161
217
117
111
69
98
229
63
62
148
104
201
227
233
231
63
240
137
117
170
124
79
229
63
179
234
115
181
21
251
231
63
114
165
158
5
161
60
229
63
143
23
210
225
33
12
232
63
17
56
18
104
176
41
229
63
210
26
131
78
8
29
232
63
204
65
208
209
170
22
229
63
55
24
234
176
194
45
232
63
187
182
183
91
146
3
229
63
213
3
230
33
83
62
232
63
221
150
200
5
103
240
228
63
218
197
52
211
189
78
232
63
73
214
225
232
42
221
228
63
93
82
181
221
4
95
232
63
68
81
160
79
228
201
228
63
183
121
227
164
48
111
232
63
182
19
37
33
145
182
228
63
24
36
125
90
69
127
232
63
228
249
12
168
55
163
228
63
149
69
97
23
69
143
232
63
205
3
88
228
215
143
228
63
138
174
11
63
56
159
232
63
137
37
229
238
115
124
228
63
13
83
91
234
32
175
232
63
46
83
147
224
13
105
228
63
121
3
204
124
7
191
232
63
235
116
32
235
169
85
228
63
207
191
93
246
235
206
232
63
167
150
173
245
69
66
228
63
82
100
173
161
212
222
232
63
30
220
157
181
219
46
228
63
235
252
219
101
191
238
232
63
59
81
18
18
105
27
228
63
133
149
10
42
170
254
232
63
185
25
110
192
231
7
228
63
8
58
90
213
146
14
233
63
106
77
243
142
83
244
227
63
94
246
235
78
119
30
233
63
10
16
5
51
166
224
227
63
111
214
224
125
85
46
233
63
108
121
229
122
219
204
227
63
37
230
89
73
43
62
233
63
98
161
214
52
239
184
227
63
83
61
153
127
244
77
233
63
145
183
92
253
216
164
227
63
15
208
125
57
179
93
233
63
227
199
152
187
150
144
227
63
22
194
106
44
97
109
233
63
86
210
138
111
40
124
227
63
102
19
96
88
254
124
233
63
237
214
50
25
142
103
227
63
0
196
93
189
138
140
233
63
46
142
202
77
212
82
227
63
252
199
66
116
8
156
233
63
72
224
15
63
255
61
227
63
88
31
15
125
119
171
233
63
172
145
93
105
25
41
227
63
21
202
194
215
215
186
233
63
158
126
80
23
41
20
227
63
96
176
27
182
45
202
233
63
98
131
133
147
52
255
226
63
57
210
25
24
121
217
233
63
107
100
87
90
70
234
226
63
184
35
156
22
188
232
233
63
229
9
132
157
98
213
226
63
219
164
162
177
246
247
233
63
67
56
102
217
147
192
226
63
209
61
235
26
45
7
234
63
201
203
154
88
224
171
226
63
131
250
150
57
93
22
234
63
50
232
132
208
65
151
226
63
7
207
132
38
137
37
234
63
103
153
69
40
182
130
226
63
26
223
23
151
170
52
234
63
15
15
97
252
52
110
226
63
164
54
113
114
191
67
234
63
227
108
58
2
184
89
226
63
98
249
243
109
193
82
234
63
161
214
52
239
56
69
226
63
82
39
160
137
176
97
234
63
4
112
179
120
177
48
226
63
50
228
216
122
134
112
234
63
200
92
25
84
27
28
226
63
235
59
191
40
65
127
234
63
169
192
201
54
112
7
226
63
55
82
182
72
218
141
234
63
98
191
39
214
169
242
225
63
1
51
223
193
79
156
234
63
175
124
150
231
193
221
225
63
27
246
123
98
157
170
234
63
167
236
244
131
186
200
225
63
110
167
173
17
193
184
234
63
119
247
0
221
151
179
225
63
39
47
50
1
191
198
234
63
100
121
87
61
96
158
225
63
117
117
199
98
155
212
234
63
200
66
116
8
28
137
225
63
132
98
43
104
90
226
234
63
209
59
21
112
207
115
225
63
85
246
93
17
252
239
234
63
196
64
215
190
128
94
225
63
44
13
252
168
134
253
234
63
228
45
87
63
54
73
225
63
32
155
228
71
252
10
235
63
118
223
49
60
246
51
225
63
116
124
180
56
99
24
235
63
190
49
4
0
199
30
225
63
41
177
107
123
187
37
235
63
0
1
107
213
174
9
225
63
131
21
167
90
11
51
235
63
37
89
135
163
171
244
224
63
153
157
69
239
84
64
235
63
234
93
188
31
183
223
224
63
84
85
104
32
150
77
235
63
243
62
142
230
200
202
224
63
203
48
238
6
209
90
235
63
229
43
129
148
216
181
224
63
230
59
248
137
3
104
235
63
101
84
25
198
221
160
224
63
167
118
134
169
45
117
235
63
2
244
251
254
205
139
224
63
223
248
218
51
75
130
235
63
119
46
140
244
162
118
224
63
189
170
179
90
96
143
235
63
83
63
111
42
82
97
224
63
18
164
82
236
104
156
235
63
59
86
41
61
211
75
224
63
222
228
183
232
100
169
235
63
234
150
29
226
31
54
224
63
12
121
4
55
82
182
235
63
28
37
175
206
49
32
224
63
154
96
56
215
48
195
235
63
22
221
122
77
15
10
224
63
114
167
116
176
254
207
235
63
191
238
116
231
137
231
223
63
194
53
119
244
191
220
235
63
214
112
145
123
186
186
223
63
137
11
64
163
116
233
235
63
38
225
66
30
193
141
223
63
222
28
174
213
30
246
235
63
192
176
252
249
182
96
223
63
171
117
226
114
188
2
236
63
90
128
182
213
172
51
223
63
30
254
154
172
81
15
236
63
5
193
227
219
187
6
223
63
53
182
215
130
222
27
236
63
119
19
124
211
244
217
222
63
31
134
86
39
103
40
236
63
192
232
242
230
112
173
222
63
219
109
23
154
235
52
236
63
60
17
196
121
56
129
222
63
106
109
26
219
107
65
236
63
190
164
49
90
71
85
222
63
203
132
95
234
231
77
236
63
97
26
134
143
136
41
222
63
209
203
40
150
91
90
236
63
21
1
78
239
226
253
221
63
124
66
118
222
198
102
236
63
36
184
145
178
69
210
221
63
137
12
171
120
35
115
236
63
170
182
155
224
155
166
221
63
223
53
232
75
111
127
236
63
106
163
58
29
200
122
221
63
104
202
78
63
168
139
236
63
8
174
242
4
194
78
221
63
248
225
32
33
202
151
236
63
24
149
212
9
104
34
221
63
96
148
160
191
208
163
236
63
64
136
100
200
177
245
220
63
137
237
238
1
186
175
236
63
65
46
113
228
129
200
220
63
48
17
111
157
127
187
236
63
163
63
52
243
228
154
220
63
84
255
32
146
33
199
236
63
193
140
41
88
227
108
220
63
246
183
4
224
159
210
236
63
219
110
130
111
154
62
220
63
43
47
249
159
252
221
236
63
119
158
120
206
22
16
220
63
223
112
31
185
53
233
236
63
168
140
127
159
113
225
219
63
15
125
119
43
75
244
236
63
35
218
142
169
187
178
219
63
235
59
191
40
65
255
236
63
203
15
92
229
9
132
219
63
67
197
56
127
19
10
237
63
133
182
156
75
113
85
219
63
94
245
128
121
200
20
237
63
215
134
138
113
254
38
219
63
35
216
184
254
93
31
237
63
1
218
86
179
206
248
218
63
148
109
224
14
212
41
237
63
214
199
67
223
221
202
218
63
243
145
148
244
48
52
237
63
39
104
147
195
39
157
218
63
65
69
213
175
116
62
237
63
63
26
78
153
155
111
218
63
218
87
30
164
167
72
237
63
104
61
124
153
40
66
218
63
211
189
78
234
203
82
237
63
26
25
228
46
194
20
218
63
91
95
36
180
229
92
237
63
158
12
142
146
87
231
217
63
158
36
93
51
249
102
237
63
108
95
64
47
220
185
217
63
203
245
182
153
10
113
237
63
251
88
193
111
67
140
217
63
14
187
239
24
30
123
237
63
105
112
91
91
120
94
217
63
150
92
197
226
55
133
237
63
45
237
212
92
110
48
217
63
121
206
22
16
90
143
237
63
25
231
111
66
33
2
217
63
205
4
195
185
134
153
237
63
255
117
110
218
140
211
216
63
56
47
78
124
181
163
237
63
151
58
200
235
193
164
216
63
163
89
217
62
228
173
237
63
13
29
59
168
196
117
216
63
134
203
42
108
6
184
237
63
187
237
66
115
157
70
216
63
156
168
165
185
21
194
237
63
254
124
91
176
84
23
216
63
183
8
140
245
13
204
237
63
139
107
124
38
251
231
215
63
81
51
164
138
226
213
237
63
99
185
165
213
144
184
215
63
80
52
15
96
145
223
237
63
12
31
17
83
34
137
215
63
69
71
114
249
15
233
237
63
227
108
58
2
184
89
215
63
2
132
15
37
90
242
237
63
67
115
157
70
90
42
215
63
42
26
107
127
103
251
237
63
88
26
248
81
13
251
214
63
27
218
0
108
64
4
238
63
155
169
16
143
196
203
214
63
23
160
109
53
235
12
238
63
222
56
41
204
123
156
214
63
167
36
235
112
116
21
238
63
244
223
131
215
46
109
214
63
38
56
245
129
228
29
238
63
174
182
98
127
217
61
214
63
216
182
40
179
65
38
238
63
179
236
73
96
115
14
214
63
94
77
158
178
154
46
238
63
212
153
123
72
248
222
213
63
249
215
242
202
245
54
238
63
183
237
123
212
95
175
213
63
7
39
162
95
91
63
238
63
1
24
207
160
161
127
213
63
248
254
6
237
213
71
238
63
131
48
183
123
185
79
213
63
16
60
190
189
107
80
238
63
109
31
242
150
171
31
213
63
81
222
199
209
28
89
238
63
234
204
61
36
124
239
212
63
93
21
168
197
224
97
238
63
132
241
211
184
55
191
212
63
220
16
227
53
175
106
238
63
150
93
48
184
230
142
212
63
91
12
30
166
125
115
238
63
167
201
140
183
149
94
212
63
149
43
188
203
69
124
238
63
231
29
167
232
72
46
212
63
48
158
65
67
255
132
238
63
220
18
185
224
12
254
211
63
186
159
83
144
159
141
238
63
15
97
252
52
238
205
211
63
239
83
85
104
32
150
238
63
220
216
236
72
245
157
211
63
116
234
202
103
121
158
238
63
157
74
6
128
42
110
211
63
216
158
89
18
160
166
238
63
128
158
6
12
146
62
211
63
25
113
1
104
148
174
238
63
206
51
246
37
27
15
211
63
125
61
95
179
92
182
238
63
0
82
155
56
185
223
210
63
26
248
81
13
251
189
238
63
142
64
188
174
95
176
210
63
98
101
52
242
121
197
238
63
237
70
31
243
1
129
210
63
108
121
229
122
219
204
238
63
105
196
204
62
143
81
210
63
146
4
225
10
40
212
238
63
76
24
205
202
246
33
210
63
236
250
5
187
97
219
238
63
13
138
230
1
44
242
209
63
189
56
241
213
142
226
238
63
36
97
223
78
34
194
209
63
97
142
30
191
183
233
238
63
173
20
2
185
196
145
209
63
215
251
141
118
220
240
238
63
169
164
78
64
19
97
209
63
100
93
220
70
3
248
238
63
68
249
130
22
18
48
209
63
218
202
75
254
39
255
238
63
173
250
92
109
197
254
208
63
12
92
30
107
70
6
239
63
153
73
212
11
62
205
208
63
181
52
183
66
88
13
239
63
54
206
166
35
128
155
208
63
169
108
88
83
89
20
239
63
222
88
80
24
148
105
208
63
185
27
68
107
69
27
239
63
72
138
200
176
138
55
208
63
207
77
155
113
26
34
239
63
207
50
139
80
108
5
208
63
166
38
193
27
210
40
239
63
62
117
172
82
122
166
207
63
18
190
247
55
104
47
239
63
224
132
66
4
28
66
207
63
229
43
129
148
216
53
239
63
55
53
208
124
206
221
206
63
7
124
126
24
33
60
239
63
233
181
217
88
137
121
206
63
144
162
206
220
67
66
239
63
7
120
210
194
101
21
206
63
196
123
14
44
71
72
239
63
129
10
71
144
74
177
205
63
208
239
251
55
47
78
239
63
101
222
170
235
80
77
205
63
226
230
84
50
0
84
239
63
0
83
6
14
104
233
204
63
62
61
182
101
192
89
239
63
172
56
213
90
152
133
204
63
251
230
254
234
113
95
239
63
105
143
23
210
225
33
204
63
116
180
170
37
29
101
239
63
54
87
205
115
68
190
203
63
191
153
152
46
196
106
239
63
21
144
246
63
192
90
203
63
33
115
101
80
109
112
239
63
4
58
147
54
85
247
202
63
200
40
207
188
28
118
239
63
169
132
39
244
250
147
202
63
155
198
246
90
208
123
239
63
186
16
171
63
194
48
202
63
111
100
30
249
131
129
239
63
220
13
162
181
162
205
201
63
255
37
169
76
49
135
239
63
15
124
12
86
156
106
201
63
51
23
184
60
214
140
239
63
83
91
234
32
175
7
201
63
178
103
207
101
106
146
239
63
94
76
51
221
235
164
200
63
77
47
49
150
233
151
239
63
121
174
239
195
65
66
200
63
215
133
31
156
79
157
239
63
91
34
23
156
193
223
199
63
12
143
253
44
150
162
239
63
5
168
169
101
107
125
199
63
191
98
13
23
185
167
239
63
117
63
167
32
63
27
199
63
171
36
178
15
178
172
239
63
245
71
24
6
44
185
198
63
231
200
202
47
131
177
239
63
44
241
128
178
41
87
198
63
182
43
244
193
50
182
239
63
173
249
241
151
22
245
197
63
49
65
13
223
194
186
239
63
103
240
247
139
217
146
197
63
178
217
145
234
59
191
239
63
164
52
155
199
97
48
197
63
124
209
30
47
164
195
239
63
158
180
112
89
133
205
196
63
213
4
81
247
1
200
239
63
249
159
252
221
59
106
196
63
211
103
7
92
87
204
239
63
239
228
211
99
91
6
196
63
209
202
189
192
172
208
239
63
37
179
122
135
219
161
195
63
19
10
17
112
8
213
239
63
120
40
10
244
137
60
195
63
199
13
191
155
110
217
239
63
159
229
121
112
119
214
194
63
237
213
199
67
223
221
239
63
154
234
201
252
163
111
194
63
110
110
76
79
88
226
239
63
213
120
233
38
49
8
194
63
5
251
175
115
211
230
239
63
22
162
67
224
72
160
193
63
88
171
118
77
72
235
239
63
185
54
84
140
243
55
193
63
57
151
226
170
178
239
239
63
223
24
2
128
99
207
192
63
124
214
53
90
14
244
239
63
227
24
201
30
161
102
192
63
173
164
21
223
80
248
239
63
25
145
40
180
172
251
191
63
205
1
130
57
122
252
239
63
141
210
165
127
73
42
191
63
182
20
144
246
63
0
240
63
143
55
249
45
58
89
190
63
184
147
136
240
47
2
240
63
172
227
248
161
210
136
189
63
215
137
203
241
10
4
240
63
228
214
164
219
18
185
188
63
7
125
233
237
207
5
240
63
164
82
236
104
28
234
187
63
129
207
15
35
132
7
240
63
53
182
215
130
222
27
187
63
58
7
207
132
38
9
240
63
185
227
77
126
139
78
186
63
83
146
117
56
186
10
240
63
121
58
87
148
18
130
185
63
229
100
226
86
65
12
240
63
227
251
226
82
149
182
184
63
4
115
244
248
189
13
240
63
246
39
241
185
19
236
183
63
189
54
27
43
49
15
240
63
103
95
121
144
158
34
183
63
39
164
53
6
157
16
240
63
56
162
123
214
53
90
182
63
87
175
34
163
3
18
240
63
29
145
239
82
234
146
181
63
113
198
48
39
104
19
240
63
97
139
221
62
171
204
180
63
83
123
17
109
199
20
240
63
152
79
86
12
87
7
180
63
18
194
163
141
35
22
240
63
160
251
114
102
187
66
179
63
129
178
41
87
120
23
240
63
14
78
68
191
182
126
178
63
161
76
163
201
197
24
240
63
117
5
219
136
39
187
177
63
102
22
161
216
10
26
240
63
105
224
71
53
236
247
176
63
185
27
68
107
69
27
240
63
128
157
155
54
227
52
176
63
131
104
173
104
115
28
240
63
152
246
205
253
213
227
174
63
198
252
220
208
148
29
240
63
90
47
134
114
162
93
173
63
105
228
243
138
167
30
240
63
215
163
112
61
10
215
171
63
97
165
130
138
170
31
240
63
57
209
174
66
202
79
170
63
164
197
25
195
156
32
240
63
88
58
31
158
37
200
168
63
71
57
152
77
128
33
240
63
199
157
210
193
250
63
167
63
98
244
220
66
87
34
240
63
243
60
184
59
107
183
165
63
11
235
198
187
35
35
240
63
71
89
191
153
152
46
164
63
78
151
197
196
230
35
240
63
195
242
231
219
130
165
162
63
66
237
183
118
162
36
240
63
252
199
66
116
8
28
161
63
252
224
124
234
88
37
240
63
145
183
92
253
216
36
159
63
137
236
131
44
11
38
240
63
43
223
51
18
161
17
156
63
255
3
172
85
187
38
240
63
21
1
78
239
226
253
152
63
129
149
67
139
108
39
240
63
80
29
171
148
158
233
149
63
247
172
107
180
28
40
240
63
219
51
75
2
212
212
146
63
87
208
180
196
202
40
240
63
96
120
37
201
115
125
143
63
114
23
97
138
114
41
240
63
142
91
204
207
13
77
137
63
39
20
34
224
16
42
240
63
240
22
72
80
252
24
131
63
83
88
169
160
162
42
240
63
50
28
207
103
64
189
121
63
202
251
56
154
35
43
240
63
227
26
159
201
254
121
106
63
116
10
242
179
145
43
240
63
56
132
42
53
123
160
37
63
36
156
22
188
232
43
240
63
188
8
83
148
75
227
103
191
183
66
88
141
37
44
240
63
241
217
58
56
216
155
120
191
69
242
149
64
74
44
240
63
61
69
14
17
55
167
130
191
206
170
207
213
86
44
240
63
64
52
243
228
154
2
137
191
92
230
116
89
76
44
240
63
147
29
27
129
120
93
143
191
18
19
212
240
45
44
240
63
20
120
39
159
30
219
146
191
252
170
92
168
252
43
240
63
161
74
205
30
104
5
150
191
36
40
126
140
185
43
240
63
233
125
227
107
207
44
153
191
162
126
23
182
102
43
240
63
142
6
240
22
72
80
156
191
128
40
152
49
5
43
240
63
48
217
120
176
197
110
159
191
203
159
111
11
150
42
240
63
56
245
129
228
157
67
161
191
175
204
91
117
29
42
240
63
120
151
139
248
78
204
162
191
45
175
92
111
155
41
240
63
237
17
106
134
84
81
164
191
81
193
225
5
17
41
240
63
109
231
251
169
241
210
165
191
47
247
201
81
128
40
240
63
20
95
237
40
206
81
167
191
179
92
54
58
231
39
240
63
213
66
201
228
212
206
168
191
232
107
150
203
70
39
240
63
55
27
43
49
207
74
170
191
170
182
155
224
155
38
240
63
85
47
191
211
100
198
171
191
251
60
70
121
230
37
240
63
143
138
255
59
162
66
173
191
218
254
149
149
38
37
240
63
40
241
185
19
236
191
174
191
49
8
172
28
90
36
240
63
245
215
43
44
184
31
176
191
244
222
24
2
128
35
240
63
67
230
202
160
218
224
176
191
24
9
109
57
151
34
240
63
192
231
135
17
194
163
177
191
156
134
168
194
159
33
240
63
110
220
98
126
110
104
178
191
107
99
236
132
151
32
240
63
116
65
125
203
156
46
179
191
154
147
23
153
128
31
240
63
251
147
248
220
9
246
179
191
43
23
42
255
90
30
240
63
117
176
254
207
97
190
180
191
39
104
147
195
39
29
240
63
84
115
185
193
80
135
181
191
167
122
50
255
232
27
240
63
10
185
82
207
130
80
182
191
157
212
151
165
157
26
240
63
119
159
227
163
197
25
183
191
35
106
162
207
71
25
240
63
86
98
158
149
180
226
183
191
54
59
82
125
231
23
240
63
134
31
156
79
29
171
184
191
250
181
245
211
127
22
240
63
13
114
23
97
138
114
185
191
110
218
140
211
16
21
240
63
160
250
7
145
12
57
186
191
159
34
135
136
155
19
240
63
139
24
118
24
147
254
186
191
138
142
228
242
31
18
240
63
17
144
47
161
130
195
187
191
50
30
165
18
158
16
240
63
49
97
52
43
219
135
188
191
138
87
89
219
20
15
240
63
195
14
99
210
223
75
189
191
158
180
112
89
133
13
240
63
234
122
162
235
194
15
190
191
110
53
235
140
239
11
240
63
90
70
234
61
149
211
190
191
238
95
89
105
82
10
240
63
163
148
16
172
170
151
191
191
30
52
187
238
173
8
240
63
151
83
2
98
18
46
192
191
255
177
16
29
2
7
240
63
181
223
218
137
146
144
192
191
133
95
234
231
77
5
240
63
5
191
13
49
94
243
192
191
187
182
183
91
146
3
240
63
227
193
22
187
125
86
193
191
116
207
186
70
203
1
240
63
227
166
6
154
207
185
193
191
120
71
198
106
243
255
239
63
170
157
97
106
75
29
194
191
200
150
229
235
50
252
239
63
129
5
48
101
224
128
194
191
196
152
244
247
82
248
239
63
89
109
254
95
117
228
194
191
61
101
53
93
79
244
239
63
122
52
213
147
249
71
195
191
28
8
201
2
38
240
239
63
48
186
188
57
92
171
195
191
53
153
241
182
210
235
239
63
105
141
65
39
132
14
196
191
67
60
18
47
79
231
239
63
202
221
231
248
104
113
196
191
92
229
9
132
157
226
239
63
158
10
184
231
249
211
196
191
61
184
59
107
183
221
239
63
63
228
45
87
63
54
197
191
42
145
68
47
163
216
239
63
190
219
188
113
82
152
197
191
79
88
226
1
101
211
239
63
209
145
92
254
67
250
197
191
9
222
144
70
5
206
239
63
138
119
128
39
45
92
198
191
178
242
203
96
140
200
239
63
157
45
32
180
30
190
198
191
143
114
48
155
0
195
239
63
210
197
166
149
66
32
199
191
204
69
124
39
102
189
239
63
132
16
144
47
161
130
199
191
219
48
10
130
199
183
239
63
30
79
203
15
92
229
199
191
235
27
152
220
40
178
239
63
87
34
80
253
131
72
200
191
63
227
194
129
144
172
239
63
64
251
145
34
50
172
200
191
50
87
6
213
6
167
239
63
215
217
144
127
102
16
201
191
174
131
131
189
137
161
239
63
14
77
217
233
7
117
201
191
109
140
157
240
18
156
239
63
210
227
247
54
253
217
201
191
68
137
150
60
158
150
239
63
109
253
244
159
53
63
202
191
214
169
242
61
35
145
239
63
26
136
101
51
135
164
202
191
224
17
21
170
155
139
239
63
125
179
205
141
233
9
203
191
29
229
96
54
1
134
239
63
206
109
194
189
50
111
203
191
96
59
24
177
79
128
239
63
89
22
76
252
81
212
203
191
101
56
158
207
128
122
239
63
12
60
247
30
46
57
204
191
231
255
85
71
142
116
239
63
124
157
212
151
165
157
204
191
185
169
129
230
115
110
239
63
77
106
104
3
176
1
205
191
173
77
99
123
45
104
239
63
218
114
46
197
85
101
205
191
242
211
184
55
191
97
239
63
218
87
30
164
167
200
205
191
202
24
31
102
47
91
239
63
2
186
47
103
182
43
206
191
123
248
50
81
132
84
239
63
173
105
222
113
138
142
206
191
27
103
211
17
192
77
239
63
146
7
34
139
52
241
206
191
238
64
157
242
232
70
239
63
10
100
118
22
189
83
207
191
34
110
78
37
3
64
239
63
40
240
78
62
61
182
207
191
251
202
131
244
20
57
239
63
35
190
19
179
94
12
208
191
144
75
28
121
32
50
239
63
186
188
57
92
171
61
208
191
37
204
180
253
43
43
239
63
218
115
153
154
4
111
208
191
186
76
77
130
55
36
239
63
221
179
174
209
114
160
208
191
102
193
196
31
69
29
239
63
76
53
179
150
2
210
208
191
250
65
93
164
80
22
239
63
39
248
166
233
179
3
209
191
52
242
121
197
83
15
239
63
201
204
5
46
143
53
209
191
253
221
59
106
76
8
239
63
95
155
141
149
152
103
209
191
60
17
196
121
56
1
239
63
68
52
186
131
216
153
209
191
176
175
117
169
17
250
238
63
211
103
7
92
87
204
209
191
86
185
80
249
215
242
238
63
13
54
117
30
21
255
209
191
236
81
184
30
133
235
238
63
76
111
127
46
26
50
210
191
67
145
238
231
20
228
238
63
189
251
227
189
106
101
210
191
92
119
243
84
135
220
238
63
172
58
171
5
246
152
210
191
31
16
232
76
218
212
238
63
51
163
31
13
167
204
210
191
187
67
138
1
18
205
238
63
113
172
139
219
104
0
211
191
70
6
185
139
48
197
238
63
38
253
189
20
30
52
211
191
193
87
116
235
53
189
238
63
157
244
190
241
181
103
211
191
88
32
122
82
38
181
238
63
242
9
217
121
27
155
211
191
56
72
136
242
5
173
238
63
66
180
86
180
57
206
211
191
100
207
158
203
212
164
238
63
78
154
6
69
243
0
212
191
6
158
123
15
151
156
238
63
97
27
241
100
55
51
212
191
78
156
220
239
80
148
238
63
151
174
96
27
241
100
212
191
81
190
160
133
4
140
238
63
74
36
209
203
40
150
212
191
62
236
133
2
182
131
238
63
5
53
124
11
235
198
212
191
253
49
173
77
99
123
238
63
50
34
81
104
89
247
212
191
188
119
212
152
16
115
238
63
180
116
5
219
136
39
213
191
123
189
251
227
189
106
238
63
112
181
78
92
142
87
213
191
104
235
224
96
111
98
238
63
72
109
226
228
126
135
213
191
107
13
165
246
34
90
238
63
169
221
175
2
124
183
213
191
133
35
72
165
216
81
238
63
72
167
174
124
150
231
213
191
250
9
103
183
150
73
238
63
9
83
148
75
227
23
214
191
134
228
100
226
86
65
238
63
87
34
80
253
131
72
214
191
109
143
222
112
31
57
238
63
6
45
36
96
116
121
214
191
106
46
55
24
234
48
238
63
231
138
82
66
176
170
214
191
127
193
110
216
182
40
238
63
69
155
227
220
38
220
214
191
102
108
232
102
127
32
238
63
152
165
157
154
203
13
215
191
241
70
230
145
63
24
238
63
251
32
203
130
137
63
215
191
11
93
137
64
245
15
238
63
231
84
50
0
84
113
215
191
112
210
52
40
154
7
238
63
211
136
153
125
30
163
215
191
7
179
9
48
44
255
237
63
54
4
199
101
220
212
215
191
165
22
74
38
167
246
237
63
0
86
71
142
116
6
216
191
26
21
56
217
6
238
237
63
214
173
158
147
222
55
216
191
59
198
21
23
71
229
237
63
92
59
81
18
18
105
216
191
29
30
194
248
105
220
237
63
102
22
161
216
10
154
216
191
148
52
127
76
107
211
237
63
77
15
10
74
209
202
216
191
249
217
200
117
83
202
237
63
65
14
74
152
105
251
216
191
55
26
192
91
32
193
237
63
64
19
97
195
211
43
217
191
145
209
1
73
216
183
237
63
212
214
136
96
28
92
217
191
31
244
108
86
125
174
237
63
251
88
193
111
67
140
217
191
224
129
1
132
15
165
237
63
18
106
134
84
81
188
217
191
2
99
125
3
147
155
237
63
24
10
216
14
70
236
217
191
178
127
158
6
12
146
237
63
149
241
239
51
46
28
218
191
218
227
133
116
120
136
237
63
47
80
82
96
1
76
218
191
212
95
175
176
224
126
237
63
64
246
122
247
199
123
218
191
116
11
93
137
64
117
237
63
65
43
48
100
117
171
218
191
230
206
76
48
156
107
237
63
49
239
113
166
9
219
218
191
42
170
126
165
243
97
237
63
135
137
6
41
120
10
219
191
88
145
209
1
73
88
237
63
23
18
48
186
188
57
219
191
133
120
36
94
158
78
237
63
223
136
238
89
215
104
219
191
156
107
152
161
241
68
237
63
43
77
74
65
183
151
219
191
202
82
235
253
70
59
237
63
40
71
1
162
96
198
219
191
14
46
29
115
158
49
237
63
122
166
151
24
203
244
219
191
128
241
12
26
250
39
237
63
200
154
145
65
238
34
220
191
31
157
186
242
89
30
237
63
61
12
173
78
206
80
220
191
213
60
71
228
187
20
237
63
8
227
167
113
111
126
220
191
162
208
178
238
31
11
237
63
42
31
130
170
209
171
220
191
43
136
129
174
125
1
237
63
41
121
117
142
1
217
220
191
111
99
179
35
213
247
236
63
52
217
63
79
3
6
221
191
66
122
138
28
34
238
236
63
75
63
225
236
214
50
221
191
95
240
105
78
94
228
236
63
154
147
23
153
128
95
221
191
175
209
114
160
135
218
236
63
127
166
94
183
8
140
221
191
27
42
198
249
155
208
236
63
36
96
116
121
115
184
221
191
96
29
199
15
149
198
236
63
139
192
88
223
192
228
221
191
80
195
183
176
110
188
236
63
226
175
201
26
245
16
222
191
235
27
152
220
40
178
236
63
204
93
75
200
7
61
222
191
72
27
71
172
197
167
236
63
75
202
221
231
248
104
222
191
102
193
196
31
69
157
236
63
3
37
5
22
192
148
222
191
137
234
173
129
173
146
236
63
198
133
3
33
89
192
222
191
156
162
35
185
0
0
0
0
0
0
0
0
0
0
0
0
0
0
0
0
0
0
0
0
0
0
0
0
0
0
0
0
0
0
0
0
0
0
0
0
0
0
0
0
0
0
0
0
0
0
0
0
0
0
0
0
0
0
0
0
0
0
0
0
0
0
0
0
0
0
0
0
0
0
0
0
0
0
0
0
0
0
0
0
0
0
0
0
0
0
0
0
0
0
0
0
0
0
0
0
0
0
0
0
0
0
0
0
0
0
0
0
0
0
0
0
0
0
0
0
0
0
0
0
0
0
0
0
0
0
0
0
0
0
0
0
0
0
0
0
0
0
0
0
0
0
0
0
0
0
0
0
0
0
0
0
0
0
0
0
0
0
0
0
0
0
0
0
0
0
0
0
0
0
0
0
0
0
0
0
0
0
0
0
0
0
0
0
0
0
0
0
0
0
0
0
0
0
0
0
0
0
0
0
0
0
0
0
0
0
0
0
0
0
0
0
0
0
0
0
0
0
0
0
0
0
0
0
0
0
0
0
0
0
0
0
0
0
0
0
0
0
0
0
0
0
0
0
0
0
0
0
0
0
0
0
0
0
0
0
0
0
0
0
0
0
0
0
0
0
0
0
0
0
0
0
0
0
0
0
0
0
0
0
0
0
0
0
0
0
0
0
0
0
0
0
0
0
0
0
0
0
0
0
0
0
0
0
0
0
0
0
0
0
0
0
0
0
0
0
0
0
0
0
0
0
0
0
0
0
0
0
0
0
0
0
0
0
0
0
0
0
0
0
0
0
0
0
0
0
0
0
0
0
0
0
0
0
0
0
0
0
0
0
0
0
0
0
0
0
0
0
0
0
0
0
0
0
0
0
0
0
0
0
0
0
0
0
0
0
0
0
0
0
0
0
0
0
0
0
0
0
0
0
0
0
0
0
0
0
0
0
0
0
0
0
0
0
0
0
0
0
0
0
0
0
0
0
0
0
0
0
0
0
0
0
0
0
0
0
0
0
0
0
0
0
0
0
0
0
0
0
0
0
0
0
0
0
0
0
0
0
0
0
0
0
0
0
0
0
0
0
0
0
0
0
0
0
0
0
0
0
0
0
0
0
0
0
0
0
0
0
0
0
0
0
0
0
0
0
0
0
0
0
0
0
0
0
0
0
0
0
0
0
0
0
0
0
0
0
0
0
0
0
0
0
0
0
0
0
0
0
0
0
0
0
0
0
0
0
0
0
0
0
0
0
0
0
0
0
0
0
0
0
0
0
0
0
0
0
0
0
0
0
0
0
0
0
0
0
0
0
0
0
0
0
0
0
0
0
0
0
0
0
0
0
0
0
0
0
0
0
0
0
0
0
0
0
0
0
0
0
0
0
0
0
0
0
0
0
0
0
0
0
0
0
0
0
0
0
0
0
0
0
0
0
0
0
0
0
0
0
0
0
0
0
0
0
0
0
0
0
0
0
0
0
0
0
0
0
0
0
0
0
0
0
0
0
0
0
0
0
0
0
0
0
0
0
0
0
0
0
0
0
0
0
0
0
0
0
0
0
0
0
0
0
0
0
0
0
0
0
0
0
0
0
0
0
0
0
0
0
0
0
0
0
0
0
0
0
0
0
0
0
0
0
0
0
0
0
0
0
0
0
0
0
0
0
0
0
0
0
0
0
0
0
0
0
0
0
0
0
0
0
0
0
0
0
0
0
0
0
0
0
0
0
0
0
0
0
0
0
0
0
0
0
0
0
0
0
0
0
0
0
0
0
0
0
0
0
0
0
0
0
0
0
0
0
0
0
0
0
0
0
0
0
0
0
0
0
0
0
0
0
0
0
0
0
0
0
0
0
0
0
0
0
0
0
0
0
0
0
0
0
0
0
0
0
0
0
0
0
0
0
0
0
0
0
0
0
0
0
0
0
0
0
0
0
0
0
0
0
0
0
0
0
0
0
0
0
0
0
0
0
0
0
0
0
0
0
0
0
0
0
0
0
0
0
0
0
0
0
0
0
0
0
0
0
0
0
0
0
0
0
0
0
0
0
0
0
0
0
0
0
0
0
0
0
0
0
0
0
0
0
0
0
0
0
0
0
0
0
0
0
0
0
0
0
0
0
0
0
0
0
0
0
0
0
0
0
0
0
0
0
0
0
0
0
0
0
0
0
0
0
0
0
0
0
0
0
0
0
0
0
0
0
0
0
0
0
0
0
0
0
0
0
0
0
0
0
0
0
0
0
0
0
0
0
0
0
0
0
0
0
0
0
0
0
0
0
0
0
0
0
0
0
0
0
0
0
0
0
0
0
0
0
0
0
0
0
0
0
0
0
0
0
0
0
0
0
0
0
0
0
0
0
0
0
0
0
0
0
0
0
0
0
0
0
0
0
0
0
0
0
0
0
0
0
0
0
0
0
0
0
0
0
0
0
0
0
0
0
0
0
0
0
0
0
0
0
0
0
0
0
0
0
0
0
0
0
0
0
0
0
0
0
0
0
0
0
0
0
0
0
0
0
0
0
0
0
0
0
0
0
0
0
0
0
0
0
0
0
0
0
0
0
0
0
0
0
0
0
0
0
0
0
0
0
0
0
0
0
0
0
0
0
0
0
0
0
0
0
0
0
0
0
0
0
0
0
0
0
0
0
0
0
0
0
0
0
0
0
0
0
0
0
0
0
0
0
0
0
0
0
0
0
0
0
0
0
0
0
0
0
0
0
0
0
0
0
0
0
0
0
0
0
0
0
0
0
0
0
0
0
0
0
0
0
0
0
0
0
0
0
0
0
0
0
0
0
0