58
70
65
67
84
58
67
68
65
84
49
56
58
68
65
84
65
32
35
57
48
48
48
48
48
54
57
51
54
166
252
254
63
7
63
113
0
253
190
183
191
75
30
79
203
15
220
254
63
89
139
79
1
48
158
185
191
109
227
79
84
54
172
254
63
242
68
16
231
225
4
186
191
7
38
55
138
172
117
254
63
163
175
32
205
88
52
185
191
249
247
25
23
14
68
254
63
117
175
147
250
178
180
183
191
125
35
186
103
93
35
254
63
202
78
63
168
139
20
182
191
83
32
179
179
232
29
254
63
189
140
98
185
165
213
180
191
188
174
95
176
27
54
254
63
38
170
183
6
182
74
180
191
213
92
110
48
212
97
254
63
50
144
103
151
111
125
180
191
216
125
199
240
216
143
254
63
42
144
217
89
244
78
181
191
124
152
189
108
59
173
254
63
222
141
5
133
65
153
182
191
42
116
94
99
151
168
254
63
89
251
59
219
163
55
184
191
157
14
100
61
181
122
254
63
157
185
135
132
239
253
185
191
157
190
158
175
89
46
254
63
220
132
123
101
222
170
187
191
18
17
254
69
208
216
253
63
138
59
222
228
183
232
188
191
152
220
40
178
214
144
253
63
17
255
176
165
71
83
189
191
83
64
218
255
0
107
253
63
177
78
149
239
25
137
188
191
206
24
230
4
109
114
253
63
145
153
11
92
30
107
186
191
205
230
113
24
204
159
253
63
9
139
138
56
157
100
183
191
110
79
144
216
238
222
253
63
68
251
88
193
111
67
180
191
48
184
230
142
254
23
254
63
183
121
227
164
48
239
177
191
153
241
182
210
107
51
254
63
22
19
155
143
107
67
177
191
196
95
147
53
234
33
254
63
232
17
163
231
22
186
178
191
94
15
38
197
199
231
253
63
54
177
192
87
116
235
181
191
36
154
64
17
139
152
253
63
212
16
85
248
51
188
185
191
83
122
166
151
24
75
253
63
232
191
7
175
93
218
188
191
82
239
169
156
246
20
253
63
127
188
87
173
76
248
189
191
93
250
151
164
50
5
253
63
97
113
56
243
171
57
188
191
145
42
138
87
89
27
253
63
83
88
169
160
162
234
183
191
103
99
37
230
89
73
253
63
21
145
97
21
111
100
178
191
204
93
75
200
7
125
253
63
110
191
124
178
98
184
170
191
4
56
189
139
247
163
253
63
230
64
15
181
109
24
165
191
189
228
127
242
119
175
253
63
191
130
52
99
209
116
166
191
250
151
164
50
197
156
253
63
92
62
146
146
30
134
174
191
252
55
47
78
124
117
253
63
193
168
164
78
64
19
181
191
135
82
123
17
109
71
253
63
116
39
216
127
157
155
186
191
79
4
113
30
78
32
253
63
152
110
18
131
192
202
189
191
60
250
95
174
69
11
253
63
74
96
115
14
158
9
189
191
196
62
1
20
35
11
253
63
34
113
143
165
15
93
184
191
206
28
146
90
40
25
253
63
175
204
91
117
29
170
177
191
37
204
180
253
43
43
253
63
83
146
117
56
186
74
167
191
50
174
184
56
42
55
253
63
183
180
26
18
247
88
162
191
76
26
163
117
84
53
253
63
105
140
214
81
213
4
169
191
21
145
97
21
111
36
253
63
56
77
159
29
112
93
181
191
12
86
156
106
45
12
253
63
127
20
117
230
30
18
192
191
148
104
201
227
105
249
252
63
164
252
164
218
167
227
195
191
242
207
12
226
3
251
252
63
58
177
135
246
177
130
195
191
241
16
198
79
227
30
253
63
208
240
102
13
222
87
185
191
203
159
111
11
150
106
253
63
177
164
220
125
142
143
134
63
176
32
205
88
52
221
253
63
70
63
26
78
153
155
197
63
73
46
255
33
253
118
254
63
94
132
41
202
165
241
214
63
160
193
166
206
163
34
255
63
232
136
124
151
82
151
225
63
225
207
240
102
13
158
255
63
186
187
206
134
252
179
229
63
127
247
142
26
19
162
255
63
140
190
130
52
99
81
229
63
224
105
50
227
109
37
255
63
177
82
65
69
213
47
224
63
96
118
79
30
22
106
254
63
46
231
82
92
85
246
209
63
157
14
100
61
181
186
253
63
27
128
13
136
16
87
178
63
3
64
21
55
110
49
253
63
134
86
39
103
40
238
180
191
243
141
232
158
117
205
252
63
31
217
92
53
207
17
197
191
112
149
39
16
118
138
252
63
59
224
186
98
70
120
199
191
227
85
214
54
197
99
252
63
73
189
167
114
218
83
196
191
160
253
72
17
25
86
252
63
100
7
149
184
142
113
189
191
125
4
254
240
243
95
252
63
243
204
203
97
247
29
179
191
228
20
29
201
229
127
252
63
87
178
99
35
16
175
171
191
99
184
58
0
226
174
252
63
167
173
17
193
56
184
172
191
34
52
130
141
235
223
252
63
172
111
96
114
163
200
178
191
43
75
116
150
89
4
253
63
37
6
129
149
67
139
184
191
185
251
28
31
45
14
253
63
205
91
117
29
170
41
189
191
111
160
192
59
249
244
252
63
112
205
29
253
47
215
190
191
4
144
218
196
201
189
252
63
165
105
80
52
15
96
189
191
109
27
70
65
240
120
252
63
87
147
167
172
166
235
185
191
228
50
110
106
160
57
252
63
164
84
194
19
122
253
181
191
115
14
158
9
77
18
252
63
83
91
234
32
175
7
179
191
222
232
99
62
32
16
252
63
106
20
146
204
234
29
178
191
242
182
210
107
179
49
252
63
72
106
161
100
114
106
179
191
192
6
68
136
43
103
252
63
240
25
137
208
8
54
182
191
105
57
208
67
109
155
252
63
224
15
63
255
61
120
185
191
64
191
239
223
188
184
252
63
16
31
216
241
95
32
188
191
106
107
68
48
14
174
252
63
129
37
87
177
248
77
189
191
61
211
75
140
101
122
252
63
67
142
173
103
8
199
188
191
230
145
63
24
120
46
252
63
51
84
197
84
250
9
187
191
106
191
181
19
37
225
251
63
108
146
31
241
43
214
184
191
229
11
90
72
192
168
251
63
80
114
135
77
100
230
182
191
5
140
46
111
14
151
251
63
81
160
79
228
73
210
181
191
160
225
205
26
188
175
251
63
21
82
126
82
237
211
181
191
60
222
228
183
232
228
251
63
41
32
237
127
128
181
182
191
56
248
194
100
170
32
252
63
35
105
55
250
152
15
184
191
156
193
223
47
102
75
252
63
106
162
207
71
25
113
185
191
142
6
240
22
72
80
252
63
169
251
0
164
54
113
186
191
156
196
32
176
114
40
252
63
153
74
63
225
236
214
186
191
89
194
218
24
59
225
251
63
166
124
8
170
70
175
186
191
111
71
56
45
120
145
251
63
37
33
145
182
241
39
186
191
39
48
157
214
109
80
251
63
213
8
253
76
189
110
185
191
70
120
123
16
2
50
251
63
214
25
223
23
151
170
184
191
173
134
196
61
150
62
251
63
104
176
169
243
168
248
183
191
23
126
112
62
117
108
251
63
53
153
241
182
210
107
183
191
163
119
42
224
158
167
251
63
244
251
254
205
139
19
183
191
17
225
95
4
141
217
251
63
221
237
122
105
138
0
183
191
114
54
29
1
220
236
251
63
226
228
126
135
162
64
183
191
211
220
10
97
53
214
251
63
29
114
51
220
128
207
183
191
244
112
2
211
105
157
251
63
136
246
177
130
223
134
184
191
137
125
2
40
70
86
251
63
71
174
155
82
94
43
185
191
102
131
76
50
114
22
251
63
233
96
253
159
195
124
185
191
31
43
248
109
136
241
250
63
148
74
120
66
175
63
185
191
160
140
241
97
246
242
250
63
160
168
108
88
83
89
184
191
126
143
250
235
21
22
251
63
221
65
236
76
161
243
182
191
146
119
14
101
168
74
251
63
10
188
147
79
143
109
181
191
39
162
95
91
63
125
251
63
36
72
165
216
209
56
180
191
101
114
106
103
152
154
251
63
39
23
99
96
29
199
179
191
13
111
214
224
125
149
251
63
67
83
118
250
65
93
180
191
148
219
246
61
234
111
251
63
53
126
225
149
36
207
181
191
110
191
124
178
98
56
251
63
128
215
103
206
250
148
183
191
61
181
250
234
170
0
251
63
23
99
96
29
199
15
185
191
159
144
157
183
177
217
250
63
60
21
112
207
243
167
185
191
166
42
109
113
141
207
250
63
99
69
13
166
97
248
184
191
206
193
51
161
73
226
250
63
235
86
207
73
239
27
183
191
227
198
45
230
231
6
251
63
51
111
213
117
168
166
180
191
2
101
83
174
240
46
251
63
136
156
190
158
175
89
178
191
104
62
231
110
215
75
251
63
250
185
161
41
59
253
176
191
76
53
179
150
2
82
251
63
240
24
30
251
89
44
177
191
223
193
79
28
64
63
251
63
154
209
143
134
83
230
178
191
65
72
22
48
129
27
251
63
21
111
100
30
249
131
181
191
195
158
118
248
107
242
250
63
106
106
217
90
95
36
184
191
148
161
42
166
210
207
250
63
52
214
254
206
246
232
185
191
107
242
148
213
116
189
250
63
155
226
113
81
45
34
186
191
88
197
27
153
71
190
250
63
51
27
100
146
145
179
184
191
181
192
30
19
41
205
250
63
223
82
206
23
123
47
182
191
213
92
110
48
212
225
250
63
239
202
46
24
92
115
179
191
118
223
49
60
246
243
250
63
109
172
196
60
43
105
177
191
171
147
51
20
119
252
250
63
30
78
96
58
173
219
176
191
207
158
203
212
36
248
250
63
136
185
164
106
187
9
178
191
75
62
118
23
40
233
250
63
76
80
195
183
176
110
180
191
243
203
96
140
72
212
250
63
255
174
207
156
245
41
183
191
8
203
216
208
205
190
250
63
191
41
172
84
80
81
185
191
38
167
118
134
169
173
250
63
2
184
89
188
88
24
186
191
210
228
98
12
172
163
250
63
193
0
194
135
18
45
185
191
102
248
79
55
80
160
250
63
217
92
53
207
17
249
182
191
32
212
69
10
101
161
250
63
125
63
53
94
186
73
180
191
208
156
245
41
199
164
250
63
157
185
135
132
239
253
177
191
149
181
77
241
184
168
250
63
81
247
1
72
109
226
176
191
133
239
253
13
218
171
250
63
158
206
21
165
132
96
177
191
73
185
251
28
31
173
250
63
2
101
83
174
240
46
179
191
2
186
47
103
182
171
250
63
119
220
240
187
233
150
181
191
181
24
60
76
251
166
250
63
196
38
50
115
129
203
183
191
20
151
227
21
136
158
250
63
69
160
250
7
145
12
185
191
81
136
128
67
168
146
250
63
212
154
230
29
167
232
184
191
191
101
78
151
197
132
250
63
8
143
54
142
88
139
183
191
56
49
36
39
19
119
250
63
127
166
94
183
8
140
181
191
1
162
96
198
20
108
250
63
143
195
96
254
10
153
179
191
222
173
44
209
89
102
250
63
21
229
210
248
133
87
178
191
249
220
9
246
95
103
250
63
158
68
132
127
17
52
178
191
197
199
39
100
231
109
250
63
88
115
128
96
142
30
179
191
153
40
66
234
118
118
250
63
238
207
69
67
198
163
180
191
159
117
141
150
3
125
250
63
145
14
15
97
252
52
182
191
175
66
202
79
170
125
250
63
229
154
2
153
157
69
183
191
52
130
141
235
223
117
250
63
237
239
108
143
222
112
183
191
205
176
81
214
111
102
250
63
23
42
255
90
94
185
182
191
6
17
169
105
23
83
250
63
66
209
60
128
69
126
181
191
84
53
65
212
125
64
250
63
56
244
22
15
239
57
180
191
233
211
42
250
67
51
250
63
170
127
16
201
144
99
179
191
133
38
137
37
229
46
250
63
7
41
120
10
185
82
179
191
130
253
215
185
105
51
250
63
97
193
253
128
7
6
180
191
79
7
178
158
90
61
250
63
100
36
123
132
154
33
181
191
139
165
72
190
18
72
250
63
192
122
220
183
90
39
182
191
173
81
15
209
232
78
250
63
65
126
54
114
221
148
182
191
220
245
210
20
1
78
250
63
225
41
228
74
61
11
182
191
141
42
195
184
27
68
250
63
208
126
164
136
12
171
180
191
188
119
212
152
16
51
250
63
46
199
43
16
61
41
179
191
203
219
17
78
11
30
250
63
38
223
108
115
99
122
178
191
190
132
10
14
47
8
250
63
233
14
98
103
10
157
179
191
55
250
152
15
8
244
249
63
206
56
13
81
133
63
183
191
27
184
3
117
202
227
249
63
54
88
56
73
243
199
188
191
26
111
43
189
54
219
249
63
20
208
68
216
240
244
192
191
164
57
178
242
203
224
249
63
230
178
209
57
63
197
193
191
106
163
58
29
200
250
249
63
215
103
206
250
148
99
190
191
33
206
195
9
76
39
250
63
218
143
20
145
97
21
175
191
33
88
85
47
191
83
250
63
235
171
171
2
181
24
164
63
75
92
199
184
226
98
250
63
122
53
64
105
168
81
198
63
115
244
248
189
77
63
250
63
32
11
209
33
112
36
213
63
138
230
1
44
242
235
249
63
100
233
67
23
212
183
222
63
194
138
83
173
133
153
249
63
237
128
235
138
25
97
226
63
94
105
25
169
247
148
249
63
248
51
188
89
131
247
225
63
199
215
158
89
18
224
249
63
44
12
145
211
215
243
219
63
122
24
90
157
156
33
250
63
184
60
214
140
12
114
208
63
167
92
225
93
46
34
250
63
85
78
123
74
206
137
181
63
96
228
101
77
44
240
249
63
170
241
210
77
98
16
168
191
174
212
179
32
148
183
249
63
13
255
233
6
10
188
191
191
95
208
66
2
70
151
249
63
241
128
178
41
87
120
195
191
30
169
190
243
139
146
249
63
221
10
97
53
150
176
194
191
32
65
241
99
204
157
249
63
209
234
228
12
197
29
191
191
75
117
1
47
51
172
249
63
113
1
104
148
46
253
183
191
108
180
28
232
161
182
249
63
165
44
67
28
235
226
178
191
246
10
11
238
7
188
249
63
55
0
27
16
33
174
176
191
16
34
25
114
108
189
249
63
74
125
89
218
169
185
176
191
82
127
189
194
130
187
249
63
201
199
238
2
37
5
178
191
34
85
20
175
178
182
249
63
79
144
216
238
30
160
179
191
217
207
98
41
146
175
249
63
93
166
38
193
27
210
180
191
96
63
196
6
11
167
249
63
40
97
166
237
95
89
181
191
32
41
34
195
42
158
249
63
214
139
161
156
104
87
181
191
200
238
2
37
5
150
249
63
161
245
240
101
162
8
181
191
217
9
47
193
169
143
249
63
91
236
246
89
101
166
180
191
115
184
86
123
216
139
249
63
101
53
93
79
116
93
180
191
198
110
159
85
102
138
249
63
133
9
163
89
217
62
180
191
56
191
97
162
65
138
249
63
208
67
109
27
70
65
180
191
176
146
143
221
5
138
249
63
251
34
161
45
231
82
180
191
8
88
171
118
77
136
249
63
144
104
2
69
44
98
180
191
146
173
46
167
4
132
249
63
123
188
144
14
15
97
180
191
210
84
79
230
31
125
249
63
213
175
116
62
60
75
180
191
208
127
15
94
187
116
249
63
181
164
163
28
204
38
180
191
52
245
186
69
96
108
249
63
140
72
20
90
214
253
179
191
24
64
248
80
162
101
249
63
237
42
164
252
164
218
179
191
88
30
164
167
200
97
249
63
98
101
52
242
121
197
179
191
191
152
45
89
21
97
249
63
244
109
193
82
93
192
179
191
18
18
105
27
127
98
249
63
172
196
60
43
105
197
179
191
254
156
130
252
108
100
249
63
54
3
92
144
45
203
179
191
87
61
96
30
50
101
249
63
26
225
237
65
8
200
179
191
148
23
153
128
95
99
249
63
244
193
50
54
116
179
179
191
60
136
157
41
116
94
249
63
197
202
104
228
243
138
179
191
175
38
79
89
77
87
249
63
21
58
175
177
75
84
179
191
126
197
26
46
114
79
249
63
200
153
38
108
63
25
179
191
53
180
1
216
128
72
249
63
112
121
172
25
25
228
178
191
152
48
154
149
237
67
249
63
140
188
172
137
5
190
178
191
127
165
243
225
89
66
249
63
110
19
238
149
121
171
178
191
182
215
130
222
27
67
249
63
251
91
2
240
79
169
178
191
60
164
24
32
209
68
249
63
5
136
130
25
83
176
178
191
115
190
216
123
241
69
249
63
36
96
116
121
115
184
178
191
19
39
247
59
20
69
249
63
84
83
146
117
56
186
178
191
54
2
241
186
126
65
249
63
248
81
13
251
61
177
178
191
93
109
197
254
178
59
249
63
37
8
87
64
161
158
178
191
179
124
93
134
255
52
249
63
119
133
62
88
198
134
178
191
30
220
157
181
219
46
249
63
127
163
29
55
252
110
178
191
140
186
214
222
167
42
249
63
212
214
136
96
28
92
178
191
223
112
31
185
53
41
249
63
78
125
32
121
231
80
178
191
10
157
215
216
37
42
249
63
69
44
98
216
97
76
178
191
223
167
170
208
64
44
249
63
95
152
76
21
140
74
178
191
208
181
47
160
23
46
249
63
113
142
58
58
174
70
178
191
219
163
55
220
71
46
249
63
115
189
109
166
66
60
178
191
24
34
167
175
231
43
249
63
213
38
78
238
119
40
178
191
238
238
1
186
47
39
249
63
70
208
152
73
212
11
178
191
180
146
86
124
67
33
249
63
255
34
104
204
36
234
177
191
156
24
146
147
137
27
249
63
231
141
147
194
188
199
177
191
123
187
37
57
96
23
249
63
47
223
250
176
222
168
177
191
251
229
147
21
195
21
249
63
237
157
209
86
37
145
177
191
57
15
39
48
157
22
249
63
47
219
78
91
35
130
177
191
212
43
101
25
226
24
249
63
206
25
81
218
27
124
177
191
213
146
142
114
48
27
249
63
207
244
18
99
153
126
177
191
92
143
194
245
40
28
249
63
125
203
156
46
139
137
177
191
208
179
89
245
185
26
249
63
81
21
83
233
39
156
177
191
153
214
166
177
189
22
249
63
174
157
40
9
137
180
177
191
9
21
28
94
16
17
249
63
127
221
233
206
19
207
177
191
38
30
80
54
229
10
249
63
180
232
157
10
184
231
177
191
53
125
118
192
117
5
249
63
135
50
84
197
84
250
177
191
48
243
29
252
196
1
249
63
79
117
200
205
112
3
178
191
51
223
193
79
28
0
249
63
200
236
44
122
167
2
178
191
74
95
8
57
239
255
248
63
129
151
25
54
202
250
177
191
142
35
214
226
83
0
249
63
22
133
93
20
61
240
177
191
210
255
114
45
90
0
249
63
112
36
208
96
83
231
177
191
87
9
22
135
51
255
248
63
232
192
114
132
12
228
177
191
165
16
200
37
142
252
248
63
213
202
132
95
234
231
177
191
178
131
74
92
199
248
248
63
117
144
215
131
73
241
177
191
197
145
7
34
139
244
248
63
204
209
227
247
54
253
177
191
164
168
51
247
144
240
248
63
8
204
67
166
124
8
178
191
27
185
110
74
121
237
248
63
119
158
120
206
22
16
178
191
25
58
118
80
137
235
248
63
195
216
66
144
131
18
178
191
107
216
239
137
117
234
248
63
227
223
103
92
56
16
178
191
171
237
38
248
166
233
248
63
15
66
64
190
132
10
178
191
190
50
111
213
117
232
248
63
12
177
250
35
12
3
178
191
97
111
98
72
78
230
248
63
122
252
222
166
63
251
177
191
154
178
211
15
234
226
248
63
186
47
103
182
43
244
177
191
156
79
29
171
148
222
248
63
15
15
97
252
52
238
177
191
119
19
124
211
244
217
248
63
12
89
221
234
57
233
177
191
217
119
69
240
191
213
248
63
253
108
228
186
41
229
177
191
246
183
4
224
159
210
248
63
224
74
118
108
4
226
177
191
180
199
11
233
240
208
248
63
7
237
213
199
67
223
177
191
39
48
157
214
109
208
248
63
93
167
145
150
202
219
177
191
227
83
0
140
103
208
248
63
29
200
122
106
245
213
177
191
40
72
108
119
15
208
248
63
98
187
123
128
238
203
177
191
179
96
226
143
162
206
248
63
178
46
110
163
1
188
177
191
127
190
45
88
170
203
248
63
25
88
199
241
67
165
177
191
21
142
32
149
98
199
248
63
206
197
223
246
4
137
177
191
229
99
119
129
146
194
248
63
244
52
96
144
244
105
177
191
15
242
122
48
41
190
248
63
20
9
166
154
89
75
177
191
111
14
215
106
15
187
248
63
114
225
64
72
22
48
177
191
130
83
31
72
222
185
248
63
42
224
158
231
79
27
177
191
38
223
108
115
99
186
248
63
131
164
79
171
232
15
177
191
59
255
118
217
175
187
248
63
78
241
184
168
22
17
177
191
46
201
1
187
154
188
248
63
161
77
14
159
116
34
177
191
98
216
97
76
250
187
248
63
213
4
81
247
1
72
177
191
1
78
239
226
253
184
248
63
209
207
212
235
22
129
177
191
10
158
66
174
212
179
248
63
139
140
14
72
194
190
177
191
243
59
77
102
188
173
248
63
171
151
223
105
50
227
177
191
93
107
239
83
85
168
248
63
239
3
144
218
196
201
177
191
235
111
9
192
63
165
248
63
229
240
73
39
18
76
177
191
13
198
136
68
161
165
248
63
57
39
246
208
62
86
176
191
24
95
180
199
11
169
248
63
238
62
199
71
139
51
174
191
175
119
127
188
87
173
248
63
169
245
126
163
29
55
172
191
46
29
115
158
177
175
248
63
137
234
173
129
173
18
172
191
142
33
0
56
246
172
248
63
250
154
229
178
209
57
175
191
64
18
246
237
36
162
248
63
104
62
231
110
215
75
179
191
223
24
2
128
99
143
248
63
63
26
78
153
155
111
184
191
99
124
152
189
108
123
248
63
203
245
182
153
10
241
188
191
2
16
119
245
42
114
248
63
15
238
206
218
109
23
190
191
128
158
6
12
146
126
248
63
191
242
32
61
69
14
185
191
155
31
127
105
81
159
248
63
47
48
43
20
233
126
166
191
201
198
131
45
118
187
248
63
58
61
239
198
130
194
168
63
157
43
74
9
193
170
248
63
220
156
74
6
128
42
198
63
242
124
6
212
155
81
248
63
141
213
230
255
85
71
212
63
76
51
221
235
164
190
247
63
75
58
202
193
108
2
221
63
132
211
130
23
125
69
247
63
36
96
116
121
115
56
225
63
246
238
143
247
170
85
247
63
83
62
4
85
163
215
224
63
181
195
95
147
53
234
247
63
92
145
152
160
134
111
218
63
167
88
53
8
115
123
248
63
240
48
237
155
251
171
207
63
87
38
252
82
63
175
248
63
16
121
203
213
143
77
182
63
28
237
184
225
119
147
248
63
125
236
46
80
82
96
161
191
113
5
20
234
233
99
248
63
127
46
26
50
30
165
186
191
235
255
28
230
203
75
248
63
15
127
77
214
168
135
192
191
94
214
196
2
95
81
248
63
20
62
91
7
7
123
191
191
227
164
48
239
113
102
248
63
16
7
9
81
190
160
185
191
128
11
178
101
249
122
248
63
197
55
20
62
91
7
179
191
239
88
108
147
138
134
248
63
159
227
163
197
25
195
172
191
35
19
240
107
36
137
248
63
88
197
27
153
71
254
168
191
80
80
138
86
238
133
248
63
189
82
150
33
142
117
169
191
165
187
235
108
200
127
248
63
96
234
231
77
69
42
172
191
200
95
90
212
39
121
248
63
63
58
117
229
179
60
175
191
50
119
45
33
31
116
248
63
224
190
14
156
51
162
176
191
174
102
157
241
125
113
248
63
104
89
247
143
133
232
176
191
55
79
117
200
205
112
248
63
95
209
173
215
244
160
176
191
180
117
112
176
55
113
248
63
39
250
124
148
17
23
176
191
99
239
197
23
237
113
248
63
254
211
13
20
120
39
175
191
98
215
246
118
75
114
248
63
144
73
70
206
194
158
174
191
139
84
24
91
8
114
248
63
114
164
51
48
242
178
174
191
254
212
120
233
38
113
248
63
193
86
9
22
135
51
175
191
205
201
139
76
192
111
248
63
114
253
187
62
115
214
175
191
243
175
229
149
235
109
248
63
189
26
160
52
212
40
176
191
218
200
117
83
202
107
248
63
162
127
130
139
21
53
176
191
120
14
101
168
138
105
248
63
234
36
91
93
78
9
176
191
209
235
79
226
115
103
248
63
156
26
104
62
231
110
175
191
81
22
190
190
214
101
248
63
183
67
195
98
212
181
174
191
133
177
133
32
7
101
248
63
120
37
201
115
125
31
174
191
104
174
211
72
75
101
248
63
153
245
98
40
39
218
173
191
34
254
97
75
143
102
248
63
31
214
27
181
194
244
173
191
116
95
206
108
87
104
248
63
188
116
147
24
4
86
174
191
233
186
240
131
243
105
248
63
171
64
45
6
15
211
174
191
197
28
4
29
173
106
248
63
24
152
21
138
116
63
175
191
130
112
5
20
234
105
248
63
50
143
252
193
192
115
175
191
169
250
149
206
135
103
248
63
80
52
15
96
145
95
175
191
254
180
81
157
14
100
248
63
109
115
99
122
194
18
175
191
227
54
26
192
91
96
248
63
17
227
53
175
234
172
174
191
84
196
233
36
91
93
248
63
23
239
199
237
151
79
174
191
53
182
215
130
222
91
248
63
252
28
31
45
206
24
174
191
52
158
8
226
60
92
248
63
49
208
181
47
160
23
174
191
134
255
116
3
5
94
248
63
125
233
237
207
69
67
174
191
102
248
79
55
80
96
248
63
64
247
229
204
118
133
174
191
53
152
134
225
35
98
248
63
70
238
233
234
142
197
174
191
47
253
75
82
153
98
248
63
211
21
108
35
158
236
174
191
32
96
173
218
53
97
248
63
171
152
74
63
225
236
174
191
140
106
17
81
76
94
248
63
18
22
21
113
58
201
174
191
106
105
110
133
176
90
248
63
2
159
31
70
8
143
174
191
220
14
13
139
81
87
248
63
198
25
195
156
160
77
174
191
99
96
29
199
15
85
248
63
74
97
222
227
76
19
174
191
220
75
26
163
117
84
248
63
215
165
70
232
103
234
173
191
116
69
41
33
88
85
248
63
190
188
0
251
232
212
173
191
170
187
178
11
6
87
248
63
161
191
208
35
70
207
173
191
178
73
126
196
175
88
248
63
231
57
34
223
165
212
173
191
17
225
95
4
141
89
248
63
250
182
96
169
46
224
173
191
246
13
76
110
20
89
248
63
203
74
147
82
208
237
173
191
21
113
58
201
86
87
248
63
21
86
42
168
168
250
173
191
122
224
99
176
226
84
248
63
174
128
66
61
125
4
174
191
166
237
95
89
105
82
248
63
1
49
9
23
242
8
174
191
238
65
8
200
151
80
248
63
80
80
138
86
238
5
174
191
176
140
13
221
236
79
248
63
61
211
75
140
101
250
173
191
5
194
78
177
106
80
248
63
173
77
99
123
45
232
173
191
253
246
117
224
156
81
248
63
203
242
117
25
254
211
173
191
52
133
206
107
236
82
248
63
249
131
129
231
222
195
173
191
45
210
196
59
192
83
248
63
192
63
165
74
148
189
173
191
215
132
180
198
160
83
248
63
7
149
184
142
113
197
173
191
81
20
232
19
121
82
248
63
112
120
65
68
106
218
173
191
61
152
20
31
159
80
248
63
234
34
133
178
240
245
173
191
207
215
44
151
141
78
248
63
99
242
6
152
249
14
174
191
57
154
35
43
191
76
248
63
159
199
40
207
188
28
174
191
224
17
21
170
155
75
248
63
9
83
148
75
227
23
174
191
37
6
129
149
67
75
248
63
91
208
123
99
8
0
174
191
218
26
17
140
131
75
248
63
154
208
36
177
164
220
173
191
36
214
226
83
0
76
248
63
230
6
67
29
86
184
173
191
69
44
98
216
97
76
248
63
230
174
37
228
131
158
173
191
223
225
118
104
88
76
248
63
133
237
39
99
124
152
173
191
144
47
161
130
195
75
248
63
7
98
217
204
33
169
173
191
140
244
162
118
191
74
248
63
171
63
194
48
96
201
173
191
103
215
189
21
137
73
248
63
203
74
147
82
208
237
173
191
190
248
162
61
94
72
248
63
56
191
97
162
65
10
174
191
237
156
102
129
118
71
248
63
61
43
105
197
55
20
174
191
73
17
25
86
241
70
248
63
135
222
226
225
61
7
174
191
107
11
207
75
197
70
248
63
52
214
254
206
246
232
173
191
11
184
231
249
211
70
248
63
20
203
45
173
134
196
173
191
198
79
227
222
252
70
248
63
18
189
140
98
185
165
173
191
84
255
32
146
33
71
248
63
146
35
157
129
145
151
173
191
209
61
235
26
45
71
248
63
177
251
142
225
177
159
173
191
192
204
119
240
19
71
248
63
96
89
105
82
10
186
173
191
22
50
87
6
213
70
248
63
6
18
20
63
198
220
173
191
188
121
170
67
110
70
248
63
130
114
219
190
71
253
173
191
177
163
113
168
223
69
248
63
32
9
251
118
18
17
174
191
25
30
251
89
44
69
248
63
19
211
133
88
253
17
174
191
157
15
207
18
100
68
248
63
105
225
178
10
155
1
174
191
102
221
63
22
162
67
248
63
146
6
183
181
133
231
173
191
131
248
192
142
255
66
248
63
172
26
132
185
221
203
173
191
18
76
53
179
150
66
248
63
27
186
217
31
40
183
173
191
189
254
36
62
119
66
248
63
36
95
9
164
196
174
173
191
251
87
86
154
148
66
248
63
160
140
241
97
246
178
173
191
109
144
73
70
206
66
248
63
234
151
136
183
206
191
173
191
86
16
3
93
251
66
248
63
148
137
91
5
49
208
173
191
29
174
213
30
246
66
248
63
195
40
8
30
223
222
173
191
166
126
222
84
164
66
248
63
173
77
99
123
45
232
173
191
42
228
74
61
11
66
248
63
134
171
3
32
238
234
173
191
43
20
233
126
78
65
248
63
93
83
32
179
179
232
173
191
147
142
114
48
155
64
248
63
130
26
190
133
117
227
173
191
51
223
193
79
28
64
248
63
73
214
225
232
42
221
173
191
131
193
53
119
244
63
248
63
111
157
127
187
236
215
173
191
142
175
61
179
36
64
248
63
15
183
67
195
98
212
173
191
255
91
201
142
141
64
248
63
216
40
235
55
19
211
173
191
249
192
142
255
2
65
248
63
203
242
117
25
254
211
173
191
180
204
34
20
91
65
248
63
124
211
244
217
1
215
173
191
162
207
71
25
113
65
248
63
86
12
87
7
64
220
173
191
83
5
163
146
58
65
248
63
63
86
240
219
16
227
173
191
147
2
11
96
202
64
248
63
107
100
87
90
70
234
173
191
147
166
65
209
60
64
248
63
96
228
101
77
44
240
173
191
194
50
54
116
179
63
248
63
233
71
195
41
115
243
173
191
24
36
125
90
69
63
248
63
98
191
39
214
169
242
173
191
122
143
51
77
216
62
248
63
216
128
8
113
229
236
173
191
43
105
197
55
20
62
248
63
8
200
151
80
193
225
173
191
114
49
6
214
113
60
248
63
135
83
230
230
27
209
173
191
120
241
126
220
126
57
248
63
43
166
210
79
56
187
173
191
246
40
92
143
194
53
248
63
220
46
52
215
105
164
173
191
159
116
34
193
84
51
248
63
78
95
207
215
44
151
173
191
200
125
171
117
226
50
248
63
252
137
202
134
0
0
0
0
0
0
0
0
0
0
0
0
0
0
0
0
0
0
0
0
0
0
0
0
0
0
0
0
0
0
0
0
0
0
0
0
0
0
0
0
0
0
0
0
0
0
0
0
0
0
0
0
0
0
0
0
0
0
0
0
0
0
0
0
0
0
0
0
0
0
0
0
0
0
0
0
0
0
0
0
0
0
0
0
0
0
0
0
0
0
0
0
0
0
0
0
0
0
0
0
0
0
0
0
0
0
0
0
0
0
0
0
0
0
0
0
0
0
0
0
0
0
0
0
0
0
0
0
0
0
0
0
0
0
0
0
0
0
0
0
0
0
0
0
0
0
0
0
0
0
0
0
0
0
0
0
0
0
0
0
0
0
0
0
0
0
0
0
0
0
0
0
0
0
0
0
0
0
0
0
0
0
0
0
0
0
0
0
0
0
0
0
0
0
0
0
0
0
0
0
0
0
0
0
0
0
0
0
0
0
0
0
0
0
0
0
0
0
0
0
0
0
0
0
0
0
0
0
0
0
0
0
0
0
0
0
0
0
0
0
0
0
0
0
0
0
0
0
0
0
0
0
0
0
0
0
0
0
0
0
0
0
0
0
0
0
0
0
0
0
0
0
0
0
0
0
0
0
0
0
0
0
0
0
0
0
0
0
0
0
0
0
0
0
0
0
0
0
0
0
0
0
0
0
0
0
0
0
0
0
0
0
0
0
0
0
0
0
0
0
0
0
0
0
0
0
0
0
0
0
0
0
0
0
0
0
0
0
0
0
0
0
0
0
0
0
0
0
0
0
0
0
0
0
0
0
0
0
0
0
0
0
0
0
0
0
0
0
0
0
0
0
0
0
0
0
0
0
0
0
0
0
0
0
0
0
0
0
0
0
0
0
0
0
0
0
0
0
0
0
0
0
0
0
0
0
0
0
0
0
0
0
0
0
0
0
0
0
0
0
0
0
0
0
0
0
0
0
0
0
0
0
0
0
0
0
0
0
0
0
0
0
0
0
0
0
0
0
0
0
0
0
0
0
0
0
0
0
0
0
0
0
0
0
0
0
0
0
0
0
0
0
0
0
0
0
0
0
0
0
0
0
0
0
0
0
0
0
0
0
0
0
0
0
0
0
0
0
0
0
0
0
0
0
0
0
0
0
0
0
0
0
0
0
0
0
0
0
0
0
0
0
0
0
0
0
0
0
0
0
0
0
0
0
0
0
0
0
0
0
0
0
0
0
0
0
0
0
0
0
0
0
0
0
0
0
0
0
0
0
0
0
0
0
0
0
0
0
0
0
0
0
0
0
0
0
0
0
0
0
0
0
0
0
0
0
0
0
0
0
0
0
0
0
0
0
0
0
0
0
0
0
0
0
0
0
0
0
0
0
0
0
0
0
0
0
0
0
0
0
0
0
0
0
0
0
0
0
0
0
0
0
0
0
0
0
0
0
0
0
0
0
0
0
0
0
0
0
0
0
0
0
0
0
0
0
0
0
0
0
0
0
0
0
0
0
0
0
0
0
0
0
0
0
0
0
0
0
0
0
0
0
0
0
0
0
0
0
0
0
0
0
0
0
0
0
0
0
0
0
0
0
0
0
0
0
0
0
0
0
0
0
0
0
0
0
0
0
0
0
0
0
0
0
0
0
0
0
0
0
0
0
0
0
0
0
0
0
0
0
0
0
0
0
0
0
0
0
0
0
0
0
0
0
0
0
0
0
0
0
0
0
0
0
0
0
0
0
0
0
0
0
0
0
0
0
0
0
0
0
0
0
0
0
0
0
0
0
0
0
0
0
0
0
0
0
0
0
0
0
0
0
0
0
0
0
0
0
0
0
0
0
0
0
0
0
0
0
0
0
0
0
0
0
0
0
0
0
0
0
0
0
0
0
0
0
0
0
0
0
0
0
0
0
0
0
0
0
0
0
0
0
0
0
0
0
0
0
0
0
0
0
0
0
0
0
0
0
0
0
0
0
0
0
0
0
0
0
0
0
0
0
0
0
0
0
0
0
0
0
0
0
0
0
0
0
0
0
0
0
0
0
0
0
0
0
0
0
0
0
0
0
0
0
0
0
0
0
0
0
0
0
0
0
0
0
0
0
0
0
0
0
0
0
0
0
0
0
0
0
0
0
0
0
0
0
0
0
0
0
0
0
0
0
0
0
0
0
0
0
0
0
0
0
0
0
0
0
0
0
0
0
0
0
0
0
0
0
0
0
0
0
0
0
0
0
0
0
0
0
0
0
0
0
0
0
0
0
0
0
0
0
0
0
0
0
0
0
0
0
0
0
0
0
0
0
0
0
0
0
0
0
0
0
0
0
0
0
0
0
0
0
0
0
0
0
0
0
0
0
0
0
0
0
0
0
0
0
0
0
0
0
0
0
0
0
0
0
0
0
0
0
0
0
0
0
0
0
0
0
0
0
0
0
0
0
0
0
0
0
0
0
0
0
0
0
0
0
0
0
0
0
0
0
0
0
0
0
0
0
0
0
0
0
0
0
0
0
0
0
0
0
0
0
0
0
0
0
0
0
0
0
0
0
0
0
0
0
0
0
0
0
0
0
0
0
0
0
0
0
0
0
0
0
0
0
0
0
0
0
0
0
0
0
0
0
0
0
0
0
0
0
0
0
0
0
0
0
0
0
0
0
0
0
0
0
0
0
0
0
0
0
0
0
0
0
0
0
0
0
0
0
0
0
0
0
0
0
0
0
0
0
0
0
0
0
0
0
0
0
0
0
0
0
0
0
0
0
0
0
0
0
0
0
0
0
0