58
70
65
67
84
58
67
68
65
84
49
56
58
68
65
84
65
32
35
57
48
48
48
48
48
54
57
51
54
247
140
176
63
220
215
129
115
70
148
225
63
119
105
195
97
105
224
175
63
60
249
244
216
150
129
225
63
182
74
176
56
156
249
173
63
190
105
250
236
128
107
225
63
173
251
199
66
116
8
172
63
71
32
94
215
47
88
225
63
213
148
100
29
142
174
170
63
159
228
14
155
200
76
225
63
166
69
125
146
59
108
170
63
66
9
51
109
255
74
225
63
70
8
143
54
142
88
171
63
153
244
247
82
120
80
225
63
22
136
158
148
73
13
173
63
92
204
207
13
77
89
225
63
64
50
29
58
61
239
174
63
156
134
168
194
159
97
225
63
158
238
60
241
156
45
176
63
0
168
226
198
45
102
225
63
76
164
52
155
199
97
176
63
173
138
112
147
81
101
225
63
253
73
124
238
4
251
175
63
103
40
238
120
147
95
225
63
204
96
140
72
20
90
174
63
57
15
39
48
157
86
225
63
14
248
252
48
66
120
172
63
166
127
73
42
83
76
225
63
248
136
152
18
73
244
170
63
52
186
131
216
153
66
225
63
35
246
9
160
24
89
170
63
169
136
211
73
182
58
225
63
211
105
221
6
181
223
170
63
190
246
204
146
0
53
225
63
28
126
55
221
178
67
172
63
77
159
29
112
93
49
225
63
157
185
135
132
239
253
173
63
154
94
98
44
211
47
225
63
189
168
221
175
2
124
175
63
153
46
196
234
143
48
225
63
41
176
0
166
12
28
176
63
250
68
158
36
93
51
225
63
206
170
207
213
86
236
175
63
101
25
226
88
23
55
225
63
245
243
166
34
21
198
174
63
187
41
229
181
18
58
225
63
206
226
197
194
16
57
173
63
129
35
129
6
155
58
225
63
32
124
40
209
146
199
171
63
186
102
242
205
54
55
225
63
217
176
166
178
40
236
170
63
183
237
123
212
95
47
225
63
125
91
176
84
23
240
170
63
89
249
101
48
70
36
225
63
160
226
56
240
106
185
171
63
54
35
131
220
69
24
225
63
32
213
176
223
19
235
172
63
180
4
25
1
21
14
225
63
211
159
253
72
17
25
174
63
247
90
208
123
99
8
225
63
55
53
208
124
206
221
174
63
149
239
25
137
208
8
225
63
148
189
165
156
47
246
174
63
247
200
230
170
121
14
225
63
118
82
95
150
118
106
174
63
34
167
175
231
107
22
225
63
93
24
233
69
237
126
173
63
16
116
180
170
37
29
225
63
224
102
241
98
97
136
172
63
64
79
3
6
73
31
225
63
163
203
155
195
181
218
171
63
21
28
94
16
145
26
225
63
223
21
193
255
86
178
171
63
63
224
129
1
132
15
225
63
41
4
114
137
35
15
172
63
66
148
47
104
33
1
225
63
182
190
72
104
203
185
172
63
205
232
71
195
41
243
224
63
2
70
151
55
135
107
173
63
74
178
14
71
87
233
224
63
223
111
180
227
134
223
173
63
193
54
226
201
110
230
224
63
23
217
206
247
83
227
173
63
95
94
128
125
116
234
224
63
49
10
130
199
183
119
173
63
217
6
238
64
157
242
224
63
167
5
47
250
10
210
172
63
60
163
173
74
34
251
224
63
252
165
69
125
146
59
172
63
57
214
197
109
52
0
225
63
249
100
197
112
117
0
172
63
150
6
126
84
195
254
224
63
226
145
120
121
58
87
172
63
171
177
132
181
49
246
224
63
251
115
209
144
241
40
173
63
223
136
238
89
215
232
224
63
26
194
49
203
158
4
174
63
215
78
148
132
68
218
224
63
52
17
54
60
189
82
174
63
214
114
103
38
24
206
224
63
48
47
192
62
58
117
173
63
113
118
107
153
12
199
224
63
39
77
131
162
121
0
171
63
115
214
167
28
147
197
224
63
78
126
139
78
150
90
167
63
190
248
162
61
94
200
224
63
35
189
168
221
175
2
164
63
253
191
234
200
145
206
224
63
255
207
97
190
188
0
163
63
84
110
162
150
230
214
224
63
111
99
179
35
213
119
166
63
184
143
220
154
116
219
224
63
71
173
48
125
175
33
176
63
179
96
226
143
162
206
224
63
229
122
219
76
133
120
184
63
79
120
9
78
125
160
224
63
102
246
121
140
242
204
193
63
251
33
54
88
56
73
224
63
163
88
110
105
53
36
200
63
149
96
113
56
243
171
223
63
36
70
207
45
116
37
206
63
248
136
152
18
73
244
222
63
77
19
182
159
140
241
208
63
52
45
177
50
26
249
222
63
153
155
111
68
247
172
208
63
215
246
118
75
114
192
223
63
100
90
155
198
246
90
204
63
146
236
17
106
134
84
224
63
195
131
102
215
189
21
197
63
24
39
190
218
81
156
224
63
161
244
133
144
243
254
187
63
75
87
176
141
120
178
224
63
167
60
186
17
22
21
177
63
248
166
233
179
3
174
224
63
133
178
240
245
181
46
165
63
162
40
208
39
242
164
224
63
6
42
227
223
103
92
160
63
103
180
85
73
100
159
224
63
105
111
240
133
201
84
161
63
245
44
8
229
125
156
224
63
163
58
29
200
122
106
165
63
67
28
235
226
54
154
224
63
80
252
24
115
215
18
170
63
121
231
80
134
170
152
224
63
41
232
246
146
198
104
173
63
81
130
254
66
143
152
224
63
162
155
253
129
114
219
174
63
205
4
195
185
134
153
224
63
51
164
138
226
85
214
174
63
55
22
20
6
101
154
224
63
36
66
35
216
184
254
173
63
204
236
243
24
229
153
224
63
222
198
102
71
170
239
172
63
50
232
132
208
65
151
224
63
131
251
1
15
12
32
172
63
46
26
50
30
165
146
224
63
201
58
28
93
165
187
171
63
114
112
233
152
243
140
224
63
168
172
166
235
137
174
171
63
112
234
3
201
59
135
224
63
186
129
2
239
228
211
171
63
138
147
251
29
138
130
224
63
25
61
183
208
149
8
172
63
1
24
207
160
161
127
224
63
180
117
112
176
55
49
172
63
213
119
126
81
130
126
224
63
229
239
222
81
99
66
172
63
8
227
167
113
111
126
224
63
107
157
184
28
175
64
172
63
151
30
77
245
100
126
224
63
236
222
138
196
4
53
172
63
192
203
12
27
101
125
224
63
122
86
210
138
111
40
172
63
231
109
108
118
164
122
224
63
64
18
246
237
36
34
172
63
131
76
50
114
22
118
224
63
133
177
133
32
7
37
172
63
170
43
159
229
121
112
224
63
30
220
157
181
219
46
172
63
208
10
12
89
221
106
224
63
252
165
69
125
146
59
172
63
131
221
176
109
81
102
224
63
232
165
98
99
94
71
172
63
90
157
156
161
184
99
224
63
127
245
184
111
181
78
172
63
28
92
58
230
60
99
224
63
61
12
173
78
206
80
172
63
61
14
131
249
43
100
224
63
74
66
34
109
227
79
172
63
24
204
95
33
115
101
224
63
47
251
117
167
59
79
172
63
63
25
227
195
236
101
224
63
183
94
211
131
130
82
172
63
32
127
105
81
159
100
224
63
148
77
185
194
187
92
172
63
43
218
28
231
54
97
224
63
184
145
178
69
210
110
172
63
200
208
177
131
74
92
224
63
34
80
253
131
72
134
172
63
39
134
228
100
226
86
224
63
7
97
110
247
114
159
172
63
70
178
71
168
25
82
224
63
86
216
12
112
65
182
172
63
229
179
60
15
238
78
224
63
27
17
140
131
75
199
172
63
163
31
13
167
204
77
224
63
5
54
231
224
153
208
172
63
202
108
144
73
70
78
224
63
114
82
152
247
56
211
172
63
35
245
158
202
105
79
224
63
248
255
113
194
132
209
172
63
125
149
124
236
46
80
224
63
3
91
37
88
28
206
172
63
160
167
1
131
164
79
224
63
2
128
99
207
158
203
172
63
11
14
47
136
72
77
224
63
150
62
116
65
125
203
172
63
142
200
119
41
117
73
224
63
3
91
37
88
28
206
172
63
82
12
144
104
2
69
224
63
86
11
236
49
145
210
172
63
21
56
217
6
238
64
224
63
157
133
61
237
240
215
172
63
157
45
32
180
30
62
224
63
119
190
159
26
47
221
172
63
199
218
223
217
30
61
224
63
13
51
52
158
8
226
172
63
254
152
214
166
177
61
224
63
97
227
250
119
125
230
172
63
121
3
204
124
7
63
224
63
32
213
176
223
19
235
172
63
0
116
152
47
47
64
224
63
102
79
2
155
115
240
172
63
136
44
210
196
59
64
224
63
186
218
138
253
101
247
172
63
173
134
196
61
150
62
224
63
96
59
24
177
79
0
173
63
241
183
61
65
98
59
224
63
236
47
187
39
15
11
173
63
129
120
93
191
96
55
224
63
175
178
182
41
30
23
173
63
102
134
141
178
126
51
224
63
141
124
94
241
212
35
173
63
79
207
187
177
160
48
224
63
175
10
212
98
240
48
173
63
132
130
82
180
114
47
224
63
33
147
140
156
133
61
173
63
103
243
56
12
230
47
224
63
133
10
14
47
136
72
173
63
197
230
227
218
80
49
224
63
244
220
66
87
34
80
173
63
240
110
101
137
206
50
224
63
178
243
54
54
59
82
173
63
102
134
141
178
126
51
224
63
0
56
246
236
185
76
173
63
200
9
19
70
179
50
224
63
20
93
23
126
112
62
173
63
193
171
229
206
76
48
224
63
76
110
20
89
107
40
173
63
23
102
161
157
211
44
224
63
9
82
41
118
52
14
173
63
223
252
134
137
6
41
224
63
117
59
251
202
131
244
172
63
115
16
116
180
170
37
224
63
228
218
80
49
206
223
172
63
102
47
219
78
91
35
224
63
249
218
51
75
2
212
172
63
218
59
163
173
74
34
224
63
59
196
63
108
233
209
172
63
19
42
56
188
32
34
224
63
102
247
228
97
161
214
172
63
7
36
97
223
78
34
224
63
254
70
59
110
248
221
172
63
150
95
6
99
68
34
224
63
136
133
90
211
188
227
172
63
105
167
230
114
131
33
224
63
95
8
57
239
255
227
172
63
74
37
60
161
215
31
224
63
227
255
142
168
80
221
172
63
181
139
105
166
123
29
224
63
180
59
164
24
32
209
172
63
26
135
250
93
216
26
224
63
92
31
214
27
181
194
172
63
48
160
23
238
92
24
224
63
139
139
163
114
19
181
172
63
57
155
142
0
110
22
224
63
134
31
156
79
29
171
172
63
230
149
235
109
51
21
224
63
91
236
246
89
101
166
172
63
66
150
5
19
127
20
224
63
239
170
7
204
67
166
172
63
78
180
171
144
242
19
224
63
25
3
235
56
126
168
172
63
131
79
115
242
34
19
224
63
94
162
122
107
96
171
172
63
247
115
10
242
179
17
224
63
108
179
177
18
243
172
172
63
228
15
6
158
123
15
224
63
121
233
38
49
8
172
172
63
108
5
77
75
172
12
224
63
92
199
184
226
226
168
172
63
0
1
107
213
174
9
224
63
117
88
225
150
143
164
172
63
107
127
103
123
244
6
224
63
250
42
249
216
93
160
172
63
122
253
73
124
238
4
224
63
73
74
122
24
90
157
172
63
147
57
150
119
213
3
224
63
86
128
239
54
111
156
172
63
216
45
2
99
125
3
224
63
141
14
72
194
190
157
172
63
56
129
233
180
110
3
224
63
196
119
98
214
139
161
172
63
51
22
77
103
39
3
224
63
78
182
129
59
80
167
172
63
47
219
78
91
35
2
224
63
1
77
132
13
79
175
172
63
250
124
148
17
23
0
224
63
47
54
173
20
2
185
172
63
181
26
18
247
88
250
223
63
106
48
13
195
71
196
172
63
118
107
153
12
199
243
223
63
45
179
8
197
86
208
172
63
21
170
155
139
191
237
223
63
159
59
193
254
235
220
172
63
46
59
196
63
108
233
223
63
58
65
155
28
62
233
172
63
208
95
232
17
163
231
223
63
225
124
234
88
165
244
172
63
128
101
165
73
41
232
223
63
108
150
203
70
231
252
172
63
159
231
79
27
213
233
223
63
162
36
36
210
54
254
172
63
185
254
93
159
57
235
223
63
117
59
251
202
131
244
172
63
43
219
135
188
229
234
223
63
253
107
121
229
122
219
172
63
151
113
83
3
205
231
223
63
218
170
36
178
15
178
172
63
42
170
126
165
243
225
223
63
19
100
4
84
56
130
172
63
146
90
40
153
156
218
223
63
123
188
144
14
15
97
172
63
222
147
135
133
90
211
223
63
127
77
214
168
135
104
172
63
209
7
203
216
208
205
223
63
152
193
24
145
40
180
172
63
145
211
215
243
53
203
223
63
30
53
38
196
92
82
173
63
213
151
165
157
154
203
223
63
149
71
55
194
162
34
174
63
180
144
128
209
229
205
223
63
154
121
114
77
129
204
174
63
232
190
156
217
174
208
223
63
81
161
186
185
248
219
174
63
36
184
145
178
69
210
223
63
190
188
0
251
232
212
173
63
210
226
140
97
78
208
223
63
118
167
59
79
60
103
171
63
252
57
5
249
217
200
223
63
214
167
28
147
197
253
167
63
106
218
197
52
211
189
223
63
107
187
9
190
105
250
164
63
240
49
88
113
170
181
223
63
30
220
157
181
219
46
164
63
8
62
6
43
78
181
223
63
176
114
104
145
237
124
167
63
155
33
85
20
175
178
223
63
76
113
85
217
119
69
176
63
158
125
229
65
122
138
223
63
180
62
229
152
44
238
183
63
169
22
17
197
228
13
223
63
19
40
98
17
195
14
193
63
236
135
216
96
225
36
222
63
206
167
142
85
74
207
198
63
208
182
154
117
198
247
220
63
177
191
236
158
60
44
204
63
85
18
217
7
89
22
220
63
68
219
49
117
87
118
207
63
37
205
31
211
218
52
220
63
181
112
89
133
205
0
207
63
152
220
40
178
214
80
221
63
191
11
91
179
149
151
202
63
152
19
180
201
225
147
222
63
243
31
210
111
95
7
196
63
112
96
114
163
200
90
223
63
115
14
158
9
77
18
187
63
94
75
200
7
61
155
223
63
123
46
83
147
224
13
177
63
54
35
131
220
69
152
223
63
130
85
245
242
59
77
166
63
180
4
25
1
21
142
223
63
170
155
139
191
237
9
162
63
188
122
21
25
29
144
223
63
63
54
201
143
248
21
163
63
219
82
7
121
61
152
223
63
230
146
170
237
38
248
166
63
11
241
72
188
60
157
223
63
27
213
233
64
214
83
171
63
22
247
31
153
14
157
223
63
32
236
20
171
6
97
174
63
61
153
127
244
77
154
223
63
16
177
193
194
73
154
175
63
210
172
108
31
242
150
223
63
156
26
104
62
231
110
175
63
159
174
238
88
108
147
223
63
79
8
29
116
9
135
174
63
108
176
112
146
230
143
223
63
255
231
48
95
94
128
173
63
245
189
134
224
184
140
223
63
207
130
80
222
199
209
172
63
243
226
196
87
59
138
223
63
250
42
249
216
93
160
172
63
150
7
233
41
114
136
223
63
16
145
154
118
49
205
172
63
158
210
193
250
63
135
223
63
35
22
49
236
48
38
173
63
114
26
162
10
127
134
223
63
105
115
156
219
132
123
173
63
46
86
212
96
26
134
223
63
208
211
128
65
210
167
173
63
12
116
237
11
232
133
223
63
231
137
231
108
1
161
173
63
127
80
23
41
148
133
223
63
250
123
41
60
104
118
173
63
37
176
57
7
207
132
223
63
182
44
95
151
225
63
173
63
23
159
2
96
60
131
223
63
53
96
144
244
105
21
173
63
50
59
139
222
169
128
223
63
249
101
48
70
36
10
173
63
16
174
128
66
61
125
223
63
194
47
245
243
166
34
173
63
188
205
27
39
133
121
223
63
84
195
126
79
172
83
173
63
188
34
248
223
74
118
223
63
86
41
61
211
75
140
173
63
15
125
119
43
75
116
223
63
43
166
210
79
56
187
173
63
254
11
4
1
50
116
223
63
14
220
129
58
229
209
173
63
137
207
157
96
255
117
223
63
253
20
199
129
87
203
173
63
206
110
45
147
225
120
223
63
104
35
215
77
41
175
173
63
184
61
65
98
187
123
223
63
233
12
140
188
172
137
173
63
79
7
178
158
90
125
223
63
14
161
74
205
30
104
173
63
97
168
195
10
183
124
223
63
86
158
64
216
41
86
173
63
188
205
27
39
133
121
223
63
87
121
2
97
167
88
173
63
66
208
209
170
150
116
223
63
110
135
134
197
168
107
173
63
252
85
128
239
54
111
223
63
97
169
46
224
101
134
173
63
214
141
119
71
198
106
223
63
217
120
176
197
110
159
173
63
82
101
24
119
131
104
223
63
184
29
26
22
163
174
173
63
121
178
155
25
253
104
223
63
171
231
164
247
141
175
173
63
48
46
85
105
139
107
223
63
220
46
52
215
105
164
173
63
156
26
104
62
231
110
223
63
211
49
231
25
251
146
173
63
71
144
74
177
163
113
223
63
94
243
170
206
106
129
173
63
87
209
31
154
121
114
223
63
115
243
141
232
158
117
173
63
39
222
1
158
180
112
223
63
222
89
187
237
66
115
173
63
40
99
124
152
189
108
223
63
90
98
101
52
242
121
173
63
37
173
248
134
194
103
223
63
164
109
252
137
202
134
173
63
205
145
149
95
6
99
223
63
199
214
51
132
99
150
173
63
114
22
246
180
195
95
223
63
207
248
190
184
84
165
173
63
65
243
57
119
187
94
223
63
253
188
169
72
133
177
173
63
23
70
122
81
187
95
223
63
136
214
138
54
199
185
173
63
2
69
44
98
216
97
223
63
71
200
64
158
93
190
173
63
118
252
23
8
2
100
223
63
58
146
203
127
72
191
173
63
65
73
129
5
48
101
223
63
17
58
232
18
14
189
173
63
191
43
130
255
173
100
223
63
54
1
134
229
207
183
173
63
121
92
84
139
136
98
223
63
226
117
253
130
221
176
173
63
229
242
31
210
111
95
223
63
34
169
133
146
201
169
173
63
245
184
111
181
78
92
223
63
220
46
52
215
105
164
173
63
96
31
157
186
242
89
223
63
138
89
47
134
114
162
173
63
109
85
18
217
7
89
223
63
247
117
224
156
17
165
173
63
239
114
17
223
137
89
223
63
8
61
155
85
159
171
173
63
54
114
221
148
242
90
223
63
255
151
107
209
2
180
173
63
69
131
20
60
133
92
223
63
150
231
193
221
89
187
173
63
73
190
18
72
137
93
223
63
139
140
14
72
194
190
173
63
56
77
159
29
112
93
223
63
178
46
110
163
1
188
173
63
121
6
13
253
19
92
223
63
227
80
191
11
91
179
173
63
170
126
165
243
225
89
223
63
248
80
162
37
143
167
173
63
169
163
227
106
100
87
223
63
189
86
66
119
73
156
173
63
127
75
0
254
41
85
223
63
37
7
236
106
242
148
173
63
84
195
126
79
172
83
223
63
77
132
13
79
175
148
173
63
239
28
202
80
21
83
223
63
13
81
133
63
195
155
173
63
0
142
61
123
46
83
223
63
140
15
179
151
109
167
173
63
68
82
11
37
147
83
223
63
147
86
124
67
225
179
173
63
209
117
225
7
231
83
223
63
57
183
9
247
202
188
173
63
238
236
43
15
210
83
223
63
31
75
31
186
160
190
173
63
211
165
127
73
42
83
223
63
230
6
67
29
86
184
173
63
25
202
137
118
21
82
223
63
143
197
54
169
104
172
173
63
181
83
115
185
193
80
223
63
190
49
4
0
199
158
173
63
81
221
92
252
109
79
223
63
90
186
130
109
196
147
173
63
105
25
169
247
84
78
223
63
155
200
204
5
46
143
173
63
107
73
71
57
152
77
223
63
35
44
42
226
116
146
173
63
204
180
253
43
43
77
223
63
121
146
116
205
228
155
173
63
51
139
80
108
5
77
223
63
100
146
145
179
176
167
173
63
96
115
14
158
9
77
223
63
213
63
136
100
200
177
173
63
68
252
195
150
30
77
223
63
0
115
45
90
128
182
173
63
130
85
245
242
59
77
223
63
255
151
107
209
2
180
173
63
221
37
113
86
68
77
223
63
48
186
188
57
92
171
173
63
250
156
187
93
47
77
223
63
29
61
126
111
211
159
173
63
153
97
163
172
223
76
223
63
185
197
252
220
208
148
173
63
52
187
238
173
72
76
223
63
141
183
149
94
155
141
173
63
111
217
33
254
97
75
223
63
234
231
77
69
42
140
173
63
135
21
110
249
72
74
223
63
142
146
87
231
24
144
173
63
69
129
62
145
39
73
223
63
186
160
190
101
78
151
173
63
111
46
254
182
39
72
223
63
150
180
226
27
10
159
173
63
83
231
81
241
127
71
223
63
247
117
224
156
17
165
173
63
4
29
173
106
73
71
223
63
248
80
162
37
143
167
173
63
248
22
214
141
119
71
223
63
46
4
57
40
97
166
173
63
14
243
229
5
216
71
223
63
246
154
30
20
148
162
173
63
156
22
188
232
43
72
223
63
95
38
138
144
186
157
173
63
82
183
179
175
60
72
223
63
200
177
245
12
225
152
173
63
105
195
97
105
224
71
223
63
212
12
169
162
120
149
173
63
107
243
255
170
35
71
223
63
238
120
147
223
162
147
173
63
239
112
59
52
44
70
223
63
63
115
214
167
28
147
173
63
207
190
242
32
61
69
223
63
238
120
147
223
162
147
173
63
134
143
136
41
145
68
223
63
185
197
252
220
208
148
173
63
9
221
37
113
86
68
223
63
199
214
51
132
99
150
173
63
89
167
202
247
140
68
223
63
254
100
140
15
179
151
173
63
8
173
135
47
19
69
223
63
200
177
245
12
225
152
173
63
109
83
60
46
170
69
223
63
12
118
195
182
69
153
173
63
103
184
1
159
31
70
223
63
200
177
245
12
225
152
173
63
0
226
174
94
69
70
223
63
186
160
190
101
78
151
173
63
131
47
76
166
10
70
223
63
185
197
252
220
208
148
173
63
212
41
143
110
132
69
223
63
8
229
125
28
205
145
173
63
139
250
36
119
216
68
223
63
47
135
221
119
12
143
173
63
112
179
120
177
48
68
223
63
221
177
216
38
21
141
173
63
56
245
129
228
157
67
223
63
154
237
10
125
176
140
173
63
0
55
139
23
11
67
223
63
100
58
116
122
222
141
173
63
161
43
17
168
254
65
223
63
142
146
87
231
24
144
173
63
211
163
169
158
204
63
223
63
103
240
247
139
217
146
173
63
47
249
159
252
221
59
223
63
145
72
219
248
19
149
173
63
227
227
19
178
243
54
223
63
199
214
51
132
99
150
173
63
16
33
174
156
189
51
223
63
159
89
18
160
166
150
173
63
216
98
183
207
42
51
223
63
159
89
18
160
166
150
173
63
40
45
92
86
97
51
223
63
51
24
35
18
133
150
173
63
102
134
141
178
126
51
223
63
51
24
35
18
133
150
173
63
102
134
141
178
126
51
223
63
51
24
35
18
133
150
173
63
102
134
141
178
126
51
223
63
51
24
35
18
133
150
173
191
40
45
92
86
97
51
223
63
51
24
35
18
133
150
173
191
216
98
183
207
42
51
223
63
159
89
18
160
166
150
173
191
16
33
174
156
189
51
223
63
159
89
18
160
166
150
173
191
227
227
19
178
243
54
223
63
199
214
51
132
99
150
173
191
47
249
159
252
221
59
223
63
145
72
219
248
19
149
173
191
211
163
169
158
204
63
223
63
103
240
247
139
217
146
173
191
161
43
17
168
254
65
223
63
142
146
87
231
24
144
173
191
0
55
139
23
11
67
223
63
100
58
116
122
222
141
173
191
56
245
129
228
157
67
223
63
154
237
10
125
176
140
173
191
112
179
120
177
48
68
223
63
221
177
216
38
21
141
173
191
139
250
36
119
216
68
223
63
47
135
221
119
12
143
173
191
212
41
143
110
132
69
223
63
8
229
125
28
205
145
173
191
131
47
76
166
10
70
223
63
185
197
252
220
208
148
173
191
0
226
174
94
69
70
223
63
186
160
190
101
78
151
173
191
103
184
1
159
31
70
223
63
200
177
245
12
225
152
173
191
109
83
60
46
170
69
223
63
12
118
195
182
69
153
173
191
8
173
135
47
19
69
223
63
200
177
245
12
225
152
173
191
89
167
202
247
140
68
223
63
254
100
140
15
179
151
173
191
9
221
37
113
86
68
223
63
199
214
51
132
99
150
173
191
134
143
136
41
145
68
223
63
185
197
252
220
208
148
173
191
207
190
242
32
61
69
223
63
238
120
147
223
162
147
173
191
239
112
59
52
44
70
223
63
63
115
214
167
28
147
173
191
107
243
255
170
35
71
223
63
238
120
147
223
162
147
173
191
105
195
97
105
224
71
223
63
212
12
169
162
120
149
173
191
82
183
179
175
60
72
223
63
200
177
245
12
225
152
173
191
156
22
188
232
43
72
223
63
95
38
138
144
186
157
173
191
14
243
229
5
216
71
223
63
246
154
30
20
148
162
173
191
248
22
214
141
119
71
223
63
46
4
57
40
97
166
173
191
4
29
173
106
73
71
223
63
248
80
162
37
143
167
173
191
83
231
81
241
127
71
223
63
247
117
224
156
17
165
173
191
111
46
254
182
39
72
223
63
150
180
226
27
10
159
173
191
69
129
62
145
39
73
223
63
186
160
190
101
78
151
173
191
135
21
110
249
72
74
223
63
142
146
87
231
24
144
173
191
111
217
33
254
97
75
223
63
234
231
77
69
42
140
173
191
52
187
238
173
72
76
223
63
141
183
149
94
155
141
173
191
153
97
163
172
223
76
223
63
185
197
252
220
208
148
173
191
250
156
187
93
47
77
223
63
29
61
126
111
211
159
173
191
221
37
113
86
68
77
223
63
48
186
188
57
92
171
173
191
130
85
245
242
59
77
223
63
255
151
107
209
2
180
173
191
68
252
195
150
30
77
223
63
0
115
45
90
128
182
173
191
96
115
14
158
9
77
223
63
213
63
136
100
200
177
173
191
51
139
80
108
5
77
223
63
100
146
145
179
176
167
173
191
204
180
253
43
43
77
223
63
121
146
116
205
228
155
173
191
107
73
71
57
152
77
223
63
35
44
42
226
116
146
173
191
105
25
169
247
84
78
223
63
155
200
204
5
46
143
173
191
81
221
92
252
109
79
223
63
90
186
130
109
196
147
173
191
181
83
115
185
193
80
223
63
190
49
4
0
199
158
173
191
25
202
137
118
21
82
223
63
143
197
54
169
104
172
173
191
211
165
127
73
42
83
223
63
230
6
67
29
86
184
173
191
238
236
43
15
210
83
223
63
31
75
31
186
160
190
173
191
209
117
225
7
231
83
223
63
57
183
9
247
202
188
173
191
68
82
11
37
147
83
223
63
147
86
124
67
225
179
173
191
0
142
61
123
46
83
223
63
140
15
179
151
109
167
173
191
239
28
202
80
21
83
223
63
13
81
133
63
195
155
173
191
84
195
126
79
172
83
223
63
77
132
13
79
175
148
173
191
127
75
0
254
41
85
223
63
37
7
236
106
242
148
173
191
169
163
227
106
100
87
223
63
189
86
66
119
73
156
173
191
170
126
165
243
225
89
223
63
248
80
162
37
143
167
173
191
121
6
13
253
19
92
223
63
227
80
191
11
91
179
173
191
56
77
159
29
112
93
223
63
178
46
110
163
1
188
173
191
73
190
18
72
137
93
223
63
139
140
14
72
194
190
173
191
69
131
20
60
133
92
223
63
150
231
193
221
89
187
173
191
54
114
221
148
242
90
223
63
255
151
107
209
2
180
173
191
239
114
17
223
137
89
223
63
8
61
155
85
159
171
173
191
109
85
18
217
7
89
223
63
247
117
224
156
17
165
173
191
96
31
157
186
242
89
223
63
138
89
47
134
114
162
173
191
245
184
111
181
78
92
223
63
220
46
52
215
105
164
173
191
229
242
31
210
111
95
223
63
34
169
133
146
201
169
173
191
121
92
84
139
136
98
223
63
226
117
253
130
221
176
173
191
191
43
130
255
173
100
223
63
54
1
134
229
207
183
173
191
65
73
129
5
48
101
223
63
17
58
232
18
14
189
173
191
118
252
23
8
2
100
223
63
58
146
203
127
72
191
173
191
2
69
44
98
216
97
223
63
71
200
64
158
93
190
173
191
23
70
122
81
187
95
223
63
136
214
138
54
199
185
173
191
65
243
57
119
187
94
223
63
253
188
169
72
133
177
173
191
114
22
246
180
195
95
223
63
207
248
190
184
84
165
173
191
205
145
149
95
6
99
223
63
199
214
51
132
99
150
173
191
37
173
248
134
194
103
223
63
164
109
252
137
202
134
173
191
40
99
124
152
189
108
223
63
90
98
101
52
242
121
173
191
39
222
1
158
180
112
223
63
222
89
187
237
66
115
173
191
87
209
31
154
121
114
223
63
115
243
141
232
158
117
173
191
71
144
74
177
163
113
223
63
94
243
170
206
106
129
173
191
156
26
104
62
231
110
223
63
211
49
231
25
251
146
173
191
48
46
85
105
139
107
223
63
220
46
52
215
105
164
173
191
121
178
155
25
253
104
223
63
171
231
164
247
141
175
173
191
82
101
24
119
131
104
223
63
184
29
26
22
163
174
173
191
214
141
119
71
198
106
223
63
217
120
176
197
110
159
173
191
252
85
128
239
54
111
223
63
97
169
46
224
101
134
173
191
66
208
209
170
150
116
223
63
110
135
134
197
168
107
173
191
188
205
27
39
133
121
223
63
87
121
2
97
167
88
173
191
97
168
195
10
183
124
223
63
86
158
64
216
41
86
173
191
79
7
178
158
90
125
223
63
14
161
74
205
30
104
173
191
184
61
65
98
187
123
223
63
233
12
140
188
172
137
173
191
206
110
45
147
225
120
223
63
104
35
215
77
41
175
173
191
137
207
157
96
255
117
223
63
253
20
199
129
87
203
173
191
254
11
4
1
50
116
223
63
14
220
129
58
229
209
173
191
15
125
119
43
75
116
223
63
43
166
210
79
56
187
173
191
188
34
248
223
74
118
223
63
86
41
61
211
75
140
173
191
188
205
27
39
133
121
223
63
84
195
126
79
172
83
173
191
16
174
128
66
61
125
223
63
194
47
245
243
166
34
173
191
50
59
139
222
169
128
223
63
249
101
48
70
36
10
173
191
23
159
2
96
60
131
223
63
53
96
144
244
105
21
173
191
37
176
57
7
207
132
223
63
182
44
95
151
225
63
173
191
127
80
23
41
148
133
223
63
250
123
41
60
104
118
173
191
12
116
237
11
232
133
223
63
231
137
231
108
1
161
173
191
46
86
212
96
26
134
223
63
208
211
128
65
210
167
173
191
114
26
162
10
127
134
223
63
105
115
156
219
132
123
173
191
158
210
193
250
63
135
223
63
35
22
49
236
48
38
173
191
150
7
233
41
114
136
223
63
16
145
154
118
49
205
172
191
243
226
196
87
59
138
223
63
250
42
249
216
93
160
172
191
245
189
134
224
184
140
223
63
207
130
80
222
199
209
172
191
108
176
112
146
230
143
223
63
255
231
48
95
94
128
173
191
159
174
238
88
108
147
223
63
79
8
29
116
9
135
174
191
210
172
108
31
242
150
223
63
156
26
104
62
231
110
175
191
61
153
127
244
77
154
223
63
16
177
193
194
73
154
175
191
22
247
31
153
0
0
0
0
0
0
0
0
0
0
0
0
0
0
0
0
0
0
0
0
0
0
0
0
0
0
0
0
0
0
0
0
0
0
0
0
0
0
0
0
0
0
0
0
0
0
0
0
0
0
0
0
0
0
0
0
0
0
0
0
0
0
0
0
0
0
0
0
0
0
0
0
0
0
0
0
0
0
0
0
0
0
0
0
0
0
0
0
0
0
0
0
0
0
0
0
0
0
0
0
0
0
0
0
0
0
0
0
0
0
0
0
0
0
0
0
0
0
0
0
0
0
0
0
0
0
0
0
0
0
0
0
0
0
0
0
0
0
0
0
0
0
0
0
0
0
0
0
0
0
0
0
0
0
0
0
0
0
0
0
0
0
0
0
0
0
0
0
0
0
0
0
0
0
0
0
0
0
0
0
0
0
0
0
0
0
0
0
0
0
0
0
0
0
0
0
0
0
0
0
0
0
0
0
0
0
0
0
0
0
0
0
0
0
0
0
0
0
0
0
0
0
0
0
0
0
0
0
0
0
0
0
0
0
0
0
0
0
0
0
0
0
0
0
0
0
0
0
0
0
0
0
0
0
0
0
0
0
0
0
0
0
0
0
0
0
0
0
0
0
0
0
0
0
0
0
0
0
0
0
0
0
0
0
0
0
0
0
0
0
0
0
0
0
0
0
0
0
0
0
0
0
0
0
0
0
0
0
0
0
0
0
0
0
0
0
0
0
0
0
0
0
0
0
0
0
0
0
0
0
0
0
0
0
0
0
0
0
0
0
0
0
0
0
0
0
0
0
0
0
0
0
0
0
0
0
0
0
0
0
0
0
0
0
0
0
0
0
0
0
0
0
0
0
0
0
0
0
0
0
0
0
0
0
0
0
0
0
0
0
0
0
0
0
0
0
0
0
0
0
0
0
0
0
0
0
0
0
0
0
0
0
0
0
0
0
0
0
0
0
0
0
0
0
0
0
0
0
0
0
0
0
0
0
0
0
0
0
0
0
0
0
0
0
0
0
0
0
0
0
0
0
0
0
0
0
0
0
0
0
0
0
0
0
0
0
0
0
0
0
0
0
0
0
0
0
0
0
0
0
0
0
0
0
0
0
0
0
0
0
0
0
0
0
0
0
0
0
0
0
0
0
0
0
0
0
0
0
0
0
0
0
0
0
0
0
0
0
0
0
0
0
0
0
0
0
0
0
0
0
0
0
0
0
0
0
0
0
0
0
0
0
0
0
0
0
0
0
0
0
0
0
0
0
0
0
0
0
0
0
0
0
0
0
0
0
0
0
0
0
0
0
0
0
0
0
0
0
0
0
0
0
0
0
0
0
0
0
0
0
0
0
0
0
0
0
0
0
0
0
0
0
0
0
0
0
0
0
0
0
0
0
0
0
0
0
0
0
0
0
0
0
0
0
0
0
0
0
0
0
0
0
0
0
0
0
0
0
0
0
0
0
0
0
0
0
0
0
0
0
0
0
0
0
0
0
0
0
0
0
0
0
0
0
0
0
0
0
0
0
0
0
0
0
0
0
0
0
0
0
0
0
0
0
0
0
0
0
0
0
0
0
0
0
0
0
0
0
0
0
0
0
0
0
0
0
0
0
0
0
0
0
0
0
0
0
0
0
0
0
0
0
0
0
0
0
0
0
0
0
0
0
0
0
0
0
0
0
0
0
0
0
0
0
0
0
0
0
0
0
0
0
0
0
0
0
0
0
0
0
0
0
0
0
0
0
0
0
0
0
0
0
0
0
0
0
0
0
0
0
0
0
0
0
0
0
0
0
0
0
0
0
0
0
0
0
0
0
0
0
0
0
0
0
0
0
0
0
0
0
0
0
0
0
0
0
0
0
0
0
0
0
0
0
0
0
0
0
0
0
0
0
0
0
0
0
0
0
0
0
0
0
0
0
0
0
0
0
0
0
0
0
0
0
0
0
0
0
0
0
0
0
0
0
0
0
0
0
0
0
0
0
0
0
0
0
0
0
0
0
0
0
0
0
0
0
0
0
0
0
0
0
0
0
0
0
0
0
0
0
0
0
0
0
0
0
0
0
0
0
0
0
0
0
0
0
0
0
0
0
0
0
0
0
0
0
0
0
0
0
0
0
0
0
0
0
0
0
0
0
0
0
0
0
0
0
0
0
0
0
0
0
0
0
0
0
0
0
0
0
0
0
0
0
0
0
0
0
0
0
0
0
0
0
0
0
0
0
0
0
0
0
0
0
0
0
0
0
0
0
0
0
0
0
0
0
0
0
0
0
0
0
0
0
0
0
0
0
0
0
0
0
0
0
0
0
0
0
0
0
0
0
0
0
0
0
0
0
0
0
0
0
0
0
0
0
0
0
0
0
0
0
0
0
0
0
0
0
0
0
0
0
0
0
0
0
0
0
0
0
0
0
0
0
0
0
0
0
0
0
0
0
0
0
0
0
0
0
0
0
0
0
0
0
0
0
0
0
0
0
0
0
0
0
0
0
0
0
0
0
0
0
0
0
0
0
0
0
0
0
0
0
0
0
0
0
0
0
0
0
0
0
0
0
0
0
0
0
0
0
0
0
0
0
0
0
0
0
0
0
0
0
0
0
0
0
0
0
0
0
0
0
0
0
0
0
0
0
0
0
0
0
0
0
0
0
0
0
0
0
0
0
0
0
0
0
0
0
0
0
0
0
0
0
0
0
0
0
0
0
0
0
0
0
0
0
0
0
0
0
0
0
0
0
0
0
0
0
0
0
0
0
0
0
0
0
0
0
0
0
0
0
0
0
0
0
0