58
70
65
67
84
58
67
68
65
84
49
56
58
68
65
84
65
32
35
57
48
48
48
48
48
54
57
51
54
0
0
0
0
0
0
74
64
0
0
0
0
0
170
185
64
0
0
0
0
0
128
127
64
0
0
0
0
0
172
185
64
0
0
0
0
0
144
128
64
0
0
0
0
0
188
185
64
0
0
0
0
0
128
113
64
0
0
0
0
0
200
185
64
0
0
0
0
0
0
82
192
0
0
0
0
0
200
185
64
0
0
0
0
0
144
118
192
0
0
0
0
0
190
185
64
0
0
0
0
0
80
125
192
0
0
0
0
0
176
185
64
0
0
0
0
0
32
120
192
0
0
0
0
0
163
185
64
0
0
0
0
0
160
103
192
0
0
0
0
0
159
185
64
0
0
0
0
0
0
62
64
0
0
0
0
0
175
185
64
0
0
0
0
0
128
102
64
0
0
0
0
0
220
185
64
0
0
0
0
0
0
105
64
0
0
0
0
0
32
186
64
0
0
0
0
0
64
86
64
0
0
0
0
0
106
186
64
0
0
0
0
0
0
89
192
0
0
0
0
0
164
186
64
0
0
0
0
0
144
114
192
0
0
0
0
0
185
186
64
0
0
0
0
0
0
123
192
0
0
0
0
0
159
186
64
0
0
0
0
0
48
124
192
0
0
0
0
0
92
186
64
0
0
0
0
0
240
117
192
0
0
0
0
0
7
186
64
0
0
0
0
0
0
102
192
0
0
0
0
0
190
185
64
0
0
0
0
0
0
40
64
0
0
0
0
0
160
185
64
0
0
0
0
0
96
99
64
0
0
0
0
0
198
185
64
0
0
0
0
0
0
106
64
0
0
0
0
0
47
186
64
0
0
0
0
0
32
100
64
0
0
0
0
0
193
186
64
0
0
0
0
0
0
70
64
0
0
0
0
0
84
187
64
0
0
0
0
0
128
88
192
0
0
0
0
0
191
187
64
0
0
0
0
0
0
107
192
0
0
0
0
0
221
187
64
0
0
0
0
0
192
112
192
0
0
0
0
0
168
187
64
0
0
0
0
0
224
109
192
0
0
0
0
0
60
187
64
0
0
0
0
0
192
98
192
0
0
0
0
0
200
186
64
0
0
0
0
0
0
65
192
0
0
0
0
0
118
186
64
0
0
0
0
0
128
82
64
0
0
0
0
0
110
186
64
0
0
0
0
0
0
98
64
0
0
0
0
0
190
186
64
0
0
0
0
0
32
100
64
0
0
0
0
0
79
187
64
0
0
0
0
0
160
96
64
0
0
0
0
0
249
187
64
0
0
0
0
0
128
82
64
0
0
0
0
0
143
188
64
0
0
0
0
0
0
0
64
0
0
0
0
0
231
188
64
0
0
0
0
0
192
80
192
0
0
0
0
0
234
188
64
0
0
0
0
0
64
94
192
0
0
0
0
0
169
188
64
0
0
0
0
0
160
99
192
0
0
0
0
0
72
188
64
0
0
0
0
0
160
101
192
0
0
0
0
0
238
187
64
0
0
0
0
0
32
101
192
0
0
0
0
0
190
187
64
0
0
0
0
0
64
98
192
0
0
0
0
0
206
187
64
0
0
0
0
0
192
90
192
0
0
0
0
0
23
188
64
0
0
0
0
0
128
78
192
0
0
0
0
0
130
188
64
0
0
0
0
0
0
55
192
0
0
0
0
0
245
188
64
0
0
0
0
0
0
32
192
0
0
0
0
0
86
189
64
0
0
0
0
0
0
64
192
0
0
0
0
0
146
189
64
0
0
0
0
0
128
89
192
0
0
0
0
0
167
189
64
0
0
0
0
0
128
105
192
0
0
0
0
0
156
189
64
0
0
0
0
0
160
115
192
0
0
0
0
0
124
189
64
0
0
0
0
0
0
121
192
0
0
0
0
0
83
189
64
0
0
0
0
0
32
123
192
0
0
0
0
0
43
189
64
0
0
0
0
0
208
120
192
0
0
0
0
0
11
189
64
0
0
0
0
0
208
114
192
0
0
0
0
0
250
188
64
0
0
0
0
0
64
102
192
0
0
0
0
0
255
188
64
0
0
0
0
0
0
81
192
0
0
0
0
0
34
189
64
0
0
0
0
0
0
38
192
0
0
0
0
0
101
189
64
0
0
0
0
0
128
64
192
0
0
0
0
0
193
189
64
0
0
0
0
0
96
96
192
0
0
0
0
0
36
190
64
0
0
0
0
0
224
112
192
0
0
0
0
0
118
190
64
0
0
0
0
0
96
121
192
0
0
0
0
0
157
190
64
0
0
0
0
0
0
127
192
0
0
0
0
0
135
190
64
0
0
0
0
0
128
127
192
0
0
0
0
0
57
190
64
0
0
0
0
0
192
122
192
0
0
0
0
0
208
189
64
0
0
0
0
0
112
114
192
0
0
0
0
0
113
189
64
0
0
0
0
0
128
98
192
0
0
0
0
0
62
189
64
0
0
0
0
0
0
59
192
0
0
0
0
0
86
189
64
0
0
0
0
0
128
64
64
0
0
0
0
0
189
189
64
0
0
0
0
0
0
53
64
0
0
0
0
0
96
190
64
0
0
0
0
0
0
72
192
0
0
0
0
0
31
191
64
0
0
0
0
0
32
98
192
0
0
0
0
0
214
191
64
0
0
0
0
0
128
110
192
0
0
0
0
128
49
192
64
0
0
0
0
0
0
116
192
0
0
0
0
0
90
192
64
0
0
0
0
0
192
118
192
0
0
0
0
128
102
192
64
0
0
0
0
0
144
119
192
0
0
0
0
0
95
192
64
0
0
0
0
0
16
119
192
0
0
0
0
0
77
192
64
0
0
0
0
0
224
117
192
0
0
0
0
0
57
192
64
0
0
0
0
0
144
116
192
0
0
0
0
128
41
192
64
0
0
0
0
0
144
115
192
0
0
0
0
128
33
192
64
0
0
0
0
0
16
115
192
0
0
0
0
0
32
192
64
0
0
0
0
0
240
114
192
0
0
0
0
128
34
192
64
0
0
0
0
0
32
115
192
0
0
0
0
0
39
192
64
0
0
0
0
0
96
115
192
0
0
0
0
0
43
192
64
0
0
0
0
0
176
115
192
0
0
0
0
0
46
192
64
0
0
0
0
0
224
115
192
0
0
0
0
128
47
192
64
0
0
0
0
0
240
115
192
0
0
0
0
128
47
192
64
0
0
0
0
0
240
115
192
0
0
0
0
128
46
192
64
0
0
0
0
0
240
115
192
0
0
0
0
128
45
192
64
0
0
0
0
0
208
115
192
0
0
0
0
128
44
192
64
0
0
0
0
0
192
115
192
0
0
0
0
0
44
192
64
0
0
0
0
0
192
115
192
0
0
0
0
0
44
192
64
0
0
0
0
0
192
115
192
0
0
0
0
0
44
192
64
0
0
0
0
0
192
115
192
0
0
0
0
0
44
192
64
0
0
0
0
0
192
115
192
0
0
0
0
128
44
192
64
0
0
0
0
0
192
115
192
0
0
0
0
128
44
192
64
0
0
0
0
0
192
115
192
0
0
0
0
128
44
192
64
0
0
0
0
0
208
115
192
0
0
0
0
128
44
192
64
0
0
0
0
0
208
115
192
0
0
0
0
128
44
192
64
0
0
0
0
0
208
115
192
0
0
0
0
128
44
192
64
0
0
0
0
0
192
115
192
0
0
0
0
128
44
192
64
0
0
0
0
0
192
115
192
0
0
0
0
128
44
192
64
0
0
0
0
0
192
115
192
0
0
0
0
128
44
192
64
0
0
0
0
0
192
115
192
0
0
0
0
128
44
192
64
0
0
0
0
0
192
115
192
0
0
0
0
128
44
192
64
0
0
0
0
0
192
115
192
0
0
0
0
128
44
192
64
0
0
0
0
0
192
115
192
0
0
0
0
128
44
192
64
0
0
0
0
0
192
115
192
0
0
0
0
128
44
192
64
0
0
0
0
0
192
115
192
0
0
0
0
128
44
192
64
0
0
0
0
0
192
115
192
0
0
0
0
128
44
192
64
0
0
0
0
0
192
115
192
0
0
0
0
128
44
192
64
0
0
0
0
0
192
115
192
0
0
0
0
128
44
192
64
0
0
0
0
0
192
115
192
0
0
0
0
128
44
192
64
0
0
0
0
0
192
115
192
0
0
0
0
128
44
192
64
0
0
0
0
0
192
115
192
0
0
0
0
128
44
192
64
0
0
0
0
0
192
115
192
0
0
0
0
128
44
192
64
0
0
0
0
0
192
115
192
0
0
0
0
128
44
192
64
0
0
0
0
0
192
115
192
0
0
0
0
128
44
192
64
0
0
0
0
0
192
115
192
0
0
0
0
128
44
192
64
0
0
0
0
0
192
115
192
0
0
0
0
128
44
192
64
0
0
0
0
0
192
115
192
0
0
0
0
128
44
192
64
0
0
0
0
0
192
115
192
0
0
0
0
128
44
192
64
0
0
0
0
0
192
115
192
0
0
0
0
128
44
192
64
0
0
0
0
0
192
115
192
0
0
0
0
128
44
192
64
0
0
0
0
0
192
115
192
0
0
0
0
128
44
192
64
0
0
0
0
0
192
115
192
0
0
0
0
128
44
192
64
0
0
0
0
0
192
115
192
0
0
0
0
128
44
192
64
0
0
0
0
0
192
115
192
0
0
0
0
128
44
192
64
0
0
0
0
0
192
115
192
0
0
0
0
128
44
192
64
0
0
0
0
0
192
115
192
0
0
0
0
128
44
192
64
0
0
0
0
0
192
115
192
0
0
0
0
128
44
192
64
0
0
0
0
0
192
115
192
0
0
0
0
128
44
192
64
0
0
0
0
0
192
115
192
0
0
0
0
128
44
192
64
0
0
0
0
0
192
115
192
0
0
0
0
128
44
192
64
0
0
0
0
0
192
115
192
0
0
0
0
128
44
192
64
0
0
0
0
0
192
115
192
0
0
0
0
128
44
192
64
0
0
0
0
0
192
115
192
0
0
0
0
128
44
192
64
0
0
0
0
0
192
115
192
0
0
0
0
128
44
192
64
0
0
0
0
0
192
115
192
0
0
0
0
128
44
192
64
0
0
0
0
0
192
115
192
0
0
0
0
128
44
192
64
0
0
0
0
0
192
115
192
0
0
0
0
128
44
192
64
0
0
0
0
0
192
115
192
0
0
0
0
128
44
192
64
0
0
0
0
0
192
115
192
0
0
0
0
128
44
192
64
0
0
0
0
0
192
115
192
0
0
0
0
128
44
192
64
0
0
0
0
0
192
115
192
0
0
0
0
128
44
192
64
0
0
0
0
0
192
115
192
0
0
0
0
128
44
192
64
0
0
0
0
0
192
115
192
0
0
0
0
128
44
192
64
0
0
0
0
0
192
115
192
0
0
0
0
128
44
192
64
0
0
0
0
0
192
115
192
0
0
0
0
128
44
192
64
0
0
0
0
0
192
115
192
0
0
0
0
128
44
192
64
0
0
0
0
0
192
115
192
0
0
0
0
128
44
192
64
0
0
0
0
0
192
115
192
0
0
0
0
128
44
192
64
0
0
0
0
0
192
115
192
0
0
0
0
128
44
192
64
0
0
0
0
0
192
115
192
0
0
0
0
128
44
192
64
0
0
0
0
0
208
115
192
0
0
0
0
128
44
192
64
0
0
0
0
0
208
115
192
0
0
0
0
0
44
192
64
0
0
0
0
0
208
115
192
0
0
0
0
128
44
192
64
0
0
0
0
0
208
115
192
0
0
0
0
128
44
192
64
0
0
0
0
0
192
115
192
0
0
0
0
0
45
192
64
0
0
0
0
0
192
115
192
0
0
0
0
128
45
192
64
0
0
0
0
0
192
115
192
0
0
0
0
0
46
192
64
0
0
0
0
0
176
115
192
0
0
0
0
0
46
192
64
0
0
0
0
0
176
115
192
0
0
0
0
128
45
192
64
0
0
0
0
0
192
115
192
0
0
0
0
0
44
192
64
0
0
0
0
0
208
115
192
0
0
0
0
128
41
192
64
0
0
0
0
0
240
115
192
0
0
0
0
128
39
192
64
0
0
0
0
0
0
116
192
0
0
0
0
0
38
192
64
0
0
0
0
0
16
116
192
0
0
0
0
0
39
192
64
0
0
0
0
0
16
116
192
0
0
0
0
0
43
192
64
0
0
0
0
0
224
115
192
0
0
0
0
128
50
192
64
0
0
0
0
0
128
115
192
0
0
0
0
0
61
192
64
0
0
0
0
0
0
115
192
0
0
0
0
0
70
192
64
0
0
0
0
0
144
114
192
0
0
0
0
128
73
192
64
0
0
0
0
0
112
114
192
0
0
0
0
0
67
192
64
0
0
0
0
0
176
114
192
0
0
0
0
0
47
192
64
0
0
0
0
0
176
115
192
0
0
0
0
128
11
192
64
0
0
0
0
0
112
117
192
0
0
0
0
0
188
191
64
0
0
0
0
0
192
119
192
0
0
0
0
0
92
191
64
0
0
0
0
0
0
122
192
0
0
0
0
0
11
191
64
0
0
0
0
0
144
123
192
0
0
0
0
0
217
190
64
0
0
0
0
0
144
123
192
0
0
0
0
0
209
190
64
0
0
0
0
0
176
121
192
0
0
0
0
0
239
190
64
0
0
0
0
0
64
118
192
0
0
0
0
0
37
191
64
0
0
0
0
0
48
114
192
0
0
0
0
0
94
191
64
0
0
0
0
0
64
109
192
0
0
0
0
0
136
191
64
0
0
0
0
0
64
105
192
0
0
0
0
0
145
191
64
0
0
0
0
0
224
105
192
0
0
0
0
0
122
191
64
0
0
0
0
0
224
110
192
0
0
0
0
0
75
191
64
0
0
0
0
0
48
115
192
0
0
0
0
0
21
191
64
0
0
0
0
0
0
119
192
0
0
0
0
0
227
190
64
0
0
0
0
0
160
121
192
0
0
0
0
0
194
190
64
0
0
0
0
0
16
122
192
0
0
0
0
0
181
190
64
0
0
0
0
0
64
120
192
0
0
0
0
0
184
190
64
0
0
0
0
0
240
116
192
0
0
0
0
0
199
190
64
0
0
0
0
0
80
113
192
0
0
0
0
0
219
190
64
0
0
0
0
0
32
109
192
0
0
0
0
0
241
190
64
0
0
0
0
0
32
107
192
0
0
0
0
0
3
191
64
0
0
0
0
0
128
109
192
0
0
0
0
0
13
191
64
0
0
0
0
0
112
113
192
0
0
0
0
0
12
191
64
0
0
0
0
0
192
116
192
0
0
0
0
0
253
190
64
0
0
0
0
0
192
119
192
0
0
0
0
0
220
190
64
0
0
0
0
0
160
121
192
0
0
0
0
0
172
190
64
0
0
0
0
0
0
122
192
0
0
0
0
0
118
190
64
0
0
0
0
0
48
121
192
0
0
0
0
0
68
190
64
0
0
0
0
0
176
119
192
0
0
0
0
0
35
190
64
0
0
0
0
0
16
118
192
0
0
0
0
0
30
190
64
0
0
0
0
0
208
116
192
0
0
0
0
0
54
190
64
0
0
0
0
0
80
116
192
0
0
0
0
0
98
190
64
0
0
0
0
0
128
116
192
0
0
0
0
0
144
190
64
0
0
0
0
0
80
117
192
0
0
0
0
0
173
190
64
0
0
0
0
0
160
118
192
0
0
0
0
0
169
190
64
0
0
0
0
0
48
120
192
0
0
0
0
0
123
190
64
0
0
0
0
0
0
122
192
0
0
0
0
0
46
190
64
0
0
0
0
0
176
123
192
0
0
0
0
0
217
189
64
0
0
0
0
0
240
124
192
0
0
0
0
0
145
189
64
0
0
0
0
0
80
125
192
0
0
0
0
0
107
189
64
0
0
0
0
0
144
124
192
0
0
0
0
0
114
189
64
0
0
0
0
0
112
122
192
0
0
0
0
0
160
189
64
0
0
0
0
0
96
119
192
0
0
0
0
0
223
189
64
0
0
0
0
0
64
116
192
0
0
0
0
0
24
190
64
0
0
0
0
0
240
113
192
0
0
0
0
0
51
190
64
0
0
0
0
0
64
113
192
0
0
0
0
0
34
190
64
0
0
0
0
0
192
114
192
0
0
0
0
0
232
189
64
0
0
0
0
0
240
117
192
0
0
0
0
0
153
189
64
0
0
0
0
0
192
121
192
0
0
0
0
0
75
189
64
0
0
0
0
0
224
124
192
0
0
0
0
0
21
189
64
0
0
0
0
0
0
126
192
0
0
0
0
0
5
189
64
0
0
0
0
0
64
124
192
0
0
0
0
0
27
189
64
0
0
0
0
0
240
119
192
0
0
0
0
0
73
189
64
0
0
0
0
0
96
114
192
0
0
0
0
0
125
189
64
0
0
0
0
0
192
106
192
0
0
0
0
0
164
189
64
0
0
0
0
0
32
101
192
0
0
0
0
0
175
189
64
0
0
0
0
0
128
102
192
0
0
0
0
0
157
189
64
0
0
0
0
0
128
110
192
0
0
0
0
0
117
189
64
0
0
0
0
0
16
117
192
0
0
0
0
0
71
189
64
0
0
0
0
0
160
122
192
0
0
0
0
0
32
189
64
0
0
0
0
0
208
125
192
0
0
0
0
0
11
189
64
0
0
0
0
0
16
125
192
0
0
0
0
0
11
189
64
0
0
0
0
0
96
120
192
0
0
0
0
0
25
189
64
0
0
0
0
0
176
113
192
0
0
0
0
0
43
189
64
0
0
0
0
0
64
103
192
0
0
0
0
0
55
189
64
0
0
0
0
0
96
98
192
0
0
0
0
0
53
189
64
0
0
0
0
0
0
105
192
0
0
0
0
0
36
189
64
0
0
0
0
0
96
117
192
0
0
0
0
0
12
189
64
0
0
0
0
0
16
128
192
0
0
0
0
0
249
188
64
0
0
0
0
0
224
131
192
0
0
0
0
0
251
188
64
0
0
0
0
0
128
131
192
0
0
0
0
0
31
189
64
0
0
0
0
0
80
121
192
0
0
0
0
0
107
189
64
0
0
0
0
0
128
70
64
0
0
0
0
0
221
189
64
0
0
0
0
0
152
133
64
0
0
0
0
0
119
190
64
0
0
0
0
0
240
150
64
0
0
0
0
0
35
191
64
0
0
0
0
0
152
161
64
0
0
0
0
0
158
191
64
0
0
0
0
0
180
165
64
0
0
0
0
0
162
191
64
0
0
0
0
0
82
165
64
0
0
0
0
0
37
191
64
0
0
0
0
0
48
160
64
0
0
0
0
0
106
190
64
0
0
0
0
0
248
145
64
0
0
0
0
0
187
189
64
0
0
0
0
0
80
114
64
0
0
0
0
0
49
189
64
0
0
0
0
0
240
116
192
0
0
0
0
0
205
188
64
0
0
0
0
0
16
133
192
0
0
0
0
0
138
188
64
0
0
0
0
0
120
135
192
0
0
0
0
0
100
188
64
0
0
0
0
0
80
132
192
0
0
0
0
0
86
188
64
0
0
0
0
0
112
125
192
0
0
0
0
0
96
188
64
0
0
0
0
0
32
115
192
0
0
0
0
0
128
188
64
0
0
0
0
0
160
107
192
0
0
0
0
0
175
188
64
0
0
0
0
0
192
108
192
0
0
0
0
0
224
188
64
0
0
0
0
0
208
114
192
0
0
0
0
0
4
189
64
0
0
0
0
0
144
120
192
0
0
0
0
0
14
189
64
0
0
0
0
0
48
125
192
0
0
0
0
0
245
188
64
0
0
0
0
0
208
126
192
0
0
0
0
0
190
188
64
0
0
0
0
0
96
125
192
0
0
0
0
0
121
188
64
0
0
0
0
0
240
121
192
0
0
0
0
0
58
188
64
0
0
0
0
0
0
118
192
0
0
0
0
0
18
188
64
0
0
0
0
0
0
115
192
0
0
0
0
0
16
188
64
0
0
0
0
0
32
114
192
0
0
0
0
0
50
188
64
0
0
0
0
0
112
115
192
0
0
0
0
0
103
188
64
0
0
0
0
0
48
118
192
0
0
0
0
0
155
188
64
0
0
0
0
0
128
121
192
0
0
0
0
0
185
188
64
0
0
0
0
0
32
124
192
0
0
0
0
0
174
188
64
0
0
0
0
0
80
125
192
0
0
0
0
0
122
188
64
0
0
0
0
0
192
124
192
0
0
0
0
0
46
188
64
0
0
0
0
0
16
123
192
0
0
0
0
0
225
187
64
0
0
0
0
0
208
120
192
0
0
0
0
0
169
187
64
0
0
0
0
0
224
118
192
0
0
0
0
0
151
187
64
0
0
0
0
0
208
117
192
0
0
0
0
0
176
187
64
0
0
0
0
0
208
117
192
0
0
0
0
0
229
187
64
0
0
0
0
0
176
118
192
0
0
0
0
0
33
188
64
0
0
0
0
0
16
120
192
0
0
0
0
0
75
188
64
0
0
0
0
0
112
121
192
0
0
0
0
0
80
188
64
0
0
0
0
0
112
122
192
0
0
0
0
0
40
188
64
0
0
0
0
0
208
122
192
0
0
0
0
0
225
187
64
0
0
0
0
0
176
122
192
0
0
0
0
0
145
187
64
0
0
0
0
0
32
122
192
0
0
0
0
0
80
187
64
0
0
0
0
0
112
121
192
0
0
0
0
0
50
187
64
0
0
0
0
0
176
120
192
0
0
0
0
0
63
187
64
0
0
0
0
0
0
120
192
0
0
0
0
0
108
187
64
0
0
0
0
0
112
119
192
0
0
0
0
0
168
187
64
0
0
0
0
0
16
119
192
0
0
0
0
0
218
187
64
0
0
0
0
0
0
119
192
0
0
0
0
0
237
187
64
0
0
0
0
0
64
119
192
0
0
0
0
0
214
187
64
0
0
0
0
0
208
119
192
0
0
0
0
0
157
187
64
0
0
0
0
0
128
120
192
0
0
0
0
0
86
187
64
0
0
0
0
0
48
121
192
0
0
0
0
0
22
187
64
0
0
0
0
0
128
121
192
0
0
0
0
0
242
186
64
0
0
0
0
0
64
121
192
0
0
0
0
0
243
186
64
0
0
0
0
0
96
120
192
0
0
0
0
0
22
187
64
0
0
0
0
0
240
118
192
0
0
0
0
0
75
187
64
0
0
0
0
0
112
117
192
0
0
0
0
0
125
187
64
0
0
0
0
0
64
116
192
0
0
0
0
0
155
187
64
0
0
0
0
0
192
115
192
0
0
0
0
0
149
187
64
0
0
0
0
0
96
116
192
0
0
0
0
0
112
187
64
0
0
0
0
0
208
117
192
0
0
0
0
0
56
187
64
0
0
0
0
0
144
119
192
0
0
0
0
0
1
187
64
0
0
0
0
0
16
121
192
0
0
0
0
0
218
186
64
0
0
0
0
0
160
121
192
0
0
0
0
0
208
186
64
0
0
0
0
0
0
121
192
0
0
0
0
0
226
186
64
0
0
0
0
0
32
119
192
0
0
0
0
0
7
187
64
0
0
0
0
0
160
116
192
0
0
0
0
0
47
187
64
0
0
0
0
0
96
114
192
0
0
0
0
0
76
187
64
0
0
0
0
0
0
113
192
0
0
0
0
0
82
187
64
0
0
0
0
0
48
113
192
0
0
0
0
0
63
187
64
0
0
0
0
0
224
114
192
0
0
0
0
0
28
187
64
0
0
0
0
0
128
117
192
0
0
0
0
0
242
186
64
0
0
0
0
0
32
120
192
0
0
0
0
0
208
186
64
0
0
0
0
0
240
121
192
0
0
0
0
0
189
186
64
0
0
0
0
0
32
122
192
0
0
0
0
0
190
186
64
0
0
0
0
0
176
120
192
0
0
0
0
0
205
186
64
0
0
0
0
0
48
118
192
0
0
0
0
0
226
186
64
0
0
0
0
0
112
115
192
0
0
0
0
0
244
186
64
0
0
0
0
0
112
113
192
0
0
0
0
0
252
186
64
0
0
0
0
0
224
112
192
0
0
0
0
0
248
186
64
0
0
0
0
0
16
114
192
0
0
0
0
0
233
186
64
0
0
0
0
0
112
116
192
0
0
0
0
0
212
186
64
0
0
0
0
0
48
119
192
0
0
0
0
0
191
186
64
0
0
0
0
0
80
121
192
0
0
0
0
0
174
186
64
0
0
0
0
0
32
122
192
0
0
0
0
0
164
186
64
0
0
0
0
0
48
121
192
0
0
0
0
0
160
186
64
0
0
0
0
0
0
119
192
0
0
0
0
0
161
186
64
0
0
0
0
0
80
116
192
0
0
0
0
0
165
186
64
0
0
0
0
0
0
114
192
0
0
0
0
0
169
186
64
0
0
0
0
0
224
112
192
0
0
0
0
0
172
186
64
0
0
0
0
0
96
113
192
0
0
0
0
0
173
186
64
0
0
0
0
0
48
115
192
0
0
0
0
0
172
186
64
0
0
0
0
0
144
117
192
0
0
0
0
0
167
186
64
0
0
0
0
0
208
119
192
0
0
0
0
0
159
186
64
0
0
0
0
0
16
121
192
0
0
0
0
0
147
186
64
0
0
0
0
0
240
120
192
0
0
0
0
0
133
186
64
0
0
0
0
0
144
119
192
0
0
0
0
0
119
186
64
0
0
0
0
0
144
117
192
0
0
0
0
0
108
186
64
0
0
0
0
0
160
115
192
0
0
0
0
0
102
186
64
0
0
0
0
0
80
114
192
0
0
0
0
0
103
186
64
0
0
0
0
0
48
114
192
0
0
0
0
0
110
186
64
0
0
0
0
0
32
115
192
0
0
0
0
0
118
186
64
0
0
0
0
0
160
116
192
0
0
0
0
0
125
186
64
0
0
0
0
0
48
118
192
0
0
0
0
0
126
186
64
0
0
0
0
0
64
119
192
0
0
0
0
0
118
186
64
0
0
0
0
0
112
119
192
0
0
0
0
0
102
186
64
0
0
0
0
0
192
118
192
0
0
0
0
0
83
186
64
0
0
0
0
0
128
117
192
0
0
0
0
0
64
186
64
0
0
0
0
0
64
116
192
0
0
0
0
0
51
186
64
0
0
0
0
0
96
115
192
0
0
0
0
0
47
186
64
0
0
0
0
0
80
115
192
0
0
0
0
0
51
186
64
0
0
0
0
0
0
116
192
0
0
0
0
0
61
186
64
0
0
0
0
0
32
117
192
0
0
0
0
0
72
186
64
0
0
0
0
0
32
118
192
0
0
0
0
0
79
186
64
0
0
0
0
0
144
118
192
0
0
0
0
0
78
186
64
0
0
0
0
0
16
118
192
0
0
0
0
0
68
186
64
0
0
0
0
0
176
116
192
0
0
0
0
0
51
186
64
0
0
0
0
0
48
115
192
0
0
0
0
0
30
186
64
0
0
0
0
0
128
114
192
0
0
0
0
0
8
186
64
0
0
0
0
0
160
115
192
0
0
0
0
0
244
185
64
0
0
0
0
0
64
119
192
0
0
0
0
0
228
185
64
0
0
0
0
0
192
124
192
0
0
0
0
0
219
185
64
0
0
0
0
0
248
128
192
0
0
0
0
0
225
185
64
0
0
0
0
0
200
129
192
0
0
0
0
0
251
185
64
0
0
0
0
0
96
126
192
0
0
0
0
0
39
186
64
0
0
0
0
0
32
111
192
0
0
0
0
0
84
186
64
0
0
0
0
0
32
100
64
0
0
0
0
0
99
186
64
0
0
0
0
0
80
134
64
0
0
0
0
0
63
186
64
0
0
0
0
0
36
149
64
0
0
0
0
0
236
185
64
0
0
0
0
0
184
158
64
0
0
0
0
0
154
185
64
0
0
0
0
0
98
162
64
0
0
0
0
0
149
185
64
0
0
0
0
0
248
161
64
0
0
0
0
0
224
185
64
0
0
0
0
0
244
155
64
0
0
0
0
0
34
186
64
0
0
0
0
0
116
144
64
0
0
0
0
0
34
186
64
0
0
0
0
0
144
117
64
0
0
0
0
0
240
185
64
0
0
0
0
0
32
104
192
0
0
0
0
0
184
185
64
0
0
0
0
0
192
127
192
0
0
0
0
0
151
185
64
0
0
0
0
0
120
131
192
0
0
0
0
0
147
185
64
0
0
0
0
0
176
130
192
0
0
0
0
0
158
185
64
0
0
0
0
0
32
127
192
0
0
0
0
0
172
185
64
0
0
0
0
0
0
120
192
0
0
0
0
0
183
185
64
0
0
0
0
0
224
114
192
0
0
0
0
0
188
185
64
0
0
0
0
0
176
112
192
0
0
0
0
0
189
185
64
0
0
0
0
0
192
112
192
0
0
0
0
0
188
185
64
0
0
0
0
0
0
114
192
0
0
0
0
0
183
185
64
0
0
0
0
0
160
115
192
0
0
0
0
0
176
185
64
0
0
0
0
0
208
116
192
0
0
0
0
0
167
185
64
0
0
0
0
0
96
117
192
0
0
0
0
0
158
185
64
0
0
0
0
0
80
117
192
0
0
0
0
0
150
185
64
0
0
0
0
0
16
117
192
0
0
0
0
0
144
185
64
0
0
0
0
0
160
116
192
0
0
0
0
0
140
185
64
0
0
0
0
0
96
116
192
0
0
0
0
0
138
185
64
0
0
0
0
0
64
116
192
0
0
0
0
0
138
185
64
0
0
0
0
0
64
116
192
0
0
0
0
0
138
185
64
0
0
0
0
0
80
116
192
0
0
0
0
0
136
185
64
0
0
0
0
0
96
116
192
0
0
0
0
0
132
185
64
0
0
0
0
0
96
116
192
0
0
0
0
0
125
185
64
0
0
0
0
0
80
116
192
0
0
0
0
0
117
185
64
0
0
0
0
0
32
116
192
0
0
0
0
0
108
185
64
0
0
0
0
0
0
116
192
0
0
0
0
0
102
185
64
0
0
0
0
0
224
115
192
0
0
0
0
0
98
185
64
0
0
0
0
0
192
115
192
0
0
0
0
0
97
185
64
0
0
0
0
0
192
115
192
0
0
0
0
0
98
185
64
0
0
0
0
0
192
115
192
0
0
0
0
0
100
185
64
0
0
0
0
0
208
115
192
0
0
0
0
0
101
185
64
0
0
0
0
0
208
115
192
0
0
0
0
0
99
185
64
0
0
0
0
0
176
115
192
0
0
0
0
0
94
185
64
0
0
0
0
0
144
115
192
0
0
0
0
0
87
185
64
0
0
0
0
0
80
115
192
0
0
0
0
0
79
185
64
0
0
0
0
0
32
115
192
0
0
0
0
0
73
185
64
0
0
0
0
0
224
114
192
0
0
0
0
0
68
185
64
0
0
0
0
0
192
114
192
0
0
0
0
0
66
185
64
0
0
0
0
0
176
114
192
0
0
0
0
0
67
185
64
0
0
0
0
0
176
114
192
0
0
0
0
0
69
185
64
0
0
0
0
0
176
114
192
0
0
0
0
0
70
185
64
0
0
0
0
0
192
114
192
0
0
0
0
0
69
185
64
0
0
0
0
0
192
114
192
0
0
0
0
0
65
185
64
0
0
0
0
0
176
114
192
0
0
0
0
0
60
185
64
0
0
0
0
0
160
114
192
0
0
0
0
0
53
185
64
0
0
0
0
0
128
114
192
0
0
0
0
0
47
185
64
0
0
0
0
0
112
114
192
0
0
0
0
0
43
185
64
0
0
0
0
0
96
114
192
0
0
0
0
0
41
185
64
0
0
0
0
0
80
114
192
0
0
0
0
0
42
185
64
0
0
0
0
0
80
114
192
0
0
0
0
0
44
185
64
0
0
0
0
0
80
114
192
0
0
0
0
0
0
0
0
0
0
0
0
0
0
0
0
0
0
0
0
0
0
0
0
0
0
0
0
0
0
0
0
0
0
0
0
0
0
0
0
0
0
0
0
0
0
0
0
0
0
0
0
0
0
0
0
0
0
0
0
0
0
0
0
0
0
0
0
0
0
0
0
0
0
0
0
0
0
0
0
0
0
0
0
0
0
0
0
0
0
0
0
0
0
0
0
0
0
0
0
0
0
0
0
0
0
0
0
0
0
0
0
0
0
0
0
0
0
0
0
0
0
0
0
0
0
0
0
0
0
0
0
0
0
0
0
0
0
0
0
0
0
0
0
0
0
0
0
0
0
0
0
0
0
0
0
0
0
0
0
0
0
0
0
0
0
0
0
0
0
0
0
0
0
0
0
0
0
0
0
0
0
0
0
0
0
0
0
0
0
0
0
0
0
0
0
0
0
0
0
0
0
0
0
0
0
0
0
0
0
0
0
0
0
0
0
0
0
0
0
0
0
0
0
0
0
0
0
0
0
0
0
0
0
0
0
0
0
0
0
0
0
0
0
0
0
0
0
0
0
0
0
0
0
0
0
0
0
0
0
0
0
0
0
0
0
0
0
0
0
0
0
0
0
0
0
0
0
0
0
0
0
0
0
0
0
0
0
0
0
0
0
0
0
0
0
0
0
0
0
0
0
0
0
0
0
0
0
0
0
0
0
0
0
0
0
0
0
0
0
0
0
0
0
0
0
0
0
0
0
0
0
0
0
0
0
0
0
0
0
0
0
0
0
0
0
0
0
0
0
0
0
0
0
0
0
0
0
0
0
0
0
0
0
0
0
0
0
0
0
0
0
0
0
0
0
0
0
0
0
0
0
0
0
0
0
0
0
0
0
0
0
0
0
0
0
0
0
0
0
0
0
0
0
0
0
0
0
0
0
0
0
0
0
0
0
0
0
0
0
0
0
0
0
0
0
0
0
0
0
0
0
0
0
0
0
0
0
0
0
0
0
0
0
0
0
0
0
0
0
0
0
0
0
0
0
0
0
0
0
0
0
0
0
0
0
0
0
0
0
0
0
0
0
0
0
0
0
0
0
0
0
0
0
0
0
0
0
0
0
0
0
0
0
0
0
0
0
0
0
0
0
0
0
0
0
0
0
0
0
0
0
0
0
0
0
0
0
0
0
0
0
0
0
0
0
0
0
0
0
0
0
0
0
0
0
0
0
0
0
0
0
0
0
0
0
0
0
0
0
0
0
0
0
0
0
0
0
0
0
0
0
0
0
0
0
0
0
0
0
0
0
0
0
0
0
0
0
0
0
0
0
0
0
0
0
0
0
0
0
0
0
0
0
0
0
0
0
0
0
0
0
0
0
0
0
0
0
0
0
0
0
0
0
0
0
0
0
0
0
0
0
0
0
0
0
0
0
0
0
0
0
0
0
0
0
0
0
0
0
0
0
0
0
0
0
0
0
0
0
0
0
0
0
0
0
0
0
0
0
0
0
0
0
0
0
0
0
0
0
0
0
0
0
0
0
0
0
0
0
0
0
0
0
0
0
0
0
0
0
0
0
0
0
0
0
0
0
0
0
0
0
0
0
0
0
0
0
0
0
0
0
0
0
0
0
0
0
0
0
0
0
0
0
0
0
0
0
0
0
0
0
0
0
0
0
0
0
0
0
0
0
0
0
0
0
0
0
0
0
0
0
0
0
0
0
0
0
0
0
0
0
0
0
0
0
0
0
0
0
0
0
0
0
0
0
0
0
0
0
0
0
0
0
0
0
0
0
0
0
0
0
0
0
0
0
0
0
0
0
0
0
0
0
0
0
0
0
0
0
0
0
0
0
0
0
0
0
0
0
0
0
0
0
0
0
0
0
0
0
0
0
0
0
0
0
0
0
0
0
0
0
0
0
0
0
0
0
0
0
0
0
0
0
0
0
0
0
0
0
0
0
0
0
0
0
0
0
0
0
0
0
0
0
0
0
0
0
0
0
0
0
0
0
0
0
0
0
0
0
0
0
0
0
0
0
0
0
0
0
0
0
0
0
0
0
0
0
0
0
0
0
0
0
0
0
0
0
0
0
0
0
0
0
0
0
0
0
0
0
0
0
0
0
0
0
0
0
0
0
0
0
0
0
0
0
0
0
0
0
0
0
0
0
0
0
0
0
0
0
0
0
0
0
0
0
0
0
0
0
0
0
0
0
0
0
0
0
0
0
0
0
0
0
0
0
0
0
0
0
0
0
0
0
0
0
0
0
0
0
0
0
0
0
0
0
0
0
0
0
0
0
0
0
0
0
0
0
0
0
0
0
0
0
0
0
0
0
0
0
0
0
0
0
0
0
0
0
0
0
0
0
0
0
0
0
0
0
0
0
0
0
0
0
0
0
0
0
0
0
0
0
0
0
0
0
0
0
0
0
0
0
0
0
0
0
0
0
0
0
0
0
0
0
0
0
0
0
0
0
0
0
0
0
0
0
0
0
0
0
0
0
0
0
0
0
0
0
0
0
0
0
0
0
0
0
0
0
0
0
0
0
0
0
0
0
0
0
0
0
0
0
0
0
0
0
0
0
0
0
0
0
0
0
0
0
0
0
0
0
0
0
0
0
0
0
0
0
0
0
0
0
0
0
0
0
0
0
0
0
0
0
0
0
0
0
0
0
0
0
0
0
0
0
0
0
0
0
0
0
0
0
0
0
0
0
0
0
0
0
0
0
0
0
0
0
0
0
0
0
0
0
0
0
0
0
0
0
0
0
0
0
0
0
0
0
0