58
70
65
67
84
58
67
68
65
84
49
56
58
68
65
84
65
32
35
57
48
48
48
48
48
54
57
51
54
192
0
0
0
0
0
164
175
64
0
0
0
0
0
92
144
192
0
0
0
0
0
123
176
64
0
0
0
0
0
48
128
192
0
0
0
0
0
228
176
64
0
0
0
0
0
0
53
64
0
0
0
0
0
11
177
64
0
0
0
0
0
136
129
64
0
0
0
0
0
240
176
64
0
0
0
0
0
28
145
64
0
0
0
0
0
147
176
64
0
0
0
0
0
56
153
64
0
0
0
0
0
234
175
64
0
0
0
0
0
128
160
64
0
0
0
0
0
46
174
64
0
0
0
0
0
38
164
64
0
0
0
0
0
252
171
64
0
0
0
0
0
132
167
64
0
0
0
0
0
88
169
64
0
0
0
0
0
140
170
64
0
0
0
0
0
78
166
64
0
0
0
0
0
46
173
64
0
0
0
0
0
230
162
64
0
0
0
0
0
98
175
64
0
0
0
0
0
96
158
64
0
0
0
0
0
144
176
64
0
0
0
0
0
108
150
64
0
0
0
0
0
46
177
64
0
0
0
0
0
32
140
64
0
0
0
0
0
136
177
64
0
0
0
0
0
208
117
64
0
0
0
0
0
157
177
64
0
0
0
0
0
128
106
192
0
0
0
0
0
108
177
64
0
0
0
0
0
40
136
192
0
0
0
0
0
245
176
64
0
0
0
0
0
176
148
192
0
0
0
0
0
57
176
64
0
0
0
0
0
8
157
192
0
0
0
0
0
120
174
64
0
0
0
0
0
122
162
192
0
0
0
0
0
254
171
64
0
0
0
0
0
42
166
192
0
0
0
0
0
20
169
64
0
0
0
0
0
134
169
192
0
0
0
0
0
192
165
64
0
0
0
0
0
124
172
192
0
0
0
0
0
20
162
64
0
0
0
0
0
4
175
192
0
0
0
0
0
60
156
64
0
0
0
0
0
136
176
192
0
0
0
0
0
216
147
64
0
0
0
0
0
77
177
192
0
0
0
0
0
64
134
64
0
0
0
0
0
205
177
192
0
0
0
0
0
192
97
64
0
0
0
0
0
6
178
192
0
0
0
0
0
0
123
192
0
0
0
0
0
248
177
192
0
0
0
0
0
56
143
192
0
0
0
0
0
163
177
192
0
0
0
0
0
64
152
192
0
0
0
0
0
8
177
192
0
0
0
0
0
68
160
192
0
0
0
0
0
41
176
192
0
0
0
0
0
40
164
192
0
0
0
0
0
22
174
192
0
0
0
0
0
192
167
192
0
0
0
0
0
96
171
192
0
0
0
0
0
250
170
192
0
0
0
0
0
62
168
192
0
0
0
0
0
204
173
192
0
0
0
0
0
188
164
192
0
0
0
0
0
21
176
192
0
0
0
0
0
230
160
192
0
0
0
0
0
5
177
192
0
0
0
0
0
148
153
192
0
0
0
0
0
178
177
192
0
0
0
0
0
248
144
192
0
0
0
0
0
25
178
192
0
0
0
0
0
32
128
192
0
0
0
0
0
57
178
192
0
0
0
0
0
0
79
64
0
0
0
0
0
17
178
192
0
0
0
0
0
8
132
64
0
0
0
0
0
162
177
192
0
0
0
0
0
232
146
64
0
0
0
0
0
236
176
192
0
0
0
0
0
136
155
64
0
0
0
0
0
230
175
192
0
0
0
0
0
222
161
64
0
0
0
0
0
118
173
192
0
0
0
0
0
180
165
64
0
0
0
0
0
144
170
192
0
0
0
0
0
54
169
64
0
0
0
0
0
64
167
192
0
0
0
0
0
86
172
64
0
0
0
0
0
146
163
192
0
0
0
0
0
6
175
64
0
0
0
0
0
44
159
192
0
0
0
0
0
158
176
64
0
0
0
0
0
180
150
192
0
0
0
0
0
121
177
64
0
0
0
0
0
192
139
192
0
0
0
0
0
14
178
64
0
0
0
0
0
64
115
192
0
0
0
0
0
92
178
64
0
0
0
0
0
80
113
64
0
0
0
0
0
98
178
64
0
0
0
0
0
216
138
64
0
0
0
0
0
32
178
64
0
0
0
0
0
84
150
64
0
0
0
0
0
150
177
64
0
0
0
0
0
228
158
64
0
0
0
0
0
198
176
64
0
0
0
0
0
128
163
64
0
0
0
0
0
102
175
64
0
0
0
0
0
66
167
64
0
0
0
0
0
196
172
64
0
0
0
0
0
170
170
64
0
0
0
0
0
174
169
64
0
0
0
0
0
170
173
64
0
0
0
0
0
50
166
64
0
0
0
0
0
27
176
64
0
0
0
0
0
94
162
64
0
0
0
0
0
34
177
64
0
0
0
0
0
124
156
64
0
0
0
0
0
229
177
64
0
0
0
0
0
200
147
64
0
0
0
0
0
97
178
64
0
0
0
0
0
136
133
64
0
0
0
0
0
149
178
64
0
0
0
0
0
64
89
64
0
0
0
0
0
127
178
64
0
0
0
0
0
160
126
192
0
0
0
0
0
32
178
64
0
0
0
0
0
200
144
192
0
0
0
0
0
121
177
64
0
0
0
0
0
168
153
192
0
0
0
0
0
141
176
64
0
0
0
0
0
18
161
192
0
0
0
0
0
190
174
64
0
0
0
0
0
14
165
192
0
0
0
0
0
234
171
64
0
0
0
0
0
184
168
192
0
0
0
0
0
166
168
64
0
0
0
0
0
2
172
192
0
0
0
0
0
2
165
64
0
0
0
0
0
222
174
192
0
0
0
0
0
10
161
64
0
0
0
0
0
162
176
192
0
0
0
0
0
156
153
64
0
0
0
0
0
149
177
192
0
0
0
0
0
184
144
64
0
0
0
0
0
66
178
192
0
0
0
0
0
48
126
64
0
0
0
0
0
168
178
192
0
0
0
0
0
0
92
192
0
0
0
0
0
197
178
192
0
0
0
0
0
24
134
192
0
0
0
0
0
151
178
192
0
0
0
0
0
48
148
192
0
0
0
0
0
32
178
192
0
0
0
0
0
12
157
192
0
0
0
0
0
96
177
192
0
0
0
0
0
188
162
192
0
0
0
0
0
91
176
192
0
0
0
0
0
168
166
192
0
0
0
0
0
40
174
192
0
0
0
0
0
60
170
192
0
0
0
0
0
32
171
192
0
0
0
0
0
102
173
192
0
0
0
0
0
170
167
192
0
0
0
0
0
14
176
192
0
0
0
0
0
214
163
192
0
0
0
0
0
42
177
192
0
0
0
0
0
104
159
192
0
0
0
0
0
0
178
192
0
0
0
0
0
164
150
192
0
0
0
0
0
143
178
192
0
0
0
0
0
16
139
192
0
0
0
0
0
212
178
192
0
0
0
0
0
224
112
192
0
0
0
0
0
206
178
192
0
0
0
0
0
160
116
64
0
0
0
0
0
126
178
192
0
0
0
0
0
224
140
64
0
0
0
0
0
229
177
192
0
0
0
0
0
124
151
64
0
0
0
0
0
5
177
192
0
0
0
0
0
20
160
64
0
0
0
0
0
198
175
192
0
0
0
0
0
42
164
64
0
0
0
0
0
4
173
192
0
0
0
0
0
238
167
64
0
0
0
0
0
208
169
192
0
0
0
0
0
84
171
64
0
0
0
0
0
56
166
192
0
0
0
0
0
76
174
64
0
0
0
0
0
74
162
192
0
0
0
0
0
102
176
64
0
0
0
0
0
40
156
192
0
0
0
0
0
102
177
64
0
0
0
0
0
80
147
192
0
0
0
0
0
33
178
64
0
0
0
0
0
88
132
192
0
0
0
0
0
148
178
64
0
0
0
0
0
128
76
192
0
0
0
0
0
191
178
64
0
0
0
0
0
216
128
64
0
0
0
0
0
159
178
64
0
0
0
0
0
152
145
64
0
0
0
0
0
53
178
64
0
0
0
0
0
124
154
64
0
0
0
0
0
132
177
64
0
0
0
0
0
124
161
64
0
0
0
0
0
142
176
64
0
0
0
0
0
116
165
64
0
0
0
0
0
172
174
64
0
0
0
0
0
22
169
64
0
0
0
0
0
194
171
64
0
0
0
0
0
84
172
64
0
0
0
0
0
108
168
64
0
0
0
0
0
34
175
64
0
0
0
0
0
182
164
64
0
0
0
0
0
185
176
64
0
0
0
0
0
174
160
64
0
0
0
0
0
159
177
64
0
0
0
0
0
204
152
64
0
0
0
0
0
63
178
64
0
0
0
0
0
184
143
64
0
0
0
0
0
151
178
64
0
0
0
0
0
192
122
64
0
0
0
0
0
165
178
64
0
0
0
0
0
128
100
192
0
0
0
0
0
105
178
64
0
0
0
0
0
136
135
192
0
0
0
0
0
229
177
64
0
0
0
0
0
200
148
192
0
0
0
0
0
27
177
64
0
0
0
0
0
120
157
192
0
0
0
0
0
15
176
64
0
0
0
0
0
216
162
192
0
0
0
0
0
134
173
64
0
0
0
0
0
170
166
192
0
0
0
0
0
124
170
64
0
0
0
0
0
34
170
192
0
0
0
0
0
10
167
64
0
0
0
0
0
54
173
192
0
0
0
0
0
64
163
64
0
0
0
0
0
212
175
192
0
0
0
0
0
80
158
64
0
0
0
0
0
252
176
192
0
0
0
0
0
168
149
64
0
0
0
0
0
203
177
192
0
0
0
0
0
88
137
64
0
0
0
0
0
85
178
192
0
0
0
0
0
224
107
64
0
0
0
0
0
150
178
192
0
0
0
0
0
16
119
192
0
0
0
0
0
142
178
192
0
0
0
0
0
216
141
192
0
0
0
0
0
61
178
192
0
0
0
0
0
220
151
192
0
0
0
0
0
163
177
192
0
0
0
0
0
54
160
192
0
0
0
0
0
196
176
192
0
0
0
0
0
64
164
192
0
0
0
0
0
68
175
192
0
0
0
0
0
248
167
192
0
0
0
0
0
132
172
192
0
0
0
0
0
82
171
192
0
0
0
0
0
84
169
192
0
0
0
0
0
62
174
192
0
0
0
0
0
190
165
192
0
0
0
0
0
90
176
192
0
0
0
0
0
212
161
192
0
0
0
0
0
83
177
192
0
0
0
0
0
68
155
192
0
0
0
0
0
9
178
192
0
0
0
0
0
120
146
192
0
0
0
0
0
119
178
192
0
0
0
0
0
200
130
192
0
0
0
0
0
156
178
192
0
0
0
0
0
0
38
192
0
0
0
0
0
121
178
192
0
0
0
0
0
24
130
64
0
0
0
0
0
13
178
192
0
0
0
0
0
36
146
64
0
0
0
0
0
90
177
192
0
0
0
0
0
244
154
64
0
0
0
0
0
100
176
192
0
0
0
0
0
174
161
64
0
0
0
0
0
90
174
192
0
0
0
0
0
158
165
64
0
0
0
0
0
116
171
192
0
0
0
0
0
58
169
64
0
0
0
0
0
32
168
192
0
0
0
0
0
114
172
64
0
0
0
0
0
108
164
192
0
0
0
0
0
60
175
64
0
0
0
0
0
104
160
192
0
0
0
0
0
198
176
64
0
0
0
0
0
64
152
192
0
0
0
0
0
171
177
64
0
0
0
0
0
160
142
192
0
0
0
0
0
75
178
64
0
0
0
0
0
128
120
192
0
0
0
0
0
162
178
64
0
0
0
0
0
64
105
64
0
0
0
0
0
174
178
64
0
0
0
0
0
200
136
64
0
0
0
0
0
112
178
64
0
0
0
0
0
112
149
64
0
0
0
0
0
233
177
64
0
0
0
0
0
36
158
64
0
0
0
0
0
27
177
64
0
0
0
0
0
48
163
64
0
0
0
0
0
9
176
64
0
0
0
0
0
0
167
64
0
0
0
0
0
110
173
64
0
0
0
0
0
118
170
64
0
0
0
0
0
88
170
64
0
0
0
0
0
130
173
64
0
0
0
0
0
218
166
64
0
0
0
0
0
12
176
64
0
0
0
0
0
2
163
64
0
0
0
0
0
24
177
64
0
0
0
0
0
192
157
64
0
0
0
0
0
224
177
64
0
0
0
0
0
8
149
64
0
0
0
0
0
97
178
64
0
0
0
0
0
0
136
64
0
0
0
0
0
153
178
64
0
0
0
0
0
64
102
64
0
0
0
0
0
136
178
64
0
0
0
0
0
208
121
192
0
0
0
0
0
46
178
64
0
0
0
0
0
48
143
192
0
0
0
0
0
140
177
64
0
0
0
0
0
124
152
192
0
0
0
0
0
165
176
64
0
0
0
0
0
124
160
192
0
0
0
0
0
248
174
64
0
0
0
0
0
122
164
192
0
0
0
0
0
44
172
64
0
0
0
0
0
36
168
192
0
0
0
0
0
242
168
64
0
0
0
0
0
110
171
192
0
0
0
0
0
86
165
64
0
0
0
0
0
74
174
192
0
0
0
0
0
104
161
64
0
0
0
0
0
87
176
192
0
0
0
0
0
108
154
64
0
0
0
0
0
71
177
192
0
0
0
0
0
160
145
64
0
0
0
0
0
243
177
192
0
0
0
0
0
48
129
64
0
0
0
0
0
88
178
192
0
0
0
0
0
128
66
192
0
0
0
0
0
116
178
192
0
0
0
0
0
112
131
192
0
0
0
0
0
71
178
192
0
0
0
0
0
176
146
192
0
0
0
0
0
210
177
192
0
0
0
0
0
92
155
192
0
0
0
0
0
23
177
192
0
0
0
0
0
206
161
192
0
0
0
0
0
25
176
192
0
0
0
0
0
164
165
192
0
0
0
0
0
184
173
192
0
0
0
0
0
36
169
192
0
0
0
0
0
202
170
192
0
0
0
0
0
64
172
192
0
0
0
0
0
114
167
192
0
0
0
0
0
234
174
192
0
0
0
0
0
194
163
192
0
0
0
0
0
141
176
192
0
0
0
0
0
136
159
192
0
0
0
0
0
100
177
192
0
0
0
0
0
16
151
192
0
0
0
0
0
246
177
192
0
0
0
0
0
136
140
192
0
0
0
0
0
66
178
192
0
0
0
0
0
0
117
192
0
0
0
0
0
69
178
192
0
0
0
0
0
160
110
64
0
0
0
0
0
0
178
192
0
0
0
0
0
184
137
64
0
0
0
0
0
117
177
192
0
0
0
0
0
168
149
64
0
0
0
0
0
165
176
192
0
0
0
0
0
36
158
64
0
0
0
0
0
38
175
192
0
0
0
0
0
16
163
64
0
0
0
0
0
136
172
192
0
0
0
0
0
196
166
64
0
0
0
0
0
122
169
192
0
0
0
0
0
30
170
64
0
0
0
0
0
8
166
192
0
0
0
0
0
14
173
64
0
0
0
0
0
64
162
192
0
0
0
0
0
142
175
64
0
0
0
0
0
100
156
192
0
0
0
0
0
199
176
64
0
0
0
0
0
216
147
192
0
0
0
0
0
134
177
64
0
0
0
0
0
8
134
192
0
0
0
0
0
255
177
64
0
0
0
0
0
0
96
192
0
0
0
0
0
50
178
64
0
0
0
0
0
16
124
64
0
0
0
0
0
29
178
64
0
0
0
0
0
224
143
64
0
0
0
0
0
192
177
64
0
0
0
0
0
156
152
64
0
0
0
0
0
30
177
64
0
0
0
0
0
114
160
64
0
0
0
0
0
56
176
64
0
0
0
0
0
86
164
64
0
0
0
0
0
36
174
64
0
0
0
0
0
232
167
64
0
0
0
0
0
98
171
64
0
0
0
0
0
26
171
64
0
0
0
0
0
52
168
64
0
0
0
0
0
226
173
64
0
0
0
0
0
166
164
64
0
0
0
0
0
26
176
64
0
0
0
0
0
200
160
64
0
0
0
0
0
2
177
64
0
0
0
0
0
80
153
64
0
0
0
0
0
168
177
64
0
0
0
0
0
172
144
64
0
0
0
0
0
7
178
64
0
0
0
0
0
48
127
64
0
0
0
0
0
31
178
64
0
0
0
0
0
64
83
192
0
0
0
0
0
240
177
64
0
0
0
0
0
88
132
192
0
0
0
0
0
122
177
64
0
0
0
0
0
248
146
192
0
0
0
0
0
190
176
64
0
0
0
0
0
120
155
192
0
0
0
0
0
130
175
64
0
0
0
0
0
198
161
192
0
0
0
0
0
12
173
64
0
0
0
0
0
134
165
192
0
0
0
0
0
36
170
64
0
0
0
0
0
242
168
192
0
0
0
0
0
212
166
64
0
0
0
0
0
248
171
192
0
0
0
0
0
44
163
64
0
0
0
0
0
144
174
192
0
0
0
0
0
116
158
64
0
0
0
0
0
87
176
192
0
0
0
0
0
24
150
64
0
0
0
0
0
36
177
192
0
0
0
0
0
208
138
64
0
0
0
0
0
174
177
192
0
0
0
0
0
32
114
64
0
0
0
0
0
241
177
192
0
0
0
0
0
144
113
192
0
0
0
0
0
237
177
192
0
0
0
0
0
120
138
192
0
0
0
0
0
162
177
192
0
0
0
0
0
220
149
192
0
0
0
0
0
18
177
192
0
0
0
0
0
28
158
192
0
0
0
0
0
62
176
192
0
0
0
0
0
242
162
192
0
0
0
0
0
86
174
192
0
0
0
0
0
138
166
192
0
0
0
0
0
184
171
192
0
0
0
0
0
196
169
192
0
0
0
0
0
174
168
192
0
0
0
0
0
152
172
192
0
0
0
0
0
70
165
192
0
0
0
0
0
250
174
192
0
0
0
0
0
138
161
192
0
0
0
0
0
111
176
192
0
0
0
0
0
24
155
192
0
0
0
0
0
32
177
192
0
0
0
0
0
184
146
192
0
0
0
0
0
142
177
192
0
0
0
0
0
32
132
192
0
0
0
0
0
181
177
192
0
0
0
0
0
128
84
192
0
0
0
0
0
151
177
192
0
0
0
0
0
0
126
64
0
0
0
0
0
51
177
192
0
0
0
0
0
36
144
64
0
0
0
0
0
140
176
192
0
0
0
0
0
132
152
64
0
0
0
0
0
72
175
192
0
0
0
0
0
62
160
64
0
0
0
0
0
254
172
192
0
0
0
0
0
248
163
64
0
0
0
0
0
68
170
192
0
0
0
0
0
98
167
64
0
0
0
0
0
34
167
192
0
0
0
0
0
110
170
64
0
0
0
0
0
168
163
192
0
0
0
0
0
14
173
64
0
0
0
0
0
200
159
192
0
0
0
0
0
60
175
64
0
0
0
0
0
196
151
192
0
0
0
0
0
118
176
64
0
0
0
0
0
208
142
192
0
0
0
0
0
13
177
64
0
0
0
0
0
80
123
192
0
0
0
0
0
97
177
64
0
0
0
0
0
128
93
64
0
0
0
0
0
112
177
64
0
0
0
0
0
232
132
64
0
0
0
0
0
58
177
64
0
0
0
0
0
228
146
64
0
0
0
0
0
193
176
64
0
0
0
0
0
8
155
64
0
0
0
0
0
6
176
64
0
0
0
0
0
92
161
64
0
0
0
0
0
24
174
64
0
0
0
0
0
240
164
64
0
0
0
0
0
176
171
64
0
0
0
0
0
46
168
64
0
0
0
0
0
218
168
64
0
0
0
0
0
12
171
64
0
0
0
0
0
164
165
64
0
0
0
0
0
126
173
64
0
0
0
0
0
28
162
64
0
0
0
0
0
122
175
64
0
0
0
0
0
156
156
64
0
0
0
0
0
124
176
64
0
0
0
0
0
144
148
64
0
0
0
0
0
251
176
64
0
0
0
0
0
112
136
64
0
0
0
0
0
54
177
64
0
0
0
0
0
160
109
64
0
0
0
0
0
44
177
64
0
0
0
0
0
96
115
192
0
0
0
0
0
224
176
64
0
0
0
0
0
152
138
192
0
0
0
0
0
80
176
64
0
0
0
0
0
136
149
192
0
0
0
0
0
2
175
64
0
0
0
0
0
108
157
192
0
0
0
0
0
234
172
64
0
0
0
0
0
108
162
192
0
0
0
0
0
96
170
64
0
0
0
0
0
214
165
192
0
0
0
0
0
112
167
64
0
0
0
0
0
232
168
192
0
0
0
0
0
36
164
64
0
0
0
0
0
148
171
192
0
0
0
0
0
140
160
64
0
0
0
0
0
210
173
192
0
0
0
0
0
108
153
64
0
0
0
0
0
154
175
192
0
0
0
0
0
92
145
64
0
0
0
0
0
113
176
192
0
0
0
0
0
32
130
64
0
0
0
0
0
212
176
192
0
0
0
0
0
0
69
64
0
0
0
0
0
244
176
192
0
0
0
0
0
0
127
192
0
0
0
0
0
209
176
192
0
0
0
0
0
0
144
192
0
0
0
0
0
108
176
192
0
0
0
0
0
252
151
192
0
0
0
0
0
140
175
192
0
0
0
0
0
144
159
192
0
0
0
0
0
196
173
192
0
0
0
0
0
80
163
192
0
0
0
0
0
136
171
192
0
0
0
0
0
138
166
192
0
0
0
0
0
224
168
192
0
0
0
0
0
102
169
192
0
0
0
0
0
218
165
192
0
0
0
0
0
220
171
192
0
0
0
0
0
128
162
192
0
0
0
0
0
226
173
192
0
0
0
0
0
188
157
192
0
0
0
0
0
0
0
0
134
176
192
0
0
0
0
0
144
119
192
0
0
0
0
0
139
176
192
0
0
0
0
0
192
98
64
0
0
0
0
0
80
176
192
0
0
0
0
0
8
133
64
0
0
0
0
0
168
175
192
0
0
0
0
0
124
146
64
0
0
0
0
0
52
174
192
0
0
0
0
0
36
154
64
0
0
0
0
0
74
172
192
0
0
0
0
0
174
160
64
0
0
0
0
0
244
169
192
0
0
0
0
0
4
164
64
0
0
0
0
0
58
167
192
0
0
0
0
0
8
167
64
0
0
0
0
0
38
164
192
0
0
0
0
0
176
169
64
0
0
0
0
0
198
160
192
0
0
0
0
0
238
171
64
0
0
0
0
0
80
154
192
0
0
0
0
0
190
173
64
0
0
0
0
0
180
146
192
0
0
0
0
0
22
175
64
0
0
0
0
0
176
133
192
0
0
0
0
0
244
175
64
0
0
0
0
0
192
102
192
0
0
0
0
0
42
176
64
0
0
0
0
0
192
116
64
0
0
0
0
0
26
176
64
0
0
0
0
0
48
138
64
0
0
0
0
0
150
175
64
0
0
0
0
0
200
148
64
0
0
0
0
0
126
174
64
0
0
0
0
0
36
156
64
0
0
0
0
0
240
172
64
0
0
0
0
0
136
161
64
0
0
0
0
0
242
170
64
0
0
0
0
0
182
164
64
0
0
0
0
0
138
168
64
0
0
0
0
0
146
167
64
0
0
0
0
0
196
165
64
0
0
0
0
0
16
170
64
0
0
0
0
0
168
162
64
0
0
0
0
0
42
172
64
0
0
0
0
0
140
158
64
0
0
0
0
0
210
173
64
0
0
0
0
0
84
151
64
0
0
0
0
0
6
175
64
0
0
0
0
0
128
143
64
0
0
0
0
0
194
175
64
0
0
0
0
0
192
127
64
0
0
0
0
0
0
176
64
0
0
0
0
0
0
0
0
0
0
0
0
0
196
175
64
0
0
0
0
0
240
126
192
0
0
0
0
0
18
175
64
0
0
0
0
0
184
142
192
0
0
0
0
0
238
173
64
0
0
0
0
0
196
150
192
0
0
0
0
0
88
172
64
0
0
0
0
0
220
157
192
0
0
0
0
0
90
170
64
0
0
0
0
0
66
162
192
0
0
0
0
0
248
167
64
0
0
0
0
0
84
165
192
0
0
0
0
0
60
165
64
0
0
0
0
0
22
168
192
0
0
0
0
0
48
162
64
0
0
0
0
0
128
170
192
0
0
0
0
0
184
157
64
0
0
0
0
0
138
172
192
0
0
0
0
0
160
150
64
0
0
0
0
0
42
174
192
0
0
0
0
0
88
142
64
0
0
0
0
0
92
175
192
0
0
0
0
0
240
125
64
0
0
0
0
0
11
176
192
0
0
0
0
0
0
53
192
0
0
0
0
0
46
176
192
0
0
0
0
0
88
128
192
0
0
0
0
0
19
176
192
0
0
0
0
0
208
143
192
0
0
0
0
0
122
175
192
0
0
0
0
0
116
151
192
0
0
0
0
0
86
174
192
0
0
0
0
0
168
158
192
0
0
0
0
0
192
172
192
0
0
0
0
0
186
162
192
0
0
0
0
0
188
170
192
0
0
0
0
0
222
165
192
0
0
0
0
0
84
168
192
0
0
0
0
0
178
168
192
0
0
0
0
0
140
165
192
0
0
0
0
0
44
171
192
0
0
0
0
0
114
162
192
0
0
0
0
0
66
173
192
0
0
0
0
0
28
158
192
0
0
0
0
0
238
174
192
0
0
0
0
0
224
150
192
0
0
0
0
0
19
176
192
0
0
0
0
0
136
142
192
0
0
0
0
0
116
176
192
0
0
0
0
0
144
125
192
0
0
0
0
0
150
176
192
0
0
0
0
0
128
67
64
0
0
0
0
0
123
176
192
0
0
0
0
0
72
129
64
0
0
0
0
0
34
176
192
0
0
0
0
0
148
144
64
0
0
0
0
0
22
175
192
0
0
0
0
0
80
152
64
0
0
0
0
0
114
173
192
0
0
0
0
0
180
159
64
0
0
0
0
0
94
171
192
0
0
0
0
0
84
163
64
0
0
0
0
0
226
168
192
0
0
0
0
0
138
166
64
0
0
0
0
0
4
166
192
0
0
0
0
0
108
169
64
0
0
0
0
0
208
162
192
0
0
0
0
0
244
171
64
0
0
0
0
0
164
158
192
0
0
0
0
0
18
174
64
0
0
0
0
0
48
151
192
0
0
0
0
0
194
175
64
0
0
0
0
0
192
142
192
0
0
0
0
0
125
176
64
0
0
0
0
0
48
125
192
0
0
0
0
0
220
176
64
0
0
0
0
0
0
77
64
0
0
0
0
0
252
176
64
0
0
0
0
0
64
130
64
0
0
0
0
0
219
176
64
0
0
0
0
0
60
145
64
0
0
0
0
0
123
176
64
0
0
0
0
0
28
153
64
0
0
0
0
0
184
175
64
0
0
0
0
0
82
160
64
0
0
0
0
0
2
174
64
0
0
0
0
0
218
163
64
0
0
0
0
0
218
171
64
0
0
0
0
0
26
167
64
0
0
0
0
0
70
169
64
0
0
0
0
0
6
170
64
0
0
0
0
0
82
166
64
0
0
0
0
0
144
172
64
0
0
0
0
0
8
163
64
0
0
0
0
0
176
174
64
0
0
0
0
0
236
158
64
0
0
0
0
0
47
176
64
0
0
0
0
0
76
151
64
0
0
0
0
0
201
176
64
0
0
0
0
0
160
142
64
0
0
0
0
0
37
177
64
0
0
0
0
0
96
124
64
0
0
0
0
0
64
177
64
0
0
0
0
0
64
84
192
0
0
0
0
0
26
177
64
0
0
0
0
0
56
131
192
0
0
0
0
0
180
176
64
0
0
0
0
0
212
145
192
0
0
0
0
0
14
176
64
0
0
0
0
0
204
153
192
0
0
0
0
0
88
174
64
0
0
0
0
0
180
160
192
0
0
0
0
0
34
172
64
0
0
0
0
0
70
164
192
0
0
0
0
0
128
169
64
0
0
0
0
0
140
167
192
0
0
0
0
0
124
166
64
0
0
0
0
0
124
170
192
0
0
0
0
0
36
163
64
0
0
0
0
0
10
173
192
0
0
0
0
0
0
159
64
0
0
0
0
0
44
175
192
0
0
0
0
0
68
151
64
0
0
0
0
0
109
176
192
0
0
0
0
0
80
142
64
0
0
0
0
0
7
177
192
0
0
0
0
0
80
123
64
0
0
0
0
0
97
177
192
0
0
0
0
0
0
90
192
0
0
0
0
0
122
177
192
0
0
0
0
0
40
132
192
0
0
0
0
0
81
177
192
0
0
0
0
0
104
146
192
0
0
0
0
0
231
176
192
0
0
0
0
0
120
154
192
0
0
0
0
0
62
176
192
0
0
0
0
0
22
161
192
0
0
0
0
0
174
174
192
0
0
0
0
0
178
164
192
0
0
0
0
0
108
172
192
0
0
0
0
0
2
168
192
0
0
0
0
0
192
169
192
0
0
0
0
0
250
170
192
0
0
0
0
0
176
166
192
0
0
0
0
0
142
173
192
0
0
0
0
0
72
163
192
0
0
0
0
0
182
175
192
0
0
0
0
0
44
159
192
0
0
0
0
0
179
176
192
0
0
0
0
0
80
151
192
0
0
0
0
0
78
177
192
0
0
0
0
0
40
142
192
0
0
0
0
0
168
177
192
0
0
0
0
0
112
122
192
0
0
0
0
0
191
177
192
0
0
0
0
0
128
95
64
0
0
0
0
0
148
177
192
0
0
0
0
0
24
133
64
0
0
0
0
0
39
177
192
0
0
0
0
0
0
147
64
0
0
0
0
0
121
176
192
0
0
0
0
0
48
155
64
0
0
0
0
0
26
175
192
0
0
0
0
0
126
161
64
0
0
0
0
0
202
172
192
0
0
0
0
0
38
165
64
0
0
0
0
0
14
170
192
0
0
0
0
0
128
168
64
0
0
0
0
0
238
166
192
0
0
0
0
0
128
171
64
0
0
0
0
0
118
163
192
0
0
0
0
0
26
174
64
0
0
0
0
0
100
159
192
0
0
0
0
0
34
176
64
0
0
0
0
0
96
151
192
0
0
0
0
0
251
176
64
0
0
0
0
0
8
142
192
0
0
0
0
0
148
177
64
0
0
0
0
0
176
121
192
0
0
0
0
0
236
177
64
0
0
0
0
0
96
98
64
0
0
0
0
0
0
178
64
0
0
0
0
0
248
133
64
0
0
0
0
0
208
177
64
0
0
0
0
0
136
147
64
0
0
0
0
0
93
177
64
0
0
0
0
0
208
155
64
0
0
0
0
0
169
176
64
0
0
0
0
0
216
161
64
0
0
0
0
0
108
175
64
0
0
0
0
0
134
165
64
0
0
0
0
0
14
173
64
0
0
0
0
0
230
168
64
0
0
0
0
0
64
170
64
0
0
0
0
0
232
171
64
0
0
0
0
0
16
167
64
0
0
0
0
0
130
174
64
0
0
0
0
0
136
163
64
0
0
0
0
0
85
176
64
0
0
0
0
0
108
159
64
0
0
0
0
0
43
177
64
0
0
0
0
0
76
151
64
0
0
0
0
0
193
177
64
0
0
0
0
0
168
141
64
0
0
0
0
0
20
178
64
0
0
0
0
0
144
120
64
0
0
0
0
0
35
178
64
0
0
0
0
0
64
101
192
0
0
0
0
0
238
177
64
0
0
0
0
0
208
134
192
0
0
0
0
0
117
177
64
0
0
0
0
0
0
148
192
0
0
0
0
0
187
176
64
0
0
0
0
0
80
156
192
0
0
0
0
0
132
175
64
0
0
0
0
0
26
162
192
0
0
0
0
0
26
173
64
0
0
0
0
0
202
165
192
0
0
0
0
0
66
170
64
0
0
0
0
0
40
169
192
0
0
0
0
0
8
167
64
0
0
0
0
0
40
172
192
0
0
0
0
0
118
163
64
0
0
0
0
0
190
174
192
0
0
0
0
0
56
159
64
0
0
0
0
0
113
176
192
0
0
0
0
0
12
151
64
0
0
0
0
0
69
177
192
0
0
0
0
0
16
141
64
0
0
0
0
0
216
177
192
0
0
0
0
0
48
119
64
0
0
0
0
0
0
0
0
0
0
0
0
0
0
0
0
0
0
0
0
0
0
0
0
0
0
0
0
0
0
0
0
0
0
0
0
0
0
0
0
0
0
0
0
0
0
0
0
0
0
0
0
0
0
0
0
0
0
0
0
0
0
0
0
0
0
0
0
0
0
0
0
0
0
0
0
0
0
0
0
0
0
0
0
0
0
0
0
0
0
0
0
0
0
0
0
0
0
0
0
0
0
0
0
0
0
0
0
0
0
0
0
0
0
0
0
0
0
0
0
0
0
0
0
0
0
0
0
0
0
0
0
0
0
0
0
0
0
0
0
0
0
0
0
0
0
0
0
0
0
0
0
0
0
0
0
0
0
0
0
0
0
0
0
0
0
0
0
0
0
0
0
0
0
0
0
0
0
0
0
0
0
0
0
0
0
0
0
0
0
0
0
0
0
0
0
0
0
0
0
0
0
0
0
0
0
0
0
0
0
0
0
0
0
0
0
0
0
0
0
0
0
0
0
0
0
0
0
0
0
0
0
0
0
0
0
0
0
0
0
0
0
0
0
0
0
0
0
0
0
0
0
0
0
0
0
0
0
0
0
0
0
0
0
0
0
0
0
0
0
0
0
0
0
0
0
0
0
0
0
0
0
0
0
0
0
0
0
0
0
0
0
0
0
0
0
0
0
0
0
0
0
0
0
0
0
0
0
0
0
0
0
0
0
0
0
0
0
0
0
0
0
0
0
0
0
0
0
0
0
0
0
0
0
0
0
0
0
0
0
0
0
0
0
0
0
0
0
0
0
0
0
0
0
0
0
0
0
0
0
0
0
0
0
0
0
0
0
0
0
0
0
0
0
0
0
0
0
0
0
0
0
0
0
0
0
0
0
0
0
0
0
0
0
0
0
0
0
0
0
0
0
0
0
0
0
0
0
0
0
0
0
0
0
0
0
0
0
0
0
0
0
0
0
0
0
0
0
0
0
0
0
0
0
0
0
0
0
0
0
0
0
0
0
0
0
0
0
0
0
0
0
0
0
0
0
0
0
0
0
0
0
0
0
0
0
0
0
0
0
0
0
0
0
0
0
0
0
0
0
0
0
0
0
0
0
0
0
0
0
0
0
0
0
0
0
0
0
0
0
0
0
0
0
0
0
0
0
0
0
0
0
0
0
0
0
0
0
0
0
0
0
0
0
0
0
0
0
0
0
0
0
0
0
0
0
0
0
0
0
0
0
0
0
0
0
0
0
0
0
0
0
0
0
0
0
0
0
0
0
0
0
0
0
0
0
0
0
0
0
0
0
0
0
0
0
0
0
0
0
0
0
0
0
0
0
0
0
0
0
0
0
0
0
0
0
0
0
0
0
0
0
0
0
0
0
0
0
0
0
0
0
0
0
0
0
0
0
0
0
0
0
0
0
0
0
0
0
0
0
0
0
0
0
0
0
0
0
0
0
0
0
0
0
0
0
0
0
0
0
0
0
0
0
0
0
0
0
0
0
0
0
0
0
0
0
0
0
0
0
0
0
0
0
0
0
0
0
0
0
0
0
0
0
0
0
0
0
0
0
0
0
0
0
0
0
0
0
0
0
0
0
0
0
0
0
0
0
0
0
0
0
0
0
0
0
0
0
0
0
0
0
0
0
0
0
0
0
0
0
0
0
0
0
0
0
0
0
0
0
0
0
0
0
0
0
0
0
0
0
0
0
0
0
0
0
0
0
0
0
0
0
0
0
0
0
0
0
0
0
0
0
0
0
0
0
0
0
0
0
0
0
0
0
0
0
0
0
0
0
0
0
0
0
0
0
0
0
0
0
0
0
0
0
0
0
0
0
0
0
0
0
0
0
0
0
0
0
0
0
0
0
0
0
0
0
0
0
0
0
0
0
0
0
0
0
0
0
0
0
0
0
0
0
0
0
0
0
0
0
0
0
0
0
0
0
0
0
0
0
0
0
0
0
0
0
0
0
0
0
0
0
0
0
0
0
0
0
0
0
0
0
0
0
0
0
0
0
0
0
0
0
0
0
0
0
0
0
0
0
0
0
0
0
0
0
0
0
0
0
0
0
0
0
0
0
0
0
0
0
0
0
0
0
0
0
0
0
0
0
0
0
0
0
0
0
0
0
0
0
0
0
0
0
0
0
0
0
0
0
0
0
0
0
0
0
0
0
0
0
0
0
0
0
0
0
0
0
0
0
0
0
0
0
0
0
0
0
0
0
0
0
0
0
0
0
0
0
0
0
0
0
0
0
0
0
0
0
0
0
0
0
0
0
0
0
0
0
0
0
0
0
0
0
0
0
0
0
0
0
0
0
0
0
0
0
0
0
0
0
0
0
0
0
0
0
0
0
0
0
0
0
0
0
0
0
0
0
0
0
0
0
0
0
0
0
0
0
0
0
0
0
0
0
0
0
0
0
0
0
0
0
0
0
0
0
0
0
0
0
0
0
0
0
0
0
0
0
0
0
0
0
0
0
0
0
0
0
0
0
0
0
0
0
0
0
0
0
0
0
0
0
0
0
0
0
0
0
0
0
0
0
0
0
0
0
0
0
0
0
0
0
0
0
0
0
0
0
0
0
0
0
0
0
0
0
0
0
0
0
0
0
0
0
0
0
0
0
0
0
0
0
0
0
0
0
0
0
0
0
0
0
0
0
0
0
0
0
0
0
0
0
0
0
0
0
0
0
0
0
0
0
0
0
0
0
0
0
0
0
0
0
0
0
0
0
0
0
0
0
0
0
0
0
0
0
0
0
0
0
0
0
0
0
0
0
0
0
0
0
0