58
70
65
67
84
58
67
68
65
84
49
56
58
68
65
84
65
32
35
57
48
48
48
48
48
54
57
51
54
0
0
0
0
0
0
20
64
0
0
0
0
0
214
175
64
0
0
0
0
0
0
16
64
0
0
0
0
0
214
175
64
0
0
0
0
0
0
8
64
0
0
0
0
0
210
175
64
0
0
0
0
0
0
8
64
0
0
0
0
0
206
175
64
0
0
0
0
0
0
0
64
0
0
0
0
0
200
175
64
0
0
0
0
0
0
240
63
0
0
0
0
0
196
175
64
0
0
0
0
0
0
240
63
0
0
0
0
0
194
175
64
0
0
0
0
0
0
240
63
0
0
0
0
0
196
175
64
0
0
0
0
0
0
0
64
0
0
0
0
0
198
175
64
0
0
0
0
0
0
8
64
0
0
0
0
0
202
175
64
0
0
0
0
0
0
16
64
0
0
0
0
0
204
175
64
0
0
0
0
0
0
16
64
0
0
0
0
0
206
175
64
0
0
0
0
0
0
16
64
0
0
0
0
0
202
175
64
0
0
0
0
0
0
16
64
0
0
0
0
0
198
175
64
0
0
0
0
0
0
0
64
0
0
0
0
0
192
175
64
0
0
0
0
0
0
240
63
0
0
0
0
0
188
175
64
0
0
0
0
0
0
0
0
0
0
0
0
0
184
175
64
0
0
0
0
0
0
0
0
0
0
0
0
0
184
175
64
0
0
0
0
0
0
240
63
0
0
0
0
0
186
175
64
0
0
0
0
0
0
8
64
0
0
0
0
0
190
175
64
0
0
0
0
0
0
20
64
0
0
0
0
0
192
175
64
0
0
0
0
0
0
28
64
0
0
0
0
0
194
175
64
0
0
0
0
0
0
28
64
0
0
0
0
0
194
175
64
0
0
0
0
0
0
24
64
0
0
0
0
0
192
175
64
0
0
0
0
0
0
8
64
0
0
0
0
0
188
175
64
0
0
0
0
0
0
0
0
0
0
0
0
0
184
175
64
0
0
0
0
0
0
8
192
0
0
0
0
0
180
175
64
0
0
0
0
0
0
16
192
0
0
0
0
0
178
175
64
0
0
0
0
0
0
8
192
0
0
0
0
0
176
175
64
0
0
0
0
0
0
240
191
0
0
0
0
0
176
175
64
0
0
0
0
0
0
8
64
0
0
0
0
0
176
175
64
0
0
0
0
0
0
20
64
0
0
0
0
0
176
175
64
0
0
0
0
0
0
24
64
0
0
0
0
0
176
175
64
0
0
0
0
0
0
8
64
0
0
0
0
0
174
175
64
0
0
0
0
0
0
0
192
0
0
0
0
0
172
175
64
0
0
0
0
0
0
32
192
0
0
0
0
0
170
175
64
0
0
0
0
0
0
36
192
0
0
0
0
0
168
175
64
0
0
0
0
0
0
28
192
0
0
0
0
0
166
175
64
0
0
0
0
0
0
16
64
0
0
0
0
0
166
175
64
0
0
0
0
0
0
52
64
0
0
0
0
0
166
175
64
0
0
0
0
0
0
65
64
0
0
0
0
0
164
175
64
0
0
0
0
0
128
66
64
0
0
0
0
0
156
175
64
0
0
0
0
0
0
50
64
0
0
0
0
0
146
175
64
0
0
0
0
0
0
61
192
0
0
0
0
0
138
175
64
0
0
0
0
0
0
88
192
0
0
0
0
0
130
175
64
0
0
0
0
0
160
99
192
0
0
0
0
0
126
175
64
0
0
0
0
0
128
101
192
0
0
0
0
0
126
175
64
0
0
0
0
0
192
89
192
0
0
0
0
0
170
175
64
0
0
0
0
0
128
84
64
0
0
0
0
0
34
176
64
0
0
0
0
0
96
119
64
0
0
0
0
0
204
176
64
0
0
0
0
0
248
133
64
0
0
0
0
0
197
177
64
0
0
0
0
0
120
142
64
0
0
0
0
0
153
178
64
0
0
0
0
0
128
145
64
0
0
0
0
0
178
178
64
0
0
0
0
0
180
145
64
0
0
0
0
0
10
178
64
0
0
0
0
0
40
144
64
0
0
0
0
0
34
177
64
0
0
0
0
0
24
138
64
0
0
0
0
0
104
176
64
0
0
0
0
0
184
129
64
0
0
0
0
0
244
175
64
0
0
0
0
0
240
113
64
0
0
0
0
0
142
175
64
0
0
0
0
0
0
76
64
0
0
0
0
0
106
175
64
0
0
0
0
0
64
85
192
0
0
0
0
0
96
175
64
0
0
0
0
0
64
97
192
0
0
0
0
0
94
175
64
0
0
0
0
0
64
95
192
0
0
0
0
0
94
175
64
0
0
0
0
0
128
83
192
0
0
0
0
0
98
175
64
0
0
0
0
0
0
57
192
0
0
0
0
0
104
175
64
0
0
0
0
0
0
40
64
0
0
0
0
0
108
175
64
0
0
0
0
0
0
60
64
0
0
0
0
0
112
175
64
0
0
0
0
0
0
59
64
0
0
0
0
0
112
175
64
0
0
0
0
0
0
49
64
0
0
0
0
0
108
175
64
0
0
0
0
0
0
16
64
0
0
0
0
0
104
175
64
0
0
0
0
0
0
20
192
0
0
0
0
0
98
175
64
0
0
0
0
0
0
36
192
0
0
0
0
0
90
175
64
0
0
0
0
0
0
36
192
0
0
0
0
0
84
175
64
0
0
0
0
0
0
28
192
0
0
0
0
0
80
175
64
0
0
0
0
0
0
16
192
0
0
0
0
0
76
175
64
0
0
0
0
0
0
240
191
0
0
0
0
0
76
175
64
0
0
0
0
0
0
0
0
0
0
0
0
0
78
175
64
0
0
0
0
0
0
240
63
0
0
0
0
0
80
175
64
0
0
0
0
0
0
240
63
0
0
0
0
0
80
175
64
0
0
0
0
0
0
0
0
0
0
0
0
0
78
175
64
0
0
0
0
0
0
240
191
0
0
0
0
0
74
175
64
0
0
0
0
0
0
240
191
0
0
0
0
0
68
175
64
0
0
0
0
0
0
0
192
0
0
0
0
0
62
175
64
0
0
0
0
0
0
0
192
0
0
0
0
0
56
175
64
0
0
0
0
0
0
0
192
0
0
0
0
0
52
175
64
0
0
0
0
0
0
8
192
0
0
0
0
0
50
175
64
0
0
0
0
0
0
8
192
0
0
0
0
0
48
175
64
0
0
0
0
0
0
8
192
0
0
0
0
0
48
175
64
0
0
0
0
0
0
16
192
0
0
0
0
0
48
175
64
0
0
0
0
0
0
16
192
0
0
0
0
0
46
175
64
0
0
0
0
0
0
8
192
0
0
0
0
0
42
175
64
0
0
0
0
0
0
8
192
0
0
0
0
0
36
175
64
0
0
0
0
0
0
8
192
0
0
0
0
0
32
175
64
0
0
0
0
0
0
0
192
0
0
0
0
0
26
175
64
0
0
0
0
0
0
240
191
0
0
0
0
0
22
175
64
0
0
0
0
0
0
240
191
0
0
0
0
0
18
175
64
0
0
0
0
0
0
240
191
0
0
0
0
0
16
175
64
0
0
0
0
0
0
240
191
0
0
0
0
0
16
175
64
0
0
0
0
0
0
240
191
0
0
0
0
0
14
175
64
0
0
0
0
0
0
240
191
0
0
0
0
0
12
175
64
0
0
0
0
0
0
240
191
0
0
0
0
0
8
175
64
0
0
0
0
0
0
0
0
0
0
0
0
0
4
175
64
0
0
0
0
0
0
240
63
0
0
0
0
0
0
175
64
0
0
0
0
0
0
0
64
0
0
0
0
0
250
174
64
0
0
0
0
0
0
8
64
0
0
0
0
0
248
174
64
0
0
0
0
0
0
16
64
0
0
0
0
0
246
174
64
0
0
0
0
0
0
16
64
0
0
0
0
0
246
174
64
0
0
0
0
0
0
16
64
0
0
0
0
0
246
174
64
0
0
0
0
0
0
8
64
0
0
0
0
0
246
174
64
0
0
0
0
0
0
8
64
0
0
0
0
0
244
174
64
0
0
0
0
0
0
8
64
0
0
0
0
0
240
174
64
0
0
0
0
0
0
16
64
0
0
0
0
0
234
174
64
0
0
0
0
0
0
24
64
0
0
0
0
0
226
174
64
0
0
0
0
0
0
32
64
0
0
0
0
0
220
174
64
0
0
0
0
0
0
36
64
0
0
0
0
0
216
174
64
0
0
0
0
0
0
38
64
0
0
0
0
0
214
174
64
0
0
0
0
0
0
40
64
0
0
0
0
0
216
174
64
0
0
0
0
0
0
40
64
0
0
0
0
0
218
174
64
0
0
0
0
0
0
40
64
0
0
0
0
0
220
174
64
0
0
0
0
0
0
38
64
0
0
0
0
0
222
174
64
0
0
0
0
0
0
38
64
0
0
0
0
0
220
174
64
0
0
0
0
0
0
36
64
0
0
0
0
0
214
174
64
0
0
0
0
0
0
36
64
0
0
0
0
0
206
174
64
0
0
0
0
0
0
34
64
0
0
0
0
0
198
174
64
0
0
0
0
0
0
34
64
0
0
0
0
0
192
174
64
0
0
0
0
0
0
34
64
0
0
0
0
0
188
174
64
0
0
0
0
0
0
32
64
0
0
0
0
0
188
174
64
0
0
0
0
0
0
32
64
0
0
0
0
0
190
174
64
0
0
0
0
0
0
28
64
0
0
0
0
0
192
174
64
0
0
0
0
0
0
28
64
0
0
0
0
0
194
174
64
0
0
0
0
0
0
28
64
0
0
0
0
0
192
174
64
0
0
0
0
0
0
24
64
0
0
0
0
0
186
174
64
0
0
0
0
0
0
24
64
0
0
0
0
0
178
174
64
0
0
0
0
0
0
28
64
0
0
0
0
0
170
174
64
0
0
0
0
0
0
28
64
0
0
0
0
0
162
174
64
0
0
0
0
0
0
28
64
0
0
0
0
0
158
174
64
0
0
0
0
0
0
28
64
0
0
0
0
0
156
174
64
0
0
0
0
0
0
28
64
0
0
0
0
0
158
174
64
0
0
0
0
0
0
32
64
0
0
0
0
0
160
174
64
0
0
0
0
0
0
32
64
0
0
0
0
0
162
174
64
0
0
0
0
0
0
28
64
0
0
0
0
0
158
174
64
0
0
0
0
0
0
28
64
0
0
0
0
0
152
174
64
0
0
0
0
0
0
24
64
0
0
0
0
0
142
174
64
0
0
0
0
0
0
20
64
0
0
0
0
0
132
174
64
0
0
0
0
0
0
16
64
0
0
0
0
0
122
174
64
0
0
0
0
0
0
8
64
0
0
0
0
0
116
174
64
0
0
0
0
0
0
8
64
0
0
0
0
0
112
174
64
0
0
0
0
0
0
0
64
0
0
0
0
0
114
174
64
0
0
0
0
0
0
0
64
0
0
0
0
0
116
174
64
0
0
0
0
0
0
0
64
0
0
0
0
0
118
174
64
0
0
0
0
0
0
0
64
0
0
0
0
0
116
174
64
0
0
0
0
0
0
0
64
0
0
0
0
0
112
174
64
0
0
0
0
0
0
0
64
0
0
0
0
0
102
174
64
0
0
0
0
0
0
240
63
0
0
0
0
0
92
174
64
0
0
0
0
0
0
240
63
0
0
0
0
0
80
174
64
0
0
0
0
0
0
240
63
0
0
0
0
0
72
174
64
0
0
0
0
0
0
240
63
0
0
0
0
0
66
174
64
0
0
0
0
0
0
0
64
0
0
0
0
0
64
174
64
0
0
0
0
0
0
8
64
0
0
0
0
0
64
174
64
0
0
0
0
0
0
16
64
0
0
0
0
0
64
174
64
0
0
0
0
0
0
16
64
0
0
0
0
0
62
174
64
0
0
0
0
0
0
8
64
0
0
0
0
0
56
174
64
0
0
0
0
0
0
240
63
0
0
0
0
0
46
174
64
0
0
0
0
0
0
0
192
0
0
0
0
0
34
174
64
0
0
0
0
0
0
16
192
0
0
0
0
0
24
174
64
0
0
0
0
0
0
0
192
0
0
0
0
0
16
174
64
0
0
0
0
0
0
16
64
0
0
0
0
0
12
174
64
0
0
0
0
0
0
49
64
0
0
0
0
0
16
174
64
0
0
0
0
0
0
65
64
0
0
0
0
0
20
174
64
0
0
0
0
0
128
71
64
0
0
0
0
0
22
174
64
0
0
0
0
0
128
71
64
0
0
0
0
0
16
174
64
0
0
0
0
0
0
57
64
0
0
0
0
0
4
174
64
0
0
0
0
0
0
60
192
0
0
0
0
0
242
173
64
0
0
0
0
0
0
89
192
0
0
0
0
0
224
173
64
0
0
0
0
0
128
100
192
0
0
0
0
0
206
173
64
0
0
0
0
0
64
102
192
0
0
0
0
0
196
173
64
0
0
0
0
0
192
88
192
0
0
0
0
0
234
173
64
0
0
0
0
0
0
91
64
0
0
0
0
0
142
174
64
0
0
0
0
0
112
123
64
0
0
0
0
0
250
175
64
0
0
0
0
0
16
138
64
0
0
0
0
0
10
177
64
0
0
0
0
0
188
146
64
0
0
0
0
0
238
177
64
0
0
0
0
0
84
150
64
0
0
0
0
0
2
178
64
0
0
0
0
0
196
150
64
0
0
0
0
0
66
177
64
0
0
0
0
0
68
148
64
0
0
0
0
0
64
176
64
0
0
0
0
0
144
143
64
0
0
0
0
0
232
174
64
0
0
0
0
0
240
132
64
0
0
0
0
0
250
173
64
0
0
0
0
0
96
117
64
0
0
0
0
0
146
173
64
0
0
0
0
0
0
84
64
0
0
0
0
0
122
173
64
0
0
0
0
0
64
83
192
0
0
0
0
0
134
173
64
0
0
0
0
0
192
96
192
0
0
0
0
0
152
173
64
0
0
0
0
0
192
93
192
0
0
0
0
0
166
173
64
0
0
0
0
0
128
80
192
0
0
0
0
0
174
173
64
0
0
0
0
0
0
34
192
0
0
0
0
0
168
173
64
0
0
0
0
0
0
63
64
0
0
0
0
0
146
173
64
0
0
0
0
0
0
71
64
0
0
0
0
0
116
173
64
0
0
0
0
0
0
69
64
0
0
0
0
0
88
173
64
0
0
0
0
0
0
62
64
0
0
0
0
0
68
173
64
0
0
0
0
0
0
50
64
0
0
0
0
0
64
173
64
0
0
0
0
0
0
42
64
0
0
0
0
0
74
173
64
0
0
0
0
0
0
48
64
0
0
0
0
0
94
173
64
0
0
0
0
0
0
56
64
0
0
0
0
0
112
173
64
0
0
0
0
0
0
65
64
0
0
0
0
0
120
173
64
0
0
0
0
0
0
68
64
0
0
0
0
0
116
173
64
0
0
0
0
0
0
68
64
0
0
0
0
0
94
173
64
0
0
0
0
0
0
65
64
0
0
0
0
0
64
173
64
0
0
0
0
0
0
56
64
0
0
0
0
0
34
173
64
0
0
0
0
0
0
46
64
0
0
0
0
0
10
173
64
0
0
0
0
0
0
36
64
0
0
0
0
0
2
173
64
0
0
0
0
0
0
42
64
0
0
0
0
0
8
173
64
0
0
0
0
0
0
56
64
0
0
0
0
0
24
173
64
0
0
0
0
0
128
67
64
0
0
0
0
0
42
173
64
0
0
0
0
0
128
74
64
0
0
0
0
0
56
173
64
0
0
0
0
0
128
78
64
0
0
0
0
0
56
173
64
0
0
0
0
0
128
77
64
0
0
0
0
0
42
173
64
0
0
0
0
0
0
72
64
0
0
0
0
0
18
173
64
0
0
0
0
0
0
62
64
0
0
0
0
0
246
172
64
0
0
0
0
0
0
40
64
0
0
0
0
0
222
172
64
0
0
0
0
0
0
0
0
0
0
0
0
0
206
172
64
0
0
0
0
0
0
240
63
0
0
0
0
0
202
172
64
0
0
0
0
0
0
46
64
0
0
0
0
0
208
172
64
0
0
0
0
0
0
67
64
0
0
0
0
0
218
172
64
0
0
0
0
0
128
79
64
0
0
0
0
0
230
172
64
0
0
0
0
0
64
84
64
0
0
0
0
0
236
172
64
0
0
0
0
0
64
85
64
0
0
0
0
0
236
172
64
0
0
0
0
0
64
82
64
0
0
0
0
0
228
172
64
0
0
0
0
0
128
72
64
0
0
0
0
0
214
172
64
0
0
0
0
0
0
54
64
0
0
0
0
0
200
172
64
0
0
0
0
0
0
0
0
0
0
0
0
0
182
172
64
0
0
0
0
0
0
32
192
0
0
0
0
0
164
172
64
0
0
0
0
0
0
8
64
0
0
0
0
0
148
172
64
0
0
0
0
0
0
61
64
0
0
0
0
0
136
172
64
0
0
0
0
0
0
78
64
0
0
0
0
0
130
172
64
0
0
0
0
0
192
85
64
0
0
0
0
0
130
172
64
0
0
0
0
0
0
89
64
0
0
0
0
0
138
172
64
0
0
0
0
0
64
87
64
0
0
0
0
0
150
172
64
0
0
0
0
0
64
81
64
0
0
0
0
0
162
172
64
0
0
0
0
0
128
66
64
0
0
0
0
0
168
172
64
0
0
0
0
0
0
34
64
0
0
0
0
0
162
172
64
0
0
0
0
0
0
24
192
0
0
0
0
0
138
172
64
0
0
0
0
0
0
0
0
0
0
0
0
0
104
172
64
0
0
0
0
0
0
56
64
0
0
0
0
0
66
172
64
0
0
0
0
0
128
76
64
0
0
0
0
0
32
172
64
0
0
0
0
0
128
86
64
0
0
0
0
0
18
172
64
0
0
0
0
0
192
91
64
0
0
0
0
0
26
172
64
0
0
0
0
0
0
92
64
0
0
0
0
0
56
172
64
0
0
0
0
0
64
87
64
0
0
0
0
0
96
172
64
0
0
0
0
0
128
79
64
0
0
0
0
0
130
172
64
0
0
0
0
0
0
63
64
0
0
0
0
0
144
172
64
0
0
0
0
0
0
34
64
0
0
0
0
0
128
172
64
0
0
0
0
0
0
16
64
0
0
0
0
0
80
172
64
0
0
0
0
0
0
48
64
0
0
0
0
0
16
172
64
0
0
0
0
0
128
68
64
0
0
0
0
0
210
171
64
0
0
0
0
0
0
81
64
0
0
0
0
0
168
171
64
0
0
0
0
0
64
86
64
0
0
0
0
0
166
171
64
0
0
0
0
0
0
88
64
0
0
0
0
0
202
171
64
0
0
0
0
0
192
85
64
0
0
0
0
0
4
172
64
0
0
0
0
0
128
80
64
0
0
0
0
0
64
172
64
0
0
0
0
0
0
69
64
0
0
0
0
0
102
172
64
0
0
0
0
0
0
53
64
0
0
0
0
0
100
172
64
0
0
0
0
0
0
40
64
0
0
0
0
0
50
172
64
0
0
0
0
0
0
46
64
0
0
0
0
0
226
171
64
0
0
0
0
0
0
61
64
0
0
0
0
0
136
171
64
0
0
0
0
0
128
71
64
0
0
0
0
0
66
171
64
0
0
0
0
0
0
80
64
0
0
0
0
0
38
171
64
0
0
0
0
0
128
82
64
0
0
0
0
0
64
171
64
0
0
0
0
0
64
82
64
0
0
0
0
0
130
171
64
0
0
0
0
0
0
80
64
0
0
0
0
0
206
171
64
0
0
0
0
0
128
73
64
0
0
0
0
0
6
172
64
0
0
0
0
0
0
67
64
0
0
0
0
0
20
172
64
0
0
0
0
0
0
60
64
0
0
0
0
0
232
171
64
0
0
0
0
0
0
57
64
0
0
0
0
0
144
171
64
0
0
0
0
0
0
60
64
0
0
0
0
0
36
171
64
0
0
0
0
0
128
65
64
0
0
0
0
0
196
170
64
0
0
0
0
0
128
70
64
0
0
0
0
0
144
170
64
0
0
0
0
0
0
76
64
0
0
0
0
0
156
170
64
0
0
0
0
0
128
80
64
0
0
0
0
0
220
170
64
0
0
0
0
0
128
82
64
0
0
0
0
0
52
171
64
0
0
0
0
0
128
83
64
0
0
0
0
0
126
171
64
0
0
0
0
0
192
83
64
0
0
0
0
0
158
171
64
0
0
0
0
0
192
82
64
0
0
0
0
0
130
171
64
0
0
0
0
0
128
80
64
0
0
0
0
0
46
171
64
0
0
0
0
0
128
75
64
0
0
0
0
0
186
170
64
0
0
0
0
0
0
70
64
0
0
0
0
0
76
170
64
0
0
0
0
0
0
67
64
0
0
0
0
0
2
170
64
0
0
0
0
0
0
68
64
0
0
0
0
0
250
169
64
0
0
0
0
0
128
75
64
0
0
0
0
0
48
170
64
0
0
0
0
0
192
83
64
0
0
0
0
0
136
170
64
0
0
0
0
0
64
90
64
0
0
0
0
0
224
170
64
0
0
0
0
0
128
95
64
0
0
0
0
0
20
171
64
0
0
0
0
0
224
96
64
0
0
0
0
0
12
171
64
0
0
0
0
0
64
95
64
0
0
0
0
0
198
170
64
0
0
0
0
0
0
89
64
0
0
0
0
0
92
170
64
0
0
0
0
0
0
81
64
0
0
0
0
0
236
169
64
0
0
0
0
0
0
69
64
0
0
0
0
0
154
169
64
0
0
0
0
0
128
65
64
0
0
0
0
0
128
169
64
0
0
0
0
0
128
76
64
0
0
0
0
0
166
169
64
0
0
0
0
0
128
90
64
0
0
0
0
0
248
169
64
0
0
0
0
0
96
100
64
0
0
0
0
0
82
170
64
0
0
0
0
0
96
105
64
0
0
0
0
0
148
170
64
0
0
0
0
0
32
105
64
0
0
0
0
0
164
170
64
0
0
0
0
0
64
97
64
0
0
0
0
0
126
170
64
0
0
0
0
0
0
56
64
0
0
0
0
0
52
170
64
0
0
0
0
0
0
88
192
0
0
0
0
0
214
169
64
0
0
0
0
0
192
99
192
0
0
0
0
0
130
169
64
0
0
0
0
0
64
87
192
0
0
0
0
0
106
169
64
0
0
0
0
0
0
100
64
0
0
0
0
0
224
169
64
0
0
0
0
0
72
131
64
0
0
0
0
0
40
171
64
0
0
0
0
0
116
147
64
0
0
0
0
0
12
173
64
0
0
0
0
0
132
158
64
0
0
0
0
0
156
174
64
0
0
0
0
0
92
163
64
0
0
0
0
0
210
174
64
0
0
0
0
0
156
163
64
0
0
0
0
0
158
173
64
0
0
0
0
0
60
160
64
0
0
0
0
0
228
171
64
0
0
0
0
0
252
150
64
0
0
0
0
0
132
170
64
0
0
0
0
0
8
140
64
0
0
0
0
0
192
169
64
0
0
0
0
0
224
122
64
0
0
0
0
0
110
169
64
0
0
0
0
0
64
90
64
0
0
0
0
0
92
169
64
0
0
0
0
0
0
75
192
0
0
0
0
0
100
169
64
0
0
0
0
0
0
80
192
0
0
0
0
0
118
169
64
0
0
0
0
0
0
56
64
0
0
0
0
0
142
169
64
0
0
0
0
0
96
98
64
0
0
0
0
0
166
169
64
0
0
0
0
0
0
111
64
0
0
0
0
0
182
169
64
0
0
0
0
0
224
113
64
0
0
0
0
0
186
169
64
0
0
0
0
0
0
112
64
0
0
0
0
0
176
169
64
0
0
0
0
0
64
103
64
0
0
0
0
0
158
169
64
0
0
0
0
0
64
91
64
0
0
0
0
0
132
169
64
0
0
0
0
0
0
77
64
0
0
0
0
0
98
169
64
0
0
0
0
0
128
74
64
0
0
0
0
0
62
169
64
0
0
0
0
0
192
87
64
0
0
0
0
0
28
169
64
0
0
0
0
0
160
100
64
0
0
0
0
0
6
169
64
0
0
0
0
0
160
109
64
0
0
0
0
0
4
169
64
0
0
0
0
0
224
113
64
0
0
0
0
0
24
169
64
0
0
0
0
0
48
114
64
0
0
0
0
0
62
169
64
0
0
0
0
0
160
111
64
0
0
0
0
0
104
169
64
0
0
0
0
0
96
103
64
0
0
0
0
0
138
169
64
0
0
0
0
0
64
93
64
0
0
0
0
0
144
169
64
0
0
0
0
0
128
80
64
0
0
0
0
0
114
169
64
0
0
0
0
0
128
72
64
0
0
0
0
0
44
169
64
0
0
0
0
0
128
81
64
0
0
0
0
0
208
168
64
0
0
0
0
0
192
93
64
0
0
0
0
0
116
168
64
0
0
0
0
0
0
102
64
0
0
0
0
0
52
168
64
0
0
0
0
0
192
107
64
0
0
0
0
0
34
168
64
0
0
0
0
0
64
110
64
0
0
0
0
0
70
168
64
0
0
0
0
0
160
108
64
0
0
0
0
0
138
168
64
0
0
0
0
0
32
104
64
0
0
0
0
0
210
168
64
0
0
0
0
0
64
98
64
0
0
0
0
0
2
169
64
0
0
0
0
0
0
90
64
0
0
0
0
0
0
169
64
0
0
0
0
0
192
83
64
0
0
0
0
0
200
168
64
0
0
0
0
0
0
83
64
0
0
0
0
0
100
168
64
0
0
0
0
0
64
87
64
0
0
0
0
0
240
167
64
0
0
0
0
0
128
94
64
0
0
0
0
0
138
167
64
0
0
0
0
0
64
99
64
0
0
0
0
0
80
167
64
0
0
0
0
0
224
102
64
0
0
0
0
0
82
167
64
0
0
0
0
0
64
105
64
0
0
0
0
0
134
167
64
0
0
0
0
0
128
106
64
0
0
0
0
0
204
167
64
0
0
0
0
0
160
106
64
0
0
0
0
0
14
168
64
0
0
0
0
0
0
106
64
0
0
0
0
0
46
168
64
0
0
0
0
0
160
104
64
0
0
0
0
0
30
168
64
0
0
0
0
0
0
103
64
0
0
0
0
0
230
167
64
0
0
0
0
0
96
101
64
0
0
0
0
0
150
167
64
0
0
0
0
0
64
100
64
0
0
0
0
0
64
167
64
0
0
0
0
0
64
100
64
0
0
0
0
0
252
166
64
0
0
0
0
0
224
101
64
0
0
0
0
0
214
166
64
0
0
0
0
0
96
105
64
0
0
0
0
0
210
166
64
0
0
0
0
0
32
110
64
0
0
0
0
0
228
166
64
0
0
0
0
0
144
113
64
0
0
0
0
0
4
167
64
0
0
0
0
0
112
115
64
0
0
0
0
0
36
167
64
0
0
0
0
0
16
116
64
0
0
0
0
0
62
167
64
0
0
0
0
0
32
115
64
0
0
0
0
0
76
167
64
0
0
0
0
0
208
112
64
0
0
0
0
0
76
167
64
0
0
0
0
0
0
108
64
0
0
0
0
0
62
167
64
0
0
0
0
0
0
103
64
0
0
0
0
0
32
167
64
0
0
0
0
0
160
100
64
0
0
0
0
0
242
166
64
0
0
0
0
0
0
102
64
0
0
0
0
0
184
166
64
0
0
0
0
0
0
107
64
0
0
0
0
0
124
166
64
0
0
0
0
0
0
113
64
0
0
0
0
0
78
166
64
0
0
0
0
0
96
116
64
0
0
0
0
0
56
166
64
0
0
0
0
0
144
118
64
0
0
0
0
0
74
166
64
0
0
0
0
0
176
118
64
0
0
0
0
0
124
166
64
0
0
0
0
0
176
116
64
0
0
0
0
0
188
166
64
0
0
0
0
0
80
113
64
0
0
0
0
0
244
166
64
0
0
0
0
0
96
107
64
0
0
0
0
0
12
167
64
0
0
0
0
0
128
101
64
0
0
0
0
0
246
166
64
0
0
0
0
0
224
98
64
0
0
0
0
0
172
166
64
0
0
0
0
0
0
100
64
0
0
0
0
0
58
166
64
0
0
0
0
0
32
104
64
0
0
0
0
0
182
165
64
0
0
0
0
0
192
109
64
0
0
0
0
0
54
165
64
0
0
0
0
0
176
113
64
0
0
0
0
0
212
164
64
0
0
0
0
0
224
115
64
0
0
0
0
0
154
164
64
0
0
0
0
0
32
117
64
0
0
0
0
0
136
164
64
0
0
0
0
0
144
117
64
0
0
0
0
0
146
164
64
0
0
0
0
0
80
117
64
0
0
0
0
0
172
164
64
0
0
0
0
0
192
116
64
0
0
0
0
0
202
164
64
0
0
0
0
0
32
116
64
0
0
0
0
0
224
164
64
0
0
0
0
0
176
115
64
0
0
0
0
0
234
164
64
0
0
0
0
0
112
115
64
0
0
0
0
0
236
164
64
0
0
0
0
0
96
115
64
0
0
0
0
0
232
164
64
0
0
0
0
0
112
115
64
0
0
0
0
0
226
164
64
0
0
0
0
0
160
115
64
0
0
0
0
0
220
164
64
0
0
0
0
0
192
115
64
0
0
0
0
0
216
164
64
0
0
0
0
0
208
115
64
0
0
0
0
0
214
164
64
0
0
0
0
0
224
115
64
0
0
0
0
0
214
164
64
0
0
0
0
0
224
115
64
0
0
0
0
0
216
164
64
0
0
0
0
0
208
115
64
0
0
0
0
0
218
164
64
0
0
0
0
0
208
115
64
0
0
0
0
0
218
164
64
0
0
0
0
0
192
115
64
0
0
0
0
0
220
164
64
0
0
0
0
0
192
115
64
0
0
0
0
0
220
164
64
0
0
0
0
0
192
115
64
0
0
0
0
0
220
164
64
0
0
0
0
0
192
115
64
0
0
0
0
0
220
164
64
0
0
0
0
0
192
115
64
0
0
0
0
0
218
164
64
0
0
0
0
0
192
115
64
0
0
0
0
0
218
164
64
0
0
0
0
0
192
115
64
0
0
0
0
0
218
164
64
0
0
0
0
0
192
115
64
0
0
0
0
0
218
164
64
0
0
0
0
0
192
115
64
0
0
0
0
0
218
164
64
0
0
0
0
0
192
115
64
0
0
0
0
0
218
164
64
0
0
0
0
0
192
115
64
0
0
0
0
0
218
164
64
0
0
0
0
0
192
115
64
0
0
0
0
0
218
164
64
0
0
0
0
0
192
115
64
0
0
0
0
0
218
164
64
0
0
0
0
0
192
115
64
0
0
0
0
0
218
164
64
0
0
0
0
0
192
115
64
0
0
0
0
0
218
164
64
0
0
0
0
0
192
115
64
0
0
0
0
0
218
164
64
0
0
0
0
0
192
115
64
0
0
0
0
0
218
164
64
0
0
0
0
0
192
115
64
0
0
0
0
0
218
164
64
0
0
0
0
0
192
115
64
0
0
0
0
0
218
164
64
0
0
0
0
0
192
115
64
0
0
0
0
0
218
164
64
0
0
0
0
0
192
115
64
0
0
0
0
0
218
164
64
0
0
0
0
0
192
115
64
0
0
0
0
0
218
164
64
0
0
0
0
0
192
115
64
0
0
0
0
0
218
164
64
0
0
0
0
0
192
115
64
0
0
0
0
0
218
164
64
0
0
0
0
0
192
115
64
0
0
0
0
0
218
164
64
0
0
0
0
0
192
115
64
0
0
0
0
0
218
164
64
0
0
0
0
0
192
115
64
0
0
0
0
0
218
164
64
0
0
0
0
0
192
115
64
0
0
0
0
0
218
164
64
0
0
0
0
0
192
115
64
0
0
0
0
0
218
164
64
0
0
0
0
0
192
115
64
0
0
0
0
0
218
164
64
0
0
0
0
0
192
115
64
0
0
0
0
0
0
0
0
0
0
0
0
0
0
0
0
0
0
0
0
0
0
0
0
0
0
0
0
0
0
0
0
0
0
0
0
0
0
0
0
0
0
0
0
0
0
0
0
0
0
0
0
0
0
0
0
0
0
0
0
0
0
0
0
0
0
0
0
0
0
0
0
0
0
0
0
0
0
0
0
0
0
0
0
0
0
0
0
0
0
0
0
0
0
0
0
0
0
0
0
0
0
0
0
0
0
0
0
0
0
0
0
0
0
0
0
0
0
0
0
0
0
0
0
0
0
0
0
0
0
0
0
0
0
0
0
0
0
0
0
0
0
0
0
0
0
0
0
0
0
0
0
0
0
0
0
0
0
0
0
0
0
0
0
0
0
0
0
0
0
0
0
0
0
0
0
0
0
0
0
0
0
0
0
0
0
0
0
0
0
0
0
0
0
0
0
0
0
0
0
0
0
0
0
0
0
0
0
0
0
0
0
0
0
0
0
0
0
0
0
0
0
0
0
0
0
0
0
0
0
0
0
0
0
0
0
0
0
0
0
0
0
0
0
0
0
0
0
0
0
0
0
0
0
0
0
0
0
0
0
0
0
0
0
0
0
0
0
0
0
0
0
0
0
0
0
0
0
0
0
0
0
0
0
0
0
0
0
0
0
0
0
0
0
0
0
0
0
0
0
0
0
0
0
0
0
0
0
0
0
0
0
0
0
0
0
0
0
0
0
0
0
0
0
0
0
0
0
0
0
0
0
0
0
0
0
0
0
0
0
0
0
0
0
0
0
0
0
0
0
0
0
0
0
0
0
0
0
0
0
0
0
0
0
0
0
0
0
0
0
0
0
0
0
0
0
0
0
0
0
0
0
0
0
0
0
0
0
0
0
0
0
0
0
0
0
0
0
0
0
0
0
0
0
0
0
0
0
0
0
0
0
0
0
0
0
0
0
0
0
0
0
0
0
0
0
0
0
0
0
0
0
0
0
0
0
0
0
0
0
0
0
0
0
0
0
0
0
0
0
0
0
0
0
0
0
0
0
0
0
0
0
0
0
0
0
0
0
0
0
0
0
0
0
0
0
0
0
0
0
0
0
0
0
0
0
0
0
0
0
0
0
0
0
0
0
0
0
0
0
0
0
0
0
0
0
0
0
0
0
0
0
0
0
0
0
0
0
0
0
0
0
0
0
0
0
0
0
0
0
0
0
0
0
0
0
0
0
0
0
0
0
0
0
0
0
0
0
0
0
0
0
0
0
0
0
0
0
0
0
0
0
0
0
0
0
0
0
0
0
0
0
0
0
0
0
0
0
0
0
0
0
0
0
0
0
0
0
0
0
0
0
0
0
0
0
0
0
0
0
0
0
0
0
0
0
0
0
0
0
0
0
0
0
0
0
0
0
0
0
0
0
0
0
0
0
0
0
0
0
0
0
0
0
0
0
0
0
0
0
0
0
0
0
0
0
0
0
0
0
0
0
0
0
0
0
0
0
0
0
0
0
0
0
0
0
0
0
0
0
0
0
0
0
0
0
0
0
0
0
0
0
0
0
0
0
0
0
0
0
0
0
0
0
0
0
0
0
0
0
0
0
0
0
0
0
0
0
0
0
0
0
0
0
0
0
0
0
0
0
0
0
0
0
0
0
0
0
0
0
0
0
0
0
0
0
0
0
0
0
0
0
0
0
0
0
0
0
0
0
0
0
0
0
0
0
0
0
0
0
0
0
0
0
0
0
0
0
0
0
0
0
0
0
0
0
0
0
0
0
0
0
0
0
0
0
0
0
0
0
0
0
0
0
0
0
0
0
0
0
0
0
0
0
0
0
0
0
0
0
0
0
0
0
0
0
0
0
0
0
0
0
0
0
0
0
0
0
0
0
0
0
0
0
0
0
0
0
0
0
0
0
0
0
0
0
0
0
0
0
0
0
0
0
0
0
0
0
0
0
0
0
0
0
0
0
0
0
0
0
0
0
0
0
0
0
0
0
0
0
0
0
0
0
0
0
0
0
0
0
0
0
0
0
0
0
0
0
0
0
0
0
0
0
0
0
0
0
0
0
0
0
0
0
0
0
0
0
0
0
0
0
0
0
0
0
0
0
0
0
0
0
0
0
0
0
0
0
0
0
0
0
0
0
0
0
0
0
0
0
0
0
0
0
0
0
0
0
0
0
0
0
0
0
0
0
0
0
0
0
0
0
0
0
0
0
0
0
0
0
0
0
0
0
0
0
0
0
0
0
0
0
0
0
0
0
0
0
0
0
0
0
0
0
0
0
0
0
0
0
0
0
0
0
0
0
0
0
0
0
0
0
0
0
0
0
0
0
0
0
0
0
0
0
0
0
0
0
0
0
0
0
0
0
0
0
0
0
0
0
0
0
0
0
0
0
0
0
0
0
0
0
0
0
0
0
0
0
0
0
0
0
0
0
0
0
0
0
0
0
0
0
0
0
0
0
0
0
0
0
0
0
0
0
0
0
0
0
0
0
0
0
0
0
0
0
0
0
0
0
0
0
0
0
0
0
0
0
0
0
0
0
0
0
0
0
0
0
0
0
0
0
0
0
0
0
0
0
0
0
0
0
0
0
0
0
0
0
0
0
0
0
0
0
0
0
0
0
0
0
0
0
0
0
0
0
0
0
0
0
0
0
0
0
0
0
0
0
0
0
0
0
0
0
0
0
0
0
0
0
0
0
0
0
0
0
0
0
0
0
0
0
0
0
0
0
0
0
0
0
0
0
0
0
0
0
0
0
0
0
0
0
0
0
0
0
0