58
70
65
67
84
58
67
68
65
84
49
56
58
68
65
84
65
32
35
57
48
48
48
48
48
54
57
51
54
0
0
0
0
0
56
150
192
0
0
0
0
0
72
170
192
0
0
0
0
0
160
143
192
0
0
0
0
0
254
170
192
0
0
0
0
0
136
130
192
0
0
0
0
0
76
171
192
0
0
0
0
0
32
101
192
0
0
0
0
0
54
171
192
0
0
0
0
0
160
111
64
0
0
0
0
0
188
170
192
0
0
0
0
0
240
132
64
0
0
0
0
0
228
169
192
0
0
0
0
0
212
144
64
0
0
0
0
0
174
168
192
0
0
0
0
0
248
150
64
0
0
0
0
0
30
167
192
0
0
0
0
0
208
156
64
0
0
0
0
0
56
165
192
0
0
0
0
0
40
161
64
0
0
0
0
0
250
162
192
0
0
0
0
0
180
163
64
0
0
0
0
0
108
160
192
0
0
0
0
0
0
166
64
0
0
0
0
0
40
155
192
0
0
0
0
0
2
168
64
0
0
0
0
0
240
148
192
0
0
0
0
0
172
169
64
0
0
0
0
0
144
140
192
0
0
0
0
0
246
170
64
0
0
0
0
0
48
125
192
0
0
0
0
0
210
171
64
0
0
0
0
0
0
28
192
0
0
0
0
0
62
172
64
0
0
0
0
0
160
124
64
0
0
0
0
0
50
172
64
0
0
0
0
0
192
140
64
0
0
0
0
0
174
171
64
0
0
0
0
0
100
149
64
0
0
0
0
0
182
170
64
0
0
0
0
0
16
156
64
0
0
0
0
0
74
169
64
0
0
0
0
0
36
161
64
0
0
0
0
0
118
167
64
0
0
0
0
0
250
163
64
0
0
0
0
0
68
165
64
0
0
0
0
0
126
166
64
0
0
0
0
0
186
162
64
0
0
0
0
0
170
168
64
0
0
0
0
0
208
159
64
0
0
0
0
0
120
170
64
0
0
0
0
0
176
153
64
0
0
0
0
0
228
171
64
0
0
0
0
0
40
147
64
0
0
0
0
0
230
172
64
0
0
0
0
0
152
136
64
0
0
0
0
0
124
173
64
0
0
0
0
0
224
116
64
0
0
0
0
0
164
173
64
0
0
0
0
0
0
96
192
0
0
0
0
0
92
173
64
0
0
0
0
0
144
130
192
0
0
0
0
0
160
172
64
0
0
0
0
0
128
144
192
0
0
0
0
0
112
171
64
0
0
0
0
0
148
151
192
0
0
0
0
0
206
169
64
0
0
0
0
0
96
158
192
0
0
0
0
0
188
167
64
0
0
0
0
0
96
162
192
0
0
0
0
0
68
165
64
0
0
0
0
0
72
165
192
0
0
0
0
0
108
162
64
0
0
0
0
0
218
167
192
0
0
0
0
0
136
158
64
0
0
0
0
0
8
170
192
0
0
0
0
0
180
151
64
0
0
0
0
0
196
171
192
0
0
0
0
0
128
144
64
0
0
0
0
0
8
173
192
0
0
0
0
0
32
130
64
0
0
0
0
0
202
173
192
0
0
0
0
0
64
89
64
0
0
0
0
0
12
174
192
0
0
0
0
0
80
119
192
0
0
0
0
0
206
173
192
0
0
0
0
0
8
138
192
0
0
0
0
0
20
173
192
0
0
0
0
0
228
147
192
0
0
0
0
0
232
171
192
0
0
0
0
0
84
154
192
0
0
0
0
0
80
170
192
0
0
0
0
0
34
160
192
0
0
0
0
0
90
168
192
0
0
0
0
0
208
162
192
0
0
0
0
0
14
166
192
0
0
0
0
0
42
165
192
0
0
0
0
0
116
163
192
0
0
0
0
0
46
167
192
0
0
0
0
0
156
160
192
0
0
0
0
0
212
168
192
0
0
0
0
0
24
155
192
0
0
0
0
0
24
170
192
0
0
0
0
0
160
148
192
0
0
0
0
0
246
170
192
0
0
0
0
0
200
139
192
0
0
0
0
0
108
171
192
0
0
0
0
0
16
124
192
0
0
0
0
0
116
171
192
0
0
0
0
0
0
16
192
0
0
0
0
0
16
171
192
0
0
0
0
0
64
123
64
0
0
0
0
0
64
170
192
0
0
0
0
0
16
139
64
0
0
0
0
0
8
169
192
0
0
0
0
0
244
147
64
0
0
0
0
0
110
167
192
0
0
0
0
0
0
154
64
0
0
0
0
0
124
165
192
0
0
0
0
0
140
159
64
0
0
0
0
0
56
163
192
0
0
0
0
0
66
162
64
0
0
0
0
0
176
160
192
0
0
0
0
0
108
164
64
0
0
0
0
0
224
155
192
0
0
0
0
0
58
166
64
0
0
0
0
0
8
150
192
0
0
0
0
0
170
167
64
0
0
0
0
0
232
143
192
0
0
0
0
0
184
168
64
0
0
0
0
0
112
131
192
0
0
0
0
0
98
169
64
0
0
0
0
0
64
107
192
0
0
0
0
0
172
169
64
0
0
0
0
0
0
103
64
0
0
0
0
0
146
169
64
0
0
0
0
0
32
130
64
0
0
0
0
0
26
169
64
0
0
0
0
0
40
142
64
0
0
0
0
0
70
168
64
0
0
0
0
0
216
148
64
0
0
0
0
0
24
167
64
0
0
0
0
0
72
154
64
0
0
0
0
0
146
165
64
0
0
0
0
0
88
159
64
0
0
0
0
0
188
163
64
0
0
0
0
0
246
161
64
0
0
0
0
0
154
161
64
0
0
0
0
0
252
163
64
0
0
0
0
0
104
158
64
0
0
0
0
0
180
165
64
0
0
0
0
0
36
153
64
0
0
0
0
0
22
167
64
0
0
0
0
0
120
147
64
0
0
0
0
0
26
168
64
0
0
0
0
0
8
139
64
0
0
0
0
0
190
168
64
0
0
0
0
0
96
125
64
0
0
0
0
0
254
168
64
0
0
0
0
0
64
81
64
0
0
0
0
0
216
168
64
0
0
0
0
0
208
116
192
0
0
0
0
0
78
168
64
0
0
0
0
0
192
134
192
0
0
0
0
0
98
167
64
0
0
0
0
0
84
145
192
0
0
0
0
0
24
166
64
0
0
0
0
0
248
150
192
0
0
0
0
0
122
164
64
0
0
0
0
0
60
156
192
0
0
0
0
0
138
162
64
0
0
0
0
0
130
160
192
0
0
0
0
0
86
160
64
0
0
0
0
0
164
162
192
0
0
0
0
0
196
155
64
0
0
0
0
0
120
164
192
0
0
0
0
0
124
150
64
0
0
0
0
0
248
165
192
0
0
0
0
0
220
144
64
0
0
0
0
0
34
167
192
0
0
0
0
0
8
134
64
0
0
0
0
0
238
167
192
0
0
0
0
0
32
116
64
0
0
0
0
0
94
168
192
0
0
0
0
0
0
80
192
0
0
0
0
0
108
168
192
0
0
0
0
0
16
124
192
0
0
0
0
0
28
168
192
0
0
0
0
0
200
137
192
0
0
0
0
0
110
167
192
0
0
0
0
0
136
146
192
0
0
0
0
0
100
166
192
0
0
0
0
0
224
151
192
0
0
0
0
0
2
165
192
0
0
0
0
0
212
156
192
0
0
0
0
0
82
163
192
0
0
0
0
0
168
160
192
0
0
0
0
0
86
161
192
0
0
0
0
0
162
162
192
0
0
0
0
0
52
158
192
0
0
0
0
0
82
164
192
0
0
0
0
0
76
153
192
0
0
0
0
0
176
165
192
0
0
0
0
0
4
148
192
0
0
0
0
0
186
166
192
0
0
0
0
0
240
140
192
0
0
0
0
0
106
167
192
0
0
0
0
0
112
129
192
0
0
0
0
0
192
167
192
0
0
0
0
0
224
102
192
0
0
0
0
0
186
167
192
0
0
0
0
0
32
104
64
0
0
0
0
0
86
167
192
0
0
0
0
0
176
129
64
0
0
0
0
0
154
166
192
0
0
0
0
0
16
141
64
0
0
0
0
0
132
165
192
0
0
0
0
0
252
147
64
0
0
0
0
0
26
164
192
0
0
0
0
0
32
153
64
0
0
0
0
0
98
162
192
0
0
0
0
0
224
157
64
0
0
0
0
0
96
160
192
0
0
0
0
0
20
161
64
0
0
0
0
0
60
156
192
0
0
0
0
0
242
162
64
0
0
0
0
0
72
151
192
0
0
0
0
0
132
164
64
0
0
0
0
0
244
145
192
0
0
0
0
0
194
165
64
0
0
0
0
0
192
136
192
0
0
0
0
0
168
166
64
0
0
0
0
0
128
122
192
0
0
0
0
0
48
167
64
0
0
0
0
0
128
73
192
0
0
0
0
0
94
167
64
0
0
0
0
0
16
116
64
0
0
0
0
0
46
167
64
0
0
0
0
0
112
133
64
0
0
0
0
0
164
166
64
0
0
0
0
0
60
144
64
0
0
0
0
0
194
165
64
0
0
0
0
0
124
149
64
0
0
0
0
0
142
164
64
0
0
0
0
0
104
154
64
0
0
0
0
0
14
163
64
0
0
0
0
0
232
158
64
0
0
0
0
0
72
161
64
0
0
0
0
0
124
161
64
0
0
0
0
0
132
158
64
0
0
0
0
0
66
163
64
0
0
0
0
0
4
154
64
0
0
0
0
0
192
164
64
0
0
0
0
0
32
149
64
0
0
0
0
0
240
165
64
0
0
0
0
0
208
143
64
0
0
0
0
0
206
166
64
0
0
0
0
0
208
132
64
0
0
0
0
0
84
167
64
0
0
0
0
0
240
114
64
0
0
0
0
0
128
167
64
0
0
0
0
0
0
81
192
0
0
0
0
0
76
167
64
0
0
0
0
0
128
123
192
0
0
0
0
0
188
166
64
0
0
0
0
0
56
137
192
0
0
0
0
0
204
165
64
0
0
0
0
0
44
146
192
0
0
0
0
0
128
164
64
0
0
0
0
0
120
151
192
0
0
0
0
0
222
162
64
0
0
0
0
0
104
156
192
0
0
0
0
0
238
160
64
0
0
0
0
0
114
160
192
0
0
0
0
0
112
157
64
0
0
0
0
0
108
162
192
0
0
0
0
0
140
152
64
0
0
0
0
0
24
164
192
0
0
0
0
0
72
147
64
0
0
0
0
0
114
165
192
0
0
0
0
0
120
139
64
0
0
0
0
0
116
166
192
0
0
0
0
0
8
128
64
0
0
0
0
0
24
167
192
0
0
0
0
0
128
97
64
0
0
0
0
0
98
167
192
0
0
0
0
0
0
109
192
0
0
0
0
0
80
167
192
0
0
0
0
0
176
130
192
0
0
0
0
0
226
166
192
0
0
0
0
0
200
141
192
0
0
0
0
0
32
166
192
0
0
0
0
0
48
148
192
0
0
0
0
0
10
165
192
0
0
0
0
0
48
153
192
0
0
0
0
0
166
163
192
0
0
0
0
0
204
157
192
0
0
0
0
0
248
161
192
0
0
0
0
0
252
160
192
0
0
0
0
0
6
160
192
0
0
0
0
0
210
162
192
0
0
0
0
0
168
155
192
0
0
0
0
0
98
164
192
0
0
0
0
0
216
150
192
0
0
0
0
0
164
165
192
0
0
0
0
0
172
145
192
0
0
0
0
0
146
166
192
0
0
0
0
0
104
136
192
0
0
0
0
0
42
167
192
0
0
0
0
0
16
122
192
0
0
0
0
0
100
167
192
0
0
0
0
0
0
70
192
0
0
0
0
0
64
167
192
0
0
0
0
0
176
116
64
0
0
0
0
0
192
166
192
0
0
0
0
0
240
133
64
0
0
0
0
0
226
165
192
0
0
0
0
0
156
144
64
0
0
0
0
0
172
164
192
0
0
0
0
0
252
149
64
0
0
0
0
0
36
163
192
0
0
0
0
0
12
155
64
0
0
0
0
0
80
161
192
0
0
0
0
0
172
159
64
0
0
0
0
0
108
158
192
0
0
0
0
0
232
161
64
0
0
0
0
0
196
153
192
0
0
0
0
0
182
163
64
0
0
0
0
0
180
148
192
0
0
0
0
0
54
165
64
0
0
0
0
0
176
142
192
0
0
0
0
0
102
166
64
0
0
0
0
0
120
131
192
0
0
0
0
0
64
167
64
0
0
0
0
0
192
111
192
0
0
0
0
0
196
167
64
0
0
0
0
0
64
94
64
0
0
0
0
0
238
167
64
0
0
0
0
0
32
127
64
0
0
0
0
0
188
167
64
0
0
0
0
0
48
139
64
0
0
0
0
0
48
167
64
0
0
0
0
0
64
147
64
0
0
0
0
0
74
166
64
0
0
0
0
0
176
152
64
0
0
0
0
0
8
165
64
0
0
0
0
0
204
157
64
0
0
0
0
0
114
163
64
0
0
0
0
0
66
161
64
0
0
0
0
0
138
161
64
0
0
0
0
0
94
163
64
0
0
0
0
0
172
158
64
0
0
0
0
0
52
165
64
0
0
0
0
0
188
153
64
0
0
0
0
0
184
166
64
0
0
0
0
0
80
148
64
0
0
0
0
0
226
167
64
0
0
0
0
0
8
141
64
0
0
0
0
0
174
168
64
0
0
0
0
0
224
128
64
0
0
0
0
0
18
169
64
0
0
0
0
0
96
97
64
0
0
0
0
0
18
169
64
0
0
0
0
0
144
112
192
0
0
0
0
0
170
168
64
0
0
0
0
0
216
132
192
0
0
0
0
0
220
167
64
0
0
0
0
0
140
144
192
0
0
0
0
0
174
166
64
0
0
0
0
0
104
150
192
0
0
0
0
0
36
165
64
0
0
0
0
0
232
155
192
0
0
0
0
0
72
163
64
0
0
0
0
0
124
160
192
0
0
0
0
0
32
161
64
0
0
0
0
0
194
162
192
0
0
0
0
0
104
157
64
0
0
0
0
0
190
164
192
0
0
0
0
0
32
152
64
0
0
0
0
0
108
166
192
0
0
0
0
0
120
146
64
0
0
0
0
0
194
167
192
0
0
0
0
0
8
137
64
0
0
0
0
0
190
168
192
0
0
0
0
0
112
121
64
0
0
0
0
0
90
169
192
0
0
0
0
0
0
20
64
0
0
0
0
0
150
169
192
0
0
0
0
0
240
120
192
0
0
0
0
0
112
169
192
0
0
0
0
0
0
137
192
0
0
0
0
0
230
168
192
0
0
0
0
0
156
146
192
0
0
0
0
0
250
167
192
0
0
0
0
0
124
152
192
0
0
0
0
0
174
166
192
0
0
0
0
0
0
158
192
0
0
0
0
0
6
165
192
0
0
0
0
0
138
161
192
0
0
0
0
0
8
163
192
0
0
0
0
0
210
163
192
0
0
0
0
0
188
160
192
0
0
0
0
0
204
165
192
0
0
0
0
0
80
156
192
0
0
0
0
0
114
167
192
0
0
0
0
0
180
150
192
0
0
0
0
0
184
168
192
0
0
0
0
0
184
144
192
0
0
0
0
0
156
169
192
0
0
0
0
0
232
132
192
0
0
0
0
0
26
170
192
0
0
0
0
0
16
112
192
0
0
0
0
0
46
170
192
0
0
0
0
0
224
99
64
0
0
0
0
0
218
169
192
0
0
0
0
0
232
129
64
0
0
0
0
0
32
169
192
0
0
0
0
0
144
142
64
0
0
0
0
0
2
168
192
0
0
0
0
0
100
149
64
0
0
0
0
0
136
166
192
0
0
0
0
0
44
155
64
0
0
0
0
0
180
164
192
0
0
0
0
0
70
160
64
0
0
0
0
0
142
162
192
0
0
0
0
0
184
162
64
0
0
0
0
0
32
160
192
0
0
0
0
0
230
164
64
0
0
0
0
0
228
154
192
0
0
0
0
0
196
166
64
0
0
0
0
0
20
149
192
0
0
0
0
0
76
168
64
0
0
0
0
0
216
141
192
0
0
0
0
0
122
169
64
0
0
0
0
0
0
129
192
0
0
0
0
0
68
170
64
0
0
0
0
0
128
94
192
0
0
0
0
0
170
170
64
0
0
0
0
0
0
115
64
0
0
0
0
0
168
170
64
0
0
0
0
0
200
134
64
0
0
0
0
0
58
170
64
0
0
0
0
0
228
145
64
0
0
0
0
0
100
169
64
0
0
0
0
0
36
152
64
0
0
0
0
0
38
168
64
0
0
0
0
0
12
158
64
0
0
0
0
0
134
166
64
0
0
0
0
0
194
161
64
0
0
0
0
0
136
164
64
0
0
0
0
0
56
164
64
0
0
0
0
0
54
162
64
0
0
0
0
0
94
166
64
0
0
0
0
0
48
159
64
0
0
0
0
0
44
168
64
0
0
0
0
0
112
153
64
0
0
0
0
0
154
169
64
0
0
0
0
0
76
147
64
0
0
0
0
0
162
170
64
0
0
0
0
0
168
137
64
0
0
0
0
0
64
171
64
0
0
0
0
0
160
120
64
0
0
0
0
0
114
171
64
0
0
0
0
0
128
68
192
0
0
0
0
0
56
171
64
0
0
0
0
0
176
125
192
0
0
0
0
0
148
170
64
0
0
0
0
0
56
140
192
0
0
0
0
0
134
169
64
0
0
0
0
0
152
148
192
0
0
0
0
0
18
168
64
0
0
0
0
0
196
154
192
0
0
0
0
0
64
166
64
0
0
0
0
0
72
160
192
0
0
0
0
0
20
164
64
0
0
0
0
0
240
162
192
0
0
0
0
0
152
161
64
0
0
0
0
0
78
165
192
0
0
0
0
0
168
157
64
0
0
0
0
0
90
167
192
0
0
0
0
0
164
151
64
0
0
0
0
0
10
169
192
0
0
0
0
0
64
145
64
0
0
0
0
0
88
170
192
0
0
0
0
0
40
133
64
0
0
0
0
0
62
171
192
0
0
0
0
0
224
109
64
0
0
0
0
0
182
171
192
0
0
0
0
0
96
105
192
0
0
0
0
0
192
171
192
0
0
0
0
0
24
132
192
0
0
0
0
0
90
171
192
0
0
0
0
0
196
144
192
0
0
0
0
0
136
170
192
0
0
0
0
0
56
151
192
0
0
0
0
0
74
169
192
0
0
0
0
0
76
157
192
0
0
0
0
0
168
167
192
0
0
0
0
0
118
161
192
0
0
0
0
0
170
165
192
0
0
0
0
0
2
164
192
0
0
0
0
0
84
163
192
0
0
0
0
0
60
166
192
0
0
0
0
0
180
160
192
0
0
0
0
0
32
168
192
0
0
0
0
0
168
155
192
0
0
0
0
0
166
169
192
0
0
0
0
0
120
149
192
0
0
0
0
0
200
170
192
0
0
0
0
0
240
141
192
0
0
0
0
0
128
171
192
0
0
0
0
0
112
128
192
0
0
0
0
0
206
171
192
0
0
0
0
0
192
85
192
0
0
0
0
0
176
171
192
0
0
0
0
0
48
118
64
0
0
0
0
0
38
171
192
0
0
0
0
0
184
136
64
0
0
0
0
0
50
170
192
0
0
0
0
0
4
147
64
0
0
0
0
0
216
168
192
0
0
0
0
0
100
153
64
0
0
0
0
0
28
167
192
0
0
0
0
0
100
159
64
0
0
0
0
0
4
165
192
0
0
0
0
0
120
162
64
0
0
0
0
0
152
162
192
0
0
0
0
0
248
164
64
0
0
0
0
0
192
159
192
0
0
0
0
0
40
167
64
0
0
0
0
0
208
153
192
0
0
0
0
0
0
169
64
0
0
0
0
0
116
147
192
0
0
0
0
0
118
170
64
0
0
0
0
0
136
137
192
0
0
0
0
0
136
171
64
0
0
0
0
0
112
119
192
0
0
0
0
0
46
172
64
0
0
0
0
0
0
83
64
0
0
0
0
0
102
172
64
0
0
0
0
0
120
128
64
0
0
0
0
0
44
172
64
0
0
0
0
0
104
142
64
0
0
0
0
0
132
171
64
0
0
0
0
0
248
149
64
0
0
0
0
0
110
170
64
0
0
0
0
0
112
156
64
0
0
0
0
0
238
168
64
0
0
0
0
0
62
161
64
0
0
0
0
0
8
167
64
0
0
0
0
0
2
164
64
0
0
0
0
0
196
164
64
0
0
0
0
0
124
166
64
0
0
0
0
0
42
162
64
0
0
0
0
0
156
168
64
0
0
0
0
0
140
158
64
0
0
0
0
0
94
170
64
0
0
0
0
0
64
152
64
0
0
0
0
0
184
171
64
0
0
0
0
0
144
145
64
0
0
0
0
0
164
172
64
0
0
0
0
0
40
133
64
0
0
0
0
0
32
173
64
0
0
0
0
0
64
107
64
0
0
0
0
0
40
173
64
0
0
0
0
0
192
110
192
0
0
0
0
0
190
172
64
0
0
0
0
0
32
134
192
0
0
0
0
0
224
171
64
0
0
0
0
0
36
146
192
0
0
0
0
0
150
170
64
0
0
0
0
0
244
152
192
0
0
0
0
0
224
168
64
0
0
0
0
0
104
159
192
0
0
0
0
0
200
166
64
0
0
0
0
0
180
162
192
0
0
0
0
0
82
164
64
0
0
0
0
0
108
165
192
0
0
0
0
0
140
161
64
0
0
0
0
0
212
167
192
0
0
0
0
0
248
156
64
0
0
0
0
0
224
169
192
0
0
0
0
0
96
150
64
0
0
0
0
0
136
171
192
0
0
0
0
0
208
142
64
0
0
0
0
0
198
172
192
0
0
0
0
0
80
128
64
0
0
0
0
0
146
173
192
0
0
0
0
0
128
72
64
0
0
0
0
0
232
173
192
0
0
0
0
0
176
122
192
0
0
0
0
0
198
173
192
0
0
0
0
0
16
140
192
0
0
0
0
0
48
173
192
0
0
0
0
0
48
149
192
0
0
0
0
0
34
172
192
0
0
0
0
0
8
156
192
0
0
0
0
0
164
170
192
0
0
0
0
0
58
161
192
0
0
0
0
0
186
168
192
0
0
0
0
0
44
164
192
0
0
0
0
0
108
166
192
0
0
0
0
0
208
166
192
0
0
0
0
0
198
163
192
0
0
0
0
0
28
169
192
0
0
0
0
0
208
160
192
0
0
0
0
0
4
171
192
0
0
0
0
0
44
155
192
0
0
0
0
0
132
172
192
0
0
0
0
0
76
148
192
0
0
0
0
0
148
173
192
0
0
0
0
0
48
138
192
0
0
0
0
0
50
174
192
0
0
0
0
0
176
118
192
0
0
0
0
0
88
174
192
0
0
0
0
0
128
93
64
0
0
0
0
0
10
174
192
0
0
0
0
0
184
130
64
0
0
0
0
0
70
173
192
0
0
0
0
0
196
144
64
0
0
0
0
0
16
172
192
0
0
0
0
0
236
151
64
0
0
0
0
0
106
170
192
0
0
0
0
0
192
158
64
0
0
0
0
0
90
168
192
0
0
0
0
0
146
162
64
0
0
0
0
0
232
165
192
0
0
0
0
0
126
165
64
0
0
0
0
0
28
163
192
0
0
0
0
0
24
168
64
0
0
0
0
0
4
160
192
0
0
0
0
0
86
170
64
0
0
0
0
0
76
153
192
0
0
0
0
0
46
172
64
0
0
0
0
0
40
146
192
0
0
0
0
0
152
173
64
0
0
0
0
0
96
133
192
0
0
0
0
0
142
174
64
0
0
0
0
0
64
104
192
0
0
0
0
0
12
175
64
0
0
0
0
0
208
114
64
0
0
0
0
0
14
175
64
0
0
0
0
0
200
136
64
0
0
0
0
0
150
174
64
0
0
0
0
0
236
147
64
0
0
0
0
0
164
173
64
0
0
0
0
0
44
155
64
0
0
0
0
0
60
172
64
0
0
0
0
0
4
161
64
0
0
0
0
0
98
170
64
0
0
0
0
0
50
164
64
0
0
0
0
0
30
168
64
0
0
0
0
0
20
167
64
0
0
0
0
0
120
165
64
0
0
0
0
0
156
169
64
0
0
0
0
0
124
162
64
0
0
0
0
0
196
171
64
0
0
0
0
0
100
158
64
0
0
0
0
0
126
173
64
0
0
0
0
0
88
151
64
0
0
0
0
0
200
174
64
0
0
0
0
0
200
143
64
0
0
0
0
0
152
175
64
0
0
0
0
0
80
128
64
0
0
0
0
0
236
175
64
0
0
0
0
0
0
50
64
0
0
0
0
0
194
175
64
0
0
0
0
0
144
126
192
0
0
0
0
0
26
175
64
0
0
0
0
0
248
142
192
0
0
0
0
0
244
173
64
0
0
0
0
0
28
151
192
0
0
0
0
0
86
172
64
0
0
0
0
0
100
158
192
0
0
0
0
0
72
170
64
0
0
0
0
0
158
162
192
0
0
0
0
0
204
167
64
0
0
0
0
0
194
165
192
0
0
0
0
0
242
164
64
0
0
0
0
0
146
168
192
0
0
0
0
0
192
161
64
0
0
0
0
0
2
171
192
0
0
0
0
0
144
156
64
0
0
0
0
0
6
173
192
0
0
0
0
0
40
149
64
0
0
0
0
0
152
174
192
0
0
0
0
0
208
138
64
0
0
0
0
0
178
175
192
0
0
0
0
0
208
117
64
0
0
0
0
0
39
176
192
0
0
0
0
0
224
100
192
0
0
0
0
0
53
176
192
0
0
0
0
0
72
133
192
0
0
0
0
0
4
176
192
0
0
0
0
0
132
146
192
0
0
0
0
0
38
175
192
0
0
0
0
0
32
154
192
0
0
0
0
0
204
173
192
0
0
0
0
0
172
160
192
0
0
0
0
0
250
171
192
0
0
0
0
0
8
164
192
0
0
0
0
0
188
169
192
0
0
0
0
0
26
167
192
0
0
0
0
0
22
167
192
0
0
0
0
0
212
169
192
0
0
0
0
0
20
164
192
0
0
0
0
0
42
172
192
0
0
0
0
0
194
160
192
0
0
0
0
0
20
174
192
0
0
0
0
0
84
154
192
0
0
0
0
0
138
175
192
0
0
0
0
0
184
146
192
0
0
0
0
0
67
176
192
0
0
0
0
0
144
133
192
0
0
0
0
0
130
176
192
0
0
0
0
0
32
101
192
0
0
0
0
0
128
176
192
0
0
0
0
0
80
118
64
0
0
0
0
0
60
176
192
0
0
0
0
0
128
139
64
0
0
0
0
0
112
175
192
0
0
0
0
0
192
149
64
0
0
0
0
0
236
173
192
0
0
0
0
0
116
157
64
0
0
0
0
0
238
171
192
0
0
0
0
0
94
162
64
0
0
0
0
0
128
169
192
0
0
0
0
0
192
165
64
0
0
0
0
0
172
166
192
0
0
0
0
0
208
168
64
0
0
0
0
0
122
163
192
0
0
0
0
0
132
171
64
0
0
0
0
0
236
159
192
0
0
0
0
0
206
173
64
0
0
0
0
0
96
152
192
0
0
0
0
0
168
175
64
0
0
0
0
0
104
144
192
0
0
0
0
0
133
176
64
0
0
0
0
0
64
128
192
0
0
0
0
0
246
176
64
0
0
0
0
0
0
53
64
0
0
0
0
0
38
177
64
0
0
0
0
0
168
129
64
0
0
0
0
0
19
177
64
0
0
0
0
0
72
145
64
0
0
0
0
0
189
176
64
0
0
0
0
0
136
153
64
0
0
0
0
0
37
176
64
0
0
0
0
0
186
160
64
0
0
0
0
0
154
174
64
0
0
0
0
0
122
164
64
0
0
0
0
0
108
172
64
0
0
0
0
0
240
167
64
0
0
0
0
0
204
169
64
0
0
0
0
0
18
171
64
0
0
0
0
0
190
166
64
0
0
0
0
0
208
173
64
0
0
0
0
0
78
163
64
0
0
0
0
0
15
176
64
0
0
0
0
0
16
159
64
0
0
0
0
0
250
176
64
0
0
0
0
0
248
150
64
0
0
0
0
0
163
177
64
0
0
0
0
0
224
140
64
0
0
0
0
0
7
178
64
0
0
0
0
0
96
118
64
0
0
0
0
0
35
178
64
0
0
0
0
0
96
107
192
0
0
0
0
0
247
177
64
0
0
0
0
0
232
136
192
0
0
0
0
0
129
177
64
0
0
0
0
0
96
149
192
0
0
0
0
0
196
176
64
0
0
0
0
0
4
158
192
0
0
0
0
0
132
175
64
0
0
0
0
0
30
163
192
0
0
0
0
0
252
172
64
0
0
0
0
0
244
166
192
0
0
0
0
0
252
169
64
0
0
0
0
0
114
170
192
0
0
0
0
0
142
166
64
0
0
0
0
0
138
173
192
0
0
0
0
0
194
162
64
0
0
0
0
0
23
176
192
0
0
0
0
0
76
157
64
0
0
0
0
0
41
177
192
0
0
0
0
0
152
148
64
0
0
0
0
0
246
177
192
0
0
0
0
0
24
135
64
0
0
0
0
0
124
178
192
0
0
0
0
0
96
98
64
0
0
0
0
0
185
178
192
0
0
0
0
0
16
124
192
0
0
0
0
0
170
178
192
0
0
0
0
0
56
144
192
0
0
0
0
0
81
178
192
0
0
0
0
0
48
153
192
0
0
0
0
0
175
177
192
0
0
0
0
0
226
160
192
0
0
0
0
0
199
176
192
0
0
0
0
0
236
164
192
0
0
0
0
0
56
175
192
0
0
0
0
0
162
168
192
0
0
0
0
0
102
172
192
0
0
0
0
0
248
171
192
0
0
0
0
0
34
169
192
0
0
0
0
0
224
174
192
0
0
0
0
0
124
165
192
0
0
0
0
0
168
176
192
0
0
0
0
0
128
161
192
0
0
0
0
0
157
177
192
0
0
0
0
0
124
154
192
0
0
0
0
0
78
178
192
0
0
0
0
0
140
145
192
0
0
0
0
0
182
178
192
0
0
0
0
0
176
128
192
0
0
0
0
0
212
178
192
0
0
0
0
0
0
80
64
0
0
0
0
0
168
178
192
0
0
0
0
0
168
132
64
0
0
0
0
0
50
178
192
0
0
0
0
0
128
147
64
0
0
0
0
0
116
177
192
0
0
0
0
0
96
156
64
0
0
0
0
0
114
176
192
0
0
0
0
0
106
162
64
0
0
0
0
0
92
174
192
0
0
0
0
0
92
166
64
0
0
0
0
0
92
171
192
0
0
0
0
0
246
169
64
0
0
0
0
0
240
167
192
0
0
0
0
0
42
173
64
0
0
0
0
0
38
164
192
0
0
0
0
0
236
175
64
0
0
0
0
0
10
160
192
0
0
0
0
0
25
177
64
0
0
0
0
0
92
151
192
0
0
0
0
0
248
177
64
0
0
0
0
0
144
140
192
0
0
0
0
0
145
178
64
0
0
0
0
0
224
115
192
0
0
0
0
0
226
178
64
0
0
0
0
0
192
113
64
0
0
0
0
0
232
178
64
0
0
0
0
0
152
139
64
0
0
0
0
0
163
178
64
0
0
0
0
0
240
150
64
0
0
0
0
0
21
178
64
0
0
0
0
0
196
159
64
0
0
0
0
0
64
177
64
0
0
0
0
0
12
164
64
0
0
0
0
0
38
176
64
0
0
0
0
0
236
167
64
0
0
0
0
0
152
173
64
0
0
0
0
0
110
171
64
0
0
0
0
0
110
170
64
0
0
0
0
0
134
174
64
0
0
0
0
0
216
166
64
0
0
0
0
0
147
176
64
0
0
0
0
0
232
162
64
0
0
0
0
0
162
177
64
0
0
0
0
0
84
157
64
0
0
0
0
0
107
178
64
0
0
0
0
0
96
148
64
0
0
0
0
0
236
178
64
0
0
0
0
0
48
134
64
0
0
0
0
0
33
179
64
0
0
0
0
0
64
90
64
0
0
0
0
0
0
0
0
0
0
0
0
0
0
0
0
0
0
0
0
0
0
0
0
0
0
0
0
0
0
0
0
0
0
0
0
0
0
0
0
0
0
0
0
0
0
0
0
0
0
0
0
0
0
0
0
0
0
0
0
0
0
0
0
0
0
0
0
0
0
0
0
0
0
0
0
0
0
0
0
0
0
0
0
0
0
0
0
0
0
0
0
0
0
0
0
0
0
0
0
0
0
0
0
0
0
0
0
0
0
0
0
0
0
0
0
0
0
0
0
0
0
0
0
0
0
0
0
0
0
0
0
0
0
0
0
0
0
0
0
0
0
0
0
0
0
0
0
0
0
0
0
0
0
0
0
0
0
0
0
0
0
0
0
0
0
0
0
0
0
0
0
0
0
0
0
0
0
0
0
0
0
0
0
0
0
0
0
0
0
0
0
0
0
0
0
0
0
0
0
0
0
0
0
0
0
0
0
0
0
0
0
0
0
0
0
0
0
0
0
0
0
0
0
0
0
0
0
0
0
0
0
0
0
0
0
0
0
0
0
0
0
0
0
0
0
0
0
0
0
0
0
0
0
0
0
0
0
0
0
0
0
0
0
0
0
0
0
0
0
0
0
0
0
0
0
0
0
0
0
0
0
0
0
0
0
0
0
0
0
0
0
0
0
0
0
0
0
0
0
0
0
0
0
0
0
0
0
0
0
0
0
0
0
0
0
0
0
0
0
0
0
0
0
0
0
0
0
0
0
0
0
0
0
0
0
0
0
0
0
0
0
0
0
0
0
0
0
0
0
0
0
0
0
0
0
0
0
0
0
0
0
0
0
0
0
0
0
0
0
0
0
0
0
0
0
0
0
0
0
0
0
0
0
0
0
0
0
0
0
0
0
0
0
0
0
0
0
0
0
0
0
0
0
0
0
0
0
0
0
0
0
0
0
0
0
0
0
0
0
0
0
0
0
0
0
0
0
0
0
0
0
0
0
0
0
0
0
0
0
0
0
0
0
0
0
0
0
0
0
0
0
0
0
0
0
0
0
0
0
0
0
0
0
0
0
0
0
0
0
0
0
0
0
0
0
0
0
0
0
0
0
0
0
0
0
0
0
0
0
0
0
0
0
0
0
0
0
0
0
0
0
0
0
0
0
0
0
0
0
0
0
0
0
0
0
0
0
0
0
0
0
0
0
0
0
0
0
0
0
0
0
0
0
0
0
0
0
0
0
0
0
0
0
0
0
0
0
0
0
0
0
0
0
0
0
0
0
0
0
0
0
0
0
0
0
0
0
0
0
0
0
0
0
0
0
0
0
0
0
0
0
0
0
0
0
0
0
0
0
0
0
0
0
0
0
0
0
0
0
0
0
0
0
0
0
0
0
0
0
0
0
0
0
0
0
0
0
0
0
0
0
0
0
0
0
0
0
0
0
0
0
0
0
0
0
0
0
0
0
0
0
0
0
0
0
0
0
0
0
0
0
0
0
0
0
0
0
0
0
0
0
0
0
0
0
0
0
0
0
0
0
0
0
0
0
0
0
0
0
0
0
0
0
0
0
0
0
0
0
0
0
0
0
0
0
0
0
0
0
0
0
0
0
0
0
0
0
0
0
0
0
0
0
0
0
0
0
0
0
0
0
0
0
0
0
0
0
0
0
0
0
0
0
0
0
0
0
0
0
0
0
0
0
0
0
0
0
0
0
0
0
0
0
0
0
0
0
0
0
0
0
0
0
0
0
0
0
0
0
0
0
0
0
0
0
0
0
0
0
0
0
0
0
0
0
0
0
0
0
0
0
0
0
0
0
0
0
0
0
0
0
0
0
0
0
0
0
0
0
0
0
0
0
0
0
0
0
0
0
0
0
0
0
0
0
0
0
0
0
0
0
0
0
0
0
0
0
0
0
0
0
0
0
0
0
0
0
0
0
0
0
0
0
0
0
0
0
0
0
0
0
0
0
0
0
0
0
0
0
0
0
0
0
0
0
0
0
0
0
0
0
0
0
0
0
0
0
0
0
0
0
0
0
0
0
0
0
0
0
0
0
0
0
0
0
0
0
0
0
0
0
0
0
0
0
0
0
0
0
0
0
0
0
0
0
0
0
0
0
0
0
0
0
0
0
0
0
0
0
0
0
0
0
0
0
0
0
0
0
0
0
0
0
0
0
0
0
0
0
0
0
0
0
0
0
0
0
0
0
0
0
0
0
0
0
0
0
0
0
0
0
0
0
0
0
0
0
0
0
0
0
0
0
0
0
0
0
0
0
0
0
0
0
0
0
0
0
0
0
0
0
0
0
0
0
0
0
0
0
0
0
0
0
0
0
0
0
0
0
0
0
0
0
0
0
0
0
0
0
0
0
0
0
0
0
0
0
0
0
0
0
0
0
0
0
0
0
0
0
0
0
0
0
0
0
0
0
0
0
0
0
0
0
0
0
0
0
0
0
0
0
0
0
0
0
0
0
0
0
0
0
0
0
0
0
0
0
0
0
0
0
0
0
0
0
0
0
0
0
0
0
0
0
0
0
0
0
0
0
0
0
0
0
0
0
0
0
0
0
0
0
0
0
0
0
0
0
0
0
0
0
0
0
0
0
0
0
0
0
0
0
0
0
0
0
0
0
0
0
0
0
0
0
0
0
0
0
0
0
0
0
0
0
0
0
0
0
0
0
0
0
0
0
0
0
0
0
0
0
0
0
0
0
0
0
0
0
0
0
0
0
0
0
0
0
0
0
0
0
0
0
0
0
0
0
0
0
0
0
0
0
0
0
0
0
0