58
70
65
67
84
58
67
68
65
84
49
56
58
68
65
84
65
32
35
57
48
48
48
48
48
54
57
51
54
21
99
239
191
201
88
109
254
95
117
206
63
232
130
250
150
57
93
239
191
220
14
13
139
81
215
206
63
107
74
178
14
71
87
239
191
41
179
65
38
25
57
207
63
174
184
56
42
55
81
239
191
83
117
143
108
174
154
207
63
225
181
75
27
14
75
239
191
92
85
246
93
17
252
207
63
191
101
78
151
197
68
239
191
207
17
249
46
165
46
208
63
71
200
64
158
93
62
239
191
178
159
197
82
36
95
208
63
123
221
34
48
214
55
239
191
132
188
30
76
138
143
208
63
66
177
21
52
45
49
239
191
69
104
4
27
215
191
208
63
158
67
25
170
98
42
239
191
199
186
184
141
6
240
208
63
187
124
235
195
122
35
239
191
102
132
183
7
33
32
209
63
200
68
74
179
121
28
239
191
244
220
66
87
34
80
209
63
7
120
210
194
101
21
239
191
205
148
214
223
18
128
209
63
214
230
255
85
71
14
239
191
148
219
246
61
234
175
209
63
50
145
210
108
30
7
239
191
211
105
221
6
181
223
209
63
120
71
198
106
243
255
238
191
92
87
204
8
111
15
210
63
212
241
152
129
202
248
238
191
93
140
129
117
28
63
210
63
162
96
198
20
172
241
238
191
2
241
186
126
193
110
210
63
226
147
78
36
152
234
238
191
31
157
186
242
89
158
210
63
238
91
173
19
151
227
238
191
15
97
252
52
238
205
210
63
108
232
102
127
160
220
238
191
73
132
70
176
113
253
210
63
92
57
123
103
180
213
238
191
205
6
153
100
228
44
211
63
31
162
209
29
196
206
238
191
109
0
54
32
66
92
211
63
180
34
106
162
207
199
238
191
88
89
219
20
143
139
211
63
147
2
11
96
202
192
238
191
214
112
145
123
186
186
211
63
165
77
213
61
178
185
238
191
68
23
212
183
204
233
211
63
121
63
110
191
124
178
238
191
24
148
105
52
185
24
212
63
202
251
56
154
35
171
238
191
129
207
15
35
132
71
212
63
107
154
119
156
162
163
238
191
245
16
141
238
32
118
212
63
2
75
174
98
241
155
238
191
208
40
93
250
151
164
212
63
118
25
254
211
13
148
238
191
200
183
119
13
250
210
212
63
13
226
3
59
254
139
238
191
220
189
220
39
71
1
213
63
221
152
158
176
196
131
238
191
194
219
131
16
144
47
213
63
230
61
206
52
97
123
238
191
49
178
100
142
229
93
213
63
131
161
14
43
220
114
238
191
41
65
127
161
71
140
213
63
181
195
95
147
53
106
238
191
140
17
137
66
203
186
213
63
145
152
160
134
111
97
238
191
182
243
253
212
120
233
213
63
70
8
143
54
142
88
238
191
48
160
23
238
92
24
214
63
234
6
10
188
147
79
238
191
83
231
81
241
127
71
214
63
148
136
240
47
130
70
238
191
33
201
172
222
225
118
214
63
113
117
0
196
93
61
238
191
62
117
172
82
122
166
214
63
129
205
57
120
38
52
238
191
199
98
155
84
52
214
214
63
220
132
123
101
222
42
238
191
52
217
63
79
3
6
215
63
128
155
197
139
133
33
238
191
206
55
162
123
214
53
215
63
133
5
247
3
30
24
238
191
178
245
12
225
152
101
215
63
236
194
15
206
167
14
238
191
133
66
4
28
66
149
215
63
247
175
172
52
41
5
238
191
145
125
144
101
193
196
215
63
122
228
15
6
158
251
237
191
243
29
252
196
1
244
215
63
184
60
214
140
12
242
237
191
35
107
13
165
246
34
216
63
201
172
222
225
118
232
237
191
196
148
72
162
151
81
216
63
150
64
74
236
218
222
237
191
6
131
107
238
232
127
216
63
31
248
24
172
56
213
237
191
157
214
109
80
251
173
216
63
76
223
107
8
142
203
237
191
138
143
79
200
206
219
216
63
241
13
133
207
214
193
237
191
86
102
74
235
111
9
217
63
14
132
100
1
19
184
237
191
136
19
152
78
235
54
217
63
117
89
76
108
62
174
237
191
123
103
180
85
73
100
217
63
15
154
93
247
86
164
237
191
185
26
217
149
150
145
217
63
198
81
185
137
90
154
237
191
65
45
6
15
211
190
217
63
108
152
161
241
68
144
237
191
246
39
241
185
19
236
217
63
234
121
55
22
20
134
237
191
171
34
220
100
84
25
218
63
42
2
156
222
197
123
237
191
96
29
199
15
149
70
218
63
66
37
174
99
92
113
237
191
141
95
120
37
201
115
218
63
96
203
43
215
219
102
237
191
215
24
116
66
232
160
218
63
177
220
210
106
72
92
237
191
135
168
194
159
225
205
218
63
77
77
130
55
164
81
237
191
66
62
232
217
172
250
218
63
96
5
248
110
243
70
237
191
175
9
105
141
65
39
219
63
24
237
241
66
58
60
237
191
22
106
77
243
142
83
219
63
162
236
45
229
124
49
237
191
75
119
215
217
144
127
219
63
45
236
105
135
191
38
237
191
151
144
15
122
54
171
219
63
252
199
66
116
8
28
237
191
205
205
55
162
123
214
219
63
15
128
184
171
87
17
237
191
117
231
137
231
108
1
220
63
79
32
236
20
171
6
237
191
115
102
187
66
31
44
220
63
166
180
254
150
0
252
236
191
51
140
187
65
180
86
220
63
163
120
149
181
77
241
236
191
151
225
63
221
64
129
220
63
0
144
19
38
140
230
236
191
178
215
187
63
222
171
220
63
121
30
220
157
181
219
236
191
238
175
30
247
173
214
220
63
181
83
115
185
193
208
236
191
94
219
219
45
201
1
221
63
132
71
27
71
172
197
236
191
227
226
168
220
68
45
221
63
95
65
154
177
104
186
236
191
143
55
249
45
58
89
221
63
25
89
50
199
242
174
236
191
206
26
188
175
202
133
221
63
85
190
103
36
66
163
236
191
69
188
117
254
237
178
221
63
232
136
124
151
82
151
236
191
227
170
178
239
138
224
221
63
43
137
236
131
44
139
236
191
151
117
255
88
136
14
222
63
31
191
183
233
207
126
236
191
34
195
42
222
200
60
222
63
7
7
123
19
67
114
236
191
236
105
135
191
38
107
222
63
64
49
178
100
142
101
236
191
228
248
161
210
136
153
222
63
246
37
27
15
182
88
236
191
248
254
6
237
213
199
222
63
110
193
82
93
192
75
236
191
189
58
199
128
236
245
222
63
213
235
22
129
177
62
236
191
198
106
243
255
170
35
223
63
134
117
227
221
145
49
236
191
49
6
214
113
252
80
223
63
174
70
118
165
101
36
236
191
72
108
119
15
208
125
223
63
146
59
108
34
51
23
236
191
221
180
25
167
33
170
223
63
119
48
98
159
0
10
236
191
166
128
180
255
1
214
223
63
91
37
88
28
206
252
235
191
255
207
97
190
188
0
224
63
109
2
12
203
159
239
235
191
182
101
192
89
74
22
224
63
195
187
92
196
119
226
235
191
144
245
212
234
171
43
224
63
161
45
231
82
92
213
235
191
232
79
27
213
233
64
224
63
8
88
171
118
77
200
235
191
234
92
81
74
8
86
224
63
37
35
103
97
79
187
235
191
219
248
19
149
13
107
224
63
37
119
216
68
102
174
235
191
211
23
66
206
251
127
224
63
9
84
255
32
146
161
235
191
43
138
87
89
219
148
224
63
230
173
186
14
213
148
235
191
250
67
51
79
174
169
224
63
122
168
109
195
40
136
235
191
156
21
81
19
125
190
224
63
82
127
189
194
130
123
235
191
40
243
143
190
73
211
224
63
19
98
46
169
218
110
235
191
225
184
140
155
26
232
224
63
76
140
101
250
37
98
235
191
222
90
38
195
241
252
224
63
116
69
41
33
88
85
235
191
122
169
216
152
215
17
225
63
93
165
187
235
108
72
235
191
204
152
130
53
206
38
225
63
82
11
37
147
83
59
235
191
2
17
226
202
217
59
225
63
38
143
167
229
7
46
235
191
72
250
180
138
254
80
225
63
56
132
42
53
123
32
235
191
182
72
218
141
62
102
225
63
69
14
17
55
167
18
235
191
31
20
148
162
149
123
225
63
123
21
25
29
144
4
235
191
249
163
168
51
247
144
225
63
97
82
124
124
66
246
234
191
233
39
156
221
90
166
225
63
106
137
149
209
200
231
234
191
82
243
85
242
177
187
225
63
75
91
92
227
51
217
234
191
214
53
90
14
244
208
225
63
118
140
43
46
142
202
234
191
240
54
111
156
20
230
225
63
138
201
27
96
230
187
234
191
66
38
25
57
11
251
225
63
39
191
69
39
75
173
234
191
91
63
253
103
205
15
226
63
190
49
4
0
199
158
234
191
180
201
225
147
78
36
226
63
5
194
78
177
106
144
234
191
241
244
74
89
134
56
226
63
133
40
95
208
66
130
234
191
40
181
23
209
118
76
226
63
38
113
86
68
77
116
234
191
250
182
96
169
46
96
226
63
119
215
217
144
127
102
234
191
238
178
95
119
186
115
226
63
195
186
241
238
200
88
234
191
186
73
12
2
43
135
226
63
105
110
133
176
26
75
234
191
254
39
127
247
142
154
226
63
181
81
157
14
100
61
234
191
66
6
242
236
242
173
226
63
6
184
32
91
150
47
234
191
60
133
92
169
103
193
226
63
191
244
246
231
162
33
234
191
116
93
248
193
249
212
226
63
17
115
73
213
118
19
234
191
115
71
255
203
181
232
226
63
93
134
255
116
3
5
234
191
239
227
104
142
172
252
226
63
239
141
33
0
56
246
233
191
254
38
20
34
224
16
227
63
107
185
51
19
12
231
233
191
70
64
133
35
72
37
227
63
66
205
144
42
138
215
233
191
62
119
130
253
215
57
227
63
208
153
180
169
186
199
233
191
71
31
243
1
129
78
227
63
157
215
216
37
170
183
233
191
6
104
91
205
58
99
227
63
49
63
55
52
101
167
233
191
174
188
228
127
242
119
227
63
22
137
9
106
248
150
233
191
251
64
242
206
161
140
227
63
165
133
203
42
108
134
233
191
77
72
107
12
58
161
227
63
149
213
116
61
209
117
233
191
30
26
22
163
174
181
227
63
65
73
129
5
48
101
233
191
227
253
184
253
242
201
227
63
49
153
42
24
149
84
233
191
89
23
183
209
0
222
227
63
237
125
170
10
13
68
233
191
150
90
239
55
218
241
227
63
142
235
223
245
153
51
233
191
223
163
254
122
133
5
228
63
228
249
12
168
55
35
233
191
143
195
96
254
10
25
228
63
217
180
82
8
228
18
233
191
1
138
145
37
115
44
228
63
132
16
144
47
161
2
233
191
120
211
45
59
196
63
228
63
183
36
7
236
106
242
232
191
57
124
210
137
4
83
228
63
115
241
183
61
65
226
232
191
137
96
28
92
58
102
228
63
161
130
195
11
34
210
232
191
216
68
102
46
112
121
228
63
19
240
107
36
9
194
232
191
108
5
77
75
172
140
228
63
201
57
177
135
246
177
232
191
114
138
142
228
242
159
228
63
196
95
147
53
234
161
232
191
233
211
42
250
67
179
228
63
167
145
150
202
219
145
232
191
165
249
99
90
155
198
228
63
116
207
186
70
203
129
232
191
119
19
124
211
244
217
228
63
20
37
33
145
182
113
232
191
28
69
214
26
74
237
228
63
43
194
77
70
149
97
232
191
101
166
180
254
150
0
229
63
185
166
64
102
103
81
232
191
39
79
89
77
215
19
229
63
146
234
59
191
40
65
232
191
50
87
6
213
6
39
229
63
158
153
96
56
215
48
232
191
45
238
63
50
29
58
229
63
153
215
17
135
108
32
232
191
233
43
72
51
22
77
229
63
131
164
79
171
232
15
232
191
57
40
97
166
237
95
229
63
24
36
125
90
69
255
231
191
52
215
105
164
165
114
229
63
111
74
121
173
132
238
231
191
173
80
164
251
57
133
229
63
135
23
68
164
166
221
231
191
231
112
173
246
176
151
229
63
120
127
188
87
173
204
231
191
250
43
100
174
12
170
229
63
110
106
160
249
156
187
231
191
251
117
167
59
79
188
229
63
107
216
239
137
117
170
231
191
3
67
86
183
122
206
229
63
109
201
170
8
55
153
231
191
62
123
46
83
147
224
229
63
185
25
110
192
231
135
231
191
194
18
15
40
155
242
229
63
57
213
90
152
133
118
231
191
145
9
248
53
146
4
230
63
25
228
46
194
20
101
231
191
239
59
134
199
126
22
230
63
90
70
234
61
149
83
231
191
196
181
218
195
94
40
230
63
252
251
140
11
7
66
231
191
84
83
146
117
56
58
230
63
45
237
212
92
110
48
231
191
138
32
206
195
9
76
230
63
167
61
37
231
196
30
231
191
101
29
142
174
210
93
230
63
130
225
92
195
12
13
231
191
251
61
177
78
149
111
230
63
190
216
123
241
69
251
230
191
100
118
22
189
83
129
230
63
46
59
196
63
108
233
230
191
182
186
156
18
16
147
230
63
231
252
20
199
129
215
230
191
196
34
134
29
198
164
230
63
235
29
110
135
134
197
230
191
188
150
144
15
122
182
230
63
34
170
240
103
120
179
230
191
179
10
155
1
46
200
230
63
117
173
189
79
85
161
230
191
147
138
198
218
223
217
230
63
229
39
213
62
29
143
230
191
116
10
242
179
145
235
230
63
114
25
55
53
208
124
230
191
107
126
252
165
69
253
230
63
50
118
194
75
112
106
230
191
76
254
39
127
247
14
231
63
14
74
152
105
251
87
230
191
22
138
116
63
167
32
231
63
98
101
52
242
121
69
230
191
178
45
3
206
82
50
231
63
91
176
84
23
240
50
230
191
10
245
244
17
248
67
231
63
39
19
183
10
98
32
230
191
30
224
73
11
151
85
231
63
243
117
25
254
211
13
230
191
192
6
68
136
43
103
231
63
236
192
57
35
74
251
229
191
241
104
227
136
181
120
231
63
87
208
180
196
202
232
229
191
153
18
73
244
50
138
231
63
74
152
105
251
87
214
229
191
161
15
150
177
161
155
231
63
175
36
121
174
239
195
229
191
244
107
235
167
255
172
231
63
111
129
4
197
143
177
229
191
77
75
172
140
70
190
231
63
70
210
110
244
49
159
229
191
172
173
216
95
118
207
231
63
28
35
217
35
212
140
229
191
227
170
178
239
138
224
231
63
175
151
166
8
112
122
229
191
174
102
157
241
125
241
231
63
208
71
25
113
1
104
229
191
13
225
152
101
79
2
232
63
81
75
115
43
132
85
229
191
188
61
8
1
249
18
232
63
29
174
213
30
246
66
229
191
187
124
235
195
122
35
232
63
238
147
163
0
81
48
229
191
198
193
165
99
206
51
232
63
152
20
31
159
144
29
229
191
243
0
22
249
245
67
232
63
49
36
39
19
183
10
229
191
112
34
250
181
245
83
232
63
140
218
253
42
192
247
228
191
175
234
172
22
216
99
232
63
214
31
97
24
176
228
228
191
198
77
13
52
159
115
232
63
14
244
80
219
134
209
228
191
17
28
151
113
83
131
232
63
54
87
205
115
68
190
228
191
188
61
8
1
249
146
232
63
100
61
181
250
234
170
228
191
35
131
220
69
152
162
232
63
129
178
41
87
120
151
228
191
116
212
209
113
53
178
232
63
164
170
9
162
238
131
228
191
8
2
100
232
216
193
232
63
204
37
85
219
77
112
228
191
37
232
47
244
136
209
232
63
251
35
12
3
150
92
228
191
180
146
86
124
67
225
232
63
47
165
46
25
199
72
228
191
203
245
182
153
10
241
232
63
173
133
89
104
231
52
228
191
38
53
180
1
216
0
233
63
118
197
140
240
246
32
228
191
175
92
111
155
169
16
233
63
182
76
134
227
249
12
228
191
33
144
75
28
121
32
233
63
155
3
4
115
244
248
227
191
79
231
138
82
66
48
233
63
82
210
195
208
234
228
227
191
34
110
78
37
3
64
233
63
220
184
197
252
220
208
227
191
109
60
216
98
183
79
233
63
125
147
166
65
209
188
227
191
24
94
73
242
92
95
233
63
98
74
36
209
203
168
227
191
201
2
38
112
235
110
233
63
162
209
29
196
206
148
227
191
151
30
77
245
100
126
233
63
84
29
114
51
220
128
227
191
106
189
223
104
199
141
233
63
96
57
66
6
242
108
227
191
45
235
254
177
16
157
233
63
155
61
208
10
12
89
227
191
246
155
137
233
66
172
233
63
213
65
94
15
38
69
227
191
150
231
193
221
89
187
233
63
248
81
13
251
61
49
227
191
61
182
101
192
89
202
233
63
215
133
31
156
79
29
227
191
211
19
150
120
64
217
233
63
69
245
214
192
86
9
227
191
65
12
116
237
11
232
233
63
19
184
117
55
79
245
226
191
136
159
255
30
188
246
233
63
21
230
61
206
52
225
226
191
167
205
56
13
81
5
234
63
51
139
80
108
5
205
226
191
158
150
31
184
202
19
234
63
64
191
239
223
188
184
226
191
110
250
179
31
41
34
234
63
61
130
27
41
91
164
226
191
67
225
179
117
112
48
234
63
40
212
211
71
224
143
226
191
8
87
64
161
158
62
234
63
25
169
247
84
78
123
226
191
233
67
23
212
183
76
234
63
39
245
101
105
167
102
226
191
231
167
56
14
188
90
234
63
82
184
30
133
235
81
226
191
47
107
98
129
175
104
234
63
176
230
0
193
28
61
226
191
216
129
115
70
148
118
234
63
42
140
45
4
57
40
226
191
225
235
107
93
106
132
234
63
6
133
65
153
70
19
226
191
98
157
42
223
51
146
234
63
20
233
126
78
65
254
225
191
137
126
109
253
244
159
234
63
132
160
163
85
45
233
225
191
61
155
85
159
171
173
234
63
84
171
175
174
10
212
225
191
173
219
160
246
91
187
234
63
178
241
96
139
221
190
225
191
194
75
112
234
3
201
234
63
182
103
150
4
168
169
225
191
170
211
129
172
167
214
234
63
163
233
236
100
112
148
225
191
78
127
246
35
69
228
234
63
98
131
133
147
52
127
225
191
196
66
173
105
222
241
234
63
56
17
253
218
250
105
225
191
35
18
133
150
117
255
234
63
37
147
83
59
195
84
225
191
130
225
92
195
12
13
235
63
132
217
4
24
150
63
225
191
203
188
85
215
161
26
235
63
38
252
82
63
111
42
225
191
42
140
45
4
57
40
235
63
104
203
185
20
87
21
225
191
115
103
38
24
206
53
235
63
51
83
90
127
75
0
225
191
165
78
64
19
97
67
235
63
88
171
118
77
72
235
224
191
146
89
189
195
237
80
235
63
194
223
47
102
75
214
224
191
225
183
33
198
107
94
235
63
66
8
200
151
80
193
224
191
121
117
142
1
217
107
235
63
149
72
162
151
81
172
224
191
46
170
69
68
49
121
235
63
141
184
0
52
74
151
224
191
210
109
137
92
112
134
235
63
42
88
227
108
58
130
224
191
33
228
188
255
143
147
235
63
39
75
173
247
27
109
224
191
238
36
34
252
139
160
235
63
88
169
160
162
234
87
224
191
33
60
218
56
98
173
235
63
143
138
255
59
162
66
224
191
119
77
72
107
12
186
235
63
204
238
201
195
66
45
224
191
5
77
75
172
140
198
235
63
248
225
32
33
202
23
224
191
251
34
161
45
231
210
235
63
42
88
227
108
58
2
224
191
87
207
73
239
27
223
235
63
29
115
158
177
47
217
223
191
94
46
226
59
49
235
235
63
32
36
11
152
192
173
223
191
249
75
139
250
36
247
235
63
138
171
202
190
43
130
223
191
131
248
192
142
255
2
236
63
136
241
154
87
117
86
223
191
230
63
164
223
190
14
236
63
72
222
57
148
161
42
223
191
78
10
243
30
103
26
236
63
156
137
233
66
172
254
222
191
211
75
140
101
250
37
236
63
223
195
37
199
157
210
222
191
162
236
45
229
124
49
236
63
17
141
238
32
118
166
222
191
210
224
182
182
240
60
236
63
96
205
1
130
57
122
222
191
99
40
39
218
85
72
236
63
157
156
161
184
227
77
222
191
107
183
93
104
174
83
236
63
248
226
139
246
120
33
222
191
235
141
90
97
250
94
236
63
65
184
2
10
245
244
221
191
16
148
219
246
61
106
236
63
167
4
196
36
92
200
221
191
218
201
224
40
121
117
236
63
42
200
207
70
174
155
221
191
73
47
106
247
171
128
236
63
247
234
227
161
239
110
221
191
138
172
53
148
218
139
236
63
178
156
132
210
23
66
221
191
181
53
34
24
7
151
236
63
184
173
45
60
47
21
221
191
178
214
80
106
47
162
236
63
219
53
33
173
49
232
220
191
153
131
160
163
85
173
236
63
71
29
29
87
35
187
220
191
82
72
50
171
119
184
236
63
254
99
33
58
4
142
220
191
198
48
39
104
147
195
236
63
89
218
169
185
220
96
220
191
224
72
160
193
166
206
236
63
90
128
182
213
172
51
220
191
159
144
157
183
177
217
236
63
45
62
5
192
120
6
220
191
236
19
64
49
178
228
236
63
211
19
150
120
64
217
219
191
154
234
201
252
163
239
236
63
166
209
228
98
12
172
219
191
192
8
26
51
137
250
236
63
167
119
241
126
220
126
219
191
70
122
81
187
95
5
237
63
48
214
55
48
185
81
219
191
0
87
178
99
35
16
237
63
66
237
183
118
162
36
219
191
237
158
60
44
212
26
237
63
174
212
179
32
148
247
218
191
246
93
17
252
111
37
237
63
118
140
43
46
142
202
218
191
6
160
81
186
244
47
237
63
16
92
229
9
132
157
218
191
27
101
253
102
98
58
237
63
79
91
35
130
113
112
218
191
242
208
119
183
178
68
237
63
216
185
105
51
78
67
218
191
138
227
192
171
229
78
237
63
80
167
60
186
17
22
218
191
229
156
216
67
251
88
237
63
184
35
156
22
188
232
217
191
188
32
34
53
237
98
237
63
88
142
144
129
60
187
217
191
17
111
157
127
187
108
237
63
50
231
25
251
146
141
217
191
205
147
107
10
100
118
237
63
188
117
254
237
178
95
217
191
216
154
173
188
228
127
237
63
37
34
252
139
160
49
217
191
120
96
0
225
67
137
237
63
108
236
18
213
91
3
217
191
195
216
66
144
131
146
237
63
25
141
124
94
241
212
216
191
230
235
50
252
167
155
237
63
91
236
246
89
101
166
216
191
37
118
109
111
183
164
237
63
185
194
187
92
196
119
216
191
152
107
209
2
180
173
237
63
143
224
70
202
22
73
216
191
153
156
218
25
166
182
237
63
10
46
86
212
96
26
216
191
41
9
137
180
141
191
237
63
133
123
101
222
170
235
215
191
161
129
88
54
115
200
237
63
136
129
174
125
1
189
215
191
49
238
6
209
90
209
237
63
65
40
239
227
104
142
215
191
238
66
115
157
70
218
237
63
12
64
163
116
233
95
215
191
216
127
157
155
54
227
237
63
140
248
78
204
122
49
215
191
172
200
232
128
36
236
237
63
148
105
52
185
24
3
215
191
128
17
52
102
18
245
237
63
248
170
149
9
191
212
214
191
225
149
36
207
245
253
237
63
0
28
123
246
92
166
214
191
233
73
153
212
208
6
238
63
174
188
228
127
242
119
214
191
80
81
245
43
157
15
238
63
165
188
86
66
119
73
214
191
2
184
89
188
88
24
238
63
140
75
85
218
226
26
214
191
186
161
41
59
253
32
238
63
52
129
34
22
49
236
213
191
74
38
167
118
134
41
238
63
232
188
198
46
81
189
213
191
201
57
177
135
246
49
238
63
3
207
189
135
75
142
213
191
221
11
204
10
69
58
238
63
252
254
205
139
19
95
213
191
223
108
115
99
122
66
238
63
92
5
49
208
181
47
213
191
163
116
233
95
146
74
238
63
34
226
230
84
50
0
213
191
86
11
236
49
145
82
238
63
170
101
107
125
145
208
212
191
16
37
90
242
120
90
238
63
78
96
58
173
219
160
212
191
184
205
84
136
71
98
238
63
226
233
149
178
12
113
212
191
147
225
120
62
3
106
238
63
237
186
183
34
49
65
212
191
139
108
231
251
169
113
238
63
157
187
93
47
77
17
212
191
205
86
94
242
63
121
238
63
242
235
135
216
96
225
211
191
67
172
254
8
195
128
238
63
71
28
178
129
116
177
211
191
25
85
134
113
55
136
238
63
157
76
220
42
136
129
211
191
35
105
55
250
152
143
238
63
31
101
196
5
160
81
211
191
119
220
240
187
233
150
238
63
71
173
48
125
175
33
211
191
231
198
244
132
37
158
238
63
65
13
223
194
186
241
210
191
116
40
67
85
76
165
238
63
14
133
207
214
193
193
210
191
52
245
186
69
96
172
238
63
82
68
134
85
188
145
210
191
227
80
191
11
91
179
238
63
60
51
193
112
174
97
210
191
130
59
80
167
60
186
238
63
111
129
4
197
143
49
210
191
38
169
76
49
7
193
238
63
236
46
80
82
96
1
210
191
163
177
246
119
182
199
238
63
135
83
230
230
27
209
209
191
14
73
45
148
76
206
238
63
107
215
132
180
198
160
209
191
105
111
240
133
201
212
238
63
153
186
43
187
96
112
209
191
225
12
254
126
49
219
238
63
17
253
218
250
233
63
209
191
140
21
53
152
134
225
238
63
212
158
146
115
98
15
209
191
106
137
149
209
200
231
238
63
59
112
206
136
210
222
208
191
214
56
155
142
0
238
238
63
236
160
18
215
49
174
208
191
163
59
136
157
41
244
238
63
112
233
152
243
140
125
208
191
44
98
216
97
76
250
238
63
153
97
163
172
223
76
208
191
113
172
139
219
104
0
239
63
149
241
239
51
46
28
208
191
136
14
129
35
129
6
239
63
107
98
129
175
232
214
207
191
137
124
151
82
151
12
239
63
172
225
34
247
116
117
207
191
115
246
206
104
171
18
239
63
147
144
72
219
248
19
207
191
24
148
105
52
185
24
239
63
121
63
110
191
124
178
206
191
99
97
136
156
190
30
239
63
4
30
24
64
248
80
206
191
37
118
109
111
183
36
239
63
234
204
61
36
124
239
205
191
95
210
24
173
163
42
239
63
26
219
107
65
239
141
205
191
204
153
237
10
125
48
239
63
166
185
21
194
106
44
205
191
131
192
202
161
69
54
239
63
49
152
191
66
230
202
204
191
41
118
52
14
245
59
239
63
23
71
229
38
106
105
204
191
191
186
42
80
139
65
239
63
253
245
10
11
238
7
204
191
44
154
206
78
6
71
239
63
62
117
172
82
122
166
203
191
114
20
32
10
102
76
239
63
128
244
77
154
6
69
203
191
122
53
64
105
168
81
239
63
102
163
115
126
138
227
202
191
90
241
13
133
207
86
239
63
241
129
29
255
5
130
202
191
252
83
170
68
217
91
239
63
198
191
207
184
112
32
202
191
118
81
244
192
199
96
239
63
139
140
14
72
194
190
201
191
201
233
235
249
154
101
239
63
227
23
94
73
242
92
201
191
243
28
145
239
82
106
239
63
117
145
66
89
248
250
200
191
247
234
227
161
239
110
239
63
229
40
64
20
204
152
200
191
233
71
195
41
115
115
239
63
51
222
86
122
109
54
200
191
157
75
113
85
217
119
239
63
5
225
10
40
212
211
199
191
64
222
171
86
38
124
239
63
254
96
224
185
247
112
199
191
255
231
48
95
94
128
239
63
214
254
206
246
232
13
199
191
242
92
223
135
131
132
239
63
66
91
206
165
184
170
198
191
47
49
150
233
151
136
239
63
232
165
98
99
94
71
198
191
205
88
52
157
157
140
239
63
215
79
255
89
243
227
197
191
16
176
86
237
154
144
239
63
181
136
40
38
111
128
197
191
15
43
220
242
145
148
239
63
148
193
81
242
234
28
197
191
224
189
163
198
132
152
239
63
205
202
246
33
111
185
196
191
177
80
107
154
119
156
239
63
97
164
23
181
251
85
196
191
153
215
17
135
108
160
239
63
172
30
48
15
153
242
195
191
197
58
85
190
103
164
239
63
7
10
188
147
79
143
195
191
218
169
185
220
96
168
239
63
24
150
63
223
22
44
195
191
194
48
96
201
85
172
239
63
223
194
186
241
238
200
194
191
56
243
171
57
64
176
239
63
1
192
177
103
207
101
194
191
249
20
0
227
25
180
239
63
35
189
168
221
175
2
194
191
236
161
125
172
224
183
239
63
69
186
159
83
144
159
193
191
207
189
135
75
142
187
239
63
12
231
26
102
104
60
193
191
115
128
96
142
30
191
239
63
29
115
158
177
47
217
192
191
126
25
140
17
137
194
239
63
211
46
166
153
238
117
192
191
195
160
76
163
201
197
239
63
30
169
190
243
139
18
192
191
64
22
162
67
224
200
239
63
100
5
191
13
49
94
191
191
246
121
140
242
204
203
239
63
107
214
25
223
23
151
190
191
253
191
234
200
145
206
239
63
6
102
133
34
221
207
189
191
174
184
56
42
55
209
239
63
127
19
10
17
112
8
189
191
10
100
118
22
189
211
239
63
141
127
159
113
225
64
188
191
86
158
64
216
41
214
239
63
46
170
69
68
49
121
187
191
190
79
85
161
129
216
239
63
100
147
252
136
95
177
186
191
134
84
81
188
202
218
239
63
46
59
196
63
108
233
185
191
176
172
52
41
5
221
239
63
66
66
148
47
104
33
185
191
127
52
156
50
55
223
239
63
52
103
125
202
49
89
184
191
9
224
102
241
98
225
239
63
112
235
110
158
234
144
183
191
125
151
82
151
140
227
239
63
65
46
113
228
129
200
182
191
126
138
227
192
171
229
239
63
91
208
123
99
8
0
182
191
37
173
248
134
194
231
239
63
191
209
142
27
126
55
181
191
91
11
179
208
206
233
239
63
110
50
170
12
227
110
180
191
218
200
117
83
202
235
239
63
103
242
205
54
55
166
179
191
141
241
97
246
178
237
239
63
169
17
250
153
122
221
178
191
137
121
86
210
138
239
239
63
236
48
38
253
189
20
178
191
117
144
215
131
73
241
239
63
229
240
73
39
18
76
177
191
103
42
196
35
241
242
239
63
222
176
109
81
102
131
176
191
49
95
94
128
125
244
239
63
172
225
34
247
116
117
175
191
189
58
199
128
236
245
239
63
158
97
106
75
29
228
173
191
243
200
31
12
60
247
239
63
143
225
177
159
197
82
172
191
213
9
104
34
108
248
239
63
20
32
10
102
76
193
170
191
51
21
226
145
120
249
239
63
86
154
148
130
110
47
169
191
16
235
141
90
97
250
239
63
85
80
81
245
43
157
167
191
83
151
140
99
36
251
239
63
164
0
81
48
99
10
166
191
229
37
255
147
191
251
239
63
107
40
181
23
209
118
164
191
177
162
6
211
48
252
239
63
24
9
109
57
151
226
162
191
114
49
6
214
113
252
239
63
101
222
170
235
80
77
161
191
222
114
245
99
147
252
239
63
48
217
120
176
197
110
159
191
108
150
203
70
231
252
239
63
2
18
77
160
136
69
156
191
187
72
161
44
124
253
239
63
38
251
231
105
192
32
153
191
100
203
242
117
25
254
239
63
130
114
219
190
71
253
149
191
253
220
208
148
157
254
239
63
46
228
17
220
72
217
146
191
155
113
26
162
10
255
239
63
5
166
211
186
13
106
143
191
86
125
174
182
0
0
0
0
0
0
0
0
0
0
0
0
0
0
0
0
0
0
0
0
0
0
0
0
0
0
0
0
0
0
0
0
0
0
0
0
0
0
0
0
0
0
0
0
0
0
0
0
0
0
0
0
0
0
0
0
0
0
0
0
0
0
0
0
0
0
0
0
0
0
0
0
0
0
0
0
0
0
0
0
0
0
0
0
0
0
0
0
0
0
0
0
0
0
0
0
0
0
0
0
0
0
0
0
0
0
0
0
0
0
0
0
0
0
0
0
0
0
0
0
0
0
0
0
0
0
0
0
0
0
0
0
0
0
0
0
0
0
0
0
0
0
0
0
0
0
0
0
0
0
0
0
0
0
0
0
0
0
0
0
0
0
0
0
0
0
0
0
0
0
0
0
0
0
0
0
0
0
0
0
0
0
0
0
0
0
0
0
0
0
0
0
0
0
0
0
0
0
0
0
0
0
0
0
0
0
0
0
0
0
0
0
0
0
0
0
0
0
0
0
0
0
0
0
0
0
0
0
0
0
0
0
0
0
0
0
0
0
0
0
0
0
0
0
0
0
0
0
0
0
0
0
0
0
0
0
0
0
0
0
0
0
0
0
0
0
0
0
0
0
0
0
0
0
0
0
0
0
0
0
0
0
0
0
0
0
0
0
0
0
0
0
0
0
0
0
0
0
0
0
0
0
0
0
0
0
0
0
0
0
0
0
0
0
0
0
0
0
0
0
0
0
0
0
0
0
0
0
0
0
0
0
0
0
0
0
0
0
0
0
0
0
0
0
0
0
0
0
0
0
0
0
0
0
0
0
0
0
0
0
0
0
0
0
0
0
0
0
0
0
0
0
0
0
0
0
0
0
0
0
0
0
0
0
0
0
0
0
0
0
0
0
0
0
0
0
0
0
0
0
0
0
0
0
0
0
0
0
0
0
0
0
0
0
0
0
0
0
0
0
0
0
0
0
0
0
0
0
0
0
0
0
0
0
0
0
0
0
0
0
0
0
0
0
0
0
0
0
0
0
0
0
0
0
0
0
0
0
0
0
0
0
0
0
0
0
0
0
0
0
0
0
0
0
0
0
0
0
0
0
0
0
0
0
0
0
0
0
0
0
0
0
0
0
0
0
0
0
0
0
0
0
0
0
0
0
0
0
0
0
0
0
0
0
0
0
0
0
0
0
0
0
0
0
0
0
0
0
0
0
0
0
0
0
0
0
0
0
0
0
0
0
0
0
0
0
0
0
0
0
0
0
0
0
0
0
0
0
0
0
0
0
0
0
0
0
0
0
0
0
0
0
0
0
0
0
0
0
0
0
0
0
0
0
0
0
0
0
0
0
0
0
0
0
0
0
0
0
0
0
0
0
0
0
0
0
0
0
0
0
0
0
0
0
0
0
0
0
0
0
0
0
0
0
0
0
0
0
0
0
0
0
0
0
0
0
0
0
0
0
0
0
0
0
0
0
0
0
0
0
0
0
0
0
0
0
0
0
0
0
0
0
0
0
0
0
0
0
0
0
0
0
0
0
0
0
0
0
0
0
0
0
0
0
0
0
0
0
0
0
0
0
0
0
0
0
0
0
0
0
0
0
0
0
0
0
0
0
0
0
0
0
0
0
0
0
0
0
0
0
0
0
0
0
0
0
0
0
0
0
0
0
0
0
0
0
0
0
0
0
0
0
0
0
0
0
0
0
0
0
0
0
0
0
0
0
0
0
0
0
0
0
0
0
0
0
0
0
0
0
0
0
0
0
0
0
0
0
0
0
0
0
0
0
0
0
0
0
0
0
0
0
0
0
0
0
0
0
0
0
0
0
0
0
0
0
0
0
0
0
0
0
0
0
0
0
0
0
0
0
0
0
0
0
0
0
0
0
0
0
0
0
0
0
0
0
0
0
0
0
0
0
0
0
0
0
0
0
0
0
0
0
0
0
0
0
0
0
0
0
0
0
0
0
0
0
0
0
0
0
0
0
0
0
0
0
0
0
0
0
0
0
0
0
0
0
0
0
0
0
0
0
0
0
0
0
0
0
0
0
0
0
0
0
0
0
0
0
0
0
0
0
0
0
0
0
0
0
0
0
0
0
0
0
0
0
0
0
0
0
0
0
0
0
0
0
0
0
0
0
0
0
0
0
0
0
0
0
0
0
0
0
0
0
0
0
0
0
0
0
0
0
0
0
0
0
0
0
0
0
0
0
0
0
0
0
0
0
0
0
0
0
0
0
0
0
0
0
0
0
0
0
0
0
0
0
0
0
0
0
0
0
0
0
0
0
0
0
0
0
0
0
0
0
0
0
0
0
0
0
0
0
0
0
0
0
0
0
0
0
0
0
0
0
0
0
0
0
0
0
0
0
0
0
0
0
0
0
0
0
0
0
0
0
0
0
0
0
0
0
0
0
0
0
0
0
0
0
0
0
0
0
0
0
0
0
0
0
0
0
0
0
0
0
0
0
0
0
0
0
0
0
0
0
0
0
0
0
0
0
0
0
0
0
0
0
0
0
0
0
0
0
0
0
0
0
0
0
0
0
0
0
0
0
0
0
0
0
0
0
0
0
0
0
0
0
0
0
0
0
0
0
0
0
0
0
0
0
0
0
0
0
0
0
0
0
0
0
0
0
0
0
0
0
0
0
0
0
0
0
0
0
0
0
0
0
0
0
0
0
0
0
0
0
0
0
0
0
0
0
0
0
0
0
0
0
0
0
0
0
0
0
0
0
0
0
0
0
0
0
0
0
0
0
0
0
0
0
0
0
0
0
0
0
0
0
0