58
70
65
67
84
58
67
68
65
84
49
56
58
68
65
84
65
32
35
57
48
48
48
48
48
54
57
51
54
0
0
0
0
0
11
179
64
0
0
0
0
0
128
127
192
0
0
0
0
0
169
178
64
0
0
0
0
0
68
145
192
0
0
0
0
0
253
177
64
0
0
0
0
0
100
154
192
0
0
0
0
0
9
177
64
0
0
0
0
0
144
161
192
0
0
0
0
0
164
175
64
0
0
0
0
0
170
165
192
0
0
0
0
0
186
172
64
0
0
0
0
0
110
169
192
0
0
0
0
0
92
169
64
0
0
0
0
0
206
172
192
0
0
0
0
0
156
165
64
0
0
0
0
0
190
175
192
0
0
0
0
0
134
161
64
0
0
0
0
0
25
177
192
0
0
0
0
0
80
154
64
0
0
0
0
0
17
178
192
0
0
0
0
0
44
145
64
0
0
0
0
0
193
178
192
0
0
0
0
0
16
127
64
0
0
0
0
0
39
179
192
0
0
0
0
0
128
92
192
0
0
0
0
0
65
179
192
0
0
0
0
0
160
134
192
0
0
0
0
0
15
179
192
0
0
0
0
0
172
148
192
0
0
0
0
0
145
178
192
0
0
0
0
0
184
157
192
0
0
0
0
0
201
177
192
0
0
0
0
0
40
163
192
0
0
0
0
0
186
176
192
0
0
0
0
0
36
167
192
0
0
0
0
0
208
174
192
0
0
0
0
0
198
170
192
0
0
0
0
0
176
171
192
0
0
0
0
0
250
173
192
0
0
0
0
0
34
168
192
0
0
0
0
0
90
176
192
0
0
0
0
0
52
164
192
0
0
0
0
0
117
177
192
0
0
0
0
0
244
159
192
0
0
0
0
0
74
178
192
0
0
0
0
0
4
151
192
0
0
0
0
0
214
178
192
0
0
0
0
0
120
139
192
0
0
0
0
0
23
179
192
0
0
0
0
0
32
113
192
0
0
0
0
0
11
179
192
0
0
0
0
0
224
116
64
0
0
0
0
0
181
178
192
0
0
0
0
0
56
141
64
0
0
0
0
0
21
178
192
0
0
0
0
0
188
151
64
0
0
0
0
0
46
177
192
0
0
0
0
0
60
160
64
0
0
0
0
0
5
176
192
0
0
0
0
0
86
164
64
0
0
0
0
0
60
173
192
0
0
0
0
0
28
168
64
0
0
0
0
0
254
169
192
0
0
0
0
0
130
171
64
0
0
0
0
0
92
166
192
0
0
0
0
0
122
174
64
0
0
0
0
0
100
162
192
0
0
0
0
0
124
176
64
0
0
0
0
0
76
156
192
0
0
0
0
0
122
177
64
0
0
0
0
0
104
147
192
0
0
0
0
0
52
178
64
0
0
0
0
0
112
132
192
0
0
0
0
0
166
178
64
0
0
0
0
0
128
76
192
0
0
0
0
0
207
178
64
0
0
0
0
0
224
128
64
0
0
0
0
0
173
178
64
0
0
0
0
0
164
145
64
0
0
0
0
0
67
178
64
0
0
0
0
0
144
154
64
0
0
0
0
0
145
177
64
0
0
0
0
0
136
161
64
0
0
0
0
0
154
176
64
0
0
0
0
0
132
165
64
0
0
0
0
0
194
174
64
0
0
0
0
0
42
169
64
0
0
0
0
0
216
171
64
0
0
0
0
0
108
172
64
0
0
0
0
0
128
168
64
0
0
0
0
0
62
175
64
0
0
0
0
0
200
164
64
0
0
0
0
0
202
176
64
0
0
0
0
0
190
160
64
0
0
0
0
0
179
177
64
0
0
0
0
0
232
152
64
0
0
0
0
0
85
178
64
0
0
0
0
0
224
143
64
0
0
0
0
0
175
178
64
0
0
0
0
0
224
122
64
0
0
0
0
0
191
178
64
0
0
0
0
0
160
100
192
0
0
0
0
0
134
178
64
0
0
0
0
0
176
135
192
0
0
0
0
0
3
178
64
0
0
0
0
0
236
148
192
0
0
0
0
0
58
177
64
0
0
0
0
0
172
157
192
0
0
0
0
0
45
176
64
0
0
0
0
0
252
162
192
0
0
0
0
0
194
173
64
0
0
0
0
0
216
166
192
0
0
0
0
0
180
170
64
0
0
0
0
0
90
170
192
0
0
0
0
0
62
167
64
0
0
0
0
0
116
173
192
0
0
0
0
0
106
163
64
0
0
0
0
0
14
176
192
0
0
0
0
0
148
158
64
0
0
0
0
0
36
177
192
0
0
0
0
0
220
149
64
0
0
0
0
0
246
177
192
0
0
0
0
0
152
137
64
0
0
0
0
0
129
178
192
0
0
0
0
0
32
108
64
0
0
0
0
0
195
178
192
0
0
0
0
0
64
119
192
0
0
0
0
0
186
178
192
0
0
0
0
0
32
142
192
0
0
0
0
0
104
178
192
0
0
0
0
0
20
152
192
0
0
0
0
0
204
177
192
0
0
0
0
0
90
160
192
0
0
0
0
0
233
176
192
0
0
0
0
0
106
164
192
0
0
0
0
0
134
175
192
0
0
0
0
0
40
168
192
0
0
0
0
0
190
172
192
0
0
0
0
0
134
171
192
0
0
0
0
0
132
169
192
0
0
0
0
0
116
174
192
0
0
0
0
0
228
165
192
0
0
0
0
0
116
176
192
0
0
0
0
0
240
161
192
0
0
0
0
0
108
177
192
0
0
0
0
0
108
155
192
0
0
0
0
0
31
178
192
0
0
0
0
0
144
146
192
0
0
0
0
0
138
178
192
0
0
0
0
0
216
130
192
0
0
0
0
0
172
178
192
0
0
0
0
0
0
38
192
0
0
0
0
0
132
178
192
0
0
0
0
0
40
130
64
0
0
0
0
0
20
178
192
0
0
0
0
0
44
146
64
0
0
0
0
0
94
177
192
0
0
0
0
0
248
154
64
0
0
0
0
0
99
176
192
0
0
0
0
0
174
161
64
0
0
0
0
0
82
174
192
0
0
0
0
0
152
165
64
0
0
0
0
0
102
171
192
0
0
0
0
0
46
169
64
0
0
0
0
0
14
168
192
0
0
0
0
0
94
172
64
0
0
0
0
0
90
164
192
0
0
0
0
0
32
175
64
0
0
0
0
0
84
160
192
0
0
0
0
0
179
176
64
0
0
0
0
0
32
152
192
0
0
0
0
0
148
177
64
0
0
0
0
0
112
142
192
0
0
0
0
0
48
178
64
0
0
0
0
0
80
120
192
0
0
0
0
0
131
178
64
0
0
0
0
0
32
105
64
0
0
0
0
0
141
178
64
0
0
0
0
0
160
136
64
0
0
0
0
0
78
178
64
0
0
0
0
0
68
149
64
0
0
0
0
0
198
177
64
0
0
0
0
0
232
157
64
0
0
0
0
0
248
176
64
0
0
0
0
0
8
163
64
0
0
0
0
0
206
175
64
0
0
0
0
0
208
166
64
0
0
0
0
0
48
173
64
0
0
0
0
0
60
170
64
0
0
0
0
0
30
170
64
0
0
0
0
0
66
173
64
0
0
0
0
0
168
166
64
0
0
0
0
0
210
175
64
0
0
0
0
0
216
162
64
0
0
0
0
0
243
176
64
0
0
0
0
0
128
157
64
0
0
0
0
0
186
177
64
0
0
0
0
0
220
148
64
0
0
0
0
0
60
178
64
0
0
0
0
0
208
135
64
0
0
0
0
0
117
178
64
0
0
0
0
0
32
102
64
0
0
0
0
0
102
178
64
0
0
0
0
0
160
121
192
0
0
0
0
0
14
178
64
0
0
0
0
0
248
142
192
0
0
0
0
0
111
177
64
0
0
0
0
0
80
152
192
0
0
0
0
0
139
176
64
0
0
0
0
0
100
160
192
0
0
0
0
0
204
174
64
0
0
0
0
0
92
164
192
0
0
0
0
0
8
172
64
0
0
0
0
0
4
168
192
0
0
0
0
0
212
168
64
0
0
0
0
0
78
171
192
0
0
0
0
0
64
165
64
0
0
0
0
0
42
174
192
0
0
0
0
0
88
161
64
0
0
0
0
0
72
176
192
0
0
0
0
0
88
154
64
0
0
0
0
0
58
177
192
0
0
0
0
0
152
145
64
0
0
0
0
0
231
177
192
0
0
0
0
0
40
129
64
0
0
0
0
0
78
178
192
0
0
0
0
0
128
66
192
0
0
0
0
0
108
178
192
0
0
0
0
0
104
131
192
0
0
0
0
0
64
178
192
0
0
0
0
0
172
146
192
0
0
0
0
0
205
177
192
0
0
0
0
0
88
155
192
0
0
0
0
0
19
177
192
0
0
0
0
0
202
161
192
0
0
0
0
0
22
176
192
0
0
0
0
0
160
165
192
0
0
0
0
0
180
173
192
0
0
0
0
0
32
169
192
0
0
0
0
0
198
170
192
0
0
0
0
0
60
172
192
0
0
0
0
0
112
167
192
0
0
0
0
0
230
174
192
0
0
0
0
0
192
163
192
0
0
0
0
0
139
176
192
0
0
0
0
0
132
159
192
0
0
0
0
0
97
177
192
0
0
0
0
0
12
151
192
0
0
0
0
0
242
177
192
0
0
0
0
0
128
140
192
0
0
0
0
0
60
178
192
0
0
0
0
0
0
117
192
0
0
0
0
0
62
178
192
0
0
0
0
0
160
110
64
0
0
0
0
0
248
177
192
0
0
0
0
0
168
137
64
0
0
0
0
0
107
177
192
0
0
0
0
0
156
149
64
0
0
0
0
0
153
176
192
0
0
0
0
0
12
158
64
0
0
0
0
0
12
175
192
0
0
0
0
0
2
163
64
0
0
0
0
0
108
172
192
0
0
0
0
0
174
166
64
0
0
0
0
0
94
169
192
0
0
0
0
0
0
170
64
0
0
0
0
0
236
165
192
0
0
0
0
0
234
172
64
0
0
0
0
0
40
162
192
0
0
0
0
0
98
175
64
0
0
0
0
0
56
156
192
0
0
0
0
0
174
176
64
0
0
0
0
0
184
147
192
0
0
0
0
0
104
177
64
0
0
0
0
0
224
133
192
0
0
0
0
0
222
177
64
0
0
0
0
0
192
95
192
0
0
0
0
0
14
178
64
0
0
0
0
0
224
123
64
0
0
0
0
0
246
177
64
0
0
0
0
0
152
143
64
0
0
0
0
0
152
177
64
0
0
0
0
0
100
152
64
0
0
0
0
0
245
176
64
0
0
0
0
0
74
160
64
0
0
0
0
0
16
176
64
0
0
0
0
0
34
164
64
0
0
0
0
0
214
173
64
0
0
0
0
0
168
167
64
0
0
0
0
0
24
171
64
0
0
0
0
0
208
170
64
0
0
0
0
0
240
167
64
0
0
0
0
0
142
173
64
0
0
0
0
0
108
164
64
0
0
0
0
0
216
175
64
0
0
0
0
0
152
160
64
0
0
0
0
0
209
176
64
0
0
0
0
0
4
153
64
0
0
0
0
0
116
177
64
0
0
0
0
0
124
144
64
0
0
0
0
0
210
177
64
0
0
0
0
0
208
126
64
0
0
0
0
0
234
177
64
0
0
0
0
0
0
83
192
0
0
0
0
0
187
177
64
0
0
0
0
0
32
132
192
0
0
0
0
0
71
177
64
0
0
0
0
0
196
146
192
0
0
0
0
0
142
176
64
0
0
0
0
0
44
155
192
0
0
0
0
0
42
175
64
0
0
0
0
0
148
161
192
0
0
0
0
0
188
172
64
0
0
0
0
0
74
165
192
0
0
0
0
0
220
169
64
0
0
0
0
0
174
168
192
0
0
0
0
0
152
166
64
0
0
0
0
0
176
171
192
0
0
0
0
0
252
162
64
0
0
0
0
0
66
174
192
0
0
0
0
0
40
158
64
0
0
0
0
0
47
176
192
0
0
0
0
0
228
149
64
0
0
0
0
0
252
176
192
0
0
0
0
0
152
138
64
0
0
0
0
0
134
177
192
0
0
0
0
0
0
114
64
0
0
0
0
0
202
177
192
0
0
0
0
0
112
113
192
0
0
0
0
0
200
177
192
0
0
0
0
0
64
138
192
0
0
0
0
0
128
177
192
0
0
0
0
0
176
149
192
0
0
0
0
0
242
176
192
0
0
0
0
0
232
157
192
0
0
0
0
0
34
176
192
0
0
0
0
0
212
162
192
0
0
0
0
0
36
174
192
0
0
0
0
0
102
166
192
0
0
0
0
0
142
171
192
0
0
0
0
0
160
169
192
0
0
0
0
0
140
168
192
0
0
0
0
0
114
172
192
0
0
0
0
0
40
165
192
0
0
0
0
0
210
174
192
0
0
0
0
0
116
161
192
0
0
0
0
0
92
176
192
0
0
0
0
0
248
154
192
0
0
0
0
0
13
177
192
0
0
0
0
0
164
146
192
0
0
0
0
0
123
177
192
0
0
0
0
0
16
132
192
0
0
0
0
0
164
177
192
0
0
0
0
0
128
84
192
0
0
0
0
0
135
177
192
0
0
0
0
0
224
125
64
0
0
0
0
0
36
177
192
0
0
0
0
0
20
144
64
0
0
0
0
0
126
176
192
0
0
0
0
0
108
152
64
0
0
0
0
0
48
175
192
0
0
0
0
0
50
160
64
0
0
0
0
0
232
172
192
0
0
0
0
0
234
163
64
0
0
0
0
0
48
170
192
0
0
0
0
0
80
167
64
0
0
0
0
0
18
167
192
0
0
0
0
0
90
170
64
0
0
0
0
0
154
163
192
0
0
0
0
0
250
172
64
0
0
0
0
0
176
159
192
0
0
0
0
0
38
175
64
0
0
0
0
0
180
151
192
0
0
0
0
0
107
176
64
0
0
0
0
0
184
142
192
0
0
0
0
0
1
177
64
0
0
0
0
0
48
123
192
0
0
0
0
0
85
177
64
0
0
0
0
0
128
93
64
0
0
0
0
0
100
177
64
0
0
0
0
0
224
132
64
0
0
0
0
0
47
177
64
0
0
0
0
0
216
146
64
0
0
0
0
0
182
176
64
0
0
0
0
0
244
154
64
0
0
0
0
0
246
175
64
0
0
0
0
0
82
161
64
0
0
0
0
0
4
174
64
0
0
0
0
0
226
164
64
0
0
0
0
0
158
171
64
0
0
0
0
0
32
168
64
0
0
0
0
0
202
168
64
0
0
0
0
0
252
170
64
0
0
0
0
0
152
165
64
0
0
0
0
0
108
173
64
0
0
0
0
0
18
162
64
0
0
0
0
0
104
175
64
0
0
0
0
0
140
156
64
0
0
0
0
0
116
176
64
0
0
0
0
0
132
148
64
0
0
0
0
0
242
176
64
0
0
0
0
0
104
136
64
0
0
0
0
0
46
177
64
0
0
0
0
0
160
109
64
0
0
0
0
0
38
177
64
0
0
0
0
0
80
115
192
0
0
0
0
0
218
176
64
0
0
0
0
0
144
138
192
0
0
0
0
0
76
176
64
0
0
0
0
0
132
149
192
0
0
0
0
0
250
174
64
0
0
0
0
0
104
157
192
0
0
0
0
0
228
172
64
0
0
0
0
0
104
162
192
0
0
0
0
0
94
170
64
0
0
0
0
0
212
165
192
0
0
0
0
0
112
167
64
0
0
0
0
0
230
168
192
0
0
0
0
0
38
164
64
0
0
0
0
0
150
171
192
0
0
0
0
0
142
160
64
0
0
0
0
0
214
173
192
0
0
0
0
0
112
153
64
0
0
0
0
0
160
175
192
0
0
0
0
0
96
145
64
0
0
0
0
0
118
176
192
0
0
0
0
0
40
130
64
0
0
0
0
0
218
176
192
0
0
0
0
0
0
69
64
0
0
0
0
0
252
176
192
0
0
0
0
0
16
127
192
0
0
0
0
0
218
176
192
0
0
0
0
0
8
144
192
0
0
0
0
0
117
176
192
0
0
0
0
0
12
152
192
0
0
0
0
0
160
175
192
0
0
0
0
0
168
159
192
0
0
0
0
0
216
173
192
0
0
0
0
0
96
163
192
0
0
0
0
0
156
171
192
0
0
0
0
0
156
166
192
0
0
0
0
0
244
168
192
0
0
0
0
0
124
169
192
0
0
0
0
0
236
165
192
0
0
0
0
0
244
171
192
0
0
0
0
0
144
162
192
0
0
0
0
0
252
173
192
0
0
0
0
0
216
157
192
0
0
0
0
0
140
175
192
0
0
0
0
0
36
150
192
0
0
0
0
0
78
176
192
0
0
0
0
0
64
140
192
0
0
0
0
0
150
176
192
0
0
0
0
0
160
119
192
0
0
0
0
0
155
176
192
0
0
0
0
0
224
98
64
0
0
0
0
0
95
176
192
0
0
0
0
0
24
133
64
0
0
0
0
0
196
175
192
0
0
0
0
0
140
146
64
0
0
0
0
0
80
174
192
0
0
0
0
0
56
154
64
0
0
0
0
0
100
172
192
0
0
0
0
0
188
160
64
0
0
0
0
0
10
170
192
0
0
0
0
0
20
164
64
0
0
0
0
0
76
167
192
0
0
0
0
0
28
167
64
0
0
0
0
0
54
164
192
0
0
0
0
0
196
169
64
0
0
0
0
0
210
160
192
0
0
0
0
0
2
172
64
0
0
0
0
0
100
154
192
0
0
0
0
0
210
173
64
0
0
0
0
0
192
146
192
0
0
0
0
0
42
175
64
0
0
0
0
0
184
133
192
0
0
0
0
0
3
176
64
0
0
0
0
0
192
102
192
0
0
0
0
0
50
176
64
0
0
0
0
0
192
116
64
0
0
0
0
0
33
176
64
0
0
0
0
0
56
138
64
0
0
0
0
0
162
175
64
0
0
0
0
0
208
148
64
0
0
0
0
0
136
174
64
0
0
0
0
0
44
156
64
0
0
0
0
0
248
172
64
0
0
0
0
0
138
161
64
0
0
0
0
0
246
170
64
0
0
0
0
0
186
164
64
0
0
0
0
0
142
168
64
0
0
0
0
0
150
167
64
0
0
0
0
0
198
165
64
0
0
0
0
0
20
170
64
0
0
0
0
0
170
162
64
0
0
0
0
0
42
172
64
0
0
0
0
0
144
158
64
0
0
0
0
0
212
173
64
0
0
0
0
0
84
151
64
0
0
0
0
0
8
175
64
0
0
0
0
0
128
143
64
0
0
0
0
0
194
175
64
0
0
0
0
0
192
127
64
0
0
0
0
0
0
176
64
0
0
0
0
0
0
0
0
0
0
0
0
0
196
175
64
0
0
0
0
0
240
126
192
0
0
0
0
0
20
175
64
0
0
0
0
0
184
142
192
0
0
0
0
0
238
173
64
0
0
0
0
0
200
150
192
0
0
0
0
0
90
172
64
0
0
0
0
0
220
157
192
0
0
0
0
0
92
170
64
0
0
0
0
0
68
162
192
0
0
0
0
0
250
167
64
0
0
0
0
0
86
165
192
0
0
0
0
0
64
165
64
0
0
0
0
0
26
168
192
0
0
0
0
0
50
162
64
0
0
0
0
0
134
170
192
0
0
0
0
0
192
157
64
0
0
0
0
0
146
172
192
0
0
0
0
0
168
150
64
0
0
0
0
0
52
174
192
0
0
0
0
0
104
142
64
0
0
0
0
0
102
175
192
0
0
0
0
0
0
126
64
0
0
0
0
0
18
176
192
0
0
0
0
0
0
53
192
0
0
0
0
0
54
176
192
0
0
0
0
0
96
128
192
0
0
0
0
0
28
176
192
0
0
0
0
0
232
143
192
0
0
0
0
0
140
175
192
0
0
0
0
0
128
151
192
0
0
0
0
0
106
174
192
0
0
0
0
0
192
158
192
0
0
0
0
0
212
172
192
0
0
0
0
0
200
162
192
0
0
0
0
0
210
170
192
0
0
0
0
0
238
165
192
0
0
0
0
0
104
168
192
0
0
0
0
0
198
168
192
0
0
0
0
0
160
165
192
0
0
0
0
0
68
171
192
0
0
0
0
0
130
162
192
0
0
0
0
0
92
173
192
0
0
0
0
0
56
158
192
0
0
0
0
0
10
175
192
0
0
0
0
0
244
150
192
0
0
0
0
0
34
176
192
0
0
0
0
0
160
142
192
0
0
0
0
0
131
176
192
0
0
0
0
0
176
125
192
0
0
0
0
0
166
176
192
0
0
0
0
0
128
67
64
0
0
0
0
0
139
176
192
0
0
0
0
0
88
129
64
0
0
0
0
0
49
176
192
0
0
0
0
0
164
144
64
0
0
0
0
0
50
175
192
0
0
0
0
0
100
152
64
0
0
0
0
0
140
173
192
0
0
0
0
0
208
159
64
0
0
0
0
0
118
171
192
0
0
0
0
0
100
163
64
0
0
0
0
0
244
168
192
0
0
0
0
0
156
166
64
0
0
0
0
0
20
166
192
0
0
0
0
0
128
169
64
0
0
0
0
0
222
162
192
0
0
0
0
0
6
172
64
0
0
0
0
0
184
158
192
0
0
0
0
0
38
174
64
0
0
0
0
0
64
151
192
0
0
0
0
0
212
175
64
0
0
0
0
0
208
142
192
0
0
0
0
0
134
176
64
0
0
0
0
0
64
125
192
0
0
0
0
0
227
176
64
0
0
0
0
0
0
77
64
0
0
0
0
0
2
177
64
0
0
0
0
0
72
130
64
0
0
0
0
0
224
176
64
0
0
0
0
0
64
145
64
0
0
0
0
0
126
176
64
0
0
0
0
0
32
153
64
0
0
0
0
0
188
175
64
0
0
0
0
0
82
160
64
0
0
0
0
0
4
174
64
0
0
0
0
0
218
163
64
0
0
0
0
0
218
171
64
0
0
0
0
0
24
167
64
0
0
0
0
0
68
169
64
0
0
0
0
0
2
170
64
0
0
0
0
0
80
166
64
0
0
0
0
0
138
172
64
0
0
0
0
0
4
163
64
0
0
0
0
0
168
174
64
0
0
0
0
0
224
158
64
0
0
0
0
0
41
176
64
0
0
0
0
0
68
151
64
0
0
0
0
0
195
176
64
0
0
0
0
0
144
142
64
0
0
0
0
0
29
177
64
0
0
0
0
0
80
124
64
0
0
0
0
0
55
177
64
0
0
0
0
0
0
84
192
0
0
0
0
0
17
177
64
0
0
0
0
0
40
131
192
0
0
0
0
0
170
176
64
0
0
0
0
0
200
145
192
0
0
0
0
0
5
176
64
0
0
0
0
0
188
153
192
0
0
0
0
0
70
174
64
0
0
0
0
0
170
160
192
0
0
0
0
0
16
172
64
0
0
0
0
0
56
164
192
0
0
0
0
0
112
169
64
0
0
0
0
0
126
167
192
0
0
0
0
0
110
166
64
0
0
0
0
0
106
170
192
0
0
0
0
0
22
163
64
0
0
0
0
0
246
172
192
0
0
0
0
0
236
158
64
0
0
0
0
0
22
175
192
0
0
0
0
0
52
151
64
0
0
0
0
0
98
176
192
0
0
0
0
0
64
142
64
0
0
0
0
0
251
176
192
0
0
0
0
0
64
123
64
0
0
0
0
0
85
177
192
0
0
0
0
0
0
90
192
0
0
0
0
0
110
177
192
0
0
0
0
0
24
132
192
0
0
0
0
0
69
177
192
0
0
0
0
0
88
146
192
0
0
0
0
0
219
176
192
0
0
0
0
0
100
154
192
0
0
0
0
0
50
176
192
0
0
0
0
0
10
161
192
0
0
0
0
0
152
174
192
0
0
0
0
0
162
164
192
0
0
0
0
0
88
172
192
0
0
0
0
0
238
167
192
0
0
0
0
0
172
169
192
0
0
0
0
0
228
170
192
0
0
0
0
0
156
166
192
0
0
0
0
0
118
173
192
0
0
0
0
0
56
163
192
0
0
0
0
0
154
175
192
0
0
0
0
0
16
159
192
0
0
0
0
0
164
176
192
0
0
0
0
0
56
151
192
0
0
0
0
0
61
177
192
0
0
0
0
0
16
142
192
0
0
0
0
0
149
177
192
0
0
0
0
0
96
122
192
0
0
0
0
0
172
177
192
0
0
0
0
0
128
95
64
0
0
0
0
0
128
177
192
0
0
0
0
0
0
133
64
0
0
0
0
0
17
177
192
0
0
0
0
0
232
146
64
0
0
0
0
0
99
176
192
0
0
0
0
0
8
155
64
0
0
0
0
0
236
174
192
0
0
0
0
0
100
161
64
0
0
0
0
0
158
172
192
0
0
0
0
0
6
165
64
0
0
0
0
0
228
169
192
0
0
0
0
0
88
168
64
0
0
0
0
0
198
166
192
0
0
0
0
0
80
171
64
0
0
0
0
0
82
163
192
0
0
0
0
0
226
173
64
0
0
0
0
0
40
159
192
0
0
0
0
0
2
176
64
0
0
0
0
0
52
151
192
0
0
0
0
0
216
176
64
0
0
0
0
0
200
141
192
0
0
0
0
0
110
177
64
0
0
0
0
0
112
121
192
0
0
0
0
0
195
177
64
0
0
0
0
0
32
98
64
0
0
0
0
0
213
177
64
0
0
0
0
0
192
133
64
0
0
0
0
0
164
177
64
0
0
0
0
0
88
147
64
0
0
0
0
0
49
177
64
0
0
0
0
0
136
155
64
0
0
0
0
0
125
176
64
0
0
0
0
0
168
161
64
0
0
0
0
0
22
175
64
0
0
0
0
0
76
165
64
0
0
0
0
0
188
172
64
0
0
0
0
0
160
168
64
0
0
0
0
0
246
169
64
0
0
0
0
0
152
171
64
0
0
0
0
0
206
166
64
0
0
0
0
0
40
174
64
0
0
0
0
0
80
163
64
0
0
0
0
0
37
176
64
0
0
0
0
0
16
159
64
0
0
0
0
0
249
176
64
0
0
0
0
0
8
151
64
0
0
0
0
0
141
177
64
0
0
0
0
0
80
141
64
0
0
0
0
0
223
177
64
0
0
0
0
0
64
120
64
0
0
0
0
0
239
177
64
0
0
0
0
0
0
101
192
0
0
0
0
0
187
177
64
0
0
0
0
0
144
134
192
0
0
0
0
0
68
177
64
0
0
0
0
0
200
147
192
0
0
0
0
0
141
176
64
0
0
0
0
0
4
156
192
0
0
0
0
0
48
175
64
0
0
0
0
0
234
161
192
0
0
0
0
0
206
172
64
0
0
0
0
0
146
165
192
0
0
0
0
0
2
170
64
0
0
0
0
0
234
168
192
0
0
0
0
0
210
166
64
0
0
0
0
0
230
171
192
0
0
0
0
0
76
163
64
0
0
0
0
0
122
174
192
0
0
0
0
0
244
158
64
0
0
0
0
0
78
176
192
0
0
0
0
0
220
150
64
0
0
0
0
0
35
177
192
0
0
0
0
0
216
140
64
0
0
0
0
0
184
177
192
0
0
0
0
0
0
119
64
0
0
0
0
0
10
178
192
0
0
0
0
0
32
104
192
0
0
0
0
0
25
178
192
0
0
0
0
0
128
135
192
0
0
0
0
0
228
177
192
0
0
0
0
0
84
148
192
0
0
0
0
0
107
177
192
0
0
0
0
0
160
156
192
0
0
0
0
0
177
176
192
0
0
0
0
0
68
162
192
0
0
0
0
0
112
175
192
0
0
0
0
0
244
165
192
0
0
0
0
0
6
173
192
0
0
0
0
0
82
169
192
0
0
0
0
0
48
170
192
0
0
0
0
0
84
172
192
0
0
0
0
0
244
166
192
0
0
0
0
0
238
174
192
0
0
0
0
0
96
163
192
0
0
0
0
0
138
176
192
0
0
0
0
0
4
159
192
0
0
0
0
0
95
177
192
0
0
0
0
0
208
150
192
0
0
0
0
0
244
177
192
0
0
0
0
0
128
140
192
0
0
0
0
0
69
178
192
0
0
0
0
0
224
117
192
0
0
0
0
0
81
178
192
0
0
0
0
0
64
107
64
0
0
0
0
0
24
178
192
0
0
0
0
0
128
136
64
0
0
0
0
0
155
177
192
0
0
0
0
0
240
148
64
0
0
0
0
0
219
176
192
0
0
0
0
0
80
157
64
0
0
0
0
0
182
175
192
0
0
0
0
0
162
162
64
0
0
0
0
0
62
173
192
0
0
0
0
0
88
166
64
0
0
0
0
0
88
170
192
0
0
0
0
0
186
169
64
0
0
0
0
0
14
167
192
0
0
0
0
0
186
172
64
0
0
0
0
0
108
163
192
0
0
0
0
0
80
175
64
0
0
0
0
0
0
159
192
0
0
0
0
0
184
176
64
0
0
0
0
0
176
150
192
0
0
0
0
0
137
177
64
0
0
0
0
0
24
140
192
0
0
0
0
0
25
178
64
0
0
0
0
0
208
116
192
0
0
0
0
0
100
178
64
0
0
0
0
0
192
109
64
0
0
0
0
0
107
178
64
0
0
0
0
0
56
137
64
0
0
0
0
0
44
178
64
0
0
0
0
0
76
149
64
0
0
0
0
0
169
177
64
0
0
0
0
0
172
157
64
0
0
0
0
0
227
176
64
0
0
0
0
0
208
162
64
0
0
0
0
0
188
175
64
0
0
0
0
0
130
166
64
0
0
0
0
0
58
173
64
0
0
0
0
0
224
169
64
0
0
0
0
0
76
170
64
0
0
0
0
0
222
172
64
0
0
0
0
0
250
166
64
0
0
0
0
0
110
175
64
0
0
0
0
0
82
163
64
0
0
0
0
0
196
176
64
0
0
0
0
0
196
158
64
0
0
0
0
0
146
177
64
0
0
0
0
0
112
150
64
0
0
0
0
0
31
178
64
0
0
0
0
0
144
139
64
0
0
0
0
0
103
178
64
0
0
0
0
0
176
115
64
0
0
0
0
0
106
178
64
0
0
0
0
0
16
112
192
0
0
0
0
0
39
178
64
0
0
0
0
0
200
137
192
0
0
0
0
0
161
177
64
0
0
0
0
0
144
149
192
0
0
0
0
0
217
176
64
0
0
0
0
0
240
157
192
0
0
0
0
0
164
175
64
0
0
0
0
0
238
162
192
0
0
0
0
0
30
173
64
0
0
0
0
0
158
166
192
0
0
0
0
0
44
170
64
0
0
0
0
0
250
169
192
0
0
0
0
0
218
166
64
0
0
0
0
0
246
172
192
0
0
0
0
0
48
163
64
0
0
0
0
0
136
175
192
0
0
0
0
0
128
158
64
0
0
0
0
0
210
176
192
0
0
0
0
0
40
150
64
0
0
0
0
0
162
177
192
0
0
0
0
0
248
138
64
0
0
0
0
0
49
178
192
0
0
0
0
0
96
114
64
0
0
0
0
0
124
178
192
0
0
0
0
0
128
113
192
0
0
0
0
0
130
178
192
0
0
0
0
0
160
138
192
0
0
0
0
0
67
178
192
0
0
0
0
0
16
150
192
0
0
0
0
0
191
177
192
0
0
0
0
0
132
158
192
0
0
0
0
0
248
176
192
0
0
0
0
0
68
163
192
0
0
0
0
0
224
175
192
0
0
0
0
0
0
167
192
0
0
0
0
0
86
173
192
0
0
0
0
0
102
170
192
0
0
0
0
0
92
170
192
0
0
0
0
0
106
173
192
0
0
0
0
0
254
166
192
0
0
0
0
0
254
175
192
0
0
0
0
0
70
163
192
0
0
0
0
0
14
177
192
0
0
0
0
0
140
158
192
0
0
0
0
0
220
177
192
0
0
0
0
0
20
150
192
0
0
0
0
0
103
178
192
0
0
0
0
0
144
138
192
0
0
0
0
0
173
178
192
0
0
0
0
0
0
0
0
0
0
0
0
0
0
0
0
0
0
0
0
0
0
0
0
0
0
0
0
0
0
0
0
0
0
0
0
0
0
0
0
0
0
0
0
0
0
0
0
0
0
0
0
0
0
0
0
0
0
0
0
0
0
0
0
0
0
0
0
0
0
0
0
0
0
0
0
0
0
0
0
0
0
0
0
0
0
0
0
0
0
0
0
0
0
0
0
0
0
0
0
0
0
0
0
0
0
0
0
0
0
0
0
0
0
0
0
0
0
0
0
0
0
0
0
0
0
0
0
0
0
0
0
0
0
0
0
0
0
0
0
0
0
0
0
0
0
0
0
0
0
0
0
0
0
0
0
0
0
0
0
0
0
0
0
0
0
0
0
0
0
0
0
0
0
0
0
0
0
0
0
0
0
0
0
0
0
0
0
0
0
0
0
0
0
0
0
0
0
0
0
0
0
0
0
0
0
0
0
0
0
0
0
0
0
0
0
0
0
0
0
0
0
0
0
0
0
0
0
0
0
0
0
0
0
0
0
0
0
0
0
0
0
0
0
0
0
0
0
0
0
0
0
0
0
0
0
0
0
0
0
0
0
0
0
0
0
0
0
0
0
0
0
0
0
0
0
0
0
0
0
0
0
0
0
0
0
0
0
0
0
0
0
0
0
0
0
0
0
0
0
0
0
0
0
0
0
0
0
0
0
0
0
0
0
0
0
0
0
0
0
0
0
0
0
0
0
0
0
0
0
0
0
0
0
0
0
0
0
0
0
0
0
0
0
0
0
0
0
0
0
0
0
0
0
0
0
0
0
0
0
0
0
0
0
0
0
0
0
0
0
0
0
0
0
0
0
0
0
0
0
0
0
0
0
0
0
0
0
0
0
0
0
0
0
0
0
0
0
0
0
0
0
0
0
0
0
0
0
0
0
0
0
0
0
0
0
0
0
0
0
0
0
0
0
0
0
0
0
0
0
0
0
0
0
0
0
0
0
0
0
0
0
0
0
0
0
0
0
0
0
0
0
0
0
0
0
0
0
0
0
0
0
0
0
0
0
0
0
0
0
0
0
0
0
0
0
0
0
0
0
0
0
0
0
0
0
0
0
0
0
0
0
0
0
0
0
0
0
0
0
0
0
0
0
0
0
0
0
0
0
0
0
0
0
0
0
0
0
0
0
0
0
0
0
0
0
0
0
0
0
0
0
0
0
0
0
0
0
0
0
0
0
0
0
0
0
0
0
0
0
0
0
0
0
0
0
0
0
0
0
0
0
0
0
0
0
0
0
0
0
0
0
0
0
0
0
0
0
0
0
0
0
0
0
0
0
0
0
0
0
0
0
0
0
0
0
0
0
0
0
0
0
0
0
0
0
0
0
0
0
0
0
0
0
0
0
0
0
0
0
0
0
0
0
0
0
0
0
0
0
0
0
0
0
0
0
0
0
0
0
0
0
0
0
0
0
0
0
0
0
0
0
0
0
0
0
0
0
0
0
0
0
0
0
0
0
0
0
0
0
0
0
0
0
0
0
0
0
0
0
0
0
0
0
0
0
0
0
0
0
0
0
0
0
0
0
0
0
0
0
0
0
0
0
0
0
0
0
0
0
0
0
0
0
0
0
0
0
0
0
0
0
0
0
0
0
0
0
0
0
0
0
0
0
0
0
0
0
0
0
0
0
0
0
0
0
0
0
0
0
0
0
0
0
0
0
0
0
0
0
0
0
0
0
0
0
0
0
0
0
0
0
0
0
0
0
0
0
0
0
0
0
0
0
0
0
0
0
0
0
0
0
0
0
0
0
0
0
0
0
0
0
0
0
0
0
0
0
0
0
0
0
0
0
0
0
0
0
0
0
0
0
0
0
0
0
0
0
0
0
0
0
0
0
0
0
0
0
0
0
0
0
0
0
0
0
0
0
0
0
0
0
0
0
0
0
0
0
0
0
0
0
0
0
0
0
0
0
0
0
0
0
0
0
0
0
0
0
0
0
0
0
0
0
0
0
0
0
0
0
0
0
0
0
0
0
0
0
0
0
0
0
0
0
0
0
0
0
0
0
0
0
0
0
0
0
0
0
0
0
0
0
0
0
0
0
0
0
0
0
0
0
0
0
0
0
0
0
0
0
0
0
0
0
0
0
0
0
0
0
0
0
0
0
0
0
0
0
0
0
0
0
0
0
0
0
0
0
0
0
0
0
0
0
0
0
0
0
0
0
0
0
0
0
0
0
0
0
0
0
0
0
0
0
0
0
0
0
0
0
0
0
0
0
0
0
0
0
0
0
0
0
0
0
0
0
0
0
0
0
0
0
0
0
0
0
0
0
0
0
0
0
0
0
0
0
0
0
0
0
0
0
0
0
0
0
0
0
0
0
0
0
0
0
0
0
0
0
0
0
0
0
0
0
0
0
0
0
0
0
0
0
0
0
0
0
0
0
0
0
0
0
0
0
0
0
0
0
0
0
0
0
0
0
0
0
0
0
0
0
0
0
0
0
0
0
0
0
0
0
0
0
0
0
0
0
0
0
0
0
0
0
0
0
0
0
0
0
0
0
0
0
0
0
0
0
0
0
0
0
0
0
0
0
0
0
0
0
0
0
0
0
0
0
0
0
0
0
0
0
0
0
0
0
0
0
0
0
0
0
0
0
0
0
0
0
0
0
0
0
0
0
0
0
0
0
0
0
0
0
0
0
0
0
0
0
0
0
0
0
0
0
0
0
0
0
0
0
0
0
0
0
0
0
0
0
0
0
0
0
0
0
0
0
0
0
0