58
70
65
67
84
58
67
68
65
84
49
56
58
68
65
84
65
32
35
57
48
48
48
48
48
54
57
51
54
0
0
0
0
0
96
149
64
0
0
0
0
0
50
174
64
0
0
0
0
0
144
149
64
0
0
0
0
0
42
174
64
0
0
0
0
0
188
149
64
0
0
0
0
0
32
174
64
0
0
0
0
0
236
149
64
0
0
0
0
0
24
174
64
0
0
0
0
0
28
150
64
0
0
0
0
0
16
174
64
0
0
0
0
0
72
150
64
0
0
0
0
0
6
174
64
0
0
0
0
0
120
150
64
0
0
0
0
0
254
173
64
0
0
0
0
0
168
150
64
0
0
0
0
0
246
173
64
0
0
0
0
0
212
150
64
0
0
0
0
0
236
173
64
0
0
0
0
0
4
151
64
0
0
0
0
0
228
173
64
0
0
0
0
0
48
151
64
0
0
0
0
0
218
173
64
0
0
0
0
0
96
151
64
0
0
0
0
0
210
173
64
0
0
0
0
0
144
151
64
0
0
0
0
0
200
173
64
0
0
0
0
0
188
151
64
0
0
0
0
0
192
173
64
0
0
0
0
0
236
151
64
0
0
0
0
0
182
173
64
0
0
0
0
0
28
152
64
0
0
0
0
0
174
173
64
0
0
0
0
0
72
152
64
0
0
0
0
0
164
173
64
0
0
0
0
0
120
152
64
0
0
0
0
0
156
173
64
0
0
0
0
0
168
152
64
0
0
0
0
0
146
173
64
0
0
0
0
0
212
152
64
0
0
0
0
0
138
173
64
0
0
0
0
0
4
153
64
0
0
0
0
0
128
173
64
0
0
0
0
0
48
153
64
0
0
0
0
0
118
173
64
0
0
0
0
0
96
153
64
0
0
0
0
0
108
173
64
0
0
0
0
0
140
153
64
0
0
0
0
0
98
173
64
0
0
0
0
0
188
153
64
0
0
0
0
0
88
173
64
0
0
0
0
0
232
153
64
0
0
0
0
0
78
173
64
0
0
0
0
0
24
154
64
0
0
0
0
0
68
173
64
0
0
0
0
0
68
154
64
0
0
0
0
0
58
173
64
0
0
0
0
0
112
154
64
0
0
0
0
0
48
173
64
0
0
0
0
0
156
154
64
0
0
0
0
0
38
173
64
0
0
0
0
0
204
154
64
0
0
0
0
0
26
173
64
0
0
0
0
0
248
154
64
0
0
0
0
0
16
173
64
0
0
0
0
0
36
155
64
0
0
0
0
0
6
173
64
0
0
0
0
0
80
155
64
0
0
0
0
0
250
172
64
0
0
0
0
0
128
155
64
0
0
0
0
0
240
172
64
0
0
0
0
0
172
155
64
0
0
0
0
0
228
172
64
0
0
0
0
0
216
155
64
0
0
0
0
0
218
172
64
0
0
0
0
0
8
156
64
0
0
0
0
0
206
172
64
0
0
0
0
0
52
156
64
0
0
0
0
0
196
172
64
0
0
0
0
0
96
156
64
0
0
0
0
0
184
172
64
0
0
0
0
0
144
156
64
0
0
0
0
0
174
172
64
0
0
0
0
0
188
156
64
0
0
0
0
0
162
172
64
0
0
0
0
0
232
156
64
0
0
0
0
0
152
172
64
0
0
0
0
0
20
157
64
0
0
0
0
0
140
172
64
0
0
0
0
0
68
157
64
0
0
0
0
0
128
172
64
0
0
0
0
0
112
157
64
0
0
0
0
0
118
172
64
0
0
0
0
0
156
157
64
0
0
0
0
0
106
172
64
0
0
0
0
0
200
157
64
0
0
0
0
0
94
172
64
0
0
0
0
0
244
157
64
0
0
0
0
0
84
172
64
0
0
0
0
0
32
158
64
0
0
0
0
0
72
172
64
0
0
0
0
0
76
158
64
0
0
0
0
0
60
172
64
0
0
0
0
0
124
158
64
0
0
0
0
0
50
172
64
0
0
0
0
0
168
158
64
0
0
0
0
0
38
172
64
0
0
0
0
0
212
158
64
0
0
0
0
0
26
172
64
0
0
0
0
0
0
159
64
0
0
0
0
0
14
172
64
0
0
0
0
0
44
159
64
0
0
0
0
0
2
172
64
0
0
0
0
0
88
159
64
0
0
0
0
0
248
171
64
0
0
0
0
0
132
159
64
0
0
0
0
0
236
171
64
0
0
0
0
0
172
159
64
0
0
0
0
0
224
171
64
0
0
0
0
0
216
159
64
0
0
0
0
0
210
171
64
0
0
0
0
0
2
160
64
0
0
0
0
0
198
171
64
0
0
0
0
0
24
160
64
0
0
0
0
0
186
171
64
0
0
0
0
0
46
160
64
0
0
0
0
0
174
171
64
0
0
0
0
0
66
160
64
0
0
0
0
0
160
171
64
0
0
0
0
0
88
160
64
0
0
0
0
0
148
171
64
0
0
0
0
0
110
160
64
0
0
0
0
0
134
171
64
0
0
0
0
0
130
160
64
0
0
0
0
0
122
171
64
0
0
0
0
0
152
160
64
0
0
0
0
0
108
171
64
0
0
0
0
0
172
160
64
0
0
0
0
0
94
171
64
0
0
0
0
0
194
160
64
0
0
0
0
0
80
171
64
0
0
0
0
0
214
160
64
0
0
0
0
0
68
171
64
0
0
0
0
0
236
160
64
0
0
0
0
0
54
171
64
0
0
0
0
0
0
161
64
0
0
0
0
0
40
171
64
0
0
0
0
0
22
161
64
0
0
0
0
0
26
171
64
0
0
0
0
0
42
161
64
0
0
0
0
0
14
171
64
0
0
0
0
0
64
161
64
0
0
0
0
0
0
171
64
0
0
0
0
0
84
161
64
0
0
0
0
0
242
170
64
0
0
0
0
0
106
161
64
0
0
0
0
0
228
170
64
0
0
0
0
0
128
161
64
0
0
0
0
0
214
170
64
0
0
0
0
0
148
161
64
0
0
0
0
0
202
170
64
0
0
0
0
0
170
161
64
0
0
0
0
0
188
170
64
0
0
0
0
0
190
161
64
0
0
0
0
0
174
170
64
0
0
0
0
0
212
161
64
0
0
0
0
0
160
170
64
0
0
0
0
0
234
161
64
0
0
0
0
0
146
170
64
0
0
0
0
0
254
161
64
0
0
0
0
0
132
170
64
0
0
0
0
0
20
162
64
0
0
0
0
0
118
170
64
0
0
0
0
0
40
162
64
0
0
0
0
0
104
170
64
0
0
0
0
0
62
162
64
0
0
0
0
0
90
170
64
0
0
0
0
0
82
162
64
0
0
0
0
0
76
170
64
0
0
0
0
0
102
162
64
0
0
0
0
0
62
170
64
0
0
0
0
0
124
162
64
0
0
0
0
0
48
170
64
0
0
0
0
0
144
162
64
0
0
0
0
0
34
170
64
0
0
0
0
0
164
162
64
0
0
0
0
0
20
170
64
0
0
0
0
0
184
162
64
0
0
0
0
0
6
170
64
0
0
0
0
0
206
162
64
0
0
0
0
0
246
169
64
0
0
0
0
0
226
162
64
0
0
0
0
0
232
169
64
0
0
0
0
0
246
162
64
0
0
0
0
0
218
169
64
0
0
0
0
0
10
163
64
0
0
0
0
0
202
169
64
0
0
0
0
0
30
163
64
0
0
0
0
0
188
169
64
0
0
0
0
0
50
163
64
0
0
0
0
0
172
169
64
0
0
0
0
0
70
163
64
0
0
0
0
0
158
169
64
0
0
0
0
0
90
163
64
0
0
0
0
0
142
169
64
0
0
0
0
0
108
163
64
0
0
0
0
0
126
169
64
0
0
0
0
0
128
163
64
0
0
0
0
0
110
169
64
0
0
0
0
0
148
163
64
0
0
0
0
0
96
169
64
0
0
0
0
0
168
163
64
0
0
0
0
0
80
169
64
0
0
0
0
0
188
163
64
0
0
0
0
0
64
169
64
0
0
0
0
0
208
163
64
0
0
0
0
0
48
169
64
0
0
0
0
0
228
163
64
0
0
0
0
0
32
169
64
0
0
0
0
0
248
163
64
0
0
0
0
0
16
169
64
0
0
0
0
0
12
164
64
0
0
0
0
0
0
169
64
0
0
0
0
0
32
164
64
0
0
0
0
0
242
168
64
0
0
0
0
0
52
164
64
0
0
0
0
0
226
168
64
0
0
0
0
0
72
164
64
0
0
0
0
0
210
168
64
0
0
0
0
0
92
164
64
0
0
0
0
0
194
168
64
0
0
0
0
0
112
164
64
0
0
0
0
0
178
168
64
0
0
0
0
0
132
164
64
0
0
0
0
0
162
168
64
0
0
0
0
0
152
164
64
0
0
0
0
0
146
168
64
0
0
0
0
0
170
164
64
0
0
0
0
0
132
168
64
0
0
0
0
0
190
164
64
0
0
0
0
0
116
168
64
0
0
0
0
0
210
164
64
0
0
0
0
0
100
168
64
0
0
0
0
0
228
164
64
0
0
0
0
0
84
168
64
0
0
0
0
0
248
164
64
0
0
0
0
0
68
168
64
0
0
0
0
0
10
165
64
0
0
0
0
0
52
168
64
0
0
0
0
0
30
165
64
0
0
0
0
0
36
168
64
0
0
0
0
0
48
165
64
0
0
0
0
0
18
168
64
0
0
0
0
0
66
165
64
0
0
0
0
0
2
168
64
0
0
0
0
0
86
165
64
0
0
0
0
0
242
167
64
0
0
0
0
0
104
165
64
0
0
0
0
0
224
167
64
0
0
0
0
0
122
165
64
0
0
0
0
0
208
167
64
0
0
0
0
0
140
165
64
0
0
0
0
0
190
167
64
0
0
0
0
0
160
165
64
0
0
0
0
0
172
167
64
0
0
0
0
0
178
165
64
0
0
0
0
0
156
167
64
0
0
0
0
0
196
165
64
0
0
0
0
0
138
167
64
0
0
0
0
0
214
165
64
0
0
0
0
0
120
167
64
0
0
0
0
0
232
165
64
0
0
0
0
0
104
167
64
0
0
0
0
0
252
165
64
0
0
0
0
0
86
167
64
0
0
0
0
0
14
166
64
0
0
0
0
0
68
167
64
0
0
0
0
0
32
166
64
0
0
0
0
0
50
167
64
0
0
0
0
0
50
166
64
0
0
0
0
0
32
167
64
0
0
0
0
0
70
166
64
0
0
0
0
0
14
167
64
0
0
0
0
0
88
166
64
0
0
0
0
0
254
166
64
0
0
0
0
0
106
166
64
0
0
0
0
0
236
166
64
0
0
0
0
0
124
166
64
0
0
0
0
0
218
166
64
0
0
0
0
0
144
166
64
0
0
0
0
0
200
166
64
0
0
0
0
0
162
166
64
0
0
0
0
0
182
166
64
0
0
0
0
0
180
166
64
0
0
0
0
0
164
166
64
0
0
0
0
0
198
166
64
0
0
0
0
0
148
166
64
0
0
0
0
0
216
166
64
0
0
0
0
0
130
166
64
0
0
0
0
0
234
166
64
0
0
0
0
0
112
166
64
0
0
0
0
0
252
166
64
0
0
0
0
0
94
166
64
0
0
0
0
0
14
167
64
0
0
0
0
0
76
166
64
0
0
0
0
0
30
167
64
0
0
0
0
0
58
166
64
0
0
0
0
0
48
167
64
0
0
0
0
0
40
166
64
0
0
0
0
0
66
167
64
0
0
0
0
0
22
166
64
0
0
0
0
0
84
167
64
0
0
0
0
0
4
166
64
0
0
0
0
0
102
167
64
0
0
0
0
0
242
165
64
0
0
0
0
0
118
167
64
0
0
0
0
0
224
165
64
0
0
0
0
0
136
167
64
0
0
0
0
0
206
165
64
0
0
0
0
0
154
167
64
0
0
0
0
0
188
165
64
0
0
0
0
0
170
167
64
0
0
0
0
0
170
165
64
0
0
0
0
0
188
167
64
0
0
0
0
0
152
165
64
0
0
0
0
0
204
167
64
0
0
0
0
0
134
165
64
0
0
0
0
0
222
167
64
0
0
0
0
0
114
165
64
0
0
0
0
0
238
167
64
0
0
0
0
0
96
165
64
0
0
0
0
0
0
168
64
0
0
0
0
0
78
165
64
0
0
0
0
0
16
168
64
0
0
0
0
0
58
165
64
0
0
0
0
0
32
168
64
0
0
0
0
0
40
165
64
0
0
0
0
0
48
168
64
0
0
0
0
0
20
165
64
0
0
0
0
0
66
168
64
0
0
0
0
0
0
165
64
0
0
0
0
0
82
168
64
0
0
0
0
0
238
164
64
0
0
0
0
0
98
168
64
0
0
0
0
0
218
164
64
0
0
0
0
0
114
168
64
0
0
0
0
0
198
164
64
0
0
0
0
0
130
168
64
0
0
0
0
0
180
164
64
0
0
0
0
0
146
168
64
0
0
0
0
0
160
164
64
0
0
0
0
0
162
168
64
0
0
0
0
0
140
164
64
0
0
0
0
0
178
168
64
0
0
0
0
0
122
164
64
0
0
0
0
0
194
168
64
0
0
0
0
0
102
164
64
0
0
0
0
0
210
168
64
0
0
0
0
0
84
164
64
0
0
0
0
0
226
168
64
0
0
0
0
0
64
164
64
0
0
0
0
0
242
168
64
0
0
0
0
0
44
164
64
0
0
0
0
0
2
169
64
0
0
0
0
0
26
164
64
0
0
0
0
0
18
169
64
0
0
0
0
0
6
164
64
0
0
0
0
0
36
169
64
0
0
0
0
0
242
163
64
0
0
0
0
0
52
169
64
0
0
0
0
0
222
163
64
0
0
0
0
0
68
169
64
0
0
0
0
0
202
163
64
0
0
0
0
0
84
169
64
0
0
0
0
0
182
163
64
0
0
0
0
0
102
169
64
0
0
0
0
0
162
163
64
0
0
0
0
0
118
169
64
0
0
0
0
0
140
163
64
0
0
0
0
0
134
169
64
0
0
0
0
0
120
163
64
0
0
0
0
0
150
169
64
0
0
0
0
0
100
163
64
0
0
0
0
0
168
169
64
0
0
0
0
0
78
163
64
0
0
0
0
0
184
169
64
0
0
0
0
0
58
163
64
0
0
0
0
0
200
169
64
0
0
0
0
0
38
163
64
0
0
0
0
0
216
169
64
0
0
0
0
0
16
163
64
0
0
0
0
0
232
169
64
0
0
0
0
0
252
162
64
0
0
0
0
0
246
169
64
0
0
0
0
0
232
162
64
0
0
0
0
0
6
170
64
0
0
0
0
0
212
162
64
0
0
0
0
0
20
170
64
0
0
0
0
0
194
162
64
0
0
0
0
0
34
170
64
0
0
0
0
0
174
162
64
0
0
0
0
0
48
170
64
0
0
0
0
0
154
162
64
0
0
0
0
0
62
170
64
0
0
0
0
0
136
162
64
0
0
0
0
0
76
170
64
0
0
0
0
0
116
162
64
0
0
0
0
0
88
170
64
0
0
0
0
0
96
162
64
0
0
0
0
0
102
170
64
0
0
0
0
0
76
162
64
0
0
0
0
0
116
170
64
0
0
0
0
0
56
162
64
0
0
0
0
0
130
170
64
0
0
0
0
0
36
162
64
0
0
0
0
0
144
170
64
0
0
0
0
0
16
162
64
0
0
0
0
0
158
170
64
0
0
0
0
0
252
161
64
0
0
0
0
0
174
170
64
0
0
0
0
0
230
161
64
0
0
0
0
0
188
170
64
0
0
0
0
0
208
161
64
0
0
0
0
0
202
170
64
0
0
0
0
0
188
161
64
0
0
0
0
0
218
170
64
0
0
0
0
0
166
161
64
0
0
0
0
0
232
170
64
0
0
0
0
0
144
161
64
0
0
0
0
0
246
170
64
0
0
0
0
0
124
161
64
0
0
0
0
0
4
171
64
0
0
0
0
0
102
161
64
0
0
0
0
0
18
171
64
0
0
0
0
0
80
161
64
0
0
0
0
0
32
171
64
0
0
0
0
0
60
161
64
0
0
0
0
0
46
171
64
0
0
0
0
0
38
161
64
0
0
0
0
0
60
171
64
0
0
0
0
0
18
161
64
0
0
0
0
0
72
171
64
0
0
0
0
0
252
160
64
0
0
0
0
0
86
171
64
0
0
0
0
0
232
160
64
0
0
0
0
0
98
171
64
0
0
0
0
0
212
160
64
0
0
0
0
0
110
171
64
0
0
0
0
0
190
160
64
0
0
0
0
0
124
171
64
0
0
0
0
0
170
160
64
0
0
0
0
0
136
171
64
0
0
0
0
0
148
160
64
0
0
0
0
0
148
171
64
0
0
0
0
0
128
160
64
0
0
0
0
0
162
171
64
0
0
0
0
0
108
160
64
0
0
0
0
0
174
171
64
0
0
0
0
0
86
160
64
0
0
0
0
0
188
171
64
0
0
0
0
0
64
160
64
0
0
0
0
0
200
171
64
0
0
0
0
0
44
160
64
0
0
0
0
0
214
171
64
0
0
0
0
0
22
160
64
0
0
0
0
0
226
171
64
0
0
0
0
0
0
160
64
0
0
0
0
0
240
171
64
0
0
0
0
0
216
159
64
0
0
0
0
0
252
171
64
0
0
0
0
0
172
159
64
0
0
0
0
0
10
172
64
0
0
0
0
0
124
159
64
0
0
0
0
0
24
172
64
0
0
0
0
0
80
159
64
0
0
0
0
0
36
172
64
0
0
0
0
0
36
159
64
0
0
0
0
0
50
172
64
0
0
0
0
0
244
158
64
0
0
0
0
0
62
172
64
0
0
0
0
0
200
158
64
0
0
0
0
0
76
172
64
0
0
0
0
0
152
158
64
0
0
0
0
0
88
172
64
0
0
0
0
0
108
158
64
0
0
0
0
0
102
172
64
0
0
0
0
0
60
158
64
0
0
0
0
0
114
172
64
0
0
0
0
0
16
158
64
0
0
0
0
0
126
172
64
0
0
0
0
0
224
157
64
0
0
0
0
0
140
172
64
0
0
0
0
0
180
157
64
0
0
0
0
0
152
172
64
0
0
0
0
0
132
157
64
0
0
0
0
0
164
172
64
0
0
0
0
0
88
157
64
0
0
0
0
0
174
172
64
0
0
0
0
0
44
157
64
0
0
0
0
0
186
172
64
0
0
0
0
0
0
157
64
0
0
0
0
0
198
172
64
0
0
0
0
0
216
156
64
0
0
0
0
0
208
172
64
0
0
0
0
0
172
156
64
0
0
0
0
0
220
172
64
0
0
0
0
0
128
156
64
0
0
0
0
0
230
172
64
0
0
0
0
0
88
156
64
0
0
0
0
0
242
172
64
0
0
0
0
0
44
156
64
0
0
0
0
0
252
172
64
0
0
0
0
0
0
156
64
0
0
0
0
0
6
173
64
0
0
0
0
0
216
155
64
0
0
0
0
0
18
173
64
0
0
0
0
0
172
155
64
0
0
0
0
0
28
173
64
0
0
0
0
0
128
155
64
0
0
0
0
0
38
173
64
0
0
0
0
0
84
155
64
0
0
0
0
0
50
173
64
0
0
0
0
0
40
155
64
0
0
0
0
0
60
173
64
0
0
0
0
0
252
154
64
0
0
0
0
0
70
173
64
0
0
0
0
0
204
154
64
0
0
0
0
0
82
173
64
0
0
0
0
0
160
154
64
0
0
0
0
0
92
173
64
0
0
0
0
0
116
154
64
0
0
0
0
0
102
173
64
0
0
0
0
0
72
154
64
0
0
0
0
0
114
173
64
0
0
0
0
0
24
154
64
0
0
0
0
0
124
173
64
0
0
0
0
0
236
153
64
0
0
0
0
0
134
173
64
0
0
0
0
0
192
153
64
0
0
0
0
0
144
173
64
0
0
0
0
0
144
153
64
0
0
0
0
0
154
173
64
0
0
0
0
0
100
153
64
0
0
0
0
0
164
173
64
0
0
0
0
0
56
153
64
0
0
0
0
0
174
173
64
0
0
0
0
0
8
153
64
0
0
0
0
0
184
173
64
0
0
0
0
0
220
152
64
0
0
0
0
0
194
173
64
0
0
0
0
0
172
152
64
0
0
0
0
0
204
173
64
0
0
0
0
0
128
152
64
0
0
0
0
0
214
173
64
0
0
0
0
0
80
152
64
0
0
0
0
0
222
173
64
0
0
0
0
0
36
152
64
0
0
0
0
0
232
173
64
0
0
0
0
0
244
151
64
0
0
0
0
0
242
173
64
0
0
0
0
0
196
151
64
0
0
0
0
0
252
173
64
0
0
0
0
0
148
151
64
0
0
0
0
0
6
174
64
0
0
0
0
0
100
151
64
0
0
0
0
0
14
174
64
0
0
0
0
0
52
151
64
0
0
0
0
0
24
174
64
0
0
0
0
0
8
151
64
0
0
0
0
0
34
174
64
0
0
0
0
0
216
150
64
0
0
0
0
0
42
174
64
0
0
0
0
0
168
150
64
0
0
0
0
0
52
174
64
0
0
0
0
0
120
150
64
0
0
0
0
0
62
174
64
0
0
0
0
0
72
150
64
0
0
0
0
0
70
174
64
0
0
0
0
0
24
150
64
0
0
0
0
0
80
174
64
0
0
0
0
0
232
149
64
0
0
0
0
0
88
174
64
0
0
0
0
0
188
149
64
0
0
0
0
0
98
174
64
0
0
0
0
0
140
149
64
0
0
0
0
0
106
174
64
0
0
0
0
0
92
149
64
0
0
0
0
0
114
174
64
0
0
0
0
0
48
149
64
0
0
0
0
0
124
174
64
0
0
0
0
0
0
149
64
0
0
0
0
0
132
174
64
0
0
0
0
0
212
148
64
0
0
0
0
0
140
174
64
0
0
0
0
0
164
148
64
0
0
0
0
0
148
174
64
0
0
0
0
0
120
148
64
0
0
0
0
0
156
174
64
0
0
0
0
0
72
148
64
0
0
0
0
0
164
174
64
0
0
0
0
0
24
148
64
0
0
0
0
0
172
174
64
0
0
0
0
0
232
147
64
0
0
0
0
0
178
174
64
0
0
0
0
0
188
147
64
0
0
0
0
0
186
174
64
0
0
0
0
0
140
147
64
0
0
0
0
0
192
174
64
0
0
0
0
0
92
147
64
0
0
0
0
0
200
174
64
0
0
0
0
0
44
147
64
0
0
0
0
0
206
174
64
0
0
0
0
0
252
146
64
0
0
0
0
0
214
174
64
0
0
0
0
0
204
146
64
0
0
0
0
0
220
174
64
0
0
0
0
0
160
146
64
0
0
0
0
0
228
174
64
0
0
0
0
0
112
146
64
0
0
0
0
0
234
174
64
0
0
0
0
0
64
146
64
0
0
0
0
0
242
174
64
0
0
0
0
0
16
146
64
0
0
0
0
0
248
174
64
0
0
0
0
0
224
145
64
0
0
0
0
0
0
175
64
0
0
0
0
0
176
145
64
0
0
0
0
0
8
175
64
0
0
0
0
0
128
145
64
0
0
0
0
0
14
175
64
0
0
0
0
0
80
145
64
0
0
0
0
0
22
175
64
0
0
0
0
0
32
145
64
0
0
0
0
0
28
175
64
0
0
0
0
0
240
144
64
0
0
0
0
0
36
175
64
0
0
0
0
0
192
144
64
0
0
0
0
0
42
175
64
0
0
0
0
0
144
144
64
0
0
0
0
0
50
175
64
0
0
0
0
0
96
144
64
0
0
0
0
0
56
175
64
0
0
0
0
0
48
144
64
0
0
0
0
0
62
175
64
0
0
0
0
0
0
144
64
0
0
0
0
0
68
175
64
0
0
0
0
0
152
143
64
0
0
0
0
0
76
175
64
0
0
0
0
0
56
143
64
0
0
0
0
0
82
175
64
0
0
0
0
0
216
142
64
0
0
0
0
0
88
175
64
0
0
0
0
0
120
142
64
0
0
0
0
0
94
175
64
0
0
0
0
0
16
142
64
0
0
0
0
0
100
175
64
0
0
0
0
0
176
141
64
0
0
0
0
0
104
175
64
0
0
0
0
0
80
141
64
0
0
0
0
0
110
175
64
0
0
0
0
0
232
140
64
0
0
0
0
0
116
175
64
0
0
0
0
0
136
140
64
0
0
0
0
0
122
175
64
0
0
0
0
0
40
140
64
0
0
0
0
0
128
175
64
0
0
0
0
0
192
139
64
0
0
0
0
0
132
175
64
0
0
0
0
0
96
139
64
0
0
0
0
0
138
175
64
0
0
0
0
0
0
139
64
0
0
0
0
0
142
175
64
0
0
0
0
0
152
138
64
0
0
0
0
0
148
175
64
0
0
0
0
0
56
138
64
0
0
0
0
0
152
175
64
0
0
0
0
0
208
137
64
0
0
0
0
0
158
175
64
0
0
0
0
0
112
137
64
0
0
0
0
0
162
175
64
0
0
0
0
0
8
137
64
0
0
0
0
0
166
175
64
0
0
0
0
0
160
136
64
0
0
0
0
0
172
175
64
0
0
0
0
0
64
136
64
0
0
0
0
0
176
175
64
0
0
0
0
0
216
135
64
0
0
0
0
0
180
175
64
0
0
0
0
0
120
135
64
0
0
0
0
0
184
175
64
0
0
0
0
0
16
135
64
0
0
0
0
0
188
175
64
0
0
0
0
0
176
134
64
0
0
0
0
0
192
175
64
0
0
0
0
0
72
134
64
0
0
0
0
0
196
175
64
0
0
0
0
0
232
133
64
0
0
0
0
0
200
175
64
0
0
0
0
0
128
133
64
0
0
0
0
0
204
175
64
0
0
0
0
0
32
133
64
0
0
0
0
0
206
175
64
0
0
0
0
0
184
132
64
0
0
0
0
0
210
175
64
0
0
0
0
0
88
132
64
0
0
0
0
0
214
175
64
0
0
0
0
0
248
131
64
0
0
0
0
0
218
175
64
0
0
0
0
0
152
131
64
0
0
0
0
0
222
175
64
0
0
0
0
0
48
131
64
0
0
0
0
0
226
175
64
0
0
0
0
0
208
130
64
0
0
0
0
0
228
175
64
0
0
0
0
0
112
130
64
0
0
0
0
0
232
175
64
0
0
0
0
0
8
130
64
0
0
0
0
0
236
175
64
0
0
0
0
0
168
129
64
0
0
0
0
0
240
175
64
0
0
0
0
0
64
129
64
0
0
0
0
0
244
175
64
0
0
0
0
0
224
128
64
0
0
0
0
0
246
175
64
0
0
0
0
0
120
128
64
0
0
0
0
0
250
175
64
0
0
0
0
0
16
128
64
0
0
0
0
0
254
175
64
0
0
0
0
0
80
127
64
0
0
0
0
0
1
176
64
0
0
0
0
0
128
126
64
0
0
0
0
0
2
176
64
0
0
0
0
0
192
125
64
0
0
0
0
0
4
176
64
0
0
0
0
0
240
124
64
0
0
0
0
0
5
176
64
0
0
0
0
0
32
124
64
0
0
0
0
0
7
176
64
0
0
0
0
0
80
123
64
0
0
0
0
0
8
176
64
0
0
0
0
0
128
122
64
0
0
0
0
0
10
176
64
0
0
0
0
0
176
121
64
0
0
0
0
0
11
176
64
0
0
0
0
0
224
120
64
0
0
0
0
0
12
176
64
0
0
0
0
0
16
120
64
0
0
0
0
0
13
176
64
0
0
0
0
0
64
119
64
0
0
0
0
0
14
176
64
0
0
0
0
0
112
118
64
0
0
0
0
0
15
176
64
0
0
0
0
0
160
117
64
0
0
0
0
0
17
176
64
0
0
0
0
0
208
116
64
0
0
0
0
0
18
176
64
0
0
0
0
0
16
116
64
0
0
0
0
0
19
176
64
0
0
0
0
0
64
115
64
0
0
0
0
0
20
176
64
0
0
0
0
0
112
114
64
0
0
0
0
0
21
176
64
0
0
0
0
0
176
113
64
0
0
0
0
0
22
176
64
0
0
0
0
0
224
112
64
0
0
0
0
0
24
176
64
0
0
0
0
0
32
112
64
0
0
0
0
0
25
176
64
0
0
0
0
0
160
110
64
0
0
0
0
0
26
176
64
0
0
0
0
0
0
109
64
0
0
0
0
0
28
176
64
0
0
0
0
0
128
107
64
0
0
0
0
0
29
176
64
0
0
0
0
0
224
105
64
0
0
0
0
0
30
176
64
0
0
0
0
0
96
104
64
0
0
0
0
0
32
176
64
0
0
0
0
0
192
102
64
0
0
0
0
0
33
176
64
0
0
0
0
0
32
101
64
0
0
0
0
0
34
176
64
0
0
0
0
0
128
99
64
0
0
0
0
0
34
176
64
0
0
0
0
0
224
97
64
0
0
0
0
0
35
176
64
0
0
0
0
0
64
96
64
0
0
0
0
0
35
176
64
0
0
0
0
0
64
93
64
0
0
0
0
0
36
176
64
0
0
0
0
0
0
90
64
0
0
0
0
0
36
176
64
0
0
0
0
0
192
86
64
0
0
0
0
0
36
176
64
0
0
0
0
0
64
83
64
0
0
0
0
0
36
176
64
0
0
0
0
0
0
80
64
0
0
0
0
0
36
176
64
0
0
0
0
0
128
73
64
0
0
0
0
0
37
176
64
0
0
0
0
0
0
67
64
0
0
0
0
0
37
176
64
0
0
0
0
0
0
58
64
0
0
0
0
0
37
176
64
0
0
0
0
0
0
42
64
0
0
0
0
0
37
176
64
0
0
0
0
0
0
0
0
0
0
0
0
0
37
176
64
0
0
0
0
0
0
42
192
0
0
0
0
0
37
176
64
0
0
0
0
0
0
57
192
0
0
0
0
0
38
176
64
0
0
0
0
0
0
67
192
0
0
0
0
0
38
176
64
0
0
0
0
0
128
73
192
0
0
0
0
0
38
176
64
0
0
0
0
0
128
79
192
0
0
0
0
0
38
176
64
0
0
0
0
0
0
83
192
0
0
0
0
0
39
176
64
0
0
0
0
0
0
86
192
0
0
0
0
0
39
176
64
0
0
0
0
0
64
89
192
0
0
0
0
0
39
176
64
0
0
0
0
0
128
92
192
0
0
0
0
0
39
176
64
0
0
0
0
0
128
95
192
0
0
0
0
0
39
176
64
0
0
0
0
0
96
97
192
0
0
0
0
0
39
176
64
0
0
0
0
0
224
98
192
0
0
0
0
0
39
176
64
0
0
0
0
0
128
100
192
0
0
0
0
0
39
176
64
0
0
0
0
0
32
102
192
0
0
0
0
0
39
176
64
0
0
0
0
0
160
103
192
0
0
0
0
0
39
176
64
0
0
0
0
0
64
105
192
0
0
0
0
0
39
176
64
0
0
0
0
0
192
106
192
0
0
0
0
0
39
176
64
0
0
0
0
0
96
108
192
0
0
0
0
0
39
176
64
0
0
0
0
0
0
110
192
0
0
0
0
0
39
176
64
0
0
0
0
0
128
111
192
0
0
0
0
0
38
176
64
0
0
0
0
0
144
112
192
0
0
0
0
0
38
176
64
0
0
0
0
0
80
113
192
0
0
0
0
0
38
176
64
0
0
0
0
0
32
114
192
0
0
0
0
0
37
176
64
0
0
0
0
0
224
114
192
0
0
0
0
0
37
176
64
0
0
0
0
0
176
115
192
0
0
0
0
0
36
176
64
0
0
0
0
0
112
116
192
0
0
0
0
0
35
176
64
0
0
0
0
0
64
117
192
0
0
0
0
0
35
176
64
0
0
0
0
0
0
118
192
0
0
0
0
0
34
176
64
0
0
0
0
0
208
118
192
0
0
0
0
0
33
176
64
0
0
0
0
0
160
119
192
0
0
0
0
0
32
176
64
0
0
0
0
0
0
0
0
0
0
0
0
0
0
0
0
0
0
0
0
0
0
0
0
0
0
0
0
0
0
0
0
0
0
0
0
0
0
0
0
0
0
0
0
0
0
0
0
0
0
0
0
0
0
0
0
0
0
0
0
0
0
0
0
0
0
0
0
0
0
0
0
0
0
0
0
0
0
0
0
0
0
0
0
0
0
0
0
0
0
0
0
0
0
0
0
0
0
0
0
0
0
0
0
0
0
0
0
0
0
0
0
0
0
0
0
0
0
0
0
0
0
0
0
0
0
0
0
0
0
0
0
0
0
0
0
0
0
0
0
0
0
0
0
0
0
0
0
0
0
0
0
0
0
0
0
0
0
0
0
0
0
0
0
0
0
0
0
0
0
0
0
0
0
0
0
0
0
0
0
0
0
0
0
0
0
0
0
0
0
0
0
0
0
0
0
0
0
0
0
0
0
0
0
0
0
0
0
0
0
0
0
0
0
0
0
0
0
0
0
0
0
0
0
0
0
0
0
0
0
0
0
0
0
0
0
0
0
0
0
0
0
0
0
0
0
0
0
0
0
0
0
0
0
0
0
0
0
0
0
0
0
0
0
0
0
0
0
0
0
0
0
0
0
0
0
0
0
0
0
0
0
0
0
0
0
0
0
0
0
0
0
0
0
0
0
0
0
0
0
0
0
0
0
0
0
0
0
0
0
0
0
0
0
0
0
0
0
0
0
0
0
0
0
0
0
0
0
0
0
0
0
0
0
0
0
0
0
0
0
0
0
0
0
0
0
0
0
0
0
0
0
0
0
0
0
0
0
0
0
0
0
0
0
0
0
0
0
0
0
0
0
0
0
0
0
0
0
0
0
0
0
0
0
0
0
0
0
0
0
0
0
0
0
0
0
0
0
0
0
0
0
0
0
0
0
0
0
0
0
0
0
0
0
0
0
0
0
0
0
0
0
0
0
0
0
0
0
0
0
0
0
0
0
0
0
0
0
0
0
0
0
0
0
0
0
0
0
0
0
0
0
0
0
0
0
0
0
0
0
0
0
0
0
0
0
0
0
0
0
0
0
0
0
0
0
0
0
0
0
0
0
0
0
0
0
0
0
0
0
0
0
0
0
0
0
0
0
0
0
0
0
0
0
0
0
0
0
0
0
0
0
0
0
0
0
0
0
0
0
0
0
0
0
0
0
0
0
0
0
0
0
0
0
0
0
0
0
0
0
0
0
0
0
0
0
0
0
0
0
0
0
0
0
0
0
0
0
0
0
0
0
0
0
0
0
0
0
0
0
0
0
0
0
0
0
0
0
0
0
0
0
0
0
0
0
0
0
0
0
0
0
0
0
0
0
0
0
0
0
0
0
0
0
0
0
0
0
0
0
0
0
0
0
0
0
0
0
0
0
0
0
0
0
0
0
0
0
0
0
0
0
0
0
0
0
0
0
0
0
0
0
0
0
0
0
0
0
0
0
0
0
0
0
0
0
0
0
0
0
0
0
0
0
0
0
0
0
0
0
0
0
0
0
0
0
0
0
0
0
0
0
0
0
0
0
0
0
0
0
0
0
0
0
0
0
0
0
0
0
0
0
0
0
0
0
0
0
0
0
0
0
0
0
0
0
0
0
0
0
0
0
0
0
0
0
0
0
0
0
0
0
0
0
0
0
0
0
0
0
0
0
0
0
0
0
0
0
0
0
0
0
0
0
0
0
0
0
0
0
0
0
0
0
0
0
0
0
0
0
0
0
0
0
0
0
0
0
0
0
0
0
0
0
0
0
0
0
0
0
0
0
0
0
0
0
0
0
0
0
0
0
0
0
0
0
0
0
0
0
0
0
0
0
0
0
0
0
0
0
0
0
0
0
0
0
0
0
0
0
0
0
0
0
0
0
0
0
0
0
0
0
0
0
0
0
0
0
0
0
0
0
0
0
0
0
0
0
0
0
0
0
0
0
0
0
0
0
0
0
0
0
0
0
0
0
0
0
0
0
0
0
0
0
0
0
0
0
0
0
0
0
0
0
0
0
0
0
0
0
0
0
0
0
0
0
0
0
0
0
0
0
0
0
0
0
0
0
0
0
0
0
0
0
0
0
0
0
0
0
0
0
0
0
0
0
0
0
0
0
0
0
0
0
0
0
0
0
0
0
0
0
0
0
0
0
0
0
0
0
0
0
0
0
0
0
0
0
0
0
0
0
0
0
0
0
0
0
0
0
0
0
0
0
0
0
0
0
0
0
0
0
0
0
0
0
0
0
0
0
0
0
0
0
0
0
0
0
0
0
0
0
0
0
0
0
0
0
0
0
0
0
0
0
0
0
0
0
0
0
0
0
0
0
0
0
0
0
0
0
0
0
0
0
0
0
0
0
0
0
0
0
0
0
0
0
0
0
0
0
0
0
0
0
0
0
0
0
0
0
0
0
0
0
0
0
0
0
0
0
0
0
0
0
0
0
0
0
0
0
0
0
0
0
0
0
0
0
0
0
0
0
0
0
0
0
0
0
0
0
0
0
0
0
0
0
0
0
0
0
0
0
0
0
0
0
0
0
0
0
0
0
0
0
0
0
0
0
0
0
0
0
0
0
0
0
0
0
0
0
0
0
0
0
0
0
0
0
0
0
0
0
0
0
0
0
0
0
0
0
0
0
0
0
0
0
0
0
0
0
0
0
0
0
0
0
0
0
0
0
0
0
0
0
0
0
0
0
0
0
0
0
0
0
0
0
0
0
0
0
0
0
0
0
0
0
0
0
0
0
0
0
0
0
0
0
0