58
70
65
67
84
58
67
68
65
84
49
56
58
68
65
84
65
32
35
57
48
48
48
48
48
54
57
51
54
0
0
0
0
0
164
162
192
0
0
0
0
0
48
170
64
0
0
0
0
0
144
162
192
0
0
0
0
0
62
170
64
0
0
0
0
0
124
162
192
0
0
0
0
0
76
170
64
0
0
0
0
0
102
162
192
0
0
0
0
0
90
170
64
0
0
0
0
0
82
162
192
0
0
0
0
0
104
170
64
0
0
0
0
0
62
162
192
0
0
0
0
0
118
170
64
0
0
0
0
0
40
162
192
0
0
0
0
0
132
170
64
0
0
0
0
0
20
162
192
0
0
0
0
0
146
170
64
0
0
0
0
0
254
161
192
0
0
0
0
0
160
170
64
0
0
0
0
0
234
161
192
0
0
0
0
0
174
170
64
0
0
0
0
0
212
161
192
0
0
0
0
0
188
170
64
0
0
0
0
0
190
161
192
0
0
0
0
0
202
170
64
0
0
0
0
0
170
161
192
0
0
0
0
0
214
170
64
0
0
0
0
0
148
161
192
0
0
0
0
0
228
170
64
0
0
0
0
0
128
161
192
0
0
0
0
0
242
170
64
0
0
0
0
0
106
161
192
0
0
0
0
0
0
171
64
0
0
0
0
0
84
161
192
0
0
0
0
0
14
171
64
0
0
0
0
0
64
161
192
0
0
0
0
0
26
171
64
0
0
0
0
0
42
161
192
0
0
0
0
0
40
171
64
0
0
0
0
0
22
161
192
0
0
0
0
0
54
171
64
0
0
0
0
0
0
161
192
0
0
0
0
0
68
171
64
0
0
0
0
0
236
160
192
0
0
0
0
0
80
171
64
0
0
0
0
0
214
160
192
0
0
0
0
0
94
171
64
0
0
0
0
0
194
160
192
0
0
0
0
0
108
171
64
0
0
0
0
0
172
160
192
0
0
0
0
0
122
171
64
0
0
0
0
0
152
160
192
0
0
0
0
0
134
171
64
0
0
0
0
0
130
160
192
0
0
0
0
0
148
171
64
0
0
0
0
0
110
160
192
0
0
0
0
0
160
171
64
0
0
0
0
0
88
160
192
0
0
0
0
0
174
171
64
0
0
0
0
0
66
160
192
0
0
0
0
0
186
171
64
0
0
0
0
0
46
160
192
0
0
0
0
0
198
171
64
0
0
0
0
0
24
160
192
0
0
0
0
0
210
171
64
0
0
0
0
0
2
160
192
0
0
0
0
0
224
171
64
0
0
0
0
0
216
159
192
0
0
0
0
0
236
171
64
0
0
0
0
0
172
159
192
0
0
0
0
0
248
171
64
0
0
0
0
0
132
159
192
0
0
0
0
0
2
172
64
0
0
0
0
0
88
159
192
0
0
0
0
0
14
172
64
0
0
0
0
0
44
159
192
0
0
0
0
0
26
172
64
0
0
0
0
0
0
159
192
0
0
0
0
0
38
172
64
0
0
0
0
0
212
158
192
0
0
0
0
0
50
172
64
0
0
0
0
0
168
158
192
0
0
0
0
0
60
172
64
0
0
0
0
0
124
158
192
0
0
0
0
0
72
172
64
0
0
0
0
0
76
158
192
0
0
0
0
0
84
172
64
0
0
0
0
0
32
158
192
0
0
0
0
0
94
172
64
0
0
0
0
0
244
157
192
0
0
0
0
0
106
172
64
0
0
0
0
0
200
157
192
0
0
0
0
0
118
172
64
0
0
0
0
0
156
157
192
0
0
0
0
0
128
172
64
0
0
0
0
0
112
157
192
0
0
0
0
0
140
172
64
0
0
0
0
0
68
157
192
0
0
0
0
0
152
172
64
0
0
0
0
0
20
157
192
0
0
0
0
0
162
172
64
0
0
0
0
0
232
156
192
0
0
0
0
0
174
172
64
0
0
0
0
0
188
156
192
0
0
0
0
0
184
172
64
0
0
0
0
0
144
156
192
0
0
0
0
0
196
172
64
0
0
0
0
0
96
156
192
0
0
0
0
0
206
172
64
0
0
0
0
0
52
156
192
0
0
0
0
0
218
172
64
0
0
0
0
0
8
156
192
0
0
0
0
0
228
172
64
0
0
0
0
0
216
155
192
0
0
0
0
0
240
172
64
0
0
0
0
0
172
155
192
0
0
0
0
0
250
172
64
0
0
0
0
0
128
155
192
0
0
0
0
0
6
173
64
0
0
0
0
0
80
155
192
0
0
0
0
0
16
173
64
0
0
0
0
0
36
155
192
0
0
0
0
0
26
173
64
0
0
0
0
0
248
154
192
0
0
0
0
0
38
173
64
0
0
0
0
0
204
154
192
0
0
0
0
0
48
173
64
0
0
0
0
0
156
154
192
0
0
0
0
0
58
173
64
0
0
0
0
0
112
154
192
0
0
0
0
0
68
173
64
0
0
0
0
0
68
154
192
0
0
0
0
0
78
173
64
0
0
0
0
0
24
154
192
0
0
0
0
0
88
173
64
0
0
0
0
0
232
153
192
0
0
0
0
0
98
173
64
0
0
0
0
0
188
153
192
0
0
0
0
0
108
173
64
0
0
0
0
0
140
153
192
0
0
0
0
0
118
173
64
0
0
0
0
0
96
153
192
0
0
0
0
0
128
173
64
0
0
0
0
0
48
153
192
0
0
0
0
0
138
173
64
0
0
0
0
0
4
153
192
0
0
0
0
0
146
173
64
0
0
0
0
0
212
152
192
0
0
0
0
0
156
173
64
0
0
0
0
0
168
152
192
0
0
0
0
0
164
173
64
0
0
0
0
0
120
152
192
0
0
0
0
0
174
173
64
0
0
0
0
0
72
152
192
0
0
0
0
0
182
173
64
0
0
0
0
0
28
152
192
0
0
0
0
0
192
173
64
0
0
0
0
0
236
151
192
0
0
0
0
0
200
173
64
0
0
0
0
0
188
151
192
0
0
0
0
0
210
173
64
0
0
0
0
0
144
151
192
0
0
0
0
0
218
173
64
0
0
0
0
0
96
151
192
0
0
0
0
0
228
173
64
0
0
0
0
0
48
151
192
0
0
0
0
0
236
173
64
0
0
0
0
0
4
151
192
0
0
0
0
0
246
173
64
0
0
0
0
0
212
150
192
0
0
0
0
0
254
173
64
0
0
0
0
0
168
150
192
0
0
0
0
0
6
174
64
0
0
0
0
0
120
150
192
0
0
0
0
0
16
174
64
0
0
0
0
0
72
150
192
0
0
0
0
0
24
174
64
0
0
0
0
0
28
150
192
0
0
0
0
0
32
174
64
0
0
0
0
0
236
149
192
0
0
0
0
0
42
174
64
0
0
0
0
0
188
149
192
0
0
0
0
0
50
174
64
0
0
0
0
0
144
149
192
0
0
0
0
0
58
174
64
0
0
0
0
0
96
149
192
0
0
0
0
0
66
174
64
0
0
0
0
0
48
149
192
0
0
0
0
0
74
174
64
0
0
0
0
0
0
149
192
0
0
0
0
0
82
174
64
0
0
0
0
0
208
148
192
0
0
0
0
0
90
174
64
0
0
0
0
0
160
148
192
0
0
0
0
0
98
174
64
0
0
0
0
0
112
148
192
0
0
0
0
0
106
174
64
0
0
0
0
0
64
148
192
0
0
0
0
0
114
174
64
0
0
0
0
0
16
148
192
0
0
0
0
0
122
174
64
0
0
0
0
0
224
147
192
0
0
0
0
0
128
174
64
0
0
0
0
0
176
147
192
0
0
0
0
0
136
174
64
0
0
0
0
0
128
147
192
0
0
0
0
0
144
174
64
0
0
0
0
0
80
147
192
0
0
0
0
0
150
174
64
0
0
0
0
0
32
147
192
0
0
0
0
0
158
174
64
0
0
0
0
0
240
146
192
0
0
0
0
0
166
174
64
0
0
0
0
0
192
146
192
0
0
0
0
0
172
174
64
0
0
0
0
0
144
146
192
0
0
0
0
0
180
174
64
0
0
0
0
0
96
146
192
0
0
0
0
0
186
174
64
0
0
0
0
0
48
146
192
0
0
0
0
0
194
174
64
0
0
0
0
0
0
146
192
0
0
0
0
0
200
174
64
0
0
0
0
0
208
145
192
0
0
0
0
0
206
174
64
0
0
0
0
0
160
145
192
0
0
0
0
0
212
174
64
0
0
0
0
0
112
145
192
0
0
0
0
0
220
174
64
0
0
0
0
0
64
145
192
0
0
0
0
0
226
174
64
0
0
0
0
0
16
145
192
0
0
0
0
0
232
174
64
0
0
0
0
0
224
144
192
0
0
0
0
0
238
174
64
0
0
0
0
0
176
144
192
0
0
0
0
0
244
174
64
0
0
0
0
0
124
144
192
0
0
0
0
0
250
174
64
0
0
0
0
0
76
144
192
0
0
0
0
0
0
175
64
0
0
0
0
0
28
144
192
0
0
0
0
0
6
175
64
0
0
0
0
0
216
143
192
0
0
0
0
0
12
175
64
0
0
0
0
0
120
143
192
0
0
0
0
0
18
175
64
0
0
0
0
0
16
143
192
0
0
0
0
0
24
175
64
0
0
0
0
0
176
142
192
0
0
0
0
0
30
175
64
0
0
0
0
0
80
142
192
0
0
0
0
0
36
175
64
0
0
0
0
0
240
141
192
0
0
0
0
0
42
175
64
0
0
0
0
0
144
141
192
0
0
0
0
0
48
175
64
0
0
0
0
0
48
141
192
0
0
0
0
0
54
175
64
0
0
0
0
0
200
140
192
0
0
0
0
0
60
175
64
0
0
0
0
0
104
140
192
0
0
0
0
0
66
175
64
0
0
0
0
0
8
140
192
0
0
0
0
0
72
175
64
0
0
0
0
0
168
139
192
0
0
0
0
0
76
175
64
0
0
0
0
0
72
139
192
0
0
0
0
0
82
175
64
0
0
0
0
0
224
138
192
0
0
0
0
0
86
175
64
0
0
0
0
0
128
138
192
0
0
0
0
0
92
175
64
0
0
0
0
0
32
138
192
0
0
0
0
0
96
175
64
0
0
0
0
0
192
137
192
0
0
0
0
0
102
175
64
0
0
0
0
0
96
137
192
0
0
0
0
0
106
175
64
0
0
0
0
0
248
136
192
0
0
0
0
0
110
175
64
0
0
0
0
0
152
136
192
0
0
0
0
0
116
175
64
0
0
0
0
0
56
136
192
0
0
0
0
0
120
175
64
0
0
0
0
0
208
135
192
0
0
0
0
0
124
175
64
0
0
0
0
0
112
135
192
0
0
0
0
0
128
175
64
0
0
0
0
0
16
135
192
0
0
0
0
0
132
175
64
0
0
0
0
0
168
134
192
0
0
0
0
0
136
175
64
0
0
0
0
0
72
134
192
0
0
0
0
0
140
175
64
0
0
0
0
0
224
133
192
0
0
0
0
0
144
175
64
0
0
0
0
0
128
133
192
0
0
0
0
0
148
175
64
0
0
0
0
0
32
133
192
0
0
0
0
0
152
175
64
0
0
0
0
0
184
132
192
0
0
0
0
0
156
175
64
0
0
0
0
0
88
132
192
0
0
0
0
0
160
175
64
0
0
0
0
0
240
131
192
0
0
0
0
0
164
175
64
0
0
0
0
0
144
131
192
0
0
0
0
0
168
175
64
0
0
0
0
0
48
131
192
0
0
0
0
0
172
175
64
0
0
0
0
0
200
130
192
0
0
0
0
0
176
175
64
0
0
0
0
0
104
130
192
0
0
0
0
0
180
175
64
0
0
0
0
0
0
130
192
0
0
0
0
0
184
175
64
0
0
0
0
0
160
129
192
0
0
0
0
0
188
175
64
0
0
0
0
0
64
129
192
0
0
0
0
0
192
175
64
0
0
0
0
0
216
128
192
0
0
0
0
0
194
175
64
0
0
0
0
0
120
128
192
0
0
0
0
0
198
175
64
0
0
0
0
0
16
128
192
0
0
0
0
0
200
175
64
0
0
0
0
0
96
127
192
0
0
0
0
0
204
175
64
0
0
0
0
0
144
126
192
0
0
0
0
0
206
175
64
0
0
0
0
0
208
125
192
0
0
0
0
0
210
175
64
0
0
0
0
0
16
125
192
0
0
0
0
0
212
175
64
0
0
0
0
0
64
124
192
0
0
0
0
0
214
175
64
0
0
0
0
0
128
123
192
0
0
0
0
0
216
175
64
0
0
0
0
0
176
122
192
0
0
0
0
0
218
175
64
0
0
0
0
0
240
121
192
0
0
0
0
0
222
175
64
0
0
0
0
0
32
121
192
0
0
0
0
0
224
175
64
0
0
0
0
0
96
120
192
0
0
0
0
0
226
175
64
0
0
0
0
0
144
119
192
0
0
0
0
0
228
175
64
0
0
0
0
0
208
118
192
0
0
0
0
0
230
175
64
0
0
0
0
0
0
118
192
0
0
0
0
0
232
175
64
0
0
0
0
0
48
117
192
0
0
0
0
0
234
175
64
0
0
0
0
0
112
116
192
0
0
0
0
0
236
175
64
0
0
0
0
0
160
115
192
0
0
0
0
0
238
175
64
0
0
0
0
0
224
114
192
0
0
0
0
0
240
175
64
0
0
0
0
0
16
114
192
0
0
0
0
0
242
175
64
0
0
0
0
0
80
113
192
0
0
0
0
0
242
175
64
0
0
0
0
0
128
112
192
0
0
0
0
0
244
175
64
0
0
0
0
0
128
111
192
0
0
0
0
0
246
175
64
0
0
0
0
0
224
109
192
0
0
0
0
0
248
175
64
0
0
0
0
0
96
108
192
0
0
0
0
0
248
175
64
0
0
0
0
0
192
106
192
0
0
0
0
0
250
175
64
0
0
0
0
0
32
105
192
0
0
0
0
0
250
175
64
0
0
0
0
0
160
103
192
0
0
0
0
0
252
175
64
0
0
0
0
0
0
102
192
0
0
0
0
0
252
175
64
0
0
0
0
0
128
100
192
0
0
0
0
0
252
175
64
0
0
0
0
0
224
98
192
0
0
0
0
0
252
175
64
0
0
0
0
0
64
97
192
0
0
0
0
0
252
175
64
0
0
0
0
0
128
95
192
0
0
0
0
0
252
175
64
0
0
0
0
0
64
92
192
0
0
0
0
0
254
175
64
0
0
0
0
0
64
89
192
0
0
0
0
0
254
175
64
0
0
0
0
0
0
86
192
0
0
0
0
0
254
175
64
0
0
0
0
0
192
82
192
0
0
0
0
0
0
176
64
0
0
0
0
0
128
79
192
0
0
0
0
0
0
176
64
0
0
0
0
0
0
73
192
0
0
0
0
0
0
176
64
0
0
0
0
0
0
67
192
0
0
0
0
0
0
176
64
0
0
0
0
0
0
57
192
0
0
0
0
0
0
176
64
0
0
0
0
0
0
42
192
32
32
32
32
32
32
32
32
32
32
32
32
32
32
32
32
32
32
32
32
32
32
32
32
32
32
32
32
32
32
32
32
32
32
32
32
32
32
32
32
32
32
84
73
95
65
108
108
45
50
48
71
95
67
50
95
76
79
87
95
97
99
113
50
0
32
0
0
0
0
0
0
0
0
240
63
0
0
0
0
0
0
0
0
0
0
0
0
0
0
240
63
0
0
0
0
0
0
0
128
0
0
0
0
0
0
240
63
0
0
0
0
0
0
0
0
0
0
0
0
0
0
240
63
0
0
0
0
0
0
0
0
0
0
0
0
0
0
240
63
0
0
0
0
0
0
0
0
0
0
0
0
0
0
240
63
0
0
0
0
0
0
0
128
233
11
33
231
253
255
239
63
0
0
0
0
0
0
0
128
34
110
78
37
3
0
240
63
141
237
181
160
247
198
176
62
125
62
202
136
11
0
240
63
84
228
16
113
115
42
201
62
51
107
41
32
237
255
239
63
0
0
0
0
0
0
0
128
155
113
26
162
10
255
239
63
222
0
51
223
193
79
252
190
169
191
94
97
193
253
239
63
58
145
96
170
153
181
20
191
114
25
55
53
208
252
239
63
210
251
198
215
158
89
34
191
29
228
245
96
82
252
239
63
79
202
164
134
54
0
43
191
132
186
72
161
44
252
239
63
10
218
228
240
73
39
50
191
7
240
22
72
80
252
239
63
181
112
89
133
205
0
55
191
194
251
170
92
168
252
239
63
40
41
176
0
166
12
60
191
22
49
236
48
38
253
239
63
178
129
116
177
105
165
64
191
55
251
3
229
182
253
239
63
208
238
144
98
128
68
67
191
134
173
217
202
75
254
239
63
229
182
125
143
250
235
69
191
53
179
150
2
210
254
239
63
3
36
154
64
17
139
72
191
144
107
67
197
56
255
239
63
52
219
21
250
96
25
75
191
103
238
33
225
123
255
239
63
109
55
193
55
77
159
77
191
234
35
240
135
159
255
239
63
230
147
21
195
213
1
80
191
114
220
41
29
172
255
239
63
163
3
146
176
111
39
81
191
69
244
107
235
167
255
239
63
115
189
109
166
66
60
82
191
120
95
149
11
149
255
239
63
85
193
168
164
78
64
83
191
103
238
33
225
123
255
239
63
83
180
114
47
48
43
84
191
109
113
141
207
100
255
239
63
108
150
203
70
231
252
84
191
160
220
182
239
81
255
239
63
38
58
203
44
66
177
85
191
70
12
59
140
73
255
239
63
251
204
89
159
114
76
86
191
206
196
116
33
86
255
239
63
122
198
190
100
227
193
86
191
35
18
133
150
117
255
239
63
20
175
178
182
41
30
87
191
46
0
141
210
165
255
239
63
203
134
53
149
69
97
87
191
216
154
173
188
228
255
239
63
147
168
23
124
154
147
87
191
239
2
37
5
22
0
240
63
92
202
249
98
239
197
87
191
147
166
65
209
60
0
240
63
37
236
219
73
68
248
87
191
56
74
94
157
99
0
240
63
219
195
94
40
96
59
88
191
221
237
122
105
138
0
240
63
117
172
82
122
166
151
88
191
84
169
217
3
173
0
240
63
111
211
159
253
72
17
89
191
158
124
122
108
203
0
240
63
60
193
254
235
220
180
89
191
141
127
159
113
225
0
240
63
76
254
39
127
247
142
90
191
44
44
184
31
240
0
240
63
160
138
27
183
152
159
91
191
112
8
85
106
246
0
240
63
65
11
9
24
93
222
92
191
89
20
118
81
244
0
240
63
57
37
32
38
225
66
94
191
10
190
105
250
236
0
240
63
154
34
192
233
93
188
95
191
107
17
81
76
222
0
240
63
178
129
116
177
105
165
96
191
147
2
11
96
202
0
240
63
23
242
8
110
164
108
97
191
141
11
7
66
178
0
240
63
1
53
181
108
173
47
98
191
79
178
213
229
148
0
240
63
54
6
157
16
58
232
98
191
249
100
197
112
117
0
240
63
59
56
216
155
24
146
99
191
130
169
102
214
82
0
240
63
25
112
150
146
229
36
100
191
0
116
152
47
47
0
240
63
20
151
227
21
136
158
100
191
102
74
235
111
9
0
240
63
231
195
179
4
25
1
101
191
177
53
91
121
201
255
239
63
82
13
251
61
177
78
101
191
172
202
190
43
130
255
239
63
207
160
161
127
130
139
101
191
189
83
1
247
60
255
239
63
152
194
131
102
215
189
101
191
19
185
224
12
254
254
239
63
172
114
161
242
175
229
101
191
196
238
59
134
199
254
239
63
192
34
191
126
136
13
102
191
207
244
18
99
153
254
239
63
212
210
220
10
97
53
102
191
99
179
35
213
119
254
239
63
100
176
226
84
107
97
102
191
151
30
77
245
100
254
239
63
168
255
172
249
241
151
102
191
83
66
176
170
94
254
239
63
94
215
47
216
13
219
102
191
174
18
44
14
103
254
239
63
2
101
83
174
240
46
103
191
145
155
225
6
124
254
239
63
24
123
47
190
104
143
103
191
207
244
18
99
153
254
239
63
226
2
208
40
93
250
103
191
59
54
2
241
186
254
239
63
97
252
52
238
205
111
104
191
190
107
208
151
222
254
239
63
215
80
106
47
162
237
104
191
64
161
158
62
2
255
239
63
67
0
112
236
217
115
105
191
127
250
207
154
31
255
239
63
233
243
81
70
92
0
106
191
98
131
133
147
52
255
239
63
76
254
39
127
247
142
106
191
235
59
191
40
65
255
239
63
42
54
230
117
196
33
107
191
212
71
224
15
63
255
239
63
9
110
164
108
145
180
107
191
30
167
232
72
46
255
239
63
232
165
98
99
94
71
108
191
224
77
183
236
16
255
239
63
8
199
44
123
18
216
108
191
93
24
233
69
237
254
239
63
41
232
246
146
198
104
109
191
173
250
92
109
197
254
239
63
17
197
228
13
48
243
109
191
253
220
208
148
157
254
239
63
59
139
222
169
128
123
110
191
99
179
35
213
119
254
239
63
234
35
240
135
159
255
110
191
14
102
19
96
88
254
239
63
162
97
49
234
90
123
111
191
66
209
60
128
69
254
239
63
33
91
150
175
203
240
111
191
253
244
159
53
63
254
239
63
51
136
15
236
248
47
112
191
134
173
217
202
75
254
239
63
252
169
241
210
77
98
112
191
196
6
11
39
105
254
239
63
234
146
113
140
100
143
112
191
185
0
52
74
151
254
239
63
93
78
9
136
73
184
112
191
31
191
183
233
207
254
239
63
246
208
62
86
240
219
112
191
155
113
26
162
10
255
239
63
86
15
152
135
76
249
112
191
1
48
158
65
67
255
239
63
58
32
9
251
118
18
113
191
12
30
166
125
115
255
239
63
68
248
23
65
99
38
113
191
143
83
116
36
151
255
239
63
21
140
74
234
4
52
113
191
92
232
74
4
170
255
239
63
12
231
26
102
104
60
113
191
1
24
207
160
161
255
239
63
202
253
14
69
129
62
113
191
103
238
33
225
123
255
239
63
173
219
160
246
91
59
113
191
98
131
133
147
52
255
239
63
88
117
86
11
236
49
113
191
8
203
216
208
205
254
239
63
229
236
157
209
86
37
113
191
202
137
118
21
82
254
239
63
87
66
119
73
156
21
113
191
237
155
251
171
199
253
239
63
39
163
202
48
238
6
113
191
204
209
227
247
54
253
239
63
181
26
18
247
88
250
112
191
171
7
204
67
166
252
239
63
190
191
65
123
245
241
112
191
229
13
48
243
29
252
239
63
0
169
77
156
220
239
112
191
235
168
106
130
168
251
239
63
152
248
163
168
51
247
112
191
236
192
57
35
74
251
239
63
229
185
190
15
7
9
113
191
88
26
248
81
13
251
239
63
2
15
12
32
124
40
113
191
117
145
66
89
248
250
239
63
240
247
139
217
146
85
113
191
43
50
58
32
9
251
239
63
110
139
50
27
100
146
113
191
77
20
33
117
59
251
239
63
93
167
145
150
202
219
113
191
150
91
90
13
137
251
239
63
1
53
181
108
173
47
114
191
172
55
106
133
233
251
239
63
60
18
47
79
231
138
114
191
98
192
146
171
88
252
239
63
177
51
133
206
107
236
114
191
68
49
121
3
204
252
239
63
161
130
195
11
34
82
115
191
39
162
95
91
63
253
239
63
79
232
245
39
241
185
115
191
198
54
169
104
172
253
239
63
158
66
174
212
179
32
116
191
174
42
251
174
8
254
239
63
47
134
114
162
93
133
116
191
202
137
118
21
82
254
239
63
230
144
212
66
201
228
116
191
3
96
60
131
134
254
239
63
195
98
212
181
246
62
117
191
88
173
76
248
165
254
239
63
103
240
247
139
217
146
117
191
36
66
35
216
184
254
239
63
143
80
51
164
138
226
117
191
150
6
126
84
195
254
239
63
60
131
134
254
9
46
118
191
218
226
26
159
201
254
239
63
15
125
119
43
75
116
118
191
31
191
183
233
207
254
239
63
197
84
250
9
103
183
118
191
167
119
241
126
220
254
239
63
95
10
15
154
93
247
118
191
161
244
133
144
243
254
239
63
59
169
47
75
59
53
119
191
58
30
51
80
25
255
239
63
250
37
226
173
243
111
119
191
183
208
149
8
84
255
239
63
91
151
26
161
159
169
119
191
23
12
174
185
163
255
239
63
159
230
228
69
38
224
119
191
23
244
222
24
2
0
240
63
132
42
53
123
160
21
120
191
102
190
131
159
56
0
240
63
172
87
145
209
1
73
120
191
215
246
118
75
114
0
240
63
88
87
5
106
49
120
120
191
61
181
250
234
170
0
240
63
70
64
133
35
72
165
120
191
141
127
159
113
225
0
240
63
185
251
28
31
45
206
120
191
140
243
55
161
16
1
240
63
177
137
204
92
224
242
120
191
38
29
229
96
54
1
240
63
45
234
147
220
97
19
121
191
55
142
88
139
79
1
240
63
207
17
249
46
165
46
121
191
157
216
67
251
88
1
240
63
151
0
252
83
170
68
121
191
66
8
200
151
80
1
240
63
38
171
34
220
100
84
121
191
60
17
196
121
56
1
240
63
152
51
219
21
250
96
121
191
163
231
22
186
18
1
240
63
143
142
171
145
93
105
121
191
152
249
14
126
226
0
240
63
133
233
123
13
193
113
121
191
61
181
250
234
170
0
240
63
29
57
210
25
24
121
121
191
193
2
152
50
112
0
240
63
115
159
28
5
136
130
121
191
45
92
86
97
51
0
240
63
134
28
91
207
16
142
121
191
97
83
231
81
241
255
239
63
116
210
251
198
215
158
121
191
217
178
124
93
134
255
239
63
60
193
254
235
220
180
121
191
240
190
42
23
42
255
239
63
250
10
210
140
69
211
121
191
25
60
76
251
230
254
239
63
176
175
117
169
17
250
121
191
36
66
35
216
184
254
239
63
92
175
233
65
65
41
122
191
42
197
142
198
161
254
239
63
65
243
57
119
187
94
122
191
20
209
175
173
159
254
239
63
161
100
114
106
103
152
122
191
201
113
167
116
176
254
239
63
192
236
158
60
44
212
122
191
53
179
150
2
210
254
239
63
156
139
191
237
9
18
123
191
64
161
158
62
2
255
239
63
186
19
236
191
206
77
123
191
1
48
158
65
67
255
239
63
188
121
170
67
110
134
123
191
52
131
248
192
142
255
239
63
227
166
6
154
207
185
123
191
239
142
140
213
230
255
239
63
115
132
12
228
217
229
123
191
131
53
206
166
35
0
240
63
12
7
66
178
128
9
124
191
198
133
3
33
89
0
240
63
174
46
167
4
196
36
124
191
33
202
23
180
144
0
240
63
184
6
182
74
176
56
124
191
158
124
122
108
203
0
240
63
165
188
86
66
119
73
124
191
61
157
43
74
9
1
240
63
118
80
137
235
24
87
124
191
231
55
76
52
72
1
240
63
166
239
53
4
199
101
124
191
168
198
75
55
137
1
240
63
242
176
80
107
154
119
124
191
116
207
186
70
203
1
240
63
25
171
205
255
171
142
124
191
76
82
153
98
14
2
240
63
55
0
27
16
33
174
124
191
24
91
8
114
80
2
240
63
8
199
44
123
18
216
124
191
229
99
119
129
146
2
240
63
76
22
247
31
153
14
125
191
154
120
7
120
210
2
240
63
192
4
110
221
205
83
125
191
69
19
40
98
17
3
240
63
233
100
169
245
126
163
125
191
193
197
138
26
76
3
240
63
103
43
47
249
159
252
125
191
28
10
159
173
131
3
240
63
191
42
23
42
255
90
126
191
50
114
22
246
180
3
240
63
52
76
109
169
131
188
126
191
16
120
96
0
225
3
240
63
168
109
195
40
8
30
127
191
146
173
46
167
4
4
240
63
1
109
171
89
103
124
127
191
197
140
240
246
32
4
240
63
32
40
183
237
123
212
127
191
146
33
199
214
51
4
240
63
117
62
60
75
144
17
128
191
226
119
211
45
59
4
240
63
80
170
125
58
30
51
128
191
203
131
244
20
57
4
240
63
66
204
37
85
219
77
128
191
78
69
42
140
45
4
240
63
157
158
119
99
65
97
128
191
129
176
83
172
26
4
240
63
29
56
103
68
105
111
128
191
146
173
46
167
4
4
240
63
115
158
177
47
217
120
128
191
152
48
154
149
237
3
240
63
253
220
208
148
157
126
128
191
170
45
117
144
215
3
240
63
201
4
252
26
73
130
128
191
232
18
14
189
197
3
240
63
134
27
240
249
97
132
128
191
119
78
179
64
187
3
240
63
68
50
228
216
122
134
128
191
96
90
212
39
185
3
240
63
97
84
82
39
160
137
128
191
221
152
158
176
196
3
240
63
139
135
247
28
88
142
128
191
226
143
162
206
220
3
240
63
211
220
10
97
53
150
128
191
135
51
191
154
3
4
240
63
150
95
6
99
68
162
128
191
169
21
166
239
53
4
240
63
36
10
45
235
254
177
128
191
38
200
8
168
112
4
240
63
46
226
59
49
235
197
128
191
242
208
119
183
178
4
240
63
19
243
172
164
21
223
128
191
236
193
164
248
248
4
240
63
34
55
195
13
248
252
128
191
241
44
65
70
64
5
240
63
11
180
59
164
24
32
129
191
246
151
221
147
135
5
240
63
46
117
144
215
131
73
129
191
217
148
43
188
203
5
240
63
218
116
4
112
179
120
129
191
131
47
76
166
10
6
240
63
191
184
84
165
45
174
129
191
211
249
240
44
65
6
240
63
141
70
62
175
120
234
129
191
188
121
170
67
110
6
240
63
147
24
4
86
14
45
130
191
85
163
87
3
148
6
240
63
183
12
56
75
201
114
130
191
159
118
248
107
178
6
240
63
152
23
96
31
157
186
130
191
176
231
107
150
203
6
240
63
121
34
136
243
112
2
131
191
124
124
66
118
222
6
240
63
61
11
66
121
31
71
131
191
39
163
202
48
238
6
240
63
215
192
86
9
22
135
131
191
164
225
148
185
249
6
240
63
136
44
210
196
59
192
131
191
10
44
128
41
3
7
240
63
147
55
192
204
119
240
131
191
113
118
107
153
12
7
240
63
139
197
111
10
43
21
132
191
204
70
231
252
20
7
240
63
97
197
169
214
194
44
132
191
61
11
66
121
31
7
240
63
102
49
177
249
184
54
132
191
175
207
156
245
41
7
240
63
249
20
0
227
25
52
132
191
67
2
70
151
55
7
240
63
229
151
193
24
145
40
132
191
237
40
206
81
71
7
240
63
234
208
233
121
55
22
132
191
197
55
20
62
91
7
240
63
114
220
41
29
172
255
131
191
180
58
57
67
113
7
240
63
237
214
50
25
142
231
131
191
220
159
139
134
140
7
240
63
118
226
114
188
2
209
131
191
49
237
155
251
171
7
240
63
202
21
222
229
34
190
131
191
191
156
217
174
208
7
240
63
8
147
226
227
19
178
131
191
145
40
180
172
251
7
240
63
235
112
116
149
238
174
131
191
156
22
188
232
43
8
240
63
50
198
135
217
203
182
131
191
213
236
129
86
96
8
240
63
46
141
95
120
37
201
131
191
59
171
5
246
152
8
240
63
47
192
62
58
117
229
131
191
183
93
104
174
211
8
240
63
39
78
238
119
40
10
132
191
64
138
58
115
15
9
240
63
102
49
177
249
184
54
132
191
200
182
12
56
75
9
240
63
46
83
147
224
13
105
132
191
57
239
255
227
132
9
240
63
129
179
148
44
39
161
132
191
136
185
164
106
187
9
240
63
159
59
193
254
235
220
132
191
170
155
139
191
237
9
240
63
42
224
158
231
79
27
133
191
136
161
213
201
25
10
240
63
116
155
112
175
204
91
133
191
44
69
242
149
64
10
240
63
27
98
188
230
0
0
0
0
0
0
0
0
0
0
0
0
0
0
0
0
0
0
0
0
0
0
0
0
0
0
0
0
0
0
0
0
0
0
0
0
0
0
0
0
0
0
0
0
0
0
0
0
0
0
0
0
0
0
0
0
0
0
0
0
0
0
0
0
0
0
0
0
0
0
0
0
0
0
0
0
0
0
0
0
0
0
0
0
0
0
0
0
0
0
0
0
0
0
0
0
0
0
0
0
0
0
0
0
0
0
0
0
0
0
0
0
0
0
0
0
0
0
0
0
0
0
0
0
0
0
0
0
0
0
0
0
0
0
0
0
0
0
0
0
0
0
0
0
0
0
0
0
0
0
0
0
0
0
0
0
0
0
0
0
0
0
0
0
0
0
0
0
0
0
0
0
0
0
0
0
0
0
0
0
0
0
0
0
0
0
0
0
0
0
0
0
0
0
0
0
0
0
0
0
0
0
0
0
0
0
0
0
0
0
0
0
0
0
0
0
0
0
0
0
0
0
0
0
0
0
0
0
0
0
0
0
0
0
0
0
0
0
0
0
0
0
0
0
0
0
0
0
0
0
0
0
0
0
0
0
0
0
0
0
0
0
0
0
0
0
0
0
0
0
0
0
0
0
0
0
0
0
0
0
0
0
0
0
0
0
0
0
0
0
0
0
0
0
0
0
0
0
0
0
0
0
0
0
0
0
0
0
0
0
0
0
0
0
0
0
0
0
0
0
0
0
0
0
0
0
0
0
0
0
0
0
0
0
0
0
0
0
0
0
0
0
0
0
0
0
0
0
0
0
0
0
0
0
0
0
0
0
0
0
0
0
0
0
0
0
0
0
0
0
0
0
0
0
0
0
0
0
0
0
0
0
0
0
0
0
0
0
0
0
0
0
0
0
0
0
0
0
0
0
0
0
0
0
0
0
0
0
0
0
0
0
0
0
0
0
0
0
0
0
0
0
0
0
0
0
0
0
0
0
0
0
0
0
0
0
0
0
0
0
0
0
0
0
0
0
0
0
0
0
0
0
0
0
0
0
0
0
0
0
0
0
0
0
0
0
0
0
0
0
0
0
0
0
0
0
0
0
0
0
0
0
0
0
0
0
0
0
0
0
0
0
0
0
0
0
0
0
0
0
0
0
0
0
0
0
0
0
0
0
0
0
0
0
0
0
0
0
0
0
0
0
0
0
0
0
0
0
0
0
0
0
0
0
0
0
0
0
0
0
0
0
0
0
0
0
0
0
0
0
0
0
0
0
0
0
0
0
0
0
0
0
0
0
0
0
0
0
0
0
0
0
0
0
0
0
0
0
0
0
0
0
0
0
0
0
0
0
0
0
0
0
0
0
0
0
0
0
0
0
0
0
0
0
0
0
0
0
0
0
0
0
0
0
0
0
0
0
0
0
0
0
0
0
0
0
0
0
0
0
0
0
0
0
0
0
0
0
0
0
0
0
0
0
0
0
0
0
0
0
0
0
0
0
0
0
0
0
0
0
0
0
0
0
0
0
0
0
0
0
0
0
0
0
0
0
0
0
0
0
0
0
0
0
0
0
0
0
0
0
0
0
0
0
0
0
0
0
0
0
0
0
0
0
0
0
0
0
0
0
0
0
0
0
0
0
0
0
0
0
0
0
0
0
0
0
0
0
0
0
0
0
0
0
0
0
0
0
0
0
0
0
0
0
0
0
0
0
0
0
0
0
0
0
0
0
0
0
0
0
0
0
0
0
0
0
0
0
0
0
0
0
0
0
0
0
0
0
0
0
0
0
0
0
0
0
0
0
0
0
0
0
0
0
0
0
0
0
0
0
0
0
0
0
0
0
0
0
0
0
0
0
0
0
0
0
0
0
0
0
0
0
0
0
0
0
0
0
0
0
0
0
0
0
0
0
0
0
0
0
0
0
0
0
0
0
0
0
0
0
0
0
0
0
0
0
0
0
0
0
0
0
0
0
0
0
0
0
0
0
0
0
0
0
0
0
0
0
0
0
0
0
0
0
0
0
0
0
0
0
0
0
0
0
0
0
0
0
0
0
0
0
0
0
0
0
0
0
0
0
0
0
0
0
0
0
0
0
0
0
0
0
0
0
0
0
0
0
0
0
0
0
0
0
0
0
0
0
0
0
0
0
0
0
0
0
0
0
0
0
0
0
0
0
0
0
0
0
0
0
0
0
0
0
0
0
0
0
0
0
0
0
0
0
0
0
0
0
0
0
0
0
0
0
0
0
0
0
0
0
0
0
0
0
0
0
0
0
0
0
0
0
0
0
0
0
0
0
0
0
0
0
0
0
0
0
0
0
0
0
0
0
0
0
0
0
0
0
0
0
0
0
0
0
0
0
0
0
0
0
0
0
0
0
0
0
0
0
0
0
0
0
0
0
0
0
0
0
0
0
0
0
0
0
0
0
0
0
0
0
0
0
0
0
0
0
0
0
0
0
0
0
0
0
0
0
0
0
0
0
0
0
0
0
0
0
0
0
0
0
0
0
0
0
0
0
0
0
0
0
0
0
0
0
0
0
0
0
0
0
0
0
0
0
0
0
0
0
0
0
0
0
0
0
0
0
0
0
0
0
0
0
0
0
0
0
0
0
0
0
0
0
0
0
0
0
0
0
0
0
0
0
0
0
0
0
0
0
0
0
0
0
0
0
0
0
0
0
0
0
0
0
0
0
0
0
0
0
0
0
0
0
0
0
0
0
0
0
0
0
0
0
0
0
0
0
0
0
0
0
0
0
0
0
0
0
0
0
0
0
0
0
0
0
0
0
0