58
70
65
67
84
58
67
68
65
84
49
56
58
68
65
84
65
32
35
57
48
48
48
48
48
54
57
51
54
31
47
240
63
5
49
208
181
47
160
167
63
234
64
214
83
171
47
240
63
236
108
200
63
51
136
167
63
187
180
225
176
52
48
240
63
237
239
108
143
222
112
167
63
95
64
47
220
185
48
240
63
10
186
189
164
49
90
167
63
248
81
13
251
61
49
240
63
67
203
186
127
44
68
167
63
122
111
12
1
192
49
240
63
42
226
116
146
173
46
167
63
7
7
123
19
67
50
240
63
85
189
252
78
147
25
167
63
160
24
89
50
199
50
240
63
196
92
82
181
221
4
167
63
79
30
22
106
77
51
240
63
11
127
134
55
107
240
166
63
33
146
33
199
214
51
240
63
189
226
169
71
26
220
166
63
32
238
234
85
100
52
240
63
71
201
171
115
12
200
166
63
88
172
225
34
247
52
240
63
101
110
190
17
221
179
166
63
189
82
150
33
142
53
240
63
131
19
209
175
173
159
166
63
69
103
153
69
40
54
240
63
94
244
21
164
25
139
166
63
216
245
11
118
195
54
240
63
245
16
141
238
32
118
166
63
72
22
48
129
91
55
240
63
113
230
87
115
128
96
166
63
128
212
38
78
238
55
240
63
102
51
135
164
22
74
166
63
93
194
161
183
120
56
240
63
143
51
77
216
126
50
166
63
189
113
82
152
247
56
240
63
91
40
153
156
218
25
166
63
137
238
89
215
104
57
240
63
23
12
174
185
163
255
165
63
170
68
217
91
202
57
240
63
50
32
123
189
251
227
165
63
22
250
96
25
27
58
240
63
102
160
50
254
125
198
165
63
249
246
174
65
95
58
240
63
181
140
212
123
42
167
165
63
95
181
50
225
151
58
240
63
29
229
96
54
1
134
165
63
95
41
203
16
199
58
240
63
52
104
232
159
224
98
165
63
26
193
198
245
239
58
240
63
33
147
140
156
133
61
165
63
168
112
4
169
20
59
240
63
80
167
60
186
17
22
165
63
31
44
99
67
55
59
240
63
86
99
9
107
99
236
164
63
139
109
82
209
88
59
240
63
91
68
20
147
55
192
164
63
25
29
144
132
125
59
240
63
94
74
93
50
142
145
164
63
213
180
139
105
166
59
240
63
204
182
211
214
136
96
164
63
189
52
69
128
211
59
240
63
56
72
136
242
5
45
164
63
189
168
221
175
2
60
240
63
151
200
5
103
240
247
163
63
189
28
118
223
49
60
240
63
43
252
25
222
172
193
163
63
154
34
192
233
93
60
240
63
15
42
113
29
227
138
163
63
63
198
220
181
132
60
240
63
243
87
200
92
25
84
163
63
137
153
125
30
163
60
240
63
94
14
187
239
24
30
163
63
108
34
51
23
184
60
240
63
148
17
23
128
70
233
162
63
199
242
174
122
192
60
240
63
177
168
136
211
73
182
162
63
142
144
129
60
187
60
240
63
206
26
188
175
202
133
162
63
148
19
237
42
164
60
240
63
48
44
127
190
45
88
162
63
228
245
96
82
124
60
240
63
134
226
142
55
249
45
162
63
160
165
43
216
70
60
240
63
34
56
46
227
166
6
162
63
235
144
155
225
6
60
240
63
42
170
126
165
243
225
161
63
241
159
110
160
192
59
240
63
92
116
178
212
122
191
161
63
213
64
243
57
119
59
240
63
224
19
235
84
249
158
161
63
196
91
231
223
46
59
240
63
6
131
107
238
232
127
161
63
225
94
153
183
234
58
240
63
139
253
101
247
228
97
161
63
89
50
199
242
174
58
240
63
3
66
235
225
203
68
161
63
78
68
191
182
126
58
240
63
190
74
62
118
23
40
161
63
226
2
208
40
93
58
240
63
122
83
145
10
99
11
161
63
44
98
216
97
76
58
240
63
94
217
5
131
107
238
160
63
33
232
104
85
75
58
240
63
106
220
155
223
48
209
160
63
147
172
195
209
85
58
240
63
10
158
66
174
212
179
160
63
95
65
154
177
104
58
240
63
103
155
27
211
19
150
160
63
89
190
46
195
127
58
240
63
196
152
244
247
82
120
160
63
95
181
50
225
151
58
240
63
73
19
239
0
79
90
160
63
89
50
199
242
174
58
240
63
206
141
233
9
75
60
160
63
15
211
190
185
191
58
240
63
231
198
244
132
37
30
160
63
106
163
58
29
200
58
240
63
0
0
0
0
0
0
160
63
61
187
124
235
195
58
240
63
91
239
55
218
113
195
159
63
100
172
54
255
175
58
240
63
141
97
78
208
38
135
159
63
237
240
215
100
141
58
240
63
111
217
33
254
97
75
159
63
215
136
96
28
92
58
240
63
0
87
178
99
35
16
159
63
33
116
208
37
28
58
240
63
240
223
188
56
241
213
158
63
239
32
118
166
208
57
240
63
63
116
65
125
203
156
158
63
51
21
226
145
120
57
240
63
115
156
219
132
123
101
158
63
7
69
243
0
22
57
240
63
102
219
105
107
68
48
158
63
104
176
169
243
168
56
240
63
22
49
236
48
38
253
157
63
111
75
228
130
51
56
240
63
51
163
31
13
167
204
157
63
26
22
163
174
181
55
240
63
150
180
226
27
10
159
157
63
118
138
85
131
48
55
240
63
236
106
242
148
213
116
157
63
142
34
107
13
165
54
240
63
176
61
179
36
64
77
157
63
120
210
194
101
21
54
240
63
89
164
137
119
128
39
157
63
64
20
204
152
130
53
240
63
97
22
218
57
205
2
157
63
242
97
246
178
237
52
240
63
65
11
9
24
93
222
156
63
186
163
255
229
90
52
240
63
195
244
189
134
224
184
156
63
130
229
8
25
200
51
240
63
134
199
126
22
75
145
156
63
131
137
63
138
58
51
240
63
180
0
109
171
89
103
156
63
177
21
52
45
177
50
240
63
63
143
81
158
121
57
156
63
36
126
197
26
46
50
240
63
158
234
144
155
225
6
156
63
253
48
66
120
180
49
240
63
76
138
143
79
200
206
155
63
38
58
203
44
66
49
240
63
72
110
77
186
45
145
155
63
158
153
96
56
215
48
240
63
25
31
102
47
219
78
155
63
67
225
179
117
112
48
240
63
125
179
205
141
233
9
155
63
11
151
85
216
12
48
240
63
250
179
31
41
34
195
154
63
200
210
135
46
168
47
240
63
120
180
113
196
90
124
154
63
132
14
186
132
67
47
240
63
85
192
61
207
159
54
154
63
19
98
46
169
218
46
240
63
118
107
153
12
199
243
153
63
94
217
5
131
107
46
240
63
60
193
254
235
220
180
153
63
89
250
208
5
245
45
240
63
179
210
164
20
116
123
153
63
238
208
176
24
117
45
240
63
18
46
228
17
220
72
153
63
5
105
198
162
233
44
240
63
185
222
54
83
33
30
153
63
194
48
96
201
85
44
240
63
73
217
34
105
55
250
152
63
47
162
237
152
186
43
240
63
98
18
46
228
17
220
152
63
134
31
156
79
29
43
240
63
126
1
189
112
231
194
152
63
198
168
107
237
125
42
240
63
142
149
152
103
37
173
152
63
39
160
137
176
225
41
240
63
51
195
70
89
191
153
152
63
171
5
246
152
72
41
240
63
231
1
44
242
235
135
152
63
138
59
222
228
183
40
240
63
154
64
17
139
24
118
152
63
207
187
177
160
48
40
240
63
239
115
124
180
56
99
152
63
146
122
79
229
180
39
240
63
134
144
243
254
63
78
152
63
254
95
117
228
72
39
240
63
216
13
219
22
101
54
152
63
244
253
212
120
233
38
240
63
54
230
117
196
33
27
152
63
113
84
110
162
150
38
240
63
79
31
129
63
252
252
151
63
63
1
20
35
75
38
240
63
251
59
219
163
55
220
151
63
92
4
198
250
6
38
240
63
18
191
98
13
23
185
151
63
155
117
198
247
197
37
240
63
147
168
23
124
154
147
151
63
240
218
165
13
135
37
240
63
6
129
149
67
139
108
151
63
48
76
166
10
70
37
240
63
147
197
253
71
166
67
151
63
88
201
199
238
2
37
240
63
234
123
13
193
113
25
151
63
60
106
76
136
185
36
240
63
225
38
163
202
48
238
150
63
197
58
85
190
103
36
240
63
82
73
157
128
38
194
150
63
243
58
226
144
13
36
240
63
19
102
218
254
149
149
150
63
221
94
210
24
173
35
240
63
212
130
23
125
5
105
150
63
131
166
37
86
70
35
240
63
149
159
84
251
116
60
150
63
18
250
153
122
221
34
240
63
5
194
78
177
106
16
150
63
127
223
191
121
113
34
240
63
253
108
228
186
41
229
149
63
224
74
118
108
4
34
240
63
83
35
244
51
245
186
149
63
88
170
11
120
153
33
240
63
184
234
58
84
83
146
149
63
220
131
16
144
47
33
240
63
43
195
184
27
68
107
149
63
152
191
66
230
202
32
240
63
91
178
42
194
77
70
149
63
141
93
162
122
107
32
240
63
33
59
111
99
179
35
149
63
199
215
158
89
18
32
240
63
125
93
134
255
116
3
149
63
69
46
56
131
191
31
240
63
150
150
145
122
79
229
148
63
251
230
254
234
113
31
240
63
68
105
111
240
133
201
148
63
223
135
131
132
40
31
240
63
217
207
98
41
146
175
148
63
241
16
198
79
227
30
240
63
124
71
141
9
49
151
148
63
48
130
198
76
162
30
240
63
45
208
238
144
98
128
148
63
134
231
165
98
99
30
240
63
236
105
135
191
38
107
148
63
242
64
100
145
38
30
240
63
10
15
154
93
247
86
148
63
106
20
146
204
234
29
240
63
135
191
38
107
212
67
148
63
249
219
158
32
177
29
240
63
140
248
78
204
122
49
148
63
135
163
171
116
119
29
240
63
23
186
18
129
234
31
148
63
11
241
72
188
60
29
240
63
82
129
147
109
224
14
148
63
130
196
118
247
0
29
240
63
60
78
209
145
92
254
147
63
228
163
197
25
195
28
240
63
254
157
237
209
27
238
147
63
35
21
198
22
130
28
240
63
192
237
9
18
219
221
147
63
64
24
120
238
61
28
240
63
49
67
227
137
32
206
147
63
24
63
141
123
243
27
240
63
202
21
222
229
34
190
147
63
195
125
228
214
164
27
240
63
60
107
183
93
104
174
147
63
42
224
158
231
79
27
240
63
254
186
211
157
39
158
147
63
54
114
221
148
242
26
240
63
232
135
17
194
163
141
147
63
243
173
15
235
141
26
240
63
250
209
112
202
220
124
147
63
107
13
165
246
34
26
240
63
93
22
19
155
143
107
147
63
182
132
124
208
179
25
240
63
97
79
59
252
53
89
147
63
211
19
150
120
64
25
240
63
7
125
233
237
207
69
147
63
229
40
64
20
204
24
240
63
77
159
29
112
93
49
147
63
247
61
234
175
87
24
240
63
174
45
60
47
21
27
147
63
43
193
226
112
230
23
240
63
216
45
2
99
125
3
147
63
129
178
41
87
120
23
240
63
108
148
245
155
137
233
146
63
16
6
158
123
15
23
240
63
27
103
211
17
192
205
146
63
250
41
142
3
175
22
240
63
92
29
0
113
87
175
146
63
51
164
138
226
85
22
240
63
8
58
90
213
146
142
146
63
211
104
114
49
6
22
240
63
247
63
192
90
181
107
146
63
195
131
102
215
189
21
240
63
174
183
205
84
136
71
146
63
212
12
169
162
120
21
240
63
183
41
30
23
213
34
146
63
19
126
169
159
55
21
240
63
151
30
77
245
100
254
145
63
94
105
25
169
247
20
240
63
173
161
212
94
68
219
145
63
157
218
25
166
182
20
240
63
89
190
46
195
127
186
145
63
197
87
59
138
115
20
240
63
115
247
57
62
90
156
145
63
180
114
47
48
43
20
240
63
47
219
78
91
35
130
145
63
96
177
134
139
220
19
240
63
23
242
8
110
164
108
145
63
187
153
209
143
134
19
240
63
217
65
37
174
99
92
145
63
188
177
160
48
40
19
240
63
77
77
130
55
164
81
145
63
120
237
210
134
195
18
240
63
235
139
132
182
156
75
145
63
7
65
71
171
90
18
240
63
46
117
144
215
131
73
145
63
116
38
109
170
238
17
240
63
221
122
77
15
10
74
145
63
225
11
147
169
130
17
240
63
74
151
254
37
169
76
145
63
100
229
151
193
24
17
240
63
62
60
75
144
17
80
145
63
255
178
123
242
176
16
240
63
51
225
151
250
121
83
145
63
221
92
252
109
79
16
240
63
200
122
106
245
213
85
145
63
11
93
137
64
245
15
240
63
79
3
6
73
159
86
145
63
160
167
1
131
164
15
240
63
146
236
17
106
134
84
145
63
166
182
212
65
94
15
240
63
224
48
209
32
5
79
145
63
41
4
114
137
35
15
240
63
17
83
34
137
94
70
145
63
30
22
106
77
243
14
240
63
254
213
227
190
213
58
145
63
133
236
188
141
205
14
240
63
125
60
244
221
173
44
145
63
116
123
73
99
180
14
240
63
104
9
50
2
42
28
145
63
202
84
193
168
164
14
240
63
108
66
90
99
208
9
145
63
167
230
114
131
161
14
240
63
138
231
108
1
161
245
144
63
247
60
127
218
168
14
240
63
114
254
38
20
34
224
144
63
196
209
85
186
187
14
240
63
250
9
103
183
150
201
144
63
13
165
246
34
218
14
240
63
252
140
11
7
66
178
144
63
201
60
242
7
3
15
240
63
78
10
243
30
103
154
144
63
212
42
250
67
51
15
240
63
241
129
29
255
5
130
144
63
12
1
192
177
103
15
240
63
148
249
71
223
164
105
144
63
58
93
22
19
155
15
240
63
55
113
114
191
67
81
144
63
46
87
63
54
201
15
240
63
217
232
156
159
226
56
144
63
199
128
236
245
238
15
240
63
124
96
199
127
129
32
144
63
205
119
240
19
7
16
240
63
247
90
208
123
99
8
144
63
17
84
141
94
13
16
240
63
65
182
44
95
151
225
143
63
114
167
116
176
254
15
240
63
244
193
50
54
116
179
143
63
194
137
232
215
214
15
240
63
6
217
178
124
93
134
143
63
211
18
43
163
145
15
240
63
38
1
106
106
217
90
143
63
212
42
250
67
51
15
240
63
179
69
210
110
244
49
143
63
8
174
242
4
194
14
240
63
187
183
34
49
65
13
143
63
179
120
177
48
68
14
240
63
158
98
213
32
204
237
142
63
49
91
178
42
194
13
240
63
105
87
33
229
39
213
142
63
210
171
1
74
67
13
240
63
218
172
250
92
109
197
142
63
216
70
60
217
205
12
240
63
161
104
30
192
34
191
142
63
149
130
110
47
105
12
240
63
204
155
195
181
218
195
142
63
87
181
164
163
28
12
240
63
199
98
155
84
52
214
142
63
98
187
123
128
238
11
240
63
148
189
165
156
47
246
142
63
7
235
255
28
230
11
240
63
159
200
147
164
107
38
143
63
70
68
49
121
3
12
240
63
123
103
180
85
73
100
143
63
217
234
114
74
64
12
240
63
187
125
86
153
41
173
143
63
91
148
217
32
147
12
240
63
213
204
90
10
72
251
143
63
125
234
88
165
244
12
240
63
86
153
41
173
191
37
144
63
238
150
228
128
93
13
240
63
12
62
205
201
139
76
144
63
84
201
0
80
197
13
240
63
205
61
36
124
239
111
144
63
83
177
49
175
35
14
240
63
45
124
125
173
75
141
144
63
156
248
106
71
113
14
240
63
29
232
161
182
13
163
144
63
202
84
193
168
164
14
240
63
48
101
224
128
150
174
144
63
162
99
7
149
184
14
240
63
129
95
35
73
16
174
144
63
247
60
127
218
168
14
240
63
135
78
207
187
177
160
144
63
225
212
7
146
119
14
240
63
163
61
94
72
135
135
144
63
185
251
28
31
45
14
240
63
65
73
129
5
48
101
144
63
175
153
124
179
205
13
240
63
111
130
111
154
62
59
144
63
5
139
195
153
95
13
240
63
154
5
218
29
82
12
144
63
0
172
142
28
233
12
240
63
164
199
239
109
250
179
143
63
228
216
122
134
112
12
240
63
165
103
122
137
177
76
143
63
223
249
69
9
250
11
240
63
181
24
60
76
251
230
142
63
53
235
140
239
139
11
240
63
254
13
218
171
143
135
142
63
43
137
236
131
44
11
240
63
156
105
194
246
147
49
142
63
237
187
34
248
223
10
240
63
93
83
32
179
179
232
141
63
101
143
80
51
164
10
240
63
62
203
243
224
238
172
141
63
158
125
229
65
122
10
240
63
132
186
72
161
44
124
141
63
95
36
180
229
92
10
240
63
207
21
165
132
96
85
141
63
147
143
221
5
74
10
240
63
16
204
209
227
247
54
141
63
56
191
97
162
65
10
240
63
233
209
84
79
230
31
141
63
22
81
19
125
62
10
240
63
157
16
58
232
18
14
141
63
44
69
242
149
64
10
240
63
204
124
7
63
113
0
141
63
90
45
176
199
68
10
240
63
104
5
134
172
110
245
140
63
135
21
110
249
72
10
240
63
18
159
59
193
254
235
140
63
147
143
221
5
74
10
240
63
189
56
241
213
142
226
140
63
147
143
221
5
74
10
240
63
8
199
44
123
18
216
140
63
124
155
254
236
71
10
240
63
70
68
49
121
3
204
140
63
90
45
176
199
68
10
240
63
197
170
65
152
219
189
140
63
56
191
97
162
65
10
240
63
216
244
160
160
20
173
140
63
22
81
19
125
62
10
240
63
206
28
146
90
40
153
140
63
10
215
163
112
61
10
240
63
248
28
88
142
144
129
140
63
10
215
163
112
61
10
240
63
86
245
242
59
77
102
140
63
56
191
97
162
65
10
240
63
217
148
43
188
203
69
140
63
135
21
110
249
72
10
240
63
211
245
68
215
133
31
140
63
4
84
56
130
84
10
240
63
243
29
252
196
1
244
139
63
175
122
192
60
100
10
240
63
57
13
81
133
63
195
139
63
135
137
6
41
120
10
240
63
178
212
122
191
209
142
139
63
106
18
188
33
141
10
240
63
205
144
42
138
87
89
139
63
101
143
80
51
164
10
240
63
232
76
218
84
221
35
139
63
95
12
229
68
187
10
240
63
112
37
59
54
2
241
138
63
89
137
121
86
210
10
240
63
115
43
132
213
88
194
138
63
60
18
47
79
231
10
240
63
95
123
102
73
128
154
138
63
254
44
150
34
249
10
240
63
227
26
159
201
254
121
138
63
157
217
174
208
7
11
240
63
202
49
89
220
127
100
138
63
3
36
154
64
17
11
240
63
197
197
81
185
137
90
138
63
49
12
88
114
21
11
240
63
51
226
2
208
40
93
138
63
60
134
199
126
22
11
240
63
4
118
53
121
202
106
138
63
37
146
232
101
20
11
240
63
28
95
123
102
73
128
138
63
14
158
9
77
18
11
240
63
190
134
224
184
140
155
138
63
248
169
42
52
16
11
240
63
219
219
45
201
1
187
138
63
248
169
42
52
16
11
240
63
168
54
56
17
253
218
138
63
37
146
232
101
20
11
240
63
103
128
11
178
101
249
138
63
128
98
100
201
28
11
240
63
9
168
112
4
169
20
139
63
31
15
125
119
43
11
240
63
114
139
249
185
161
41
139
63
25
140
17
137
66
11
240
63
228
19
178
243
54
54
139
63
111
217
33
254
97
11
240
63
242
36
233
154
201
55
139
63
65
101
252
251
140
11
240
63
128
156
48
97
52
43
139
63
144
47
161
130
195
11
240
63
222
116
203
14
241
15
139
63
47
80
82
96
1
12
240
63
26
191
240
74
146
231
138
63
251
88
193
111
67
12
240
63
67
140
215
188
170
179
138
63
211
219
159
139
134
12
240
63
213
9
104
34
108
120
138
63
114
252
80
105
196
12
240
63
59
84
83
146
117
56
138
63
193
198
245
239
250
12
240
63
52
130
141
235
223
245
137
63
136
216
96
225
36
13
240
63
140
187
65
180
86
180
137
63
153
73
212
11
62
13
240
63
176
28
33
3
121
118
137
63
210
171
1
74
67
13
240
63
94
188
31
183
95
62
137
63
62
121
88
168
53
13
240
63
244
165
183
63
23
13
137
63
244
165
183
63
23
13
240
63
181
194
244
189
134
224
136
63
34
26
221
65
236
12
240
63
161
18
215
49
174
184
136
63
222
201
167
199
182
12
240
63
250
126
106
188
116
147
136
63
86
157
213
2
123
12
240
63
97
252
52
238
205
111
136
63
149
14
214
255
57
12
240
63
120
127
188
87
173
76
136
63
201
5
103
240
247
11
240
63
142
2
68
193
140
41
136
63
30
107
70
6
185
11
240
63
231
110
215
75
83
4
136
63
162
184
227
77
126
11
240
63
211
190
185
191
122
220
135
63
116
92
141
236
74
11
240
63
67
225
179
117
112
176
135
63
174
74
34
251
32
11
240
63
57
214
197
109
52
128
135
63
43
21
84
84
253
10
240
63
98
163
172
223
76
76
135
63
237
187
34
248
223
10
240
63
191
72
104
203
185
20
135
63
208
208
63
193
197
10
240
63
175
209
114
160
135
218
134
63
192
95
204
150
172
10
240
63
225
67
137
150
60
158
134
63
197
226
55
133
149
10
240
63
86
159
171
173
216
95
134
63
180
113
196
90
124
10
240
63
188
233
150
29
226
31
134
63
141
12
114
23
97
10
240
63
195
40
8
30
223
222
133
63
44
69
242
149
64
10
240
63
27
98
188
230
85
157
133
63
136
161
213
201
25
10
240
63
116
155
112
175
204
91
133
63
170
155
139
191
237
9
240
63
42
224
158
231
79
27
133
63
136
185
164
106
187
9
240
63
159
59
193
254
235
220
132
63
57
239
255
227
132
9
240
63
129
179
148
44
39
161
132
63
200
182
12
56
75
9
240
63
46
83
147
224
13
105
132
63
64
138
58
115
15
9
240
63
102
49
177
249
184
54
132
63
183
93
104
174
211
8
240
63
39
78
238
119
40
10
132
63
59
171
5
246
152
8
240
63
47
192
62
58
117
229
131
63
213
236
129
86
96
8
240
63
46
141
95
120
37
201
131
63
156
22
188
232
43
8
240
63
50
198
135
217
203
182
131
63
145
40
180
172
251
7
240
63
235
112
116
149
238
174
131
63
191
156
217
174
208
7
240
63
8
147
226
227
19
178
131
63
49
237
155
251
171
7
240
63
202
21
222
229
34
190
131
63
220
159
139
134
140
7
240
63
118
226
114
188
2
209
131
63
180
58
57
67
113
7
240
63
237
214
50
25
142
231
131
63
197
55
20
62
91
7
240
63
114
220
41
29
172
255
131
63
237
40
206
81
71
7
240
63
234
208
233
121
55
22
132
63
67
2
70
151
55
7
240
63
229
151
193
24
145
40
132
63
175
207
156
245
41
7
240
63
249
20
0
227
25
52
132
63
61
11
66
121
31
7
240
63
102
49
177
249
184
54
132
63
204
70
231
252
20
7
240
63
97
197
169
214
194
44
132
63
113
118
107
153
12
7
240
63
139
197
111
10
43
21
132
63
10
44
128
41
3
7
240
63
147
55
192
204
119
240
131
63
164
225
148
185
249
6
240
63
136
44
210
196
59
192
131
63
39
163
202
48
238
6
240
63
215
192
86
9
22
135
131
63
124
124
66
118
222
6
240
63
61
11
66
121
31
71
131
63
176
231
107
150
203
6
240
63
121
34
136
243
112
2
131
63
159
118
248
107
178
6
240
63
152
23
96
31
157
186
130
63
85
163
87
3
148
6
240
63
183
12
56
75
201
114
130
63
188
121
170
67
110
6
240
63
147
24
4
86
14
45
130
63
211
249
240
44
65
6
240
63
141
70
62
175
120
234
129
63
131
47
76
166
10
6
240
63
191
184
84
165
45
174
129
63
217
148
43
188
203
5
240
63
218
116
4
112
179
120
129
63
246
151
221
147
135
5
240
63
46
117
144
215
131
73
129
63
241
44
65
70
64
5
240
63
11
180
59
164
24
32
129
63
236
193
164
248
248
4
240
63
34
55
195
13
248
252
128
63
242
208
119
183
178
4
240
63
19
243
172
164
21
223
128
63
38
200
8
168
112
4
240
63
46
226
59
49
235
197
128
63
169
21
166
239
53
4
240
63
36
10
45
235
254
177
128
63
135
51
191
154
3
4
240
63
150
95
6
99
68
162
128
63
226
143
162
206
220
3
240
63
211
220
10
97
53
150
128
63
221
152
158
176
196
3
240
63
139
135
247
28
88
142
128
63
96
90
212
39
185
3
240
63
97
84
82
39
160
137
128
63
119
78
179
64
187
3
240
63
68
50
228
216
122
134
128
63
232
18
14
189
197
3
240
63
134
27
240
249
97
132
128
63
170
45
117
144
215
3
240
63
201
4
252
26
73
130
128
63
152
48
154
149
237
3
240
63
253
220
208
148
157
126
128
63
146
173
46
167
4
4
240
63
115
158
177
47
217
120
128
63
129
176
83
172
26
4
240
63
29
56
103
68
105
111
128
63
78
69
42
140
45
4
240
63
157
158
119
99
65
97
128
63
203
131
244
20
57
4
240
63
66
204
37
85
219
77
128
63
226
119
211
45
59
4
240
63
80
170
125
58
30
51
128
63
146
33
199
214
51
4
240
63
117
62
60
75
144
17
128
63
197
140
240
246
32
4
240
63
32
40
183
237
123
212
127
63
146
173
46
167
4
4
240
63
1
109
171
89
103
124
127
63
16
120
96
0
225
3
240
63
168
109
195
40
8
30
127
63
50
114
22
246
180
3
240
63
52
76
109
169
131
188
126
63
28
10
159
173
131
3
240
63
191
42
23
42
255
90
126
63
193
197
138
26
76
3
240
63
103
43
47
249
159
252
125
63
69
19
40
98
17
3
240
63
233
100
169
245
126
163
125
63
154
120
7
120
210
2
240
63
192
4
110
221
205
83
125
63
229
99
119
129
146
2
240
63
76
22
247
31
153
14
125
63
24
91
8
114
80
2
240
63
8
199
44
123
18
216
124
63
76
82
153
98
14
2
240
63
55
0
27
16
33
174
124
63
116
207
186
70
203
1
240
63
25
171
205
255
171
142
124
63
168
198
75
55
137
1
240
63
242
176
80
107
154
119
124
63
231
55
76
52
72
1
240
63
166
239
53
4
199
101
124
63
61
157
43
74
9
1
240
63
118
80
137
235
24
87
124
63
158
124
122
108
203
0
240
63
165
188
86
66
119
73
124
63
33
202
23
180
144
0
240
63
184
6
182
74
176
56
124
63
198
133
3
33
89
0
240
63
174
46
167
4
196
36
124
63
131
53
206
166
35
0
240
63
12
7
66
178
128
9
124
63
239
142
140
213
230
255
239
63
115
132
12
228
217
229
123
63
52
131
248
192
142
255
239
63
227
166
6
154
207
185
123
63
1
48
158
65
67
255
239
63
188
121
170
67
110
134
123
63
64
161
158
62
2
255
239
63
186
19
236
191
206
77
123
63
53
179
150
2
210
254
239
63
156
139
191
237
9
18
123
63
201
113
167
116
176
254
239
63
192
236
158
60
44
212
122
63
20
209
175
173
159
254
239
63
161
100
114
106
103
152
122
63
42
197
142
198
161
254
239
63
65
243
57
119
187
94
122
63
36
66
35
216
184
254
239
63
92
175
233
65
65
41
122
63
25
60
76
251
230
254
239
63
176
175
117
169
17
250
121
63
240
190
42
23
42
255
239
63
250
10
210
140
69
211
121
63
217
178
124
93
134
255
239
63
60
193
254
235
220
180
121
63
97
83
231
81
241
255
239
63
116
210
251
198
215
158
121
63
45
92
86
97
51
0
240
63
134
28
91
207
16
142
121
63
193
2
152
50
112
0
240
63
115
159
28
5
136
130
121
63
61
181
250
234
170
0
240
63
29
57
210
25
24
121
121
63
152
249
14
126
226
0
240
63
133
233
123
13
193
113
121
63
163
231
22
186
18
1
240
63
143
142
171
145
93
105
121
63
60
17
196
121
56
1
240
63
152
51
219
21
250
96
121
63
66
8
200
151
80
1
240
63
38
171
34
220
100
84
121
63
157
216
67
251
88
1
240
63
151
0
252
83
170
68
121
63
55
142
88
139
79
1
240
63
207
17
249
46
165
46
121
63
38
29
229
96
54
1
240
63
45
234
147
220
97
19
121
63
140
243
55
161
16
1
240
63
177
137
204
92
224
242
120
63
141
127
159
113
225
0
240
63
185
251
28
31
45
206
120
63
61
181
250
234
170
0
240
63
70
64
133
35
72
165
120
63
215
246
118
75
114
0
240
63
88
87
5
106
49
120
120
63
102
190
131
159
56
0
240
63
172
87
145
209
1
73
120
63
23
244
222
24
2
0
240
63
132
42
53
123
160
21
120
63
23
12
174
185
163
255
239
63
159
230
228
69
38
224
119
63
183
208
149
8
84
255
239
63
91
151
26
161
159
169
119
63
58
30
51
80
25
255
239
63
250
37
226
173
243
111
119
63
161
244
133
144
243
254
239
63
59
169
47
75
59
53
119
63
167
119
241
126
220
254
239
63
95
10
15
154
93
247
118
63
31
191
183
233
207
254
239
63
197
84
250
9
103
183
118
63
218
226
26
159
201
254
239
63
15
125
119
43
75
116
118
63
150
6
126
84
195
254
239
63
60
131
134
254
9
46
118
63
36
66
35
216
184
254
239
63
143
80
51
164
138
226
117
63
88
173
76
248
165
254
239
63
103
240
247
139
217
146
117
63
3
96
60
131
134
254
239
63
195
98
212
181
246
62
117
63
202
137
118
21
82
254
239
63
230
144
212
66
201
228
116
63
174
42
251
174
8
254
239
63
47
134
114
162
93
133
116
63
198
54
169
104
172
253
239
63
158
66
174
212
179
32
116
63
39
162
95
91
63
253
239
63
79
232
245
39
241
185
115
63
68
49
121
3
204
252
239
63
161
130
195
11
34
82
115
63
98
192
146
171
88
252
239
63
177
51
133
206
107
236
114
63
172
55
106
133
233
251
239
63
60
18
47
79
231
138
114
63
150
91
90
13
137
251
239
63
1
53
181
108
173
47
114
63
77
20
33
117
59
251
239
63
93
167
145
150
202
219
113
63
43
50
58
32
9
251
239
63
110
139
50
27
100
146
113
63
117
145
66
89
248
250
239
63
240
247
139
217
146
85
113
63
88
26
248
81
13
251
239
63
2
15
12
32
124
40
113
63
236
192
57
35
74
251
239
63
229
185
190
15
7
9
113
63
235
168
106
130
168
251
239
63
152
248
163
168
51
247
112
63
229
13
48
243
29
252
239
63
0
169
77
156
220
239
112
63
171
7
204
67
166
252
239
63
190
191
65
123
245
241
112
63
204
209
227
247
54
253
239
63
181
26
18
247
88
250
112
63
237
155
251
171
199
253
239
63
39
163
202
48
238
6
113
63
202
137
118
21
82
254
239
63
87
66
119
73
156
21
113
63
8
203
216
208
205
254
239
63
229
236
157
209
86
37
113
63
98
131
133
147
52
255
239
63
88
117
86
11
236
49
113
63
103
238
33
225
123
255
239
63
173
219
160
246
91
59
113
63
1
24
207
160
161
255
239
63
202
253
14
69
129
62
113
63
92
232
74
4
170
255
239
63
12
231
26
102
104
60
113
63
143
83
116
36
151
255
239
63
21
140
74
234
4
52
113
63
12
30
166
125
115
255
239
63
68
248
23
65
0
0
0
0
0
0
0
0
0
0
0
0
0
0
0
0
0
0
0
0
0
0
0
0
0
0
0
0
0
0
0
0
0
0
0
0
0
0
0
0
0
0
0
0
0
0
0
0
0
0
0
0
0
0
0
0
0
0
0
0
0
0
0
0
0
0
0
0
0
0
0
0
0
0
0
0
0
0
0
0
0
0
0
0
0
0
0
0
0
0
0
0
0
0
0
0
0
0
0
0
0
0
0
0
0
0
0
0
0
0
0
0
0
0
0
0
0
0
0
0
0
0
0
0
0
0
0
0
0
0
0
0
0
0
0
0
0
0
0
0
0
0
0
0
0
0
0
0
0
0
0
0
0
0
0
0
0
0
0
0
0
0
0
0
0
0
0
0
0
0
0
0
0
0
0
0
0
0
0
0
0
0
0
0
0
0
0
0
0
0
0
0
0
0
0
0
0
0
0
0
0
0
0
0
0
0
0
0
0
0
0
0
0
0
0
0
0
0
0
0
0
0
0
0
0
0
0
0
0
0
0
0
0
0
0
0
0
0
0
0
0
0
0
0
0
0
0
0
0
0
0
0
0
0
0
0
0
0
0
0
0
0
0
0
0
0
0
0
0
0
0
0
0
0
0
0
0
0
0
0
0
0
0
0
0
0
0
0
0
0
0
0
0
0
0
0
0
0
0
0
0
0
0
0
0
0
0
0
0
0
0
0
0
0
0
0
0
0
0
0
0
0
0
0
0
0
0
0
0
0
0
0
0
0
0
0
0
0
0
0
0
0
0
0
0
0
0
0
0
0
0
0
0
0
0
0
0
0
0
0
0
0
0
0
0
0
0
0
0
0
0
0
0
0
0
0
0
0
0
0
0
0
0
0
0
0
0
0
0
0
0
0
0
0
0
0
0
0
0
0
0
0
0
0
0
0
0
0
0
0
0
0
0
0
0
0
0
0
0
0
0
0
0
0
0
0
0
0
0
0
0
0
0
0
0
0
0
0
0
0
0
0
0
0
0
0
0
0
0
0
0
0
0
0
0
0
0
0
0
0
0
0
0
0
0
0
0
0
0
0
0
0
0
0
0
0
0
0
0
0
0
0
0
0
0
0
0
0
0
0
0
0
0
0
0
0
0
0
0
0
0
0
0
0
0
0
0
0
0
0
0
0
0
0
0
0
0
0
0
0
0
0
0
0
0
0
0
0
0
0
0
0
0
0
0
0
0
0
0
0
0
0
0
0
0
0
0
0
0
0
0
0
0
0
0
0
0
0
0
0
0
0
0
0
0
0
0
0
0
0
0
0
0
0
0
0
0
0
0
0
0
0
0
0
0
0
0
0
0
0
0
0
0
0
0
0
0
0
0
0
0
0
0
0
0
0
0
0
0
0
0
0
0
0
0
0
0
0
0
0
0
0
0
0
0
0
0
0
0
0
0
0
0
0
0
0
0
0
0
0
0
0
0
0
0
0
0
0
0
0
0
0
0
0
0
0
0
0
0
0
0
0
0
0
0
0
0
0
0
0
0
0
0
0
0
0
0
0
0
0
0
0
0
0
0
0
0
0
0
0
0
0
0
0
0
0
0
0
0
0
0
0
0
0
0
0
0
0
0
0
0
0
0
0
0
0
0
0
0
0
0
0
0
0
0
0
0
0
0
0
0
0
0
0
0
0
0
0
0
0
0
0
0
0
0
0
0
0
0
0
0
0
0
0
0
0
0
0
0
0
0
0
0
0
0
0
0
0
0
0
0
0
0
0
0
0
0
0
0
0
0
0
0
0
0
0
0
0
0
0
0
0
0
0
0
0
0
0
0
0
0
0
0
0
0
0
0
0
0
0
0
0
0
0
0
0
0
0
0
0
0
0
0
0
0
0
0
0
0
0
0
0
0
0
0
0
0
0
0
0
0
0
0
0
0
0
0
0
0
0
0
0
0
0
0
0
0
0
0
0
0
0
0
0
0
0
0
0
0
0
0
0
0
0
0
0
0
0
0
0
0
0
0
0
0
0
0
0
0
0
0
0
0
0
0
0
0
0
0
0
0
0
0
0
0
0
0
0
0
0
0
0
0
0
0
0
0
0
0
0
0
0
0
0
0
0
0
0
0
0
0
0
0
0
0
0
0
0
0
0
0
0
0
0
0
0
0
0
0
0
0
0
0
0
0
0
0
0
0
0
0
0
0
0
0
0
0
0
0
0
0
0
0
0
0
0
0
0
0
0
0
0
0
0
0
0
0
0
0
0
0
0
0
0
0
0
0
0
0
0
0
0
0
0
0
0
0
0
0
0
0
0
0
0
0
0
0
0
0
0
0
0
0
0
0
0
0
0
0
0
0
0
0
0
0
0
0
0
0
0
0
0
0
0
0
0
0
0
0
0
0
0
0
0
0
0
0
0
0
0
0
0
0
0
0
0
0
0
0
0
0
0
0
0
0
0
0
0
0
0
0
0
0
0
0
0
0
0
0
0
0
0
0
0
0
0
0
0
0
0
0
0
0
0
0
0
0
0
0
0
0
0
0
0
0
0
0
0
0
0
0
0
0
0
0
0
0
0
0
0
0
0
0
0
0
0
0
0
0
0
0
0
0
0
0
0
0
0
0
0
0
0
0
0
0
0
0
0
0
0
0
0
0
0
0
0
0
0
0
0
0
0
0
0
0
0
0
0
0
0
0
0
0
0
0
0
0
0
0
0
0
0
0
0
0
0
0
0
0
0
0
0
0
0
0
0
0
0
0
0
0
0
0
0
0
0
0
0
0
0
0
0
0
0
0
0
0