58
70
65
67
84
58
67
68
65
84
49
56
58
68
65
84
65
32
35
57
48
48
48
48
48
54
57
51
54
99
38
113
63
1
48
158
65
67
255
239
63
58
32
9
251
118
18
113
63
155
113
26
162
10
255
239
63
86
15
152
135
76
249
112
63
31
191
183
233
207
254
239
63
246
208
62
86
240
219
112
63
185
0
52
74
151
254
239
63
93
78
9
136
73
184
112
63
196
6
11
39
105
254
239
63
234
146
113
140
100
143
112
63
134
173
217
202
75
254
239
63
252
169
241
210
77
98
112
63
253
244
159
53
63
254
239
63
51
136
15
236
248
47
112
63
66
209
60
128
69
254
239
63
33
91
150
175
203
240
111
63
14
102
19
96
88
254
239
63
162
97
49
234
90
123
111
63
99
179
35
213
119
254
239
63
234
35
240
135
159
255
110
63
253
220
208
148
157
254
239
63
59
139
222
169
128
123
110
63
173
250
92
109
197
254
239
63
17
197
228
13
48
243
109
63
93
24
233
69
237
254
239
63
41
232
246
146
198
104
109
63
224
77
183
236
16
255
239
63
8
199
44
123
18
216
108
63
30
167
232
72
46
255
239
63
232
165
98
99
94
71
108
63
212
71
224
15
63
255
239
63
9
110
164
108
145
180
107
63
235
59
191
40
65
255
239
63
42
54
230
117
196
33
107
63
98
131
133
147
52
255
239
63
76
254
39
127
247
142
106
63
127
250
207
154
31
255
239
63
233
243
81
70
92
0
106
63
64
161
158
62
2
255
239
63
67
0
112
236
217
115
105
63
190
107
208
151
222
254
239
63
215
80
106
47
162
237
104
63
59
54
2
241
186
254
239
63
97
252
52
238
205
111
104
63
207
244
18
99
153
254
239
63
226
2
208
40
93
250
103
63
145
155
225
6
124
254
239
63
24
123
47
190
104
143
103
63
174
18
44
14
103
254
239
63
2
101
83
174
240
46
103
63
83
66
176
170
94
254
239
63
94
215
47
216
13
219
102
63
151
30
77
245
100
254
239
63
168
255
172
249
241
151
102
63
99
179
35
213
119
254
239
63
100
176
226
84
107
97
102
63
207
244
18
99
153
254
239
63
212
210
220
10
97
53
102
63
196
238
59
134
199
254
239
63
192
34
191
126
136
13
102
63
19
185
224
12
254
254
239
63
172
114
161
242
175
229
101
63
189
83
1
247
60
255
239
63
152
194
131
102
215
189
101
63
172
202
190
43
130
255
239
63
207
160
161
127
130
139
101
63
177
53
91
121
201
255
239
63
82
13
251
61
177
78
101
63
102
74
235
111
9
0
240
63
231
195
179
4
25
1
101
63
0
116
152
47
47
0
240
63
20
151
227
21
136
158
100
63
130
169
102
214
82
0
240
63
25
112
150
146
229
36
100
63
249
100
197
112
117
0
240
63
59
56
216
155
24
146
99
63
79
178
213
229
148
0
240
63
54
6
157
16
58
232
98
63
141
11
7
66
178
0
240
63
1
53
181
108
173
47
98
63
147
2
11
96
202
0
240
63
23
242
8
110
164
108
97
63
107
17
81
76
222
0
240
63
178
129
116
177
105
165
96
63
10
190
105
250
236
0
240
63
154
34
192
233
93
188
95
63
89
20
118
81
244
0
240
63
57
37
32
38
225
66
94
63
112
8
85
106
246
0
240
63
65
11
9
24
93
222
92
63
44
44
184
31
240
0
240
63
160
138
27
183
152
159
91
63
141
127
159
113
225
0
240
63
76
254
39
127
247
142
90
63
158
124
122
108
203
0
240
63
60
193
254
235
220
180
89
63
84
169
217
3
173
0
240
63
111
211
159
253
72
17
89
63
221
237
122
105
138
0
240
63
117
172
82
122
166
151
88
63
56
74
94
157
99
0
240
63
219
195
94
40
96
59
88
63
147
166
65
209
60
0
240
63
37
236
219
73
68
248
87
63
239
2
37
5
22
0
240
63
92
202
249
98
239
197
87
63
216
154
173
188
228
255
239
63
147
168
23
124
154
147
87
63
46
0
141
210
165
255
239
63
203
134
53
149
69
97
87
63
35
18
133
150
117
255
239
63
20
175
178
182
41
30
87
63
206
196
116
33
86
255
239
63
122
198
190
100
227
193
86
63
70
12
59
140
73
255
239
63
251
204
89
159
114
76
86
63
160
220
182
239
81
255
239
63
38
58
203
44
66
177
85
63
109
113
141
207
100
255
239
63
108
150
203
70
231
252
84
63
103
238
33
225
123
255
239
63
83
180
114
47
48
43
84
63
120
95
149
11
149
255
239
63
85
193
168
164
78
64
83
63
69
244
107
235
167
255
239
63
115
189
109
166
66
60
82
63
114
220
41
29
172
255
239
63
163
3
146
176
111
39
81
63
234
35
240
135
159
255
239
63
230
147
21
195
213
1
80
63
103
238
33
225
123
255
239
63
109
55
193
55
77
159
77
63
144
107
67
197
56
255
239
63
52
219
21
250
96
25
75
63
53
179
150
2
210
254
239
63
3
36
154
64
17
139
72
63
134
173
217
202
75
254
239
63
229
182
125
143
250
235
69
63
55
251
3
229
182
253
239
63
208
238
144
98
128
68
67
63
22
49
236
48
38
253
239
63
178
129
116
177
105
165
64
63
194
251
170
92
168
252
239
63
40
41
176
0
166
12
60
63
7
240
22
72
80
252
239
63
181
112
89
133
205
0
55
63
132
186
72
161
44
252
239
63
10
218
228
240
73
39
50
63
29
228
245
96
82
252
239
63
79
202
164
134
54
0
43
63
114
25
55
53
208
252
239
63
210
251
198
215
158
89
34
63
169
191
94
97
193
253
239
63
58
145
96
170
153
181
20
63
155
113
26
162
10
255
239
63
222
0
51
223
193
79
252
62
51
107
41
32
237
255
239
63
0
0
0
0
0
0
0
0
125
62
202
136
11
0
240
63
84
228
16
113
115
42
201
190
34
110
78
37
3
0
240
63
141
237
181
160
247
198
176
190
233
11
33
231
253
255
239
63
0
0
0
0
0
0
0
0
0
0
0
0
0
0
240
63
0
0
0
0
0
0
0
0
0
0
0
0
0
0
240
63
0
0
0
0
0
0
0
128
0
0
0
0
0
0
240
63
0
0
0
0
0
0
0
128
0
0
0
0
0
0
240
63
0
0
0
0
0
0
0
128
0
0
0
0
0
0
240
63
0
0
0
0
0
0
0
0
0
0
0
0
0
0
240
63
0
0
0
0
0
0
0
128
142
59
165
131
245
255
239
63
93
137
64
245
15
34
105
63
80
226
115
39
216
255
239
63
93
137
64
245
15
34
121
63
69
244
107
235
167
255
239
63
6
103
240
247
139
217
130
63
86
125
174
182
98
255
239
63
93
137
64
245
15
34
137
63
155
113
26
162
10
255
239
63
5
166
211
186
13
106
143
63
253
220
208
148
157
254
239
63
46
228
17
220
72
217
146
63
55
227
52
68
21
254
239
63
130
114
219
190
71
253
149
63
27
156
136
126
109
253
239
63
254
125
198
133
3
33
153
63
11
67
228
244
245
252
239
63
82
12
144
104
2
69
156
63
16
174
128
66
61
253
239
63
195
188
199
153
38
108
159
63
44
245
44
8
229
253
239
63
114
20
32
10
102
76
161
63
168
167
143
192
31
254
239
63
173
162
63
52
243
228
162
63
237
155
251
171
199
253
239
63
206
196
116
33
86
127
164
63
34
55
195
13
248
252
239
63
145
182
241
39
42
27
166
63
64
246
122
247
199
251
239
63
179
179
232
157
10
184
167
63
22
110
249
72
74
250
239
63
200
122
106
245
213
85
169
63
64
75
87
176
141
248
239
63
141
71
169
132
39
244
170
63
165
22
74
38
167
246
239
63
189
85
215
161
154
146
172
63
248
112
201
113
167
244
239
63
237
99
5
191
13
49
174
63
29
227
138
139
163
242
239
63
70
239
84
192
61
207
175
63
204
13
134
58
172
240
239
63
193
25
252
253
98
182
176
63
48
217
120
176
197
238
239
63
82
152
247
56
211
132
177
63
51
81
132
212
237
236
239
63
160
82
37
202
222
82
178
63
100
177
77
42
26
235
239
63
170
72
133
177
133
32
179
63
126
29
56
103
68
233
239
63
38
27
15
182
216
237
179
63
61
185
166
64
102
231
239
63
169
136
211
73
182
186
180
63
93
168
252
107
121
229
239
63
50
145
210
108
30
135
181
63
176
2
124
183
121
227
239
63
12
148
20
88
0
83
182
63
174
15
235
141
90
225
239
63
162
210
136
153
125
30
183
63
64
219
106
214
25
223
239
63
211
106
72
220
99
233
183
63
12
149
127
45
175
220
239
63
158
92
83
32
179
179
184
63
16
61
41
147
26
218
239
63
187
72
161
44
124
125
185
63
78
211
103
7
92
215
239
63
147
112
33
143
224
70
186
63
32
40
183
237
123
212
239
63
222
116
203
14
241
15
187
63
157
47
246
94
124
209
239
63
189
55
134
0
224
216
187
63
9
198
193
165
99
206
239
63
82
155
56
185
223
161
188
63
122
223
248
218
51
203
239
63
83
64
218
255
0
107
189
63
77
76
23
98
245
199
239
63
225
8
82
41
118
52
190
63
151
0
252
83
170
196
239
63
179
149
151
252
79
254
190
63
157
216
67
251
88
193
239
63
87
10
129
92
226
200
191
63
117
200
205
112
3
190
239
63
102
51
135
164
22
74
192
63
78
184
87
230
173
186
239
63
227
165
155
196
32
176
192
63
15
180
2
67
86
183
239
63
165
220
125
142
143
22
193
63
186
187
206
134
252
179
239
63
153
102
186
215
73
125
193
63
33
231
253
127
156
176
239
63
249
49
230
174
37
228
193
63
68
54
144
46
54
173
239
63
14
158
9
77
18
75
194
63
11
181
166
121
199
169
239
63
36
10
45
235
254
177
194
63
97
111
98
72
78
166
239
63
41
5
221
94
210
24
195
63
24
125
5
105
198
162
239
63
86
125
174
182
98
127
195
63
92
198
77
13
52
159
239
63
81
162
37
143
167
229
195
63
235
110
158
234
144
155
239
63
8
3
207
189
135
75
196
63
197
118
247
0
221
151
239
63
106
46
55
24
234
176
196
63
209
233
121
55
22
148
239
63
121
36
94
158
206
21
197
63
250
211
70
117
58
144
239
63
67
86
183
122
78
122
197
63
63
53
94
186
73
140
239
63
219
52
182
215
130
222
197
63
139
25
225
237
65
136
239
63
155
144
214
24
116
66
198
63
152
164
50
197
28
132
239
63
57
10
16
5
51
166
198
63
148
190
16
114
222
127
239
63
34
227
81
42
225
9
199
63
59
139
222
169
128
123
239
63
84
27
156
136
126
109
199
63
118
22
189
83
1
119
239
63
226
35
98
74
36
209
199
63
70
96
172
111
96
114
239
63
219
109
23
154
235
52
200
63
124
128
238
203
153
109
239
63
155
201
55
219
220
152
200
63
47
107
98
129
175
104
239
63
125
7
63
113
0
253
200
63
141
8
198
193
165
99
239
63
203
134
53
149
69
97
201
63
151
88
25
141
124
94
239
63
223
23
151
170
180
197
201
63
143
55
249
45
58
89
239
63
96
234
231
77
69
42
202
63
141
153
68
189
224
83
239
63
59
141
180
84
222
142
202
63
190
102
185
108
116
78
239
63
39
161
244
133
144
243
202
63
81
135
21
110
249
72
239
63
19
181
52
183
66
88
203
63
91
239
55
218
113
67
239
63
91
153
240
75
253
188
203
63
9
135
222
226
225
61
239
63
71
173
48
125
175
33
204
63
139
54
199
185
77
56
239
63
216
240
244
74
89
134
204
63
200
9
19
70
179
50
239
63
180
147
193
81
242
234
204
63
193
0
194
135
18
45
239
63
217
149
150
145
122
79
205
63
72
51
22
77
103
39
239
63
147
86
124
67
225
179
205
63
25
197
114
75
171
33
239
63
59
166
238
202
46
24
206
63
30
194
248
105
220
27
239
63
120
180
113
196
90
124
206
63
41
66
234
118
246
21
239
63
238
176
137
204
92
224
206
63
245
104
170
39
243
15
239
63
67
203
186
127
44
68
207
63
130
54
57
124
210
9
239
63
26
51
137
122
193
167
207
63
164
194
216
66
144
3
239
63
104
92
56
16
146
5
208
63
22
49
236
48
38
253
238
63
215
221
60
213
33
55
208
63
216
129
115
70
148
246
238
63
173
53
148
218
139
104
208
63
23
157
44
181
222
239
238
63
22
76
252
81
212
153
208
63
24
95
180
199
11
233
238
63
20
33
117
59
251
202
208
63
53
152
134
225
35
226
238
63
121
204
64
101
252
251
208
63
156
48
97
52
43
219
238
63
114
54
29
1
220
44
209
63
146
4
225
10
40
212
238
63
255
94
10
15
154
93
209
63
90
240
162
175
32
205
238
63
32
70
8
143
54
142
209
63
80
196
34
134
29
198
238
63
2
212
212
178
181
190
209
63
184
92
253
216
36
191
238
63
121
32
178
72
19
239
209
63
190
161
240
217
58
184
238
63
178
19
94
130
83
31
210
63
145
123
186
186
99
177
238
63
172
173
216
95
118
79
210
63
27
246
123
98
157
170
238
63
240
166
91
118
136
127
210
63
232
76
218
84
221
163
238
63
171
231
164
247
141
175
210
63
136
187
122
21
25
157
238
63
12
88
114
21
139
223
210
63
182
101
192
89
74
150
238
63
154
176
253
100
140
15
211
63
1
135
80
165
102
143
238
63
132
217
4
24
150
63
211
63
247
90
208
123
99
136
238
63
35
163
3
146
176
111
211
63
38
29
229
96
54
129
238
63
211
221
117
54
228
159
211
63
96
229
208
34
219
121
238
63
148
137
91
5
49
208
211
63
7
7
123
19
67
114
238
63
27
71
172
197
167
0
212
63
215
165
70
232
103
106
238
63
106
22
104
119
72
49
212
63
229
181
18
186
75
98
238
63
82
15
209
232
14
98
212
63
96
31
157
186
242
89
238
63
165
73
41
232
246
146
212
63
185
166
64
102
103
81
238
63
221
12
55
224
243
195
212
63
76
28
121
32
178
72
238
63
247
88
250
208
5
245
212
63
69
104
4
27
215
63
238
63
63
141
123
243
27
38
213
63
45
67
28
235
226
54
238
63
135
193
252
21
50
87
213
63
72
137
93
219
219
45
238
63
162
13
192
6
68
136
213
63
242
10
68
79
202
36
238
63
6
185
139
48
69
185
213
63
110
164
108
145
180
27
238
63
135
219
161
97
49
234
213
63
69
14
17
55
167
18
238
63
248
140
68
104
4
27
214
63
97
84
82
39
160
9
238
63
252
252
247
224
181
75
214
63
170
130
81
73
157
0
238
63
149
43
188
203
69
124
214
63
220
188
113
82
152
247
237
63
194
24
145
40
180
172
214
63
202
26
245
16
141
238
237
63
176
172
52
41
5
221
214
63
47
192
62
58
117
229
237
63
96
231
166
205
56
13
215
63
200
208
177
131
74
220
237
63
164
224
41
228
74
61
215
63
80
112
177
162
6
211
237
63
124
152
189
108
59
109
215
63
176
170
94
126
167
201
237
63
68
223
221
202
18
157
215
63
142
175
61
179
36
192
237
63
114
252
80
105
196
204
215
63
188
150
144
15
122
182
237
63
98
192
146
171
88
252
215
63
12
120
153
97
163
172
237
63
229
66
229
95
203
43
216
63
217
35
212
12
169
162
237
63
253
131
72
134
28
91
216
63
81
130
254
66
143
152
237
63
169
131
188
30
76
138
216
63
208
99
148
103
94
142
237
63
23
42
255
90
94
185
216
63
152
164
50
197
28
132
237
63
25
143
82
9
79
232
216
63
5
21
85
191
210
121
237
63
175
178
182
41
30
23
217
63
69
157
185
135
132
111
237
63
52
101
167
31
212
69
217
63
201
1
187
154
60
101
237
63
77
214
168
135
104
116
217
63
191
42
23
42
255
90
237
63
86
214
54
197
227
162
217
63
129
232
73
153
212
80
237
63
32
125
147
166
65
209
217
63
62
35
17
26
193
70
237
63
217
178
124
93
134
255
217
63
222
230
141
147
194
60
237
63
175
95
176
27
182
45
218
63
6
99
68
162
208
50
237
63
161
131
46
225
208
91
218
63
92
199
184
226
226
40
237
63
56
215
48
67
227
137
218
63
133
67
111
241
240
30
237
63
26
138
59
222
228
183
218
63
82
239
169
156
246
20
237
63
206
84
136
71
226
229
218
63
106
250
236
128
235
10
237
63
130
31
213
176
223
19
219
63
112
148
188
58
199
0
237
63
8
2
100
232
216
65
219
63
11
237
156
102
129
246
236
63
188
204
176
81
214
111
219
63
13
28
208
210
21
236
236
63
157
127
187
236
215
157
219
63
3
93
251
2
122
225
236
63
218
2
66
235
225
203
219
63
238
175
30
247
173
214
236
63
113
86
68
77
244
249
219
63
252
252
247
224
181
203
236
63
174
217
202
75
254
39
220
63
44
68
135
192
145
192
236
63
143
140
213
230
255
85
220
63
150
121
171
174
67
181
236
63
186
158
232
186
240
131
220
63
125
121
1
246
209
169
236
63
168
87
202
50
196
177
220
63
225
67
137
150
60
158
236
63
86
183
122
78
122
223
220
63
240
192
0
194
135
146
236
63
17
29
2
71
2
13
221
63
193
228
70
145
181
134
236
63
4
113
30
78
96
58
221
63
106
163
58
29
200
122
236
63
123
18
216
156
131
103
221
63
25
229
153
151
195
110
236
63
117
1
47
51
108
148
221
63
229
157
67
25
170
98
236
63
152
109
167
173
17
193
221
63
182
217
88
137
121
86
236
63
198
223
246
4
137
237
221
63
164
140
184
0
52
74
236
63
45
64
219
106
214
25
222
63
152
194
131
102
215
61
236
63
41
95
208
66
2
70
222
63
168
111
153
211
101
49
236
63
110
221
205
83
29
114
222
63
190
159
26
47
221
36
236
63
43
163
145
207
43
158
222
63
241
70
230
145
63
24
236
63
232
104
85
75
58
202
222
63
42
113
29
227
138
11
236
63
46
231
82
92
85
246
222
63
82
42
225
9
189
254
235
63
87
238
5
102
133
34
223
63
128
102
16
31
216
241
235
63
190
78
234
203
210
78
223
63
202
25
138
59
222
228
235
63
190
216
123
241
69
123
223
63
49
68
78
95
207
215
235
63
208
211
128
65
210
167
223
63
203
217
59
163
173
202
235
63
197
87
59
138
115
212
223
63
243
170
206
106
129
189
235
63
221
237
122
105
138
0
224
63
170
183
6
182
74
176
235
63
193
59
249
244
216
22
224
63
29
232
161
182
13
163
235
63
96
173
218
53
33
45
224
63
121
36
94
158
206
149
235
63
96
114
163
200
90
67
224
63
235
84
249
158
145
136
235
63
171
150
116
148
131
89
224
63
162
97
49
234
90
123
235
63
251
61
177
78
149
111
224
63
180
62
229
152
44
110
235
63
13
140
188
172
137
133
224
63
55
224
243
195
8
97
235
63
202
140
183
149
94
155
224
63
21
82
126
82
237
83
235
63
49
64
162
9
20
177
224
63
11
184
231
249
211
70
235
63
113
142
58
58
174
198
224
63
210
53
147
111
182
57
235
63
160
107
95
64
47
220
224
63
18
251
4
80
140
44
235
63
213
203
239
52
153
241
224
63
178
19
94
130
83
31
235
63
39
163
202
48
238
6
225
63
65
187
67
138
1
18
235
63
194
217
173
101
50
28
225
63
145
9
248
53
146
4
235
63
168
111
153
211
101
49
225
63
73
46
255
33
253
246
234
63
5
77
75
172
140
70
225
63
80
53
122
53
64
233
234
63
241
101
162
8
169
91
225
63
54
90
14
244
80
219
234
63
107
186
158
232
186
112
225
63
39
133
121
143
51
205
234
63
183
38
221
150
200
133
225
63
59
170
154
32
234
190
234
63
191
182
126
250
207
154
225
63
136
189
80
192
118
176
234
63
177
82
65
69
213
175
225
63
82
155
56
185
223
161
234
63
185
226
226
168
220
196
225
63
199
43
16
61
41
147
234
63
238
90
66
62
232
217
225
63
254
98
182
100
85
132
234
63
104
175
62
30
250
238
225
63
36
41
233
97
104
117
234
63
84
200
149
122
22
4
226
63
102
102
102
102
102
102
234
63
200
153
38
108
63
25
226
63
220
14
13
139
81
87
234
63
219
23
208
11
119
46
226
63
202
254
121
26
48
72
234
63
187
42
80
139
193
67
226
63
24
66
206
251
255
56
234
63
58
234
232
184
26
89
226
63
11
181
166
121
199
41
234
63
20
122
253
73
124
110
226
63
163
87
3
148
134
26
234
63
238
9
18
219
221
131
226
63
247
29
195
99
63
11
234
63
86
213
203
239
52
153
226
63
7
8
230
232
241
251
233
63
242
11
175
36
121
174
226
63
23
242
8
110
164
236
233
63
124
209
30
47
164
195
226
63
249
243
109
193
82
221
233
63
132
97
192
146
171
216
226
63
9
222
144
70
5
206
233
63
175
235
23
236
134
237
226
63
71
176
113
253
187
190
233
63
161
159
169
215
45
2
227
63
200
94
239
254
120
175
233
63
22
161
216
10
154
22
227
63
142
233
9
75
60
160
233
63
203
19
8
59
197
42
227
63
129
92
226
200
3
145
233
63
48
188
146
228
185
62
227
63
71
231
252
20
199
129
233
63
138
118
21
82
126
82
227
63
200
149
122
22
132
114
233
63
97
251
201
24
31
102
227
63
193
139
190
130
52
99
233
63
250
38
77
131
162
121
227
63
238
236
43
15
210
83
233
63
199
189
249
13
19
141
227
63
32
209
4
138
88
68
233
63
11
156
108
3
119
160
227
63
253
103
205
143
191
52
233
63
56
134
0
224
216
179
227
63
88
201
199
238
2
37
233
63
192
64
16
32
67
199
227
63
236
24
87
92
28
21
233
63
208
179
89
245
185
218
227
63
139
110
189
166
7
5
233
63
219
163
55
220
71
238
227
63
77
190
217
230
198
244
232
63
201
28
203
187
234
1
228
63
72
252
138
53
92
228
232
63
109
54
86
98
158
21
228
63
215
248
76
246
207
211
232
63
177
252
249
182
96
41
228
63
228
191
64
16
32
195
232
63
124
123
215
160
47
61
228
63
201
33
226
230
84
178
232
63
163
202
48
238
6
81
228
63
179
6
239
171
114
161
232
63
247
1
72
109
226
100
228
63
187
98
70
120
123
144
232
63
121
33
29
30
194
120
228
63
35
18
133
150
117
127
232
63
251
64
242
206
161
140
228
63
3
9
138
31
99
110
232
63
102
108
232
102
127
160
228
63
136
47
19
69
72
93
232
63
163
175
32
205
88
180
228
63
200
121
255
31
39
76
232
63
111
46
254
182
39
200
228
63
151
255
144
126
251
58
232
63
223
220
95
61
238
219
228
63
11
181
166
121
199
41
232
63
154
234
201
252
163
239
228
63
247
177
130
223
134
24
232
63
159
87
60
245
72
3
229
63
90
246
36
176
57
7
232
63
193
59
249
244
216
22
229
63
29
142
174
210
221
245
231
63
209
174
66
202
79
42
229
63
66
121
31
71
115
228
231
63
186
188
57
92
171
61
229
63
154
207
185
219
245
210
231
63
78
125
32
121
231
80
229
63
37
145
125
144
101
193
231
63
118
252
23
8
2
100
229
63
228
189
106
101
194
175
231
63
27
70
65
240
248
118
229
63
237
73
96
115
14
158
231
63
39
102
189
24
202
137
229
63
41
65
127
161
71
140
231
63
12
33
231
253
127
156
229
63
243
115
67
83
118
122
231
63
246
94
124
209
30
175
229
63
30
250
238
86
150
104
231
63
88
228
215
15
177
193
229
63
5
164
253
15
176
86
231
63
118
141
150
3
61
212
229
63
145
125
144
101
193
68
231
63
147
54
85
247
200
230
229
63
6
99
68
162
208
50
231
63
12
176
143
78
93
249
229
63
78
96
58
173
219
32
231
63
36
214
226
83
0
12
230
63
127
105
81
159
228
14
231
63
76
109
169
131
188
30
230
63
222
90
38
195
241
252
230
63
179
93
161
15
150
49
230
63
60
76
251
230
254
234
230
63
111
155
169
16
143
68
230
63
200
37
142
60
16
217
230
63
248
109
136
241
154
87
230
63
107
243
255
170
35
199
230
63
174
40
37
4
171
106
230
63
36
181
80
50
57
181
230
63
220
42
136
129
174
125
230
63
11
95
95
235
82
163
230
63
16
176
86
237
154
144
230
63
9
253
76
189
110
145
230
63
148
23
153
128
95
163
230
63
75
119
215
217
144
127
230
63
223
168
21
166
239
181
230
63
209
205
254
64
185
109
230
63
37
207
245
125
56
200
230
63
132
12
228
217
229
91
230
63
33
174
156
189
51
218
230
63
79
63
168
139
20
74
230
63
2
46
200
150
229
235
230
63
48
102
75
86
69
56
230
63
79
7
178
158
90
253
230
63
250
152
15
8
116
38
230
63
99
10
214
56
155
14
231
63
128
239
54
111
156
20
230
63
154
7
176
200
175
31
231
63
126
141
36
65
184
2
230
63
101
195
154
202
162
48
231
63
243
114
216
125
199
240
229
63
77
246
207
211
128
65
231
63
179
183
148
243
197
222
229
63
149
124
236
46
80
82
231
63
97
139
221
62
171
204
229
63
199
14
42
113
29
99
231
63
254
237
178
95
119
186
229
63
39
137
37
229
238
115
231
63
48
15
153
242
33
168
229
63
82
152
247
56
211
132
231
63
246
238
143
247
170
149
229
63
166
12
28
208
210
149
231
63
245
188
27
11
10
131
229
63
79
206
80
220
241
166
231
63
68
109
27
70
65
112
229
63
99
209
116
118
50
184
231
63
39
220
43
243
86
93
229
63
137
69
12
59
140
201
231
63
158
9
77
18
75
74
229
63
77
102
188
173
244
218
231
63
215
221
60
213
33
55
229
63
109
87
232
131
101
236
231
63
22
53
152
134
225
35
229
63
140
72
20
90
214
253
231
63
90
15
95
38
138
16
229
63
104
93
163
229
64
15
232
63
255
60
13
24
36
253
228
63
141
209
58
170
154
32
232
63
28
178
129
116
177
233
228
63
184
200
61
93
221
49
232
63
222
86
122
109
54
214
228
63
165
102
15
180
2
67
232
63
92
31
214
27
181
194
228
63
226
230
84
50
0
84
232
63
218
231
49
202
51
175
228
63
111
73
14
216
213
100
232
63
65
188
174
95
176
155
228
63
98
130
26
190
133
117
232
63
145
156
76
220
42
136
228
63
234
121
55
22
20
134
232
63
180
148
44
39
161
116
228
63
6
48
101
224
128
150
232
63
191
152
45
89
21
97
228
63
227
140
97
78
208
166
232
63
158
180
112
89
133
77
228
63
153
132
11
121
4
183
232
63
79
232
245
39
241
57
228
63
84
255
32
146
33
199
232
63
211
51
189
196
88
38
228
63
44
241
128
178
41
215
232
63
18
163
231
22
186
18
228
63
56
78
10
243
30
231
232
63
36
42
84
55
23
255
227
63
164
254
122
133
5
247
232
63
219
224
68
244
107
235
227
63
113
2
211
105
221
6
233
63
220
246
61
234
175
215
227
63
204
65
208
209
170
22
233
63
249
131
129
231
222
195
227
63
182
188
114
189
109
38
233
63
194
195
180
111
238
175
227
63
69
103
153
69
40
54
233
63
241
217
58
56
216
155
227
63
98
77
101
81
216
69
233
63
43
246
151
221
147
135
227
63
58
87
148
18
130
85
233
63
23
72
80
252
24
115
227
63
207
132
38
137
37
101
233
63
134
231
165
98
99
94
227
63
31
214
27
181
194
116
233
63
6
16
62
148
104
73
227
63
43
75
116
150
89
132
233
63
84
229
123
70
34
52
227
63
10
216
14
70
236
147
233
63
88
115
128
96
142
30
227
63
164
136
12
171
120
163
233
63
201
90
67
169
189
8
227
63
228
104
142
172
252
178
233
63
92
60
188
231
192
242
226
63
155
144
214
24
116
194
233
63
34
137
94
70
177
220
226
63
133
35
72
165
216
209
233
63
210
225
33
140
159
198
226
63
117
57
37
32
38
225
233
63
79
207
187
177
160
176
226
63
107
210
109
137
92
240
233
63
146
206
192
200
203
154
226
63
12
30
166
125
115
255
233
63
82
128
40
152
49
133
226
63
88
28
206
252
106
14
234
63
159
85
102
74
235
111
226
63
33
229
39
213
62
29
234
63
71
227
80
191
11
91
226
63
58
144
245
212
234
43
234
63
210
225
33
140
159
70
226
63
163
29
55
252
110
58
234
63
251
116
60
102
160
50
226
63
115
129
203
99
205
72
234
63
178
43
45
35
245
30
226
63
147
199
211
242
3
87
234
63
253
136
95
177
134
11
226
63
48
216
13
219
22
101
234
63
179
39
129
205
57
248
225
63
97
167
88
53
8
115
234
63
8
115
187
151
251
228
225
63
61
41
147
26
218
128
234
63
213
5
188
204
176
209
225
63
173
105
222
113
138
142
234
63
32
99
238
90
66
190
225
63
200
92
25
84
27
156
234
63
237
13
190
48
153
170
225
63
142
2
68
193
140
169
234
63
45
149
183
35
156
150
225
63
22
79
61
210
224
182
234
63
229
123
70
34
52
130
225
63
72
78
38
110
21
196
234
63
44
182
73
69
99
109
225
63
83
232
188
198
46
209
234
63
71
32
94
215
47
88
225
63
100
5
191
13
49
222
234
63
1
79
90
184
172
66
225
63
191
129
201
141
34
235
234
63
227
250
119
125
230
44
225
63
168
57
121
145
9
248
234
63
141
208
207
212
235
22
225
63
77
21
140
74
234
4
235
63
135
136
155
83
201
0
225
63
241
240
158
3
203
17
235
63
135
195
210
192
143
234
224
63
218
168
78
7
178
30
235
63
21
58
175
177
75
212
224
63
76
25
56
160
165
43
235
63
186
164
106
187
9
190
224
63
161
18
215
49
174
56
235
63
20
176
29
140
216
167
224
63
7
125
233
237
207
69
235
63
105
56
101
110
190
145
224
63
148
76
78
237
12
83
235
63
138
85
131
48
183
123
224
63
5
165
104
229
94
96
235
63
75
31
186
160
190
101
224
63
44
158
122
164
193
109
235
63
103
185
108
116
206
79
224
63
196
91
231
223
46
123
235
63
176
59
221
121
226
57
224
63
93
25
84
27
156
136
235
63
16
178
44
152
248
35
224
63
223
226
225
61
7
150
235
63
43
76
223
107
8
14
224
63
216
243
53
203
101
163
235
63
170
67
110
134
27
240
223
63
50
88
113
170
181
176
235
63
237
125
170
10
13
196
223
63
100
87
90
70
234
189
235
63
151
142
57
207
216
151
223
63
111
241
240
158
3
203
235
63
122
141
93
162
122
107
223
63
225
97
218
55
247
215
235
63
195
98
212
181
246
62
223
63
162
180
55
248
194
228
235
63
115
14
158
9
77
18
223
63
180
233
8
224
102
241
235
63
229
96
54
1
134
229
222
63
231
24
144
189
222
253
235
63
24
90
157
156
161
184
222
63
84
54
172
169
44
10
236
63
104
202
78
63
168
139
222
63
182
101
192
89
74
22
236
63
213
177
74
233
153
94
222
63
13
167
204
205
55
34
236
63
140
248
78
204
0
0
0
0
0
0
0
0
0
0
0
0
0
0
0
0
0
0
0
0
0
0
0
0
0
0
0
0
0
0
0
0
0
0
0
0
0
0
0
0
0
0
0
0
0
0
0
0
0
0
0
0
0
0
0
0
0
0
0
0
0
0
0
0
0
0
0
0
0
0
0
0
0
0
0
0
0
0
0
0
0
0
0
0
0
0
0
0
0
0
0
0
0
0
0
0
0
0
0
0
0
0
0
0
0
0
0
0
0
0
0
0
0
0
0
0
0
0
0
0
0
0
0
0
0
0
0
0
0
0
0
0
0
0
0
0
0
0
0
0
0
0
0
0
0
0
0
0
0
0
0
0
0
0
0
0
0
0
0
0
0
0
0
0
0
0
0
0
0
0
0
0
0
0
0
0
0
0
0
0
0
0
0
0
0
0
0
0
0
0
0
0
0
0
0
0
0
0
0
0
0
0
0
0
0
0
0
0
0
0
0
0
0
0
0
0
0
0
0
0
0
0
0
0
0
0
0
0
0
0
0
0
0
0
0
0
0
0
0
0
0
0
0
0
0
0
0
0
0
0
0
0
0
0
0
0
0
0
0
0
0
0
0
0
0
0
0
0
0
0
0
0
0
0
0
0
0
0
0
0
0
0
0
0
0
0
0
0
0
0
0
0
0
0
0
0
0
0
0
0
0
0
0
0
0
0
0
0
0
0
0
0
0
0
0
0
0
0
0
0
0
0
0
0
0
0
0
0
0
0
0
0
0
0
0
0
0
0
0
0
0
0
0
0
0
0
0
0
0
0
0
0
0
0
0
0
0
0
0
0
0
0
0
0
0
0
0
0
0
0
0
0
0
0
0
0
0
0
0
0
0
0
0
0
0
0
0
0
0
0
0
0
0
0
0
0
0
0
0
0
0
0
0
0
0
0
0
0
0
0
0
0
0
0
0
0
0
0
0
0
0
0
0
0
0
0
0
0
0
0
0
0
0
0
0
0
0
0
0
0
0
0
0
0
0
0
0
0
0
0
0
0
0
0
0
0
0
0
0
0
0
0
0
0
0
0
0
0
0
0
0
0
0
0
0
0
0
0
0
0
0
0
0
0
0
0
0
0
0
0
0
0
0
0
0
0
0
0
0
0
0
0
0
0
0
0
0
0
0
0
0
0
0
0
0
0
0
0
0
0
0
0
0
0
0
0
0
0
0
0
0
0
0
0
0
0
0
0
0
0
0
0
0
0
0
0
0
0
0
0
0
0
0
0
0
0
0
0
0
0
0
0
0
0
0
0
0
0
0
0
0
0
0
0
0
0
0
0
0
0
0
0
0
0
0
0
0
0
0
0
0
0
0
0
0
0
0
0
0
0
0
0
0
0
0
0
0
0
0
0
0
0
0
0
0
0
0
0
0
0
0
0
0
0
0
0
0
0
0
0
0
0
0
0
0
0
0
0
0
0
0
0
0
0
0
0
0
0
0
0
0
0
0
0
0
0
0
0
0
0
0
0
0
0
0
0
0
0
0
0
0
0
0
0
0
0
0
0
0
0
0
0
0
0
0
0
0
0
0
0
0
0
0
0
0
0
0
0
0
0
0
0
0
0
0
0
0
0
0
0
0
0
0
0
0
0
0
0
0
0
0
0
0
0
0
0
0
0
0
0
0
0
0
0
0
0
0
0
0
0
0
0
0
0
0
0
0
0
0
0
0
0
0
0
0
0
0
0
0
0
0
0
0
0
0
0
0
0
0
0
0
0
0
0
0
0
0
0
0
0
0
0
0
0
0
0
0
0
0
0
0
0
0
0
0
0
0
0
0
0
0
0
0
0
0
0
0
0
0
0
0
0
0
0
0
0
0
0
0
0
0
0
0
0
0
0
0
0
0
0
0
0
0
0
0
0
0
0
0
0
0
0
0
0
0
0
0
0
0
0
0
0
0
0
0
0
0
0
0
0
0
0
0
0
0
0
0
0
0
0
0
0
0
0
0
0
0
0
0
0
0
0
0
0
0
0
0
0
0
0
0
0
0
0
0
0
0
0
0
0
0
0
0
0
0
0
0
0
0
0
0
0
0
0
0
0
0
0
0
0
0
0
0
0
0
0
0
0
0
0
0
0
0
0
0
0
0
0
0
0
0
0
0
0
0
0
0
0
0
0
0
0
0
0
0
0
0
0
0
0
0
0
0
0
0
0
0
0
0
0
0
0
0
0
0
0
0
0
0
0
0
0
0
0
0
0
0
0
0
0
0
0
0
0
0
0
0
0
0
0
0
0
0
0
0
0
0
0
0
0
0
0
0
0
0
0
0
0
0
0
0
0
0
0
0
0
0
0
0
0
0
0
0
0
0
0
0
0
0
0
0
0
0
0
0
0
0
0
0
0
0
0
0
0
0
0
0
0
0
0
0
0
0
0
0
0
0
0
0
0
0
0
0
0
0
0
0
0
0
0
0
0
0
0
0
0
0
0
0
0
0
0
0
0
0
0
0
0
0
0
0
0
0
0
0
0
0
0
0
0
0
0
0
0
0
0
0
0
0
0
0
0
0
0
0
0
0
0
0
0
0
0
0
0
0
0
0
0
0
0
0
0
0
0
0
0
0
0
0
0
0
0
0
0
0
0
0
0
0
0
0
0
0
0
0
0
0
0
0
0
0
0
0
0
0
0
0
0
0
0
0
0
0
0
0
0
0
0
0
0
0
0
0
0
0
0
0
0
0
0
0
0
0
0
0
0
0
0
0
0
0
0
0
0
0
0
0
0
0
0
0
0
0
0
0
0
0