58
70
65
67
84
58
67
68
65
84
49
56
58
68
65
84
65
32
35
57
48
48
48
48
48
54
57
51
54
56
215
236
191
78
42
26
107
127
103
222
191
154
11
92
30
107
198
236
191
95
208
66
2
70
151
222
191
58
145
96
170
153
181
236
191
84
255
32
146
33
199
222
191
83
94
43
161
187
164
236
191
16
64
106
19
39
247
222
191
135
162
64
159
200
147
236
191
118
27
212
126
107
39
223
191
149
129
3
90
186
130
236
191
105
26
20
205
3
88
223
191
54
31
215
134
138
113
236
191
160
221
33
197
0
137
223
191
39
159
30
219
50
96
236
191
73
77
187
152
102
186
223
191
241
185
19
236
191
78
236
191
7
153
100
228
44
236
223
191
170
99
149
210
51
61
236
191
41
4
114
137
35
15
224
191
218
84
221
35
155
43
236
191
59
253
160
46
82
40
224
191
176
117
169
17
250
25
236
191
117
91
34
23
156
65
224
191
133
150
117
255
88
8
236
191
191
42
23
42
255
90
224
191
204
123
156
105
194
246
235
191
191
154
3
4
115
116
224
191
178
13
220
129
58
229
235
191
49
207
74
90
241
141
224
191
192
4
110
221
205
211
235
191
209
235
79
226
115
167
224
191
35
73
16
174
128
194
235
191
135
252
51
131
248
192
224
191
32
183
95
62
89
177
235
191
249
48
123
217
118
218
224
191
159
90
125
117
85
160
235
191
39
137
37
229
238
243
224
191
115
75
171
33
113
143
235
191
181
52
183
66
88
13
225
191
133
149
10
42
170
126
235
191
142
63
81
217
176
38
225
191
169
80
221
92
252
109
235
191
131
193
53
119
244
63
225
191
198
136
68
161
101
93
235
191
126
198
133
3
33
89
225
191
153
97
163
172
223
76
235
191
36
126
197
26
46
114
225
191
12
231
26
102
104
60
235
191
140
220
211
213
29
139
225
191
7
37
204
180
253
43
235
191
67
29
86
184
229
163
225
191
93
51
249
102
155
27
235
191
52
76
109
169
131
188
225
191
247
29
195
99
63
11
235
191
94
105
25
169
247
212
225
191
168
252
107
121
229
250
234
191
5
81
247
1
72
237
225
191
89
219
20
143
139
234
234
191
87
235
196
229
120
5
226
191
221
209
255
114
45
218
234
191
220
240
187
233
150
29
226
191
51
224
44
37
203
201
234
191
240
49
88
113
170
53
226
191
23
42
255
90
94
185
234
191
237
126
21
224
187
77
226
191
115
187
151
251
228
168
234
191
47
168
111
153
211
101
226
191
70
148
246
6
95
152
234
191
15
126
226
0
250
125
226
191
54
228
159
25
196
135
234
191
0
197
200
146
57
150
226
191
44
183
180
26
18
119
234
191
94
77
158
178
154
174
226
191
40
13
53
10
73
102
234
191
84
255
32
146
33
199
226
191
42
230
32
232
104
85
234
191
182
242
146
255
201
223
226
191
94
42
54
230
117
68
234
191
42
87
120
151
139
248
226
191
34
170
240
103
120
51
234
191
37
116
151
196
89
17
227
191
161
77
14
159
116
34
234
191
10
157
215
216
37
42
227
191
32
241
43
214
112
17
234
191
103
13
222
87
229
66
227
191
227
112
230
87
115
0
234
191
224
244
46
222
143
91
227
191
69
157
185
135
132
239
233
191
215
166
177
189
22
116
227
191
93
106
132
126
166
222
233
191
194
106
44
97
109
140
227
191
157
156
161
184
227
205
233
191
94
100
2
126
141
164
227
191
73
16
174
128
66
189
233
191
12
231
26
102
104
188
227
191
97
197
169
214
194
172
233
191
203
242
117
25
254
211
227
191
18
164
82
236
104
156
233
191
202
111
209
201
82
235
227
191
69
184
201
168
50
140
233
191
144
22
103
12
115
2
228
191
252
1
15
12
32
124
233
191
52
219
21
250
96
25
228
191
52
129
34
22
49
108
233
191
40
130
56
15
39
48
228
191
217
65
37
174
99
92
233
191
198
219
74
175
205
70
228
191
233
67
23
212
183
76
233
191
84
196
233
36
91
93
228
191
102
135
248
135
45
61
233
191
44
12
145
211
215
115
228
191
78
12
201
201
196
45
233
191
147
143
221
5
74
138
228
191
139
222
169
128
123
30
233
191
226
30
75
31
186
160
228
191
240
21
221
122
77
15
233
191
50
174
184
56
42
183
228
191
34
226
230
84
50
0
233
191
84
85
104
32
150
205
228
191
197
114
75
171
33
241
232
191
238
67
222
114
245
227
228
191
104
3
176
1
17
226
232
191
164
169
158
204
63
250
228
191
222
171
86
38
252
210
232
191
73
158
235
251
112
16
229
191
135
191
38
107
212
195
232
191
108
93
106
132
126
38
229
191
54
86
98
158
149
180
232
191
200
10
126
27
98
60
229
191
122
171
174
67
53
165
232
191
235
225
203
68
17
82
229
191
246
238
143
247
170
149
232
191
169
250
149
206
135
103
229
191
103
68
105
111
240
133
232
191
165
132
96
85
189
124
229
191
137
207
157
96
255
117
232
191
111
187
208
92
167
145
229
191
1
192
177
103
207
101
232
191
194
194
73
154
63
166
229
191
184
33
198
107
94
85
232
191
135
166
236
244
131
186
229
191
77
161
243
26
187
68
232
191
71
31
243
1
129
206
229
191
73
247
115
10
242
51
232
191
161
217
117
111
69
226
229
191
120
184
29
26
22
35
232
191
120
94
42
54
230
245
229
191
144
133
232
16
56
18
232
191
154
66
231
53
118
9
230
191
49
11
237
156
102
1
232
191
165
50
197
28
4
29
230
191
16
234
34
133
178
240
231
191
147
171
88
252
166
48
230
191
227
194
129
144
44
224
231
191
26
78
153
155
111
68
230
191
6
102
133
34
221
207
231
191
218
198
159
168
108
88
230
191
143
199
12
84
198
191
231
191
188
33
141
10
156
108
230
191
222
58
255
118
217
175
231
191
10
190
105
250
236
128
230
191
176
227
191
64
16
160
231
191
13
251
61
177
78
149
230
191
79
33
87
234
89
144
231
191
17
56
18
104
176
169
230
191
96
35
73
16
174
128
231
191
140
188
172
137
5
190
230
191
135
25
26
79
4
113
231
191
155
255
87
29
57
210
230
191
60
75
144
17
80
97
231
191
160
84
251
116
60
230
230
191
37
232
47
244
136
81
231
191
250
14
126
226
0
250
230
191
185
55
191
97
162
65
231
191
175
177
75
84
111
13
231
191
179
93
161
15
150
49
231
191
79
120
9
78
125
32
231
191
231
113
24
204
95
33
231
191
171
122
249
157
38
51
231
191
84
116
36
151
255
16
231
191
218
172
250
92
109
69
231
191
39
77
131
162
121
0
231
191
55
223
136
238
89
87
231
191
97
252
52
238
205
239
230
191
75
202
221
231
248
104
231
191
47
106
247
171
0
223
230
191
44
98
216
97
76
122
231
191
146
150
202
219
17
206
230
191
76
107
211
216
94
139
231
191
159
117
141
150
3
189
230
191
217
205
140
126
52
156
231
191
110
251
30
245
215
171
230
191
91
66
62
232
217
172
231
191
254
39
127
247
142
154
230
191
255
176
165
71
83
189
231
191
103
239
140
182
42
137
230
191
55
222
29
25
171
205
231
191
214
57
6
100
175
119
230
191
4
202
166
92
225
221
231
191
52
19
12
231
26
102
230
191
169
80
221
92
252
237
231
191
174
99
92
113
113
84
230
191
38
114
193
25
252
253
231
191
92
31
214
27
181
66
230
191
100
58
116
122
222
13
232
191
106
46
55
24
234
48
230
191
101
169
245
126
163
29
232
191
195
156
160
77
14
31
230
191
107
155
226
113
81
45
232
191
193
58
142
31
42
13
230
191
51
52
158
8
226
60
232
191
54
32
66
92
57
251
229
191
1
80
197
141
91
76
232
191
126
29
56
103
68
233
229
191
190
250
120
232
187
91
232
191
129
62
145
39
73
215
229
191
128
40
152
49
5
107
232
191
65
131
77
157
71
197
229
191
96
205
1
130
57
122
232
191
188
235
108
200
63
179
229
191
91
233
181
217
88
137
232
191
106
191
181
19
37
161
229
191
139
112
147
81
101
152
232
191
53
10
73
102
245
142
229
191
49
63
55
52
101
167
232
191
171
7
204
67
166
124
229
191
80
85
161
129
88
182
232
191
181
195
95
147
53
106
229
191
252
166
176
82
65
197
232
191
203
133
202
191
150
87
229
191
78
40
68
192
33
212
232
191
191
101
78
151
197
68
229
191
91
205
58
227
251
226
232
191
99
123
45
232
189
49
229
191
82
126
82
237
211
241
232
191
48
14
46
29
115
30
229
191
50
59
139
222
169
0
233
191
38
30
80
54
229
10
229
191
251
3
229
182
125
15
233
191
67
171
147
51
20
247
228
191
151
228
128
93
77
30
233
191
40
98
17
195
14
227
228
191
147
24
4
86
14
45
233
191
48
19
69
72
221
206
228
191
195
183
176
110
188
59
233
191
203
130
137
63
138
186
228
191
204
241
10
68
79
74
233
191
109
117
57
37
32
166
228
191
104
234
117
139
192
88
233
191
111
187
208
92
167
145
228
191
84
197
84
250
9
103
233
191
136
245
70
173
48
125
228
191
53
178
43
45
35
117
233
191
229
11
90
72
192
104
228
191
199
212
93
217
5
131
233
191
38
171
34
220
100
84
228
191
198
80
78
180
171
144
233
191
187
151
251
228
40
64
228
191
3
62
63
140
16
158
233
191
98
245
71
24
6
44
228
191
128
156
48
97
52
171
233
191
191
243
139
18
244
23
228
191
196
36
92
200
35
184
233
191
27
242
207
12
226
3
228
191
20
179
94
12
229
196
233
191
239
55
218
113
195
239
227
191
202
23
180
144
128
209
233
191
133
36
179
122
135
219
227
191
112
11
150
234
2
222
233
191
107
243
255
170
35
199
227
191
95
94
128
125
116
234
233
191
234
3
201
59
135
178
227
191
198
248
48
123
217
246
233
191
101
169
245
126
163
157
227
191
45
147
225
120
62
3
234
191
82
43
76
223
107
136
227
191
240
253
13
218
171
15
234
191
251
232
212
149
207
114
227
191
58
33
116
208
37
28
234
191
74
238
176
137
204
92
227
191
81
217
176
166
178
40
234
191
176
255
58
55
109
70
227
191
218
85
72
249
73
53
234
191
183
213
172
51
190
47
227
191
167
174
124
150
231
65
234
191
252
28
31
45
206
24
227
191
116
7
177
51
133
78
234
191
242
153
236
159
167
1
227
191
253
131
72
134
28
91
234
191
78
237
12
83
91
234
226
191
21
60
133
92
169
103
234
191
154
207
185
219
245
210
226
191
118
83
202
107
37
116
234
191
116
237
11
232
133
187
226
191
244
225
89
130
140
128
234
191
101
255
60
13
24
164
226
191
74
11
151
85
216
140
234
191
245
189
134
224
184
140
226
191
75
231
195
179
4
153
234
191
150
237
67
222
114
117
226
191
247
117
224
156
17
165
234
191
236
189
248
162
61
94
226
191
78
183
236
16
255
176
234
191
181
82
8
228
18
71
226
191
216
99
34
165
217
188
234
191
103
243
56
12
230
47
226
191
195
99
63
139
165
200
234
191
121
231
80
134
170
24
226
191
83
147
224
13
105
212
234
191
191
70
146
32
92
1
226
191
227
194
129
144
44
224
234
191
130
112
5
20
234
233
225
191
184
206
191
93
246
235
234
191
127
136
13
22
78
210
225
191
254
158
88
167
202
247
234
191
67
202
79
170
125
186
225
191
39
248
166
233
179
3
235
191
47
137
179
34
106
162
225
191
74
206
137
61
180
15
235
191
45
209
89
102
17
138
225
191
172
253
157
237
209
27
235
191
83
150
33
142
117
113
225
191
31
158
37
200
8
40
235
191
19
157
101
22
161
88
225
191
95
211
131
130
82
52
235
191
245
157
95
148
160
63
225
191
39
193
27
210
168
64
235
191
108
93
106
132
126
38
225
191
74
127
47
133
7
77
235
191
255
147
191
123
71
13
225
191
86
73
100
31
100
89
235
191
55
250
152
15
8
244
224
191
30
55
252
110
186
101
235
191
112
96
114
163
200
218
224
191
116
96
57
66
6
114
235
191
71
115
100
229
151
193
224
191
253
244
159
53
63
126
235
191
47
247
201
81
128
168
224
191
141
12
114
23
97
138
235
191
154
176
253
100
140
143
224
191
222
202
18
157
101
150
235
191
136
159
255
30
188
118
224
191
241
47
130
198
76
162
235
191
248
195
207
127
15
94
224
191
9
24
93
222
28
174
235
191
121
89
19
11
124
69
224
191
108
95
64
47
220
185
235
191
244
107
235
167
255
44
224
191
24
6
44
185
138
197
235
191
15
43
220
242
145
20
224
191
129
208
122
248
50
209
235
191
8
117
145
66
89
248
223
191
165
190
44
237
212
220
235
191
32
124
40
209
146
199
223
191
224
160
189
250
120
232
235
191
56
131
191
95
204
150
223
191
72
107
12
58
33
244
235
191
109
1
161
245
240
101
223
191
34
250
181
245
211
255
235
191
99
38
81
47
248
52
223
191
156
53
120
95
149
11
236
191
238
9
18
219
221
3
223
191
158
41
116
94
99
23
236
191
177
219
103
149
153
210
222
191
40
214
169
242
61
35
236
191
174
155
82
94
43
161
222
191
36
71
58
3
35
47
236
191
228
73
210
53
147
111
222
191
54
172
169
44
10
59
236
191
84
230
230
27
209
61
222
191
73
17
25
86
241
70
236
191
252
112
144
16
229
11
222
191
69
130
169
102
214
82
236
191
176
1
17
226
202
217
221
191
253
22
157
44
181
94
236
191
112
152
104
144
130
167
221
191
44
243
86
93
135
106
236
191
59
53
151
27
12
117
221
191
211
22
215
248
76
118
236
191
18
216
156
131
103
66
221
191
150
177
161
155
253
129
236
191
245
128
121
200
148
15
221
191
141
183
149
94
155
141
236
191
63
0
169
77
156
220
220
191
183
40
179
65
38
153
236
191
74
38
167
118
134
169
220
191
20
5
250
68
158
164
236
191
159
171
173
216
95
118
220
191
188
64
73
129
5
176
236
191
108
120
122
165
44
67
220
191
219
195
94
40
96
187
236
191
57
69
71
114
249
15
220
191
113
142
58
58
174
198
236
191
97
226
143
162
206
220
219
191
173
136
154
232
243
209
236
191
62
32
208
153
180
169
219
191
142
178
126
51
49
221
236
191
45
207
131
187
179
118
219
191
42
0
198
51
104
232
236
191
135
191
38
107
212
67
219
191
176
89
46
27
157
243
236
191
169
193
52
12
31
17
219
191
31
191
183
233
207
254
236
191
8
29
116
9
135
222
218
191
119
48
98
159
0
10
237
191
30
25
171
205
255
171
218
191
139
197
111
10
43
21
237
191
97
253
159
195
124
121
218
191
68
138
1
18
77
32
237
191
238
64
157
242
232
70
218
191
139
138
56
157
100
43
237
191
106
19
39
247
59
20
218
191
74
210
53
147
111
54
237
191
32
212
69
10
101
225
217
191
83
121
59
194
105
65
237
191
134
202
191
150
87
174
217
191
143
139
106
17
81
76
237
191
185
109
223
163
254
122
217
191
209
32
5
79
33
87
237
191
141
213
230
255
85
71
217
191
2
69
44
98
216
97
237
191
28
121
32
178
72
19
217
191
245
15
34
25
114
108
237
191
76
225
65
179
235
222
216
191
170
129
230
115
238
118
237
191
255
150
0
252
83
170
216
191
55
142
88
139
79
129
237
191
206
195
9
76
167
117
216
191
201
29
54
145
153
139
237
191
249
192
142
255
2
65
216
191
75
60
160
108
202
149
237
191
188
231
192
114
132
12
216
191
23
186
18
129
234
159
237
191
133
121
143
51
77
216
215
191
22
163
174
181
247
169
237
191
55
255
175
58
114
164
215
191
141
211
16
85
248
179
237
191
152
138
141
121
29
113
215
191
123
75
57
95
236
189
237
191
139
164
221
232
99
62
215
191
37
231
196
30
218
199
237
191
126
142
143
22
103
12
215
191
162
154
146
172
195
209
237
191
111
72
163
2
39
219
214
191
8
90
129
33
171
219
237
191
32
121
231
80
134
170
214
191
41
61
211
75
140
229
237
191
249
246
174
65
95
122
214
191
240
79
169
18
101
239
237
191
141
128
10
71
144
74
214
191
69
158
36
93
51
249
237
191
66
236
76
161
243
26
214
191
228
75
168
224
240
2
238
191
219
224
68
244
107
235
213
191
205
88
52
157
157
12
238
191
189
52
69
128
211
187
213
191
211
220
10
97
53
22
238
191
127
166
94
183
8
140
213
191
177
251
142
225
177
31
238
191
178
244
161
11
234
91
213
191
58
205
2
237
14
41
238
191
190
245
97
189
81
43
213
191
64
105
168
81
72
50
238
191
238
8
167
5
47
250
212
191
196
207
127
15
94
59
238
191
246
206
104
171
146
200
212
191
152
24
203
244
75
68
238
191
142
232
158
117
141
150
212
191
255
31
39
76
24
77
238
191
152
222
254
92
52
100
212
191
229
241
180
252
192
85
238
191
202
81
128
40
152
49
212
191
117
118
50
56
74
94
238
191
99
155
84
52
214
254
211
191
176
173
159
254
179
102
238
191
189
139
247
227
246
203
211
191
218
115
153
154
4
111
238
191
24
124
154
147
23
153
211
191
198
224
97
218
55
119
238
191
251
36
119
216
68
102
211
191
206
196
116
33
86
127
238
191
164
223
190
14
156
51
211
191
243
31
210
111
95
135
238
191
66
148
47
104
33
1
211
191
52
242
121
197
83
143
238
191
213
66
201
228
212
206
210
191
192
35
42
84
55
151
238
191
0
27
16
33
174
156
210
191
104
204
36
234
5
159
238
191
61
100
202
135
160
106
210
191
68
224
72
160
193
166
238
191
47
78
124
181
163
56
210
191
60
107
183
93
104
174
238
191
34
56
46
227
166
6
210
191
103
97
79
59
252
181
238
191
231
57
34
223
165
212
209
191
152
218
82
7
121
189
238
191
246
154
30
20
148
162
209
191
208
214
193
193
222
196
238
191
153
186
43
187
96
112
209
191
12
86
156
106
45
204
238
191
208
152
73
212
11
62
209
191
79
88
226
1
101
211
238
191
230
148
128
152
132
11
209
191
106
245
213
85
129
218
238
191
53
127
76
107
211
216
208
191
94
45
119
102
130
225
238
191
23
40
41
176
0
166
208
191
19
12
231
26
102
232
238
191
159
0
138
145
37
115
208
191
93
169
103
65
40
239
238
191
250
240
44
65
70
64
208
191
35
17
26
193
198
245
238
191
221
153
9
134
115
13
208
191
81
79
31
129
63
252
238
191
161
103
179
234
115
181
207
191
206
111
152
104
144
2
239
191
113
143
165
15
93
80
207
191
110
138
199
69
181
8
239
191
59
28
93
165
187
235
206
191
25
171
205
255
171
14
239
191
180
174
209
114
160
135
206
191
208
209
170
150
116
20
239
191
163
88
110
105
53
36
206
191
102
22
161
216
10
26
239
191
83
121
59
194
105
193
205
191
7
97
110
247
114
31
239
191
87
207
73
239
27
95
205
191
202
165
241
11
175
36
239
191
233
72
46
255
33
253
204
191
34
169
133
146
201
41
239
191
230
3
2
157
73
155
204
191
36
95
9
164
196
46
239
191
228
190
213
58
113
57
204
191
45
152
248
163
168
51
239
191
192
151
194
131
102
215
203
191
104
60
17
196
121
56
239
191
88
172
225
34
247
116
203
191
5
52
17
54
60
61
239
191
65
187
67
138
1
18
203
191
93
79
116
93
248
65
239
191
253
17
134
1
75
174
202
191
136
130
25
83
176
70
239
191
34
111
185
250
177
73
202
191
202
169
157
97
106
75
239
191
249
49
230
174
37
228
201
191
57
185
223
161
40
80
239
191
72
108
119
15
208
125
201
191
122
224
99
176
226
84
239
191
232
160
75
56
244
22
201
191
119
43
75
116
150
89
239
191
86
130
197
225
204
175
200
191
191
213
58
113
57
94
239
191
104
147
195
39
157
72
200
191
35
247
116
117
199
98
239
191
65
182
44
95
151
225
199
191
95
179
92
54
58
103
239
191
20
62
91
7
7
123
199
191
25
58
118
80
137
107
239
191
2
13
54
117
30
21
199
191
80
139
193
195
180
111
239
191
62
118
23
40
41
176
198
191
147
226
227
19
178
115
239
191
234
91
230
116
89
76
198
191
180
87
31
15
125
119
239
191
113
255
145
233
208
233
197
191
179
234
115
181
21
123
239
191
195
239
166
91
118
136
197
191
145
155
225
6
124
126
239
191
157
104
87
33
229
39
197
191
122
82
38
53
180
129
239
191
128
183
64
130
226
199
196
191
157
247
255
113
194
132
239
191
43
24
149
212
9
104
196
191
83
91
234
32
175
135
239
191
31
216
241
95
32
8
196
191
158
125
229
65
122
138
239
191
26
51
137
122
193
167
195
191
193
58
142
31
42
141
239
191
159
118
248
107
178
70
195
191
188
146
228
185
190
143
239
191
197
174
237
237
150
228
194
191
235
85
100
116
64
146
239
191
89
136
14
129
35
129
194
191
54
144
46
54
173
148
239
191
132
128
124
9
21
28
194
191
226
29
224
73
11
151
239
191
70
151
55
135
107
181
193
191
194
22
187
125
86
153
239
191
192
174
38
79
89
77
193
191
235
110
158
234
144
155
239
191
21
169
48
182
16
228
192
191
72
50
171
119
184
157
239
191
193
56
184
116
204
121
192
191
194
108
2
12
203
159
239
191
139
111
40
124
182
14
192
191
88
30
164
167
200
161
239
191
222
255
199
9
19
70
191
191
244
82
177
49
175
163
239
191
32
152
163
199
239
109
190
191
172
254
8
195
128
165
239
191
30
108
177
219
103
149
189
191
129
33
171
91
61
167
239
191
28
64
191
239
223
188
188
191
70
211
217
201
224
168
239
191
94
216
154
173
188
228
187
191
38
252
82
63
111
170
239
191
187
183
34
49
65
13
187
191
13
168
55
163
230
171
239
191
199
156
103
236
75
54
186
191
16
203
102
14
73
173
239
191
57
40
97
166
237
95
185
191
48
101
224
128
150
174
239
191
198
250
6
38
55
138
184
191
131
106
131
19
209
175
239
191
2
211
105
221
6
181
183
191
32
207
46
223
250
176
239
191
238
176
137
204
92
224
182
191
8
147
226
227
19
178
239
191
245
213
85
129
90
12
182
191
34
194
191
8
26
179
239
191
246
95
231
166
205
56
181
191
180
56
99
152
19
180
239
191
166
239
53
4
199
101
180
191
167
2
238
121
254
180
239
191
6
133
65
153
70
147
179
191
251
31
96
173
218
181
239
191
20
32
10
102
76
193
178
191
199
132
152
75
170
182
239
191
29
32
152
163
199
239
177
191
10
49
151
84
109
183
239
191
179
67
252
195
150
30
177
191
128
72
191
125
29
184
239
191
140
43
46
142
202
77
176
191
87
179
206
248
190
184
239
191
231
109
108
118
164
250
174
191
74
149
40
123
75
185
239
191
101
138
57
8
58
90
173
191
113
226
171
29
197
185
239
191
39
107
212
67
52
186
171
191
158
178
154
174
39
186
239
191
44
16
61
41
147
26
170
191
209
5
245
45
115
186
239
191
9
56
132
42
53
123
168
191
243
231
219
130
165
186
239
191
189
226
169
71
26
220
166
191
237
100
112
148
188
186
239
191
221
206
190
242
32
61
165
191
169
136
211
73
182
186
239
191
105
252
194
43
73
158
163
191
38
83
5
163
146
186
239
191
246
41
199
100
113
255
161
191
56
220
71
110
77
186
239
191
170
212
236
129
86
96
160
191
56
244
22
15
239
185
239
191
14
249
103
6
241
129
157
191
63
143
81
158
121
185
239
191
104
61
124
153
40
66
154
191
143
137
148
102
243
184
239
191
221
237
122
105
138
0
151
191
110
191
124
178
98
184
239
191
108
10
100
118
22
189
147
191
242
36
233
154
201
183
239
191
101
141
122
136
70
119
144
191
118
138
85
131
48
183
239
191
51
226
2
208
40
93
138
191
17
228
160
132
153
182
239
191
179
95
119
186
243
196
131
191
6
14
104
233
10
182
239
191
55
27
43
49
207
74
122
191
64
20
204
152
130
181
239
191
176
175
117
169
17
250
105
191
122
26
48
72
250
180
239
191
197
173
130
24
232
218
23
63
157
44
181
222
111
180
239
191
103
70
63
26
78
153
107
63
78
122
223
248
218
179
239
191
157
241
125
113
169
74
123
63
142
3
175
150
59
179
239
191
75
117
1
47
51
108
132
63
234
3
201
59
135
178
239
191
110
82
209
88
251
59
139
63
77
135
78
207
187
177
239
191
27
72
23
155
86
10
145
63
135
165
129
31
213
176
239
191
83
151
140
99
36
123
148
63
86
130
197
225
204
175
239
191
181
25
167
33
170
240
151
63
139
53
92
228
158
174
239
191
187
70
203
129
30
106
155
63
39
191
69
39
75
173
239
191
221
149
93
48
184
230
158
63
87
7
64
220
213
171
239
191
223
253
241
94
181
50
161
63
96
234
231
77
69
170
239
191
18
245
130
79
115
242
162
63
87
92
28
149
155
168
239
191
178
45
3
206
82
178
164
63
153
45
89
21
225
166
239
191
54
31
215
134
138
113
166
63
59
82
125
231
23
165
239
191
199
70
32
94
215
47
168
63
176
142
227
135
74
163
239
191
74
93
50
142
145
236
169
63
248
226
139
246
120
161
239
191
124
158
63
109
84
167
171
63
131
19
209
175
173
159
239
191
171
4
139
195
153
95
173
63
106
20
146
204
234
157
239
191
2
13
54
117
30
21
175
63
194
217
173
101
50
156
239
191
226
61
7
150
35
100
176
63
118
111
69
98
130
154
239
191
120
40
10
244
137
60
177
63
41
5
221
94
210
152
239
191
101
168
138
169
244
19
178
63
152
190
215
16
28
151
239
191
21
255
119
68
133
234
178
63
127
191
152
45
89
149
239
191
244
109
193
82
93
192
179
63
130
55
164
81
129
147
239
191
184
149
94
155
141
149
180
63
139
50
27
100
146
145
239
191
130
88
54
115
72
106
181
63
63
224
129
1
132
143
239
191
8
87
64
161
158
62
182
63
67
112
92
198
77
141
239
191
183
210
107
179
177
18
183
63
83
6
14
104
233
138
239
191
250
12
168
55
163
230
183
63
88
174
183
205
84
136
239
191
209
5
245
45
115
186
184
63
104
92
56
16
146
133
239
191
60
189
82
150
33
142
185
63
177
248
77
97
165
130
239
191
60
51
193
112
174
97
186
63
120
95
149
11
149
127
239
191
59
169
47
75
59
53
187
63
23
97
138
114
105
124
239
191
132
126
166
94
183
8
188
63
143
253
44
150
34
121
239
191
206
83
29
114
51
220
188
63
81
249
215
242
202
117
239
191
23
41
148
133
175
175
189
63
138
60
73
186
102
114
239
191
23
159
2
96
60
131
190
63
81
187
95
5
248
110
239
191
204
181
104
1
218
86
191
63
25
58
118
80
137
107
239
191
247
6
95
152
76
21
192
63
247
172
107
180
28
104
239
191
98
131
133
147
52
127
192
63
3
8
31
74
180
100
239
191
206
255
171
142
28
233
192
63
60
75
144
17
80
97
239
191
131
219
218
194
243
82
193
63
140
130
224
241
237
93
239
191
131
22
18
48
186
188
193
63
32
150
205
28
146
90
239
191
23
16
90
15
95
38
194
63
181
169
186
71
54
87
239
191
228
247
54
253
217
143
194
63
141
153
68
189
224
83
239
191
52
45
177
50
26
249
194
63
101
137
206
50
139
80
239
191
173
223
76
76
23
98
195
63
130
85
245
242
59
77
239
191
243
62
142
230
200
202
195
63
159
33
28
179
236
73
239
191
6
75
117
1
47
51
196
63
233
213
0
165
161
70
239
191
139
51
134
57
65
155
196
63
51
138
229
150
86
67
239
191
239
57
176
28
33
3
197
63
57
98
45
62
5
64
239
191
231
254
234
113
223
106
197
63
182
129
59
80
167
60
239
191
58
148
161
42
166
210
197
63
126
0
82
155
56
57
239
191
67
202
79
170
125
58
198
63
98
246
178
237
180
53
239
191
18
18
105
27
127
162
198
63
241
158
3
203
17
50
239
191
21
173
220
11
204
10
199
63
43
250
67
51
79
46
239
191
0
60
162
66
117
115
199
63
135
79
58
145
96
42
239
191
137
95
177
134
139
220
199
63
6
159
230
228
69
38
239
191
120
41
117
201
56
70
200
63
53
36
238
177
244
33
239
191
187
40
122
224
99
176
200
63
22
223
80
248
108
29
239
191
157
188
200
4
252
26
201
63
2
160
138
27
183
24
239
191
86
211
245
68
215
133
201
63
84
55
23
127
219
19
239
191
198
138
26
76
195
240
201
63
36
153
213
59
220
14
239
191
218
113
195
239
166
91
202
63
17
114
222
255
199
9
239
191
40
71
1
162
96
198
202
63
49
182
16
228
160
4
239
191
141
40
237
13
190
48
203
63
12
30
166
125
115
255
238
191
157
212
151
165
157
154
203
63
209
145
92
254
67
250
238
191
238
9
18
219
221
3
204
63
8
202
109
251
30
245
238
191
18
135
108
32
93
108
204
63
222
174
151
166
8
240
238
191
84
171
175
174
10
212
204
63
151
28
119
74
7
235
238
191
15
71
87
233
238
58
205
63
6
43
78
181
22
230
238
191
174
155
82
94
43
161
205
63
208
9
161
131
46
225
238
191
158
234
144
155
225
6
206
63
109
0
54
32
66
220
238
191
58
4
142
4
26
108
206
63
197
26
46
114
79
215
238
191
163
202
48
238
6
209
206
63
81
160
79
228
73
210
238
191
52
14
245
187
176
53
207
63
204
180
253
43
43
205
238
191
90
16
202
251
56
154
207
63
196
147
221
204
232
199
238
191
127
18
159
59
193
254
207
63
223
108
115
99
122
194
238
191
128
242
119
239
168
49
208
63
171
123
100
115
213
188
238
191
118
252
23
8
2
100
208
63
16
204
209
227
247
182
238
191
80
143
109
25
112
150
208
63
249
105
220
155
223
176
238
191
223
194
186
241
238
200
208
63
192
37
0
255
148
170
238
191
82
127
189
194
130
251
208
63
124
243
27
38
26
164
238
191
77
244
249
40
35
46
209
63
158
151
138
141
121
157
238
191
255
9
46
86
212
96
209
63
62
6
43
78
181
150
238
191
11
240
221
230
141
147
209
63
182
15
121
203
213
143
238
191
159
142
199
12
84
198
209
63
75
144
17
80
225
136
238
191
189
229
234
199
38
249
209
63
42
112
178
13
220
129
238
191
53
13
138
230
1
44
210
63
129
151
25
54
202
122
238
191
53
237
98
154
233
94
210
63
193
202
161
69
182
115
238
191
54
205
59
78
209
145
210
63
211
21
108
35
158
108
238
191
100
149
210
51
189
196
210
63
161
132
153
182
127
101
238
191
55
141
237
181
160
247
210
63
253
46
108
205
86
94
238
191
129
204
206
162
119
42
211
63
255
8
195
128
37
87
238
191
232
130
250
150
57
93
211
63
97
54
1
134
229
79
238
191
63
200
178
96
226
143
211
63
36
183
38
221
150
72
238
191
87
180
57
206
109
194
211
63
26
163
117
84
0
0
0
0
0
0
0
0
0
0
0
0
0
0
0
0
0
0
0
0
0
0
0
0
0
0
0
0
0
0
0
0
0
0
0
0
0
0
0
0
0
0
0
0
0
0
0
0
0
0
0
0
0
0
0
0
0
0
0
0
0
0
0
0
0
0
0
0
0
0
0
0
0
0
0
0
0
0
0
0
0
0
0
0
0
0
0
0
0
0
0
0
0
0
0
0
0
0
0
0
0
0
0
0
0
0
0
0
0
0
0
0
0
0
0
0
0
0
0
0
0
0
0
0
0
0
0
0
0
0
0
0
0
0
0
0
0
0
0
0
0
0
0
0
0
0
0
0
0
0
0
0
0
0
0
0
0
0
0
0
0
0
0
0
0
0
0
0
0
0
0
0
0
0
0
0
0
0
0
0
0
0
0
0
0
0
0
0
0
0
0
0
0
0
0
0
0
0
0
0
0
0
0
0
0
0
0
0
0
0
0
0
0
0
0
0
0
0
0
0
0
0
0
0
0
0
0
0
0
0
0
0
0
0
0
0
0
0
0
0
0
0
0
0
0
0
0
0
0
0
0
0
0
0
0
0
0
0
0
0
0
0
0
0
0
0
0
0
0
0
0
0
0
0
0
0
0
0
0
0
0
0
0
0
0
0
0
0
0
0
0
0
0
0
0
0
0
0
0
0
0
0
0
0
0
0
0
0
0
0
0
0
0
0
0
0
0
0
0
0
0
0
0
0
0
0
0
0
0
0
0
0
0
0
0
0
0
0
0
0
0
0
0
0
0
0
0
0
0
0
0
0
0
0
0
0
0
0
0
0
0
0
0
0
0
0
0
0
0
0
0
0
0
0
0
0
0
0
0
0
0
0
0
0
0
0
0
0
0
0
0
0
0
0
0
0
0
0
0
0
0
0
0
0
0
0
0
0
0
0
0
0
0
0
0
0
0
0
0
0
0
0
0
0
0
0
0
0
0
0
0
0
0
0
0
0
0
0
0
0
0
0
0
0
0
0
0
0
0
0
0
0
0
0
0
0
0
0
0
0
0
0
0
0
0
0
0
0
0
0
0
0
0
0
0
0
0
0
0
0
0
0
0
0
0
0
0
0
0
0
0
0
0
0
0
0
0
0
0
0
0
0
0
0
0
0
0
0
0
0
0
0
0
0
0
0
0
0
0
0
0
0
0
0
0
0
0
0
0
0
0
0
0
0
0
0
0
0
0
0
0
0
0
0
0
0
0
0
0
0
0
0
0
0
0
0
0
0
0
0
0
0
0
0
0
0
0
0
0
0
0
0
0
0
0
0
0
0
0
0
0
0
0
0
0
0
0
0
0
0
0
0
0
0
0
0
0
0
0
0
0
0
0
0
0
0
0
0
0
0
0
0
0
0
0
0
0
0
0
0
0
0
0
0
0
0
0
0
0
0
0
0
0
0
0
0
0
0
0
0
0
0
0
0
0
0
0
0
0
0
0
0
0
0
0
0
0
0
0
0
0
0
0
0
0
0
0
0
0
0
0
0
0
0
0
0
0
0
0
0
0
0
0
0
0
0
0
0
0
0
0
0
0
0
0
0
0
0
0
0
0
0
0
0
0
0
0
0
0
0
0
0
0
0
0
0
0
0
0
0
0
0
0
0
0
0
0
0
0
0
0
0
0
0
0
0
0
0
0
0
0
0
0
0
0
0
0
0
0
0
0
0
0
0
0
0
0
0
0
0
0
0
0
0
0
0
0
0
0
0
0
0
0
0
0
0
0
0
0
0
0
0
0
0
0
0
0
0
0
0
0
0
0
0
0
0
0
0
0
0
0
0
0
0
0
0
0
0
0
0
0
0
0
0
0
0
0
0
0
0
0
0
0
0
0
0
0
0
0
0
0
0
0
0
0
0
0
0
0
0
0
0
0
0
0
0
0
0
0
0
0
0
0
0
0
0
0
0
0
0
0
0
0
0
0
0
0
0
0
0
0
0
0
0
0
0
0
0
0
0
0
0
0
0
0
0
0
0
0
0
0
0
0
0
0
0
0
0
0
0
0
0
0
0
0
0
0
0
0
0
0
0
0
0
0
0
0
0
0
0
0
0
0
0
0
0
0
0
0
0
0
0
0
0
0
0
0
0
0
0
0
0
0
0
0
0
0
0
0
0
0
0
0
0
0
0
0
0
0
0
0
0
0
0
0
0
0
0
0
0
0
0
0
0
0
0
0
0
0
0
0
0
0
0
0
0
0
0
0
0
0
0
0
0
0
0
0
0
0
0
0
0
0
0
0
0
0
0
0
0
0
0
0
0
0
0
0
0
0
0
0
0
0
0
0
0
0
0
0
0
0
0
0
0
0
0
0
0
0
0
0
0
0
0
0
0
0
0
0
0
0
0
0
0
0
0
0
0
0
0
0
0
0
0
0
0
0
0
0
0
0
0
0
0
0
0
0
0
0
0
0
0
0
0
0
0
0
0
0
0
0
0
0
0
0
0
0
0
0
0
0
0
0
0
0
0
0
0
0
0
0
0
0
0
0
0
0
0
0
0
0
0
0
0
0
0
0
0
0
0
0
0
0
0
0
0
0
0
0
0
0
0
0
0
0
0
0
0
0
0
0
0
0
0
0
0
0
0
0
0
0
0
0
0
0
0
0
0
0
0
0
0
0
0
0
0
0
0
0
0
0
0
0
0
0
0
0
0
0
0
0
0
0
0
0
0
0
0
0
0
0
0
0
0
0
0
0
0
0
0
0
0
0
0
0
0
0
0
0
0
0
0
0
0
0
0
0