58
70
65
67
84
58
67
68
65
84
49
56
58
68
65
84
65
32
35
57
48
48
48
48
48
54
57
51
54
102
206
240
63
14
76
110
20
89
107
160
191
128
129
32
64
134
206
240
63
49
93
136
213
31
97
160
191
105
1
218
86
179
206
240
63
126
198
133
3
33
89
160
191
195
69
238
233
234
206
240
63
136
70
119
16
59
83
160
191
64
248
80
162
37
207
240
63
81
221
92
252
109
79
160
191
177
48
68
78
95
207
240
63
215
138
54
199
185
77
160
191
223
140
154
175
146
207
240
63
134
144
243
254
63
78
160
191
188
146
228
185
190
207
240
63
176
232
214
107
122
80
160
191
51
78
67
84
225
207
240
63
164
141
35
214
226
83
160
191
80
57
38
139
251
207
240
63
71
56
45
120
209
87
160
191
17
84
141
94
13
208
240
63
235
226
54
26
192
91
160
191
119
158
120
206
22
208
240
63
116
70
148
246
6
95
160
191
142
146
87
231
24
208
240
63
9
224
102
241
98
97
160
191
62
60
75
144
17
208
240
63
171
175
174
10
212
98
160
191
171
9
162
238
3
208
240
63
199
246
90
208
123
99
160
191
199
128
236
245
238
207
240
63
50
56
74
94
157
99
160
191
160
27
154
178
211
207
240
63
131
50
141
38
23
99
160
191
52
218
170
36
178
207
240
63
184
229
35
41
233
97
160
191
200
152
187
150
144
207
240
63
210
81
14
102
19
96
160
191
115
75
171
33
113
207
240
63
101
53
93
79
116
93
160
191
109
84
167
3
89
207
240
63
153
13
50
201
200
89
160
191
229
155
109
110
76
207
240
63
3
153
157
69
239
84
160
191
229
155
109
110
76
207
240
63
13
25
143
82
9
79
160
191
109
84
167
3
89
207
240
63
212
212
178
181
190
72
160
191
92
87
204
8
111
207
240
63
222
84
164
194
216
66
160
191
166
42
109
113
141
207
240
63
32
99
238
90
66
62
160
191
52
218
170
36
178
207
240
63
178
70
61
68
163
59
160
191
239
113
166
9
219
207
240
63
219
195
94
40
96
59
160
191
182
131
17
251
4
208
240
63
193
87
116
235
53
61
160
191
136
15
236
248
47
208
240
63
73
187
209
199
124
64
160
191
56
45
120
209
87
208
240
63
196
232
185
133
174
68
160
191
176
232
214
107
122
208
240
63
64
22
162
67
224
72
160
191
227
199
152
187
150
208
240
63
79
2
155
115
240
76
160
191
187
214
222
167
170
208
240
63
27
42
198
249
155
80
160
191
33
33
202
23
180
208
240
63
83
147
224
13
105
84
160
191
255
178
123
242
176
208
240
63
139
252
250
33
54
88
160
191
73
18
132
43
160
208
240
63
6
42
227
223
103
92
160
191
232
74
4
170
127
208
240
63
49
93
136
213
31
97
160
191
255
202
74
147
82
208
240
63
92
144
45
203
215
101
160
191
210
110
244
49
31
208
240
63
108
124
38
251
231
105
160
191
120
42
224
158
231
207
240
63
176
27
182
45
202
108
160
191
52
218
170
36
178
207
240
63
15
39
48
157
214
109
160
191
63
224
129
1
132
207
240
63
217
152
215
17
135
108
160
191
166
182
212
65
94
207
240
63
121
178
155
25
253
104
160
191
115
215
18
242
65
207
240
63
226
61
7
150
35
100
160
191
201
176
138
55
50
207
240
63
156
195
181
218
195
94
160
191
166
66
60
18
47
207
240
63
86
73
100
31
100
89
160
191
24
7
151
142
57
207
240
63
3
153
157
69
239
84
160
191
30
254
154
172
81
207
240
63
122
53
64
105
168
81
160
191
126
197
26
46
114
207
240
63
81
221
92
252
109
79
160
191
46
227
166
6
154
207
240
63
26
79
4
113
30
78
160
191
245
244
17
248
195
207
240
63
215
138
54
199
185
77
160
191
176
140
13
221
236
207
240
63
26
79
4
113
30
78
160
191
85
48
42
169
19
208
240
63
121
90
126
224
42
79
160
191
182
247
169
42
52
208
240
63
95
238
147
163
0
81
160
191
221
92
252
109
79
208
240
63
56
76
52
72
193
83
160
191
159
119
99
65
97
208
240
63
152
50
112
64
75
87
160
191
238
205
111
152
104
208
240
63
235
226
54
26
192
91
160
191
193
229
177
102
100
208
240
63
197
27
153
71
254
96
160
191
45
179
8
197
86
208
240
63
227
24
201
30
161
102
160
191
62
176
227
191
64
208
240
63
1
22
249
245
67
108
160
191
244
220
66
87
34
208
240
63
219
78
91
35
130
113
160
191
114
167
116
176
254
207
240
63
46
255
33
253
246
117
160
191
171
149
9
191
212
207
240
63
35
164
110
103
95
121
160
191
217
9
47
193
169
207
240
63
76
252
81
212
153
123
160
191
18
248
195
207
127
207
240
63
23
73
187
209
199
124
160
191
109
84
167
3
89
207
240
63
171
7
204
67
166
124
160
191
24
7
151
142
57
207
240
63
9
56
132
42
53
123
160
191
19
16
147
112
33
207
240
63
7
93
194
161
183
120
160
191
115
99
122
194
18
207
240
63
127
249
100
197
112
117
160
191
36
13
110
107
11
207
240
63
179
209
57
63
197
113
160
191
24
147
254
94
10
207
240
63
123
104
31
43
248
109
160
191
93
111
155
169
16
207
240
63
243
4
194
78
177
106
160
191
206
51
246
37
27
207
240
63
134
232
16
56
18
104
160
191
121
90
126
224
42
207
240
63
79
90
184
172
194
102
160
191
47
251
117
167
59
207
240
63
227
24
201
30
161
102
160
191
206
167
142
85
74
207
240
63
26
167
33
170
240
103
160
191
64
108
233
209
84
207
240
63
135
195
210
192
143
106
160
191
87
96
200
234
86
207
240
63
150
175
203
240
159
110
160
191
41
120
10
185
82
207
240
63
153
101
79
2
155
115
160
191
161
191
208
35
70
207
240
63
115
158
177
47
217
120
160
191
212
42
250
67
51
207
240
63
10
19
70
179
178
125
160
191
195
185
134
25
26
207
240
63
66
124
96
199
127
129
160
191
121
230
229
176
251
206
240
63
107
212
67
52
186
131
160
191
2
43
135
22
217
206
240
63
27
218
0
108
64
132
160
191
116
123
73
99
180
206
240
63
255
146
84
166
152
131
160
191
230
203
11
176
143
206
240
63
133
64
46
113
228
129
160
191
111
16
173
21
109
206
240
63
240
166
91
118
136
127
160
191
14
73
45
148
76
206
240
63
23
73
187
209
199
124
160
191
242
93
74
93
50
206
240
63
250
38
77
131
162
121
160
191
3
91
37
88
28
206
240
63
6
130
0
25
58
118
160
191
112
40
124
182
14
206
240
63
98
215
246
118
75
114
160
191
43
76
223
107
8
206
240
63
15
39
48
157
214
109
160
191
77
186
45
145
11
206
240
63
13
113
172
139
219
104
160
191
214
114
103
38
24
206
240
63
199
246
90
208
123
99
160
191
174
129
173
18
44
206
240
63
129
124
9
21
28
94
160
191
202
108
144
73
70
206
240
63
194
138
83
173
133
89
160
191
20
64
49
178
100
206
240
63
205
229
6
67
29
86
160
191
151
117
255
88
136
206
240
63
231
81
241
127
71
84
160
191
36
37
61
12
173
206
240
63
231
81
241
127
71
84
160
191
156
224
155
166
207
206
240
63
246
98
40
39
218
85
160
191
207
191
93
246
235
206
240
63
166
67
167
231
221
88
160
191
167
206
163
226
255
206
240
63
182
47
160
23
238
92
160
191
224
48
209
32
5
207
240
63
225
98
69
13
166
97
160
191
144
218
196
201
253
206
240
63
187
155
167
58
228
102
160
191
195
69
238
233
234
206
240
63
1
22
249
245
67
108
160
191
156
224
155
166
207
206
240
63
152
138
141
121
29
113
160
191
71
147
139
49
176
206
240
63
167
118
134
169
45
117
160
191
230
203
11
176
143
206
240
63
128
212
38
78
238
119
160
191
168
114
218
83
114
206
240
63
183
98
127
217
61
121
160
191
128
13
136
16
87
206
240
63
75
33
144
75
28
121
160
191
145
10
99
11
65
206
240
63
20
147
55
192
204
119
160
191
208
239
251
55
47
206
240
63
235
58
84
83
146
117
160
191
83
177
49
175
35
206
240
63
58
90
213
146
142
114
160
191
15
213
148
100
29
206
240
63
218
115
153
154
4
111
160
191
15
213
148
100
29
206
240
63
14
76
110
20
89
107
160
191
49
67
227
137
32
206
240
63
214
226
83
0
140
103
160
191
106
165
16
200
37
206
240
63
78
127
246
35
69
100
160
191
174
129
173
18
44
206
240
63
117
33
86
127
132
97
160
191
242
93
74
93
50
206
240
63
35
76
81
46
141
95
160
191
66
180
86
180
57
206
240
63
88
255
231
48
95
94
160
191
157
132
210
23
66
206
240
63
61
184
59
107
183
93
160
191
3
207
189
135
75
206
240
63
249
243
109
193
82
93
160
191
151
1
103
41
89
206
240
63
34
113
143
165
15
93
160
191
88
28
206
252
106
206
240
63
74
238
176
137
204
92
160
191
48
43
20
233
126
206
240
63
114
107
210
109
137
92
160
191
8
58
90
213
146
206
240
63
6
42
227
223
103
92
160
191
202
84
193
168
164
206
240
63
6
42
227
223
103
92
160
191
105
1
218
86
179
206
240
63
182
47
160
23
238
92
160
191
184
87
230
173
186
206
240
63
169
249
42
249
216
93
160
191
207
75
197
198
188
206
240
63
223
135
131
132
40
95
160
191
184
87
230
173
186
206
240
63
238
152
186
43
187
96
160
191
116
123
73
99
180
206
240
63
252
169
241
210
77
98
160
191
36
37
61
12
173
206
240
63
199
246
90
208
123
99
160
191
202
84
193
168
164
206
240
63
78
127
246
35
69
100
160
191
122
254
180
81
157
206
240
63
37
2
213
63
136
100
160
191
54
34
24
7
151
206
240
63
186
192
229
177
102
100
160
191
8
58
90
213
146
206
240
63
118
252
23
8
2
100
160
191
230
203
11
176
143
206
240
63
91
181
107
66
90
99
160
191
241
69
123
188
144
206
240
63
171
175
174
10
212
98
160
191
8
58
90
213
146
206
240
63
252
169
241
210
77
98
160
191
76
22
247
31
153
206
240
63
184
229
35
41
233
97
160
191
145
242
147
106
159
206
240
63
225
98
69
13
166
97
160
191
236
194
15
206
167
206
240
63
76
164
52
155
199
97
160
191
59
25
28
37
175
206
240
63
144
104
2
69
44
98
160
191
150
233
151
136
183
206
240
63
171
175
174
10
212
98
160
191
230
63
164
223
190
206
240
63
50
56
74
94
157
99
160
191
42
28
65
42
197
206
240
63
145
67
196
205
169
100
160
191
99
126
110
104
202
206
240
63
240
78
62
61
182
101
160
191
144
102
44
154
206
206
240
63
119
215
217
144
127
102
160
191
167
90
11
179
208
206
240
63
254
95
117
228
72
103
160
191
167
90
11
179
208
206
240
63
134
232
16
56
18
104
160
191
156
224
155
166
207
206
240
63
161
47
189
253
185
104
160
191
144
102
44
154
206
206
240
63
40
184
88
81
131
105
160
191
110
248
221
116
203
206
240
63
27
130
227
50
110
106
160
191
76
138
143
79
200
206
240
63
122
141
93
162
122
107
160
191
42
28
65
42
197
206
240
63
176
27
182
45
202
108
160
191
19
40
98
17
195
206
240
63
231
169
14
185
25
110
160
191
253
51
131
248
192
206
240
63
178
246
119
182
71
111
160
191
253
51
131
248
192
206
240
63
124
67
225
179
117
112
160
191
19
40
98
17
195
206
240
63
111
13
108
149
96
113
160
191
65
16
32
67
199
206
240
63
246
149
7
233
41
114
160
191
122
114
77
129
204
206
240
63
126
30
163
60
243
114
160
191
190
78
234
203
210
206
240
63
153
101
79
2
155
115
160
191
2
43
135
22
217
206
240
63
140
47
218
227
133
116
160
191
82
129
147
109
224
206
240
63
127
249
100
197
112
117
160
191
161
215
159
196
231
206
240
63
74
70
206
194
158
118
160
191
218
57
205
2
237
206
240
63
20
147
55
192
204
119
160
191
252
167
27
40
240
206
240
63
223
223
160
189
250
120
160
191
252
167
27
40
240
206
240
63
170
44
10
187
40
122
160
191
195
69
238
233
234
206
240
63
157
246
148
156
19
123
160
191
104
117
114
134
226
206
240
63
36
127
48
240
220
123
160
191
235
54
168
253
214
206
240
63
171
7
204
67
166
124
160
191
87
4
255
91
201
206
240
63
50
144
103
151
111
125
160
191
184
87
230
173
186
206
240
63
185
24
3
235
56
126
160
191
25
171
205
255
171
206
240
63
64
161
158
62
2
127
160
191
133
120
36
94
158
206
240
63
51
107
41
32
237
127
160
191
241
69
123
188
144
206
240
63
38
53
180
1
216
128
160
191
116
7
177
51
133
206
240
63
173
189
79
85
161
129
160
191
3
67
86
183
122
206
240
63
201
4
252
26
73
130
160
191
168
114
218
83
114
206
240
63
120
10
185
82
207
130
160
191
111
16
173
21
109
206
240
63
80
141
151
110
18
131
160
191
54
174
127
215
103
206
240
63
40
16
118
138
85
131
160
191
31
186
160
190
101
206
240
63
215
21
51
194
219
131
160
191
20
64
49
178
100
206
240
63
94
158
206
21
165
132
160
191
20
64
49
178
100
206
240
63
41
235
55
19
211
133
160
191
20
64
49
178
100
206
240
63
15
127
77
214
168
135
160
191
20
64
49
178
100
206
240
63
205
149
65
181
193
137
160
191
9
198
193
165
99
206
240
63
98
47
20
176
29
140
160
191
230
87
115
128
96
206
240
63
99
10
214
56
155
142
160
191
151
1
103
41
89
206
240
63
100
229
151
193
24
145
160
191
26
195
156
160
77
206
240
63
250
126
106
188
116
147
160
191
134
144
243
254
63
206
240
63
184
149
94
155
141
149
160
191
231
227
218
80
49
206
240
63
198
166
149
66
32
151
160
191
60
189
82
150
33
206
240
63
252
52
238
205
111
152
160
191
146
150
202
219
17
206
240
63
24
124
154
147
23
153
160
191
9
222
144
70
5
206
240
63
24
124
154
147
23
153
160
191
152
25
54
202
250
205
240
63
212
183
204
233
178
152
160
191
61
73
186
102
242
205
240
63
225
237
65
8
200
151
160
191
248
108
29
28
236
205
240
63
22
161
216
10
154
150
160
191
203
132
95
234
231
205
240
63
76
84
111
13
108
149
160
191
191
10
240
221
230
205
240
63
169
132
39
244
250
147
160
191
214
254
206
246
232
205
240
63
223
55
190
246
204
146
160
191
4
231
140
40
237
205
240
63
20
235
84
249
158
145
160
191
61
73
186
102
242
205
240
63
73
158
235
251
112
144
160
191
129
37
87
177
248
205
240
63
86
212
96
26
134
143
160
191
208
123
99
8
0
206
240
63
207
75
197
198
188
142
160
191
32
210
111
95
7
206
240
63
32
70
8
143
54
142
160
191
100
174
12
170
13
206
240
63
180
4
25
1
21
142
160
191
146
150
202
219
17
206
240
63
32
70
8
143
54
142
160
191
191
126
136
13
22
206
240
63
167
206
163
226
255
142
160
191
203
248
247
25
23
206
240
63
221
92
252
109
79
144
160
191
191
126
136
13
22
206
240
63
195
240
17
49
37
146
160
191
157
16
58
232
18
206
240
63
129
7
6
16
62
148
160
191
100
174
12
170
13
206
240
63
171
95
233
124
120
150
160
191
9
222
144
70
5
206
240
63
104
118
221
91
145
152
160
191
163
147
165
214
251
205
240
63
78
10
243
30
103
154
160
191
26
219
107
65
239
205
240
63
92
27
42
198
249
155
160
191
146
34
50
172
226
205
240
63
255
234
113
223
106
157
160
191
254
239
136
10
213
205
240
63
53
121
202
106
186
158
160
191
129
177
190
129
201
205
240
63
0
198
51
104
232
159
160
191
27
103
211
17
192
205
240
63
55
84
140
243
55
161
160
191
203
16
199
186
184
205
240
63
1
161
245
240
101
162
160
191
146
174
153
124
179
205
240
63
96
172
111
96
114
163
160
191
112
64
75
87
176
205
240
63
231
52
11
180
59
164
160
191
112
64
75
87
176
205
240
63
191
183
233
207
126
164
160
191
124
186
186
99
177
205
240
63
124
243
27
38
26
164
160
191
169
162
120
149
181
205
240
63
137
41
145
68
47
163
160
191
215
138
54
199
185
205
240
63
82
155
56
185
223
161
160
191
15
237
99
5
191
205
240
63
135
78
207
187
177
160
160
191
61
213
33
55
195
205
240
63
0
198
51
104
232
159
160
191
95
67
112
92
198
205
240
63
148
132
68
218
198
159
160
191
118
55
79
117
200
205
240
63
176
203
240
159
110
160
160
191
118
55
79
117
200
205
240
63
230
89
73
43
190
161
160
191
106
189
223
104
199
205
240
63
204
237
94
238
147
163
160
191
95
67
112
92
198
205
240
63
178
129
116
177
105
165
160
191
61
213
33
55
195
205
240
63
152
21
138
116
63
167
160
191
38
225
66
30
193
205
240
63
18
104
176
169
243
168
160
191
249
248
132
236
188
205
240
63
181
55
248
194
100
170
160
191
192
150
87
174
183
205
240
63
235
197
80
78
180
171
160
191
135
52
42
112
178
205
240
63
182
18
186
75
226
172
160
191
44
100
174
12
170
205
240
63
129
95
35
73
16
174
160
191
198
25
195
156
160
205
240
63
223
106
157
184
28
175
160
191
95
207
215
44
151
205
240
63
62
118
23
40
41
176
160
191
238
10
125
176
140
205
240
63
49
64
162
9
20
177
160
191
135
192
145
64
131
205
240
63
184
200
61
93
221
177
160
191
44
240
21
221
122
205
240
63
104
206
250
148
99
178
160
191
243
141
232
158
117
205
240
63
171
146
200
62
200
178
160
191
198
165
42
109
113
205
240
63
23
212
183
204
233
178
160
191
187
43
187
96
112
205
240
63
131
21
167
90
11
179
160
191
187
43
187
96
112
205
240
63
239
86
150
232
44
179
160
191
198
165
42
109
113
205
240
63
91
152
133
118
78
179
160
191
221
153
9
134
115
205
240
63
158
92
83
32
179
179
160
191
255
7
88
171
118
205
240
63
78
98
16
88
57
180
160
191
22
252
54
196
120
205
240
63
105
169
188
29
225
180
160
191
33
118
166
208
121
205
240
63
200
180
54
141
237
181
160
191
33
118
166
208
121
205
240
63
147
1
160
138
27
183
160
191
22
252
54
196
120
205
240
63
53
209
231
163
140
184
160
191
243
141
232
158
117
205
240
63
67
226
30
75
31
186
160
191
187
43
187
96
112
205
240
63
189
52
69
128
211
187
160
191
118
79
30
22
106
205
240
63
56
135
107
181
135
189
160
191
39
249
17
191
98
205
240
63
178
217
145
234
59
191
160
191
215
162
5
104
91
205
240
63
192
234
200
145
206
192
160
191
124
210
137
4
83
205
240
63
247
120
33
29
30
194
160
191
33
2
14
161
74
205
240
63
193
197
138
26
76
195
160
191
210
171
1
74
67
205
240
63
180
143
21
252
54
196
160
191
130
85
245
242
59
205
240
63
59
24
177
79
0
197
160
191
62
121
88
168
53
205
240
63
235
29
110
135
134
197
160
191
5
23
43
106
48
205
240
63
195
160
76
163
201
197
160
191
204
180
253
43
43
205
240
63
154
35
43
191
12
198
160
191
147
82
208
237
37
205
240
63
6
101
26
77
46
198
160
191
90
240
162
175
32
205
240
63
114
166
9
219
79
198
160
191
22
20
6
101
26
205
240
63
222
231
248
104
113
198
160
191
199
189
249
13
19
205
240
63
182
106
215
132
180
198
160
191
108
237
125
170
10
205
240
63
249
46
165
46
25
199
160
191
28
151
113
83
3
205
240
63
168
52
98
102
159
199
160
191
227
52
68
21
254
204
240
63
236
248
47
16
4
200
160
191
182
76
134
227
249
204
240
63
155
254
236
71
138
200
160
191
170
210
22
215
248
204
240
63
223
194
186
241
238
200
160
191
170
210
22
215
248
204
240
63
35
135
136
155
83
201
160
191
170
210
22
215
248
204
240
63
210
140
69
211
217
201
160
191
170
210
22
215
248
204
240
63
237
211
241
152
129
202
160
191
148
222
55
190
246
204
240
63
116
92
141
236
74
203
160
191
114
112
233
152
243
204
240
63
103
38
24
206
53
204
160
191
45
148
76
78
237
204
240
63
198
49
146
61
66
205
160
191
222
61
64
247
229
204
240
63
37
61
12
173
78
206
160
191
119
243
84
135
220
204
240
63
24
7
151
142
57
207
160
191
28
35
217
35
212
204
240
63
159
143
50
226
2
208
160
191
193
82
93
192
203
204
240
63
187
214
222
167
170
208
160
191
91
8
114
80
194
204
240
63
254
154
172
81
15
209
160
191
0
56
246
236
185
204
240
63
66
95
122
251
115
209
160
191
165
103
122
137
177
204
240
63
25
226
88
23
183
209
160
191
86
17
110
50
170
204
240
63
201
231
21
79
61
210
160
191
6
187
97
219
162
204
240
63
120
237
210
134
195
210
160
191
182
100
85
132
155
204
240
63
148
52
127
76
107
211
160
191
103
14
73
45
148
204
240
63
175
123
43
18
19
212
160
191
35
50
172
226
141
204
240
63
54
4
199
101
220
212
160
191
211
219
159
139
134
204
240
63
81
75
115
43
132
213
160
191
131
133
147
52
127
204
240
63
1
81
48
99
10
214
160
191
63
169
246
233
120
204
240
63
68
21
254
12
111
214
160
191
240
82
234
146
113
204
240
63
136
217
203
182
211
214
160
191
160
252
221
59
106
204
240
63
95
92
170
210
22
215
160
191
92
32
65
241
99
204
240
63
163
32
120
124
123
215
160
191
12
202
52
154
92
204
240
63
231
228
69
38
224
215
160
191
200
237
151
79
86
204
240
63
190
103
36
66
35
216
160
191
132
17
251
4
80
204
240
63
2
44
242
235
135
216
160
191
75
175
205
198
74
204
240
63
69
240
191
149
236
216
160
191
29
199
15
149
70
204
240
63
29
115
158
177
47
217
160
191
251
88
193
111
67
204
240
63
137
180
141
63
81
217
160
191
240
222
81
99
66
204
240
63
137
180
141
63
81
217
160
191
229
100
226
86
65
204
240
63
137
180
141
63
81
217
160
191
217
234
114
74
64
204
240
63
137
180
141
63
81
217
160
191
194
246
147
49
62
204
240
63
137
180
141
63
81
217
160
191
160
136
69
12
59
204
240
63
245
245
124
205
114
217
160
191
103
38
24
206
53
204
240
63
205
120
91
233
181
217
160
191
35
74
123
131
47
204
240
63
16
61
41
147
26
218
160
191
212
243
110
44
40
204
240
63
43
132
213
88
194
218
160
191
121
35
243
200
31
204
240
63
179
12
113
172
139
219
160
191
41
205
230
113
24
204
240
63
166
214
251
141
118
220
160
191
229
240
73
39
18
204
240
63
4
226
117
253
130
221
160
191
161
20
173
220
11
204
240
63
207
46
223
250
176
222
160
191
115
44
239
170
7
204
240
63
46
58
89
106
189
223
160
191
81
190
160
133
4
204
240
63
181
194
244
189
134
224
160
191
70
68
49
121
3
204
240
63
101
200
177
245
12
225
160
191
70
68
49
121
3
204
240
63
101
200
177
245
12
225
160
191
70
68
49
121
3
204
240
63
101
200
177
245
12
225
160
191
70
68
49
121
3
204
240
63
101
200
177
245
12
225
160
191
70
68
49
121
3
204
240
63
101
200
177
245
12
225
160
191
70
68
49
121
3
204
240
63
101
200
177
245
12
225
160
191
70
68
49
121
3
204
240
63
101
200
177
245
12
225
160
63
70
68
49
121
3
204
240
63
101
200
177
245
12
225
160
63
70
68
49
121
3
204
240
63
101
200
177
245
12
225
160
63
70
68
49
121
3
204
240
63
101
200
177
245
12
225
160
63
70
68
49
121
3
204
240
63
101
200
177
245
12
225
160
63
81
190
160
133
4
204
240
63
181
194
244
189
134
224
160
63
115
44
239
170
7
204
240
63
46
58
89
106
189
223
160
63
161
20
173
220
11
204
240
63
207
46
223
250
176
222
160
63
229
240
73
39
18
204
240
63
4
226
117
253
130
221
160
63
41
205
230
113
24
204
240
63
166
214
251
141
118
220
160
63
121
35
243
200
31
204
240
63
179
12
113
172
139
219
160
63
212
243
110
44
40
204
240
63
43
132
213
88
194
218
160
63
35
74
123
131
47
204
240
63
16
61
41
147
26
218
160
63
103
38
24
206
53
204
240
63
205
120
91
233
181
217
160
63
160
136
69
12
59
204
240
63
245
245
124
205
114
217
160
63
194
246
147
49
62
204
240
63
137
180
141
63
81
217
160
63
217
234
114
74
64
204
240
63
137
180
141
63
81
217
160
63
229
100
226
86
65
204
240
63
137
180
141
63
81
217
160
63
240
222
81
99
66
204
240
63
137
180
141
63
81
217
160
63
251
88
193
111
67
204
240
63
137
180
141
63
81
217
160
63
29
199
15
149
70
204
240
63
29
115
158
177
47
217
160
63
75
175
205
198
74
204
240
63
69
240
191
149
236
216
160
63
132
17
251
4
80
204
240
63
2
44
242
235
135
216
160
63
200
237
151
79
86
204
240
63
190
103
36
66
35
216
160
63
12
202
52
154
92
204
240
63
231
228
69
38
224
215
160
63
92
32
65
241
99
204
240
63
163
32
120
124
123
215
160
63
160
252
221
59
106
204
240
63
95
92
170
210
22
215
160
63
240
82
234
146
113
204
240
63
136
217
203
182
211
214
160
63
63
169
246
233
120
204
240
63
68
21
254
12
111
214
160
63
131
133
147
52
127
204
240
63
1
81
48
99
10
214
160
63
211
219
159
139
134
204
240
63
81
75
115
43
132
213
160
63
35
50
172
226
141
204
240
63
54
4
199
101
220
212
160
63
103
14
73
45
148
204
240
63
175
123
43
18
19
212
160
63
182
100
85
132
155
204
240
63
148
52
127
76
107
211
160
63
6
187
97
219
162
204
240
63
120
237
210
134
195
210
160
63
86
17
110
50
170
204
240
63
201
231
21
79
61
210
160
63
165
103
122
137
177
204
240
63
25
226
88
23
183
209
160
63
0
56
246
236
185
204
240
63
66
95
122
251
115
209
160
63
91
8
114
80
194
204
240
63
254
154
172
81
15
209
160
63
193
82
93
192
203
204
240
63
187
214
222
167
170
208
160
63
28
35
217
35
212
204
240
63
159
143
50
226
2
208
160
63
119
243
84
135
220
204
240
63
24
7
151
142
57
207
160
63
222
61
64
247
229
204
240
63
37
61
12
173
78
206
160
63
45
148
76
78
237
204
240
63
198
49
146
61
66
205
160
63
114
112
233
152
243
204
240
63
103
38
24
206
53
204
160
63
148
222
55
190
246
204
240
63
116
92
141
236
74
203
160
63
170
210
22
215
248
204
240
63
237
211
241
152
129
202
160
63
170
210
22
215
248
204
240
63
210
140
69
211
217
201
160
63
170
210
22
215
248
204
240
63
35
135
136
155
83
201
160
63
170
210
22
215
248
204
240
63
223
194
186
241
238
200
160
63
182
76
134
227
249
204
240
63
155
254
236
71
138
200
160
63
227
52
68
21
254
204
240
63
236
248
47
16
4
200
160
63
28
151
113
83
3
205
240
63
168
52
98
102
159
199
160
63
108
237
125
170
10
205
240
63
249
46
165
46
25
199
160
63
199
189
249
13
19
205
240
63
182
106
215
132
180
198
160
63
22
20
6
101
26
205
240
63
222
231
248
104
113
198
160
63
90
240
162
175
32
205
240
63
114
166
9
219
79
198
160
63
147
82
208
237
37
205
240
63
6
101
26
77
46
198
160
63
204
180
253
43
43
205
240
63
154
35
43
191
12
198
160
63
5
23
43
106
48
205
240
63
195
160
76
163
201
197
160
63
62
121
88
168
53
205
240
63
235
29
110
135
134
197
160
63
130
85
245
242
59
205
240
63
59
24
177
79
0
197
160
63
210
171
1
74
67
205
240
63
180
143
21
252
54
196
160
63
33
2
14
161
74
205
240
63
193
197
138
26
76
195
160
63
124
210
137
4
83
205
240
63
247
120
33
29
30
194
160
63
215
162
5
104
91
205
240
63
192
234
200
145
206
192
160
63
39
249
17
191
98
205
240
63
178
217
145
234
59
191
160
63
118
79
30
22
106
205
240
63
56
135
107
181
135
189
160
63
187
43
187
96
112
205
240
63
189
52
69
128
211
187
160
63
243
141
232
158
117
205
240
63
67
226
30
75
31
186
160
63
22
252
54
196
120
205
240
63
53
209
231
163
140
184
160
63
33
118
166
208
121
205
240
63
147
1
160
138
27
183
160
63
33
118
166
208
121
205
240
63
200
180
54
141
237
181
160
63
22
252
54
196
120
205
240
63
105
169
188
29
225
180
160
63
255
7
88
171
118
205
240
63
78
98
16
88
57
180
160
63
221
153
9
134
115
205
240
63
158
92
83
32
179
179
160
63
198
165
42
109
113
205
240
63
91
152
133
118
78
179
160
63
187
43
187
96
112
205
240
63
239
86
150
232
44
179
160
63
187
43
187
96
112
205
240
63
131
21
167
90
11
179
160
63
198
165
42
109
113
205
240
63
23
212
183
204
233
178
160
63
243
141
232
158
117
205
240
63
171
146
200
62
200
178
160
63
44
240
21
221
122
205
240
63
104
206
250
148
99
178
160
63
135
192
145
64
131
205
240
63
184
200
61
93
221
177
160
63
238
10
125
176
140
205
240
63
49
64
162
9
20
177
160
63
95
207
215
44
151
205
240
63
62
118
23
40
41
176
160
63
198
25
195
156
160
205
240
63
223
106
157
184
28
175
160
63
44
100
174
12
170
205
240
63
129
95
35
73
16
174
160
63
135
52
42
112
178
205
240
63
182
18
186
75
226
172
160
63
192
150
87
174
183
205
240
63
235
197
80
78
180
171
160
63
249
248
132
236
188
205
240
63
181
55
248
194
100
170
160
63
38
225
66
30
193
205
240
63
18
104
176
169
243
168
160
63
61
213
33
55
195
205
240
63
152
21
138
116
63
167
160
63
95
67
112
92
198
205
240
63
178
129
116
177
105
165
160
63
106
189
223
104
199
205
240
63
204
237
94
238
147
163
160
63
118
55
79
117
200
205
240
63
230
89
73
43
190
161
160
63
118
55
79
117
200
205
240
63
176
203
240
159
110
160
160
63
95
67
112
92
198
205
240
63
148
132
68
218
198
159
160
63
61
213
33
55
195
205
240
63
0
198
51
104
232
159
160
63
15
237
99
5
191
205
240
63
135
78
207
187
177
160
160
63
215
138
54
199
185
205
240
63
82
155
56
185
223
161
160
63
169
162
120
149
181
205
240
63
137
41
145
68
47
163
160
63
124
186
186
99
177
205
240
63
124
243
27
38
26
164
160
63
112
64
75
87
176
205
240
63
191
183
233
207
126
164
160
63
112
64
75
87
176
205
240
63
231
52
11
180
59
164
160
63
146
174
153
124
179
205
240
63
96
172
111
96
0
0
0
0
0
0
0
0
0
0
0
0
0
0
0
0
0
0
0
0
0
0
0
0
0
0
0
0
0
0
0
0
0
0
0
0
0
0
0
0
0
0
0
0
0
0
0
0
0
0
0
0
0
0
0
0
0
0
0
0
0
0
0
0
0
0
0
0
0
0
0
0
0
0
0
0
0
0
0
0
0
0
0
0
0
0
0
0
0
0
0
0
0
0
0
0
0
0
0
0
0
0
0
0
0
0
0
0
0
0
0
0
0
0
0
0
0
0
0
0
0
0
0
0
0
0
0
0
0
0
0
0
0
0
0
0
0
0
0
0
0
0
0
0
0
0
0
0
0
0
0
0
0
0
0
0
0
0
0
0
0
0
0
0
0
0
0
0
0
0
0
0
0
0
0
0
0
0
0
0
0
0
0
0
0
0
0
0
0
0
0
0
0
0
0
0
0
0
0
0
0
0
0
0
0
0
0
0
0
0
0
0
0
0
0
0
0
0
0
0
0
0
0
0
0
0
0
0
0
0
0
0
0
0
0
0
0
0
0
0
0
0
0
0
0
0
0
0
0
0
0
0
0
0
0
0
0
0
0
0
0
0
0
0
0
0
0
0
0
0
0
0
0
0
0
0
0
0
0
0
0
0
0
0
0
0
0
0
0
0
0
0
0
0
0
0
0
0
0
0
0
0
0
0
0
0
0
0
0
0
0
0
0
0
0
0
0
0
0
0
0
0
0
0
0
0
0
0
0
0
0
0
0
0
0
0
0
0
0
0
0
0
0
0
0
0
0
0
0
0
0
0
0
0
0
0
0
0
0
0
0
0
0
0
0
0
0
0
0
0
0
0
0
0
0
0
0
0
0
0
0
0
0
0
0
0
0
0
0
0
0
0
0
0
0
0
0
0
0
0
0
0
0
0
0
0
0
0
0
0
0
0
0
0
0
0
0
0
0
0
0
0
0
0
0
0
0
0
0
0
0
0
0
0
0
0
0
0
0
0
0
0
0
0
0
0
0
0
0
0
0
0
0
0
0
0
0
0
0
0
0
0
0
0
0
0
0
0
0
0
0
0
0
0
0
0
0
0
0
0
0
0
0
0
0
0
0
0
0
0
0
0
0
0
0
0
0
0
0
0
0
0
0
0
0
0
0
0
0
0
0
0
0
0
0
0
0
0
0
0
0
0
0
0
0
0
0
0
0
0
0
0
0
0
0
0
0
0
0
0
0
0
0
0
0
0
0
0
0
0
0
0
0
0
0
0
0
0
0
0
0
0
0
0
0
0
0
0
0
0
0
0
0
0
0
0
0
0
0
0
0
0
0
0
0
0
0
0
0
0
0
0
0
0
0
0
0
0
0
0
0
0
0
0
0
0
0
0
0
0
0
0
0
0
0
0
0
0
0
0
0
0
0
0
0
0
0
0
0
0
0
0
0
0
0
0
0
0
0
0
0
0
0
0
0
0
0
0
0
0
0
0
0
0
0
0
0
0
0
0
0
0
0
0
0
0
0
0
0
0
0
0
0
0
0
0
0
0
0
0
0
0
0
0
0
0
0
0
0
0
0
0
0
0
0
0
0
0
0
0
0
0
0
0
0
0
0
0
0
0
0
0
0
0
0
0
0
0
0
0
0
0
0
0
0
0
0
0
0
0
0
0
0
0
0
0
0
0
0
0
0
0
0
0
0
0
0
0
0
0
0
0
0
0
0
0
0
0
0
0
0
0
0
0
0
0
0
0
0
0
0
0
0
0
0
0
0
0
0
0
0
0
0
0
0
0
0
0
0
0
0
0
0
0
0
0
0
0
0
0
0
0
0
0
0
0
0
0
0
0
0
0
0
0
0
0
0
0
0
0
0
0
0
0
0
0
0
0
0
0
0
0
0
0
0
0
0
0
0
0
0
0
0
0
0
0
0
0
0
0
0
0
0
0
0
0
0
0
0
0
0
0
0
0
0
0
0
0
0
0
0
0
0
0
0
0
0
0
0
0
0
0
0
0
0
0
0
0
0
0
0
0
0
0
0
0
0
0
0
0
0
0
0
0
0
0
0
0
0
0
0
0
0
0
0
0
0
0
0
0
0
0
0
0
0
0
0
0
0
0
0
0
0
0
0
0
0
0
0
0
0
0
0
0
0
0
0
0
0
0
0
0
0
0
0
0
0
0
0
0
0
0
0
0
0
0
0
0
0
0
0
0
0
0
0
0
0
0
0
0
0
0
0
0
0
0
0
0
0
0
0
0
0
0
0
0
0
0
0
0
0
0
0
0
0
0
0
0
0
0
0
0
0
0
0
0
0
0
0
0
0
0
0
0
0
0
0
0
0
0
0
0
0
0
0
0
0
0
0
0
0
0
0
0
0
0
0
0
0
0
0
0
0
0
0
0
0
0
0
0
0
0
0
0
0
0
0
0
0
0
0
0
0
0
0
0
0
0
0
0
0
0
0
0
0
0
0
0
0
0
0
0
0
0
0
0
0
0
0
0
0
0
0
0
0
0
0
0
0
0
0
0
0
0
0
0
0
0
0
0
0
0
0
0
0
0
0
0
0
0
0
0
0
0
0
0
0
0
0
0
0
0
0
0
0
0
0
0
0
0
0
0
0
0
0
0
0
0
0
0
0
0
0
0
0
0
0
0
0
0
0
0
0
0
0
0
0
0
0
0
0
0
0
0
0
0
0
0
0
0
0
0
0
0
0
0
0
0
0
0
0
0
0
0
0
0
0
0
0
0
0
0
0
0
0
0
0
0
0
0
0
0
0
0
0
0
0