58
70
65
67
84
58
67
68
65
84
49
56
58
68
65
84
65
32
35
57
48
48
48
48
48
54
57
51
54
0
0
0
0
0
80
112
192
0
0
0
0
0
128
82
192
0
0
0
0
0
64
101
192
0
0
0
0
0
64
87
192
0
0
0
0
0
0
82
192
0
0
0
0
0
128
86
192
0
0
0
0
0
0
61
64
0
0
0
0
0
128
79
192
0
0
0
0
0
0
96
64
0
0
0
0
0
0
44
192
0
0
0
0
0
96
107
64
0
0
0
0
0
0
75
64
0
0
0
0
0
144
114
64
0
0
0
0
0
96
97
64
0
0
0
0
0
112
118
64
0
0
0
0
0
160
109
64
0
0
0
0
0
0
121
64
0
0
0
0
0
96
117
64
0
0
0
0
0
64
122
64
0
0
0
0
0
16
124
64
0
0
0
0
0
240
121
64
0
0
0
0
0
72
129
64
0
0
0
0
0
48
120
64
0
0
0
0
0
72
132
64
0
0
0
0
0
16
117
64
0
0
0
0
0
216
134
64
0
0
0
0
0
176
112
64
0
0
0
0
0
232
136
64
0
0
0
0
0
160
102
64
0
0
0
0
0
80
138
64
0
0
0
0
0
192
84
64
0
0
0
0
0
0
139
64
0
0
0
0
0
0
54
192
0
0
0
0
0
248
138
64
0
0
0
0
0
0
96
192
0
0
0
0
0
56
138
64
0
0
0
0
0
224
108
192
0
0
0
0
0
208
136
64
0
0
0
0
0
64
116
192
0
0
0
0
0
200
134
64
0
0
0
0
0
64
121
192
0
0
0
0
0
80
132
64
0
0
0
0
0
32
125
192
0
0
0
0
0
136
129
64
0
0
0
0
0
192
127
192
0
0
0
0
0
32
125
64
0
0
0
0
0
128
128
192
0
0
0
0
0
48
119
64
0
0
0
0
0
104
128
192
0
0
0
0
0
144
113
64
0
0
0
0
0
64
127
192
0
0
0
0
0
64
105
64
0
0
0
0
0
112
124
192
0
0
0
0
0
32
97
64
0
0
0
0
0
128
120
192
0
0
0
0
0
128
86
64
0
0
0
0
0
208
115
192
0
0
0
0
0
0
80
64
0
0
0
0
0
64
109
192
0
0
0
0
0
0
78
64
0
0
0
0
0
96
98
192
0
0
0
0
0
128
83
64
0
0
0
0
0
128
79
192
0
0
0
0
0
64
93
64
0
0
0
0
0
0
44
64
0
0
0
0
0
224
101
64
0
0
0
0
0
192
83
64
0
0
0
0
0
0
111
64
0
0
0
0
0
192
95
64
0
0
0
0
0
192
116
64
0
0
0
0
0
128
99
64
0
0
0
0
0
96
122
64
0
0
0
0
0
96
100
64
0
0
0
0
0
0
128
64
0
0
0
0
0
96
98
64
0
0
0
0
0
176
130
64
0
0
0
0
0
64
91
64
0
0
0
0
0
8
133
64
0
0
0
0
0
128
73
64
0
0
0
0
0
240
134
64
0
0
0
0
0
0
57
192
0
0
0
0
0
56
136
64
0
0
0
0
0
192
92
192
0
0
0
0
0
216
136
64
0
0
0
0
0
160
106
192
0
0
0
0
0
192
136
64
0
0
0
0
0
192
115
192
0
0
0
0
0
224
135
64
0
0
0
0
0
0
122
192
0
0
0
0
0
80
134
64
0
0
0
0
0
208
127
192
0
0
0
0
0
24
132
64
0
0
0
0
0
96
130
192
0
0
0
0
0
88
129
64
0
0
0
0
0
80
132
192
0
0
0
0
0
96
124
64
0
0
0
0
0
152
133
192
0
0
0
0
0
144
117
64
0
0
0
0
0
24
134
192
0
0
0
0
0
64
109
64
0
0
0
0
0
208
133
192
0
0
0
0
0
0
96
64
0
0
0
0
0
184
132
192
0
0
0
0
0
0
63
64
0
0
0
0
0
216
130
192
0
0
0
0
0
0
73
192
0
0
0
0
0
80
128
192
0
0
0
0
0
128
91
192
0
0
0
0
0
128
122
192
0
0
0
0
0
64
98
192
0
0
0
0
0
144
115
192
0
0
0
0
0
128
99
192
0
0
0
0
0
64
104
192
0
0
0
0
0
64
97
192
0
0
0
0
0
192
82
192
0
0
0
0
0
0
87
192
0
0
0
0
0
0
67
64
0
0
0
0
0
0
52
192
0
0
0
0
0
128
97
64
0
0
0
0
0
192
82
64
0
0
0
0
0
0
108
64
0
0
0
0
0
160
103
64
0
0
0
0
0
224
113
64
0
0
0
0
0
176
115
64
0
0
0
0
0
16
116
64
0
0
0
0
0
16
124
64
0
0
0
0
0
128
116
64
0
0
0
0
0
56
130
64
0
0
0
0
0
16
115
64
0
0
0
0
0
56
134
64
0
0
0
0
0
160
111
64
0
0
0
0
0
216
137
64
0
0
0
0
0
160
101
64
0
0
0
0
0
216
140
64
0
0
0
0
0
64
81
64
0
0
0
0
0
40
143
64
0
0
0
0
0
0
75
192
0
0
0
0
0
76
144
64
0
0
0
0
0
224
103
192
0
0
0
0
0
140
144
64
0
0
0
0
0
240
116
192
0
0
0
0
0
80
144
64
0
0
0
0
0
240
125
192
0
0
0
0
0
56
143
64
0
0
0
0
0
72
131
192
0
0
0
0
0
240
140
64
0
0
0
0
0
48
135
192
0
0
0
0
0
232
137
64
0
0
0
0
0
128
138
192
0
0
0
0
0
64
134
64
0
0
0
0
0
8
141
192
0
0
0
0
0
56
130
64
0
0
0
0
0
184
142
192
0
0
0
0
0
224
123
64
0
0
0
0
0
112
143
192
0
0
0
0
0
80
115
64
0
0
0
0
0
32
143
192
0
0
0
0
0
160
102
64
0
0
0
0
0
176
141
192
0
0
0
0
0
0
81
64
0
0
0
0
0
40
139
192
0
0
0
0
0
0
51
192
0
0
0
0
0
200
135
192
0
0
0
0
0
192
82
192
0
0
0
0
0
192
131
192
0
0
0
0
0
64
88
192
0
0
0
0
0
208
126
192
0
0
0
0
0
128
84
192
0
0
0
0
0
0
118
192
0
0
0
0
0
0
64
192
0
0
0
0
0
96
107
192
0
0
0
0
0
128
72
64
0
0
0
0
0
192
89
192
0
0
0
0
0
128
99
64
0
0
0
0
0
0
40
192
0
0
0
0
0
144
113
64
0
0
0
0
0
0
72
64
0
0
0
0
0
224
121
64
0
0
0
0
0
64
82
64
0
0
0
0
0
32
129
64
0
0
0
0
0
0
80
64
0
0
0
0
0
24
133
64
0
0
0
0
0
0
52
64
0
0
0
0
0
168
136
64
0
0
0
0
0
128
74
192
0
0
0
0
0
176
139
64
0
0
0
0
0
64
99
192
0
0
0
0
0
0
142
64
0
0
0
0
0
96
113
192
0
0
0
0
0
136
143
64
0
0
0
0
0
48
122
192
0
0
0
0
0
28
144
64
0
0
0
0
0
224
129
192
0
0
0
0
0
0
144
64
0
0
0
0
0
232
134
192
0
0
0
0
0
216
142
64
0
0
0
0
0
0
140
192
0
0
0
0
0
208
140
64
0
0
0
0
0
132
144
192
0
0
0
0
0
232
137
64
0
0
0
0
0
232
146
192
0
0
0
0
0
32
134
64
0
0
0
0
0
16
149
192
0
0
0
0
0
136
129
64
0
0
0
0
0
224
150
192
0
0
0
0
0
128
120
64
0
0
0
0
0
64
152
192
0
0
0
0
0
224
105
64
0
0
0
0
0
16
153
192
0
0
0
0
0
0
44
64
0
0
0
0
0
64
153
192
0
0
0
0
0
64
102
192
0
0
0
0
0
196
152
192
0
0
0
0
0
112
118
192
0
0
0
0
0
148
151
192
0
0
0
0
0
48
128
192
0
0
0
0
0
184
149
192
0
0
0
0
0
24
132
192
0
0
0
0
0
64
147
192
0
0
0
0
0
168
134
192
0
0
0
0
0
72
144
192
0
0
0
0
0
160
135
192
0
0
0
0
0
240
137
192
0
0
0
0
0
224
134
192
0
0
0
0
0
32
131
192
0
0
0
0
0
96
132
192
0
0
0
0
0
32
121
192
0
0
0
0
0
64
128
192
0
0
0
0
0
128
106
192
0
0
0
0
0
112
117
192
0
0
0
0
0
128
76
192
0
0
0
0
0
0
96
192
0
0
0
0
0
0
75
64
0
0
0
0
0
0
92
64
0
0
0
0
0
0
92
64
0
0
0
0
0
208
118
64
0
0
0
0
0
192
91
64
0
0
0
0
0
56
131
64
0
0
0
0
0
0
73
64
0
0
0
0
0
128
138
64
0
0
0
0
0
64
81
192
0
0
0
0
0
120
144
64
0
0
0
0
0
128
110
192
0
0
0
0
0
28
147
64
0
0
0
0
0
48
125
192
0
0
0
0
0
12
149
64
0
0
0
0
0
216
134
192
0
0
0
0
0
48
150
64
0
0
0
0
0
20
144
192
0
0
0
0
0
116
150
64
0
0
0
0
0
28
149
192
0
0
0
0
0
200
149
64
0
0
0
0
0
100
154
192
0
0
0
0
0
36
148
64
0
0
0
0
0
192
159
192
0
0
0
0
0
132
145
64
0
0
0
0
0
134
162
192
0
0
0
0
0
208
139
64
0
0
0
0
0
16
165
192
0
0
0
0
0
176
130
64
0
0
0
0
0
110
167
192
0
0
0
0
0
224
110
64
0
0
0
0
0
136
169
192
0
0
0
0
0
224
99
192
0
0
0
0
0
70
171
192
0
0
0
0
0
40
131
192
0
0
0
0
0
146
172
192
0
0
0
0
0
76
145
192
0
0
0
0
0
84
173
192
0
0
0
0
0
116
153
192
0
0
0
0
0
124
173
192
0
0
0
0
0
234
160
192
0
0
0
0
0
252
172
192
0
0
0
0
0
26
165
192
0
0
0
0
0
202
171
192
0
0
0
0
0
38
169
192
0
0
0
0
0
232
169
192
0
0
0
0
0
240
172
192
0
0
0
0
0
86
167
192
0
0
0
0
0
43
176
192
0
0
0
0
0
32
164
192
0
0
0
0
0
158
177
192
0
0
0
0
0
90
160
192
0
0
0
0
0
198
178
192
0
0
0
0
0
52
152
192
0
0
0
0
0
155
179
192
0
0
0
0
0
0
142
192
0
0
0
0
0
24
180
192
0
0
0
0
0
64
117
192
0
0
0
0
0
58
180
192
0
0
0
0
0
112
114
64
0
0
0
0
0
3
180
192
0
0
0
0
0
16
141
64
0
0
0
0
0
118
179
192
0
0
0
0
0
68
152
64
0
0
0
0
0
151
178
192
0
0
0
0
0
204
160
64
0
0
0
0
0
111
177
192
0
0
0
0
0
50
165
64
0
0
0
0
0
5
176
192
0
0
0
0
0
62
169
64
0
0
0
0
0
194
172
192
0
0
0
0
0
232
172
64
0
0
0
0
0
20
169
192
0
0
0
0
0
17
176
64
0
0
0
0
0
12
165
192
0
0
0
0
0
112
177
64
0
0
0
0
0
186
160
192
0
0
0
0
0
141
178
64
0
0
0
0
0
88
152
192
0
0
0
0
0
99
179
64
0
0
0
0
0
200
141
192
0
0
0
0
0
239
179
64
0
0
0
0
0
0
117
192
0
0
0
0
0
46
180
64
0
0
0
0
0
192
113
64
0
0
0
0
0
29
180
64
0
0
0
0
0
8
140
64
0
0
0
0
0
188
179
64
0
0
0
0
0
80
151
64
0
0
0
0
0
11
179
64
0
0
0
0
0
20
160
64
0
0
0
0
0
11
178
64
0
0
0
0
0
48
164
64
0
0
0
0
0
195
176
64
0
0
0
0
0
234
167
64
0
0
0
0
0
116
174
64
0
0
0
0
0
48
171
64
0
0
0
0
0
246
170
64
0
0
0
0
0
250
173
64
0
0
0
0
0
32
167
64
0
0
0
0
0
33
176
64
0
0
0
0
0
4
163
64
0
0
0
0
0
1
177
64
0
0
0
0
0
116
157
64
0
0
0
0
0
159
177
64
0
0
0
0
0
168
148
64
0
0
0
0
0
252
177
64
0
0
0
0
0
136
135
64
0
0
0
0
0
28
178
64
0
0
0
0
0
96
103
64
0
0
0
0
0
2
178
64
0
0
0
0
0
48
119
192
0
0
0
0
0
178
177
64
0
0
0
0
0
176
140
192
0
0
0
0
0
45
177
64
0
0
0
0
0
164
150
192
0
0
0
0
0
113
176
64
0
0
0
0
0
168
158
192
0
0
0
0
0
2
175
64
0
0
0
0
0
44
163
192
0
0
0
0
0
180
172
64
0
0
0
0
0
206
166
192
0
0
0
0
0
254
169
64
0
0
0
0
0
46
170
192
0
0
0
0
0
222
166
64
0
0
0
0
0
66
173
192
0
0
0
0
0
88
163
64
0
0
0
0
0
246
175
192
0
0
0
0
0
236
158
64
0
0
0
0
0
31
177
192
0
0
0
0
0
128
150
64
0
0
0
0
0
3
178
192
0
0
0
0
0
24
139
64
0
0
0
0
0
160
178
192
0
0
0
0
0
0
113
64
0
0
0
0
0
241
178
192
0
0
0
0
0
224
116
192
0
0
0
0
0
243
178
192
0
0
0
0
0
80
141
192
0
0
0
0
0
165
178
192
0
0
0
0
0
224
151
192
0
0
0
0
0
9
178
192
0
0
0
0
0
86
160
192
0
0
0
0
0
34
177
192
0
0
0
0
0
118
164
192
0
0
0
0
0
236
175
192
0
0
0
0
0
60
168
192
0
0
0
0
0
24
173
192
0
0
0
0
0
152
171
192
0
0
0
0
0
218
169
192
0
0
0
0
0
128
174
192
0
0
0
0
0
70
166
192
0
0
0
0
0
119
176
192
0
0
0
0
0
108
162
192
0
0
0
0
0
110
177
192
0
0
0
0
0
184
156
192
0
0
0
0
0
37
178
192
0
0
0
0
0
72
148
192
0
0
0
0
0
155
178
192
0
0
0
0
0
56
135
192
0
0
0
0
0
206
178
192
0
0
0
0
0
128
102
192
0
0
0
0
0
191
178
192
0
0
0
0
0
0
120
64
0
0
0
0
0
109
178
192
0
0
0
0
0
120
141
64
0
0
0
0
0
215
177
192
0
0
0
0
0
76
151
64
0
0
0
0
0
255
176
192
0
0
0
0
0
144
159
64
0
0
0
0
0
202
175
192
0
0
0
0
0
180
163
64
0
0
0
0
0
20
173
192
0
0
0
0
0
94
167
64
0
0
0
0
0
232
169
192
0
0
0
0
0
176
170
64
0
0
0
0
0
80
166
192
0
0
0
0
0
154
173
64
0
0
0
0
0
94
162
192
0
0
0
0
0
4
176
64
0
0
0
0
0
72
156
192
0
0
0
0
0
249
176
64
0
0
0
0
0
112
147
192
0
0
0
0
0
166
177
64
0
0
0
0
0
192
132
192
0
0
0
0
0
8
178
64
0
0
0
0
0
64
84
192
0
0
0
0
0
32
178
64
0
0
0
0
0
224
126
64
0
0
0
0
0
238
177
64
0
0
0
0
0
100
144
64
0
0
0
0
0
118
177
64
0
0
0
0
0
160
152
64
0
0
0
0
0
189
176
64
0
0
0
0
0
38
160
64
0
0
0
0
0
148
175
64
0
0
0
0
0
170
163
64
0
0
0
0
0
70
173
64
0
0
0
0
0
216
166
64
0
0
0
0
0
156
170
64
0
0
0
0
0
170
169
64
0
0
0
0
0
162
167
64
0
0
0
0
0
26
172
64
0
0
0
0
0
96
164
64
0
0
0
0
0
38
174
64
0
0
0
0
0
228
160
64
0
0
0
0
0
204
175
64
0
0
0
0
0
100
154
64
0
0
0
0
0
131
176
64
0
0
0
0
0
172
146
64
0
0
0
0
0
233
176
64
0
0
0
0
0
96
133
64
0
0
0
0
0
21
177
64
0
0
0
0
0
224
99
64
0
0
0
0
0
4
177
64
0
0
0
0
0
96
119
192
0
0
0
0
0
181
176
64
0
0
0
0
0
88
140
192
0
0
0
0
0
38
176
64
0
0
0
0
0
92
150
192
0
0
0
0
0
174
174
64
0
0
0
0
0
72
158
192
0
0
0
0
0
148
172
64
0
0
0
0
0
230
162
192
0
0
0
0
0
4
170
64
0
0
0
0
0
94
166
192
0
0
0
0
0
10
167
64
0
0
0
0
0
126
169
192
0
0
0
0
0
176
163
64
0
0
0
0
0
56
172
192
0
0
0
0
0
8
160
64
0
0
0
0
0
122
174
192
0
0
0
0
0
68
152
64
0
0
0
0
0
31
176
192
0
0
0
0
0
40
144
64
0
0
0
0
0
190
176
192
0
0
0
0
0
144
127
64
0
0
0
0
0
23
177
192
0
0
0
0
0
0
55
192
0
0
0
0
0
44
177
192
0
0
0
0
0
0
129
192
0
0
0
0
0
253
176
192
0
0
0
0
0
100
144
192
0
0
0
0
0
144
176
192
0
0
0
0
0
244
151
192
0
0
0
0
0
206
175
192
0
0
0
0
0
28
159
192
0
0
0
0
0
14
174
192
0
0
0
0
0
228
162
192
0
0
0
0
0
230
171
192
0
0
0
0
0
242
165
192
0
0
0
0
0
96
169
192
0
0
0
0
0
178
168
192
0
0
0
0
0
126
166
192
0
0
0
0
0
30
171
192
0
0
0
0
0
76
163
192
0
0
0
0
0
40
173
192
0
0
0
0
0
164
159
192
0
0
0
0
0
196
174
192
0
0
0
0
0
52
152
192
0
0
0
0
0
236
175
192
0
0
0
0
0
104
144
192
0
0
0
0
0
74
176
192
0
0
0
0
0
192
128
192
0
0
0
0
0
93
176
192
0
0
0
0
0
0
46
192
0
0
0
0
0
45
176
192
0
0
0
0
0
112
127
64
0
0
0
0
0
116
175
192
0
0
0
0
0
128
143
64
0
0
0
0
0
16
174
192
0
0
0
0
0
72
151
64
0
0
0
0
0
52
172
192
0
0
0
0
0
80
158
64
0
0
0
0
0
236
169
192
0
0
0
0
0
92
162
64
0
0
0
0
0
70
167
192
0
0
0
0
0
48
165
64
0
0
0
0
0
84
164
192
0
0
0
0
0
158
167
64
0
0
0
0
0
36
161
192
0
0
0
0
0
160
169
64
0
0
0
0
0
140
155
192
0
0
0
0
0
48
171
64
0
0
0
0
0
148
148
192
0
0
0
0
0
82
172
64
0
0
0
0
0
0
139
192
0
0
0
0
0
4
173
64
0
0
0
0
0
144
121
192
0
0
0
0
0
74
173
64
0
0
0
0
0
0
69
64
0
0
0
0
0
40
173
64
0
0
0
0
0
64
126
64
0
0
0
0
0
162
172
64
0
0
0
0
0
128
140
64
0
0
0
0
0
190
171
64
0
0
0
0
0
172
148
64
0
0
0
0
0
128
170
64
0
0
0
0
0
192
154
64
0
0
0
0
0
236
168
64
0
0
0
0
0
54
160
64
0
0
0
0
0
4
167
64
0
0
0
0
0
206
162
64
0
0
0
0
0
208
164
64
0
0
0
0
0
32
165
64
0
0
0
0
0
84
162
64
0
0
0
0
0
36
167
64
0
0
0
0
0
48
159
64
0
0
0
0
0
208
168
64
0
0
0
0
0
72
153
64
0
0
0
0
0
32
170
64
0
0
0
0
0
4
147
64
0
0
0
0
0
8
171
64
0
0
0
0
0
248
136
64
0
0
0
0
0
136
171
64
0
0
0
0
0
48
119
64
0
0
0
0
0
156
171
64
0
0
0
0
0
0
79
192
0
0
0
0
0
68
171
64
0
0
0
0
0
176
126
192
0
0
0
0
0
130
170
64
0
0
0
0
0
112
140
192
0
0
0
0
0
94
169
64
0
0
0
0
0
132
148
192
0
0
0
0
0
222
167
64
0
0
0
0
0
120
154
192
0
0
0
0
0
6
166
64
0
0
0
0
0
252
159
192
0
0
0
0
0
228
163
64
0
0
0
0
0
130
162
192
0
0
0
0
0
124
161
64
0
0
0
0
0
190
164
192
0
0
0
0
0
184
157
64
0
0
0
0
0
176
166
192
0
0
0
0
0
20
152
64
0
0
0
0
0
80
168
192
0
0
0
0
0
36
146
64
0
0
0
0
0
158
169
192
0
0
0
0
0
232
135
64
0
0
0
0
0
148
170
192
0
0
0
0
0
96
118
64
0
0
0
0
0
46
171
192
0
0
0
0
0
128
76
192
0
0
0
0
0
108
171
192
0
0
0
0
0
160
125
192
0
0
0
0
0
74
171
192
0
0
0
0
0
192
139
192
0
0
0
0
0
196
170
192
0
0
0
0
0
56
148
192
0
0
0
0
0
218
169
192
0
0
0
0
0
84
154
192
0
0
0
0
0
140
168
192
0
0
0
0
0
16
160
192
0
0
0
0
0
222
166
192
0
0
0
0
0
192
162
192
0
0
0
0
0
208
164
192
0
0
0
0
0
44
165
192
0
0
0
0
0
106
162
192
0
0
0
0
0
72
167
192
0
0
0
0
0
104
159
192
0
0
0
0
0
8
169
192
0
0
0
0
0
120
153
192
0
0
0
0
0
98
170
192
0
0
0
0
0
28
147
192
0
0
0
0
0
82
171
192
0
0
0
0
0
224
136
192
0
0
0
0
0
210
171
192
0
0
0
0
0
112
118
192
0
0
0
0
0
224
171
192
0
0
0
0
0
64
84
64
0
0
0
0
0
128
171
192
0
0
0
0
0
24
128
64
0
0
0
0
0
180
170
192
0
0
0
0
0
64
141
64
0
0
0
0
0
132
169
192
0
0
0
0
0
228
148
64
0
0
0
0
0
248
167
192
0
0
0
0
0
188
154
64
0
0
0
0
0
26
166
192
0
0
0
0
0
12
160
64
0
0
0
0
0
244
163
192
0
0
0
0
0
116
162
64
0
0
0
0
0
144
161
192
0
0
0
0
0
144
164
64
0
0
0
0
0
236
157
192
0
0
0
0
0
94
166
64
0
0
0
0
0
96
152
192
0
0
0
0
0
218
167
64
0
0
0
0
0
136
146
192
0
0
0
0
0
2
169
64
0
0
0
0
0
248
136
192
0
0
0
0
0
212
169
64
0
0
0
0
0
16
121
192
0
0
0
0
0
76
170
64
0
0
0
0
0
0
8
64
0
0
0
0
0
106
170
64
0
0
0
0
0
144
121
64
0
0
0
0
0
44
170
64
0
0
0
0
0
104
137
64
0
0
0
0
0
144
169
64
0
0
0
0
0
224
146
64
0
0
0
0
0
150
168
64
0
0
0
0
0
212
152
64
0
0
0
0
0
62
167
64
0
0
0
0
0
112
158
64
0
0
0
0
0
140
165
64
0
0
0
0
0
208
161
64
0
0
0
0
0
134
163
64
0
0
0
0
0
36
164
64
0
0
0
0
0
50
161
64
0
0
0
0
0
44
166
64
0
0
0
0
0
52
157
64
0
0
0
0
0
222
167
64
0
0
0
0
0
144
151
64
0
0
0
0
0
50
169
64
0
0
0
0
0
152
145
64
0
0
0
0
0
36
170
64
0
0
0
0
0
200
134
64
0
0
0
0
0
178
170
64
0
0
0
0
0
64
116
64
0
0
0
0
0
222
170
64
0
0
0
0
0
192
84
192
0
0
0
0
0
168
170
64
0
0
0
0
0
128
126
192
0
0
0
0
0
22
170
64
0
0
0
0
0
176
139
192
0
0
0
0
0
42
169
64
0
0
0
0
0
224
147
192
0
0
0
0
0
230
167
64
0
0
0
0
0
172
153
192
0
0
0
0
0
78
166
64
0
0
0
0
0
48
159
192
0
0
0
0
0
102
164
64
0
0
0
0
0
44
162
192
0
0
0
0
0
46
162
64
0
0
0
0
0
138
164
192
0
0
0
0
0
92
159
64
0
0
0
0
0
172
166
192
0
0
0
0
0
204
153
64
0
0
0
0
0
138
168
192
0
0
0
0
0
188
147
64
0
0
0
0
0
22
170
192
0
0
0
0
0
128
138
64
0
0
0
0
0
72
171
192
0
0
0
0
0
208
121
64
0
0
0
0
0
18
172
192
0
0
0
0
0
128
66
192
0
0
0
0
0
114
172
192
0
0
0
0
0
192
126
192
0
0
0
0
0
92
172
192
0
0
0
0
0
128
141
192
0
0
0
0
0
212
171
192
0
0
0
0
0
160
149
192
0
0
0
0
0
214
170
192
0
0
0
0
0
48
156
192
0
0
0
0
0
104
169
192
0
0
0
0
0
38
161
192
0
0
0
0
0
146
167
192
0
0
0
0
0
234
163
192
0
0
0
0
0
92
165
192
0
0
0
0
0
90
166
192
0
0
0
0
0
212
162
192
0
0
0
0
0
108
168
192
0
0
0
0
0
8
160
192
0
0
0
0
0
30
170
192
0
0
0
0
0
4
154
192
0
0
0
0
0
104
171
192
0
0
0
0
0
160
147
192
0
0
0
0
0
74
172
192
0
0
0
0
0
0
138
192
0
0
0
0
0
196
172
192
0
0
0
0
0
224
120
192
0
0
0
0
0
212
172
192
0
0
0
0
0
128
67
64
0
0
0
0
0
122
172
192
0
0
0
0
0
176
125
64
0
0
0
0
0
186
171
192
0
0
0
0
0
56
140
64
0
0
0
0
0
150
170
192
0
0
0
0
0
152
148
64
0
0
0
0
0
14
169
192
0
0
0
0
0
208
154
64
0
0
0
0
0
40
167
192
0
0
0
0
0
84
160
64
0
0
0
0
0
234
164
192
0
0
0
0
0
0
163
64
0
0
0
0
0
90
162
192
0
0
0
0
0
98
165
64
0
0
0
0
0
8
159
192
0
0
0
0
0
108
167
64
0
0
0
0
0
232
152
192
0
0
0
0
0
24
169
64
0
0
0
0
0
112
146
192
0
0
0
0
0
92
170
64
0
0
0
0
0
128
135
192
0
0
0
0
0
50
171
64
0
0
0
0
0
208
115
192
0
0
0
0
0
154
171
64
0
0
0
0
0
0
93
64
0
0
0
0
0
146
171
64
0
0
0
0
0
216
128
64
0
0
0
0
0
32
171
64
0
0
0
0
0
152
141
64
0
0
0
0
0
70
170
64
0
0
0
0
0
212
148
64
0
0
0
0
0
12
169
64
0
0
0
0
0
116
154
64
0
0
0
0
0
124
167
64
0
0
0
0
0
156
159
64
0
0
0
0
0
158
165
64
0
0
0
0
0
32
162
64
0
0
0
0
0
120
163
64
0
0
0
0
0
42
164
64
0
0
0
0
0
20
161
64
0
0
0
0
0
230
165
64
0
0
0
0
0
248
156
64
0
0
0
0
0
82
167
64
0
0
0
0
0
108
151
64
0
0
0
0
0
104
168
64
0
0
0
0
0
152
145
64
0
0
0
0
0
40
169
64
0
0
0
0
0
16
135
64
0
0
0
0
0
140
169
64
0
0
0
0
0
96
117
64
0
0
0
0
0
146
169
64
0
0
0
0
0
0
77
192
0
0
0
0
0
60
169
64
0
0
0
0
0
112
124
192
0
0
0
0
0
134
168
64
0
0
0
0
0
96
138
192
0
0
0
0
0
116
167
64
0
0
0
0
0
12
147
192
0
0
0
0
0
12
166
64
0
0
0
0
0
152
152
192
0
0
0
0
0
82
164
64
0
0
0
0
0
188
157
192
0
0
0
0
0
78
162
64
0
0
0
0
0
50
161
192
0
0
0
0
0
10
160
64
0
0
0
0
0
66
163
192
0
0
0
0
0
28
155
64
0
0
0
0
0
2
165
192
0
0
0
0
0
200
149
64
0
0
0
0
0
114
166
192
0
0
0
0
0
52
144
64
0
0
0
0
0
136
167
192
0
0
0
0
0
216
132
64
0
0
0
0
0
72
168
192
0
0
0
0
0
32
114
64
0
0
0
0
0
174
168
192
0
0
0
0
0
0
86
192
0
0
0
0
0
184
168
192
0
0
0
0
0
0
125
192
0
0
0
0
0
106
168
192
0
0
0
0
0
0
138
192
0
0
0
0
0
194
167
192
0
0
0
0
0
140
146
192
0
0
0
0
0
198
166
192
0
0
0
0
0
212
151
192
0
0
0
0
0
120
165
192
0
0
0
0
0
196
156
192
0
0
0
0
0
218
163
192
0
0
0
0
0
168
160
192
0
0
0
0
0
244
161
192
0
0
0
0
0
174
162
192
0
0
0
0
0
152
159
192
0
0
0
0
0
112
164
192
0
0
0
0
0
204
154
192
0
0
0
0
0
230
165
192
0
0
0
0
0
156
149
192
0
0
0
0
0
8
167
192
0
0
0
0
0
28
144
192
0
0
0
0
0
210
167
192
0
0
0
0
0
192
132
192
0
0
0
0
0
66
168
192
0
0
0
0
0
240
113
192
0
0
0
0
0
82
168
192
0
0
0
0
0
64
87
64
0
0
0
0
0
8
168
192
0
0
0
0
0
112
125
64
0
0
0
0
0
96
167
192
0
0
0
0
0
72
138
64
0
0
0
0
0
98
166
192
0
0
0
0
0
176
146
64
0
0
0
0
0
14
165
192
0
0
0
0
0
244
151
64
0
0
0
0
0
108
163
192
0
0
0
0
0
212
156
64
0
0
0
0
0
130
161
192
0
0
0
0
0
160
160
64
0
0
0
0
0
176
158
192
0
0
0
0
0
150
162
64
0
0
0
0
0
236
153
192
0
0
0
0
0
66
164
64
0
0
0
0
0
200
148
192
0
0
0
0
0
160
165
64
0
0
0
0
0
192
142
192
0
0
0
0
0
172
166
64
0
0
0
0
0
128
131
192
0
0
0
0
0
96
167
64
0
0
0
0
0
16
112
192
0
0
0
0
0
186
167
64
0
0
0
0
0
0
92
64
0
0
0
0
0
184
167
64
0
0
0
0
0
224
125
64
0
0
0
0
0
94
167
64
0
0
0
0
0
24
138
64
0
0
0
0
0
172
166
64
0
0
0
0
0
100
146
64
0
0
0
0
0
164
165
64
0
0
0
0
0
112
151
64
0
0
0
0
0
78
164
64
0
0
0
0
0
32
156
64
0
0
0
0
0
174
162
64
0
0
0
0
0
48
160
64
0
0
0
0
0
204
160
64
0
0
0
0
0
18
162
64
0
0
0
0
0
92
157
64
0
0
0
0
0
176
163
64
0
0
0
0
0
188
152
64
0
0
0
0
0
6
165
64
0
0
0
0
0
196
147
64
0
0
0
0
0
16
166
64
0
0
0
0
0
24
141
64
0
0
0
0
0
202
166
64
0
0
0
0
0
64
130
64
0
0
0
0
0
50
167
64
0
0
0
0
0
160
108
64
0
0
0
0
0
70
167
64
0
0
0
0
0
64
96
192
0
0
0
0
0
6
167
64
0
0
0
0
0
144
126
192
0
0
0
0
0
112
166
64
0
0
0
0
0
72
138
192
0
0
0
0
0
134
165
64
0
0
0
0
0
124
146
192
0
0
0
0
0
0
0
0
0
0
0
0
0
0
0
0
0
0
0
0
0
0
0
0
0
0
0
0
0
0
0
0
0
0
0
0
0
0
0
0
0
0
0
0
0
0
0
0
0
0
0
0
0
0
0
0
0
0
0
0
0
0
0
0
0
0
0
0
0
0
0
0
0
0
0
0
0
0
0
0
0
0
0
0
0
0
0
0
0
0
0
0
0
0
0
0
0
0
0
0
0
0
0
0
0
0
0
0
0
0
0
0
0
0
0
0
0
0
0
0
0
0
0
0
0
0
0
0
0
0
0
0
0
0
0
0
0
0
0
0
0
0
0
0
0
0
0
0
0
0
0
0
0
0
0
0
0
0
0
0
0
0
0
0
0
0
0
0
0
0
0
0
0
0
0
0
0
0
0
0
0
0
0
0
0
0
0
0
0
0
0
0
0
0
0
0
0
0
0
0
0
0
0
0
0
0
0
0
0
0
0
0
0
0
0
0
0
0
0
0
0
0
0
0
0
0
0
0
0
0
0
0
0
0
0
0
0
0
0
0
0
0
0
0
0
0
0
0
0
0
0
0
0
0
0
0
0
0
0
0
0
0
0
0
0
0
0
0
0
0
0
0
0
0
0
0
0
0
0
0
0
0
0
0
0
0
0
0
0
0
0
0
0
0
0
0
0
0
0
0
0
0
0
0
0
0
0
0
0
0
0
0
0
0
0
0
0
0
0
0
0
0
0
0
0
0
0
0
0
0
0
0
0
0
0
0
0
0
0
0
0
0
0
0
0
0
0
0
0
0
0
0
0
0
0
0
0
0
0
0
0
0
0
0
0
0
0
0
0
0
0
0
0
0
0
0
0
0
0
0
0
0
0
0
0
0
0
0
0
0
0
0
0
0
0
0
0
0
0
0
0
0
0
0
0
0
0
0
0
0
0
0
0
0
0
0
0
0
0
0
0
0
0
0
0
0
0
0
0
0
0
0
0
0
0
0
0
0
0
0
0
0
0
0
0
0
0
0
0
0
0
0
0
0
0
0
0
0
0
0
0
0
0
0
0
0
0
0
0
0
0
0
0
0
0
0
0
0
0
0
0
0
0
0
0
0
0
0
0
0
0
0
0
0
0
0
0
0
0
0
0
0
0
0
0
0
0
0
0
0
0
0
0
0
0
0
0
0
0
0
0
0
0
0
0
0
0
0
0
0
0
0
0
0
0
0
0
0
0
0
0
0
0
0
0
0
0
0
0
0
0
0
0
0
0
0
0
0
0
0
0
0
0
0
0
0
0
0
0
0
0
0
0
0
0
0
0
0
0
0
0
0
0
0
0
0
0
0
0
0
0
0
0
0
0
0
0
0
0
0
0
0
0
0
0
0
0
0
0
0
0
0
0
0
0
0
0
0
0
0
0
0
0
0
0
0
0
0
0
0
0
0
0
0
0
0
0
0
0
0
0
0
0
0
0
0
0
0
0
0
0
0
0
0
0
0
0
0
0
0
0
0
0
0
0
0
0
0
0
0
0
0
0
0
0
0
0
0
0
0
0
0
0
0
0
0
0
0
0
0
0
0
0
0
0
0
0
0
0
0
0
0
0
0
0
0
0
0
0
0
0
0
0
0
0
0
0
0
0
0
0
0
0
0
0
0
0
0
0
0
0
0
0
0
0
0
0
0
0
0
0
0
0
0
0
0
0
0
0
0
0
0
0
0
0
0
0
0
0
0
0
0
0
0
0
0
0
0
0
0
0
0
0
0
0
0
0
0
0
0
0
0
0
0
0
0
0
0
0
0
0
0
0
0
0
0
0
0
0
0
0
0
0
0
0
0
0
0
0
0
0
0
0
0
0
0
0
0
0
0
0
0
0
0
0
0
0
0
0
0
0
0
0
0
0
0
0
0
0
0
0
0
0
0
0
0
0
0
0
0
0
0
0
0
0
0
0
0
0
0
0
0
0
0
0
0
0
0
0
0
0
0
0
0
0
0
0
0
0
0
0
0
0
0
0
0
0
0
0
0
0
0
0
0
0
0
0
0
0
0
0
0
0
0
0
0
0
0
0
0
0
0
0
0
0
0
0
0
0
0
0
0
0
0
0
0
0
0
0
0
0
0
0
0
0
0
0
0
0
0
0
0
0
0
0
0
0
0
0
0
0
0
0
0
0
0
0
0
0
0
0
0
0
0
0
0
0
0
0
0
0
0
0
0
0
0
0
0
0
0
0
0
0
0
0
0
0
0
0
0
0
0
0
0
0
0
0
0
0
0
0
0
0
0
0
0
0
0
0
0
0
0
0
0
0
0
0
0
0
0
0
0
0
0
0
0
0
0
0
0
0
0
0
0
0
0
0
0
0
0
0
0
0
0
0
0
0
0
0
0
0
0
0
0
0
0
0
0
0
0
0
0
0
0
0
0
0
0
0
0
0
0
0
0
0
0
0
0
0
0
0
0
0
0
0
0
0
0
0
0
0
0
0
0
0
0
0
0
0
0
0
0
0
0
0
0
0
0
0
0
0
0
0
0
0
0
0
0
0
0
0
0
0
0
0
0
0
0
0
0
0
0
0
0
0
0
0
0
0
0
0
0
0
0
0
0
0
0
0
0
0
0
0
0
0
0
0
0
0
0
0
0
0
0
0
0
0
0
0
0
0
0
0
0
0
0
0
0
0
0
0
0
0
0
0
0
0
0
0
0
0
0
0
0
0
0
0
0
0
0
0
0
0
0
0
0
0
0
0
0
0
0
0
0
0
0
0
0
0
0
0
0
0
0
0
0
0