58
70
65
67
84
58
67
68
65
84
49
56
58
68
65
84
65
32
35
57
48
48
48
48
48
54
57
51
54
0
0
0
0
0
80
157
192
0
0
0
0
0
155
177
192
0
0
0
0
0
240
148
192
0
0
0
0
0
24
178
192
0
0
0
0
0
128
136
192
0
0
0
0
0
81
178
192
0
0
0
0
0
64
107
192
0
0
0
0
0
69
178
192
0
0
0
0
0
224
117
64
0
0
0
0
0
244
177
192
0
0
0
0
0
128
140
64
0
0
0
0
0
95
177
192
0
0
0
0
0
208
150
64
0
0
0
0
0
138
176
192
0
0
0
0
0
4
159
64
0
0
0
0
0
238
174
192
0
0
0
0
0
96
163
64
0
0
0
0
0
84
172
192
0
0
0
0
0
244
166
64
0
0
0
0
0
82
169
192
0
0
0
0
0
48
170
64
0
0
0
0
0
244
165
192
0
0
0
0
0
6
173
64
0
0
0
0
0
68
162
192
0
0
0
0
0
112
175
64
0
0
0
0
0
160
156
192
0
0
0
0
0
177
176
64
0
0
0
0
0
84
148
192
0
0
0
0
0
107
177
64
0
0
0
0
0
128
135
192
0
0
0
0
0
228
177
64
0
0
0
0
0
32
104
192
0
0
0
0
0
25
178
64
0
0
0
0
0
0
119
64
0
0
0
0
0
10
178
64
0
0
0
0
0
216
140
64
0
0
0
0
0
184
177
64
0
0
0
0
0
220
150
64
0
0
0
0
0
35
177
64
0
0
0
0
0
244
158
64
0
0
0
0
0
78
176
64
0
0
0
0
0
76
163
64
0
0
0
0
0
122
174
64
0
0
0
0
0
210
166
64
0
0
0
0
0
230
171
64
0
0
0
0
0
2
170
64
0
0
0
0
0
234
168
64
0
0
0
0
0
206
172
64
0
0
0
0
0
146
165
64
0
0
0
0
0
48
175
64
0
0
0
0
0
234
161
64
0
0
0
0
0
141
176
64
0
0
0
0
0
4
156
64
0
0
0
0
0
68
177
64
0
0
0
0
0
200
147
64
0
0
0
0
0
187
177
64
0
0
0
0
0
144
134
64
0
0
0
0
0
239
177
64
0
0
0
0
0
0
101
64
0
0
0
0
0
223
177
64
0
0
0
0
0
64
120
192
0
0
0
0
0
141
177
64
0
0
0
0
0
80
141
192
0
0
0
0
0
249
176
64
0
0
0
0
0
8
151
192
0
0
0
0
0
37
176
64
0
0
0
0
0
16
159
192
0
0
0
0
0
40
174
64
0
0
0
0
0
80
163
192
0
0
0
0
0
152
171
64
0
0
0
0
0
206
166
192
0
0
0
0
0
160
168
64
0
0
0
0
0
246
169
192
0
0
0
0
0
76
165
64
0
0
0
0
0
188
172
192
0
0
0
0
0
168
161
64
0
0
0
0
0
22
175
192
0
0
0
0
0
136
155
64
0
0
0
0
0
125
176
192
0
0
0
0
0
88
147
64
0
0
0
0
0
49
177
192
0
0
0
0
0
192
133
64
0
0
0
0
0
164
177
192
0
0
0
0
0
32
98
64
0
0
0
0
0
213
177
192
0
0
0
0
0
112
121
192
0
0
0
0
0
195
177
192
0
0
0
0
0
200
141
192
0
0
0
0
0
110
177
192
0
0
0
0
0
52
151
192
0
0
0
0
0
216
176
192
0
0
0
0
0
40
159
192
0
0
0
0
0
2
176
192
0
0
0
0
0
82
163
192
0
0
0
0
0
226
173
192
0
0
0
0
0
198
166
192
0
0
0
0
0
80
171
192
0
0
0
0
0
228
169
192
0
0
0
0
0
88
168
192
0
0
0
0
0
158
172
192
0
0
0
0
0
6
165
192
0
0
0
0
0
236
174
192
0
0
0
0
0
100
161
192
0
0
0
0
0
99
176
192
0
0
0
0
0
8
155
192
0
0
0
0
0
17
177
192
0
0
0
0
0
232
146
192
0
0
0
0
0
128
177
192
0
0
0
0
0
0
133
192
0
0
0
0
0
172
177
192
0
0
0
0
0
128
95
192
0
0
0
0
0
149
177
192
0
0
0
0
0
96
122
64
0
0
0
0
0
61
177
192
0
0
0
0
0
16
142
64
0
0
0
0
0
164
176
192
0
0
0
0
0
56
151
64
0
0
0
0
0
154
175
192
0
0
0
0
0
16
159
64
0
0
0
0
0
118
173
192
0
0
0
0
0
56
163
64
0
0
0
0
0
228
170
192
0
0
0
0
0
156
166
64
0
0
0
0
0
238
167
192
0
0
0
0
0
172
169
64
0
0
0
0
0
162
164
192
0
0
0
0
0
88
172
64
0
0
0
0
0
10
161
192
0
0
0
0
0
152
174
64
0
0
0
0
0
100
154
192
0
0
0
0
0
50
176
64
0
0
0
0
0
88
146
192
0
0
0
0
0
219
176
64
0
0
0
0
0
24
132
192
0
0
0
0
0
69
177
64
0
0
0
0
0
0
90
192
0
0
0
0
0
110
177
64
0
0
0
0
0
64
123
64
0
0
0
0
0
85
177
64
0
0
0
0
0
64
142
64
0
0
0
0
0
251
176
64
0
0
0
0
0
52
151
64
0
0
0
0
0
98
176
64
0
0
0
0
0
236
158
64
0
0
0
0
0
22
175
64
0
0
0
0
0
22
163
64
0
0
0
0
0
246
172
64
0
0
0
0
0
110
166
64
0
0
0
0
0
106
170
64
0
0
0
0
0
112
169
64
0
0
0
0
0
126
167
64
0
0
0
0
0
16
172
64
0
0
0
0
0
56
164
64
0
0
0
0
0
70
174
64
0
0
0
0
0
170
160
64
0
0
0
0
0
5
176
64
0
0
0
0
0
188
153
64
0
0
0
0
0
170
176
64
0
0
0
0
0
200
145
64
0
0
0
0
0
17
177
64
0
0
0
0
0
40
131
64
0
0
0
0
0
55
177
64
0
0
0
0
0
0
84
64
0
0
0
0
0
29
177
64
0
0
0
0
0
80
124
192
0
0
0
0
0
195
176
64
0
0
0
0
0
144
142
192
0
0
0
0
0
41
176
64
0
0
0
0
0
68
151
192
0
0
0
0
0
168
174
64
0
0
0
0
0
224
158
192
0
0
0
0
0
138
172
64
0
0
0
0
0
4
163
192
0
0
0
0
0
2
170
64
0
0
0
0
0
80
166
192
0
0
0
0
0
24
167
64
0
0
0
0
0
68
169
192
0
0
0
0
0
218
163
64
0
0
0
0
0
218
171
192
0
0
0
0
0
82
160
64
0
0
0
0
0
4
174
192
0
0
0
0
0
32
153
64
0
0
0
0
0
188
175
192
0
0
0
0
0
64
145
64
0
0
0
0
0
126
176
192
0
0
0
0
0
72
130
64
0
0
0
0
0
224
176
192
0
0
0
0
0
0
77
64
0
0
0
0
0
2
177
192
0
0
0
0
0
64
125
192
0
0
0
0
0
227
176
192
0
0
0
0
0
208
142
192
0
0
0
0
0
134
176
192
0
0
0
0
0
64
151
192
0
0
0
0
0
212
175
192
0
0
0
0
0
184
158
192
0
0
0
0
0
38
174
192
0
0
0
0
0
222
162
192
0
0
0
0
0
6
172
192
0
0
0
0
0
20
166
192
0
0
0
0
0
128
169
192
0
0
0
0
0
244
168
192
0
0
0
0
0
156
166
192
0
0
0
0
0
118
171
192
0
0
0
0
0
100
163
192
0
0
0
0
0
140
173
192
0
0
0
0
0
208
159
192
0
0
0
0
0
50
175
192
0
0
0
0
0
100
152
192
0
0
0
0
0
49
176
192
0
0
0
0
0
164
144
192
0
0
0
0
0
139
176
192
0
0
0
0
0
88
129
192
0
0
0
0
0
166
176
192
0
0
0
0
0
128
67
192
0
0
0
0
0
131
176
192
0
0
0
0
0
176
125
64
0
0
0
0
0
34
176
192
0
0
0
0
0
160
142
64
0
0
0
0
0
10
175
192
0
0
0
0
0
244
150
64
0
0
0
0
0
92
173
192
0
0
0
0
0
56
158
64
0
0
0
0
0
68
171
192
0
0
0
0
0
130
162
64
0
0
0
0
0
198
168
192
0
0
0
0
0
160
165
64
0
0
0
0
0
238
165
192
0
0
0
0
0
104
168
64
0
0
0
0
0
200
162
192
0
0
0
0
0
210
170
64
0
0
0
0
0
192
158
192
0
0
0
0
0
212
172
64
0
0
0
0
0
128
151
192
0
0
0
0
0
106
174
64
0
0
0
0
0
232
143
192
0
0
0
0
0
140
175
64
0
0
0
0
0
96
128
192
0
0
0
0
0
28
176
64
0
0
0
0
0
0
53
192
0
0
0
0
0
54
176
64
0
0
0
0
0
0
126
64
0
0
0
0
0
18
176
64
0
0
0
0
0
104
142
64
0
0
0
0
0
102
175
64
0
0
0
0
0
168
150
64
0
0
0
0
0
52
174
64
0
0
0
0
0
192
157
64
0
0
0
0
0
146
172
64
0
0
0
0
0
50
162
64
0
0
0
0
0
134
170
64
0
0
0
0
0
64
165
64
0
0
0
0
0
26
168
64
0
0
0
0
0
250
167
64
0
0
0
0
0
86
165
64
0
0
0
0
0
92
170
64
0
0
0
0
0
68
162
64
0
0
0
0
0
90
172
64
0
0
0
0
0
220
157
64
0
0
0
0
0
238
173
64
0
0
0
0
0
200
150
64
0
0
0
0
0
20
175
64
0
0
0
0
0
184
142
64
0
0
0
0
0
196
175
64
0
0
0
0
0
240
126
64
32
32
32
32
32
32
32
32
32
32
32
32
32
32
32
32
32
32
32
32
32
32
32
32
32
32
32
32
32
32
32
32
32
32
32
32
32
32
32
32
32
32
32
32
32
32
32
84
73
95
65
108
108
45
50
48
71
95
67
49
95
76
79
87
0
32
0
0
0
0
0
0
0
0
176
64
0
0
0
0
0
0
0
0
0
0
0
0
0
0
176
64
0
0
0
0
0
0
0
0
0
0
0
0
0
0
176
64
0
0
0
0
0
0
0
0
0
0
0
0
0
0
176
64
0
0
0
0
0
0
0
0
0
0
0
0
0
0
176
64
0
0
0
0
0
0
0
0
0
0
0
0
0
0
176
64
0
0
0
0
0
0
0
0
0
0
0
0
0
0
176
64
0
0
0
0
0
0
0
0
0
0
0
0
0
0
176
64
0
0
0
0
0
0
0
0
0
0
0
0
0
0
176
64
0
0
0
0
0
0
0
0
0
0
0
0
0
0
176
64
0
0
0
0
0
0
0
0
0
0
0
0
0
254
175
64
0
0
0
0
0
0
0
0
0
0
0
0
0
254
175
64
0
0
0
0
0
0
0
0
0
0
0
0
0
252
175
64
0
0
0
0
0
0
0
0
0
0
0
0
0
250
175
64
0
0
0
0
0
0
0
0
0
0
0
0
0
250
175
64
0
0
0
0
0
0
0
0
0
0
0
0
0
250
175
64
0
0
0
0
0
0
0
0
0
0
0
0
0
250
175
64
0
0
0
0
0
0
0
0
0
0
0
0
0
252
175
64
0
0
0
0
0
0
0
0
0
0
0
0
0
252
175
64
0
0
0
0
0
0
0
0
0
0
0
0
0
252
175
64
0
0
0
0
0
0
0
0
0
0
0
0
0
252
175
64
0
0
0
0
0
0
0
0
0
0
0
0
0
252
175
64
0
0
0
0
0
0
0
0
0
0
0
0
0
254
175
64
0
0
0
0
0
0
0
0
0
0
0
0
0
254
175
64
0
0
0
0
0
0
0
0
0
0
0
0
0
254
175
64
0
0
0
0
0
0
0
0
0
0
0
0
0
254
175
64
0
0
0
0
0
0
0
0
0
0
0
0
0
254
175
64
0
0
0
0
0
0
0
0
0
0
0
0
0
254
175
64
0
0
0
0
0
0
0
0
0
0
0
0
0
254
175
64
0
0
0
0
0
0
0
0
0
0
0
0
0
254
175
64
0
0
0
0
0
0
0
0
0
0
0
0
0
254
175
64
0
0
0
0
0
0
0
0
0
0
0
0
0
254
175
64
0
0
0
0
0
0
0
0
0
0
0
0
0
254
175
64
0
0
0
0
0
0
0
0
0
0
0
0
0
254
175
64
0
0
0
0
0
0
0
0
0
0
0
0
0
254
175
64
0
0
0
0
0
0
0
0
0
0
0
0
0
254
175
64
0
0
0
0
0
0
240
191
0
0
0
0
0
254
175
64
0
0
0
0
0
0
240
191
0
0
0
0
0
254
175
64
0
0
0
0
0
0
240
191
0
0
0
0
0
254
175
64
0
0
0
0
0
0
240
191
0
0
0
0
0
254
175
64
0
0
0
0
0
0
240
191
0
0
0
0
0
254
175
64
0
0
0
0
0
0
240
191
0
0
0
0
0
254
175
64
0
0
0
0
0
0
240
191
0
0
0
0
0
254
175
64
0
0
0
0
0
0
240
191
0
0
0
0
0
254
175
64
0
0
0
0
0
0
240
191
0
0
0
0
0
254
175
64
0
0
0
0
0
0
240
191
0
0
0
0
0
254
175
64
0
0
0
0
0
0
240
191
0
0
0
0
0
254
175
64
0
0
0
0
0
0
0
192
0
0
0
0
0
254
175
64
0
0
0
0
0
0
0
192
0
0
0
0
0
254
175
64
0
0
0
0
0
0
0
192
0
0
0
0
0
252
175
64
0
0
0
0
0
0
0
192
0
0
0
0
0
252
175
64
0
0
0
0
0
0
0
192
0
0
0
0
0
252
175
64
0
0
0
0
0
0
0
192
0
0
0
0
0
252
175
64
0
0
0
0
0
0
0
192
0
0
0
0
0
252
175
64
0
0
0
0
0
0
0
192
0
0
0
0
0
252
175
64
0
0
0
0
0
0
0
192
0
0
0
0
0
252
175
64
0
0
0
0
0
0
0
192
0
0
0
0
0
254
175
64
0
0
0
0
0
0
0
192
0
0
0
0
0
254
175
64
0
0
0
0
0
0
0
192
0
0
0
0
0
254
175
64
0
0
0
0
0
0
0
192
0
0
0
0
0
254
175
64
0
0
0
0
0
0
0
192
0
0
0
0
0
254
175
64
0
0
0
0
0
0
0
192
0
0
0
0
0
254
175
64
0
0
0
0
0
0
0
192
0
0
0
0
0
254
175
64
0
0
0
0
0
0
0
192
0
0
0
0
0
254
175
64
0
0
0
0
0
0
0
192
0
0
0
0
0
254
175
64
0
0
0
0
0
0
0
192
0
0
0
0
0
254
175
64
0
0
0
0
0
0
0
192
0
0
0
0
0
254
175
64
0
0
0
0
0
0
0
192
0
0
0
0
0
254
175
64
0
0
0
0
0
0
0
192
0
0
0
0
0
254
175
64
0
0
0
0
0
0
0
192
0
0
0
0
0
254
175
64
0
0
0
0
0
0
0
192
0
0
0
0
0
254
175
64
0
0
0
0
0
0
0
192
0
0
0
0
0
254
175
64
0
0
0
0
0
0
0
192
0
0
0
0
0
254
175
64
0
0
0
0
0
0
0
192
0
0
0
0
0
254
175
64
0
0
0
0
0
0
0
192
0
0
0
0
0
254
175
64
0
0
0
0
0
0
0
192
0
0
0
0
0
254
175
64
0
0
0
0
0
0
0
192
0
0
0
0
0
254
175
64
0
0
0
0
0
0
8
192
0
0
0
0
0
254
175
64
0
0
0
0
0
0
8
192
0
0
0
0
0
254
175
64
0
0
0
0
0
0
8
192
0
0
0
0
0
254
175
64
0
0
0
0
0
0
8
192
0
0
0
0
0
254
175
64
0
0
0
0
0
0
8
192
0
0
0
0
0
254
175
64
0
0
0
0
0
0
8
192
0
0
0
0
0
254
175
64
0
0
0
0
0
0
8
192
0
0
0
0
0
254
175
64
0
0
0
0
0
0
8
192
0
0
0
0
0
254
175
64
0
0
0
0
0
0
8
192
0
0
0
0
0
254
175
64
0
0
0
0
0
0
8
192
0
0
0
0
0
254
175
64
0
0
0
0
0
0
8
192
0
0
0
0
0
254
175
64
0
0
0
0
0
0
8
192
0
0
0
0
0
252
175
64
0
0
0
0
0
0
8
192
0
0
0
0
0
252
175
64
0
0
0
0
0
0
8
192
0
0
0
0
0
252
175
64
0
0
0
0
0
0
8
192
0
0
0
0
0
252
175
64
0
0
0
0
0
0
8
192
0
0
0
0
0
252
175
64
0
0
0
0
0
0
16
192
0
0
0
0
0
252
175
64
0
0
0
0
0
0
16
192
0
0
0
0
0
252
175
64
0
0
0
0
0
0
16
192
0
0
0
0
0
252
175
64
0
0
0
0
0
0
20
192
0
0
0
0
0
252
175
64
0
0
0
0
0
0
20
192
0
0
0
0
0
252
175
64
0
0
0
0
0
0
20
192
0
0
0
0
0
252
175
64
0
0
0
0
0
0
24
192
0
0
0
0
0
252
175
64
0
0
0
0
0
0
24
192
0
0
0
0
0
254
175
64
0
0
0
0
0
0
24
192
0
0
0
0
0
254
175
64
0
0
0
0
0
0
24
192
0
0
0
0
0
254
175
64
0
0
0
0
0
0
28
192
0
0
0
0
0
254
175
64
0
0
0
0
0
0
28
192
0
0
0
0
0
254
175
64
0
0
0
0
0
0
24
192
0
0
0
0
0
254
175
64
0
0
0
0
0
0
24
192
0
0
0
0
0
254
175
64
0
0
0
0
0
0
24
192
0
0
0
0
0
254
175
64
0
0
0
0
0
0
24
192
0
0
0
0
0
254
175
64
0
0
0
0
0
0
24
192
0
0
0
0
0
254
175
64
0
0
0
0
0
0
20
192
0
0
0
0
0
254
175
64
0
0
0
0
0
0
20
192
0
0
0
0
0
254
175
64
0
0
0
0
0
0
20
192
0
0
0
0
0
254
175
64
0
0
0
0
0
0
20
192
0
0
0
0
0
254
175
64
0
0
0
0
0
0
16
192
0
0
0
0
0
254
175
64
0
0
0
0
0
0
16
192
0
0
0
0
0
254
175
64
0
0
0
0
0
0
16
192
0
0
0
0
0
254
175
64
0
0
0
0
0
0
16
192
0
0
0
0
0
252
175
64
0
0
0
0
0
0
20
192
0
0
0
0
0
252
175
64
0
0
0
0
0
0
20
192
0
0
0
0
0
252
175
64
0
0
0
0
0
0
20
192
0
0
0
0
0
252
175
64
0
0
0
0
0
0
20
192
0
0
0
0
0
252
175
64
0
0
0
0
0
0
20
192
0
0
0
0
0
252
175
64
0
0
0
0
0
0
24
192
0
0
0
0
0
252
175
64
0
0
0
0
0
0
24
192
0
0
0
0
0
252
175
64
0
0
0
0
0
0
24
192
0
0
0
0
0
252
175
64
0
0
0
0
0
0
24
192
0
0
0
0
0
254
175
64
0
0
0
0
0
0
24
192
0
0
0
0
0
254
175
64
0
0
0
0
0
0
24
192
0
0
0
0
0
254
175
64
0
0
0
0
0
0
24
192
0
0
0
0
0
254
175
64
0
0
0
0
0
0
24
192
0
0
0
0
0
254
175
64
0
0
0
0
0
0
24
192
0
0
0
0
0
0
176
64
0
0
0
0
0
0
24
192
0
0
0
0
0
0
176
64
0
0
0
0
0
0
24
192
0
0
0
0
0
0
176
64
0
0
0
0
0
0
28
192
0
0
0
0
0
0
176
64
0
0
0
0
0
0
28
192
0
0
0
0
0
0
176
64
0
0
0
0
0
0
28
192
0
0
0
0
0
0
176
64
0
0
0
0
0
0
28
192
0
0
0
0
0
0
176
64
0
0
0
0
0
0
28
192
0
0
0
0
0
0
176
64
0
0
0
0
0
0
28
192
0
0
0
0
0
0
176
64
0
0
0
0
0
0
28
192
0
0
0
0
0
254
175
64
0
0
0
0
0
0
28
192
0
0
0
0
0
254
175
64
0
0
0
0
0
0
28
192
0
0
0
0
0
254
175
64
0
0
0
0
0
0
28
192
0
0
0
0
0
254
175
64
0
0
0
0
0
0
28
192
0
0
0
0
0
254
175
64
0
0
0
0
0
0
28
192
0
0
0
0
0
252
175
64
0
0
0
0
0
0
24
192
0
0
0
0
0
252
175
64
0
0
0
0
0
0
24
192
0
0
0
0
0
252
175
64
0
0
0
0
0
0
24
192
0
0
0
0
0
250
175
64
0
0
0
0
0
0
24
192
0
0
0
0
0
250
175
64
0
0
0
0
0
0
24
192
0
0
0
0
0
250
175
64
0
0
0
0
0
0
24
192
0
0
0
0
0
250
175
64
0
0
0
0
0
0
24
192
0
0
0
0
0
250
175
64
0
0
0
0
0
0
24
192
0
0
0
0
0
248
175
64
0
0
0
0
0
0
28
192
0
0
0
0
0
248
175
64
0
0
0
0
0
0
28
192
0
0
0
0
0
248
175
64
0
0
0
0
0
0
28
192
0
0
0
0
0
248
175
64
0
0
0
0
0
0
28
192
0
0
0
0
0
248
175
64
0
0
0
0
0
0
28
192
0
0
0
0
0
248
175
64
0
0
0
0
0
0
32
192
0
0
0
0
0
248
175
64
0
0
0
0
0
0
32
192
0
0
0
0
0
248
175
64
0
0
0
0
0
0
32
192
0
0
0
0
0
250
175
64
0
0
0
0
0
0
34
192
0
0
0
0
0
250
175
64
0
0
0
0
0
0
34
192
0
0
0
0
0
250
175
64
0
0
0
0
0
0
34
192
0
0
0
0
0
250
175
64
0
0
0
0
0
0
34
192
0
0
0
0
0
250
175
64
0
0
0
0
0
0
34
192
0
0
0
0
0
250
175
64
0
0
0
0
0
0
36
192
0
0
0
0
0
250
175
64
0
0
0
0
0
0
36
192
0
0
0
0
0
250
175
64
0
0
0
0
0
0
36
192
0
0
0
0
0
248
175
64
0
0
0
0
0
0
36
192
0
0
0
0
0
248
175
64
0
0
0
0
0
0
36
192
0
0
0
0
0
248
175
64
0
0
0
0
0
0
36
192
0
0
0
0
0
248
175
64
0
0
0
0
0
0
36
192
0
0
0
0
0
248
175
64
0
0
0
0
0
0
36
192
0
0
0
0
0
248
175
64
0
0
0
0
0
0
36
192
0
0
0
0
0
248
175
64
0
0
0
0
0
0
36
192
0
0
0
0
0
248
175
64
0
0
0
0
0
0
36
192
0
0
0
0
0
248
175
64
0
0
0
0
0
0
36
192
0
0
0
0
0
248
175
64
0
0
0
0
0
0
36
192
0
0
0
0
0
248
175
64
0
0
0
0
0
0
36
192
0
0
0
0
0
248
175
64
0
0
0
0
0
0
36
192
0
0
0
0
0
248
175
64
0
0
0
0
0
0
36
192
0
0
0
0
0
248
175
64
0
0
0
0
0
0
36
192
0
0
0
0
0
248
175
64
0
0
0
0
0
0
36
192
0
0
0
0
0
248
175
64
0
0
0
0
0
0
36
192
0
0
0
0
0
248
175
64
0
0
0
0
0
0
36
192
0
0
0
0
0
248
175
64
0
0
0
0
0
0
36
192
0
0
0
0
0
248
175
64
0
0
0
0
0
0
36
192
0
0
0
0
0
248
175
64
0
0
0
0
0
0
36
192
0
0
0
0
0
246
175
64
0
0
0
0
0
0
34
192
0
0
0
0
0
246
175
64
0
0
0
0
0
0
34
192
0
0
0
0
0
246
175
64
0
0
0
0
0
0
34
192
0
0
0
0
0
246
175
64
0
0
0
0
0
0
34
192
0
0
0
0
0
246
175
64
0
0
0
0
0
0
36
192
0
0
0
0
0
246
175
64
0
0
0
0
0
0
36
192
0
0
0
0
0
246
175
64
0
0
0
0
0
0
36
192
0
0
0
0
0
246
175
64
0
0
0
0
0
0
36
192
0
0
0
0
0
244
175
64
0
0
0
0
0
0
36
192
0
0
0
0
0
244
175
64
0
0
0
0
0
0
36
192
0
0
0
0
0
244
175
64
0
0
0
0
0
0
38
192
0
0
0
0
0
244
175
64
0
0
0
0
0
0
38
192
0
0
0
0
0
244
175
64
0
0
0
0
0
0
38
192
0
0
0
0
0
244
175
64
0
0
0
0
0
0
40
192
0
0
0
0
0
242
175
64
0
0
0
0
0
0
40
192
0
0
0
0
0
242
175
64
0
0
0
0
0
0
40
192
0
0
0
0
0
242
175
64
0
0
0
0
0
0
40
192
0
0
0
0
0
242
175
64
0
0
0
0
0
0
40
192
0
0
0
0
0
242
175
64
0
0
0
0
0
0
40
192
0
0
0
0
0
242
175
64
0
0
0
0
0
0
40
192
0
0
0
0
0
244
175
64
0
0
0
0
0
0
40
192
0
0
0
0
0
244
175
64
0
0
0
0
0
0
40
192
0
0
0
0
0
244
175
64
0
0
0
0
0
0
40
192
0
0
0
0
0
244
175
64
0
0
0
0
0
0
40
192
0
0
0
0
0
244
175
64
0
0
0
0
0
0
38
192
0
0
0
0
0
244
175
64
0
0
0
0
0
0
38
192
0
0
0
0
0
244
175
64
0
0
0
0
0
0
38
192
0
0
0
0
0
244
175
64
0
0
0
0
0
0
38
192
0
0
0
0
0
242
175
64
0
0
0
0
0
0
40
192
0
0
0
0
0
242
175
64
0
0
0
0
0
0
40
192
0
0
0
0
0
242
175
64
0
0
0
0
0
0
40
192
0
0
0
0
0
242
175
64
0
0
0
0
0
0
40
192
0
0
0
0
0
240
175
64
0
0
0
0
0
0
40
192
0
0
0
0
0
240
175
64
0
0
0
0
0
0
40
192
0
0
0
0
0
240
175
64
0
0
0
0
0
0
40
192
0
0
0
0
0
240
175
64
0
0
0
0
0
0
40
192
0
0
0
0
0
240
175
64
0
0
0
0
0
0
40
192
0
0
0
0
0
240
175
64
0
0
0
0
0
0
40
192
0
0
0
0
0
240
175
64
0
0
0
0
0
0
40
192
0
0
0
0
0
240
175
64
0
0
0
0
0
0
40
192
0
0
0
0
0
240
175
64
0
0
0
0
0
0
40
192
0
0
0
0
0
240
175
64
0
0
0
0
0
0
40
192
0
0
0
0
0
240
175
64
0
0
0
0
0
0
40
192
0
0
0
0
0
240
175
64
0
0
0
0
0
0
38
192
0
0
0
0
0
240
175
64
0
0
0
0
0
0
38
192
0
0
0
0
0
240
175
64
0
0
0
0
0
0
38
192
0
0
0
0
0
240
175
64
0
0
0
0
0
0
38
192
0
0
0
0
0
240
175
64
0
0
0
0
0
0
38
192
0
0
0
0
0
240
175
64
0
0
0
0
0
0
38
192
0
0
0
0
0
240
175
64
0
0
0
0
0
0
38
192
0
0
0
0
0
240
175
64
0
0
0
0
0
0
38
192
0
0
0
0
0
240
175
64
0
0
0
0
0
0
38
192
0
0
0
0
0
240
175
64
0
0
0
0
0
0
38
192
0
0
0
0
0
240
175
64
0
0
0
0
0
0
38
192
0
0
0
0
0
240
175
64
0
0
0
0
0
0
38
192
0
0
0
0
0
240
175
64
0
0
0
0
0
0
38
192
0
0
0
0
0
240
175
64
0
0
0
0
0
0
38
192
0
0
0
0
0
240
175
64
0
0
0
0
0
0
38
192
0
0
0
0
0
240
175
64
0
0
0
0
0
0
38
192
0
0
0
0
0
240
175
64
0
0
0
0
0
0
40
192
0
0
0
0
0
240
175
64
0
0
0
0
0
0
40
192
0
0
0
0
0
240
175
64
0
0
0
0
0
0
40
192
0
0
0
0
0
242
175
64
0
0
0
0
0
0
40
192
0
0
0
0
0
242
175
64
0
0
0
0
0
0
40
192
0
0
0
0
0
242
175
64
0
0
0
0
0
0
40
192
0
0
0
0
0
242
175
64
0
0
0
0
0
0
40
192
0
0
0
0
0
242
175
64
0
0
0
0
0
0
40
192
0
0
0
0
0
242
175
64
0
0
0
0
0
0
40
192
0
0
0
0
0
242
175
64
0
0
0
0
0
0
40
192
0
0
0
0
0
242
175
64
0
0
0
0
0
0
40
192
0
0
0
0
0
242
175
64
0
0
0
0
0
0
42
192
0
0
0
0
0
242
175
64
0
0
0
0
0
0
42
192
0
0
0
0
0
240
175
64
0
0
0
0
0
0
42
192
0
0
0
0
0
240
175
64
0
0
0
0
0
0
42
192
0
0
0
0
0
240
175
64
0
0
0
0
0
0
42
192
0
0
0
0
0
240
175
64
0
0
0
0
0
0
42
192
0
0
0
0
0
240
175
64
0
0
0
0
0
0
44
192
0
0
0
0
0
238
175
64
0
0
0
0
0
0
44
192
0
0
0
0
0
238
175
64
0
0
0
0
0
0
44
192
0
0
0
0
0
238
175
64
0
0
0
0
0
0
44
192
0
0
0
0
0
238
175
64
0
0
0
0
0
0
44
192
0
0
0
0
0
236
175
64
0
0
0
0
0
0
44
192
0
0
0
0
0
236
175
64
0
0
0
0
0
0
46
192
0
0
0
0
0
236
175
64
0
0
0
0
0
0
46
192
0
0
0
0
0
236
175
64
0
0
0
0
0
0
46
192
0
0
0
0
0
236
175
64
0
0
0
0
0
0
46
192
0
0
0
0
0
234
175
64
0
0
0
0
0
0
46
192
0
0
0
0
0
234
175
64
0
0
0
0
0
0
46
192
0
0
0
0
0
234
175
64
0
0
0
0
0
0
46
192
0
0
0
0
0
234
175
64
0
0
0
0
0
0
46
192
0
0
0
0
0
234
175
64
0
0
0
0
0
0
46
192
0
0
0
0
0
236
175
64
0
0
0
0
0
0
46
192
0
0
0
0
0
236
175
64
0
0
0
0
0
0
46
192
0
0
0
0
0
236
175
64
0
0
0
0
0
0
46
192
0
0
0
0
0
236
175
64
0
0
0
0
0
0
46
192
0
0
0
0
0
236
175
64
0
0
0
0
0
0
46
192
0
0
0
0
0
236
175
64
0
0
0
0
0
0
46
192
0
0
0
0
0
236
175
64
0
0
0
0
0
0
46
192
0
0
0
0
0
236
175
64
0
0
0
0
0
0
46
192
0
0
0
0
0
236
175
64
0
0
0
0
0
0
46
192
0
0
0
0
0
236
175
64
0
0
0
0
0
0
46
192
0
0
0
0
0
236
175
64
0
0
0
0
0
0
46
192
0
0
0
0
0
236
175
64
0
0
0
0
0
0
46
192
0
0
0
0
0
236
175
64
0
0
0
0
0
0
46
192
0
0
0
0
0
236
175
64
0
0
0
0
0
0
46
192
0
0
0
0
0
236
175
64
0
0
0
0
0
0
46
192
0
0
0
0
0
236
175
64
0
0
0
0
0
0
46
192
0
0
0
0
0
236
175
64
0
0
0
0
0
0
0
0
0
0
0
0
0
0
0
0
0
0
0
0
0
0
0
0
0
0
0
0
0
0
0
0
0
0
0
0
0
0
0
0
0
0
0
0
0
0
0
0
0
0
0
0
0
0
0
0
0
0
0
0
0
0
0
0
0
0
0
0
0
0
0
0
0
0
0
0
0
0
0
0
0
0
0
0
0
0
0
0
0
0
0
0
0
0
0
0
0
0
0
0
0
0
0
0
0
0
0
0
0
0
0
0
0
0
0
0
0
0
0
0
0
0
0
0
0
0
0
0
0
0
0
0
0
0
0
0
0
0
0
0
0
0
0
0
0
0
0
0
0
0
0
0
0
0
0
0
0
0
0
0
0
0
0
0
0
0
0
0
0
0
0
0
0
0
0
0
0
0
0
0
0
0
0
0
0
0
0
0
0
0
0
0
0
0
0
0
0
0
0
0
0
0
0
0
0
0
0
0
0
0
0
0
0
0
0
0
0
0
0
0
0
0
0
0
0
0
0
0
0
0
0
0
0
0
0
0
0
0
0
0
0
0
0
0
0
0
0
0
0
0
0
0
0
0
0
0
0
0
0
0
0
0
0
0
0
0
0
0
0
0
0
0
0
0
0
0
0
0
0
0
0
0
0
0
0
0
0
0
0
0
0
0
0
0
0
0
0
0
0
0
0
0
0
0
0
0
0
0
0
0
0
0
0
0
0
0
0
0
0
0
0
0
0
0
0
0
0
0
0
0
0
0
0
0
0
0
0
0
0
0
0
0
0
0
0
0
0
0
0
0
0
0
0
0
0
0
0
0
0
0
0
0
0
0
0
0
0
0
0
0
0
0
0
0
0
0
0
0
0
0
0
0
0
0
0
0
0
0
0
0
0
0
0
0
0
0
0
0
0
0
0
0
0
0
0
0
0
0
0
0
0
0
0
0
0
0
0
0
0
0
0
0
0
0
0
0
0
0
0
0
0
0
0
0
0
0
0
0
0
0
0
0
0
0
0
0
0
0
0
0
0
0
0
0
0
0
0
0
0
0
0
0
0
0
0
0
0
0
0
0
0
0
0
0
0
0
0
0
0
0
0
0
0
0
0
0
0
0
0
0
0
0
0
0
0
0
0
0
0
0
0
0
0
0
0
0
0
0
0
0
0
0
0
0
0
0
0
0
0
0
0
0
0
0
0
0
0
0
0
0
0
0
0
0
0
0
0
0
0
0
0
0
0
0
0
0
0
0
0
0
0
0
0
0
0
0
0
0
0
0
0
0
0
0
0
0
0
0
0
0
0
0
0
0
0
0
0
0
0
0
0
0
0
0
0
0
0
0
0
0
0
0
0
0
0
0
0
0
0
0
0
0
0
0
0
0
0
0
0
0
0
0
0
0
0
0
0
0
0
0
0
0
0
0
0
0
0
0
0
0
0
0
0
0
0
0
0
0
0
0
0
0
0
0
0
0
0
0
0
0
0
0
0
0
0
0
0
0
0
0
0
0
0
0
0
0
0
0
0
0
0
0
0
0
0
0
0
0
0
0
0
0
0
0
0
0
0
0
0
0
0
0
0
0
0
0
0
0
0
0
0
0
0
0
0
0
0
0
0
0
0
0
0
0
0
0
0
0
0
0
0
0
0
0
0
0
0
0
0
0
0
0
0
0
0
0
0
0
0
0
0
0
0
0
0
0
0
0
0
0
0
0
0
0
0
0
0
0
0
0
0
0
0
0
0
0
0
0
0
0
0
0
0
0
0
0
0
0
0
0
0
0
0
0
0
0
0
0
0
0
0
0
0
0
0
0
0
0
0
0
0
0
0
0
0
0
0
0
0
0
0
0
0
0
0
0
0
0
0
0
0
0
0
0
0
0
0
0
0
0
0
0
0
0
0
0
0
0
0
0
0
0
0
0
0
0
0
0
0
0
0
0
0
0
0
0
0
0
0
0
0
0
0
0
0
0
0
0
0
0
0
0
0
0
0
0
0
0
0
0
0
0
0
0
0
0
0
0
0
0
0
0
0
0
0
0
0
0
0
0
0
0
0
0
0
0
0
0
0
0
0
0
0
0
0
0
0
0
0
0
0
0
0
0
0
0
0
0
0
0
0
0
0
0
0
0
0
0
0
0
0
0
0
0
0
0
0
0
0
0
0
0
0
0
0
0
0
0
0
0
0
0
0
0
0
0
0
0
0
0
0
0
0
0
0
0
0
0
0
0
0
0
0
0
0
0
0
0
0
0
0
0
0
0
0
0
0
0
0
0
0
0
0
0
0
0
0
0
0
0
0
0
0
0
0
0
0
0
0
0
0
0
0
0
0
0
0
0
0
0
0
0
0
0
0
0
0
0
0
0
0
0
0
0
0
0
0
0
0
0
0
0
0
0
0
0
0
0
0
0
0
0
0
0
0
0
0
0
0
0
0
0
0
0
0
0
0
0
0
0
0
0
0
0
0
0
0
0
0
0
0
0
0
0
0
0
0
0
0
0
0
0
0
0
0
0
0
0
0
0
0
0
0
0
0
0
0
0
0
0
0
0
0
0
0
0
0
0
0
0
0
0
0
0
0
0
0
0
0
0
0
0
0
0
0
0
0
0
0
0
0
0
0
0
0
0
0
0
0
0
0
0
0
0
0
0
0
0
0
0
0
0
0
0
0
0
0
0
0
0
0
0
0
0
0
0
0
0
0
0
0
0
0
0
0
0
0
0
0
0
0
0
0
0
0
0
0
0
0
0
0
0
0
0
0
0
0
0
0
0
0
0
0
0
0
0
0
0
0
0
0