58
70
65
67
84
58
67
68
65
84
49
56
58
68
65
84
65
32
35
57
48
48
48
48
48
54
57
51
54
177
134
139
220
211
213
229
191
246
239
250
204
89
159
231
191
218
200
117
83
202
235
229
191
195
45
31
73
73
143
231
191
8
142
203
184
169
1
230
191
87
149
125
87
4
127
231
191
83
202
107
37
116
23
230
191
247
2
179
66
145
110
231
191
96
173
218
53
33
45
230
191
21
59
26
135
250
93
231
191
69
43
247
2
179
66
230
191
56
246
236
185
76
77
231
191
213
91
3
91
37
88
230
191
188
4
167
62
144
60
231
191
226
86
65
12
116
109
230
191
42
31
130
170
209
43
231
191
86
40
210
253
156
130
230
191
9
254
183
146
29
27
231
191
26
220
214
22
158
151
230
191
158
125
229
65
122
10
231
191
1
138
145
37
115
172
230
191
113
86
68
77
244
249
230
191
9
50
2
42
28
193
230
191
131
136
212
180
139
233
230
191
53
212
40
36
153
213
230
191
143
55
249
45
58
217
230
191
153
100
228
44
236
233
230
191
81
135
21
110
249
200
230
191
32
239
85
43
19
254
230
191
110
167
173
17
193
184
230
191
13
80
26
106
20
18
231
191
207
163
226
255
142
168
230
191
98
135
49
233
239
37
231
191
25
172
56
213
90
152
230
191
6
161
188
143
163
57
231
191
31
216
241
95
32
136
230
191
62
121
88
168
53
77
231
191
134
87
146
60
215
119
230
191
243
27
38
26
164
96
231
191
32
66
92
57
123
103
230
191
39
137
37
229
238
115
231
191
170
187
178
11
6
87
230
191
4
169
20
59
26
135
231
191
245
219
215
129
115
70
230
191
141
123
243
27
38
154
231
191
69
127
104
230
201
53
230
191
193
0
194
135
18
173
231
191
133
177
133
32
7
37
230
191
182
44
95
151
225
191
231
191
203
102
14
73
45
20
230
191
155
231
136
124
151
210
231
191
68
135
192
145
64
3
230
191
110
49
63
55
52
229
231
191
241
18
156
250
64
242
229
191
72
254
96
224
185
247
231
191
231
253
127
156
48
225
229
191
39
78
238
119
40
10
232
191
62
60
75
144
17
208
229
191
57
9
165
47
132
28
232
191
247
205
253
213
227
190
229
191
127
47
133
7
205
46
232
191
84
143
52
184
173
173
229
191
15
181
109
24
5
65
232
191
63
140
16
30
109
156
229
191
233
153
94
98
44
83
232
191
253
160
46
82
40
139
229
191
201
1
187
154
60
101
232
191
142
205
142
84
223
121
229
191
84
28
7
94
45
119
232
191
53
238
205
111
152
104
229
191
47
25
199
72
246
136
232
191
10
247
202
188
85
87
229
191
67
4
28
66
149
154
232
191
35
220
100
84
25
70
229
191
30
25
171
205
255
171
232
191
219
109
23
154
235
52
229
191
124
123
215
160
47
189
232
191
50
172
226
141
204
35
229
191
49
67
227
137
32
206
232
191
86
127
132
97
192
18
229
191
201
171
115
12
200
222
232
191
139
195
153
95
205
1
229
191
2
217
235
221
31
239
232
191
186
132
67
111
241
240
228
191
218
202
75
254
39
255
232
191
182
218
195
94
40
224
228
191
218
57
205
2
237
14
233
191
223
24
2
128
99
207
228
191
139
222
169
128
123
30
233
191
241
98
97
136
156
190
228
191
163
89
217
62
228
45
233
191
101
0
168
226
198
173
228
191
193
87
116
235
53
61
233
191
199
44
123
18
216
156
228
191
154
121
114
77
129
76
233
191
144
47
161
130
195
139
228
191
184
119
13
250
210
91
233
191
101
56
158
207
128
122
228
191
185
254
93
159
57
107
233
191
166
154
89
75
1
105
228
191
83
175
91
4
198
122
233
191
226
145
120
121
58
87
228
191
38
54
31
215
134
138
233
191
190
77
127
246
35
69
228
191
141
99
36
123
132
154
233
191
12
230
175
144
185
50
228
191
66
91
206
165
184
170
233
191
250
66
200
121
255
31
228
191
191
100
227
193
22
187
233
191
204
64
101
252
251
12
228
191
76
223
107
8
142
203
233
191
131
223
134
24
175
249
227
191
75
30
79
203
15
220
233
191
120
239
168
49
33
230
227
191
29
117
116
92
141
236
233
191
172
112
203
71
82
210
227
191
11
67
228
244
245
252
233
191
123
51
106
190
74
190
227
191
119
219
133
230
58
13
234
191
16
32
67
199
14
170
227
191
193
145
64
131
77
29
234
191
132
42
53
123
160
149
227
191
51
197
28
4
29
45
234
191
49
35
188
61
8
129
227
191
114
165
158
5
161
60
234
191
115
218
83
114
78
108
227
191
13
110
107
11
207
75
234
191
209
8
54
174
127
87
227
191
140
215
188
170
179
90
234
191
1
79
90
184
172
66
227
191
6
214
113
252
80
105
234
191
95
125
60
244
221
45
227
191
214
57
6
100
175
119
234
191
183
40
179
65
38
25
227
191
109
199
212
93
217
133
234
191
77
45
91
235
139
4
227
191
249
102
155
27
211
147
234
191
239
31
11
209
33
240
226
191
191
244
246
231
162
161
234
191
13
197
29
111
242
219
226
191
69
41
33
88
85
175
234
191
71
201
171
115
12
200
226
191
165
248
248
132
236
188
234
191
248
252
48
66
120
180
226
191
101
27
184
3
117
202
234
191
77
72
107
12
58
161
226
191
157
133
61
237
240
215
234
191
54
58
231
167
56
142
226
191
53
67
170
40
94
229
234
191
207
73
239
27
95
123
226
191
1
108
64
132
184
242
234
191
30
250
238
86
150
104
226
191
211
23
66
206
251
255
234
191
41
206
81
71
199
85
226
191
147
82
208
237
37
13
235
191
245
72
131
219
218
66
226
191
232
75
111
127
46
26
235
191
137
237
238
1
186
47
226
191
209
3
31
131
21
39
235
191
211
74
33
144
75
28
226
191
244
169
99
149
210
51
235
191
8
204
67
166
124
8
226
191
11
98
160
107
95
64
235
191
254
11
4
1
50
244
225
191
0
56
246
236
185
76
235
191
69
70
7
36
97
223
225
191
144
79
200
206
219
88
235
191
102
51
135
164
22
202
225
191
230
144
212
66
201
100
235
191
66
92
57
123
103
180
225
191
96
204
150
172
138
112
235
191
168
85
244
135
102
158
225
191
18
246
237
36
34
124
235
191
122
168
109
195
40
136
225
191
112
210
52
40
154
135
235
191
133
233
123
13
193
113
225
191
143
85
74
207
244
146
235
191
151
173
245
69
66
91
225
191
202
79
170
125
58
158
235
191
145
125
144
101
193
68
225
191
125
145
208
150
115
169
235
191
66
238
34
76
81
46
225
191
236
246
89
101
166
180
235
191
162
124
65
11
9
24
225
191
114
80
194
76
219
191
235
191
14
249
103
6
241
1
225
191
60
134
199
126
22
203
235
191
132
99
150
61
9
236
224
191
120
128
39
45
92
214
235
191
103
15
180
2
67
214
224
191
37
63
226
87
172
225
235
191
255
91
201
142
141
192
224
191
68
194
247
254
6
237
235
191
197
144
156
76
220
170
224
191
235
253
70
59
110
248
235
191
25
1
21
142
32
149
224
191
27
242
207
12
226
3
236
191
92
0
26
165
75
127
224
191
166
182
212
65
94
15
236
191
217
237
179
202
76
105
224
191
185
51
19
12
231
26
236
191
29
5
136
130
25
83
224
191
40
129
205
57
120
38
236
191
91
177
191
236
158
60
224
191
241
158
3
203
17
50
236
191
35
46
0
141
210
37
224
191
44
129
148
216
181
61
236
191
116
123
73
99
180
14
224
191
103
99
37
230
89
73
236
191
82
211
46
166
153
238
223
191
139
81
215
218
251
84
236
191
104
122
137
177
76
191
223
191
62
123
46
83
147
96
236
191
12
117
88
225
150
143
223
191
13
28
208
210
21
108
236
191
245
99
147
252
136
95
223
191
226
63
221
64
129
119
236
191
98
160
107
95
64
47
223
191
97
22
218
57
205
130
236
191
8
203
216
208
205
254
222
191
49
207
74
90
241
141
236
191
202
108
144
73
70
206
222
191
35
130
113
112
233
152
236
191
186
246
5
244
194
157
222
191
221
94
210
24
173
163
236
191
141
9
49
151
84
109
222
191
49
125
175
33
56
174
236
191
159
117
141
150
3
61
222
191
30
221
8
139
138
184
236
191
239
58
27
242
207
12
222
191
234
90
123
159
170
194
236
191
199
184
226
226
168
220
221
191
6
187
97
219
162
204
236
191
251
6
38
55
138
172
221
191
205
205
55
162
123
214
236
191
1
109
171
89
103
124
221
191
199
75
55
137
65
224
236
191
126
26
247
230
55
76
221
191
33
29
30
194
248
233
236
191
235
86
207
73
239
27
221
191
79
6
71
201
171
243
236
191
25
58
118
80
137
235
220
191
192
203
12
27
101
253
236
191
83
35
244
51
245
186
220
191
186
73
12
2
43
7
237
191
107
42
139
194
46
138
220
191
197
56
127
19
10
17
237
191
171
174
67
53
37
89
220
191
225
152
101
79
2
27
237
191
202
80
21
83
233
39
220
191
59
82
125
231
23
37
237
191
108
64
132
184
114
246
219
191
121
148
74
120
66
47
237
191
71
30
136
44
210
196
219
191
177
83
172
26
132
57
237
191
91
234
32
175
7
147
219
191
135
191
38
107
212
67
237
191
4
117
202
163
27
97
219
191
254
215
185
105
51
78
237
191
110
166
66
60
18
47
219
191
229
180
167
228
156
88
237
191
244
78
5
220
243
252
218
191
17
110
50
170
12
99
237
191
197
86
208
180
196
202
218
191
130
3
90
186
130
109
237
191
59
142
31
42
141
152
218
191
9
141
96
227
250
119
237
191
86
245
242
59
77
102
218
191
121
34
136
243
112
130
237
191
186
187
206
134
252
51
218
191
210
195
208
234
228
140
237
191
179
64
187
67
138
1
218
191
254
124
91
176
84
151
237
191
229
179
60
15
238
206
217
191
20
66
7
93
194
161
237
191
109
140
157
240
18
156
217
191
251
30
245
215
43
172
237
191
149
41
230
32
232
104
217
191
159
31
70
8
143
182
237
191
212
210
220
10
97
53
217
191
232
79
27
213
233
192
237
191
162
207
71
25
113
1
217
191
236
163
83
87
62
203
237
191
74
127
47
133
7
205
216
191
149
39
16
118
138
213
237
191
20
65
156
135
19
152
216
191
182
242
146
255
201
223
237
191
121
92
84
139
136
98
216
191
79
5
220
243
252
233
237
191
137
66
203
186
127
44
216
191
72
107
12
58
33
244
237
191
222
28
174
213
30
246
215
191
140
48
69
185
52
254
237
191
109
229
37
255
147
191
215
191
2
97
167
88
53
8
238
191
206
197
223
246
4
137
215
191
173
252
50
24
35
18
238
191
246
183
4
224
159
82
215
191
115
15
9
223
251
27
238
191
171
205
255
171
142
28
215
191
64
165
74
148
189
37
238
191
226
0
250
125
255
230
214
191
18
190
247
55
104
47
238
191
53
123
160
21
24
178
214
191
1
78
239
226
253
56
238
191
197
30
218
199
10
126
214
191
223
108
115
99
122
66
238
191
254
44
150
34
249
74
214
191
218
2
66
235
225
75
238
191
104
94
14
187
239
24
214
191
241
15
91
122
52
85
238
191
106
137
149
209
200
231
213
191
82
124
124
66
118
94
238
191
106
132
126
166
94
183
213
191
254
71
166
67
167
103
238
191
254
13
218
171
143
135
213
191
55
79
117
200
205
112
238
191
48
44
127
190
45
88
213
191
255
145
233
208
233
121
238
191
103
181
192
30
19
41
213
191
131
248
192
142
255
130
238
191
10
128
241
12
26
250
212
191
217
118
218
26
17
140
238
191
128
98
100
201
28
203
212
191
236
24
87
92
28
149
238
191
47
51
108
148
245
155
212
191
254
186
211
157
39
158
238
191
35
248
223
74
118
108
212
191
249
104
113
198
48
167
238
191
165
16
200
37
142
60
212
191
221
34
48
214
55
176
238
191
92
172
168
193
52
12
212
191
171
232
15
205
60
185
238
191
42
84
55
23
127
219
211
191
30
222
115
96
57
194
238
191
226
31
182
244
104
170
211
191
9
27
158
94
41
203
238
191
58
176
28
33
3
121
211
191
61
183
208
149
8
212
238
191
95
237
40
206
81
71
211
191
188
178
11
6
215
220
238
191
173
167
86
95
93
21
211
191
87
37
145
125
144
229
238
191
171
151
223
105
50
227
210
191
180
62
229
152
44
238
238
191
135
165
129
31
213
176
210
191
255
230
197
137
175
246
238
191
202
137
118
21
82
126
210
191
201
89
216
211
14
255
238
191
161
44
124
125
173
75
210
191
38
139
251
143
76
7
239
191
58
118
80
137
235
24
210
191
1
135
80
165
102
15
239
191
194
78
177
106
16
230
209
191
67
89
248
250
90
23
239
191
103
158
92
83
32
179
209
191
24
234
176
194
45
31
239
191
85
77
16
117
31
128
209
191
107
69
155
227
220
38
239
191
96
115
14
158
9
77
209
191
60
107
183
93
104
46
239
191
227
224
210
49
231
25
209
191
160
79
228
73
210
53
239
191
221
149
93
48
184
230
208
191
130
254
66
143
24
61
239
191
170
98
42
253
132
179
208
191
248
107
178
70
61
68
239
191
28
95
123
102
73
128
208
191
236
163
83
87
62
75
239
191
96
115
14
158
9
77
208
191
116
154
5
218
29
82
239
191
0
88
29
57
210
25
208
191
166
67
167
231
221
88
239
191
62
121
88
168
53
205
207
191
200
123
213
202
132
95
239
191
141
179
233
8
224
102
207
191
240
54
111
156
20
102
239
191
238
94
238
147
163
0
207
191
74
93
50
142
145
108
239
191
21
28
94
16
145
154
206
191
29
203
187
234
1
115
239
191
168
26
189
26
160
52
206
191
126
116
234
202
103
121
239
191
184
203
126
221
233
206
205
191
199
41
58
146
203
127
239
191
69
47
163
88
110
105
205
191
251
234
170
64
45
134
239
191
169
21
166
239
53
4
205
191
91
148
217
32
147
140
239
191
229
126
135
162
64
159
204
191
46
2
99
125
3
147
239
191
84
59
195
212
150
58
204
191
68
76
137
36
122
153
239
191
228
217
229
91
31
214
203
191
137
126
109
253
244
159
239
191
241
42
107
155
226
113
203
191
205
176
81
214
111
166
239
191
15
237
99
5
191
13
203
191
182
18
186
75
226
172
239
191
153
240
75
253
188
169
202
191
23
188
232
43
72
179
239
191
217
148
43
188
203
69
202
191
171
208
64
44
155
185
239
191
25
57
11
123
218
225
201
191
69
104
4
27
215
191
239
191
89
221
234
57
233
125
201
191
183
154
117
198
247
197
239
191
227
224
210
49
231
25
201
191
166
151
24
203
244
203
239
191
92
115
71
255
203
181
200
191
230
118
47
247
201
209
239
191
196
148
72
162
151
81
200
191
72
80
252
24
115
215
239
191
28
69
214
26
74
237
199
191
227
23
94
73
242
220
239
191
189
84
108
204
235
136
199
191
229
181
18
186
75
226
239
191
3
148
134
26
133
36
199
191
100
30
249
131
129
231
239
191
74
211
160
104
30
192
198
191
97
81
17
167
147
236
239
191
144
18
187
182
183
91
198
191
9
55
25
85
134
241
239
191
140
242
204
203
97
247
197
191
114
195
239
166
91
246
239
191
63
115
214
167
28
147
197
191
202
222
82
206
23
251
239
191
2
101
83
174
240
46
197
191
18
137
66
203
186
255
239
191
49
152
191
66
230
202
196
191
59
85
190
103
36
2
240
191
204
12
27
101
253
102
196
191
146
149
95
6
99
4
240
191
136
99
93
220
70
3
196
191
108
151
54
28
150
6
240
191
12
204
10
69
186
159
195
191
212
212
178
181
190
8
240
191
103
183
150
201
112
60
195
191
180
89
245
185
218
10
240
191
154
37
1
106
106
217
194
191
11
38
254
40
234
12
240
191
255
230
197
137
175
118
194
191
195
69
238
233
234
14
240
191
243
203
96
140
72
20
194
191
220
184
197
252
220
16
240
191
207
164
77
213
61
178
193
191
63
139
165
72
190
18
240
191
238
65
8
200
151
80
193
191
248
54
253
217
143
20
240
191
172
115
12
200
94
239
192
191
228
77
126
139
78
22
240
191
8
58
90
213
146
142
192
191
3
208
40
93
250
23
240
191
77
244
249
40
35
46
192
191
97
55
108
91
148
25
240
191
178
128
9
220
186
155
191
191
20
120
39
159
30
27
240
191
20
120
39
159
30
219
190
191
40
12
202
52
154
28
240
191
50
171
119
184
29
26
190
191
180
231
50
53
9
30
240
191
201
85
44
126
83
88
189
191
194
132
209
172
108
31
240
191
2
245
102
212
124
149
188
191
95
93
21
168
197
32
240
191
226
35
98
74
36
209
187
191
161
101
221
63
22
34
240
191
145
95
63
196
6
11
187
191
148
23
153
128
95
35
240
191
98
162
65
10
158
66
186
191
66
237
183
118
162
36
240
191
49
10
130
199
183
119
185
191
183
96
169
46
224
37
240
191
255
150
0
252
83
170
184
191
243
113
109
168
24
39
240
191
197
173
130
24
232
218
183
191
213
178
181
190
72
40
240
191
51
84
197
84
250
9
183
191
69
47
163
88
110
41
240
191
65
239
141
33
0
56
182
191
44
243
86
93
135
42
240
191
161
132
153
182
127
101
181
191
127
132
97
192
146
43
240
191
74
121
173
132
238
146
180
191
18
251
4
80
140
44
240
191
237
210
134
195
210
192
179
191
226
86
65
12
116
45
240
191
57
151
226
170
178
239
178
191
208
41
200
207
70
46
240
191
40
43
134
171
3
32
178
191
218
115
153
154
4
47
240
191
30
53
38
196
92
82
177
191
211
76
247
58
169
47
240
191
136
246
177
130
223
134
176
191
221
34
48
214
55
48
240
191
242
91
116
178
212
122
175
191
226
1
101
83
174
48
240
191
94
46
226
59
49
235
173
191
27
76
195
240
17
49
240
191
14
160
223
247
111
94
172
191
145
123
186
186
99
49
240
191
124
40
209
146
199
211
170
191
82
10
186
189
164
49
240
191
141
128
10
71
144
74
169
191
128
102
16
31
216
49
240
191
144
162
206
220
67
194
167
191
36
10
45
235
254
49
240
191
215
136
96
28
92
58
166
191
87
233
238
58
27
50
240
191
218
170
36
178
15
178
164
191
47
248
52
39
47
50
240
191
127
193
110
216
182
40
163
191
172
54
255
175
58
50
240
191
169
133
146
201
169
157
161
191
252
140
11
7
66
50
240
191
170
241
210
77
98
16
160
191
30
251
89
44
69
50
240
191
204
124
7
63
113
0
157
191
41
117
201
56
70
50
240
191
11
210
140
69
211
217
153
191
7
7
123
19
67
50
240
191
233
101
20
203
45
173
150
191
150
66
32
151
56
50
240
191
141
181
191
179
61
122
147
191
201
173
73
183
37
50
240
191
208
67
109
27
70
65
144
191
127
218
168
78
7
50
240
191
5
22
192
148
129
3
138
191
173
78
206
80
220
49
240
191
72
22
48
129
91
119
131
191
26
168
140
127
159
49
240
191
145
39
73
215
76
190
121
191
208
96
83
231
81
49
240
191
158
12
142
146
87
231
104
191
152
22
245
73
238
48
240
191
183
95
62
89
49
92
45
63
147
55
192
204
119
48
240
191
244
22
15
239
57
176
108
63
194
195
180
111
238
47
240
191
48
104
33
1
163
203
123
63
47
53
66
63
83
47
240
191
209
173
215
244
160
160
132
63
253
249
182
96
169
46
240
191
110
133
176
26
75
88
139
63
55
140
130
224
241
45
240
191
65
15
181
109
24
5
145
63
255
89
243
227
47
45
240
191
119
43
75
116
150
89
148
63
86
99
9
107
99
44
240
191
157
128
38
194
134
167
151
63
93
22
19
155
143
43
240
191
124
128
238
203
153
237
154
63
44
103
239
140
182
42
240
191
220
156
74
6
128
42
158
63
216
73
125
89
218
41
240
191
116
41
174
42
251
174
160
63
121
178
155
25
253
40
240
191
254
214
78
148
132
68
162
63
247
172
107
180
28
40
240
191
147
223
162
147
165
214
163
63
95
179
92
54
58
39
240
191
121
7
120
210
194
101
165
63
165
75
255
146
84
38
240
191
52
215
105
164
165
242
166
63
201
117
83
202
107
37
240
191
118
84
53
65
212
125
168
63
202
49
89
220
127
36
240
191
88
198
134
110
246
7
170
63
159
5
161
188
143
35
240
191
99
181
249
127
213
145
171
63
58
119
187
94
154
34
240
191
110
164
108
145
180
27
173
63
156
134
168
194
159
33
240
191
108
93
106
132
126
166
174
63
187
185
248
219
158
32
240
191
80
82
96
1
76
25
176
63
137
150
60
158
150
31
240
191
188
93
47
77
17
224
176
63
253
162
4
253
133
30
240
191
100
146
145
179
176
167
177
63
232
246
146
198
104
29
240
191
182
49
118
194
75
112
178
63
86
12
87
7
64
28
240
191
176
59
221
121
226
57
179
63
15
129
35
129
6
27
240
191
117
146
173
46
167
4
180
63
28
207
103
64
189
25
240
191
5
54
231
224
153
208
180
63
82
14
102
19
96
24
240
191
203
103
121
30
220
157
181
63
153
74
63
225
236
22
240
191
52
105
83
117
143
108
182
63
229
9
132
157
98
21
240
191
63
58
117
229
179
60
183
63
33
88
85
47
191
19
240
191
162
123
214
53
90
14
184
63
53
65
212
125
0
18
240
191
134
170
152
74
63
225
184
63
79
173
190
186
42
16
240
191
127
133
204
149
65
181
185
63
134
144
243
254
63
14
240
191
73
72
164
109
252
137
186
63
7
211
48
124
68
12
240
191
121
177
48
68
78
95
187
63
255
92
52
100
60
10
240
191
128
157
155
54
227
52
188
63
156
22
188
232
43
8
240
191
61
42
254
239
136
10
189
63
245
243
166
34
21
6
240
191
216
212
121
84
252
223
189
63
78
209
145
92
254
3
240
191
122
26
48
72
250
180
190
63
190
162
91
175
233
1
240
191
1
25
58
118
80
137
191
63
251
148
99
178
184
255
239
191
128
71
84
168
110
46
192
63
70
121
230
229
176
251
239
191
134
29
198
164
191
151
192
63
94
242
63
249
187
247
239
191
238
94
238
147
163
0
193
63
22
24
178
186
213
243
239
191
35
77
188
3
60
105
193
63
85
246
93
17
252
239
239
191
111
71
56
45
120
209
193
63
172
200
232
128
36
236
239
191
228
190
213
58
113
57
194
63
25
143
82
9
79
232
239
191
220
131
16
144
47
161
194
63
66
121
31
71
115
228
239
191
87
150
232
44
179
8
195
63
16
147
112
33
143
224
239
191
11
151
85
216
12
112
195
63
86
244
135
102
158
220
239
191
84
86
211
245
68
215
195
63
184
204
233
178
152
216
239
191
139
164
221
232
99
62
196
63
9
52
216
212
121
212
239
191
13
82
240
20
114
165
196
63
73
42
83
204
65
208
239
191
126
142
143
22
103
12
197
63
76
199
156
103
236
203
239
191
57
42
55
81
75
115
197
63
248
22
214
141
119
199
239
191
227
84
107
97
22
218
197
63
57
37
32
38
225
194
239
191
50
175
35
14
217
64
198
63
37
230
89
73
43
190
239
191
38
57
96
87
147
167
198
63
97
137
7
148
77
185
239
191
100
34
165
217
60
14
199
63
26
247
230
55
76
180
239
191
236
106
242
148
213
116
199
63
13
83
91
234
32
175
239
191
25
227
195
236
101
219
199
63
79
145
67
196
205
169
239
191
145
186
157
125
229
65
200
63
157
213
2
123
76
164
239
191
173
193
251
170
92
168
200
63
59
252
53
89
163
158
239
191
19
40
98
17
195
14
201
63
87
237
154
144
214
152
239
191
179
124
93
134
255
116
201
63
74
121
173
132
238
146
239
191
140
191
237
9
18
219
201
63
91
124
10
128
241
140
239
191
67
32
151
56
242
64
202
63
204
210
78
205
229
134
239
191
125
206
221
174
151
166
202
63
16
65
213
232
213
128
239
191
223
249
69
9
250
11
203
63
106
163
58
29
200
122
239
191
15
210
83
228
16
113
203
63
31
214
27
181
194
116
239
191
177
134
139
220
211
213
203
63
161
157
211
44
208
110
239
191
198
23
237
241
66
58
204
63
7
238
64
157
242
104
239
191
151
228
128
93
77
158
204
63
193
139
190
130
52
99
239
191
36
237
70
31
243
1
205
63
73
190
18
72
137
93
239
191
127
162
178
97
77
101
205
63
134
145
94
212
238
87
239
191
150
147
80
250
66
200
205
63
240
76
104
146
88
82
239
191
32
97
24
176
228
42
206
63
68
20
147
55
192
76
239
191
193
58
142
31
42
141
206
63
16
35
132
71
27
71
239
191
47
193
169
15
36
239
206
63
248
168
191
94
97
65
239
191
181
83
115
185
193
80
207
63
207
189
135
75
142
59
239
191
173
194
102
128
11
178
207
63
13
169
162
120
149
53
239
191
222
30
132
128
124
9
208
63
86
154
148
130
110
47
239
191
159
202
105
79
201
57
208
63
126
169
159
55
21
41
239
191
79
5
220
243
252
105
208
63
132
214
195
151
137
34
239
191
164
111
210
52
40
154
208
63
150
9
191
212
207
27
239
191
84
170
68
217
91
202
208
63
247
30
46
57
238
20
239
191
66
62
232
217
172
250
208
63
214
254
206
246
232
13
239
191
128
156
48
97
52
43
209
63
96
145
95
63
196
6
239
191
149
125
87
4
255
91
209
63
217
178
124
93
134
255
238
191
147
82
208
237
37
141
209
63
88
87
5
106
49
248
238
191
48
188
146
228
185
190
209
63
10
103
183
150
201
240
238
191
124
43
18
19
212
240
209
63
74
178
14
71
87
233
238
191
210
112
202
220
124
35
210
63
2
69
44
98
216
225
238
191
51
140
187
65
180
86
210
63
73
19
239
0
79
218
238
191
95
36
180
229
92
138
210
63
7
41
120
10
185
210
238
191
191
15
7
9
81
190
210
63
248
169
42
52
16
203
238
191
64
221
64
129
119
242
210
63
5
162
39
101
82
195
238
191
164
51
48
242
178
38
211
63
25
29
144
132
125
187
238
191
83
233
39
156
221
90
211
63
238
62
199
71
139
179
238
191
13
165
246
34
218
142
211
63
156
251
171
199
125
171
238
191
195
245
40
92
143
194
211
63
199
130
194
160
76
163
238
191
7
154
207
185
219
245
211
63
157
188
200
4
252
154
238
191
64
104
61
124
153
40
212
63
217
204
33
169
133
146
238
191
112
96
114
163
200
90
212
63
125
179
205
141
233
137
238
191
240
82
234
146
113
140
212
63
203
76
105
253
45
129
238
191
118
224
156
17
165
189
212
63
196
152
244
247
82
120
238
191
20
122
253
73
124
238
212
63
172
115
12
200
94
111
238
191
127
192
3
3
8
31
213
63
131
221
176
109
81
102
238
191
64
108
233
209
84
79
213
63
119
190
159
26
47
93
238
191
149
214
223
18
128
127
213
63
135
22
217
206
247
83
238
191
6
184
32
91
150
175
213
63
248
193
249
212
177
74
238
191
120
153
97
163
172
223
213
63
202
192
1
45
93
65
238
191
160
27
154
178
211
15
214
63
43
251
174
8
254
55
238
191
216
14
70
236
19
64
214
63
3
125
34
79
146
46
238
191
79
91
35
130
113
112
214
63
150
34
249
74
32
37
238
191
124
72
248
222
223
160
214
63
161
15
150
177
161
27
238
191
168
53
205
59
78
209
214
63
127
20
117
230
30
18
238
191
168
58
228
102
184
1
215
63
235
84
249
158
145
8
238
191
241
158
3
203
17
50
215
63
42
173
191
37
0
255
237
191
87
122
109
54
86
98
215
63
13
53
10
73
102
245
237
191
35
44
42
226
116
146
215
63
218
200
117
83
202
235
237
191
41
204
123
156
105
194
215
63
121
116
35
44
42
226
237
191
224
161
40
208
39
242
215
63
235
55
19
211
133
216
237
191
25
197
114
75
171
33
216
63
93
251
2
122
225
206
237
191
169
77
156
220
239
80
216
63
161
214
52
239
56
197
237
191
233
11
33
231
253
127
216
63
184
201
168
50
140
187
237
191
53
208
124
206
221
174
216
63
139
224
127
43
217
177
237
191
186
130
109
196
147
221
216
63
236
50
252
167
27
168
237
191
166
11
177
250
35
12
217
63
242
180
252
192
85
158
237
191
84
59
195
212
150
58
217
63
111
126
195
68
131
148
237
191
195
17
164
82
236
104
217
63
78
155
113
26
162
138
237
191
78
95
207
215
44
151
217
63
118
23
40
41
176
128
237
191
81
244
192
199
96
197
217
63
233
242
230
112
173
118
237
191
250
184
54
84
140
243
217
63
120
69
240
191
149
108
237
191
71
173
48
125
175
33
218
63
13
27
101
253
102
98
237
191
194
137
232
215
214
79
218
63
168
115
69
41
33
88
237
191
197
30
218
199
10
126
218
63
72
79
145
67
196
77
237
191
126
84
195
126
79
172
218
63
216
185
105
51
78
67
237
191
27
19
98
46
169
218
218
63
41
203
16
199
186
56
237
191
35
19
240
107
36
9
219
63
106
107
68
48
14
46
237
191
151
84
109
55
193
55
219
63
85
190
103
36
66
35
237
191
0
144
19
38
140
102
219
63
235
195
122
163
86
24
237
191
138
173
160
105
137
149
219
63
45
124
125
173
75
13
237
191
145
125
144
101
193
196
219
63
2
243
144
41
31
2
237
191
186
47
103
182
43
244
219
63
107
40
181
23
209
246
236
191
79
35
45
149
183
35
220
63
150
4
168
169
101
235
236
191
153
183
234
58
84
83
220
63
131
135
105
223
220
223
236
191
183
99
234
174
236
130
220
63
95
153
183
234
58
212
236
191
240
134
52
42
112
178
220
63
87
34
80
253
131
200
236
191
54
176
85
130
197
225
220
63
154
10
241
72
188
188
236
191
254
38
20
34
224
16
221
63
61
70
121
230
229
176
236
191
103
98
186
16
171
63
221
63
88
201
199
238
2
165
236
191
140
217
146
85
17
110
221
63
46
112
121
172
25
153
236
191
183
235
165
41
2
156
221
63
216
46
109
56
44
141
236
191
142
200
119
41
117
201
221
63
83
5
163
146
58
129
236
191
153
40
66
234
118
246
221
63
139
255
59
162
66
117
236
191
142
172
252
50
24
35
222
63
58
65
155
28
62
105
236
191
81
221
92
252
109
79
222
63
238
5
102
133
34
93
236
191
150
91
90
13
137
123
222
63
146
89
189
195
237
80
236
191
21
200
236
44
122
167
222
63
202
107
37
116
151
68
236
191
85
219
77
240
77
211
222
63
60
108
34
51
23
56
236
191
104
6
241
129
29
255
222
63
207
102
213
231
106
43
236
191
168
25
82
69
241
42
223
63
253
162
4
253
133
30
236
191
39
134
228
100
226
86
223
63
151
56
242
64
100
17
236
191
63
28
36
68
249
130
223
63
135
51
191
154
3
4
236
191
195
243
82
177
49
175
223
63
205
147
107
10
100
246
235
191
133
36
179
122
135
219
223
63
8
6
16
62
148
232
235
191
0
0
0
0
0
0
0
0
0
0
0
0
0
0
0
0
0
0
0
0
0
0
0
0
0
0
0
0
0
0
0
0
0
0
0
0
0
0
0
0
0
0
0
0
0
0
0
0
0
0
0
0
0
0
0
0
0
0
0
0
0
0
0
0
0
0
0
0
0
0
0
0
0
0
0
0
0
0
0
0
0
0
0
0
0
0
0
0
0
0
0
0
0
0
0
0
0
0
0
0
0
0
0
0
0
0
0
0
0
0
0
0
0
0
0
0
0
0
0
0
0
0
0
0
0
0
0
0
0
0
0
0
0
0
0
0
0
0
0
0
0
0
0
0
0
0
0
0
0
0
0
0
0
0
0
0
0
0
0
0
0
0
0
0
0
0
0
0
0
0
0
0
0
0
0
0
0
0
0
0
0
0
0
0
0
0
0
0
0
0
0
0
0
0
0
0
0
0
0
0
0
0
0
0
0
0
0
0
0
0
0
0
0
0
0
0
0
0
0
0
0
0
0
0
0
0
0
0
0
0
0
0
0
0
0
0
0
0
0
0
0
0
0
0
0
0
0
0
0
0
0
0
0
0
0
0
0
0
0
0
0
0
0
0
0
0
0
0
0
0
0
0
0
0
0
0
0
0
0
0
0
0
0
0
0
0
0
0
0
0
0
0
0
0
0
0
0
0
0
0
0
0
0
0
0
0
0
0
0
0
0
0
0
0
0
0
0
0
0
0
0
0
0
0
0
0
0
0
0
0
0
0
0
0
0
0
0
0
0
0
0
0
0
0
0
0
0
0
0
0
0
0
0
0
0
0
0
0
0
0
0
0
0
0
0
0
0
0
0
0
0
0
0
0
0
0
0
0
0
0
0
0
0
0
0
0
0
0
0
0
0
0
0
0
0
0
0
0
0
0
0
0
0
0
0
0
0
0
0
0
0
0
0
0
0
0
0
0
0
0
0
0
0
0
0
0
0
0
0
0
0
0
0
0
0
0
0
0
0
0
0
0
0
0
0
0
0
0
0
0
0
0
0
0
0
0
0
0
0
0
0
0
0
0
0
0
0
0
0
0
0
0
0
0
0
0
0
0
0
0
0
0
0
0
0
0
0
0
0
0
0
0
0
0
0
0
0
0
0
0
0
0
0
0
0
0
0
0
0
0
0
0
0
0
0
0
0
0
0
0
0
0
0
0
0
0
0
0
0
0
0
0
0
0
0
0
0
0
0
0
0
0
0
0
0
0
0
0
0
0
0
0
0
0
0
0
0
0
0
0
0
0
0
0
0
0
0
0
0
0
0
0
0
0
0
0
0
0
0
0
0
0
0
0
0
0
0
0
0
0
0
0
0
0
0
0
0
0
0
0
0
0
0
0
0
0
0
0
0
0
0
0
0
0
0
0
0
0
0
0
0
0
0
0
0
0
0
0
0
0
0
0
0
0
0
0
0
0
0
0
0
0
0
0
0
0
0
0
0
0
0
0
0
0
0
0
0
0
0
0
0
0
0
0
0
0
0
0
0
0
0
0
0
0
0
0
0
0
0
0
0
0
0
0
0
0
0
0
0
0
0
0
0
0
0
0
0
0
0
0
0
0
0
0
0
0
0
0
0
0
0
0
0
0
0
0
0
0
0
0
0
0
0
0
0
0
0
0
0
0
0
0
0
0
0
0
0
0
0
0
0
0
0
0
0
0
0
0
0
0
0
0
0
0
0
0
0
0
0
0
0
0
0
0
0
0
0
0
0
0
0
0
0
0
0
0
0
0
0
0
0
0
0
0
0
0
0
0
0
0
0
0
0
0
0
0
0
0
0
0
0
0
0
0
0
0
0
0
0
0
0
0
0
0
0
0
0
0
0
0
0
0
0
0
0
0
0
0
0
0
0
0
0
0
0
0
0
0
0
0
0
0
0
0
0
0
0
0
0
0
0
0
0
0
0
0
0
0
0
0
0
0
0
0
0
0
0
0
0
0
0
0
0
0
0
0
0
0
0
0
0
0
0
0
0
0
0
0
0
0
0
0
0
0
0
0
0
0
0
0
0
0
0
0
0
0
0
0
0
0
0
0
0
0
0
0
0
0
0
0
0
0
0
0
0
0
0
0
0
0
0
0
0
0
0
0
0
0
0
0
0
0
0
0
0
0
0
0
0
0
0
0
0
0
0
0
0
0
0
0
0
0
0
0
0
0
0
0
0
0
0
0
0
0
0
0
0
0
0
0
0
0
0
0
0
0
0
0
0
0
0
0
0
0
0
0
0
0
0
0
0
0
0
0
0
0
0
0
0
0
0
0
0
0
0
0
0
0
0
0
0
0
0
0
0
0
0
0
0
0
0
0
0
0
0
0
0
0
0
0
0
0
0
0
0
0
0
0
0
0
0
0
0
0
0
0
0
0
0
0
0
0
0
0
0
0
0
0
0
0
0
0
0
0
0
0
0
0
0
0
0
0
0
0
0
0
0
0
0
0
0
0
0
0
0
0
0
0
0
0
0
0
0
0
0
0
0
0
0
0
0
0
0
0
0
0
0
0
0
0
0
0
0
0
0
0
0
0
0
0
0
0
0
0
0
0
0
0
0
0
0
0
0
0
0
0
0
0
0
0
0
0
0
0
0
0
0
0
0
0
0
0
0
0
0
0
0
0
0
0
0
0
0
0
0
0
0
0
0
0
0
0
0
0
0
0
0
0
0
0
0
0
0
0
0
0
0
0
0
0
0
0
0
0
0
0
0
0
0
0
0
0
0
0
0
0
0
0
0
0
0
0
0
0
0
0
0