58
70
65
67
84
58
67
68
65
84
49
56
58
68
65
84
65
32
35
57
48
48
48
48
48
54
57
51
54
0
28
157
192
0
0
0
0
0
244
172
64
0
0
0
0
0
76
157
192
0
0
0
0
0
234
172
64
0
0
0
0
0
124
157
192
0
0
0
0
0
224
172
64
0
0
0
0
0
172
157
192
0
0
0
0
0
214
172
64
0
0
0
0
0
220
157
192
0
0
0
0
0
204
172
64
0
0
0
0
0
12
158
192
0
0
0
0
0
194
172
64
0
0
0
0
0
60
158
192
0
0
0
0
0
184
172
64
0
0
0
0
0
108
158
192
0
0
0
0
0
174
172
64
0
0
0
0
0
156
158
192
0
0
0
0
0
164
172
64
0
0
0
0
0
208
158
192
0
0
0
0
0
152
172
64
0
0
0
0
0
0
159
192
0
0
0
0
0
142
172
64
0
0
0
0
0
48
159
192
0
0
0
0
0
130
172
64
0
0
0
0
0
96
159
192
0
0
0
0
0
120
172
64
0
0
0
0
0
144
159
192
0
0
0
0
0
108
172
64
0
0
0
0
0
192
159
192
0
0
0
0
0
96
172
64
0
0
0
0
0
240
159
192
0
0
0
0
0
84
172
64
0
0
0
0
0
14
160
192
0
0
0
0
0
74
172
64
0
0
0
0
0
38
160
192
0
0
0
0
0
62
172
64
0
0
0
0
0
60
160
192
0
0
0
0
0
50
172
64
0
0
0
0
0
84
160
192
0
0
0
0
0
38
172
64
0
0
0
0
0
106
160
192
0
0
0
0
0
26
172
64
0
0
0
0
0
128
160
192
0
0
0
0
0
16
172
64
0
0
0
0
0
150
160
192
0
0
0
0
0
4
172
64
0
0
0
0
0
170
160
192
0
0
0
0
0
248
171
64
0
0
0
0
0
192
160
192
0
0
0
0
0
238
171
64
0
0
0
0
0
214
160
192
0
0
0
0
0
226
171
64
0
0
0
0
0
236
160
192
0
0
0
0
0
214
171
64
0
0
0
0
0
2
161
192
0
0
0
0
0
204
171
64
0
0
0
0
0
24
161
192
0
0
0
0
0
192
171
64
0
0
0
0
0
46
161
192
0
0
0
0
0
180
171
64
0
0
0
0
0
68
161
192
0
0
0
0
0
170
171
64
0
0
0
0
0
92
161
192
0
0
0
0
0
158
171
64
0
0
0
0
0
114
161
192
0
0
0
0
0
146
171
64
0
0
0
0
0
136
161
192
0
0
0
0
0
136
171
64
0
0
0
0
0
158
161
192
0
0
0
0
0
124
171
64
0
0
0
0
0
180
161
192
0
0
0
0
0
112
171
64
0
0
0
0
0
202
161
192
0
0
0
0
0
100
171
64
0
0
0
0
0
224
161
192
0
0
0
0
0
88
171
64
0
0
0
0
0
244
161
192
0
0
0
0
0
76
171
64
0
0
0
0
0
8
162
192
0
0
0
0
0
64
171
64
0
0
0
0
0
28
162
192
0
0
0
0
0
52
171
64
0
0
0
0
0
48
162
192
0
0
0
0
0
40
171
64
0
0
0
0
0
66
162
192
0
0
0
0
0
26
171
64
0
0
0
0
0
86
162
192
0
0
0
0
0
14
171
64
0
0
0
0
0
104
162
192
0
0
0
0
0
0
171
64
0
0
0
0
0
124
162
192
0
0
0
0
0
242
170
64
0
0
0
0
0
142
162
192
0
0
0
0
0
230
170
64
0
0
0
0
0
162
162
192
0
0
0
0
0
216
170
64
0
0
0
0
0
180
162
192
0
0
0
0
0
202
170
64
0
0
0
0
0
200
162
192
0
0
0
0
0
188
170
64
0
0
0
0
0
220
162
192
0
0
0
0
0
176
170
64
0
0
0
0
0
240
162
192
0
0
0
0
0
162
170
64
0
0
0
0
0
4
163
192
0
0
0
0
0
148
170
64
0
0
0
0
0
26
163
192
0
0
0
0
0
134
170
64
0
0
0
0
0
46
163
192
0
0
0
0
0
120
170
64
0
0
0
0
0
66
163
192
0
0
0
0
0
106
170
64
0
0
0
0
0
88
163
192
0
0
0
0
0
90
170
64
0
0
0
0
0
108
163
192
0
0
0
0
0
76
170
64
0
0
0
0
0
130
163
192
0
0
0
0
0
60
170
64
0
0
0
0
0
150
163
192
0
0
0
0
0
46
170
64
0
0
0
0
0
170
163
192
0
0
0
0
0
30
170
64
0
0
0
0
0
190
163
192
0
0
0
0
0
14
170
64
0
0
0
0
0
210
163
192
0
0
0
0
0
252
169
64
0
0
0
0
0
230
163
192
0
0
0
0
0
236
169
64
0
0
0
0
0
250
163
192
0
0
0
0
0
220
169
64
0
0
0
0
0
12
164
192
0
0
0
0
0
204
169
64
0
0
0
0
0
32
164
192
0
0
0
0
0
188
169
64
0
0
0
0
0
50
164
192
0
0
0
0
0
170
169
64
0
0
0
0
0
70
164
192
0
0
0
0
0
154
169
64
0
0
0
0
0
88
164
192
0
0
0
0
0
138
169
64
0
0
0
0
0
106
164
192
0
0
0
0
0
122
169
64
0
0
0
0
0
122
164
192
0
0
0
0
0
108
169
64
0
0
0
0
0
140
164
192
0
0
0
0
0
92
169
64
0
0
0
0
0
156
164
192
0
0
0
0
0
76
169
64
0
0
0
0
0
174
164
192
0
0
0
0
0
62
169
64
0
0
0
0
0
190
164
192
0
0
0
0
0
46
169
64
0
0
0
0
0
208
164
192
0
0
0
0
0
30
169
64
0
0
0
0
0
224
164
192
0
0
0
0
0
14
169
64
0
0
0
0
0
240
164
192
0
0
0
0
0
0
169
64
0
0
0
0
0
2
165
192
0
0
0
0
0
240
168
64
0
0
0
0
0
18
165
192
0
0
0
0
0
222
168
64
0
0
0
0
0
36
165
192
0
0
0
0
0
206
168
64
0
0
0
0
0
52
165
192
0
0
0
0
0
190
168
64
0
0
0
0
0
70
165
192
0
0
0
0
0
172
168
64
0
0
0
0
0
88
165
192
0
0
0
0
0
154
168
64
0
0
0
0
0
104
165
192
0
0
0
0
0
136
168
64
0
0
0
0
0
122
165
192
0
0
0
0
0
120
168
64
0
0
0
0
0
140
165
192
0
0
0
0
0
102
168
64
0
0
0
0
0
156
165
192
0
0
0
0
0
84
168
64
0
0
0
0
0
174
165
192
0
0
0
0
0
66
168
64
0
0
0
0
0
190
165
192
0
0
0
0
0
46
168
64
0
0
0
0
0
208
165
192
0
0
0
0
0
28
168
64
0
0
0
0
0
226
165
192
0
0
0
0
0
10
168
64
0
0
0
0
0
242
165
192
0
0
0
0
0
248
167
64
0
0
0
0
0
4
166
192
0
0
0
0
0
230
167
64
0
0
0
0
0
20
166
192
0
0
0
0
0
210
167
64
0
0
0
0
0
38
166
192
0
0
0
0
0
192
167
64
0
0
0
0
0
54
166
192
0
0
0
0
0
174
167
64
0
0
0
0
0
70
166
192
0
0
0
0
0
154
167
64
0
0
0
0
0
88
166
192
0
0
0
0
0
136
167
64
0
0
0
0
0
104
166
192
0
0
0
0
0
116
167
64
0
0
0
0
0
120
166
192
0
0
0
0
0
96
167
64
0
0
0
0
0
136
166
192
0
0
0
0
0
78
167
64
0
0
0
0
0
152
166
192
0
0
0
0
0
58
167
64
0
0
0
0
0
168
166
192
0
0
0
0
0
38
167
64
0
0
0
0
0
184
166
192
0
0
0
0
0
18
167
64
0
0
0
0
0
200
166
192
0
0
0
0
0
254
166
64
0
0
0
0
0
218
166
192
0
0
0
0
0
234
166
64
0
0
0
0
0
234
166
192
0
0
0
0
0
214
166
64
0
0
0
0
0
250
166
192
0
0
0
0
0
194
166
64
0
0
0
0
0
10
167
192
0
0
0
0
0
172
166
64
0
0
0
0
0
28
167
192
0
0
0
0
0
152
166
64
0
0
0
0
0
44
167
192
0
0
0
0
0
130
166
64
0
0
0
0
0
60
167
192
0
0
0
0
0
110
166
64
0
0
0
0
0
78
167
192
0
0
0
0
0
88
166
64
0
0
0
0
0
94
167
192
0
0
0
0
0
66
166
64
0
0
0
0
0
110
167
192
0
0
0
0
0
46
166
64
0
0
0
0
0
128
167
192
0
0
0
0
0
24
166
64
0
0
0
0
0
144
167
192
0
0
0
0
0
2
166
64
0
0
0
0
0
160
167
192
0
0
0
0
0
236
165
64
0
0
0
0
0
176
167
192
0
0
0
0
0
214
165
64
0
0
0
0
0
190
167
192
0
0
0
0
0
192
165
64
0
0
0
0
0
206
167
192
0
0
0
0
0
170
165
64
0
0
0
0
0
222
167
192
0
0
0
0
0
148
165
64
0
0
0
0
0
238
167
192
0
0
0
0
0
126
165
64
0
0
0
0
0
254
167
192
0
0
0
0
0
102
165
64
0
0
0
0
0
14
168
192
0
0
0
0
0
80
165
64
0
0
0
0
0
28
168
192
0
0
0
0
0
58
165
64
0
0
0
0
0
44
168
192
0
0
0
0
0
36
165
64
0
0
0
0
0
60
168
192
0
0
0
0
0
12
165
64
0
0
0
0
0
78
168
192
0
0
0
0
0
246
164
64
0
0
0
0
0
94
168
192
0
0
0
0
0
224
164
64
0
0
0
0
0
110
168
192
0
0
0
0
0
200
164
64
0
0
0
0
0
128
168
192
0
0
0
0
0
178
164
64
0
0
0
0
0
144
168
192
0
0
0
0
0
154
164
64
0
0
0
0
0
162
168
192
0
0
0
0
0
132
164
64
0
0
0
0
0
180
168
192
0
0
0
0
0
108
164
64
0
0
0
0
0
196
168
192
0
0
0
0
0
86
164
64
0
0
0
0
0
214
168
192
0
0
0
0
0
62
164
64
0
0
0
0
0
230
168
192
0
0
0
0
0
38
164
64
0
0
0
0
0
248
168
192
0
0
0
0
0
16
164
64
0
0
0
0
0
8
169
192
0
0
0
0
0
248
163
64
0
0
0
0
0
24
169
192
0
0
0
0
0
224
163
64
0
0
0
0
0
40
169
192
0
0
0
0
0
200
163
64
0
0
0
0
0
56
169
192
0
0
0
0
0
176
163
64
0
0
0
0
0
72
169
192
0
0
0
0
0
154
163
64
0
0
0
0
0
86
169
192
0
0
0
0
0
130
163
64
0
0
0
0
0
102
169
192
0
0
0
0
0
106
163
64
0
0
0
0
0
118
169
192
0
0
0
0
0
82
163
64
0
0
0
0
0
134
169
192
0
0
0
0
0
58
163
64
0
0
0
0
0
150
169
192
0
0
0
0
0
34
163
64
0
0
0
0
0
166
169
192
0
0
0
0
0
10
163
64
0
0
0
0
0
182
169
192
0
0
0
0
0
242
162
64
0
0
0
0
0
198
169
192
0
0
0
0
0
218
162
64
0
0
0
0
0
216
169
192
0
0
0
0
0
194
162
64
0
0
0
0
0
232
169
192
0
0
0
0
0
170
162
64
0
0
0
0
0
250
169
192
0
0
0
0
0
146
162
64
0
0
0
0
0
10
170
192
0
0
0
0
0
120
162
64
0
0
0
0
0
28
170
192
0
0
0
0
0
96
162
64
0
0
0
0
0
46
170
192
0
0
0
0
0
72
162
64
0
0
0
0
0
62
170
192
0
0
0
0
0
46
162
64
0
0
0
0
0
80
170
192
0
0
0
0
0
22
162
64
0
0
0
0
0
98
170
192
0
0
0
0
0
252
161
64
0
0
0
0
0
116
170
192
0
0
0
0
0
228
161
64
0
0
0
0
0
134
170
192
0
0
0
0
0
202
161
64
0
0
0
0
0
150
170
192
0
0
0
0
0
178
161
64
0
0
0
0
0
168
170
192
0
0
0
0
0
152
161
64
0
0
0
0
0
186
170
192
0
0
0
0
0
126
161
64
0
0
0
0
0
202
170
192
0
0
0
0
0
102
161
64
0
0
0
0
0
220
170
192
0
0
0
0
0
76
161
64
0
0
0
0
0
236
170
192
0
0
0
0
0
52
161
64
0
0
0
0
0
254
170
192
0
0
0
0
0
28
161
64
0
0
0
0
0
14
171
192
0
0
0
0
0
4
161
64
0
0
0
0
0
30
171
192
0
0
0
0
0
236
160
64
0
0
0
0
0
46
171
192
0
0
0
0
0
212
160
64
0
0
0
0
0
62
171
192
0
0
0
0
0
188
160
64
0
0
0
0
0
78
171
192
0
0
0
0
0
164
160
64
0
0
0
0
0
94
171
192
0
0
0
0
0
140
160
64
0
0
0
0
0
110
171
192
0
0
0
0
0
116
160
64
0
0
0
0
0
124
171
192
0
0
0
0
0
92
160
64
0
0
0
0
0
140
171
192
0
0
0
0
0
70
160
64
0
0
0
0
0
158
171
192
0
0
0
0
0
46
160
64
0
0
0
0
0
174
171
192
0
0
0
0
0
22
160
64
0
0
0
0
0
190
171
192
0
0
0
0
0
248
159
64
0
0
0
0
0
206
171
192
0
0
0
0
0
200
159
64
0
0
0
0
0
224
171
192
0
0
0
0
0
152
159
64
0
0
0
0
0
240
171
192
0
0
0
0
0
104
159
64
0
0
0
0
0
2
172
192
0
0
0
0
0
52
159
64
0
0
0
0
0
20
172
192
0
0
0
0
0
4
159
64
0
0
0
0
0
38
172
192
0
0
0
0
0
212
158
64
0
0
0
0
0
54
172
192
0
0
0
0
0
164
158
64
0
0
0
0
0
72
172
192
0
0
0
0
0
116
158
64
0
0
0
0
0
90
172
192
0
0
0
0
0
68
158
64
0
0
0
0
0
106
172
192
0
0
0
0
0
20
158
64
0
0
0
0
0
124
172
192
0
0
0
0
0
228
157
64
0
0
0
0
0
142
172
192
0
0
0
0
0
180
157
64
0
0
0
0
0
158
172
192
0
0
0
0
0
136
157
64
0
0
0
0
0
176
172
192
0
0
0
0
0
88
157
64
0
0
0
0
0
194
172
192
0
0
0
0
0
44
157
64
0
0
0
0
0
210
172
192
0
0
0
0
0
252
156
64
0
0
0
0
0
226
172
192
0
0
0
0
0
208
156
64
0
0
0
0
0
244
172
192
0
0
0
0
0
164
156
64
0
0
0
0
0
4
173
192
0
0
0
0
0
116
156
64
0
0
0
0
0
20
173
192
0
0
0
0
0
72
156
64
0
0
0
0
0
36
173
192
0
0
0
0
0
28
156
64
0
0
0
0
0
50
173
192
0
0
0
0
0
240
155
64
0
0
0
0
0
66
173
192
0
0
0
0
0
192
155
64
0
0
0
0
0
82
173
192
0
0
0
0
0
148
155
64
0
0
0
0
0
96
173
192
0
0
0
0
0
104
155
64
0
0
0
0
0
112
173
192
0
0
0
0
0
60
155
64
0
0
0
0
0
126
173
192
0
0
0
0
0
16
155
64
0
0
0
0
0
142
173
192
0
0
0
0
0
228
154
64
0
0
0
0
0
156
173
192
0
0
0
0
0
184
154
64
0
0
0
0
0
172
173
192
0
0
0
0
0
144
154
64
0
0
0
0
0
186
173
192
0
0
0
0
0
100
154
64
0
0
0
0
0
202
173
192
0
0
0
0
0
56
154
64
0
0
0
0
0
216
173
192
0
0
0
0
0
16
154
64
0
0
0
0
0
232
173
192
0
0
0
0
0
228
153
64
0
0
0
0
0
246
173
192
0
0
0
0
0
188
153
64
0
0
0
0
0
4
174
192
0
0
0
0
0
144
153
64
0
0
0
0
0
18
174
192
0
0
0
0
0
104
153
64
0
0
0
0
0
32
174
192
0
0
0
0
0
64
153
64
0
0
0
0
0
46
174
192
0
0
0
0
0
20
153
64
0
0
0
0
0
60
174
192
0
0
0
0
0
236
152
64
0
0
0
0
0
72
174
192
0
0
0
0
0
196
152
64
0
0
0
0
0
86
174
192
0
0
0
0
0
156
152
64
0
0
0
0
0
98
174
192
0
0
0
0
0
112
152
64
0
0
0
0
0
110
174
192
0
0
0
0
0
72
152
64
0
0
0
0
0
122
174
192
0
0
0
0
0
32
152
64
0
0
0
0
0
134
174
192
0
0
0
0
0
248
151
64
0
0
0
0
0
146
174
192
0
0
0
0
0
208
151
64
0
0
0
0
0
156
174
192
0
0
0
0
0
168
151
64
0
0
0
0
0
168
174
192
0
0
0
0
0
128
151
64
0
0
0
0
0
178
174
192
0
0
0
0
0
88
151
64
0
0
0
0
0
190
174
192
0
0
0
0
0
48
151
64
0
0
0
0
0
200
174
192
0
0
0
0
0
8
151
64
0
0
0
0
0
210
174
192
0
0
0
0
0
224
150
64
0
0
0
0
0
220
174
192
0
0
0
0
0
180
150
64
0
0
0
0
0
230
174
192
0
0
0
0
0
140
150
64
0
0
0
0
0
240
174
192
0
0
0
0
0
100
150
64
0
0
0
0
0
250
174
192
0
0
0
0
0
60
150
64
0
0
0
0
0
2
175
192
0
0
0
0
0
20
150
64
0
0
0
0
0
12
175
192
0
0
0
0
0
232
149
64
0
0
0
0
0
22
175
192
0
0
0
0
0
192
149
64
0
0
0
0
0
30
175
192
0
0
0
0
0
148
149
64
0
0
0
0
0
38
175
192
0
0
0
0
0
104
149
64
0
0
0
0
0
48
175
192
0
0
0
0
0
60
149
64
0
0
0
0
0
56
175
192
0
0
0
0
0
16
149
64
0
0
0
0
0
64
175
192
0
0
0
0
0
228
148
64
0
0
0
0
0
72
175
192
0
0
0
0
0
184
148
64
0
0
0
0
0
80
175
192
0
0
0
0
0
140
148
64
0
0
0
0
0
88
175
192
0
0
0
0
0
96
148
64
0
0
0
0
0
94
175
192
0
0
0
0
0
52
148
64
0
0
0
0
0
100
175
192
0
0
0
0
0
8
148
64
0
0
0
0
0
108
175
192
0
0
0
0
0
220
147
64
0
0
0
0
0
114
175
192
0
0
0
0
0
176
147
64
0
0
0
0
0
120
175
192
0
0
0
0
0
132
147
64
0
0
0
0
0
124
175
192
0
0
0
0
0
88
147
64
0
0
0
0
0
130
175
192
0
0
0
0
0
48
147
64
0
0
0
0
0
136
175
192
0
0
0
0
0
4
147
64
0
0
0
0
0
140
175
192
0
0
0
0
0
216
146
64
0
0
0
0
0
144
175
192
0
0
0
0
0
176
146
64
0
0
0
0
0
148
175
192
0
0
0
0
0
132
146
64
0
0
0
0
0
154
175
192
0
0
0
0
0
92
146
64
0
0
0
0
0
158
175
192
0
0
0
0
0
52
146
64
0
0
0
0
0
162
175
192
0
0
0
0
0
8
146
64
0
0
0
0
0
166
175
192
0
0
0
0
0
224
145
64
0
0
0
0
0
170
175
192
0
0
0
0
0
184
145
64
0
0
0
0
0
174
175
192
0
0
0
0
0
140
145
64
0
0
0
0
0
178
175
192
0
0
0
0
0
100
145
64
0
0
0
0
0
182
175
192
0
0
0
0
0
56
145
64
0
0
0
0
0
188
175
192
0
0
0
0
0
12
145
64
0
0
0
0
0
192
175
192
0
0
0
0
0
224
144
64
0
0
0
0
0
198
175
192
0
0
0
0
0
176
144
64
0
0
0
0
0
204
175
192
0
0
0
0
0
128
144
64
0
0
0
0
0
210
175
192
0
0
0
0
0
76
144
64
0
0
0
0
0
216
175
192
0
0
0
0
0
28
144
64
0
0
0
0
0
222
175
192
0
0
0
0
0
208
143
64
0
0
0
0
0
230
175
192
0
0
0
0
0
112
143
64
0
0
0
0
0
236
175
192
0
0
0
0
0
8
143
64
0
0
0
0
0
242
175
192
0
0
0
0
0
168
142
64
0
0
0
0
0
248
175
192
0
0
0
0
0
64
142
64
0
0
0
0
0
254
175
192
0
0
0
0
0
216
141
64
0
0
0
0
0
1
176
192
0
0
0
0
0
120
141
64
0
0
0
0
0
4
176
192
0
0
0
0
0
16
141
64
0
0
0
0
0
7
176
192
0
0
0
0
0
176
140
64
0
0
0
0
0
10
176
192
0
0
0
0
0
72
140
64
0
0
0
0
0
13
176
192
0
0
0
0
0
232
139
64
0
0
0
0
0
15
176
192
0
0
0
0
0
128
139
64
0
0
0
0
0
18
176
192
0
0
0
0
0
24
139
64
0
0
0
0
0
21
176
192
0
0
0
0
0
184
138
64
0
0
0
0
0
23
176
192
0
0
0
0
0
80
138
64
0
0
0
0
0
26
176
192
0
0
0
0
0
232
137
64
0
0
0
0
0
28
176
192
0
0
0
0
0
136
137
64
0
0
0
0
0
31
176
192
0
0
0
0
0
32
137
64
0
0
0
0
0
33
176
192
0
0
0
0
0
184
136
64
0
0
0
0
0
36
176
192
0
0
0
0
0
88
136
64
0
0
0
0
0
38
176
192
0
0
0
0
0
240
135
64
0
0
0
0
0
40
176
192
0
0
0
0
0
136
135
64
0
0
0
0
0
42
176
192
0
0
0
0
0
32
135
64
0
0
0
0
0
45
176
192
0
0
0
0
0
192
134
64
0
0
0
0
0
47
176
192
0
0
0
0
0
88
134
64
0
0
0
0
0
49
176
192
0
0
0
0
0
240
133
64
0
0
0
0
0
51
176
192
0
0
0
0
0
144
133
64
0
0
0
0
0
53
176
192
0
0
0
0
0
40
133
64
0
0
0
0
0
55
176
192
0
0
0
0
0
192
132
64
0
0
0
0
0
57
176
192
0
0
0
0
0
88
132
64
0
0
0
0
0
59
176
192
0
0
0
0
0
248
131
64
0
0
0
0
0
61
176
192
0
0
0
0
0
144
131
64
0
0
0
0
0
63
176
192
0
0
0
0
0
40
131
64
0
0
0
0
0
65
176
192
0
0
0
0
0
192
130
64
0
0
0
0
0
67
176
192
0
0
0
0
0
96
130
64
0
0
0
0
0
68
176
192
0
0
0
0
0
248
129
64
0
0
0
0
0
70
176
192
0
0
0
0
0
144
129
64
0
0
0
0
0
72
176
192
0
0
0
0
0
40
129
64
0
0
0
0
0
73
176
192
0
0
0
0
0
192
128
64
0
0
0
0
0
75
176
192
0
0
0
0
0
96
128
64
0
0
0
0
0
77
176
192
0
0
0
0
0
240
127
64
0
0
0
0
0
78
176
192
0
0
0
0
0
32
127
64
0
0
0
0
0
80
176
192
0
0
0
0
0
80
126
64
0
0
0
0
0
81
176
192
0
0
0
0
0
128
125
64
0
0
0
0
0
83
176
192
0
0
0
0
0
192
124
64
0
0
0
0
0
84
176
192
0
0
0
0
0
240
123
64
0
0
0
0
0
85
176
192
0
0
0
0
0
32
123
64
0
0
0
0
0
87
176
192
0
0
0
0
0
80
122
64
0
0
0
0
0
88
176
192
0
0
0
0
0
128
121
64
0
0
0
0
0
89
176
192
0
0
0
0
0
176
120
64
0
0
0
0
0
90
176
192
0
0
0
0
0
224
119
64
0
0
0
0
0
91
176
192
0
0
0
0
0
32
119
64
0
0
0
0
0
92
176
192
0
0
0
0
0
80
118
64
0
0
0
0
0
93
176
192
0
0
0
0
0
128
117
64
0
0
0
0
0
94
176
192
0
0
0
0
0
176
116
64
0
0
0
0
0
95
176
192
0
0
0
0
0
224
115
64
0
0
0
0
0
96
176
192
0
0
0
0
0
16
115
64
0
0
0
0
0
97
176
192
0
0
0
0
0
64
114
64
0
0
0
0
0
98
176
192
0
0
0
0
0
128
113
64
0
0
0
0
0
99
176
192
0
0
0
0
0
176
112
64
0
0
0
0
0
100
176
192
0
0
0
0
0
192
111
64
0
0
0
0
0
101
176
192
0
0
0
0
0
32
110
64
0
0
0
0
0
101
176
192
0
0
0
0
0
128
108
64
0
0
0
0
0
102
176
192
0
0
0
0
0
224
106
64
0
0
0
0
0
103
176
192
0
0
0
0
0
64
105
64
0
0
0
0
0
103
176
192
0
0
0
0
0
160
103
64
0
0
0
0
0
104
176
192
0
0
0
0
0
0
102
64
0
0
0
0
0
104
176
192
0
0
0
0
0
128
100
64
0
0
0
0
0
105
176
192
0
0
0
0
0
224
98
64
0
0
0
0
0
105
176
192
0
0
0
0
0
64
97
64
0
0
0
0
0
106
176
192
0
0
0
0
0
64
95
64
0
0
0
0
0
106
176
192
0
0
0
0
0
0
92
64
0
0
0
0
0
106
176
192
0
0
0
0
0
192
88
64
0
0
0
0
0
106
176
192
0
0
0
0
0
128
85
64
0
0
0
0
0
107
176
192
0
0
0
0
0
64
82
64
0
0
0
0
0
107
176
192
0
0
0
0
0
0
78
64
0
0
0
0
0
107
176
192
0
0
0
0
0
128
71
64
0
0
0
0
0
107
176
192
0
0
0
0
0
0
65
64
0
0
0
0
0
107
176
192
0
0
0
0
0
0
54
64
0
0
0
0
0
107
176
192
0
0
0
0
0
0
34
64
0
0
0
0
0
107
176
192
0
0
0
0
0
0
16
192
0
0
0
0
0
107
176
192
0
0
0
0
0
0
49
192
0
0
0
0
0
107
176
192
0
0
0
0
0
0
62
192
0
0
0
0
0
107
176
192
0
0
0
0
0
128
69
192
0
0
0
0
0
107
176
192
0
0
0
0
0
0
76
192
0
0
0
0
0
106
176
192
0
0
0
0
0
64
81
192
0
0
0
0
0
106
176
192
0
0
0
0
0
128
84
192
0
0
0
0
0
106
176
192
0
0
0
0
0
192
87
192
0
0
0
0
0
106
176
192
0
0
0
0
0
0
91
192
0
0
0
0
0
105
176
192
0
0
0
0
0
64
94
192
0
0
0
0
0
105
176
192
0
0
0
0
0
192
96
192
0
0
0
0
0
104
176
192
0
0
0
0
0
64
98
192
0
0
0
0
0
104
176
192
0
0
0
0
0
224
99
192
0
0
0
0
0
103
176
192
0
0
0
0
0
128
101
192
0
0
0
0
0
103
176
192
0
0
0
0
0
32
103
192
0
0
0
0
0
102
176
192
0
0
0
0
0
192
104
192
0
0
0
0
0
102
176
192
0
0
0
0
0
96
106
192
0
0
0
0
0
101
176
192
0
0
0
0
0
0
108
192
0
0
0
0
0
100
176
192
0
0
0
0
0
160
109
192
0
0
0
0
0
100
176
192
0
0
0
0
0
32
111
192
0
0
0
0
0
100
176
192
0
0
0
0
0
160
109
64
0
0
0
0
0
101
176
192
0
0
0
0
0
0
108
64
0
0
0
0
0
102
176
192
0
0
0
0
0
96
106
64
0
0
0
0
0
102
176
192
0
0
0
0
0
192
104
64
0
0
0
0
0
103
176
192
0
0
0
0
0
32
103
64
0
0
0
0
0
103
176
192
0
0
0
0
0
128
101
64
0
0
0
0
0
104
176
192
0
0
0
0
0
224
99
64
0
0
0
0
0
104
176
192
0
0
0
0
0
64
98
64
0
0
0
0
0
105
176
192
0
0
0
0
0
192
96
64
0
0
0
0
0
105
176
192
0
0
0
0
0
64
94
64
0
0
0
0
0
106
176
192
0
0
0
0
0
0
91
64
0
0
0
0
0
106
176
192
0
0
0
0
0
192
87
64
0
0
0
0
0
106
176
192
0
0
0
0
0
128
84
64
0
0
0
0
0
106
176
192
0
0
0
0
0
64
81
64
0
0
0
0
0
107
176
192
0
0
0
0
0
0
76
64
0
0
0
0
0
107
176
192
0
0
0
0
0
128
69
64
0
0
0
0
0
107
176
192
0
0
0
0
0
0
62
64
0
0
0
0
0
107
176
192
0
0
0
0
0
0
49
64
0
0
0
0
0
107
176
192
0
0
0
0
0
0
16
64
0
0
0
0
0
107
176
192
0
0
0
0
0
0
34
192
0
0
0
0
0
107
176
192
0
0
0
0
0
0
54
192
0
0
0
0
0
107
176
192
0
0
0
0
0
0
65
192
0
0
0
0
0
107
176
192
0
0
0
0
0
128
71
192
0
0
0
0
0
107
176
192
0
0
0
0
0
0
78
192
0
0
0
0
0
107
176
192
0
0
0
0
0
64
82
192
0
0
0
0
0
106
176
192
0
0
0
0
0
128
85
192
0
0
0
0
0
106
176
192
0
0
0
0
0
192
88
192
0
0
0
0
0
106
176
192
0
0
0
0
0
0
92
192
0
0
0
0
0
106
176
192
0
0
0
0
0
64
95
192
0
0
0
0
0
105
176
192
0
0
0
0
0
64
97
192
0
0
0
0
0
105
176
192
0
0
0
0
0
224
98
192
0
0
0
0
0
104
176
192
0
0
0
0
0
128
100
192
0
0
0
0
0
104
176
192
0
0
0
0
0
0
102
192
0
0
0
0
0
103
176
192
0
0
0
0
0
160
103
192
0
0
0
0
0
103
176
192
0
0
0
0
0
64
105
192
0
0
0
0
0
102
176
192
0
0
0
0
0
224
106
192
0
0
0
0
0
101
176
192
0
0
0
0
0
128
108
192
0
0
0
0
0
101
176
192
0
0
0
0
0
32
110
192
0
0
0
0
0
100
176
192
0
0
0
0
0
192
111
192
0
0
0
0
0
99
176
192
0
0
0
0
0
176
112
192
0
0
0
0
0
98
176
192
0
0
0
0
0
128
113
192
0
0
0
0
0
97
176
192
0
0
0
0
0
64
114
192
0
0
0
0
0
96
176
192
0
0
0
0
0
16
115
192
0
0
0
0
0
95
176
192
0
0
0
0
0
224
115
192
0
0
0
0
0
94
176
192
0
0
0
0
0
176
116
192
0
0
0
0
0
93
176
192
0
0
0
0
0
128
117
192
0
0
0
0
0
92
176
192
0
0
0
0
0
80
118
192
0
0
0
0
0
91
176
192
0
0
0
0
0
32
119
192
0
0
0
0
0
90
176
192
0
0
0
0
0
224
119
192
0
0
0
0
0
89
176
192
0
0
0
0
0
176
120
192
0
0
0
0
0
88
176
192
0
0
0
0
0
128
121
192
0
0
0
0
0
87
176
192
0
0
0
0
0
80
122
192
0
0
0
0
0
85
176
192
0
0
0
0
0
32
123
192
0
0
0
0
0
84
176
192
0
0
0
0
0
240
123
192
0
0
0
0
0
83
176
192
0
0
0
0
0
192
124
192
0
0
0
0
0
81
176
192
0
0
0
0
0
128
125
192
0
0
0
0
0
80
176
192
0
0
0
0
0
0
0
0
0
0
0
0
0
0
0
0
0
0
0
0
0
0
0
0
0
0
0
0
0
0
0
0
0
0
0
0
0
0
0
0
0
0
0
0
0
0
0
0
0
0
0
0
0
0
0
0
0
0
0
0
0
0
0
0
0
0
0
0
0
0
0
0
0
0
0
0
0
0
0
0
0
0
0
0
0
0
0
0
0
0
0
0
0
0
0
0
0
0
0
0
0
0
0
0
0
0
0
0
0
0
0
0
0
0
0
0
0
0
0
0
0
0
0
0
0
0
0
0
0
0
0
0
0
0
0
0
0
0
0
0
0
0
0
0
0
0
0
0
0
0
0
0
0
0
0
0
0
0
0
0
0
0
0
0
0
0
0
0
0
0
0
0
0
0
0
0
0
0
0
0
0
0
0
0
0
0
0
0
0
0
0
0
0
0
0
0
0
0
0
0
0
0
0
0
0
0
0
0
0
0
0
0
0
0
0
0
0
0
0
0
0
0
0
0
0
0
0
0
0
0
0
0
0
0
0
0
0
0
0
0
0
0
0
0
0
0
0
0
0
0
0
0
0
0
0
0
0
0
0
0
0
0
0
0
0
0
0
0
0
0
0
0
0
0
0
0
0
0
0
0
0
0
0
0
0
0
0
0
0
0
0
0
0
0
0
0
0
0
0
0
0
0
0
0
0
0
0
0
0
0
0
0
0
0
0
0
0
0
0
0
0
0
0
0
0
0
0
0
0
0
0
0
0
0
0
0
0
0
0
0
0
0
0
0
0
0
0
0
0
0
0
0
0
0
0
0
0
0
0
0
0
0
0
0
0
0
0
0
0
0
0
0
0
0
0
0
0
0
0
0
0
0
0
0
0
0
0
0
0
0
0
0
0
0
0
0
0
0
0
0
0
0
0
0
0
0
0
0
0
0
0
0
0
0
0
0
0
0
0
0
0
0
0
0
0
0
0
0
0
0
0
0
0
0
0
0
0
0
0
0
0
0
0
0
0
0
0
0
0
0
0
0
0
0
0
0
0
0
0
0
0
0
0
0
0
0
0
0
0
0
0
0
0
0
0
0
0
0
0
0
0
0
0
0
0
0
0
0
0
0
0
0
0
0
0
0
0
0
0
0
0
0
0
0
0
0
0
0
0
0
0
0
0
0
0
0
0
0
0
0
0
0
0
0
0
0
0
0
0
0
0
0
0
0
0
0
0
0
0
0
0
0
0
0
0
0
0
0
0
0
0
0
0
0
0
0
0
0
0
0
0
0
0
0
0
0
0
0
0
0
0
0
0
0
0
0
0
0
0
0
0
0
0
0
0
0
0
0
0
0
0
0
0
0
0
0
0
0
0
0
0
0
0
0
0
0
0
0
0
0
0
0
0
0
0
0
0
0
0
0
0
0
0
0
0
0
0
0
0
0
0
0
0
0
0
0
0
0
0
0
0
0
0
0
0
0
0
0
0
0
0
0
0
0
0
0
0
0
0
0
0
0
0
0
0
0
0
0
0
0
0
0
0
0
0
0
0
0
0
0
0
0
0
0
0
0
0
0
0
0
0
0
0
0
0
0
0
0
0
0
0
0
0
0
0
0
0
0
0
0
0
0
0
0
0
0
0
0
0
0
0
0
0
0
0
0
0
0
0
0
0
0
0
0
0
0
0
0
0
0
0
0
0
0
0
0
0
0
0
0
0
0
0
0
0
0
0
0
0
0
0
0
0
0
0
0
0
0
0
0
0
0
0
0
0
0
0
0
0
0
0
0
0
0
0
0
0
0
0
0
0
0
0
0
0
0
0
0
0
0
0
0
0
0
0
0
0
0
0
0
0
0
0
0
0
0
0
0
0
0
0
0
0
0
0
0
0
0
0
0
0
0
0
0
0
0
0
0
0
0
0
0
0
0
0
0
0
0
0
0
0
0
0
0
0
0
0
0
0
0
0
0
0
0
0
0
0
0
0
0
0
0
0
0
0
0
0
0
0
0
0
0
0
0
0
0
0
0
0
0
0
0
0
0
0
0
0
0
0
0
0
0
0
0
0
0
0
0
0
0
0
0
0
0
0
0
0
0
0
0
0
0
0
0
0
0
0
0
0
0
0
0
0
0
0
0
0
0
0
0
0
0
0
0
0
0
0
0
0
0
0
0
0
0
0
0
0
0
0
0
0
0
0
0
0
0
0
0
0
0
0
0
0
0
0
0
0
0
0
0
0
0
0
0
0
0
0
0
0
0
0
0
0
0
0
0
0
0
0
0
0
0
0
0
0
0
0
0
0
0
0
0
0
0
0
0
0
0
0
0
0
0
0
0
0
0
0
0
0
0
0
0
0
0
0
0
0
0
0
0
0
0
0
0
0
0
0
0
0
0
0
0
0
0
0
0
0
0
0
0
0
0
0
0
0
0
0
0
0
0
0
0
0
0
0
0
0
0
0
0
0
0
0
0
0
0
0
0
0
0
0
0
0
0
0
0
0
0
0
0
0
0
0
0
0
0
0
0
0
0
0
0
0
0
0
0
0
0
0
0
0
0
0
0
0
0
0
0
0
0
0
0
0
0
0
0
0
0
0
0
0
0
0
0
0
0
0
0
0
0
0
0
0
0
0
0
0
0
0
0
0
0
0
0
0
0
0
0
0
0
0
0
0
0
0
0
0
0
0
0
0
0
0
0
0
0
0
0
0
0
0
0
0
0
0
0
0
0
0
0
0
0
0
0
0
0
0
0
0
0
0
0
0
0
0
0
0
0
0
0
0
0
0
0
0
0
0
0
0
0
0