58
70
65
67
84
58
67
68
65
84
49
56
58
68
65
84
65
32
35
57
48
48
48
48
48
54
57
51
54
0
196
147
192
0
0
0
0
0
112
174
64
0
0
0
0
0
144
147
192
0
0
0
0
0
120
174
64
0
0
0
0
0
96
147
192
0
0
0
0
0
126
174
64
0
0
0
0
0
48
147
192
0
0
0
0
0
134
174
64
0
0
0
0
0
252
146
192
0
0
0
0
0
140
174
64
0
0
0
0
0
204
146
192
0
0
0
0
0
148
174
64
0
0
0
0
0
156
146
192
0
0
0
0
0
154
174
64
0
0
0
0
0
104
146
192
0
0
0
0
0
162
174
64
0
0
0
0
0
56
146
192
0
0
0
0
0
168
174
64
0
0
0
0
0
8
146
192
0
0
0
0
0
176
174
64
0
0
0
0
0
212
145
192
0
0
0
0
0
184
174
64
0
0
0
0
0
164
145
192
0
0
0
0
0
190
174
64
0
0
0
0
0
112
145
192
0
0
0
0
0
198
174
64
0
0
0
0
0
64
145
192
0
0
0
0
0
204
174
64
0
0
0
0
0
16
145
192
0
0
0
0
0
212
174
64
0
0
0
0
0
220
144
192
0
0
0
0
0
218
174
64
0
0
0
0
0
172
144
192
0
0
0
0
0
226
174
64
0
0
0
0
0
120
144
192
0
0
0
0
0
232
174
64
0
0
0
0
0
72
144
192
0
0
0
0
0
240
174
64
0
0
0
0
0
20
144
192
0
0
0
0
0
246
174
64
0
0
0
0
0
200
143
192
0
0
0
0
0
252
174
64
0
0
0
0
0
96
143
192
0
0
0
0
0
2
175
64
0
0
0
0
0
0
143
192
0
0
0
0
0
10
175
64
0
0
0
0
0
160
142
192
0
0
0
0
0
16
175
64
0
0
0
0
0
56
142
192
0
0
0
0
0
22
175
64
0
0
0
0
0
208
141
192
0
0
0
0
0
28
175
64
0
0
0
0
0
112
141
192
0
0
0
0
0
34
175
64
0
0
0
0
0
8
141
192
0
0
0
0
0
38
175
64
0
0
0
0
0
168
140
192
0
0
0
0
0
44
175
64
0
0
0
0
0
64
140
192
0
0
0
0
0
50
175
64
0
0
0
0
0
216
139
192
0
0
0
0
0
54
175
64
0
0
0
0
0
120
139
192
0
0
0
0
0
60
175
64
0
0
0
0
0
16
139
192
0
0
0
0
0
64
175
64
0
0
0
0
0
176
138
192
0
0
0
0
0
68
175
64
0
0
0
0
0
72
138
192
0
0
0
0
0
74
175
64
0
0
0
0
0
224
137
192
0
0
0
0
0
78
175
64
0
0
0
0
0
128
137
192
0
0
0
0
0
84
175
64
0
0
0
0
0
24
137
192
0
0
0
0
0
88
175
64
0
0
0
0
0
176
136
192
0
0
0
0
0
92
175
64
0
0
0
0
0
80
136
192
0
0
0
0
0
98
175
64
0
0
0
0
0
232
135
192
0
0
0
0
0
104
175
64
0
0
0
0
0
128
135
192
0
0
0
0
0
108
175
64
0
0
0
0
0
32
135
192
0
0
0
0
0
114
175
64
0
0
0
0
0
184
134
192
0
0
0
0
0
118
175
64
0
0
0
0
0
88
134
192
0
0
0
0
0
124
175
64
0
0
0
0
0
240
133
192
0
0
0
0
0
128
175
64
0
0
0
0
0
136
133
192
0
0
0
0
0
134
175
64
0
0
0
0
0
40
133
192
0
0
0
0
0
138
175
64
0
0
0
0
0
192
132
192
0
0
0
0
0
142
175
64
0
0
0
0
0
88
132
192
0
0
0
0
0
146
175
64
0
0
0
0
0
240
131
192
0
0
0
0
0
150
175
64
0
0
0
0
0
144
131
192
0
0
0
0
0
154
175
64
0
0
0
0
0
40
131
192
0
0
0
0
0
158
175
64
0
0
0
0
0
192
130
192
0
0
0
0
0
162
175
64
0
0
0
0
0
88
130
192
0
0
0
0
0
164
175
64
0
0
0
0
0
248
129
192
0
0
0
0
0
168
175
64
0
0
0
0
0
144
129
192
0
0
0
0
0
172
175
64
0
0
0
0
0
40
129
192
0
0
0
0
0
174
175
64
0
0
0
0
0
200
128
192
0
0
0
0
0
178
175
64
0
0
0
0
0
96
128
192
0
0
0
0
0
182
175
64
0
0
0
0
0
240
127
192
0
0
0
0
0
184
175
64
0
0
0
0
0
48
127
192
0
0
0
0
0
188
175
64
0
0
0
0
0
96
126
192
0
0
0
0
0
190
175
64
0
0
0
0
0
144
125
192
0
0
0
0
0
194
175
64
0
0
0
0
0
208
124
192
0
0
0
0
0
196
175
64
0
0
0
0
0
0
124
192
0
0
0
0
0
200
175
64
0
0
0
0
0
48
123
192
0
0
0
0
0
202
175
64
0
0
0
0
0
112
122
192
0
0
0
0
0
206
175
64
0
0
0
0
0
160
121
192
0
0
0
0
0
208
175
64
0
0
0
0
0
224
120
192
0
0
0
0
0
210
175
64
0
0
0
0
0
16
120
192
0
0
0
0
0
214
175
64
0
0
0
0
0
64
119
192
0
0
0
0
0
216
175
64
0
0
0
0
0
112
118
192
0
0
0
0
0
218
175
64
0
0
0
0
0
176
117
192
0
0
0
0
0
222
175
64
0
0
0
0
0
224
116
192
0
0
0
0
0
224
175
64
0
0
0
0
0
16
116
192
0
0
0
0
0
226
175
64
0
0
0
0
0
64
115
192
0
0
0
0
0
226
175
64
0
0
0
0
0
112
114
192
0
0
0
0
0
228
175
64
0
0
0
0
0
160
113
192
0
0
0
0
0
230
175
64
0
0
0
0
0
208
112
192
0
0
0
0
0
230
175
64
0
0
0
0
0
0
112
192
0
0
0
0
0
230
175
64
0
0
0
0
0
96
110
192
0
0
0
0
0
232
175
64
0
0
0
0
0
192
108
192
0
0
0
0
0
232
175
64
0
0
0
0
0
32
107
192
0
0
0
0
0
232
175
64
0
0
0
0
0
128
105
192
0
0
0
0
0
234
175
64
0
0
0
0
0
224
103
192
0
0
0
0
0
236
175
64
0
0
0
0
0
64
102
192
0
0
0
0
0
238
175
64
0
0
0
0
0
160
100
192
0
0
0
0
0
240
175
64
0
0
0
0
0
0
99
192
0
0
0
0
0
244
175
64
0
0
0
0
0
96
97
192
0
0
0
0
0
250
175
64
0
0
0
0
0
128
95
192
0
0
0
0
0
252
175
64
0
0
0
0
0
64
92
192
0
0
0
0
0
254
175
64
0
0
0
0
0
0
89
192
0
0
0
0
0
254
175
64
0
0
0
0
0
0
86
192
0
0
0
0
0
254
175
64
0
0
0
0
0
192
82
192
0
0
0
0
0
0
176
64
0
0
0
0
0
128
79
192
0
0
0
0
0
0
176
64
0
0
0
0
0
0
73
192
0
0
0
0
0
0
176
64
0
0
0
0
0
0
67
192
0
0
0
0
0
0
176
64
0
0
0
0
0
0
57
192
0
0
0
0
0
0
176
64
0
0
0
0
0
0
42
192
32
32
32
32
32
32
32
32
32
32
32
32
32
32
32
32
32
32
32
32
32
32
32
32
32
32
32
32
32
32
32
32
32
32
32
32
32
32
32
32
32
32
84
73
95
65
108
108
45
50
48
71
95
67
51
95
76
79
87
95
97
99
113
50
0
32
0
0
0
0
0
0
0
0
240
63
0
0
0
0
0
0
0
0
0
0
0
0
0
0
240
63
0
0
0
0
0
0
0
128
0
0
0
0
0
0
240
63
0
0
0
0
0
0
0
128
0
0
0
0
0
0
240
63
0
0
0
0
0
0
0
0
0
0
0
0
0
0
240
63
0
0
0
0
0
0
0
0
11
122
111
12
1
0
240
63
0
0
0
0
0
0
0
128
11
122
111
12
1
0
240
63
0
0
0
0
0
0
0
128
142
59
165
131
245
255
239
63
0
0
0
0
0
0
0
0
34
250
181
245
211
255
239
63
141
237
181
160
247
198
176
62
136
184
57
149
12
0
240
63
141
237
181
160
247
198
176
62
95
151
225
63
221
0
240
63
241
104
227
136
181
248
212
190
47
219
78
91
35
2
240
63
201
199
238
2
37
5
246
190
80
1
48
158
65
3
240
63
15
214
255
57
204
151
7
191
95
66
5
135
23
4
240
63
97
50
85
48
42
169
19
191
231
86
8
171
177
4
240
63
75
176
56
156
249
213
28
191
88
3
148
134
26
5
240
63
171
90
210
81
14
102
35
191
224
47
102
75
86
5
240
63
12
201
201
196
173
130
40
191
229
38
106
105
110
5
240
63
109
55
193
55
77
159
45
191
161
74
205
30
104
5
240
63
250
156
187
93
47
77
49
191
99
241
155
194
74
5
240
63
116
124
180
56
99
152
51
191
133
235
81
184
30
5
240
63
74
206
137
61
180
143
53
191
65
155
28
62
233
4
240
63
144
220
154
116
91
34
55
191
196
232
185
133
174
4
240
63
86
241
70
230
145
63
56
191
49
66
120
180
113
4
240
63
121
120
207
129
229
8
57
191
157
155
54
227
52
4
240
63
211
221
117
54
228
159
57
191
21
111
100
30
249
3
240
63
118
107
153
12
199
243
57
191
175
176
224
126
192
3
240
63
63
141
123
243
27
38
58
191
130
84
138
29
141
3
240
63
26
249
188
226
169
71
58
191
176
200
175
31
98
3
240
63
245
100
254
209
55
105
58
191
57
13
81
133
63
3
240
63
190
134
224
184
140
155
58
191
63
144
188
115
40
3
240
63
79
202
164
134
54
0
59
191
216
69
209
3
31
3
240
63
169
47
75
59
53
151
59
191
6
46
143
53
35
3
240
63
167
34
21
198
22
130
60
191
176
84
23
240
50
3
240
63
128
129
32
64
134
142
61
191
182
75
27
14
75
3
240
63
15
184
174
152
17
222
62
191
0
31
188
118
105
3
240
63
51
136
15
236
248
47
64
191
119
218
26
17
140
3
240
63
77
106
104
3
176
1
65
191
238
149
121
171
174
3
240
63
84
2
98
18
46
228
65
191
101
81
216
69
209
3
240
63
81
245
43
157
15
207
66
191
164
170
9
162
238
3
240
63
70
67
198
163
84
194
67
191
158
39
158
179
5
4
240
63
58
145
96
170
153
181
68
191
38
224
215
72
18
4
240
63
38
58
203
44
66
177
69
191
72
78
38
110
21
4
240
63
26
136
101
51
135
164
70
191
249
247
25
23
14
4
240
63
15
214
255
57
204
151
71
191
78
209
145
92
254
3
240
63
22
110
249
72
74
122
72
191
107
72
220
99
233
3
240
63
28
6
243
87
200
92
73
191
79
93
249
44
207
3
240
63
54
232
75
111
127
46
74
191
39
248
166
233
179
3
240
63
88
111
212
10
211
247
74
191
244
24
229
153
151
3
240
63
132
155
140
42
195
184
75
191
204
179
146
86
124
3
240
63
195
17
164
82
236
104
76
191
210
54
254
68
101
3
240
63
19
210
26
131
78
8
77
191
17
28
151
113
83
3
240
63
119
220
240
187
233
150
77
191
159
87
60
245
72
3
240
63
245
213
85
129
90
12
78
191
114
111
126
195
68
3
240
63
126
116
234
202
103
121
78
191
136
99
93
220
70
3
240
63
24
93
222
28
174
213
78
191
227
51
217
63
79
3
240
63
197
143
49
119
45
33
79
191
96
114
163
200
90
3
240
63
114
194
132
209
172
108
79
191
11
153
43
131
106
3
240
63
31
245
215
43
44
184
79
191
216
45
2
99
125
3
240
63
230
147
21
195
213
1
80
191
187
182
183
91
146
3
240
63
193
255
86
178
99
35
80
191
170
185
220
96
168
3
240
63
147
198
104
29
85
77
80
191
164
54
113
114
191
3
240
63
224
186
98
70
120
123
80
191
147
57
150
119
213
3
240
63
36
10
45
235
254
177
80
191
118
194
75
112
234
3
240
63
228
134
223
77
183
236
80
191
67
87
34
80
253
3
240
63
31
49
122
110
161
43
81
191
237
125
170
10
13
4
240
63
80
54
229
10
239
114
81
191
118
54
228
159
25
4
240
63
120
150
32
35
160
194
81
191
197
140
240
246
32
4
240
63
161
246
91
59
81
18
82
191
209
6
96
3
34
4
240
63
69
132
127
17
52
102
82
191
152
164
50
197
28
4
240
63
100
63
139
165
72
190
82
191
16
236
248
47
16
4
240
63
254
39
127
247
142
26
83
191
44
99
67
55
251
3
240
63
153
16
115
73
213
118
83
191
226
143
162
206
220
3
240
63
51
249
102
155
27
211
83
191
50
114
22
246
180
3
240
63
73
15
67
171
147
51
84
191
62
120
237
210
134
3
240
63
228
247
54
253
217
143
84
191
5
162
39
101
82
3
240
63
3
179
66
145
238
231
84
191
159
227
163
197
25
3
240
63
167
64
102
103
209
59
85
191
46
171
176
25
224
2
240
63
207
160
161
127
130
139
85
191
189
114
189
109
166
2
240
63
133
120
36
94
158
206
85
191
98
46
169
218
110
2
240
63
192
34
191
126
136
13
86
191
53
210
82
121
59
2
240
63
13
23
185
167
171
59
86
191
65
216
41
86
13
2
240
63
232
130
250
150
57
93
86
191
167
174
124
150
231
1
240
63
81
102
131
76
50
114
86
191
116
207
186
70
203
1
240
63
205
147
107
10
100
118
86
191
145
70
5
78
182
1
240
63
214
56
155
142
0
110
86
191
8
142
203
184
169
1
240
63
232
130
250
150
57
93
86
191
208
43
158
122
164
1
240
63
4
114
137
35
15
68
86
191
208
43
158
122
164
1
240
63
164
51
48
242
178
38
86
191
8
142
203
184
169
1
240
63
192
34
191
126
136
13
86
191
99
94
71
28
178
1
240
63
87
63
54
201
143
248
85
191
236
22
129
177
190
1
240
63
106
137
149
209
200
231
85
191
139
195
153
95
205
1
240
63
238
91
173
19
151
227
85
191
54
234
33
26
221
1
240
63
96
228
101
77
44
240
85
191
236
138
25
225
237
1
240
63
192
34
191
126
136
13
86
191
150
177
161
155
253
1
240
63
146
233
208
233
121
55
86
191
65
216
41
86
13
2
240
63
91
11
179
208
206
105
86
191
235
254
177
16
29
2
240
63
26
136
101
51
135
164
86
191
138
171
202
190
43
2
240
63
85
50
0
84
113
227
86
191
19
100
4
84
56
2
240
63
153
129
202
248
247
25
87
191
133
40
95
208
66
2
240
63
98
163
172
223
76
76
87
191
223
248
218
51
75
2
240
63
184
60
214
140
12
114
87
191
24
91
8
114
80
2
240
63
33
32
95
66
5
135
87
191
58
201
86
151
83
2
240
63
33
32
95
66
5
135
87
191
47
79
231
138
82
2
240
63
61
15
238
206
218
109
87
191
13
225
152
101
79
2
240
63
116
237
11
232
133
59
87
191
212
126
107
39
74
2
240
63
190
21
137
9
106
248
86
191
144
162
206
220
67
2
240
63
159
90
125
117
85
160
86
191
87
64
161
158
62
2
240
63
137
68
161
101
221
63
86
191
53
210
82
121
59
2
240
63
124
211
244
217
1
215
85
191
42
88
227
108
58
2
240
63
244
52
96
144
244
105
85
191
64
76
194
133
60
2
240
63
231
195
179
4
25
1
85
191
155
28
62
233
68
2
240
63
86
128
239
54
111
156
84
191
47
79
231
138
82
2
240
63
187
151
251
228
40
64
84
191
30
82
12
144
104
2
240
63
14
101
168
138
169
244
83
191
81
49
206
223
132
2
240
63
79
232
245
39
241
185
83
191
200
236
44
122
167
2
240
63
125
33
228
188
255
143
83
191
109
144
73
70
206
2
240
63
153
16
115
73
213
118
83
191
52
162
180
55
248
2
240
63
162
181
162
205
113
110
83
191
6
46
143
53
35
3
240
63
153
16
115
73
213
118
83
191
227
51
217
63
79
3
240
63
2
244
251
254
205
139
83
191
159
203
212
36
120
3
240
63
212
186
13
106
191
181
83
191
68
111
241
240
158
3
240
63
24
10
216
14
70
236
83
191
175
176
224
126
192
3
240
63
73
15
67
171
147
51
84
191
215
21
51
194
219
3
240
63
104
202
78
63
168
139
84
191
186
158
232
186
240
3
240
63
250
13
19
13
82
240
84
191
78
209
145
92
254
3
240
63
130
172
167
86
95
93
85
191
158
39
158
179
5
4
240
63
1
166
12
28
208
210
85
191
192
149
236
216
8
4
240
63
128
159
113
225
64
72
86
191
181
27
125
204
7
4
240
63
8
62
6
43
78
181
86
191
135
51
191
154
3
4
240
63
153
129
202
248
247
25
87
191
55
221
178
67
252
3
240
63
184
60
214
140
12
114
87
191
209
146
199
211
242
3
240
63
234
65
65
41
90
185
87
191
95
206
108
87
232
3
240
63
188
8
83
148
75
227
87
191
238
9
18
219
221
3
240
63
169
190
243
139
18
244
87
191
135
191
38
107
212
3
240
63
188
8
83
148
75
227
87
191
33
117
59
251
202
3
240
63
234
65
65
41
90
185
87
191
209
30
47
164
195
3
240
63
51
106
190
74
62
118
87
191
141
66
146
89
189
3
240
63
144
220
154
116
91
34
87
191
96
90
212
39
185
3
240
63
245
243
166
34
21
198
86
191
73
102
245
14
183
3
240
63
223
221
202
18
157
101
86
191
84
224
100
27
184
3
240
63
69
245
214
192
86
9
86
191
130
200
34
77
188
3
240
63
38
58
203
44
66
177
85
191
209
30
47
164
195
3
240
63
111
98
72
78
38
110
85
191
67
227
137
32
206
3
240
63
34
110
78
37
3
64
85
191
226
143
162
206
220
3
240
63
185
138
197
111
10
43
85
191
175
36
121
174
239
3
240
63
176
229
149
235
109
51
85
191
158
39
158
179
5
4
240
63
139
81
215
218
251
84
85
191
152
164
50
197
28
4
240
63
84
115
185
193
80
135
85
191
169
21
166
239
53
4
240
63
10
75
60
160
108
202
85
191
197
0
137
38
80
4
240
63
50
171
119
184
29
26
86
191
214
113
252
80
105
4
240
63
214
56
155
142
0
110
86
191
231
226
111
123
130
4
240
63
122
198
190
100
227
193
86
191
225
95
4
141
153
4
240
63
153
129
202
248
247
25
87
191
185
110
74
121
173
4
240
63
193
225
5
17
169
105
87
191
111
15
66
64
190
4
240
63
120
185
136
239
196
172
87
191
3
66
235
225
203
4
240
63
55
54
59
82
125
231
87
191
117
6
70
94
214
4
240
63
0
88
29
57
210
25
88
191
208
214
193
193
222
4
240
63
209
30
47
164
195
67
88
191
20
179
94
12
229
4
240
63
40
184
88
81
131
105
88
191
77
21
140
74
234
4
240
63
250
126
106
188
116
147
88
191
133
119
185
136
239
4
240
63
80
24
148
105
52
185
88
191
179
95
119
186
243
4
240
63
34
223
165
212
37
227
88
191
236
193
164
248
248
4
240
63
235
0
136
187
122
21
89
191
59
24
177
79
0
5
240
63
38
171
34
220
100
84
89
191
150
232
44
179
8
5
240
63
87
176
141
120
178
155
89
191
8
173
135
47
19
5
240
63
251
61
177
78
149
239
89
191
167
89
160
221
33
5
240
63
150
38
165
160
219
75
90
191
105
116
7
177
51
5
240
63
162
151
81
44
183
180
90
191
76
253
188
169
72
5
240
63
175
8
254
183
146
29
91
191
104
232
159
224
98
5
240
63
55
167
146
1
160
138
91
191
189
53
176
85
130
5
240
63
68
24
63
141
123
243
91
191
75
229
237
8
167
5
240
63
80
137
235
24
87
92
92
191
18
247
88
250
208
5
240
63
235
113
223
106
157
184
92
191
41
95
208
66
2
6
240
63
143
255
2
65
128
12
93
191
143
29
84
226
58
6
240
63
192
4
110
221
205
83
93
191
57
184
116
204
121
6
240
63
4
84
56
130
84
138
93
191
39
47
50
1
191
6
240
63
214
26
74
237
69
180
93
191
67
142
173
103
8
7
240
63
45
180
115
154
5
218
93
191
118
225
7
231
83
7
240
63
140
242
204
203
97
247
93
191
157
186
242
89
158
7
240
63
236
48
38
253
189
20
94
191
174
159
254
179
230
7
240
63
67
202
79
170
125
58
94
191
156
22
188
232
43
8
240
63
144
190
73
211
160
104
94
191
59
55
109
198
105
8
240
63
79
59
252
53
89
163
94
191
138
1
18
77
160
8
240
63
120
155
55
78
10
243
94
191
104
7
92
87
204
8
240
63
9
223
251
27
180
87
95
191
200
206
219
216
236
8
240
63
127
51
49
93
136
213
95
191
160
221
33
197
0
9
240
63
42
227
223
103
92
56
96
191
7
40
13
53
10
9
240
63
139
135
247
28
88
142
96
191
18
162
124
65
11
9
240
63
104
89
247
143
133
232
96
191
183
209
0
222
2
9
240
63
3
66
235
225
203
68
97
191
24
37
232
47
244
8
240
63
157
42
223
51
18
161
97
191
64
22
162
67
224
8
240
63
255
206
246
232
13
247
97
191
58
31
158
37
200
8
240
63
39
47
50
1
191
70
98
191
19
186
75
226
172
8
240
63
221
6
181
223
218
137
98
191
224
218
137
146
144
8
240
63
100
63
139
165
72
190
98
191
161
129
88
54
115
8
240
63
63
171
204
148
214
223
98
191
122
28
6
243
87
8
240
63
44
97
109
140
157
240
98
191
116
37
2
213
63
8
240
63
168
142
85
74
207
244
98
191
179
10
155
1
46
8
240
63
111
74
121
173
132
238
98
191
77
192
175
145
36
8
240
63
54
6
157
16
58
232
98
191
88
58
31
158
37
8
240
63
253
193
192
115
239
225
98
191
236
108
200
63
51
8
240
63
253
193
192
115
239
225
98
191
31
76
138
143
79
8
240
63
111
74
121
173
132
238
98
191
8
204
67
166
124
8
240
63
206
136
210
222
224
11
99
191
201
90
67
169
189
8
240
63
151
170
180
197
53
62
99
191
120
236
103
177
20
9
240
63
68
221
7
32
181
137
99
191
12
7
66
178
128
9
240
63
81
78
180
171
144
242
99
191
85
194
19
122
253
9
240
63
66
208
209
170
150
116
100
191
27
188
175
202
133
10
240
63
32
8
144
161
99
7
101
191
14
158
9
77
18
11
240
63
113
200
6
210
197
166
101
191
2
128
99
207
158
11
240
63
251
204
89
159
114
76
102
191
178
133
32
7
37
12
240
63
66
232
160
75
56
244
102
191
228
76
19
182
159
12
240
63
81
191
11
91
179
149
103
191
85
249
158
145
8
13
240
63
237
13
190
48
153
42
104
191
204
40
150
91
90
13
240
63
90
189
195
237
208
176
104
191
16
121
203
213
143
13
240
63
159
114
76
22
247
31
105
191
243
1
129
206
164
13
240
63
67
0
112
236
217
115
105
191
141
183
149
94
155
13
240
63
192
147
22
46
171
176
105
191
22
252
54
196
120
13
240
63
212
67
52
186
131
216
105
191
210
171
1
74
67
13
240
63
185
84
165
45
174
241
105
191
239
174
179
33
255
12
240
63
166
10
70
37
117
2
106
191
177
225
233
149
178
12
240
63
24
147
254
94
10
15
106
191
58
178
242
203
96
12
240
63
139
27
183
152
159
27
106
191
206
252
106
14
16
12
240
63
120
209
87
144
102
44
106
191
167
35
128
155
197
11
240
63
216
15
177
193
194
73
106
191
241
14
240
164
133
11
240
63
170
214
194
44
180
115
106
191
230
32
232
104
85
11
240
63
229
128
93
77
158
178
106
191
134
89
104
231
52
11
240
63
203
247
140
68
104
4
107
191
196
62
1
20
35
11
240
63
225
13
105
84
224
100
107
191
128
98
100
201
28
11
240
63
105
172
253
157
237
209
107
191
174
74
34
251
32
11
240
63
42
143
110
132
69
69
108
191
43
137
236
131
44
11
240
63
36
182
187
7
232
190
108
191
236
163
83
87
62
11
240
63
30
221
8
139
138
56
109
191
207
44
9
80
83
11
240
63
157
214
109
80
251
173
109
191
190
47
46
85
105
11
240
63
227
139
246
120
33
29
110
191
184
172
194
102
128
11
240
63
116
207
186
70
203
129
110
191
144
187
8
83
148
11
240
63
214
115
210
251
198
215
110
191
70
92
0
26
165
11
240
63
7
121
61
152
20
31
111
191
241
130
136
212
180
11
240
63
132
12
228
217
229
91
111
191
133
181
49
118
194
11
240
63
11
69
186
159
83
144
111
191
25
232
218
23
208
11
240
63
88
57
180
200
118
190
111
191
172
26
132
185
221
11
240
63
232
22
186
18
129
234
111
191
87
65
12
116
237
11
240
63
249
16
84
141
94
13
112
191
24
92
115
71
255
11
240
63
222
33
197
0
137
38
112
191
252
228
40
64
20
12
240
63
61
96
30
50
229
67
112
191
12
86
156
106
45
12
240
63
119
215
217
144
127
102
112
191
86
41
61
211
75
12
240
63
234
146
113
140
100
143
112
191
205
228
155
109
110
12
240
63
84
169
217
3
173
192
112
191
103
14
73
45
148
12
240
63
247
3
30
24
64
248
112
191
23
44
213
5
188
12
240
63
21
140
74
234
4
52
113
191
176
85
130
197
225
12
240
63
80
54
229
10
239
114
113
191
39
17
225
95
4
13
240
63
234
235
249
154
229
178
113
191
102
106
18
188
33
13
240
63
37
150
148
187
207
241
113
191
73
243
199
180
54
13
240
63
162
41
59
253
160
46
114
191
210
171
1
74
67
13
240
63
2
155
115
240
76
104
114
191
221
37
113
86
68
13
240
63
137
211
73
182
186
156
114
191
130
85
245
242
59
13
240
63
53
211
189
78
234
203
114
191
216
46
109
56
44
13
240
63
196
176
195
152
244
247
114
191
244
165
183
63
23
13
240
63
55
108
91
148
217
32
115
191
239
174
179
33
255
12
240
63
76
28
121
32
178
72
115
191
222
61
64
247
229
12
240
63
162
181
162
205
113
110
115
191
216
70
60
217
205
12
240
63
87
90
70
234
61
149
115
191
233
67
23
212
183
12
240
63
13
255
233
6
10
188
115
191
51
163
31
13
167
12
240
63
128
186
129
2
239
228
115
191
194
222
196
144
156
12
240
63
15
152
135
76
249
16
116
191
194
222
196
144
156
12
240
63
187
151
251
228
40
64
116
191
40
41
176
0
166
12
240
63
227
196
87
59
138
115
116
191
34
166
68
18
189
12
240
63
229
42
22
191
41
172
116
191
142
231
51
160
222
12
240
63
193
201
54
112
7
234
116
191
108
237
125
170
10
13
240
63
90
127
75
0
254
41
117
191
130
85
245
242
59
13
240
63
17
87
206
222
25
109
117
191
209
31
154
121
114
13
240
63
199
46
81
189
53
176
117
191
44
100
174
12
170
13
240
63
30
251
89
44
69
242
117
191
123
46
83
147
224
13
240
63
23
188
232
43
72
51
118
191
157
16
58
232
18
14
240
63
148
79
143
109
25
112
118
191
134
144
243
254
63
14
240
63
55
170
211
129
172
167
118
191
20
64
49
178
100
14
240
63
255
203
181
104
1
218
118
191
48
43
20
233
126
14
240
63
209
146
199
211
242
3
119
191
196
93
189
138
140
14
240
63
106
21
253
161
153
39
119
191
230
203
11
176
143
14
240
63
41
95
208
66
2
70
119
191
139
251
143
76
135
14
240
63
203
134
53
149
69
97
119
191
190
102
185
108
116
14
240
63
175
151
166
8
112
122
119
191
151
1
103
41
89
14
240
63
242
179
145
235
166
148
119
191
9
82
41
118
52
14
240
63
243
230
112
173
246
176
119
191
32
210
111
95
7
14
240
63
111
71
56
45
120
209
119
191
220
129
58
229
209
13
240
63
37
236
219
73
68
248
119
191
73
219
248
19
149
13
240
63
209
235
79
226
115
39
120
191
113
88
26
248
81
13
240
63
49
93
136
213
31
97
120
191
85
249
158
145
8
13
240
63
231
52
11
180
59
164
120
191
23
44
213
5
188
12
240
63
243
114
216
125
199
240
120
191
205
228
155
109
110
12
240
63
151
0
252
83
170
68
121
191
143
23
210
225
33
12
240
63
21
199
129
87
203
157
121
191
115
184
86
123
216
11
240
63
14
187
239
24
30
251
121
191
156
53
120
95
149
11
240
63
103
186
215
73
125
89
122
191
20
9
166
154
89
11
240
63
30
197
57
234
232
184
122
191
253
160
46
82
40
11
240
63
23
185
167
171
59
22
123
191
111
241
240
158
3
11
240
63
149
127
45
175
92
111
123
191
128
238
203
153
237
10
240
63
57
13
81
133
63
195
123
191
60
18
47
79
231
10
240
63
163
86
152
190
215
16
124
191
140
104
59
166
238
10
240
63
213
91
3
91
37
88
124
191
77
131
162
121
0
11
240
63
44
40
12
202
52
154
124
191
105
110
133
176
26
11
240
63
103
210
166
234
30
217
124
191
168
199
182
12
56
11
240
63
228
101
77
44
240
21
125
191
8
143
54
142
88
11
240
63
164
226
255
142
168
80
125
191
71
232
103
234
117
11
240
63
194
106
44
97
109
140
125
191
88
89
219
20
143
11
240
63
224
242
88
51
50
200
125
191
25
116
66
232
160
11
240
63
188
145
121
228
15
6
126
191
104
202
78
63
168
11
240
63
181
82
8
228
18
71
126
191
36
238
177
244
161
11
240
63
41
65
127
161
71
140
126
191
76
223
107
8
142
11
240
63
90
70
234
61
149
211
126
191
14
134
58
172
112
11
240
63
235
86
207
73
239
27
127
191
105
226
29
224
73
11
240
63
190
80
192
118
48
98
127
191
117
232
244
188
27
11
240
63
116
40
67
85
76
165
127
191
83
6
14
104
233
10
240
63
241
187
233
150
29
226
127
191
15
182
216
237
179
10
240
63
140
244
162
118
191
10
128
191
180
113
196
90
124
10
240
63
70
210
110
244
49
31
128
191
113
33
143
224
70
10
240
63
198
107
94
213
89
45
128
191
79
63
168
139
20
10
240
63
255
175
58
114
164
51
128
191
79
203
15
92
229
9
240
63
66
153
70
147
139
49
128
191
148
51
20
119
188
9
240
63
60
45
63
112
149
39
128
191
6
132
214
195
151
9
240
63
254
124
91
176
84
23
128
191
154
66
231
53
118
9
240
63
164
170
9
162
238
3
128
191
80
111
70
205
87
9
240
63
117
142
1
217
235
221
127
191
18
22
21
113
58
9
240
63
97
222
227
76
19
182
127
191
234
176
194
45
31
9
240
63
134
114
162
93
133
148
127
191
183
209
0
222
2
9
240
63
96
120
37
201
115
125
127
191
132
242
62
142
230
8
240
63
200
40
207
188
28
118
127
191
70
153
13
50
201
8
240
63
58
177
135
246
177
130
127
191
229
209
141
176
168
8
240
63
211
51
189
196
88
166
127
191
99
156
191
9
133
8
240
63
80
199
99
6
42
227
127
191
0
0
0
0
0
0
0
0
0
0
0
0
0
0
0
0
0
0
0
0
0
0
0
0
0
0
0
0
0
0
0
0
0
0
0
0
0
0
0
0
0
0
0
0
0
0
0
0
0
0
0
0
0
0
0
0
0
0
0
0
0
0
0
0
0
0
0
0
0
0
0
0
0
0
0
0
0
0
0
0
0
0
0
0
0
0
0
0
0
0
0
0
0
0
0
0
0
0
0
0
0
0
0
0
0
0
0
0
0
0
0
0
0
0
0
0
0
0
0
0
0
0
0
0
0
0
0
0
0
0
0
0
0
0
0
0
0
0
0
0
0
0
0
0
0
0
0
0
0
0
0
0
0
0
0
0
0
0
0
0
0
0
0
0
0
0
0
0
0
0
0
0
0
0
0
0
0
0
0
0
0
0
0
0
0
0
0
0
0
0
0
0
0
0
0
0
0
0
0
0
0
0
0
0
0
0
0
0
0
0
0
0
0
0
0
0
0
0
0
0
0
0
0
0
0
0
0
0
0
0
0
0
0
0
0
0
0
0
0
0
0
0
0
0
0
0
0
0
0
0
0
0
0
0
0
0
0
0
0
0
0
0
0
0
0
0
0
0
0
0
0
0
0
0
0
0
0
0
0
0
0
0
0
0
0
0
0
0
0
0
0
0
0
0
0
0
0
0
0
0
0
0
0
0
0
0
0
0
0
0
0
0
0
0
0
0
0
0
0
0
0
0
0
0
0
0
0
0
0
0
0
0
0
0
0
0
0
0
0
0
0
0
0
0
0
0
0
0
0
0
0
0
0
0
0
0
0
0
0
0
0
0
0
0
0
0
0
0
0
0
0
0
0
0
0
0
0
0
0
0
0
0
0
0
0
0
0
0
0
0
0
0
0
0
0
0
0
0
0
0
0
0
0
0
0
0
0
0
0
0
0
0
0
0
0
0
0
0
0
0
0
0
0
0
0
0
0
0
0
0
0
0
0
0
0
0
0
0
0
0
0
0
0
0
0
0
0
0
0
0
0
0
0
0
0
0
0
0
0
0
0
0
0
0
0
0
0
0
0
0
0
0
0
0
0
0
0
0
0
0
0
0
0
0
0
0
0
0
0
0
0
0
0
0
0
0
0
0
0
0
0
0
0
0
0
0
0
0
0
0
0
0
0
0
0
0
0
0
0
0
0
0
0
0
0
0
0
0
0
0
0
0
0
0
0
0
0
0
0
0
0
0
0
0
0
0
0
0
0
0
0
0
0
0
0
0
0
0
0
0
0
0
0
0
0
0
0
0
0
0
0
0
0
0
0
0
0
0
0
0
0
0
0
0
0
0
0
0
0
0
0
0
0
0
0
0
0
0
0
0
0
0
0
0
0
0
0
0
0
0
0
0
0
0
0
0
0
0
0
0
0
0
0
0
0
0
0
0
0
0
0
0
0
0
0
0
0
0
0
0
0
0
0
0
0
0
0
0
0
0
0
0
0
0
0
0
0
0
0
0
0
0
0
0
0
0
0
0
0
0
0
0
0
0
0
0
0
0
0
0
0
0
0
0
0
0
0
0
0
0
0
0
0
0
0
0
0
0
0
0
0
0
0
0
0
0
0
0
0
0
0
0
0
0
0
0
0
0
0
0
0
0
0
0
0
0
0
0
0
0
0
0
0
0
0
0
0
0
0
0
0
0
0
0
0
0
0
0
0
0
0
0
0
0
0
0
0
0
0
0
0
0
0
0
0
0
0
0
0
0
0
0
0
0
0
0
0
0
0
0
0
0
0
0
0
0
0
0
0
0
0
0
0
0
0
0
0
0
0
0
0
0
0
0
0
0
0
0
0
0
0
0
0
0
0
0
0
0
0
0
0
0
0
0
0
0
0
0
0
0
0
0
0
0
0
0
0
0
0
0
0
0
0
0
0
0
0
0
0
0
0
0
0
0
0
0
0
0
0
0
0
0
0
0
0
0
0
0
0
0
0
0
0
0
0
0
0
0
0
0
0
0
0
0
0
0
0
0
0
0
0
0
0
0
0
0
0
0
0
0
0
0
0
0
0
0
0
0
0
0
0
0
0
0
0
0
0
0
0
0
0
0
0
0
0
0
0
0
0
0
0
0
0
0
0
0
0
0
0
0
0
0
0
0
0
0
0
0
0
0
0
0
0
0
0
0
0
0
0
0
0
0
0
0
0
0
0
0
0
0
0
0
0
0
0
0
0
0
0
0
0
0
0
0
0
0
0
0
0
0
0
0
0
0
0
0
0
0
0
0
0
0
0
0
0
0
0
0
0
0
0
0
0
0
0
0
0
0
0
0
0
0
0
0
0
0
0
0
0
0
0
0
0
0
0
0
0
0
0
0
0
0
0
0
0
0
0
0
0
0
0
0
0
0
0
0
0
0
0
0
0
0
0
0
0
0
0
0
0
0
0
0
0
0
0
0
0
0
0
0
0
0
0
0
0
0
0
0
0
0
0
0
0
0
0
0
0
0
0
0
0
0
0
0
0
0
0
0
0
0
0
0
0
0
0
0
0
0
0
0
0
0
0
0
0
0
0
0
0
0
0
0
0
0
0
0
0
0
0
0
0
0
0
0
0
0
0
0
0
0
0
0
0
0
0
0
0
0
0
0
0
0
0
0
0
0
0
0
0
0
0
0
0
0
0
0
0
0
0
0
0
0
0
0
0
0
0
0
0
0
0
0
0
0
0
0
0
0
0
0
0
0
0
0
0
0
0
0
0
0
0
0
0
0
0
0
0
0
0
0
0
0
0
0
0
0
0