58
70
65
67
84
58
67
68
65
84
49
56
58
68
65
84
65
32
35
57
48
48
48
48
48
54
57
51
54
187
181
76
134
227
121
239
63
183
241
39
42
27
214
198
63
77
215
19
93
23
126
239
63
220
41
29
172
255
115
198
63
133
40
95
208
66
130
239
63
201
115
125
31
14
18
198
63
165
133
203
42
108
134
239
63
199
46
81
189
53
176
197
63
152
250
121
83
145
138
239
63
179
120
177
48
68
78
197
63
116
123
73
99
180
142
239
63
52
129
34
22
49
236
196
63
12
32
124
40
209
146
239
63
39
102
189
24
202
137
196
63
96
232
17
163
231
150
239
63
215
134
138
113
254
38
196
63
111
212
10
211
247
154
239
63
124
209
30
47
164
195
195
63
81
216
69
209
3
159
239
63
97
165
130
138
170
95
195
63
194
23
38
83
5
163
239
63
100
32
207
46
223
250
194
63
215
134
138
113
254
166
239
63
42
114
136
184
57
149
194
63
146
37
115
44
239
170
239
63
162
41
59
253
160
46
194
63
196
11
34
82
211
174
239
63
55
136
214
138
54
199
193
63
86
69
184
201
168
178
239
63
13
112
65
182
44
95
193
63
51
222
86
122
109
182
239
63
142
34
107
13
165
246
192
63
90
214
253
99
33
186
239
63
38
225
66
30
193
141
192
63
135
81
16
60
190
189
239
63
83
94
43
161
187
36
192
63
208
67
109
27
70
193
239
63
254
182
39
72
108
119
191
63
242
208
119
183
178
196
239
63
47
52
215
105
164
165
190
63
3
237
14
41
6
200
239
63
123
248
50
81
132
212
189
63
213
175
116
62
60
203
239
63
112
39
17
225
95
4
189
63
105
25
169
247
84
206
239
63
121
2
97
167
88
53
188
63
168
53
205
59
78
209
239
63
78
42
26
107
127
103
187
63
192
236
158
60
44
212
239
63
203
188
85
215
161
154
186
63
221
38
220
43
243
214
239
63
207
215
44
151
141
206
185
63
45
204
66
59
167
217
239
63
239
57
176
28
33
3
185
63
200
208
177
131
74
220
239
63
190
161
240
217
58
56
184
63
241
16
198
79
227
222
239
63
101
140
15
179
151
109
183
63
168
140
127
159
113
225
239
63
120
184
29
26
22
163
182
63
73
20
90
214
253
227
239
63
212
67
52
186
131
216
181
63
233
155
52
13
138
230
239
63
15
237
99
5
191
13
181
63
183
11
205
117
26
233
239
63
189
114
189
109
166
66
180
63
178
99
35
16
175
235
239
63
38
52
73
44
41
119
179
63
219
163
55
220
71
238
239
63
3
210
254
7
88
171
178
63
4
228
75
168
224
240
239
63
189
141
205
142
84
223
177
63
233
71
195
41
115
243
239
63
11
8
173
135
47
19
177
63
115
219
190
71
253
245
239
63
90
130
140
128
10
71
176
63
70
206
194
158
118
248
239
63
81
249
215
242
202
245
174
63
77
44
240
21
221
250
239
63
49
178
100
142
229
93
173
63
90
13
137
123
44
253
239
63
85
47
191
211
100
198
171
63
18
161
17
108
92
255
239
63
149
243
197
222
139
47
170
63
186
243
196
115
182
0
240
63
199
129
87
203
157
153
168
63
20
8
59
197
170
1
240
63
236
217
115
153
154
4
167
63
160
135
218
54
140
2
240
63
113
61
10
215
163
112
165
63
85
248
51
188
89
3
240
63
84
172
26
132
185
221
163
63
61
212
182
97
20
4
240
63
150
38
165
160
219
75
162
63
88
27
99
39
188
4
240
63
54
172
169
44
10
187
160
63
178
71
168
25
82
5
240
63
68
253
46
108
205
86
158
63
86
211
245
68
215
5
240
63
136
190
187
149
37
58
155
63
80
56
187
181
76
6
240
63
137
150
60
158
150
31
152
63
136
130
25
83
176
6
240
63
32
8
144
161
99
7
149
63
33
32
95
66
5
7
240
63
37
150
148
187
207
241
145
63
27
17
140
131
75
7
240
63
124
123
215
160
47
189
141
63
129
207
15
35
132
7
240
63
109
225
121
169
216
152
135
63
106
79
201
57
177
7
240
63
109
88
83
89
20
118
129
63
3
121
118
249
214
7
240
63
187
124
235
195
122
163
118
63
100
64
246
122
247
7
240
63
200
8
168
112
4
169
100
63
173
19
151
227
21
8
240
63
70
210
110
244
49
31
64
191
247
230
55
76
52
8
240
63
75
176
56
156
249
213
108
191
99
40
39
218
85
8
240
63
240
139
75
85
218
226
122
191
8
204
67
166
124
8
240
63
145
209
1
73
216
183
131
191
252
197
108
201
170
8
240
63
209
61
235
26
45
7
138
191
30
168
83
30
221
8
240
63
253
249
182
96
169
46
144
191
64
138
58
115
15
9
240
63
166
238
202
46
24
92
147
191
52
132
99
150
61
9
240
63
94
244
21
164
25
139
150
191
205
173
16
86
99
9
240
63
197
255
29
81
161
186
153
191
222
30
132
128
124
9
240
63
206
255
171
142
28
233
156
191
57
239
255
227
132
9
240
63
208
184
112
32
36
11
160
191
199
42
165
103
122
9
240
63
22
162
67
224
72
160
161
191
80
111
70
205
87
9
240
63
11
182
17
79
118
51
163
191
166
212
37
227
24
9
240
63
254
238
29
53
38
196
164
191
155
114
133
119
185
8
240
63
65
71
171
90
210
81
166
191
25
85
134
113
55
8
240
63
36
185
252
135
244
219
167
191
243
147
106
159
142
7
240
63
86
74
207
244
18
99
169
191
73
157
128
38
194
6
240
63
134
0
224
216
179
231
170
191
86
211
245
68
215
5
240
63
61
100
202
135
160
106
172
191
71
30
136
44
210
4
240
63
108
63
25
227
195
236
173
191
84
224
100
27
184
3
240
63
196
151
137
34
164
110
175
191
195
245
40
92
143
2
240
63
229
122
219
76
133
120
176
191
180
204
34
20
91
1
240
63
186
17
22
21
113
58
177
191
108
65
239
141
33
0
240
63
164
84
194
19
122
253
177
191
49
120
152
246
205
253
239
63
48
103
182
43
244
193
178
191
207
73
239
27
95
251
239
63
162
13
192
6
68
136
179
191
35
188
61
8
1
249
239
63
176
232
214
107
122
80
180
191
45
207
131
187
179
246
239
63
22
52
45
177
50
26
181
191
191
154
3
4
115
244
239
63
71
204
236
243
24
229
181
191
127
78
65
126
54
242
239
63
255
236
71
138
200
176
182
191
85
246
93
17
252
239
239
63
176
114
104
145
237
124
183
191
232
193
221
89
187
237
239
63
98
248
136
152
18
73
184
191
31
189
225
62
114
235
239
63
59
251
202
131
244
20
185
191
160
23
238
92
24
233
239
63
176
87
88
112
63
224
185
191
62
233
68
130
169
230
239
63
16
8
116
38
109
170
186
191
203
73
40
125
33
228
239
63
205
232
71
195
41
115
187
191
26
81
218
27
124
225
239
63
50
89
220
127
100
58
188
191
253
22
157
44
181
222
239
63
244
249
40
35
46
0
189
191
138
143
79
200
206
219
239
63
54
173
20
2
185
196
189
191
195
186
241
238
200
216
239
63
25
85
134
113
55
136
190
191
166
152
131
160
163
213
239
63
191
211
100
198
219
74
191
191
53
41
5
221
94
210
239
63
0
86
71
142
116
6
192
191
155
84
52
214
254
206
239
63
72
191
125
29
56
103
192
191
196
38
50
115
129
203
239
63
128
183
64
130
226
199
192
191
151
171
31
155
228
199
239
63
93
223
135
131
132
40
193
191
89
191
153
152
46
196
239
63
75
120
66
175
63
137
193
191
221
121
226
57
91
192
239
63
164
82
236
104
28
234
193
191
35
219
249
126
106
188
239
63
196
62
1
20
35
75
194
191
42
227
223
103
92
184
239
63
6
13
253
19
92
172
194
191
197
169
214
194
44
180
239
63
15
237
99
5
191
13
195
191
245
46
222
143
219
175
239
63
58
175
177
75
84
111
195
191
162
126
23
182
102
171
239
63
44
131
106
131
19
209
195
191
159
176
196
3
202
166
239
63
63
57
10
16
5
51
196
191
235
196
229
120
5
162
239
63
25
1
21
142
32
149
196
191
91
211
188
227
20
157
239
63
21
171
6
97
110
247
196
191
236
219
73
68
248
151
239
63
216
102
99
37
230
89
197
191
115
246
206
104
171
146
239
63
23
213
34
162
152
188
197
191
5
23
43
106
48
141
239
63
194
132
209
172
108
31
198
191
186
49
61
97
137
135
239
63
144
22
103
12
115
130
198
191
3
11
96
202
192
129
239
63
35
186
103
93
163
229
198
191
59
115
15
9
223
123
239
63
126
111
211
159
253
72
199
191
189
58
199
128
236
117
239
63
160
54
170
211
129
172
199
191
228
49
3
149
241
111
239
63
136
15
236
248
47
16
200
191
11
41
63
169
246
105
239
63
55
250
152
15
8
116
200
191
186
216
180
82
8
100
239
63
173
246
176
23
10
216
200
191
9
53
67
170
40
94
239
63
234
4
52
17
54
60
201
191
150
234
2
94
102
88
239
63
238
36
34
252
139
160
201
191
143
225
177
159
197
82
239
63
184
86
123
216
11
5
202
191
244
25
80
111
70
77
239
63
239
201
195
66
173
105
202
191
60
219
163
55
220
71
239
63
219
221
3
116
95
206
202
191
13
85
49
149
126
66
239
63
125
146
59
108
34
51
203
191
199
218
223
217
30
61
239
63
197
118
247
0
221
151
203
191
15
156
51
162
180
55
239
63
251
233
63
107
126
252
203
191
116
212
209
113
53
50
239
63
123
188
144
14
15
97
204
191
108
203
128
179
148
44
239
63
53
125
118
192
117
197
204
191
113
200
6
210
197
38
239
63
23
187
125
86
153
41
205
191
61
239
198
130
194
32
239
63
124
70
34
52
130
141
205
191
50
147
168
23
124
26
239
63
83
174
240
46
23
241
205
191
56
192
204
119
240
19
239
63
174
99
92
113
113
84
206
191
125
94
241
212
35
13
239
63
140
102
101
251
144
183
206
191
69
74
179
121
28
6
239
63
254
39
127
247
142
26
207
191
235
83
142
201
226
254
238
63
96
120
37
201
115
125
207
191
180
87
31
15
125
247
238
63
102
248
79
55
80
224
207
191
182
73
69
99
237
239
238
63
54
60
189
82
150
33
208
191
122
226
57
91
64
232
238
63
103
100
144
187
8
83
208
191
22
22
220
15
120
224
238
63
123
21
25
29
144
132
208
191
207
192
200
203
154
216
238
63
114
79
87
119
44
182
208
191
255
178
123
242
176
208
238
63
168
226
198
45
230
231
208
191
212
212
178
181
190
200
238
63
148
22
46
171
176
25
209
191
78
38
110
21
196
192
238
63
53
235
140
239
139
75
209
191
132
155
140
42
195
184
238
63
170
215
45
2
99
125
209
191
118
52
14
245
187
176
238
63
240
219
16
227
53
175
209
191
59
229
209
141
176
168
238
63
84
87
62
203
243
224
209
191
187
185
248
219
158
160
238
63
166
97
248
136
152
18
210
191
13
166
97
248
136
152
238
63
95
66
5
135
23
68
210
191
73
158
235
251
112
144
238
63
81
17
167
147
108
117
210
191
133
150
117
255
88
136
238
63
199
45
230
231
134
166
210
191
147
166
65
209
60
128
238
63
192
151
194
131
102
215
210
191
185
170
236
187
34
120
238
63
105
55
250
152
15
8
211
191
176
198
217
116
4
112
238
63
241
244
74
89
134
56
211
191
123
250
8
252
225
103
238
63
13
113
172
139
219
104
211
191
234
93
188
31
183
95
238
63
69
100
88
197
27
153
211
191
231
252
20
199
129
87
238
63
200
182
12
56
75
201
211
191
70
239
84
192
61
79
238
63
29
33
3
121
118
249
211
191
215
76
190
217
230
70
238
63
250
67
51
79
174
41
212
191
134
33
114
250
122
62
238
63
142
7
91
236
246
89
212
191
35
133
178
240
245
53
238
63
50
60
246
179
88
138
212
191
153
131
160
163
85
45
238
63
157
130
252
108
228
186
212
191
185
52
126
225
149
36
238
63
161
242
175
229
149
235
212
191
156
140
42
195
184
27
238
63
18
164
82
236
104
28
213
191
41
151
198
47
188
18
238
63
238
150
228
128
93
77
213
191
165
48
239
113
166
9
238
63
174
18
44
14
103
126
213
191
39
77
131
162
121
0
238
63
80
23
41
148
133
175
213
191
220
212
64
243
57
247
237
63
124
212
95
175
176
224
213
191
197
199
39
100
231
237
237
63
2
98
18
46
228
17
214
191
15
14
246
38
134
228
237
63
228
191
64
16
32
67
214
191
231
143
105
109
26
219
237
63
152
53
177
192
87
116
214
191
99
65
97
80
166
209
237
63
75
171
33
113
143
165
214
191
133
34
221
207
41
200
237
63
164
80
22
190
190
214
214
191
122
27
155
29
169
190
237
63
208
13
77
217
233
7
215
191
19
68
221
7
32
181
237
63
251
202
131
244
20
57
215
191
36
180
229
92
138
171
237
63
130
88
54
115
72
106
215
191
105
143
23
210
225
161
237
63
54
206
166
35
128
155
215
191
202
225
147
78
36
152
237
63
68
20
147
55
192
204
215
191
26
195
156
160
77
142
237
63
220
18
185
224
12
254
215
191
43
75
116
150
89
132
237
63
41
178
214
80
106
47
216
191
209
145
92
254
67
122
237
63
44
242
235
135
216
96
216
191
245
162
118
191
10
112
237
63
19
187
182
183
91
146
216
191
58
174
70
118
165
101
237
63
221
12
55
224
243
195
216
191
208
155
138
84
24
91
237
63
1
47
51
108
148
245
216
191
227
83
0
140
103
80
237
63
129
33
171
91
61
39
217
191
206
166
35
128
155
69
237
63
166
67
167
231
221
88
217
191
237
100
112
148
188
58
237
63
67
173
105
222
113
138
217
191
199
70
32
94
215
47
237
63
252
141
118
220
240
187
217
191
162
40
208
39
242
36
237
63
73
45
148
76
78
237
217
191
215
218
251
84
21
26
237
63
253
162
4
253
133
30
218
191
195
45
31
73
73
15
237
63
143
54
142
88
139
79
218
191
236
217
115
153
154
4
237
63
255
231
48
95
94
128
218
191
176
175
117
169
17
250
236
63
197
254
178
123
242
176
218
191
57
151
226
170
178
239
236
63
60
75
144
17
80
225
218
191
70
180
29
83
119
229
236
63
100
205
200
32
119
17
219
191
99
66
204
37
85
219
236
63
151
85
216
12
112
65
219
191
242
148
213
116
61
209
236
63
49
180
58
57
67
113
219
191
152
219
189
220
39
199
236
63
4
1
50
116
236
160
219
191
182
105
108
175
5
189
236
63
198
220
181
132
124
208
219
191
171
146
200
62
200
178
236
63
74
95
8
57
239
255
219
191
53
122
53
64
105
168
236
63
189
112
231
194
72
47
220
191
157
127
187
236
215
157
236
63
77
249
16
84
141
94
220
191
114
222
255
199
9
147
236
63
84
201
0
80
197
141
220
191
43
222
200
60
242
135
236
63
119
16
59
83
232
188
220
191
12
91
179
149
151
124
236
63
18
159
59
193
254
235
220
191
112
37
59
54
2
113
236
63
157
188
200
4
252
26
221
191
247
233
120
204
64
101
236
63
68
81
160
79
228
73
221
191
63
85
133
6
98
89
236
63
7
93
194
161
183
120
221
191
209
31
154
121
114
77
236
63
186
247
112
201
113
167
221
191
31
14
18
162
124
65
236
63
137
9
106
248
22
214
221
191
223
192
228
70
145
53
236
63
117
146
173
46
167
4
222
191
131
252
108
228
186
41
236
63
34
194
191
8
26
51
222
191
146
121
228
15
6
30
236
63
26
81
218
27
124
97
222
191
172
228
99
119
129
18
236
63
0
111
129
4
197
143
222
191
209
61
235
26
45
7
236
63
49
236
48
38
253
189
222
191
144
192
31
126
254
251
235
63
172
200
232
128
36
236
222
191
72
192
232
242
230
240
235
63
158
236
102
70
63
26
223
191
92
144
45
203
215
229
235
63
219
111
237
68
73
72
223
191
89
108
147
138
198
218
235
63
142
58
58
174
70
118
223
191
137
179
34
106
162
207
235
63
186
76
77
130
55
164
223
191
123
161
128
237
96
196
235
63
93
166
38
193
27
210
223
191
143
137
148
102
243
184
235
63
165
47
132
156
247
255
223
191
39
191
69
39
75
173
235
63
28
12
117
88
225
22
224
191
185
137
90
154
91
161
235
63
32
36
11
152
192
45
224
191
48
245
243
166
34
149
235
63
134
143
136
41
145
68
224
191
184
233
207
126
164
136
235
63
31
102
47
219
78
91
224
191
240
19
7
208
239
123
235
63
167
203
98
98
243
113
224
191
167
8
112
122
23
111
235
63
218
227
133
116
120
136
224
191
53
152
134
225
35
98
235
63
139
198
218
223
217
158
224
191
82
99
66
204
37
85
235
63
139
139
163
114
19
181
224
191
133
34
221
207
41
72
235
63
174
74
34
251
32
203
224
191
111
130
111
154
62
59
235
63
152
51
219
21
250
224
224
191
173
47
18
218
114
46
235
63
28
94
16
145
154
246
224
191
224
214
221
60
213
33
235
63
81
190
160
133
4
12
225
191
76
84
111
13
108
21
235
63
77
72
107
12
58
33
225
191
194
191
8
26
51
9
235
63
154
180
169
186
71
54
225
191
164
108
145
180
27
253
234
63
168
199
182
12
56
75
225
191
61
186
17
22
21
241
234
63
210
81
14
102
19
96
225
191
25
228
46
194
20
229
234
63
139
23
11
67
228
116
225
191
155
61
208
10
12
217
234
63
45
233
40
7
179
137
225
191
244
49
31
16
232
204
234
63
42
139
194
46
138
158
225
191
204
240
159
110
160
192
234
63
221
205
83
29
114
179
225
191
61
241
156
45
32
180
234
63
184
117
55
79
117
200
225
191
192
122
220
183
90
167
234
63
232
106
43
246
151
221
225
191
226
200
3
145
69
154
234
63
40
209
146
199
211
242
225
191
142
231
51
160
222
140
234
63
242
239
51
46
28
8
226
191
30
167
232
72
46
127
234
63
141
38
23
99
96
29
226
191
49
180
58
57
67
113
234
63
115
188
2
209
147
50
226
191
57
211
132
237
39
99
234
63
191
40
65
127
161
71
226
191
145
212
66
201
228
84
234
63
23
155
86
10
129
92
226
191
193
112
174
97
134
70
234
63
197
114
75
171
33
113
226
191
60
108
34
51
23
56
234
63
19
15
40
155
114
133
226
191
159
115
183
235
165
41
234
63
120
183
178
68
103
153
226
191
71
87
233
238
58
27
234
63
85
191
210
249
240
172
226
191
188
207
241
209
226
12
234
63
239
2
37
5
22
192
226
191
20
209
175
173
159
254
233
63
18
23
128
70
233
210
226
191
11
127
134
55
107
240
233
63
184
120
120
207
129
229
226
191
70
9
250
11
61
226
233
63
219
164
162
177
246
247
226
191
84
171
175
174
10
212
233
63
118
24
147
254
94
10
227
191
217
148
43
188
203
197
233
63
131
80
222
199
209
28
227
191
101
1
19
184
117
183
233
63
229
213
57
6
100
47
227
191
155
32
234
62
0
169
233
63
150
37
58
203
44
66
227
191
10
46
86
212
96
154
233
63
144
188
115
40
67
85
227
191
65
101
252
251
140
139
233
63
184
35
156
22
188
104
227
191
205
1
130
57
122
124
233
63
80
55
80
224
157
124
227
191
130
27
41
91
36
109
233
63
209
62
86
240
219
144
227
191
118
166
208
121
141
93
233
63
252
224
124
234
88
165
227
191
49
91
178
42
194
77
233
63
238
148
14
214
255
185
227
191
203
45
173
134
196
61
233
63
173
221
118
161
185
206
227
191
226
202
217
59
163
45
233
63
62
62
33
59
111
227
227
191
164
26
246
123
98
29
233
63
168
57
121
145
9
248
227
191
130
225
92
195
12
13
233
63
240
82
234
146
113
12
228
191
216
239
137
117
170
252
232
63
27
13
224
45
144
32
228
191
24
10
216
14
70
236
232
63
49
235
197
80
78
52
228
191
155
0
195
242
231
219
232
63
168
52
98
102
159
71
228
191
190
163
198
132
152
203
232
63
197
197
81
185
137
90
228
191
128
243
226
196
87
187
232
63
107
39
74
66
34
109
228
191
157
19
123
104
31
171
232
63
58
6
100
175
119
127
228
191
231
27
209
61
235
154
232
63
253
246
117
224
156
145
228
191
49
36
39
19
183
138
232
63
107
154
119
156
162
163
228
191
78
68
191
182
126
122
232
63
81
133
63
195
155
181
228
191
226
171
29
197
57
106
232
63
123
76
164
52
155
199
228
191
193
114
132
12
228
89
232
63
136
156
190
158
175
217
228
191
188
176
53
91
121
73
232
63
70
10
101
225
235
235
228
191
121
149
181
77
241
56
232
63
83
66
176
170
94
254
228
191
201
56
70
178
71
40
232
63
129
92
226
200
3
17
229
191
129
178
41
87
120
23
232
63
141
124
94
241
212
35
229
191
159
2
96
60
131
6
232
63
193
1
45
93
193
54
229
191
13
53
10
73
102
245
231
63
170
39
243
143
190
73
229
191
180
85
73
100
31
228
231
63
171
65
152
219
189
92
229
191
172
88
252
166
176
210
231
63
103
127
160
220
182
111
229
191
220
73
68
248
23
193
231
63
64
52
243
228
154
130
229
191
47
53
66
63
83
175
231
63
195
155
53
120
95
149
229
191
164
26
246
123
98
157
231
63
83
9
79
232
245
167
229
191
82
238
62
199
71
139
231
63
147
172
195
209
85
186
229
191
12
200
94
239
254
120
231
63
63
169
246
233
120
204
229
191
45
120
209
87
144
102
231
63
134
231
165
98
99
222
229
191
181
254
150
0
252
83
231
63
193
55
77
159
29
240
229
191
254
43
43
77
74
65
231
63
31
130
170
209
171
1
230
191
54
232
75
111
127
46
231
63
251
150
57
93
22
19
230
191
161
15
150
177
161
27
231
63
83
118
250
65
93
36
230
191
110
138
199
69
181
8
231
63
155
228
71
252
138
53
230
191
223
52
125
118
192
245
230
63
22
190
190
214
165
70
230
191
35
247
116
117
199
226
230
63
242
234
28
3
178
87
230
191
125
173
75
141
208
207
230
63
93
83
32
179
179
104
230
191
28
64
191
239
223
188
230
63
199
187
35
99
181
121
230
191
255
174
207
156
245
169
230
63
26
48
72
250
180
138
230
191
16
6
158
123
15
151
230
63
178
128
9
220
186
155
230
191
10
105
141
65
39
132
230
63
142
173
103
8
199
172
230
191
169
251
0
164
54
113
230
63
197
170
65
152
219
189
230
191
168
225
91
88
55
94
230
63
155
84
52
214
254
206
230
191
219
50
224
44
37
75
230
63
39
159
30
219
50
224
230
191
230
30
18
190
247
55
230
63
128
126
223
191
121
241
230
191
179
177
18
243
172
36
230
63
188
230
85
157
213
2
231
191
231
26
102
104
60
17
230
63
174
239
195
65
66
20
231
191
129
90
12
30
166
253
229
63
41
177
107
123
187
37
231
191
153
100
228
44
236
233
229
63
44
43
77
74
65
55
231
191
46
57
238
148
14
214
229
63
92
141
236
74
203
72
231
191
87
204
8
111
15
194
229
63
164
227
106
100
87
90
231
191
254
41
85
162
236
173
229
63
212
69
10
101
225
107
231
191
57
70
178
71
168
153
229
63
215
191
235
51
103
125
231
191
30
21
255
119
68
133
229
63
104
117
114
134
226
142
231
191
175
150
59
51
193
112
229
63
90
126
224
42
79
160
231
191
1
191
70
146
32
92
229
63
173
218
53
33
173
177
231
191
21
142
32
149
98
71
229
63
6
186
246
5
244
194
231
191
1
248
167
84
137
50
229
63
101
28
35
217
35
212
231
191
220
240
187
233
150
29
229
63
201
1
187
154
60
229
231
191
190
108
59
109
141
8
229
63
97
82
124
124
66
246
231
191
210
83
228
16
113
243
228
63
90
246
36
176
57
7
232
191
71
142
116
6
70
222
228
63
202
225
147
78
36
24
232
191
98
248
136
152
18
201
228
63
246
240
101
162
8
41
232
191
78
122
223
248
218
179
228
63
11
12
89
221
234
57
232
191
37
8
87
64
161
158
228
63
9
51
109
255
202
74
232
191
17
138
173
160
105
137
228
63
76
54
30
108
177
91
232
191
89
220
127
100
58
116
228
63
234
9
75
60
160
108
232
191
41
231
139
189
23
95
228
63
16
150
177
161
155
125
232
191
130
170
209
171
1
74
228
63
213
206
48
181
165
142
232
191
122
26
48
72
250
52
228
63
12
204
10
69
186
159
232
191
205
90
10
72
251
31
228
63
181
141
63
81
217
176
232
191
32
155
228
71
252
10
228
63
139
55
50
143
252
193
232
191
69
243
0
22
249
245
227
63
165
189
193
23
38
211
232
191
249
134
194
103
235
224
227
63
191
67
81
160
79
228
232
191
224
133
173
217
202
203
227
63
195
213
1
16
119
245
232
191
204
7
4
58
147
182
227
63
153
127
244
77
154
6
233
191
100
60
74
37
60
161
227
63
43
77
74
65
183
23
233
191
144
47
161
130
195
139
227
63
53
98
102
159
199
40
233
191
222
28
174
213
30
118
227
63
204
178
39
129
205
57
233
191
79
4
113
30
78
96
227
63
243
62
142
230
200
74
233
191
16
206
167
142
85
74
227
63
144
18
187
182
183
91
233
191
55
110
49
63
55
52
227
63
211
21
108
35
158
108
233
191
220
216
236
72
245
29
227
63
164
84
194
19
122
125
233
191
89
222
85
15
152
7
227
63
49
183
123
185
79
142
233
191
197
114
75
171
33
241
226
63
98
73
185
251
28
159
233
191
55
138
172
53
148
218
226
63
103
243
56
12
230
175
233
191
221
12
55
224
243
195
226
63
39
193
27
210
168
192
233
191
227
226
168
220
68
173
226
63
208
154
31
127
105
209
233
191
142
232
158
117
141
150
226
63
99
128
68
19
40
226
233
191
199
41
58
146
203
127
226
63
222
113
138
142
228
242
233
191
1
107
213
174
9
105
226
63
113
87
175
34
163
3
234
191
59
172
112
203
71
82
226
63
4
61
212
182
97
20
234
191
184
201
168
50
140
59
226
63
150
34
249
74
32
37
234
191
145
183
92
253
216
36
226
63
109
228
186
41
229
53
234
191
9
82
41
118
52
14
226
63
113
142
58
58
174
70
234
191
55
141
237
181
160
247
225
63
186
20
87
149
125
87
234
191
72
81
103
238
33
225
225
63
71
119
16
59
83
104
234
191
152
110
18
131
192
202
225
63
69
158
36
93
51
121
234
191
15
241
15
91
122
180
225
63
181
137
147
251
29
138
234
191
9
169
219
217
87
158
225
63
105
81
159
228
14
155
234
191
65
186
216
180
82
136
225
63
53
13
138
230
1
172
234
191
161
48
40
211
104
114
225
63
22
189
83
1
247
188
234
191
228
47
45
234
147
92
225
63
180
144
128
209
229
205
234
191
198
219
74
175
205
70
225
63
224
159
82
37
202
222
234
191
27
76
195
240
17
49
225
63
154
234
201
252
163
239
234
191
156
164
249
99
90
27
225
63
136
160
106
244
106
0
235
191
53
241
14
240
164
5
225
63
123
217
118
218
26
17
235
191
137
97
135
49
233
239
224
63
94
161
15
150
177
33
235
191
107
13
165
246
34
218
224
63
235
27
152
220
40
50
235
191
174
12
170
13
78
196
224
63
35
73
16
174
128
66
235
191
82
95
150
118
106
174
224
63
29
29
87
35
187
82
235
191
87
5
106
49
120
152
224
63
240
139
75
85
218
98
235
191
212
242
3
87
121
130
224
63
177
137
204
92
224
114
235
191
245
15
34
25
114
108
224
63
143
254
151
107
209
130
235
191
188
92
196
119
98
86
224
63
160
222
140
154
175
146
235
191
85
193
168
164
78
64
224
63
229
41
171
233
122
162
235
191
170
73
240
134
52
42
224
63
161
188
143
163
57
178
235
191
254
209
55
105
26
20
224
63
213
150
58
200
235
193
235
191
166
180
254
150
0
252
223
63
174
160
105
137
149
209
235
191
125
173
75
141
208
207
223
63
21
230
61
206
52
225
235
191
176
118
20
231
168
163
223
63
33
91
150
175
203
240
235
191
61
16
89
164
137
119
223
63
164
23
181
251
85
0
236
191
128
74
149
40
123
75
223
63
137
39
187
153
209
15
236
191
166
13
135
165
129
31
223
63
183
150
201
112
60
31
236
191
130
113
112
233
152
243
222
63
25
113
1
104
148
46
236
191
157
46
139
137
205
199
222
63
152
194
131
102
215
61
236
191
246
68
215
133
31
156
222
63
28
151
113
83
3
77
236
191
187
156
18
16
147
112
222
63
143
250
235
21
22
92
236
191
25
30
251
89
44
69
222
63
219
248
19
149
13
107
236
191
62
177
78
149
239
25
222
63
233
157
10
184
231
121
236
191
42
86
13
194
220
238
221
63
206
221
174
151
166
136
236
191
55
221
178
67
252
195
221
63
141
184
0
52
74
151
236
191
57
94
129
232
73
153
221
63
58
34
223
165
212
165
236
191
139
169
244
19
206
110
221
63
214
26
74
237
69
180
236
191
254
214
78
148
132
68
221
63
98
162
65
10
158
194
236
191
146
230
143
105
109
26
221
63
10
161
131
46
225
208
236
191
164
168
51
247
144
240
220
63
184
34
49
65
13
223
236
191
50
29
58
61
239
198
220
63
130
27
41
91
36
237
236
191
61
68
163
59
136
157
220
63
128
127
74
149
40
251
236
191
243
5
45
36
96
116
220
63
155
90
182
214
23
9
237
191
37
122
25
197
114
75
220
63
187
184
141
6
240
22
237
191
166
184
170
236
187
34
220
63
179
177
18
243
172
36
237
191
238
8
167
5
47
250
219
63
87
93
135
106
74
50
237
191
162
154
146
172
195
209
219
63
52
247
144
240
189
63
237
191
148
133
175
175
117
169
219
63
74
127
47
133
7
77
237
191
225
64
72
22
48
129
219
63
62
37
231
196
30
90
237
191
138
204
92
224
242
88
219
63
204
12
27
101
253
102
237
191
215
135
245
70
173
48
219
63
221
65
236
76
161
115
237
191
156
138
84
24
91
8
219
63
23
244
222
24
2
128
237
191
80
28
64
191
239
223
218
63
52
71
86
126
25
140
237
191
152
108
60
216
98
183
218
63
122
23
239
199
237
151
237
191
116
123
73
99
180
142
218
63
255
88
136
14
129
163
237
191
18
49
37
146
232
101
218
63
53
208
124
206
221
174
237
191
159
117
141
150
3
61
218
63
119
77
72
107
12
186
237
191
72
49
64
162
9
20
218
63
219
196
201
253
14
197
237
191
60
76
251
230
254
234
217
63
233
238
58
27
242
207
237
191
167
174
124
150
231
193
217
63
208
179
89
245
185
218
237
191
138
88
196
176
195
152
217
63
235
227
161
239
110
229
237
191
63
26
78
153
155
111
217
63
148
79
143
109
25
240
237
191
199
243
25
80
111
70
217
63
15
211
190
185
191
250
237
191
33
229
39
213
62
29
217
63
93
110
48
212
97
5
238
191
169
190
243
139
18
244
216
63
0
0
0
0
0
0
0
0
0
0
0
0
0
0
0
0
0
0
0
0
0
0
0
0
0
0
0
0
0
0
0
0
0
0
0
0
0
0
0
0
0
0
0
0
0
0
0
0
0
0
0
0
0
0
0
0
0
0
0
0
0
0
0
0
0
0
0
0
0
0
0
0
0
0
0
0
0
0
0
0
0
0
0
0
0
0
0
0
0
0
0
0
0
0
0
0
0
0
0
0
0
0
0
0
0
0
0
0
0
0
0
0
0
0
0
0
0
0
0
0
0
0
0
0
0
0
0
0
0
0
0
0
0
0
0
0
0
0
0
0
0
0
0
0
0
0
0
0
0
0
0
0
0
0
0
0
0
0
0
0
0
0
0
0
0
0
0
0
0
0
0
0
0
0
0
0
0
0
0
0
0
0
0
0
0
0
0
0
0
0
0
0
0
0
0
0
0
0
0
0
0
0
0
0
0
0
0
0
0
0
0
0
0
0
0
0
0
0
0
0
0
0
0
0
0
0
0
0
0
0
0
0
0
0
0
0
0
0
0
0
0
0
0
0
0
0
0
0
0
0
0
0
0
0
0
0
0
0
0
0
0
0
0
0
0
0
0
0
0
0
0
0
0
0
0
0
0
0
0
0
0
0
0
0
0
0
0
0
0
0
0
0
0
0
0
0
0
0
0
0
0
0
0
0
0
0
0
0
0
0
0
0
0
0
0
0
0
0
0
0
0
0
0
0
0
0
0
0
0
0
0
0
0
0
0
0
0
0
0
0
0
0
0
0
0
0
0
0
0
0
0
0
0
0
0
0
0
0
0
0
0
0
0
0
0
0
0
0
0
0
0
0
0
0
0
0
0
0
0
0
0
0
0
0
0
0
0
0
0
0
0
0
0
0
0
0
0
0
0
0
0
0
0
0
0
0
0
0
0
0
0
0
0
0
0
0
0
0
0
0
0
0
0
0
0
0
0
0
0
0
0
0
0
0
0
0
0
0
0
0
0
0
0
0
0
0
0
0
0
0
0
0
0
0
0
0
0
0
0
0
0
0
0
0
0
0
0
0
0
0
0
0
0
0
0
0
0
0
0
0
0
0
0
0
0
0
0
0
0
0
0
0
0
0
0
0
0
0
0
0
0
0
0
0
0
0
0
0
0
0
0
0
0
0
0
0
0
0
0
0
0
0
0
0
0
0
0
0
0
0
0
0
0
0
0
0
0
0
0
0
0
0
0
0
0
0
0
0
0
0
0
0
0
0
0
0
0
0
0
0
0
0
0
0
0
0
0
0
0
0
0
0
0
0
0
0
0
0
0
0
0
0
0
0
0
0
0
0
0
0
0
0
0
0
0
0
0
0
0
0
0
0
0
0
0
0
0
0
0
0
0
0
0
0
0
0
0
0
0
0
0
0
0
0
0
0
0
0
0
0
0
0
0
0
0
0
0
0
0
0
0
0
0
0
0
0
0
0
0
0
0
0
0
0
0
0
0
0
0
0
0
0
0
0
0
0
0
0
0
0
0
0
0
0
0
0
0
0
0
0
0
0
0
0
0
0
0
0
0
0
0
0
0
0
0
0
0
0
0
0
0
0
0
0
0
0
0
0
0
0
0
0
0
0
0
0
0
0
0
0
0
0
0
0
0
0
0
0
0
0
0
0
0
0
0
0
0
0
0
0
0
0
0
0
0
0
0
0
0
0
0
0
0
0
0
0
0
0
0
0
0
0
0
0
0
0
0
0
0
0
0
0
0
0
0
0
0
0
0
0
0
0
0
0
0
0
0
0
0
0
0
0
0
0
0
0
0
0
0
0
0
0
0
0
0
0
0
0
0
0
0
0
0
0
0
0
0
0
0
0
0
0
0
0
0
0
0
0
0
0
0
0
0
0
0
0
0
0
0
0
0
0
0
0
0
0
0
0
0
0
0
0
0
0
0
0
0
0
0
0
0
0
0
0
0
0
0
0
0
0
0
0
0
0
0
0
0
0
0
0
0
0
0
0
0
0
0
0
0
0
0
0
0
0
0
0
0
0
0
0
0
0
0
0
0
0
0
0
0
0
0
0
0
0
0
0
0
0
0
0
0
0
0
0
0
0
0
0
0
0
0
0
0
0
0
0
0
0
0
0
0
0
0
0
0
0
0
0
0
0
0
0
0
0
0
0
0
0
0
0
0
0
0
0
0
0
0
0
0
0
0
0
0
0
0
0
0
0
0
0
0
0
0
0
0
0
0
0
0
0
0
0
0
0
0
0
0
0
0
0
0
0
0
0
0
0
0
0
0
0
0
0
0
0
0
0
0
0
0
0
0
0
0
0
0
0
0
0
0
0
0
0
0
0
0
0
0
0
0
0
0
0
0
0
0
0
0
0
0
0
0
0
0
0
0
0
0
0
0
0
0
0
0
0
0
0
0
0
0
0
0
0
0
0
0
0
0
0
0
0
0
0
0
0
0
0
0
0
0
0
0
0
0
0
0
0
0
0
0
0
0
0
0
0
0
0
0
0
0
0
0
0
0
0
0
0
0
0
0
0
0
0
0
0
0
0
0
0
0
0
0
0
0
0
0
0
0
0
0
0
0
0
0
0
0
0
0
0
0
0
0
0
0
0
0
0
0
0
0
0
0
0
0
0
0
0
0
0
0
0
0
0
0
0
0
0
0
0
0
0
0
0
0
0
0
0
0
0
0
0
0
0
0
0
0
0
0
0
0
0
0
0
0
0
0
0
0
0
0
0
0
0
0
0
0
0
0
0
0
0
0
0
0
0
0
0
0