58
70
65
67
84
58
67
68
65
84
49
56
58
68
65
84
65
32
35
57
48
48
48
48
48
54
57
51
54
34
81
104
89
247
15
238
191
168
223
133
173
217
202
216
63
215
194
44
180
115
26
238
191
77
48
156
107
152
161
216
63
242
10
68
79
202
36
238
191
224
15
63
255
61
120
216
63
47
77
17
224
244
46
238
191
144
102
44
154
206
78
216
63
240
220
123
184
228
56
238
191
213
123
42
167
61
37
216
63
195
245
40
92
143
66
238
191
173
79
57
38
139
251
215
63
76
199
156
103
236
75
238
191
190
17
221
179
174
209
215
63
236
164
190
44
237
84
238
191
220
217
87
30
164
167
215
63
73
190
18
72
137
93
238
191
215
191
235
51
103
125
215
63
30
55
252
110
186
101
238
191
131
219
218
194
243
82
215
63
221
211
213
29
139
109
238
191
224
44
37
203
73
40
215
63
247
88
250
208
5
117
238
191
238
179
202
76
105
253
214
63
12
115
130
54
57
124
238
191
81
160
79
228
73
210
214
63
188
206
134
252
51
131
238
191
10
242
179
145
235
166
214
63
96
60
131
134
254
137
238
191
236
192
57
35
74
123
214
63
152
104
144
130
167
144
238
191
200
36
35
103
97
79
214
63
237
11
232
133
59
151
238
191
159
29
112
93
49
35
214
63
232
222
195
37
199
157
238
191
68
195
98
212
181
246
213
63
38
142
60
16
89
164
238
191
45
93
193
54
226
201
213
63
237
245
238
143
247
170
238
191
182
187
7
232
190
156
213
63
82
10
186
189
164
177
238
191
132
14
186
132
67
111
213
63
42
227
223
103
92
184
238
191
151
85
216
12
112
65
213
63
115
128
96
142
30
191
238
191
28
121
32
178
72
19
213
63
211
17
192
205
226
197
238
191
65
97
80
166
209
228
212
63
51
163
31
13
167
204
238
191
171
61
236
133
2
182
212
63
125
64
160
51
105
211
238
191
227
198
45
230
231
134
212
63
130
1
132
15
37
218
238
191
186
20
87
149
125
87
212
63
21
254
12
111
214
224
238
191
49
39
104
147
195
39
212
63
9
78
125
32
121
231
238
191
163
206
220
67
194
247
211
63
72
253
245
10
11
238
238
191
180
58
57
67
113
199
211
63
208
11
119
46
140
244
238
191
28
12
117
88
225
150
211
63
231
85
157
213
2
251
238
191
52
19
12
231
26
102
211
63
208
183
5
75
117
1
239
191
42
56
188
32
34
53
211
63
162
37
143
167
229
7
239
191
181
27
125
204
7
4
211
63
185
111
181
78
92
14
239
191
46
142
202
77
212
210
210
63
20
150
120
64
217
20
239
191
242
95
32
8
144
161
210
63
37
93
51
249
102
27
239
191
136
73
184
144
71
112
210
63
25
173
163
170
9
34
239
191
76
27
14
75
3
63
210
63
30
110
135
134
197
40
239
191
152
165
157
154
203
13
210
63
97
136
156
190
158
47
239
191
245
160
160
20
173
220
209
63
136
43
103
239
140
54
239
191
8
61
155
85
159
171
209
63
130
230
115
238
118
61
239
191
72
193
83
200
149
122
209
63
197
0
137
38
80
68
239
191
0
141
210
165
127
73
209
63
14
158
9
77
18
75
239
191
48
160
23
238
92
24
209
63
116
178
212
122
191
81
239
191
215
250
34
161
45
231
208
63
14
50
201
200
89
88
239
191
245
156
244
190
241
181
208
63
195
40
8
30
223
94
239
191
185
110
74
121
173
132
208
63
173
138
112
147
81
101
239
191
244
135
102
158
92
83
208
63
201
87
2
41
177
107
239
191
2
185
196
145
7
34
208
63
25
144
189
222
253
113
239
191
180
146
86
124
67
225
207
63
156
51
162
180
55
120
239
191
8
227
167
113
111
126
207
63
60
78
209
145
92
126
239
191
76
194
133
60
130
27
207
63
15
212
41
143
110
132
239
191
218
0
108
64
132
184
206
63
44
185
138
197
111
138
239
191
178
158
90
125
117
85
206
63
79
33
87
234
89
144
239
191
212
155
81
243
85
242
205
63
188
232
43
72
51
150
239
191
64
248
80
162
37
143
205
63
47
51
108
148
245
155
239
191
246
179
88
138
228
43
205
63
236
220
180
25
167
161
239
191
246
206
104
171
146
200
204
63
198
253
71
166
67
167
239
191
65
73
129
5
48
101
204
63
188
149
37
58
203
172
239
191
213
34
162
152
188
1
204
63
229
152
44
238
63
178
239
191
180
91
203
100
56
158
203
63
43
19
126
169
159
183
239
191
55
196
120
205
171
58
203
63
165
248
248
132
236
188
239
191
170
187
178
11
6
215
202
63
59
85
190
103
36
194
239
191
193
226
112
230
87
115
202
63
4
29
173
106
73
199
239
191
200
152
187
150
144
15
202
63
234
91
230
116
89
204
239
191
116
126
138
227
192
171
201
63
3
6
73
159
86
209
239
191
105
195
97
105
224
71
201
63
80
27
213
233
64
214
239
191
169
103
65
40
239
227
200
63
185
167
171
59
22
219
239
191
51
107
41
32
237
127
200
63
86
159
171
173
216
223
239
191
7
206
25
81
218
27
200
63
37
2
213
63
136
228
239
191
203
191
150
87
174
183
199
63
41
208
39
242
36
233
239
191
51
225
151
250
121
83
199
63
72
21
197
171
172
237
239
191
229
97
161
214
52
239
198
63
156
197
139
133
33
242
239
191
225
65
179
235
222
138
198
63
34
225
123
127
131
246
239
191
40
129
205
57
120
38
198
63
220
103
149
153
210
250
239
191
184
31
240
192
0
194
197
63
178
101
249
186
12
255
239
191
147
29
27
129
120
93
197
63
94
103
67
254
153
1
240
191
18
75
202
221
231
248
196
63
124
209
30
47
164
3
240
191
220
215
129
115
70
148
196
63
41
119
159
227
163
5
240
191
75
148
189
165
156
47
196
63
123
76
164
52
155
7
240
191
3
176
1
17
226
202
195
63
80
227
222
252
134
9
240
191
97
251
201
24
31
102
195
63
202
169
157
97
106
11
240
191
9
166
154
89
75
1
195
63
198
49
146
61
66
13
240
191
86
128
239
54
111
156
194
63
104
233
10
182
17
15
240
191
72
138
200
176
138
55
194
63
152
220
40
178
214
16
240
191
132
243
169
99
149
210
193
63
86
11
236
49
145
18
240
191
101
140
15
179
151
109
193
63
174
239
195
65
66
20
240
191
235
84
249
158
145
8
193
63
149
15
65
213
232
21
240
191
22
77
103
39
131
163
192
63
21
229
210
248
133
23
240
191
230
116
89
76
108
62
192
63
24
124
154
147
23
25
240
191
183
152
159
27
154
178
191
63
192
66
230
202
160
26
240
191
236
166
148
215
74
232
190
63
234
202
103
121
30
28
240
191
106
20
146
204
234
29
190
63
175
8
254
183
146
29
240
191
51
225
151
250
121
83
189
63
13
252
168
134
253
30
240
191
69
13
166
97
248
136
188
63
250
42
249
216
93
32
240
191
162
152
188
1
102
190
187
63
116
149
238
174
179
33
240
191
73
131
219
218
194
243
186
63
137
181
248
20
0
35
240
191
132
44
11
38
254
40
186
63
55
139
23
11
67
36
240
191
191
213
58
113
57
94
185
63
115
156
219
132
123
37
240
191
142
61
123
46
83
147
184
63
73
99
180
142
170
38
240
191
167
4
196
36
92
200
183
63
174
101
50
28
207
39
240
191
10
43
21
84
84
253
182
63
183
151
52
70
235
40
240
191
2
16
119
245
42
50
182
63
68
139
108
231
251
41
240
191
249
244
216
150
1
103
181
63
106
52
185
24
3
43
240
191
133
152
75
170
182
155
180
63
41
147
26
218
0
44
240
191
16
60
190
189
107
208
179
63
131
167
144
43
245
44
240
191
156
223
48
209
32
5
179
63
95
125
60
244
221
45
240
191
188
65
180
86
180
57
178
63
224
130
108
89
190
46
240
191
219
163
55
220
71
110
177
63
228
73
210
53
147
47
240
191
251
5
187
97
219
162
176
63
142
64
188
174
95
48
240
191
53
208
124
206
221
174
175
63
186
248
219
158
32
49
240
191
117
148
131
217
4
24
174
63
128
102
16
31
216
49
240
191
180
88
138
228
43
129
172
63
223
137
89
47
134
50
240
191
135
219
161
97
49
234
170
63
205
232
71
195
41
51
240
191
91
94
185
222
54
83
169
63
73
131
219
218
194
51
240
191
154
34
192
233
93
188
167
63
83
89
20
118
81
52
240
191
110
165
215
102
99
37
166
63
247
228
97
161
214
52
240
191
214
230
255
85
71
142
164
63
53
38
196
92
82
53
240
191
61
40
40
69
43
247
162
63
246
40
92
143
194
53
240
191
165
105
80
52
15
96
161
63
80
225
8
82
41
54
240
191
25
86
241
70
230
145
159
63
68
79
202
164
134
54
240
191
57
211
132
237
39
99
156
63
187
126
193
110
216
54
240
191
49
211
246
175
172
52
153
63
215
221
60
213
33
55
240
191
121
205
171
58
171
5
150
63
118
254
237
178
95
55
240
191
233
68
130
169
102
214
146
63
186
78
35
45
149
55
240
191
179
120
177
48
68
78
143
63
140
218
253
42
192
55
240
191
134
86
39
103
40
238
136
63
3
150
92
197
226
55
240
191
89
52
157
157
12
142
130
63
9
141
96
227
250
55
240
191
58
2
184
89
188
88
120
63
179
179
232
157
10
56
240
191
11
10
131
50
141
38
103
63
3
10
245
244
17
56
240
191
208
238
144
98
128
68
51
191
225
155
166
207
14
56
240
191
125
92
27
42
198
249
107
191
77
105
253
45
1
56
240
191
20
32
10
102
76
193
122
191
60
248
137
3
232
55
240
191
217
38
21
141
181
191
131
191
174
72
76
80
195
55
240
191
72
50
171
119
184
29
138
191
186
78
35
45
149
55
240
191
180
33
255
204
32
62
144
191
95
10
15
154
93
55
240
191
107
39
74
66
34
109
147
191
147
1
160
138
27
55
240
191
251
175
115
211
102
156
150
191
85
52
214
254
206
54
240
191
179
181
190
72
104
203
153
191
176
28
33
3
121
54
240
191
107
187
9
190
105
250
156
191
166
186
128
151
25
54
240
191
37
31
187
11
148
20
160
191
41
148
133
175
175
53
240
191
1
162
96
198
20
172
161
191
166
186
128
151
25
54
240
191
37
31
187
11
148
20
160
63
176
28
33
3
121
54
240
191
107
187
9
190
105
250
156
63
85
52
214
254
206
54
240
191
179
181
190
72
104
203
153
63
147
1
160
138
27
55
240
191
251
175
115
211
102
156
150
63
95
10
15
154
93
55
240
191
107
39
74
66
34
109
147
63
186
78
35
45
149
55
240
191
180
33
255
204
32
62
144
63
174
72
76
80
195
55
240
191
72
50
171
119
184
29
138
63
60
248
137
3
232
55
240
191
217
38
21
141
181
191
131
63
77
105
253
45
1
56
240
191
20
32
10
102
76
193
122
63
225
155
166
207
14
56
240
191
125
92
27
42
198
249
107
63
3
10
245
244
17
56
240
191
208
238
144
98
128
68
51
63
179
179
232
157
10
56
240
191
11
10
131
50
141
38
103
191
9
141
96
227
250
55
240
191
58
2
184
89
188
88
120
191
3
150
92
197
226
55
240
191
89
52
157
157
12
142
130
191
140
218
253
42
192
55
240
191
134
86
39
103
40
238
136
191
186
78
35
45
149
55
240
191
179
120
177
48
68
78
143
191
118
254
237
178
95
55
240
191
233
68
130
169
102
214
146
191
215
221
60
213
33
55
240
191
121
205
171
58
171
5
150
191
187
126
193
110
216
54
240
191
49
211
246
175
172
52
153
191
68
79
202
164
134
54
240
191
57
211
132
237
39
99
156
191
80
225
8
82
41
54
240
191
25
86
241
70
230
145
159
191
246
40
92
143
194
53
240
191
165
105
80
52
15
96
161
191
53
38
196
92
82
53
240
191
61
40
40
69
43
247
162
191
247
228
97
161
214
52
240
191
214
230
255
85
71
142
164
191
83
89
20
118
81
52
240
191
110
165
215
102
99
37
166
191
73
131
219
218
194
51
240
191
154
34
192
233
93
188
167
191
205
232
71
195
41
51
240
191
91
94
185
222
54
83
169
191
223
137
89
47
134
50
240
191
135
219
161
97
49
234
170
191
128
102
16
31
216
49
240
191
180
88
138
228
43
129
172
191
186
248
219
158
32
49
240
191
117
148
131
217
4
24
174
191
142
64
188
174
95
48
240
191
53
208
124
206
221
174
175
191
228
73
210
53
147
47
240
191
251
5
187
97
219
162
176
191
224
130
108
89
190
46
240
191
219
163
55
220
71
110
177
191
95
125
60
244
221
45
240
191
188
65
180
86
180
57
178
191
131
167
144
43
245
44
240
191
156
223
48
209
32
5
179
191
41
147
26
218
0
44
240
191
16
60
190
189
107
208
179
191
106
52
185
24
3
43
240
191
133
152
75
170
182
155
180
191
68
139
108
231
251
41
240
191
249
244
216
150
1
103
181
191
183
151
52
70
235
40
240
191
2
16
119
245
42
50
182
191
174
101
50
28
207
39
240
191
10
43
21
84
84
253
182
191
73
99
180
142
170
38
240
191
167
4
196
36
92
200
183
191
115
156
219
132
123
37
240
191
142
61
123
46
83
147
184
191
55
139
23
11
67
36
240
191
191
213
58
113
57
94
185
191
137
181
248
20
0
35
240
191
132
44
11
38
254
40
186
191
116
149
238
174
179
33
240
191
73
131
219
218
194
243
186
191
250
42
249
216
93
32
240
191
162
152
188
1
102
190
187
191
13
252
168
134
253
30
240
191
69
13
166
97
248
136
188
191
175
8
254
183
146
29
240
191
51
225
151
250
121
83
189
191
234
202
103
121
30
28
240
191
106
20
146
204
234
29
190
191
192
66
230
202
160
26
240
191
236
166
148
215
74
232
190
191
24
124
154
147
23
25
240
191
183
152
159
27
154
178
191
191
21
229
210
248
133
23
240
191
230
116
89
76
108
62
192
191
149
15
65
213
232
21
240
191
22
77
103
39
131
163
192
191
174
239
195
65
66
20
240
191
235
84
249
158
145
8
193
191
86
11
236
49
145
18
240
191
101
140
15
179
151
109
193
191
152
220
40
178
214
16
240
191
132
243
169
99
149
210
193
191
104
233
10
182
17
15
240
191
72
138
200
176
138
55
194
191
198
49
146
61
66
13
240
191
86
128
239
54
111
156
194
191
202
169
157
97
106
11
240
191
9
166
154
89
75
1
195
191
80
227
222
252
134
9
240
191
97
251
201
24
31
102
195
191
123
76
164
52
155
7
240
191
3
176
1
17
226
202
195
191
41
119
159
227
163
5
240
191
75
148
189
165
156
47
196
191
124
209
30
47
164
3
240
191
220
215
129
115
70
148
196
191
94
103
67
254
153
1
240
191
18
75
202
221
231
248
196
191
178
101
249
186
12
255
239
191
147
29
27
129
120
93
197
191
220
103
149
153
210
250
239
191
184
31
240
192
0
194
197
191
34
225
123
127
131
246
239
191
40
129
205
57
120
38
198
191
156
197
139
133
33
242
239
191
225
65
179
235
222
138
198
191
72
21
197
171
172
237
239
191
229
97
161
214
52
239
198
191
41
208
39
242
36
233
239
191
51
225
151
250
121
83
199
191
37
2
213
63
136
228
239
191
203
191
150
87
174
183
199
191
86
159
171
173
216
223
239
191
7
206
25
81
218
27
200
191
185
167
171
59
22
219
239
191
51
107
41
32
237
127
200
191
80
27
213
233
64
214
239
191
169
103
65
40
239
227
200
191
3
6
73
159
86
209
239
191
105
195
97
105
224
71
201
191
234
91
230
116
89
204
239
191
116
126
138
227
192
171
201
191
4
29
173
106
73
199
239
191
200
152
187
150
144
15
202
191
59
85
190
103
36
194
239
191
193
226
112
230
87
115
202
191
165
248
248
132
236
188
239
191
170
187
178
11
6
215
202
191
43
19
126
169
159
183
239
191
55
196
120
205
171
58
203
191
229
152
44
238
63
178
239
191
180
91
203
100
56
158
203
191
188
149
37
58
203
172
239
191
213
34
162
152
188
1
204
191
198
253
71
166
67
167
239
191
65
73
129
5
48
101
204
191
236
220
180
25
167
161
239
191
246
206
104
171
146
200
204
191
47
51
108
148
245
155
239
191
246
179
88
138
228
43
205
191
188
232
43
72
51
150
239
191
64
248
80
162
37
143
205
191
79
33
87
234
89
144
239
191
212
155
81
243
85
242
205
191
44
185
138
197
111
138
239
191
178
158
90
125
117
85
206
191
15
212
41
143
110
132
239
191
218
0
108
64
132
184
206
191
60
78
209
145
92
126
239
191
76
194
133
60
130
27
207
191
156
51
162
180
55
120
239
191
8
227
167
113
111
126
207
191
25
144
189
222
253
113
239
191
180
146
86
124
67
225
207
191
201
87
2
41
177
107
239
191
2
185
196
145
7
34
208
191
173
138
112
147
81
101
239
191
244
135
102
158
92
83
208
191
195
40
8
30
223
94
239
191
185
110
74
121
173
132
208
191
14
50
201
200
89
88
239
191
245
156
244
190
241
181
208
191
116
178
212
122
191
81
239
191
215
250
34
161
45
231
208
191
14
158
9
77
18
75
239
191
48
160
23
238
92
24
209
191
197
0
137
38
80
68
239
191
0
141
210
165
127
73
209
191
130
230
115
238
118
61
239
191
72
193
83
200
149
122
209
191
136
43
103
239
140
54
239
191
8
61
155
85
159
171
209
191
97
136
156
190
158
47
239
191
245
160
160
20
173
220
209
191
30
110
135
134
197
40
239
191
152
165
157
154
203
13
210
191
25
173
163
170
9
34
239
191
76
27
14
75
3
63
210
191
37
93
51
249
102
27
239
191
136
73
184
144
71
112
210
191
20
150
120
64
217
20
239
191
242
95
32
8
144
161
210
191
185
111
181
78
92
14
239
191
46
142
202
77
212
210
210
191
162
37
143
167
229
7
239
191
181
27
125
204
7
4
211
191
208
183
5
75
117
1
239
191
42
56
188
32
34
53
211
191
231
85
157
213
2
251
238
191
52
19
12
231
26
102
211
191
208
11
119
46
140
244
238
191
28
12
117
88
225
150
211
191
72
253
245
10
11
238
238
191
180
58
57
67
113
199
211
191
9
78
125
32
121
231
238
191
163
206
220
67
194
247
211
191
21
254
12
111
214
224
238
191
49
39
104
147
195
39
212
191
130
1
132
15
37
218
238
191
186
20
87
149
125
87
212
191
125
64
160
51
105
211
238
191
227
198
45
230
231
134
212
191
51
163
31
13
167
204
238
191
171
61
236
133
2
182
212
191
211
17
192
205
226
197
238
191
65
97
80
166
209
228
212
191
115
128
96
142
30
191
238
191
28
121
32
178
72
19
213
191
42
227
223
103
92
184
238
191
151
85
216
12
112
65
213
191
82
10
186
189
164
177
238
191
132
14
186
132
67
111
213
191
237
245
238
143
247
170
238
191
182
187
7
232
190
156
213
191
38
142
60
16
89
164
238
191
45
93
193
54
226
201
213
191
232
222
195
37
199
157
238
191
68
195
98
212
181
246
213
191
237
11
232
133
59
151
238
191
159
29
112
93
49
35
214
191
152
104
144
130
167
144
238
191
200
36
35
103
97
79
214
191
96
60
131
134
254
137
238
191
236
192
57
35
74
123
214
191
188
206
134
252
51
131
238
191
10
242
179
145
235
166
214
191
12
115
130
54
57
124
238
191
81
160
79
228
73
210
214
191
247
88
250
208
5
117
238
191
238
179
202
76
105
253
214
191
221
211
213
29
139
109
238
191
224
44
37
203
73
40
215
191
30
55
252
110
186
101
238
191
131
219
218
194
243
82
215
191
73
190
18
72
137
93
238
191
215
191
235
51
103
125
215
191
236
164
190
44
237
84
238
191
220
217
87
30
164
167
215
191
76
199
156
103
236
75
238
191
190
17
221
179
174
209
215
191
195
245
40
92
143
66
238
191
173
79
57
38
139
251
215
191
240
220
123
184
228
56
238
191
213
123
42
167
61
37
216
191
47
77
17
224
244
46
238
191
144
102
44
154
206
78
216
191
242
10
68
79
202
36
238
191
224
15
63
255
61
120
216
191
215
194
44
180
115
26
238
191
77
48
156
107
152
161
216
191
34
81
104
89
247
15
238
191
168
223
133
173
217
202
216
191
93
110
48
212
97
5
238
191
169
190
243
139
18
244
216
191
15
211
190
185
191
250
237
191
33
229
39
213
62
29
217
191
148
79
143
109
25
240
237
191
199
243
25
80
111
70
217
191
235
227
161
239
110
229
237
191
63
26
78
153
155
111
217
191
208
179
89
245
185
218
237
191
138
88
196
176
195
152
217
191
233
238
58
27
242
207
237
191
167
174
124
150
231
193
217
191
219
196
201
253
14
197
237
191
60
76
251
230
254
234
217
191
119
77
72
107
12
186
237
191
72
49
64
162
9
20
218
191
53
208
124
206
221
174
237
191
159
117
141
150
3
61
218
191
255
88
136
14
129
163
237
191
18
49
37
146
232
101
218
191
122
23
239
199
237
151
237
191
116
123
73
99
180
142
218
191
52
71
86
126
25
140
237
191
152
108
60
216
98
183
218
191
23
244
222
24
2
128
237
191
80
28
64
191
239
223
218
191
221
65
236
76
161
115
237
191
156
138
84
24
91
8
219
191
204
12
27
101
253
102
237
191
215
135
245
70
173
48
219
191
62
37
231
196
30
90
237
191
138
204
92
224
242
88
219
191
74
127
47
133
7
77
237
191
225
64
72
22
48
129
219
191
52
247
144
240
189
63
237
191
148
133
175
175
117
169
219
191
87
93
135
106
74
50
237
191
162
154
146
172
195
209
219
191
179
177
18
243
172
36
237
191
238
8
167
5
47
250
219
191
187
184
141
6
240
22
237
191
166
184
170
236
187
34
220
191
155
90
182
214
23
9
237
191
37
122
25
197
114
75
220
191
128
127
74
149
40
251
236
191
243
5
45
36
96
116
220
191
130
27
41
91
36
237
236
191
61
68
163
59
136
157
220
191
184
34
49
65
13
223
236
191
50
29
58
61
239
198
220
191
10
161
131
46
225
208
236
191
164
168
51
247
144
240
220
191
98
162
65
10
158
194
236
191
146
230
143
105
109
26
221
191
214
26
74
237
69
180
236
191
254
214
78
148
132
68
221
191
58
34
223
165
212
165
236
191
139
169
244
19
206
110
221
191
141
184
0
52
74
151
236
191
57
94
129
232
73
153
221
191
206
221
174
151
166
136
236
191
55
221
178
67
252
195
221
191
233
157
10
184
231
121
236
191
42
86
13
194
220
238
221
191
219
248
19
149
13
107
236
191
62
177
78
149
239
25
222
191
143
250
235
21
22
92
236
191
25
30
251
89
44
69
222
191
28
151
113
83
3
77
236
191
187
156
18
16
147
112
222
191
152
194
131
102
215
61
236
191
246
68
215
133
31
156
222
191
25
113
1
104
148
46
236
191
157
46
139
137
205
199
222
191
183
150
201
112
60
31
236
191
130
113
112
233
152
243
222
191
137
39
187
153
209
15
236
191
166
13
135
165
129
31
223
191
164
23
181
251
85
0
236
191
128
74
149
40
123
75
223
191
33
91
150
175
203
240
235
191
61
16
89
164
137
119
223
191
21
230
61
206
52
225
235
191
176
118
20
231
168
163
223
191
174
160
105
137
149
209
235
191
125
173
75
141
208
207
223
191
213
150
58
200
235
193
235
191
166
180
254
150
0
252
223
191
161
188
143
163
57
178
235
191
254
209
55
105
26
20
224
191
229
41
171
233
122
162
235
191
170
73
240
134
52
42
224
191
160
222
140
154
175
146
235
191
85
193
168
164
78
64
224
191
143
254
151
107
209
130
235
191
188
92
196
119
98
86
224
191
177
137
204
92
224
114
235
191
245
15
34
25
114
108
224
191
240
139
75
85
218
98
235
191
212
242
3
87
121
130
224
191
29
29
87
35
187
82
235
191
87
5
106
49
120
152
224
191
35
73
16
174
128
66
235
191
82
95
150
118
106
174
224
191
235
27
152
220
40
50
235
191
174
12
170
13
78
196
224
191
94
161
15
150
177
33
235
191
107
13
165
246
34
218
224
191
123
217
118
218
26
17
235
191
137
97
135
49
233
239
224
191
136
160
106
244
106
0
235
191
53
241
14
240
164
5
225
191
154
234
201
252
163
239
234
191
156
164
249
99
90
27
225
191
224
159
82
37
202
222
234
191
27
76
195
240
17
49
225
191
180
144
128
209
229
205
234
191
198
219
74
175
205
70
225
191
22
189
83
1
247
188
234
191
228
47
45
234
147
92
225
191
53
13
138
230
1
172
234
191
161
48
40
211
104
114
225
191
105
81
159
228
14
155
234
191
65
186
216
180
82
136
225
191
181
137
147
251
29
138
234
191
9
169
219
217
87
158
225
191
69
158
36
93
51
121
234
191
15
241
15
91
122
180
225
191
71
119
16
59
83
104
234
191
152
110
18
131
192
202
225
191
186
20
87
149
125
87
234
191
72
81
103
238
33
225
225
191
113
142
58
58
174
70
234
191
55
141
237
181
160
247
225
191
109
228
186
41
229
53
234
191
9
82
41
118
52
14
226
191
150
34
249
74
32
37
234
191
145
183
92
253
216
36
226
191
4
61
212
182
97
20
234
191
184
201
168
50
140
59
226
191
113
87
175
34
163
3
234
191
59
172
112
203
71
82
226
191
222
113
138
142
228
242
233
191
1
107
213
174
9
105
226
191
99
128
68
19
40
226
233
191
199
41
58
146
203
127
226
191
208
154
31
127
105
209
233
191
142
232
158
117
141
150
226
191
39
193
27
210
168
192
233
191
227
226
168
220
68
173
226
191
103
243
56
12
230
175
233
191
221
12
55
224
243
195
226
191
98
73
185
251
28
159
233
191
55
138
172
53
148
218
226
191
49
183
123
185
79
142
233
191
197
114
75
171
33
241
226
191
164
84
194
19
122
125
233
191
89
222
85
15
152
7
227
191
211
21
108
35
158
108
233
191
220
216
236
72
245
29
227
191
144
18
187
182
183
91
233
191
55
110
49
63
55
52
227
191
243
62
142
230
200
74
233
191
16
206
167
142
85
74
227
191
204
178
39
129
205
57
233
191
79
4
113
30
78
96
227
191
53
98
102
159
199
40
233
191
222
28
174
213
30
118
227
191
43
77
74
65
183
23
233
191
144
47
161
130
195
139
227
191
153
127
244
77
154
6
233
191
100
60
74
37
60
161
227
191
195
213
1
16
119
245
232
191
204
7
4
58
147
182
227
191
191
67
81
160
79
228
232
191
224
133
173
217
202
203
227
191
165
189
193
23
38
211
232
191
249
134
194
103
235
224
227
191
139
55
50
143
252
193
232
191
69
243
0
22
249
245
227
191
181
141
63
81
217
176
232
191
32
155
228
71
252
10
228
191
12
204
10
69
186
159
232
191
205
90
10
72
251
31
228
191
213
206
48
181
165
142
232
191
122
26
48
72
250
52
228
191
16
150
177
161
155
125
232
191
130
170
209
171
1
74
228
191
234
9
75
60
160
108
232
191
41
231
139
189
23
95
228
191
76
54
30
108
177
91
232
191
89
220
127
100
58
116
228
191
9
51
109
255
202
74
232
191
17
138
173
160
105
137
228
191
11
12
89
221
234
57
232
191
37
8
87
64
161
158
228
191
246
240
101
162
8
41
232
191
78
122
223
248
218
179
228
191
202
225
147
78
36
24
232
191
98
248
136
152
18
201
228
191
90
246
36
176
57
7
232
191
71
142
116
6
70
222
228
191
97
82
124
124
66
246
231
191
210
83
228
16
113
243
228
191
201
1
187
154
60
229
231
191
190
108
59
109
141
8
229
191
101
28
35
217
35
212
231
191
220
240
187
233
150
29
229
191
6
186
246
5
244
194
231
191
1
248
167
84
137
50
229
191
173
218
53
33
173
177
231
191
21
142
32
149
98
71
229
191
90
126
224
42
79
160
231
191
1
191
70
146
32
92
229
191
104
117
114
134
226
142
231
191
175
150
59
51
193
112
229
191
215
191
235
51
103
125
231
191
30
21
255
119
68
133
229
191
212
69
10
101
225
107
231
191
57
70
178
71
168
153
229
191
164
227
106
100
87
90
231
191
254
41
85
162
236
173
229
191
92
141
236
74
203
72
231
191
87
204
8
111
15
194
229
191
44
43
77
74
65
55
231
191
46
57
238
148
14
214
229
191
41
177
107
123
187
37
231
191
153
100
228
44
236
233
229
191
174
239
195
65
66
20
231
191
129
90
12
30
166
253
229
191
188
230
85
157
213
2
231
191
231
26
102
104
60
17
230
191
128
126
223
191
121
241
230
191
179
177
18
243
172
36
230
191
39
159
30
219
50
224
230
191
230
30
18
190
247
55
230
191
155
84
52
214
254
206
230
191
219
50
224
44
37
75
230
191
197
170
65
152
219
189
230
191
168
225
91
88
55
94
230
191
142
173
103
8
199
172
230
191
169
251
0
164
54
113
230
191
178
128
9
220
186
155
230
191
10
105
141
65
39
132
230
191
26
48
72
250
180
138
230
191
16
6
158
123
15
151
230
191
199
187
35
99
181
121
230
191
255
174
207
156
245
169
230
191
93
83
32
179
179
104
230
191
28
64
191
239
223
188
230
191
242
234
28
3
178
87
230
191
125
173
75
141
208
207
230
191
22
190
190
214
165
70
230
191
35
247
116
117
199
226
230
191
155
228
71
252
138
53
230
191
223
52
125
118
192
245
230
191
83
118
250
65
93
36
230
191
110
138
199
69
181
8
231
191
251
150
57
93
22
19
230
191
161
15
150
177
161
27
231
191
31
130
170
209
171
1
230
191
54
232
75
111
127
46
231
191
193
55
77
159
29
240
229
191
254
43
43
77
74
65
231
191
134
231
165
98
99
222
229
191
181
254
150
0
252
83
231
191
63
169
246
233
120
204
229
191
45
120
209
87
144
102
231
191
147
172
195
209
85
186
229
191
12
200
94
239
254
120
231
191
83
9
79
232
245
167
229
191
82
238
62
199
71
139
231
191
195
155
53
120
95
149
229
191
164
26
246
123
98
157
231
191
64
52
243
228
154
130
229
191
47
53
66
63
83
175
231
191
103
127
160
220
182
111
229
191
220
73
68
248
23
193
231
191
171
65
152
219
189
92
229
191
172
88
252
166
176
210
231
191
170
39
243
143
190
73
229
191
180
85
73
100
31
228
231
191
193
1
45
93
193
54
229
191
13
53
10
73
102
245
231
191
141
124
94
241
212
35
229
191
159
2
96
60
131
6
232
191
129
92
226
200
3
17
229
191
129
178
41
87
120
23
232
191
83
66
176
170
94
254
228
191
201
56
70
178
71
40
232
191
70
10
101
225
235
235
228
191
121
149
181
77
241
56
232
191
136
156
190
158
175
217
228
191
188
176
53
91
121
73
232
191
123
76
164
52
155
199
228
191
193
114
132
12
228
89
232
191
81
133
63
195
155
181
228
191
226
171
29
197
57
106
232
191
107
154
119
156
162
163
228
191
78
68
191
182
126
122
232
191
253
246
117
224
156
145
228
191
0
0
0
0
0
0
0
0
0
0
0
0
0
0
0
0
0
0
0
0
0
0
0
0
0
0
0
0
0
0
0
0
0
0
0
0
0
0
0
0
0
0
0
0
0
0
0
0
0
0
0
0
0
0
0
0
0
0
0
0
0
0
0
0
0
0
0
0
0
0
0
0
0
0
0
0
0
0
0
0
0
0
0
0
0
0
0
0
0
0
0
0
0
0
0
0
0
0
0
0
0
0
0
0
0
0
0
0
0
0
0
0
0
0
0
0
0
0
0
0
0
0
0
0
0
0
0
0
0
0
0
0
0
0
0
0
0
0
0
0
0
0
0
0
0
0
0
0
0
0
0
0
0
0
0
0
0
0
0
0
0
0
0
0
0
0
0
0
0
0
0
0
0
0
0
0
0
0
0
0
0
0
0
0
0
0
0
0
0
0
0
0
0
0
0
0
0
0
0
0
0
0
0
0
0
0
0
0
0
0
0
0
0
0
0
0
0
0
0
0
0
0
0
0
0
0
0
0
0
0
0
0
0
0
0
0
0
0
0
0
0
0
0
0
0
0
0
0
0
0
0
0
0
0
0
0
0
0
0
0
0
0
0
0
0
0
0
0
0
0
0
0
0
0
0
0
0
0
0
0
0
0
0
0
0
0
0
0
0
0
0
0
0
0
0
0
0
0
0
0
0
0
0
0
0
0
0
0
0
0
0
0
0
0
0
0
0
0
0
0
0
0
0
0
0
0
0
0
0
0
0
0
0
0
0
0
0
0
0
0
0
0
0
0
0
0
0
0
0
0
0
0
0
0
0
0
0
0
0
0
0
0
0
0
0
0
0
0
0
0
0
0
0
0
0
0
0
0
0
0
0
0
0
0
0
0
0
0
0
0
0
0
0
0
0
0
0
0
0
0
0
0
0
0
0
0
0
0
0
0
0
0
0
0
0
0
0
0
0
0
0
0
0
0
0
0
0
0
0
0
0
0
0
0
0
0
0
0
0
0
0
0
0
0
0
0
0
0
0
0
0
0
0
0
0
0
0
0
0
0
0
0
0
0
0
0
0
0
0
0
0
0
0
0
0
0
0
0
0
0
0
0
0
0
0
0
0
0
0
0
0
0
0
0
0
0
0
0
0
0
0
0
0
0
0
0
0
0
0
0
0
0
0
0
0
0
0
0
0
0
0
0
0
0
0
0
0
0
0
0
0
0
0
0
0
0
0
0
0
0
0
0
0
0
0
0
0
0
0
0
0
0
0
0
0
0
0
0
0
0
0
0
0
0
0
0
0
0
0
0
0
0
0
0
0
0
0
0
0
0
0
0
0
0
0
0
0
0
0
0
0
0
0
0
0
0
0
0
0
0
0
0
0
0
0
0
0
0
0
0
0
0
0
0
0
0
0
0
0
0
0
0
0
0
0
0
0
0
0
0
0
0
0
0
0
0
0
0
0
0
0
0
0
0
0
0
0
0
0
0
0
0
0
0
0
0
0
0
0
0
0
0
0
0
0
0
0
0
0
0
0
0
0
0
0
0
0
0
0
0
0
0
0
0
0
0
0
0
0
0
0
0
0
0
0
0
0
0
0
0
0
0
0
0
0
0
0
0
0
0
0
0
0
0
0
0
0
0
0
0
0
0
0
0
0
0
0
0
0
0
0
0
0
0
0
0
0
0
0
0
0
0
0
0
0
0
0
0
0
0
0
0
0
0
0
0
0
0
0
0
0
0
0
0
0
0
0
0
0
0
0
0
0
0
0
0
0
0
0
0
0
0
0
0
0
0
0
0
0
0
0
0
0
0
0
0
0
0
0
0
0
0
0
0
0
0
0
0
0
0
0
0
0
0
0
0
0
0
0
0
0
0
0
0
0
0
0
0
0
0
0
0
0
0
0
0
0
0
0
0
0
0
0
0
0
0
0
0
0
0
0
0
0
0
0
0
0
0
0
0
0
0
0
0
0
0
0
0
0
0
0
0
0
0
0
0
0
0
0
0
0
0
0
0
0
0
0
0
0
0
0
0
0
0
0
0
0
0
0
0
0
0
0
0
0
0
0
0
0
0
0
0
0
0
0
0
0
0
0
0
0
0
0
0
0
0
0
0
0
0
0
0
0
0
0
0
0
0
0
0
0
0
0
0
0
0
0
0
0
0
0
0
0
0
0
0
0
0
0
0
0
0
0
0
0
0
0
0
0
0
0
0
0
0
0
0
0
0
0
0
0
0
0
0
0
0
0
0
0
0
0
0
0
0
0
0
0
0
0
0
0
0
0
0
0
0
0
0
0
0
0
0
0
0
0
0
0
0
0
0
0
0
0
0
0
0
0
0
0
0
0
0
0
0
0
0
0
0
0
0
0
0
0
0
0
0
0
0
0
0
0
0
0
0
0
0
0
0
0
0
0
0
0
0
0
0
0
0
0
0
0
0
0
0
0
0
0
0
0
0
0
0
0
0
0
0
0
0
0
0
0
0
0
0
0
0
0
0
0
0
0
0
0
0
0
0
0
0
0
0
0
0
0
0
0
0
0
0
0
0
0
0
0
0
0
0
0
0
0
0
0
0
0
0
0
0
0
0
0
0
0
0
0
0
0
0
0
0
0
0
0
0
0
0
0
0
0
0
0
0
0
0
0
0
0
0
0
0
0
0
0
0
0
0
0
0
0
0
0
0
0
0
0
0
0
0
0
0
0
0
0
0
0
0
0
0
0
0
0
0
0
0
0
0
0
0
0
0
0
0
0
0
0
0
0
0
0
0
0
0
0
0
0
0
0
0
0