58
70
65
67
84
58
67
68
65
84
49
56
58
68
65
84
65
32
35
57
48
48
48
48
48
54
57
51
54
70
239
84
192
61
79
227
63
97
81
17
167
147
108
233
191
73
44
41
119
159
99
227
63
250
11
61
98
244
92
233
191
83
236
104
28
234
119
227
63
113
228
129
200
34
77
233
191
75
59
53
151
27
140
227
63
244
194
157
11
35
61
233
191
74
13
109
0
54
160
227
63
176
143
78
93
249
44
233
191
78
98
16
88
57
180
227
63
0
27
16
33
174
28
233
191
65
70
64
133
35
200
227
63
18
77
160
136
69
12
233
191
36
185
252
135
244
219
227
63
64
246
122
247
199
251
232
191
35
163
3
146
176
239
227
63
185
254
93
159
57
235
232
191
17
28
151
113
83
3
228
63
214
54
197
227
162
218
232
191
5
24
150
63
223
22
228
63
198
134
110
246
7
202
232
191
21
139
223
20
86
42
228
63
228
190
213
58
113
185
232
191
44
129
148
216
181
61
228
63
70
211
217
201
224
168
232
191
118
226
114
188
2
81
228
63
25
172
56
213
90
152
232
191
32
151
56
242
64
100
228
63
49
97
52
43
219
135
232
191
66
147
196
146
114
119
228
63
140
242
204
203
97
119
232
191
10
191
212
207
155
138
228
63
22
108
35
158
236
102
232
191
163
2
39
219
192
157
228
63
159
229
121
112
119
86
232
191
61
70
121
230
229
176
228
63
63
83
175
91
4
70
232
191
4
114
137
35
15
196
228
63
201
204
5
46
143
53
232
191
249
133
87
146
60
215
228
63
14
106
191
181
19
37
232
191
118
82
95
150
118
234
228
63
37
31
187
11
148
20
232
191
146
203
127
72
191
253
228
63
203
15
92
229
9
4
232
191
55
253
217
143
20
17
229
63
0
60
162
66
117
243
231
191
32
11
209
33
112
36
229
63
194
163
141
35
214
226
231
191
54
1
134
229
207
55
229
63
229
94
96
86
40
210
231
191
31
15
125
119
43
75
229
63
83
121
59
194
105
193
231
191
173
76
248
165
126
94
229
63
244
254
63
78
152
176
231
191
156
221
90
38
195
113
229
63
222
227
76
19
182
159
231
191
190
217
230
198
244
132
229
63
230
63
164
223
190
142
231
191
185
112
32
36
11
152
229
63
243
30
103
154
176
125
231
191
94
186
73
12
2
171
229
63
6
129
149
67
139
108
231
191
129
206
164
77
213
189
229
63
8
114
80
194
76
91
231
191
244
196
115
182
128
208
229
63
250
241
151
22
245
73
231
191
228
133
116
120
8
227
229
63
241
244
74
89
134
56
231
191
127
249
100
197
112
245
229
63
5
111
72
163
2
39
231
191
219
19
36
182
187
7
230
63
53
96
144
244
105
21
231
191
62
177
78
149
239
25
230
63
175
176
224
126
192
3
231
191
212
185
162
148
16
44
230
63
116
96
57
66
6
242
230
191
180
33
255
204
32
62
230
63
130
111
154
62
59
224
230
191
34
197
0
137
38
80
230
63
9
198
193
165
99
206
230
191
53
152
134
225
35
98
230
63
29
88
142
144
129
188
230
191
72
107
12
58
33
116
230
63
169
49
33
230
146
170
230
191
69
74
179
121
28
134
230
63
218
58
56
216
155
152
230
191
156
249
213
28
32
152
230
63
153
127
244
77
154
134
230
191
56
133
149
10
42
170
230
63
43
220
242
145
148
116
230
191
24
237
241
66
58
188
230
63
98
104
117
114
134
98
230
191
248
84
78
123
74
206
230
63
62
36
124
239
111
80
230
191
147
224
13
105
84
224
230
63
191
15
7
9
81
62
230
191
167
179
147
193
81
242
230
63
251
30
245
215
43
44
230
191
27
218
0
108
64
4
231
63
198
105
136
42
252
25
230
191
171
119
184
29
26
22
231
63
32
240
192
0
194
7
230
191
20
176
29
140
216
39
231
63
53
154
92
140
129
245
229
191
40
155
114
133
119
57
231
63
216
127
157
155
54
227
229
191
231
56
183
9
247
74
231
63
10
161
131
46
225
208
229
191
126
113
169
74
91
92
231
63
225
241
237
93
131
190
229
191
4
57
40
97
166
109
231
63
24
150
63
223
22
172
229
191
167
119
241
126
220
126
231
63
199
129
87
203
157
153
229
191
148
21
195
213
1
144
231
63
215
192
86
9
22
135
229
191
226
6
124
126
24
161
231
63
72
83
61
153
127
116
229
191
190
51
218
170
36
178
231
63
236
80
77
73
214
97
229
191
40
156
221
90
38
195
231
63
218
173
101
50
28
79
229
191
123
16
2
242
37
212
231
63
228
129
200
34
77
60
229
191
162
156
104
87
33
229
231
63
12
205
117
26
105
41
229
191
177
52
240
163
26
246
231
63
80
143
109
25
112
22
229
191
101
252
251
140
11
7
232
63
153
212
208
6
96
3
229
191
122
23
239
199
237
23
232
63
22
133
93
20
61
240
228
191
195
157
11
35
189
40
232
63
153
184
85
16
3
221
228
191
251
178
180
83
115
57
232
63
102
75
86
69
184
201
228
191
244
110
44
40
12
74
232
63
80
85
161
129
88
182
228
191
84
1
247
60
127
90
232
63
109
202
21
222
229
162
228
191
4
118
53
121
202
106
232
63
212
158
146
115
98
143
228
191
168
252
107
121
229
122
232
63
110
222
56
41
204
123
228
191
21
173
220
11
204
138
232
63
128
101
165
73
41
104
228
191
95
123
102
73
128
154
232
63
220
75
26
163
117
84
228
191
204
67
166
124
8
170
232
63
198
109
52
128
183
64
228
191
251
178
180
83
115
185
232
63
40
215
20
200
236
44
228
191
70
153
13
50
201
200
232
63
69
100
88
197
27
25
228
191
31
187
11
148
20
216
232
63
30
21
255
119
68
5
228
191
15
209
232
14
98
231
232
63
202
221
231
248
104
241
227
191
136
159
255
30
188
246
232
63
73
190
18
72
137
221
227
191
17
223
137
89
47
6
233
63
176
170
94
126
167
201
227
191
30
84
226
58
198
21
233
63
47
139
137
205
199
181
227
191
7
207
132
38
137
37
233
63
150
119
213
3
230
161
227
191
41
32
237
127
128
53
233
63
21
88
0
83
6
142
227
191
64
107
126
252
165
69
233
63
124
68
76
137
36
122
227
191
149
15
65
213
232
85
233
63
228
48
152
191
66
102
227
191
182
72
218
141
62
102
233
63
7
65
71
171
90
82
227
191
51
82
239
169
156
118
233
63
230
116
89
76
108
62
227
191
84
139
136
98
242
134
233
63
129
204
206
162
119
42
227
191
192
35
42
84
55
151
233
63
193
83
200
149
122
22
227
191
214
110
187
208
92
167
233
63
166
10
70
37
117
2
227
191
38
168
225
91
88
183
233
63
3
9
138
31
99
238
226
191
249
46
165
46
25
199
233
63
4
55
82
182
72
218
226
191
11
39
105
254
152
214
233
63
103
184
1
159
31
198
226
191
69
156
78
178
213
229
233
63
88
117
86
11
236
177
226
191
3
95
209
173
215
244
233
63
169
133
146
201
169
157
226
191
113
87
175
34
163
3
234
63
91
233
181
217
88
137
226
191
212
97
133
91
62
18
234
63
88
172
225
34
247
116
226
191
135
78
207
187
177
32
234
63
136
218
54
140
130
96
226
191
184
5
75
117
1
47
234
63
212
127
214
252
248
75
226
191
193
87
116
235
53
61
234
63
61
156
192
116
90
55
226
191
185
56
42
55
81
75
234
63
149
71
55
194
162
34
226
191
17
109
199
212
93
89
234
63
220
129
58
229
209
13
226
191
249
220
9
246
95
103
234
63
252
86
235
196
229
248
225
191
133
124
208
179
89
117
234
63
243
198
73
97
222
227
225
191
205
63
250
38
77
131
234
63
241
185
19
236
191
206
225
191
208
38
135
79
58
145
234
63
57
12
230
175
144
185
225
191
144
49
119
45
33
159
234
63
226
177
159
197
82
164
225
191
34
84
169
217
3
173
234
63
24
147
254
94
10
143
225
191
112
154
62
59
224
186
234
63
34
140
159
198
189
121
225
191
167
236
244
131
186
200
234
63
254
156
130
252
108
100
225
191
176
86
237
154
144
214
234
63
7
150
35
100
32
79
225
191
163
204
6
153
100
228
234
63
85
107
97
22
218
57
225
191
150
66
32
151
56
242
234
63
253
16
27
44
156
36
225
191
91
208
123
99
8
0
235
63
47
111
14
215
106
15
225
191
10
106
248
22
214
13
235
63
209
145
92
254
67
250
224
191
116
39
216
127
157
27
235
63
139
168
137
62
31
229
224
191
131
20
60
133
92
41
235
63
68
191
182
126
250
207
224
191
33
61
69
14
17
55
235
63
231
225
4
166
211
186
224
191
31
185
53
233
182
68
235
63
70
40
182
130
166
165
224
191
127
136
13
22
78
82
235
63
28
182
45
202
108
144
224
191
251
206
47
74
208
95
235
63
105
139
107
124
38
123
224
191
147
140
156
133
61
109
235
63
212
215
243
53
203
101
224
191
49
205
116
175
147
122
235
63
113
143
165
15
93
80
224
191
145
180
27
125
204
135
235
63
254
213
227
190
213
58
224
191
224
42
79
32
236
148
235
63
122
171
174
67
53
37
224
191
31
48
15
153
242
161
235
63
41
236
162
232
129
15
224
191
30
220
157
181
219
174
235
63
22
48
129
91
119
243
223
191
13
23
185
167
171
187
235
63
66
94
15
38
197
199
223
191
235
224
96
111
98
200
235
63
47
51
108
148
245
155
223
191
162
69
182
243
253
212
235
63
11
151
85
216
12
112
223
191
71
57
152
77
128
225
235
63
215
137
203
241
10
68
223
191
220
187
6
125
233
237
235
63
236
219
73
68
248
23
223
191
73
217
34
105
55
250
235
63
76
141
208
207
212
235
222
191
188
121
170
67
110
6
236
63
35
134
29
198
164
191
222
191
52
157
157
12
142
18
236
63
159
174
238
88
108
147
222
191
179
67
252
195
150
30
236
63
147
30
134
86
39
103
222
191
101
85
132
155
140
42
236
63
208
237
37
141
209
58
222
191
74
210
53
147
111
54
236
63
88
28
206
252
106
14
222
191
121
174
239
195
65
66
236
63
88
146
60
215
247
225
221
191
9
222
144
70
5
78
236
63
115
127
245
184
111
181
221
191
17
85
248
51
188
89
236
63
218
203
182
211
214
136
221
191
144
19
38
140
102
101
236
63
47
167
4
196
36
92
221
191
157
13
249
103
6
113
236
63
160
249
156
187
93
47
221
191
80
55
80
224
157
124
236
63
1
219
193
136
125
2
221
191
168
144
43
245
44
136
236
63
127
51
49
93
136
213
220
191
119
49
205
116
175
147
236
63
25
3
235
56
126
168
220
191
167
37
86
70
35
159
236
63
253
49
173
77
99
123
220
191
55
109
198
105
136
170
236
63
43
192
119
155
55
78
220
191
251
31
96
173
218
181
236
63
254
125
198
133
3
33
220
191
220
73
68
248
23
193
236
63
73
131
219
218
194
243
219
191
172
2
181
24
60
204
236
63
102
160
50
254
125
198
219
191
129
62
145
39
73
215
236
63
132
189
137
33
57
153
219
191
47
21
27
243
58
226
236
63
161
218
224
68
244
107
219
191
136
158
148
73
13
237
236
63
236
223
245
153
179
62
219
191
163
206
220
67
194
247
236
63
100
205
200
32
119
17
219
191
127
165
243
225
89
2
237
63
220
186
155
167
58
228
218
191
51
23
184
60
214
12
237
63
249
215
242
202
245
182
218
191
215
23
9
109
57
23
237
63
142
60
16
89
164
137
218
191
128
155
197
139
133
33
237
63
155
232
243
81
70
92
218
191
70
150
204
177
188
43
237
63
150
35
100
32
207
46
218
191
41
8
30
223
222
53
237
63
83
5
163
146
58
1
218
191
63
229
152
44
238
63
237
63
164
165
242
118
132
211
217
191
181
21
251
203
238
73
237
63
92
28
149
155
168
165
217
191
141
153
68
189
224
83
237
63
242
176
80
107
154
119
217
191
197
112
117
0
196
93
237
63
194
51
161
73
98
73
217
191
117
143
108
174
154
103
237
63
157
188
200
4
252
26
217
191
180
233
8
224
102
113
237
63
223
27
67
0
112
236
216
191
105
139
107
124
38
123
237
63
180
57
206
109
194
189
216
191
151
116
148
131
217
132
237
63
121
230
229
176
251
142
216
191
105
141
65
39
132
142
237
63
136
242
5
45
36
96
216
191
224
213
114
103
38
152
237
63
225
93
46
226
59
49
216
191
230
89
73
43
190
161
237
63
223
248
218
51
75
2
216
191
145
13
164
139
77
171
237
63
176
171
201
83
86
211
215
191
14
217
64
186
216
180
237
63
174
70
118
165
101
164
215
191
48
212
97
133
91
190
237
63
7
178
158
90
125
117
215
191
248
254
6
237
213
199
237
63
187
237
66
115
157
70
215
191
55
113
114
191
67
209
237
63
157
17
165
189
193
23
215
191
214
54
197
227
162
218
237
63
217
5
131
107
238
232
214
191
215
79
255
89
243
227
237
63
22
250
96
25
27
186
214
191
221
235
164
190
44
237
237
63
82
238
62
199
71
139
214
191
233
10
182
17
79
246
237
63
188
202
218
166
120
92
214
191
229
184
83
58
88
255
237
63
203
214
250
34
161
45
214
191
139
25
225
237
65
8
238
63
8
203
216
208
205
254
213
191
220
44
94
44
12
17
238
63
233
238
58
27
242
207
213
191
193
254
235
220
180
25
238
63
157
42
223
51
18
161
213
191
36
155
171
230
57
34
238
63
246
149
7
233
41
114
213
191
49
234
90
123
159
42
238
63
245
48
180
58
57
67
213
191
234
235
249
154
229
50
238
63
106
19
39
247
59
20
213
191
168
112
4
169
20
59
238
63
42
85
162
236
45
229
212
191
85
132
155
140
42
67
238
63
6
14
104
233
10
182
212
191
31
15
125
119
43
75
238
63
45
38
54
31
215
134
212
191
51
249
102
155
27
83
238
63
66
205
144
42
138
87
212
191
168
54
56
17
253
90
238
63
25
27
186
217
31
40
212
191
126
199
240
216
207
98
238
63
178
15
178
44
152
248
211
191
249
135
45
61
154
106
238
63
223
194
186
241
238
200
211
191
24
120
238
61
92
114
238
63
160
52
212
40
36
153
211
191
176
175
117
169
17
122
238
63
35
77
188
3
60
105
211
191
236
22
129
177
190
129
238
63
149
244
48
180
58
57
211
191
137
209
115
11
93
137
238
63
245
42
50
58
32
9
211
191
135
223
77
183
236
144
238
63
206
168
249
42
249
216
210
191
230
64
15
181
109
152
238
63
195
157
11
35
189
168
210
191
120
13
250
210
219
159
238
63
139
170
95
233
124
120
210
191
84
57
237
41
57
167
238
63
247
230
55
76
52
72
210
191
99
208
9
161
131
174
238
63
145
11
206
224
239
23
210
191
143
222
112
31
185
181
238
63
254
71
166
67
167
231
209
191
216
99
34
165
217
188
238
63
197
84
250
9
103
183
209
191
16
120
96
0
225
195
238
63
186
73
12
2
43
135
209
191
77
15
10
74
209
202
238
63
130
86
96
200
234
86
209
191
99
65
97
80
166
209
238
63
28
123
246
92
166
38
209
191
82
14
102
19
96
216
238
63
46
231
82
92
85
246
208
191
25
118
24
147
254
222
238
63
183
154
117
198
247
197
208
191
138
144
186
157
125
229
238
63
138
173
160
105
137
149
208
191
144
105
109
26
219
235
238
63
76
79
88
226
1
101
208
191
65
245
15
34
25
242
238
63
43
104
90
98
101
52
208
191
88
87
5
106
49
248
238
63
204
39
43
134
171
3
208
191
3
120
11
36
40
254
238
63
1
76
25
56
160
165
207
191
44
99
67
55
251
3
239
63
238
149
121
171
174
67
207
191
23
245
73
238
176
9
239
63
185
253
242
201
138
225
206
191
240
21
221
122
77
15
239
63
189
83
1
247
60
127
206
191
185
197
252
220
208
20
239
63
250
151
164
50
197
28
206
191
204
212
36
120
67
26
239
63
204
154
88
224
43
186
205
191
40
67
85
76
165
31
239
63
140
44
153
99
121
87
205
191
253
248
75
139
250
36
239
63
60
77
102
188
173
244
204
191
141
210
165
127
73
42
239
63
54
205
59
78
209
145
204
191
217
207
98
41
146
47
239
63
47
77
17
224
244
46
204
191
37
205
31
211
218
52
239
63
206
252
106
14
16
204
203
191
113
202
220
124
35
58
239
63
109
172
196
60
43
105
203
191
143
223
219
244
103
63
239
63
177
139
162
7
62
6
203
191
128
12
29
59
168
68
239
63
244
106
128
210
80
163
202
191
45
93
193
54
226
73
239
63
56
74
94
157
99
64
202
191
127
221
233
206
19
79
239
63
33
89
192
4
110
221
201
191
118
141
150
3
61
84
239
63
101
56
158
207
128
122
201
191
228
132
9
163
89
89
239
63
78
71
0
55
139
23
201
191
179
207
99
148
103
94
239
63
54
86
98
158
149
180
200
191
227
109
165
215
102
99
239
63
196
148
72
162
151
81
200
191
71
119
16
59
83
104
239
63
173
163
170
9
162
238
199
191
221
235
164
190
44
109
239
63
59
226
144
13
164
139
199
191
167
203
98
98
243
113
239
63
201
32
119
17
166
40
199
191
96
58
173
219
160
118
239
63
252
142
225
177
159
197
198
191
54
32
66
92
57
123
239
63
30
140
216
39
128
98
198
191
228
160
132
153
182
127
239
63
229
184
83
58
88
255
197
191
106
188
116
147
24
132
239
63
246
68
215
133
31
156
197
191
201
114
18
74
95
136
239
63
155
143
107
67
197
56
197
191
234
207
126
164
136
140
239
63
47
105
140
214
81
213
196
191
158
235
251
112
144
144
239
63
88
1
190
219
188
113
196
191
231
197
137
175
118
148
239
63
112
40
124
182
14
14
196
191
196
94
40
96
59
152
239
63
101
109
83
60
46
170
195
191
76
170
182
155
224
155
239
63
74
65
183
151
52
70
195
191
194
132
209
172
108
159
239
63
30
164
167
200
33
226
194
191
86
214
54
197
227
162
239
63
135
197
168
107
237
125
194
191
6
159
230
228
69
166
239
63
57
70
178
71
168
25
194
191
23
187
125
86
153
169
239
63
218
85
72
249
73
181
193
191
159
30
219
50
224
172
239
63
198
196
230
227
218
80
193
191
227
165
155
196
32
176
239
63
251
146
141
7
91
236
192
191
17
57
125
61
95
179
239
63
214
144
184
199
210
135
192
191
62
204
94
182
157
182
239
63
250
237
235
192
57
35
192
191
130
83
31
72
222
185
239
63
62
150
62
116
65
125
191
191
176
230
0
193
28
189
239
63
209
175
173
159
254
179
190
191
176
145
36
8
87
192
239
63
174
40
37
4
171
234
189
191
39
132
14
186
132
195
239
63
140
161
156
104
87
33
189
191
233
213
0
165
161
198
239
63
105
26
20
205
3
88
188
191
176
170
94
126
167
201
239
63
71
147
139
49
176
142
187
191
103
14
73
45
148
204
239
63
144
77
242
35
126
197
186
191
177
48
68
78
95
207
239
63
143
168
80
221
92
252
185
191
76
53
179
150
2
210
239
63
250
68
158
36
93
51
185
191
32
40
183
237
123
212
239
63
135
195
210
192
143
106
184
191
210
56
212
239
194
214
239
63
127
131
246
234
227
161
183
191
166
67
167
231
221
216
239
63
228
132
9
163
89
217
182
191
134
84
81
188
202
218
239
63
106
104
3
176
1
17
182
191
205
59
78
209
145
220
239
63
59
171
5
246
152
72
181
191
168
225
91
88
55
222
239
63
11
238
7
60
48
128
180
191
46
58
89
106
189
223
239
63
37
144
18
187
182
183
179
191
140
45
4
57
40
225
239
63
212
240
45
172
27
239
178
191
240
163
26
246
123
226
239
63
245
45
115
186
44
38
178
191
136
133
90
211
188
227
239
63
244
136
209
115
11
93
177
191
128
186
129
2
239
228
239
63
250
126
106
188
116
147
176
191
29
31
45
206
24
230
239
63
120
97
107
182
242
146
175
191
141
155
26
104
62
231
239
63
9
251
118
18
17
254
173
191
133
208
65
151
112
232
239
63
127
77
214
168
135
104
172
191
165
106
187
9
190
233
239
63
70
154
120
7
120
210
170
191
139
22
160
109
53
235
239
63
201
34
77
188
3
60
169
191
193
140
41
88
227
236
239
63
224
105
50
227
109
165
167
191
207
133
145
94
212
238
239
63
247
176
23
10
216
14
166
191
129
150
174
96
27
241
239
63
14
248
252
48
66
120
164
191
118
107
153
12
199
243
239
63
253
193
192
115
239
225
162
191
238
93
131
190
244
246
239
63
195
14
99
210
223
75
161
191
249
246
174
65
95
250
239
63
74
69
99
237
239
108
159
191
0
85
220
184
197
252
239
63
42
143
110
132
69
69
156
191
33
7
37
204
180
253
239
63
254
125
198
133
3
33
153
191
3
120
11
36
40
254
239
63
130
114
219
190
71
253
149
191
207
244
18
99
153
254
239
63
46
228
17
220
72
217
146
191
133
125
59
137
8
255
239
63
5
166
211
186
13
106
143
191
86
125
174
182
98
255
239
63
93
137
64
245
15
34
137
191
69
244
107
235
167
255
239
63
6
103
240
247
139
217
130
191
80
226
115
39
216
255
239
63
93
137
64
245
15
34
121
191
142
59
165
131
245
255
239
63
93
137
64
245
15
34
105
191
32
32
32
32
32
32
32
32
32
32
32
32
32
32
32
32
32
32
32
32
32
32
32
32
32
32
32
32
32
32
32
32
32
32
32
32
84
73
95
65
108
108
45
50
48
71
95
67
51
95
76
79
87
95
49
50
98
105
116
95
97
99
113
50
0
32
0
0
0
0
0
0
0
0
176
64
0
0
0
0
0
0
0
0
0
0
0
0
0
0
176
64
0
0
0
0
0
0
0
0
0
0
0
0
0
0
176
64
0
0
0
0
0
0
0
0
0
0
0
0
0
0
176
64
0
0
0
0
0
0
0
0
0
0
0
0
0
0
176
64
0
0
0
0
0
0
0
0
0
0
0
0
0
0
176
64
0
0
0
0
0
0
0
0
0
0
0
0
0
0
176
64
0
0
0
0
0
0
0
0
0
0
0
0
0
0
176
64
0
0
0
0
0
0
0
0
0
0
0
0
0
0
176
64
0
0
0
0
0
0
0
0
0
0
0
0
0
0
176
64
0
0
0
0
0
0
0
0
0
0
0
0
0
1
176
64
0
0
0
0
0
0
0
0
0
0
0
0
0
2
176
64
0
0
0
0
0
0
0
0
0
0
0
0
0
3
176
64
0
0
0
0
0
0
0
0
0
0
0
0
0
4
176
64
0
0
0
0
0
0
0
0
0
0
0
0
0
5
176
64
0
0
0
0
0
0
0
0
0
0
0
0
0
5
176
64
0
0
0
0
0
0
240
191
0
0
0
0
0
5
176
64
0
0
0
0
0
0
240
191
0
0
0
0
0
5
176
64
0
0
0
0
0
0
240
191
0
0
0
0
0
5
176
64
0
0
0
0
0
0
240
191
0
0
0
0
0
5
176
64
0
0
0
0
0
0
240
191
0
0
0
0
0
5
176
64
0
0
0
0
0
0
240
191
0
0
0
0
0
5
176
64
0
0
0
0
0
0
240
191
0
0
0
0
0
5
176
64
0
0
0
0
0
0
0
192
0
0
0
0
0
4
176
64
0
0
0
0
0
0
0
192
0
0
0
0
0
4
176
64
0
0
0
0
0
0
0
192
0
0
0
0
0
4
176
64
0
0
0
0
0
0
0
192
0
0
0
0
0
4
176
64
0
0
0
0
0
0
0
192
0
0
0
0
0
4
176
64
0
0
0
0
0
0
0
192
0
0
0
0
0
3
176
64
0
0
0
0
0
0
0
192
0
0
0
0
0
3
176
64
0
0
0
0
0
0
0
192
0
0
0
0
0
3
176
64
0
0
0
0
0
0
0
192
0
0
0
0
0
3
176
64
0
0
0
0
0
0
0
192
0
0
0
0
0
3
176
64
0
0
0
0
0
0
0
192
0
0
0
0
0
3
176
64
0
0
0
0
0
0
0
192
0
0
0
0
0
3
176
64
0
0
0
0
0
0
0
192
0
0
0
0
0
3
176
64
0
0
0
0
0
0
0
192
0
0
0
0
0
4
176
64
0
0
0
0
0
0
0
192
0
0
0
0
0
4
176
64
0
0
0
0
0
0
0
192
0
0
0
0
0
4
176
64
0
0
0
0
0
0
0
192
0
0
0
0
0
4
176
64
0
0
0
0
0
0
0
192
0
0
0
0
0
4
176
64
0
0
0
0
0
0
8
192
0
0
0
0
0
4
176
64
0
0
0
0
0
0
8
192
0
0
0
0
0
4
176
64
0
0
0
0
0
0
8
192
0
0
0
0
0
4
176
64
0
0
0
0
0
0
8
192
0
0
0
0
0
4
176
64
0
0
0
0
0
0
8
192
0
0
0
0
0
4
176
64
0
0
0
0
0
0
8
192
0
0
0
0
0
4
176
64
0
0
0
0
0
0
8
192
0
0
0
0
0
4
176
64
0
0
0
0
0
0
8
192
0
0
0
0
0
4
176
64
0
0
0
0
0
0
8
192
0
0
0
0
0
3
176
64
0
0
0
0
0
0
16
192
0
0
0
0
0
3
176
64
0
0
0
0
0
0
16
192
0
0
0
0
0
3
176
64
0
0
0
0
0
0
16
192
0
0
0
0
0
3
176
64
0
0
0
0
0
0
16
192
0
0
0
0
0
3
176
64
0
0
0
0
0
0
16
192
0
0
0
0
0
3
176
64
0
0
0
0
0
0
16
192
0
0
0
0
0
3
176
64
0
0
0
0
0
0
16
192
0
0
0
0
0
3
176
64
0
0
0
0
0
0
16
192
0
0
0
0
0
3
176
64
0
0
0
0
0
0
16
192
0
0
0
0
0
3
176
64
0
0
0
0
0
0
16
192
0
0
0
0
0
4
176
64
0
0
0
0
0
0
16
192
0
0
0
0
0
4
176
64
0
0
0
0
0
0
16
192
0
0
0
0
0
4
176
64
0
0
0
0
0
0
16
192
0
0
0
0
0
4
176
64
0
0
0
0
0
0
16
192
0
0
0
0
0
4
176
64
0
0
0
0
0
0
16
192
0
0
0
0
0
4
176
64
0
0
0
0
0
0
16
192
0
0
0
0
0
4
176
64
0
0
0
0
0
0
16
192
0
0
0
0
0
4
176
64
0
0
0
0
0
0
16
192
0
0
0
0
0
4
176
64
0
0
0
0
0
0
20
192
0
0
0
0
0
4
176
64
0
0
0
0
0
0
20
192
0
0
0
0
0
4
176
64
0
0
0
0
0
0
20
192
0
0
0
0
0
4
176
64
0
0
0
0
0
0
20
192
0
0
0
0
0
4
176
64
0
0
0
0
0
0
20
192
0
0
0
0
0
4
176
64
0
0
0
0
0
0
20
192
0
0
0
0
0
4
176
64
0
0
0
0
0
0
20
192
0
0
0
0
0
4
176
64
0
0
0
0
0
0
20
192
0
0
0
0
0
3
176
64
0
0
0
0
0
0
20
192
0
0
0
0
0
3
176
64
0
0
0
0
0
0
20
192
0
0
0
0
0
3
176
64
0
0
0
0
0
0
20
192
0
0
0
0
0
3
176
64
0
0
0
0
0
0
20
192
0
0
0
0
0
2
176
64
0
0
0
0
0
0
24
192
0
0
0
0
0
2
176
64
0
0
0
0
0
0
24
192
0
0
0
0
0
2
176
64
0
0
0
0
0
0
24
192
0
0
0
0
0
2
176
64
0
0
0
0
0
0
24
192
0
0
0
0
0
2
176
64
0
0
0
0
0
0
24
192
0
0
0
0
0
2
176
64
0
0
0
0
0
0
24
192
0
0
0
0
0
2
176
64
0
0
0
0
0
0
24
192
0
0
0
0
0
2
176
64
0
0
0
0
0
0
24
192
0
0
0
0
0
2
176
64
0
0
0
0
0
0
24
192
0
0
0
0
0
2
176
64
0
0
0
0
0
0
24
192
0
0
0
0
0
2
176
64
0
0
0
0
0
0
20
192
0
0
0
0
0
2
176
64
0
0
0
0
0
0
20
192
0
0
0
0
0
2
176
64
0
0
0
0
0
0
20
192
0
0
0
0
0
2
176
64
0
0
0
0
0
0
20
192
0
0
0
0
0
2
176
64
0
0
0
0
0
0
24
192
0
0
0
0
0
2
176
64
0
0
0
0
0
0
24
192
0
0
0
0
0
2
176
64
0
0
0
0
0
0
24
192
0
0
0
0
0
2
176
64
0
0
0
0
0
0
24
192
0
0
0
0
0
2
176
64
0
0
0
0
0
0
24
192
0
0
0
0
0
2
176
64
0
0
0
0
0
0
24
192
0
0
0
0
0
2
176
64
0
0
0
0
0
0
24
192
0
0
0
0
0
2
176
64
0
0
0
0
0
0
24
192
0
0
0
0
0
2
176
64
0
0
0
0
0
0
24
192
0
0
0
0
0
2
176
64
0
0
0
0
0
0
24
192
0
0
0
0
0
2
176
64
0
0
0
0
0
0
24
192
0
0
0
0
0
2
176
64
0
0
0
0
0
0
24
192
0
0
0
0
0
2
176
64
0
0
0
0
0
0
24
192
0
0
0
0
0
2
176
64
0
0
0
0
0
0
24
192
0
0
0
0
0
2
176
64
0
0
0
0
0
0
24
192
0
0
0
0
0
2
176
64
0
0
0
0
0
0
20
192
0
0
0
0
0
2
176
64
0
0
0
0
0
0
20
192
0
0
0
0
0
2
176
64
0
0
0
0
0
0
20
192
0
0
0
0
0
2
176
64
0
0
0
0
0
0
20
192
0
0
0
0
0
2
176
64
0
0
0
0
0
0
20
192
0
0
0
0
0
2
176
64
0
0
0
0
0
0
20
192
0
0
0
0
0
3
176
64
0
0
0
0
0
0
20
192
0
0
0
0
0
3
176
64
0
0
0
0
0
0
20
192
0
0
0
0
0
3
176
64
0
0
0
0
0
0
20
192
0
0
0
0
0
3
176
64
0
0
0
0
0
0
20
192
0
0
0
0
0
3
176
64
0
0
0
0
0
0
20
192
0
0
0
0
0
3
176
64
0
0
0
0
0
0
20
192
0
0
0
0
0
3
176
64
0
0
0
0
0
0
20
192
0
0
0
0
0
4
176
64
0
0
0
0
0
0
20
192
0
0
0
0
0
4
176
64
0
0
0
0
0
0
20
192
0
0
0
0
0
4
176
64
0
0
0
0
0
0
20
192
0
0
0
0
0
4
176
64
0
0
0
0
0
0
20
192
0
0
0
0
0
4
176
64
0
0
0
0
0
0
20
192
0
0
0
0
0
4
176
64
0
0
0
0
0
0
20
192
0
0
0
0
0
4
176
64
0
0
0
0
0
0
24
192
0
0
0
0
0
4
176
64
0
0
0
0
0
0
24
192
0
0
0
0
0
4
176
64
0
0
0
0
0
0
24
192
0
0
0
0
0
4
176
64
0
0
0
0
0
0
24
192
0
0
0
0
0
0
0
0
0
0
0
0
0
0
0
0
0
0
0
0
0
0
0
0
0
0
0
0
0
0
0
0
0
0
0
0
0
0
0
0
0
0
0
0
0
0
0
0
0
0
0
0
0
0
0
0
0
0
0
0
0
0
0
0
0
0
0
0
0
0
0
0
0
0
0
0
0
0
0
0
0
0
0
0
0
0
0
0
0
0
0
0
0
0
0
0
0
0
0
0
0
0
0
0
0
0
0
0
0
0
0
0
0
0
0
0
0
0
0
0
0
0
0
0
0
0
0
0
0
0
0
0
0
0
0
0
0
0
0
0
0
0
0
0
0
0
0
0
0
0
0
0
0
0
0
0
0
0
0
0
0
0
0
0
0
0
0
0
0
0
0
0
0
0
0
0
0
0
0
0
0
0
0
0
0
0
0
0
0
0
0
0
0
0
0
0
0
0
0
0
0
0
0
0
0
0
0
0
0
0
0
0
0
0
0
0
0
0
0
0
0
0
0
0
0
0
0
0
0
0
0
0
0
0
0
0
0
0
0
0
0
0
0
0
0
0
0
0
0
0
0
0
0
0
0
0
0
0
0
0
0
0
0
0
0
0
0
0
0
0
0
0
0
0
0
0
0
0
0
0
0
0
0
0
0
0
0
0
0
0
0
0
0
0
0
0
0
0
0
0
0
0
0
0
0
0
0
0
0
0
0
0
0
0
0
0
0
0
0
0
0
0
0
0
0
0
0
0
0
0
0
0
0
0
0
0
0
0
0
0
0
0
0
0
0
0
0
0
0
0
0
0
0
0
0
0
0
0
0
0
0
0
0
0
0
0
0
0
0
0
0
0
0
0
0
0
0
0
0
0
0
0
0
0
0
0
0
0
0
0
0
0
0
0
0
0
0
0
0
0
0
0
0
0
0
0
0
0
0
0
0
0
0
0
0
0
0
0
0
0
0
0
0
0
0
0
0
0
0
0
0
0
0
0
0
0
0
0
0
0
0
0
0
0
0
0
0
0
0
0
0
0
0
0
0
0
0
0
0
0
0
0
0
0
0
0
0
0
0
0
0
0
0
0
0
0
0
0
0
0
0
0
0
0
0
0
0
0
0
0
0
0
0
0
0
0
0
0
0
0
0
0
0
0
0
0
0
0
0
0
0
0
0
0
0
0
0
0
0
0
0
0
0
0
0
0
0
0
0
0
0
0
0
0
0
0
0
0
0
0
0
0
0
0
0
0
0
0
0
0
0
0
0
0
0
0
0
0
0
0
0
0
0
0
0
0
0
0
0
0
0
0
0
0
0
0
0
0
0
0
0
0
0
0
0
0
0
0
0
0
0
0
0
0
0
0
0
0
0
0
0
0
0
0
0
0
0
0
0
0
0
0
0
0
0
0
0
0
0
0
0
0
0
0
0
0
0
0
0
0
0
0
0
0
0
0
0
0
0
0
0
0
0
0
0
0
0
0
0
0
0
0
0
0
0
0
0
0
0
0
0
0
0
0
0
0
0
0
0
0
0
0
0
0
0
0
0
0
0
0
0
0
0
0
0
0
0
0
0
0
0
0
0
0
0
0
0
0
0
0
0
0
0
0
0
0
0
0
0
0
0
0
0
0
0
0
0
0
0
0
0
0
0
0
0
0
0
0
0
0
0
0
0
0
0
0
0
0
0
0
0
0
0
0
0
0
0
0
0
0
0
0
0
0
0
0
0
0
0
0
0
0
0
0
0
0
0
0
0
0
0
0
0
0
0
0
0
0
0
0
0
0
0
0
0
0
0
0
0
0
0
0
0
0
0
0
0
0
0
0
0
0
0
0
0
0
0
0
0
0
0
0
0
0
0
0
0
0
0
0
0
0
0
0
0
0
0
0
0
0
0
0
0
0
0
0
0
0
0
0
0
0
0
0
0
0
0
0
0
0
0
0
0
0
0
0
0
0
0
0
0
0
0
0
0
0
0
0
0
0
0
0
0
0
0
0
0
0
0
0
0
0
0
0
0
0
0
0
0
0
0
0
0
0
0
0
0
0
0
0
0
0
0
0
0
0
0
0
0
0
0
0
0
0
0
0
0
0
0
0
0
0
0
0
0
0
0
0
0
0
0
0
0
0
0
0
0
0
0
0
0
0
0
0
0
0
0
0
0
0
0
0
0
0
0
0
0
0
0
0
0
0
0
0
0
0
0
0
0
0
0
0
0
0
0
0
0
0
0
0
0
0
0
0
0
0
0
0
0
0
0
0
0
0
0
0
0
0
0
0
0
0
0
0
0
0
0
0
0
0
0
0
0
0
0
0
0
0
0
0
0
0
0
0
0
0
0
0
0
0
0
0
0
0
0
0
0
0
0
0
0
0
0
0
0
0
0
0
0
0
0
0
0
0
0
0
0
0
0
0
0
0
0
0
0
0
0
0
0
0
0
0
0
0
0
0
0
0
0
0
0
0
0
0
0
0
0
0
0
0
0
0
0
0
0
0
0
0
0
0
0
0
0
0
0
0
0
0
0
0
0
0
0
0
0
0
0
0
0
0
0
0
0
0
0
0
0
0
0
0
0
0
0
0
0
0
0
0
0
0
0
0
0
0
0
0
0
0
0
0
0
0
0
0
0
0
0
0
0
0
0
0
0
0
0
0
0
0
0
0
0
0
0
0
0
0
0
0
0
0
0
0
0
0
0
0
0
0
0
0
0
0
0
0
0
0
0
0
0
0
0
0
0
0
0
0
0
0
0
0
0
0
0
0
0
0
0
0
0
0
0
0
0
0
0
0
0
0
0
0
0