58
70
65
67
84
58
67
68
65
84
49
56
58
68
65
84
65
32
35
57
48
48
48
48
48
54
57
51
54
0
36
144
192
0
0
0
0
0
102
175
192
0
0
0
0
0
84
144
192
0
0
0
0
0
94
175
192
0
0
0
0
0
132
144
192
0
0
0
0
0
88
175
192
0
0
0
0
0
180
144
192
0
0
0
0
0
82
175
192
0
0
0
0
0
232
144
192
0
0
0
0
0
76
175
192
0
0
0
0
0
24
145
192
0
0
0
0
0
68
175
192
0
0
0
0
0
72
145
192
0
0
0
0
0
62
175
192
0
0
0
0
0
124
145
192
0
0
0
0
0
54
175
192
0
0
0
0
0
172
145
192
0
0
0
0
0
48
175
192
0
0
0
0
0
220
145
192
0
0
0
0
0
40
175
192
0
0
0
0
0
12
146
192
0
0
0
0
0
34
175
192
0
0
0
0
0
64
146
192
0
0
0
0
0
28
175
192
0
0
0
0
0
112
146
192
0
0
0
0
0
20
175
192
0
0
0
0
0
160
146
192
0
0
0
0
0
14
175
192
0
0
0
0
0
212
146
192
0
0
0
0
0
8
175
192
0
0
0
0
0
4
147
192
0
0
0
0
0
2
175
192
0
0
0
0
0
52
147
192
0
0
0
0
0
252
174
192
0
0
0
0
0
104
147
192
0
0
0
0
0
244
174
192
0
0
0
0
0
152
147
192
0
0
0
0
0
238
174
192
0
0
0
0
0
200
147
192
0
0
0
0
0
232
174
192
0
0
0
0
0
248
147
192
0
0
0
0
0
224
174
192
0
0
0
0
0
40
148
192
0
0
0
0
0
218
174
192
0
0
0
0
0
88
148
192
0
0
0
0
0
212
174
192
0
0
0
0
0
136
148
192
0
0
0
0
0
204
174
192
0
0
0
0
0
184
148
192
0
0
0
0
0
198
174
192
0
0
0
0
0
228
148
192
0
0
0
0
0
192
174
192
0
0
0
0
0
20
149
192
0
0
0
0
0
184
174
192
0
0
0
0
0
64
149
192
0
0
0
0
0
178
174
192
0
0
0
0
0
112
149
192
0
0
0
0
0
170
174
192
0
0
0
0
0
156
149
192
0
0
0
0
0
164
174
192
0
0
0
0
0
200
149
192
0
0
0
0
0
158
174
192
0
0
0
0
0
248
149
192
0
0
0
0
0
152
174
192
0
0
0
0
0
36
150
192
0
0
0
0
0
144
174
192
0
0
0
0
0
80
150
192
0
0
0
0
0
138
174
192
0
0
0
0
0
124
150
192
0
0
0
0
0
132
174
192
0
0
0
0
0
168
150
192
0
0
0
0
0
124
174
192
0
0
0
0
0
212
150
192
0
0
0
0
0
118
174
192
0
0
0
0
0
252
150
192
0
0
0
0
0
110
174
192
0
0
0
0
0
40
151
192
0
0
0
0
0
102
174
192
0
0
0
0
0
84
151
192
0
0
0
0
0
94
174
192
0
0
0
0
0
124
151
192
0
0
0
0
0
84
174
192
0
0
0
0
0
168
151
192
0
0
0
0
0
76
174
192
0
0
0
0
0
208
151
192
0
0
0
0
0
66
174
192
0
0
0
0
0
252
151
192
0
0
0
0
0
56
174
192
0
0
0
0
0
36
152
192
0
0
0
0
0
46
174
192
0
0
0
0
0
80
152
192
0
0
0
0
0
36
174
192
0
0
0
0
0
120
152
192
0
0
0
0
0
26
174
192
0
0
0
0
0
160
152
192
0
0
0
0
0
16
174
192
0
0
0
0
0
204
152
192
0
0
0
0
0
6
174
192
0
0
0
0
0
244
152
192
0
0
0
0
0
250
173
192
0
0
0
0
0
28
153
192
0
0
0
0
0
240
173
192
0
0
0
0
0
72
153
192
0
0
0
0
0
230
173
192
0
0
0
0
0
112
153
192
0
0
0
0
0
218
173
192
0
0
0
0
0
152
153
192
0
0
0
0
0
208
173
192
0
0
0
0
0
192
153
192
0
0
0
0
0
198
173
192
0
0
0
0
0
236
153
192
0
0
0
0
0
186
173
192
0
0
0
0
0
20
154
192
0
0
0
0
0
174
173
192
0
0
0
0
0
60
154
192
0
0
0
0
0
164
173
192
0
0
0
0
0
100
154
192
0
0
0
0
0
152
173
192
0
0
0
0
0
144
154
192
0
0
0
0
0
140
173
192
0
0
0
0
0
184
154
192
0
0
0
0
0
128
173
192
0
0
0
0
0
224
154
192
0
0
0
0
0
116
173
192
0
0
0
0
0
8
155
192
0
0
0
0
0
102
173
192
0
0
0
0
0
48
155
192
0
0
0
0
0
90
173
192
0
0
0
0
0
88
155
192
0
0
0
0
0
78
173
192
0
0
0
0
0
128
155
192
0
0
0
0
0
64
173
192
0
0
0
0
0
168
155
192
0
0
0
0
0
50
173
192
0
0
0
0
0
208
155
192
0
0
0
0
0
36
173
192
0
0
0
0
0
252
155
192
0
0
0
0
0
22
173
192
0
0
0
0
0
36
156
192
0
0
0
0
0
10
173
192
0
0
0
0
0
76
156
192
0
0
0
0
0
252
172
192
0
0
0
0
0
116
156
192
0
0
0
0
0
238
172
192
0
0
0
0
0
156
156
192
0
0
0
0
0
224
172
192
0
0
0
0
0
200
156
192
0
0
0
0
0
208
172
192
0
0
0
0
0
240
156
192
0
0
0
0
0
194
172
192
0
0
0
0
0
28
157
192
0
0
0
0
0
180
172
192
0
0
0
0
0
68
157
192
0
0
0
0
0
166
172
192
0
0
0
0
0
112
157
192
0
0
0
0
0
152
172
192
0
0
0
0
0
152
157
192
0
0
0
0
0
136
172
192
0
0
0
0
0
196
157
192
0
0
0
0
0
122
172
192
0
0
0
0
0
240
157
192
0
0
0
0
0
108
172
192
0
0
0
0
0
24
158
192
0
0
0
0
0
92
172
192
0
0
0
0
0
68
158
192
0
0
0
0
0
78
172
192
0
0
0
0
0
112
158
192
0
0
0
0
0
62
172
192
0
0
0
0
0
156
158
192
0
0
0
0
0
46
172
192
0
0
0
0
0
200
158
192
0
0
0
0
0
32
172
192
0
0
0
0
0
244
158
192
0
0
0
0
0
16
172
192
0
0
0
0
0
32
159
192
0
0
0
0
0
0
172
192
0
0
0
0
0
76
159
192
0
0
0
0
0
240
171
192
0
0
0
0
0
120
159
192
0
0
0
0
0
226
171
192
0
0
0
0
0
164
159
192
0
0
0
0
0
210
171
192
0
0
0
0
0
208
159
192
0
0
0
0
0
194
171
192
0
0
0
0
0
252
159
192
0
0
0
0
0
178
171
192
0
0
0
0
0
20
160
192
0
0
0
0
0
162
171
192
0
0
0
0
0
42
160
192
0
0
0
0
0
146
171
192
0
0
0
0
0
64
160
192
0
0
0
0
0
130
171
192
0
0
0
0
0
86
160
192
0
0
0
0
0
114
171
192
0
0
0
0
0
108
160
192
0
0
0
0
0
98
171
192
0
0
0
0
0
130
160
192
0
0
0
0
0
82
171
192
0
0
0
0
0
152
160
192
0
0
0
0
0
66
171
192
0
0
0
0
0
174
160
192
0
0
0
0
0
50
171
192
0
0
0
0
0
196
160
192
0
0
0
0
0
34
171
192
0
0
0
0
0
218
160
192
0
0
0
0
0
18
171
192
0
0
0
0
0
240
160
192
0
0
0
0
0
0
171
192
0
0
0
0
0
6
161
192
0
0
0
0
0
240
170
192
0
0
0
0
0
28
161
192
0
0
0
0
0
222
170
192
0
0
0
0
0
50
161
192
0
0
0
0
0
206
170
192
0
0
0
0
0
70
161
192
0
0
0
0
0
188
170
192
0
0
0
0
0
92
161
192
0
0
0
0
0
172
170
192
0
0
0
0
0
114
161
192
0
0
0
0
0
156
170
192
0
0
0
0
0
136
161
192
0
0
0
0
0
138
170
192
0
0
0
0
0
158
161
192
0
0
0
0
0
122
170
192
0
0
0
0
0
180
161
192
0
0
0
0
0
104
170
192
0
0
0
0
0
202
161
192
0
0
0
0
0
88
170
192
0
0
0
0
0
226
161
192
0
0
0
0
0
70
170
192
0
0
0
0
0
248
161
192
0
0
0
0
0
54
170
192
0
0
0
0
0
14
162
192
0
0
0
0
0
38
170
192
0
0
0
0
0
36
162
192
0
0
0
0
0
20
170
192
0
0
0
0
0
60
162
192
0
0
0
0
0
4
170
192
0
0
0
0
0
82
162
192
0
0
0
0
0
242
169
192
0
0
0
0
0
106
162
192
0
0
0
0
0
226
169
192
0
0
0
0
0
128
162
192
0
0
0
0
0
210
169
192
0
0
0
0
0
150
162
192
0
0
0
0
0
192
169
192
0
0
0
0
0
174
162
192
0
0
0
0
0
176
169
192
0
0
0
0
0
196
162
192
0
0
0
0
0
160
169
192
0
0
0
0
0
218
162
192
0
0
0
0
0
142
169
192
0
0
0
0
0
242
162
192
0
0
0
0
0
126
169
192
0
0
0
0
0
8
163
192
0
0
0
0
0
108
169
192
0
0
0
0
0
30
163
192
0
0
0
0
0
92
169
192
0
0
0
0
0
52
163
192
0
0
0
0
0
74
169
192
0
0
0
0
0
74
163
192
0
0
0
0
0
58
169
192
0
0
0
0
0
96
163
192
0
0
0
0
0
40
169
192
0
0
0
0
0
118
163
192
0
0
0
0
0
24
169
192
0
0
0
0
0
140
163
192
0
0
0
0
0
6
169
192
0
0
0
0
0
162
163
192
0
0
0
0
0
246
168
192
0
0
0
0
0
182
163
192
0
0
0
0
0
228
168
192
0
0
0
0
0
204
163
192
0
0
0
0
0
212
168
192
0
0
0
0
0
224
163
192
0
0
0
0
0
194
168
192
0
0
0
0
0
246
163
192
0
0
0
0
0
176
168
192
0
0
0
0
0
10
164
192
0
0
0
0
0
160
168
192
0
0
0
0
0
32
164
192
0
0
0
0
0
142
168
192
0
0
0
0
0
52
164
192
0
0
0
0
0
126
168
192
0
0
0
0
0
74
164
192
0
0
0
0
0
108
168
192
0
0
0
0
0
96
164
192
0
0
0
0
0
92
168
192
0
0
0
0
0
116
164
192
0
0
0
0
0
74
168
192
0
0
0
0
0
138
164
192
0
0
0
0
0
58
168
192
0
0
0
0
0
158
164
192
0
0
0
0
0
42
168
192
0
0
0
0
0
180
164
192
0
0
0
0
0
24
168
192
0
0
0
0
0
202
164
192
0
0
0
0
0
8
168
192
0
0
0
0
0
222
164
192
0
0
0
0
0
246
167
192
0
0
0
0
0
244
164
192
0
0
0
0
0
230
167
192
0
0
0
0
0
8
165
192
0
0
0
0
0
212
167
192
0
0
0
0
0
30
165
192
0
0
0
0
0
194
167
192
0
0
0
0
0
50
165
192
0
0
0
0
0
178
167
192
0
0
0
0
0
72
165
192
0
0
0
0
0
160
167
192
0
0
0
0
0
92
165
192
0
0
0
0
0
142
167
192
0
0
0
0
0
112
165
192
0
0
0
0
0
126
167
192
0
0
0
0
0
134
165
192
0
0
0
0
0
108
167
192
0
0
0
0
0
154
165
192
0
0
0
0
0
90
167
192
0
0
0
0
0
174
165
192
0
0
0
0
0
72
167
192
0
0
0
0
0
194
165
192
0
0
0
0
0
56
167
192
0
0
0
0
0
214
165
192
0
0
0
0
0
38
167
192
0
0
0
0
0
234
165
192
0
0
0
0
0
20
167
192
0
0
0
0
0
254
165
192
0
0
0
0
0
2
167
192
0
0
0
0
0
18
166
192
0
0
0
0
0
242
166
192
0
0
0
0
0
36
166
192
0
0
0
0
0
224
166
192
0
0
0
0
0
56
166
192
0
0
0
0
0
206
166
192
0
0
0
0
0
76
166
192
0
0
0
0
0
190
166
192
0
0
0
0
0
94
166
192
0
0
0
0
0
172
166
192
0
0
0
0
0
114
166
192
0
0
0
0
0
156
166
192
0
0
0
0
0
132
166
192
0
0
0
0
0
138
166
192
0
0
0
0
0
152
166
192
0
0
0
0
0
122
166
192
0
0
0
0
0
170
166
192
0
0
0
0
0
104
166
192
0
0
0
0
0
188
166
192
0
0
0
0
0
88
166
192
0
0
0
0
0
208
166
192
0
0
0
0
0
70
166
192
0
0
0
0
0
226
166
192
0
0
0
0
0
54
166
192
0
0
0
0
0
246
166
192
0
0
0
0
0
36
166
192
0
0
0
0
0
8
167
192
0
0
0
0
0
20
166
192
0
0
0
0
0
28
167
192
0
0
0
0
0
2
166
192
0
0
0
0
0
46
167
192
0
0
0
0
0
240
165
192
0
0
0
0
0
66
167
192
0
0
0
0
0
222
165
192
0
0
0
0
0
84
167
192
0
0
0
0
0
204
165
192
0
0
0
0
0
102
167
192
0
0
0
0
0
186
165
192
0
0
0
0
0
120
167
192
0
0
0
0
0
168
165
192
0
0
0
0
0
140
167
192
0
0
0
0
0
150
165
192
0
0
0
0
0
158
167
192
0
0
0
0
0
130
165
192
0
0
0
0
0
176
167
192
0
0
0
0
0
112
165
192
0
0
0
0
0
194
167
192
0
0
0
0
0
92
165
192
0
0
0
0
0
210
167
192
0
0
0
0
0
74
165
192
0
0
0
0
0
228
167
192
0
0
0
0
0
54
165
192
0
0
0
0
0
246
167
192
0
0
0
0
0
36
165
192
0
0
0
0
0
6
168
192
0
0
0
0
0
18
165
192
0
0
0
0
0
24
168
192
0
0
0
0
0
254
164
192
0
0
0
0
0
40
168
192
0
0
0
0
0
236
164
192
0
0
0
0
0
56
168
192
0
0
0
0
0
218
164
192
0
0
0
0
0
74
168
192
0
0
0
0
0
200
164
192
0
0
0
0
0
90
168
192
0
0
0
0
0
182
164
192
0
0
0
0
0
106
168
192
0
0
0
0
0
164
164
192
0
0
0
0
0
122
168
192
0
0
0
0
0
146
164
192
0
0
0
0
0
138
168
192
0
0
0
0
0
128
164
192
0
0
0
0
0
154
168
192
0
0
0
0
0
110
164
192
0
0
0
0
0
172
168
192
0
0
0
0
0
90
164
192
0
0
0
0
0
188
168
192
0
0
0
0
0
72
164
192
0
0
0
0
0
204
168
192
0
0
0
0
0
52
164
192
0
0
0
0
0
220
168
192
0
0
0
0
0
32
164
192
0
0
0
0
0
236
168
192
0
0
0
0
0
12
164
192
0
0
0
0
0
252
168
192
0
0
0
0
0
248
163
192
0
0
0
0
0
14
169
192
0
0
0
0
0
228
163
192
0
0
0
0
0
30
169
192
0
0
0
0
0
206
163
192
0
0
0
0
0
46
169
192
0
0
0
0
0
186
163
192
0
0
0
0
0
62
169
192
0
0
0
0
0
166
163
192
0
0
0
0
0
78
169
192
0
0
0
0
0
144
163
192
0
0
0
0
0
94
169
192
0
0
0
0
0
124
163
192
0
0
0
0
0
110
169
192
0
0
0
0
0
104
163
192
0
0
0
0
0
124
169
192
0
0
0
0
0
86
163
192
0
0
0
0
0
140
169
192
0
0
0
0
0
66
163
192
0
0
0
0
0
154
169
192
0
0
0
0
0
48
163
192
0
0
0
0
0
170
169
192
0
0
0
0
0
28
163
192
0
0
0
0
0
184
169
192
0
0
0
0
0
10
163
192
0
0
0
0
0
198
169
192
0
0
0
0
0
248
162
192
0
0
0
0
0
212
169
192
0
0
0
0
0
230
162
192
0
0
0
0
0
226
169
192
0
0
0
0
0
210
162
192
0
0
0
0
0
240
169
192
0
0
0
0
0
192
162
192
0
0
0
0
0
254
169
192
0
0
0
0
0
172
162
192
0
0
0
0
0
12
170
192
0
0
0
0
0
154
162
192
0
0
0
0
0
28
170
192
0
0
0
0
0
134
162
192
0
0
0
0
0
42
170
192
0
0
0
0
0
114
162
192
0
0
0
0
0
56
170
192
0
0
0
0
0
92
162
192
0
0
0
0
0
70
170
192
0
0
0
0
0
72
162
192
0
0
0
0
0
84
170
192
0
0
0
0
0
50
162
192
0
0
0
0
0
100
170
192
0
0
0
0
0
30
162
192
0
0
0
0
0
114
170
192
0
0
0
0
0
8
162
192
0
0
0
0
0
128
170
192
0
0
0
0
0
242
161
192
0
0
0
0
0
140
170
192
0
0
0
0
0
222
161
192
0
0
0
0
0
154
170
192
0
0
0
0
0
200
161
192
0
0
0
0
0
168
170
192
0
0
0
0
0
180
161
192
0
0
0
0
0
180
170
192
0
0
0
0
0
158
161
192
0
0
0
0
0
192
170
192
0
0
0
0
0
138
161
192
0
0
0
0
0
204
170
192
0
0
0
0
0
116
161
192
0
0
0
0
0
218
170
192
0
0
0
0
0
96
161
192
0
0
0
0
0
230
170
192
0
0
0
0
0
76
161
192
0
0
0
0
0
242
170
192
0
0
0
0
0
54
161
192
0
0
0
0
0
254
170
192
0
0
0
0
0
34
161
192
0
0
0
0
0
10
171
192
0
0
0
0
0
12
161
192
0
0
0
0
0
22
171
192
0
0
0
0
0
246
160
192
0
0
0
0
0
34
171
192
0
0
0
0
0
224
160
192
0
0
0
0
0
46
171
192
0
0
0
0
0
204
160
192
0
0
0
0
0
60
171
192
0
0
0
0
0
182
160
192
0
0
0
0
0
72
171
192
0
0
0
0
0
158
160
192
0
0
0
0
0
86
171
192
0
0
0
0
0
136
160
192
0
0
0
0
0
98
171
192
0
0
0
0
0
114
160
192
0
0
0
0
0
112
171
192
0
0
0
0
0
92
160
192
0
0
0
0
0
124
171
192
0
0
0
0
0
68
160
192
0
0
0
0
0
136
171
192
0
0
0
0
0
46
160
192
0
0
0
0
0
150
171
192
0
0
0
0
0
22
160
192
0
0
0
0
0
162
171
192
0
0
0
0
0
0
160
192
0
0
0
0
0
174
171
192
0
0
0
0
0
212
159
192
0
0
0
0
0
184
171
192
0
0
0
0
0
164
159
192
0
0
0
0
0
196
171
192
0
0
0
0
0
120
159
192
0
0
0
0
0
208
171
192
0
0
0
0
0
72
159
192
0
0
0
0
0
218
171
192
0
0
0
0
0
28
159
192
0
0
0
0
0
230
171
192
0
0
0
0
0
236
158
192
0
0
0
0
0
240
171
192
0
0
0
0
0
188
158
192
0
0
0
0
0
252
171
192
0
0
0
0
0
144
158
192
0
0
0
0
0
8
172
192
0
0
0
0
0
96
158
192
0
0
0
0
0
18
172
192
0
0
0
0
0
52
158
192
0
0
0
0
0
30
172
192
0
0
0
0
0
4
158
192
0
0
0
0
0
42
172
192
0
0
0
0
0
216
157
192
0
0
0
0
0
54
172
192
0
0
0
0
0
168
157
192
0
0
0
0
0
66
172
192
0
0
0
0
0
120
157
192
0
0
0
0
0
78
172
192
0
0
0
0
0
72
157
192
0
0
0
0
0
90
172
192
0
0
0
0
0
28
157
192
0
0
0
0
0
102
172
192
0
0
0
0
0
236
156
192
0
0
0
0
0
114
172
192
0
0
0
0
0
188
156
192
0
0
0
0
0
124
172
192
0
0
0
0
0
140
156
192
0
0
0
0
0
136
172
192
0
0
0
0
0
96
156
192
0
0
0
0
0
148
172
192
0
0
0
0
0
48
156
192
0
0
0
0
0
158
172
192
0
0
0
0
0
0
156
192
0
0
0
0
0
168
172
192
0
0
0
0
0
208
155
192
0
0
0
0
0
178
172
192
0
0
0
0
0
160
155
192
0
0
0
0
0
190
172
192
0
0
0
0
0
112
155
192
0
0
0
0
0
200
172
192
0
0
0
0
0
64
155
192
0
0
0
0
0
210
172
192
0
0
0
0
0
16
155
192
0
0
0
0
0
220
172
192
0
0
0
0
0
224
154
192
0
0
0
0
0
230
172
192
0
0
0
0
0
176
154
192
0
0
0
0
0
240
172
192
0
0
0
0
0
128
154
192
0
0
0
0
0
250
172
192
0
0
0
0
0
80
154
192
0
0
0
0
0
4
173
192
0
0
0
0
0
32
154
192
0
0
0
0
0
16
173
192
0
0
0
0
0
236
153
192
0
0
0
0
0
26
173
192
0
0
0
0
0
188
153
192
0
0
0
0
0
36
173
192
0
0
0
0
0
140
153
192
0
0
0
0
0
48
173
192
0
0
0
0
0
88
153
192
0
0
0
0
0
58
173
192
0
0
0
0
0
40
153
192
0
0
0
0
0
70
173
192
0
0
0
0
0
244
152
192
0
0
0
0
0
80
173
192
0
0
0
0
0
196
152
192
0
0
0
0
0
92
173
192
0
0
0
0
0
148
152
192
0
0
0
0
0
102
173
192
0
0
0
0
0
96
152
192
0
0
0
0
0
112
173
192
0
0
0
0
0
48
152
192
0
0
0
0
0
122
173
192
0
0
0
0
0
0
152
192
0
0
0
0
0
132
173
192
0
0
0
0
0
204
151
192
0
0
0
0
0
142
173
192
0
0
0
0
0
156
151
192
0
0
0
0
0
152
173
192
0
0
0
0
0
108
151
192
0
0
0
0
0
162
173
192
0
0
0
0
0
56
151
192
0
0
0
0
0
172
173
192
0
0
0
0
0
8
151
192
0
0
0
0
0
182
173
192
0
0
0
0
0
216
150
192
0
0
0
0
0
190
173
192
0
0
0
0
0
164
150
192
0
0
0
0
0
200
173
192
0
0
0
0
0
116
150
192
0
0
0
0
0
210
173
192
0
0
0
0
0
68
150
192
0
0
0
0
0
220
173
192
0
0
0
0
0
16
150
192
0
0
0
0
0
228
173
192
0
0
0
0
0
224
149
192
0
0
0
0
0
238
173
192
0
0
0
0
0
176
149
192
0
0
0
0
0
248
173
192
0
0
0
0
0
128
149
192
0
0
0
0
0
0
174
192
0
0
0
0
0
76
149
192
0
0
0
0
0
10
174
192
0
0
0
0
0
28
149
192
0
0
0
0
0
18
174
192
0
0
0
0
0
236
148
192
0
0
0
0
0
28
174
192
0
0
0
0
0
188
148
192
0
0
0
0
0
36
174
192
0
0
0
0
0
140
148
192
0
0
0
0
0
46
174
192
0
0
0
0
0
88
148
192
0
0
0
0
0
54
174
192
0
0
0
0
0
40
148
192
0
0
0
0
0
62
174
192
0
0
0
0
0
248
147
192
0
0
0
0
0
70
174
192
0
0
0
0
0
200
147
192
0
0
0
0
0
80
174
192
0
0
0
0
0
152
147
192
0
0
0
0
0
88
174
192
0
0
0
0
0
104
147
192
0
0
0
0
0
96
174
192
0
0
0
0
0
56
147
192
0
0
0
0
0
104
174
192
0
0
0
0
0
8
147
192
0
0
0
0
0
112
174
192
0
0
0
0
0
216
146
192
0
0
0
0
0
120
174
192
0
0
0
0
0
168
146
192
0
0
0
0
0
128
174
192
0
0
0
0
0
116
146
192
0
0
0
0
0
136
174
192
0
0
0
0
0
68
146
192
0
0
0
0
0
144
174
192
0
0
0
0
0
20
146
192
0
0
0
0
0
152
174
192
0
0
0
0
0
224
145
192
0
0
0
0
0
160
174
192
0
0
0
0
0
176
145
192
0
0
0
0
0
168
174
192
0
0
0
0
0
124
145
192
0
0
0
0
0
176
174
192
0
0
0
0
0
76
145
192
0
0
0
0
0
184
174
192
0
0
0
0
0
24
145
192
0
0
0
0
0
192
174
192
0
0
0
0
0
232
144
192
0
0
0
0
0
200
174
192
0
0
0
0
0
184
144
192
0
0
0
0
0
208
174
192
0
0
0
0
0
132
144
192
0
0
0
0
0
216
174
192
0
0
0
0
0
84
144
192
0
0
0
0
0
224
174
192
0
0
0
0
0
32
144
192
0
0
0
0
0
232
174
192
0
0
0
0
0
224
143
192
0
0
0
0
0
240
174
192
0
0
0
0
0
128
143
192
0
0
0
0
0
248
174
192
0
0
0
0
0
24
143
192
0
0
0
0
0
254
174
192
0
0
0
0
0
184
142
192
0
0
0
0
0
6
175
192
0
0
0
0
0
88
142
192
0
0
0
0
0
14
175
192
0
0
0
0
0
240
141
192
0
0
0
0
0
20
175
192
0
0
0
0
0
144
141
192
0
0
0
0
0
26
175
192
0
0
0
0
0
40
141
192
0
0
0
0
0
32
175
192
0
0
0
0
0
200
140
192
0
0
0
0
0
38
175
192
0
0
0
0
0
96
140
192
0
0
0
0
0
44
175
192
0
0
0
0
0
0
140
192
0
0
0
0
0
50
175
192
0
0
0
0
0
152
139
192
0
0
0
0
0
56
175
192
0
0
0
0
0
48
139
192
0
0
0
0
0
62
175
192
0
0
0
0
0
208
138
192
0
0
0
0
0
66
175
192
0
0
0
0
0
104
138
192
0
0
0
0
0
72
175
192
0
0
0
0
0
8
138
192
0
0
0
0
0
78
175
192
0
0
0
0
0
160
137
192
0
0
0
0
0
82
175
192
0
0
0
0
0
64
137
192
0
0
0
0
0
88
175
192
0
0
0
0
0
216
136
192
0
0
0
0
0
94
175
192
0
0
0
0
0
120
136
192
0
0
0
0
0
100
175
192
0
0
0
0
0
16
136
192
0
0
0
0
0
106
175
192
0
0
0
0
0
176
135
192
0
0
0
0
0
112
175
192
0
0
0
0
0
72
135
192
0
0
0
0
0
118
175
192
0
0
0
0
0
232
134
192
0
0
0
0
0
124
175
192
0
0
0
0
0
128
134
192
0
0
0
0
0
130
175
192
0
0
0
0
0
32
134
192
0
0
0
0
0
136
175
192
0
0
0
0
0
192
133
192
0
0
0
0
0
142
175
192
0
0
0
0
0
88
133
192
0
0
0
0
0
146
175
192
0
0
0
0
0
248
132
192
0
0
0
0
0
152
175
192
0
0
0
0
0
152
132
192
0
0
0
0
0
158
175
192
0
0
0
0
0
48
132
192
0
0
0
0
0
162
175
192
0
0
0
0
0
208
131
192
0
0
0
0
0
166
175
192
0
0
0
0
0
112
131
192
0
0
0
0
0
172
175
192
0
0
0
0
0
16
131
192
0
0
0
0
0
176
175
192
0
0
0
0
0
176
130
192
0
0
0
0
0
180
175
192
0
0
0
0
0
72
130
192
0
0
0
0
0
184
175
192
0
0
0
0
0
232
129
192
0
0
0
0
0
188
175
192
0
0
0
0
0
136
129
192
0
0
0
0
0
192
175
192
0
0
0
0
0
40
129
192
0
0
0
0
0
196
175
192
0
0
0
0
0
200
128
192
0
0
0
0
0
200
175
192
0
0
0
0
0
104
128
192
0
0
0
0
0
204
175
192
0
0
0
0
0
8
128
192
0
0
0
0
0
206
175
192
0
0
0
0
0
80
127
192
0
0
0
0
0
210
175
192
0
0
0
0
0
144
126
192
0
0
0
0
0
214
175
192
0
0
0
0
0
192
125
192
0
0
0
0
0
216
175
192
0
0
0
0
0
0
125
192
0
0
0
0
0
220
175
192
0
0
0
0
0
64
124
192
0
0
0
0
0
222
175
192
0
0
0
0
0
112
123
192
0
0
0
0
0
226
175
192
0
0
0
0
0
176
122
192
0
0
0
0
0
228
175
192
0
0
0
0
0
224
121
192
0
0
0
0
0
230
175
192
0
0
0
0
0
16
121
192
0
0
0
0
0
234
175
192
0
0
0
0
0
80
120
192
0
0
0
0
0
236
175
192
0
0
0
0
0
128
119
192
0
0
0
0
0
238
175
192
0
0
0
0
0
176
118
192
0
0
0
0
0
240
175
192
0
0
0
0
0
224
117
192
0
0
0
0
0
242
175
192
0
0
0
0
0
32
117
192
0
0
0
0
0
244
175
192
0
0
0
0
0
80
116
192
0
0
0
0
0
246
175
192
0
0
0
0
0
144
115
192
0
0
0
0
0
250
175
192
0
0
0
0
0
192
114
192
0
0
0
0
0
252
175
192
0
0
0
0
0
0
114
192
0
0
0
0
0
254
175
192
0
0
0
0
0
64
113
192
0
0
0
0
0
0
176
192
0
0
0
0
0
128
112
192
0
0
0
0
0
1
176
192
0
0
0
0
0
96
111
192
0
0
0
0
0
3
176
192
0
0
0
0
0
224
109
192
0
0
0
0
0
4
176
192
0
0
0
0
0
96
108
192
0
0
0
0
0
5
176
192
0
0
0
0
0
224
106
192
0
0
0
0
0
6
176
192
0
0
0
0
0
96
105
192
0
0
0
0
0
7
176
192
0
0
0
0
0
224
103
192
0
0
0
0
0
8
176
192
0
0
0
0
0
96
102
192
0
0
0
0
0
8
176
192
0
0
0
0
0
192
100
192
0
0
0
0
0
9
176
192
0
0
0
0
0
64
99
192
0
0
0
0
0
9
176
192
0
0
0
0
0
160
97
192
0
0
0
0
0
9
176
192
0
0
0
0
0
0
96
192
0
0
0
0
0
9
176
192
0
0
0
0
0
0
93
192
0
0
0
0
0
10
176
192
0
0
0
0
0
192
89
192
0
0
0
0
0
9
176
192
0
0
0
0
0
128
86
192
0
0
0
0
0
9
176
192
0
0
0
0
0
64
83
192
0
0
0
0
0
9
176
192
0
0
0
0
0
64
80
192
0
0
0
0
0
9
176
192
0
0
0
0
0
0
74
192
0
0
0
0
0
9
176
192
0
0
0
0
0
128
67
192
0
0
0
0
0
9
176
192
0
0
0
0
0
0
59
192
0
0
0
0
0
8
176
192
0
0
0
0
0
0
44
192
0
0
0
0
0
8
176
192
0
0
0
0
0
0
0
192
0
0
0
0
0
8
176
192
0
0
0
0
0
0
36
64
0
0
0
0
0
8
176
192
0
0
0
0
0
0
55
64
0
0
0
0
0
8
176
192
0
0
0
0
0
128
65
64
0
0
0
0
0
8
176
192
0
0
0
0
0
128
71
64
0
0
0
0
0
8
176
192
0
0
0
0
0
128
77
64
0
0
0
0
0
8
176
192
0
0
0
0
0
0
82
64
0
0
0
0
0
7
176
192
0
0
0
0
0
0
85
64
0
0
0
0
0
7
176
192
0
0
0
0
0
0
88
64
0
0
0
0
0
7
176
192
0
0
0
0
0
64
91
64
0
0
0
0
0
6
176
192
0
0
0
0
0
64
94
64
0
0
0
0
0
6
176
192
0
0
0
0
0
0
0
0
0
0
0
0
0
0
0
0
0
0
0
0
0
0
0
0
0
0
0
0
0
0
0
0
0
0
0
0
0
0
0
0
0
0
0
0
0
0
0
0
0
0
0
0
0
0
0
0
0
0
0
0
0
0
0
0
0
0
0
0
0
0
0
0
0
0
0
0
0
0
0
0
0
0
0
0
0
0
0
0
0
0
0
0
0
0
0
0
0
0
0
0
0
0
0
0
0
0
0
0
0
0
0
0
0
0
0
0
0
0
0
0
0
0
0
0
0
0
0
0
0
0
0
0
0
0
0
0
0
0
0
0
0
0
0
0
0
0
0
0
0
0
0
0
0
0
0
0
0
0
0
0
0
0
0
0
0
0
0
0
0
0
0
0
0
0
0
0
0
0
0
0
0
0
0
0
0
0
0
0
0
0
0
0
0
0
0
0
0
0
0
0
0
0
0
0
0
0
0
0
0
0
0
0
0
0
0
0
0
0
0
0
0
0
0
0
0
0
0
0
0
0
0
0
0
0
0
0
0
0
0
0
0
0
0
0
0
0
0
0
0
0
0
0
0
0
0
0
0
0
0
0
0
0
0
0
0
0
0
0
0
0
0
0
0
0
0
0
0
0
0
0
0
0
0
0
0
0
0
0
0
0
0
0
0
0
0
0
0
0
0
0
0
0
0
0
0
0
0
0
0
0
0
0
0
0
0
0
0
0
0
0
0
0
0
0
0
0
0
0
0
0
0
0
0
0
0
0
0
0
0
0
0
0
0
0
0
0
0
0
0
0
0
0
0
0
0
0
0
0
0
0
0
0
0
0
0
0
0
0
0
0
0
0
0
0
0
0
0
0
0
0
0
0
0
0
0
0
0
0
0
0
0
0
0
0
0
0
0
0
0
0
0
0
0
0
0
0
0
0
0
0
0
0
0
0
0
0
0
0
0
0
0
0
0
0
0
0
0
0
0
0
0
0
0
0
0
0
0
0
0
0
0
0
0
0
0
0
0
0
0
0
0
0
0
0
0
0
0
0
0
0
0
0
0
0
0
0
0
0
0
0
0
0
0
0
0
0
0
0
0
0
0
0
0
0
0
0
0
0
0
0
0
0
0
0
0
0
0
0
0
0
0
0
0
0
0
0
0
0
0
0
0
0
0
0
0
0
0
0
0
0
0
0
0
0
0
0
0
0
0
0
0
0
0
0
0
0
0
0
0
0
0
0
0
0
0
0
0
0
0
0
0
0
0
0
0
0
0
0
0
0
0
0
0
0
0
0
0
0
0
0
0
0
0
0
0
0
0
0
0
0
0
0
0
0
0
0
0
0
0
0
0
0
0
0
0
0
0
0
0
0
0
0
0
0
0
0
0
0
0
0
0
0
0
0
0
0
0
0
0
0
0
0
0
0
0
0
0
0
0
0
0
0
0
0
0
0
0
0
0
0
0
0
0
0
0
0
0
0
0
0
0
0
0
0
0
0
0
0
0
0
0
0
0
0
0
0
0
0
0
0
0
0
0
0
0
0
0
0
0
0
0
0
0
0
0
0
0
0
0
0
0
0
0
0
0
0
0
0
0
0
0
0
0
0
0
0
0
0
0
0
0
0
0
0
0
0
0
0
0
0
0
0
0
0
0
0
0
0
0
0
0
0
0
0
0
0
0
0
0
0
0
0
0
0
0
0
0
0
0
0
0
0
0
0
0
0
0
0
0
0
0
0
0
0
0
0
0
0
0
0
0
0
0
0
0
0
0
0
0
0
0
0
0
0
0
0
0
0
0
0
0
0
0
0
0
0
0
0
0
0
0
0
0
0
0
0
0
0
0
0
0
0
0
0
0
0
0
0
0
0
0
0
0
0
0
0
0
0
0
0
0
0
0
0
0
0
0
0
0
0
0
0
0
0
0
0
0
0
0
0
0
0
0
0
0
0
0
0
0
0
0
0
0
0
0
0
0
0
0
0
0
0
0
0
0
0
0
0
0
0
0
0
0
0
0
0
0
0
0
0
0
0
0
0
0
0
0
0
0
0
0
0
0
0
0
0
0
0
0
0
0
0
0
0
0
0
0
0
0
0
0
0
0
0
0
0
0
0
0
0
0
0
0
0
0
0
0
0
0
0
0
0
0
0
0
0
0
0
0
0
0
0
0
0
0
0
0
0
0
0
0
0
0
0
0
0
0
0
0
0
0
0
0
0
0
0
0
0
0
0
0
0
0
0
0
0
0
0
0
0
0
0
0
0
0
0
0
0
0
0
0
0
0
0
0
0
0
0
0
0
0
0
0
0
0
0
0
0
0
0
0
0
0
0
0
0
0
0
0
0
0
0
0
0
0
0
0
0
0
0
0
0
0
0
0
0
0
0
0
0
0
0
0
0
0
0
0
0
0
0
0
0
0
0
0
0
0
0
0
0
0
0
0
0
0
0
0
0
0
0
0
0
0
0
0
0
0
0
0
0
0
0
0
0
0
0
0
0
0
0
0
0
0
0
0
0
0
0
0
0
0
0
0
0
0
0
0
0
0
0
0
0
0
0
0
0
0
0
0
0
0
0
0
0
0
0
0
0
0
0
0
0
0
0
0
0
0
0
0
0
0
0
0
0
0
0
0
0
0
0
0
0
0
0
0
0
0
0
0
0
0
0
0
0
0
0
0
0
0
0
0
0
0
0
0
0
0
0
0
0
0
0
0
0
0
0
0
0
0
0
0
0
0
0
0
0
0
0
0
0
0
0
0
0
0
0
0
0
0
0
0
0
0
0
0
0
0
0
0
0
0