58
70
65
67
84
58
67
68
65
84
49
56
58
68
65
84
65
32
35
57
48
48
48
48
48
54
57
51
54
47
224
101
134
141
178
240
63
40
96
59
24
177
79
168
191
166
155
196
32
176
178
240
63
27
42
198
249
155
80
168
191
228
244
245
124
205
178
240
63
177
195
152
244
247
82
168
191
1
224
216
179
231
178
240
63
17
170
212
236
129
86
168
191
239
226
253
184
253
178
240
63
208
155
138
84
24
91
168
191
165
131
245
127
14
179
240
63
170
212
236
129
86
96
168
191
34
194
191
8
26
179
240
63
92
144
45
203
215
101
168
191
103
158
92
83
32
179
240
63
14
76
110
20
89
107
168
191
125
146
59
108
34
179
240
63
16
2
242
37
84
112
168
191
91
36
237
70
31
179
240
63
140
47
218
227
133
116
168
191
23
72
80
252
24
179
240
63
209
206
105
22
104
119
168
191
154
9
134
115
13
179
240
63
155
27
211
19
150
120
168
191
6
215
220
209
255
178
240
63
168
81
72
50
171
119
168
191
80
54
229
10
239
178
240
63
207
243
167
141
234
116
168
191
166
15
93
80
223
178
240
63
124
67
225
179
117
112
168
191
251
232
212
149
207
178
240
63
95
70
177
220
210
106
168
191
126
170
10
13
196
178
240
63
78
127
246
35
69
100
168
191
46
84
254
181
188
178
240
63
142
178
126
51
49
93
168
191
24
96
31
157
186
178
240
63
97
164
23
181
251
85
168
191
92
60
188
231
192
178
240
63
53
150
176
54
198
78
168
191
251
232
212
149
207
178
240
63
37
207
245
125
56
72
168
191
1
224
216
179
231
178
240
63
47
79
231
138
82
66
168
191
131
21
167
90
11
179
240
63
4
28
66
149
154
61
168
191
108
149
96
113
56
179
240
63
164
53
6
157
16
58
168
191
176
229
149
235
109
179
240
63
230
30
18
190
247
55
168
191
45
152
248
163
168
179
240
63
243
84
135
220
12
55
168
191
192
62
58
117
229
179
240
63
15
156
51
162
180
55
168
191
106
217
90
95
36
180
240
63
97
113
56
243
171
57
168
191
243
5
45
36
96
180
240
63
233
212
149
207
242
60
168
191
66
208
209
170
150
180
240
63
100
2
126
141
36
65
168
191
20
92
172
168
193
180
240
63
251
118
18
17
254
69
168
191
82
181
221
4
223
180
240
63
213
175
116
62
60
75
168
191
207
243
167
141
234
180
240
63
68
167
231
221
88
80
168
191
128
157
155
54
227
180
240
63
218
27
124
97
50
85
168
191
168
142
85
74
207
180
240
63
86
73
100
31
100
89
168
191
117
175
147
250
178
180
240
63
155
232
243
81
70
92
168
191
32
98
131
133
147
180
240
63
209
118
76
221
149
93
168
191
248
252
48
66
120
180
240
63
182
47
160
23
238
92
168
191
21
116
123
73
99
180
240
63
221
209
255
114
45
90
168
191
129
65
210
167
85
180
240
63
30
224
73
11
151
85
168
191
72
223
164
105
80
180
240
63
189
30
76
138
143
79
168
191
117
199
98
155
84
180
240
63
144
16
229
11
90
72
168
191
9
250
11
61
98
180
240
63
181
252
192
85
158
64
168
191
3
119
160
78
121
180
240
63
2
102
190
131
159
56
168
191
123
50
255
232
155
180
240
63
254
212
120
233
38
49
168
191
111
44
40
12
202
180
240
63
237
13
190
48
153
42
168
191
247
88
250
208
5
181
240
63
194
218
24
59
225
37
168
191
252
195
150
30
77
181
240
63
85
190
103
36
66
35
168
191
92
255
174
207
156
181
240
63
18
250
153
122
221
34
168
191
223
168
21
166
239
181
240
63
32
11
209
33
112
36
168
191
86
216
12
112
65
182
240
63
168
110
46
254
182
39
168
191
114
55
136
214
138
182
240
63
63
227
194
129
144
44
168
191
250
99
90
155
198
182
240
63
12
230
175
144
185
50
168
191
215
105
164
165
242
182
240
63
164
53
6
157
16
58
168
191
10
73
102
245
14
183
240
63
87
204
8
111
15
66
168
191
181
111
238
175
30
183
240
63
159
33
28
179
236
73
168
191
4
198
250
6
38
183
240
63
95
238
147
163
0
81
168
191
16
64
106
19
39
183
240
63
84
110
162
150
230
86
168
191
4
198
250
6
38
183
240
63
248
24
172
56
213
90
168
191
226
87
172
225
34
183
240
63
182
47
160
23
238
92
168
191
147
1
160
138
27
183
240
63
101
53
93
79
116
93
168
191
22
195
213
1
16
183
240
63
34
113
143
165
15
93
168
191
73
46
255
33
253
182
240
63
235
226
54
26
192
91
168
191
45
67
28
235
226
182
240
63
221
209
255
114
45
90
168
191
250
99
90
155
198
182
240
63
139
252
250
33
54
88
168
191
221
120
119
100
172
182
240
63
246
98
40
39
218
85
168
191
74
70
206
194
158
182
240
63
69
130
169
102
214
82
168
191
108
180
28
232
161
182
240
63
13
25
143
82
9
79
168
191
170
13
78
68
191
182
240
63
118
164
250
206
47
74
168
191
249
215
242
202
245
182
240
63
8
173
135
47
19
69
168
191
21
55
110
49
63
183
240
63
221
121
226
57
91
64
168
191
197
200
146
57
150
183
240
63
85
22
133
93
20
61
168
191
196
176
195
152
244
183
240
63
58
207
216
151
108
60
168
191
196
152
244
247
82
184
240
63
126
110
104
202
78
63
168
191
150
152
103
37
173
184
240
63
143
53
35
131
220
69
168
191
12
200
94
239
254
184
240
63
81
221
92
252
109
79
168
191
6
185
139
48
69
185
240
63
60
221
121
226
57
91
168
191
86
131
48
183
123
185
240
63
241
41
0
198
51
104
168
191
216
184
254
93
159
185
240
63
194
189
50
111
213
117
168
191
119
101
23
12
174
185
240
63
188
206
134
252
51
131
168
191
85
247
200
230
170
185
240
63
46
87
63
54
201
143
168
191
125
232
130
250
150
185
240
63
65
212
125
0
82
155
168
191
17
167
147
108
117
185
240
63
70
64
133
35
72
165
168
191
40
39
218
85
72
185
240
63
142
149
152
103
37
173
168
191
206
226
197
194
16
185
240
63
64
81
217
176
166
178
168
191
13
84
198
191
207
184
240
63
200
180
54
141
237
181
168
191
229
122
219
76
133
184
240
63
147
1
160
138
27
183
168
191
76
221
149
93
48
184
240
63
227
251
226
82
149
182
168
191
77
245
100
254
209
183
240
63
38
229
238
115
124
180
168
191
21
171
6
97
110
183
240
63
49
64
162
9
20
177
168
191
10
73
102
245
14
183
240
63
6
13
253
19
92
172
168
191
193
1
45
93
193
182
240
63
125
206
221
174
151
166
168
191
204
7
4
58
147
182
240
63
108
7
35
246
9
160
168
191
216
129
115
70
148
182
240
63
104
118
221
91
145
152
168
191
16
88
57
180
200
182
240
63
33
33
202
23
180
144
168
191
61
40
40
69
43
183
240
63
177
78
149
239
25
137
168
191
134
227
249
12
168
183
240
63
12
201
201
196
173
130
168
191
42
111
71
56
45
184
240
63
185
24
3
235
56
126
168
191
127
164
136
12
171
184
240
63
171
7
204
67
166
124
168
191
206
226
197
194
16
185
240
63
212
95
175
176
224
126
168
191
222
199
209
28
89
185
240
63
134
27
240
249
97
132
168
191
154
95
205
1
130
185
240
63
233
183
175
3
231
140
168
191
0
170
184
113
139
185
240
63
158
41
116
94
99
151
168
191
251
178
180
83
115
185
240
63
137
41
145
68
47
163
168
191
160
110
160
192
59
185
240
63
251
177
73
126
196
175
168
191
18
75
202
221
231
184
240
63
1
249
18
42
56
188
168
191
207
134
252
51
131
184
240
63
61
243
114
216
125
199
168
191
60
108
34
51
23
184
240
63
227
83
0
140
103
208
168
191
203
191
150
87
174
183
240
63
216
211
14
127
77
214
168
191
215
81
213
4
81
183
240
63
82
38
53
180
1
216
168
191
153
132
11
121
4
183
240
63
81
75
115
43
132
213
168
191
250
99
90
155
198
182
240
63
51
78
67
84
225
207
168
191
239
117
82
95
150
182
240
63
168
52
98
102
159
199
168
191
85
76
165
159
112
182
240
63
163
200
90
67
169
189
168
191
46
231
82
92
85
182
240
63
23
212
183
204
233
178
168
191
120
70
91
149
68
182
240
63
31
158
37
200
8
168
168
191
63
228
45
87
63
182
240
63
147
169
130
81
73
157
168
191
154
180
169
186
71
182
240
63
142
61
123
46
83
147
168
191
171
37
29
229
96
182
240
63
124
155
254
236
71
138
168
191
136
43
103
239
140
182
240
63
120
10
185
82
207
130
168
191
28
210
168
192
201
182
240
63
90
13
137
123
44
125
168
191
44
183
180
26
18
183
240
63
35
164
110
103
95
121
168
191
95
10
15
154
93
183
240
63
20
147
55
192
204
119
168
191
112
239
26
244
165
183
240
63
48
218
227
133
116
120
168
191
26
138
59
222
228
183
240
63
76
252
81
212
153
123
168
191
48
242
178
38
22
184
240
63
146
118
163
143
249
128
168
191
145
185
50
168
54
184
240
63
231
1
44
242
235
135
168
191
71
90
42
111
71
184
240
63
234
146
113
140
100
143
168
191
82
212
153
123
72
184
240
63
22
161
216
10
154
150
168
191
179
39
129
205
57
184
240
63
120
98
214
139
161
156
168
191
105
84
224
100
27
184
240
63
95
209
173
215
244
160
168
191
151
200
5
103
240
183
240
63
96
172
111
96
114
163
168
191
72
254
96
224
185
183
240
63
231
52
11
180
59
164
168
191
157
99
64
246
122
183
240
63
56
47
78
124
181
163
168
191
175
236
130
193
53
183
240
63
190
220
39
71
1
162
168
191
170
129
230
115
238
182
240
63
121
61
152
20
31
159
168
191
210
254
7
88
171
182
240
63
254
15
176
86
237
154
168
191
119
186
243
196
115
182
240
63
116
209
144
241
40
149
168
191
245
132
37
30
80
182
240
63
4
255
91
201
142
141
168
191
142
58
58
174
70
182
240
63
107
212
67
52
186
131
168
191
148
49
62
204
94
182
240
63
168
81
72
50
171
119
168
191
204
7
4
58
147
182
240
63
67
255
4
23
43
106
168
191
244
224
238
172
221
182
240
63
74
238
176
137
204
92
168
191
164
114
19
181
52
183
240
63
27
42
198
249
155
80
168
191
129
236
245
238
143
183
240
63
50
5
107
156
77
71
168
191
71
114
249
15
233
183
240
63
20
8
59
197
170
65
168
191
213
149
207
242
60
184
240
63
154
181
20
144
246
63
168
191
64
75
87
176
141
184
240
63
249
192
142
255
2
65
168
191
172
0
223
109
222
184
240
63
61
96
30
50
229
67
168
191
23
182
102
43
47
185
240
63
9
136
73
184
144
71
168
191
142
229
93
245
128
185
240
63
65
241
99
204
93
75
168
191
250
154
229
178
209
185
240
63
161
215
159
196
231
78
168
191
22
250
96
25
27
186
240
63
1
190
219
188
113
82
168
191
158
38
51
222
86
186
240
63
165
104
229
94
96
86
168
191
55
80
224
157
124
186
240
63
208
155
138
84
24
91
168
191
180
142
170
38
136
186
240
63
89
218
169
185
220
96
168
191
44
214
112
145
123
186
240
63
106
161
100
114
106
103
168
191
226
2
208
40
93
186
240
63
123
104
31
43
248
109
168
191
96
205
1
130
57
186
240
63
153
101
79
2
155
115
168
191
22
250
96
25
27
186
240
63
168
81
72
50
171
119
168
191
96
89
105
82
10
186
240
63
75
33
144
75
28
121
168
191
107
211
216
94
11
186
240
63
236
21
22
220
15
120
168
191
33
116
208
37
28
186
240
63
207
243
167
141
234
116
168
191
73
217
34
105
55
186
240
63
232
132
208
65
151
112
168
191
192
148
129
3
90
186
240
63
189
81
43
76
223
107
168
191
89
190
46
195
127
186
240
63
214
226
83
0
140
103
168
191
243
231
219
130
165
186
240
63
226
61
7
150
35
100
168
191
151
139
248
78
204
186
240
63
144
104
2
69
44
98
168
191
83
35
244
51
245
186
240
63
225
98
69
13
166
97
168
191
37
175
206
49
32
187
240
63
23
241
157
152
245
98
168
191
37
35
103
97
79
187
240
63
11
150
234
2
94
102
168
191
59
139
222
169
128
187
240
63
41
147
26
218
0
108
168
191
47
133
7
205
174
187
240
63
193
226
112
230
87
115
168
191
144
76
135
78
207
187
240
63
252
1
15
12
32
124
168
191
24
5
193
227
219
187
240
63
41
235
55
19
211
133
168
191
155
198
246
90
208
187
240
63
6
218
29
82
12
144
168
191
36
11
152
192
173
187
240
63
226
200
3
145
69
154
168
191
25
29
144
132
125
187
240
63
164
112
61
10
215
163
168
191
168
228
156
216
67
187
240
63
114
78
236
161
125
172
168
191
43
50
58
32
9
187
240
63
51
27
100
146
145
179
168
191
220
103
149
153
210
186
240
63
201
143
248
21
107
184
168
191
243
231
219
130
165
186
240
63
54
172
169
44
10
187
168
191
146
32
92
1
133
186
240
63
162
237
152
186
43
187
168
191
152
163
199
239
109
186
240
63
40
155
114
133
119
185
168
191
16
235
141
90
97
186
240
63
12
121
4
55
82
182
168
191
238
124
63
53
94
186
240
63
144
75
28
121
32
178
168
191
38
223
108
115
99
186
240
63
142
149
152
103
37
173
168
191
152
163
199
239
109
186
240
63
179
92
54
58
231
167
168
191
44
214
112
145
123
186
240
63
177
166
178
40
236
162
168
191
192
8
26
51
137
186
240
63
94
246
235
78
119
158
168
191
27
217
149
150
145
186
240
63
254
15
176
86
237
154
168
191
49
205
116
175
147
186
240
63
212
183
204
233
178
152
168
191
15
95
38
138
144
186
240
63
9
107
99
236
132
151
168
191
249
106
71
113
142
186
240
63
198
166
149
66
32
151
168
191
49
205
116
175
147
186
240
63
130
226
199
152
187
150
168
191
231
109
108
118
164
186
240
63
251
89
44
69
242
149
168
191
106
163
58
29
200
186
240
63
129
7
6
16
62
148
168
191
106
23
211
76
247
186
240
63
128
44
68
135
192
145
168
191
128
127
74
149
40
187
240
63
194
21
80
168
167
143
168
191
14
47
136
72
77
187
240
63
207
75
197
198
188
142
168
191
116
121
115
184
86
187
240
63
6
218
29
82
12
144
168
191
65
154
177
104
58
187
240
63
89
138
228
43
129
148
168
191
117
145
66
89
248
186
240
63
241
217
58
56
216
155
168
191
186
133
174
68
160
186
240
63
43
249
216
93
160
164
168
191
221
11
204
10
69
186
240
63
222
143
219
47
159
172
168
191
181
50
225
151
250
185
240
63
252
140
11
7
66
178
168
191
250
154
229
178
209
185
240
63
158
92
83
32
179
179
168
191
250
154
229
178
209
185
240
63
170
183
6
182
74
176
168
191
79
232
245
39
241
185
240
63
194
109
109
225
121
169
168
191
79
92
142
87
32
186
240
63
243
143
190
73
211
160
168
191
101
196
5
160
81
186
240
63
185
112
32
36
11
152
168
191
10
104
34
108
120
186
240
63
33
33
202
23
180
144
168
191
226
118
104
88
140
186
240
63
138
172
53
148
218
139
168
191
4
229
182
125
143
186
240
63
29
144
132
125
59
137
168
191
203
130
137
63
138
186
240
63
231
1
44
242
235
135
168
191
124
44
125
232
130
186
240
63
55
252
110
186
101
135
168
191
78
68
191
182
126
186
240
63
136
246
177
130
223
134
168
191
135
166
236
244
131
186
240
63
1
110
22
47
22
134
168
191
15
95
38
138
144
186
240
63
202
223
189
163
198
132
168
191
220
243
252
105
163
186
240
63
80
141
151
110
18
131
168
191
203
246
33
111
185
186
240
63
106
249
129
171
60
129
168
191
220
103
149
153
210
186
240
63
24
36
125
90
69
127
168
191
237
216
8
196
235
186
240
63
158
209
86
37
145
125
168
191
242
207
12
226
3
187
240
63
103
67
254
153
65
124
168
191
248
198
16
0
28
187
240
63
252
1
15
12
32
124
168
191
230
201
53
5
50
187
240
63
158
209
86
37
145
125
168
191
190
216
123
241
69
187
240
63
106
249
129
171
60
129
168
191
128
243
226
196
87
187
240
63
55
252
110
186
101
135
168
191
88
2
41
177
107
187
240
63
194
21
80
168
167
143
168
191
105
115
156
219
132
187
240
63
172
58
171
5
246
152
168
191
224
46
251
117
167
187
240
63
109
226
228
126
135
162
168
191
2
17
226
202
217
187
240
63
19
67
114
50
113
171
168
191
229
13
48
243
29
188
240
63
171
146
200
62
200
178
168
191
114
49
6
214
113
188
240
63
13
84
198
191
207
184
168
191
114
25
55
53
208
188
240
63
83
206
23
123
47
190
168
191
147
111
182
185
49
189
240
63
153
72
105
54
143
195
168
191
147
87
231
24
144
189
240
63
102
75
86
69
184
201
168
191
55
111
156
20
230
189
240
63
66
95
122
251
115
209
168
191
60
218
56
98
45
190
240
63
84
1
247
60
127
218
168
191
139
164
221
232
99
190
240
63
21
169
48
182
16
228
168
191
225
241
237
93
131
190
240
63
255
205
139
19
95
237
168
191
37
206
138
168
137
190
240
63
178
100
142
229
93
245
168
191
54
203
101
163
115
190
240
63
20
38
140
102
101
251
168
191
32
99
238
90
66
190
240
63
183
208
149
8
84
255
168
191
49
236
48
38
253
189
240
63
225
40
121
117
142
1
169
191
220
42
136
129
174
189
240
63
23
183
209
0
222
2
169
191
113
117
0
196
93
189
240
63
226
3
59
254
11
4
169
191
85
22
133
93
20
189
240
63
132
211
130
23
125
5
169
191
182
245
211
127
214
188
240
63
66
234
118
246
149
7
169
191
160
141
92
55
165
188
240
63
175
6
40
13
53
10
169
191
251
233
63
107
126
188
240
63
28
35
217
35
212
12
169
191
200
10
126
27
98
188
240
63
178
188
171
30
48
15
169
191
7
240
22
72
80
188
240
63
44
15
210
83
228
16
169
191
160
165
43
216
70
188
240
63
31
217
92
53
207
17
169
191
126
55
221
178
67
188
240
63
247
91
59
81
18
18
169
191
149
43
188
203
69
188
240
63
139
26
76
195
240
17
169
191
206
141
233
9
75
188
240
63
219
20
143
139
106
17
169
191
251
117
167
59
79
188
240
63
152
80
193
225
5
17
169
191
41
94
101
109
83
188
240
63
84
140
243
55
161
16
169
191
63
82
68
134
85
188
240
63
125
9
21
28
94
16
169
191
63
82
68
134
85
188
240
63
125
9
21
28
94
16
169
191
63
82
68
134
85
188
240
63
232
74
4
170
127
16
169
191
52
216
212
121
84
188
240
63
232
74
4
170
127
16
169
191
41
94
101
109
83
188
240
63
84
140
243
55
161
16
169
191
29
228
245
96
82
188
240
63
192
205
226
197
194
16
169
191
29
228
245
96
82
188
240
63
192
205
226
197
194
16
169
191
29
228
245
96
82
188
240
63
192
205
226
197
194
16
169
191
29
228
245
96
82
188
240
63
192
205
226
197
194
16
169
191
29
228
245
96
82
188
240
63
192
205
226
197
194
16
169
191
29
228
245
96
82
188
240
63
192
205
226
197
194
16
169
191
29
228
245
96
82
188
240
63
84
140
243
55
161
16
169
191
41
94
101
109
83
188
240
63
84
140
243
55
161
16
169
191
29
228
245
96
82
188
240
63
84
140
243
55
161
16
169
191
29
228
245
96
82
188
240
63
84
140
243
55
161
16
169
191
29
228
245
96
82
188
240
63
192
205
226
197
194
16
169
191
29
228
245
96
82
188
240
63
192
205
226
197
194
16
169
191
29
228
245
96
82
188
240
63
192
205
226
197
194
16
169
191
29
228
245
96
82
188
240
63
192
205
226
197
194
16
169
191
29
228
245
96
82
188
240
63
192
205
226
197
194
16
169
191
29
228
245
96
82
188
240
63
192
205
226
197
194
16
169
191
29
228
245
96
82
188
240
63
192
205
226
197
194
16
169
191
29
228
245
96
82
188
240
63
192
205
226
197
194
16
169
191
29
228
245
96
82
188
240
63
192
205
226
197
194
16
169
191
29
228
245
96
82
188
240
63
192
205
226
197
194
16
169
191
29
228
245
96
82
188
240
63
192
205
226
197
194
16
169
191
29
228
245
96
82
188
240
63
192
205
226
197
194
16
169
191
29
228
245
96
82
188
240
63
192
205
226
197
194
16
169
191
29
228
245
96
82
188
240
63
192
205
226
197
194
16
169
191
29
228
245
96
82
188
240
63
192
205
226
197
194
16
169
191
29
228
245
96
82
188
240
63
192
205
226
197
194
16
169
191
29
228
245
96
82
188
240
63
192
205
226
197
194
16
169
191
29
228
245
96
82
188
240
63
192
205
226
197
194
16
169
191
29
228
245
96
82
188
240
63
192
205
226
197
194
16
169
191
29
228
245
96
82
188
240
63
192
205
226
197
194
16
169
191
29
228
245
96
82
188
240
63
192
205
226
197
194
16
169
191
29
228
245
96
82
188
240
63
192
205
226
197
194
16
169
191
29
228
245
96
82
188
240
63
192
205
226
197
194
16
169
191
29
228
245
96
82
188
240
63
192
205
226
197
194
16
169
191
29
228
245
96
82
188
240
63
192
205
226
197
194
16
169
191
29
228
245
96
82
188
240
63
192
205
226
197
194
16
169
191
29
228
245
96
82
188
240
63
192
205
226
197
194
16
169
191
29
228
245
96
82
188
240
63
192
205
226
197
194
16
169
191
29
228
245
96
82
188
240
63
192
205
226
197
194
16
169
191
29
228
245
96
82
188
240
63
192
205
226
197
194
16
169
191
29
228
245
96
82
188
240
63
192
205
226
197
194
16
169
191
29
228
245
96
82
188
240
63
192
205
226
197
194
16
169
191
29
228
245
96
82
188
240
63
192
205
226
197
194
16
169
191
29
228
245
96
82
188
240
63
192
205
226
197
194
16
169
191
29
228
245
96
82
188
240
63
192
205
226
197
194
16
169
191
29
228
245
96
82
188
240
63
192
205
226
197
194
16
169
191
29
228
245
96
82
188
240
63
192
205
226
197
194
16
169
191
29
228
245
96
82
188
240
63
192
205
226
197
194
16
169
191
29
228
245
96
82
188
240
63
192
205
226
197
194
16
169
191
29
228
245
96
82
188
240
63
192
205
226
197
194
16
169
191
29
228
245
96
82
188
240
63
192
205
226
197
194
16
169
191
29
228
245
96
82
188
240
63
192
205
226
197
194
16
169
191
29
228
245
96
82
188
240
63
192
205
226
197
194
16
169
191
29
228
245
96
82
188
240
63
192
205
226
197
194
16
169
191
29
228
245
96
82
188
240
63
84
140
243
55
161
16
169
191
29
228
245
96
82
188
240
63
192
205
226
197
194
16
169
191
29
228
245
96
82
188
240
63
192
205
226
197
194
16
169
191
29
228
245
96
82
188
240
63
192
205
226
197
194
16
169
191
29
228
245
96
82
188
240
63
192
205
226
197
194
16
169
191
29
228
245
96
82
188
240
63
192
205
226
197
194
16
169
191
29
228
245
96
82
188
240
63
192
205
226
197
194
16
169
191
29
228
245
96
82
188
240
63
192
205
226
197
194
16
169
191
29
228
245
96
82
188
240
63
84
140
243
55
161
16
169
191
29
228
245
96
82
188
240
63
84
140
243
55
161
16
169
191
29
228
245
96
82
188
240
63
84
140
243
55
161
16
169
191
29
228
245
96
82
188
240
63
84
140
243
55
161
16
169
191
29
228
245
96
82
188
240
63
84
140
243
55
161
16
169
191
29
228
245
96
82
188
240
63
84
140
243
55
161
16
169
191
29
228
245
96
82
188
240
63
192
205
226
197
194
16
169
191
29
228
245
96
82
188
240
63
44
15
210
83
228
16
169
191
41
94
101
109
83
188
240
63
152
80
193
225
5
17
169
191
41
94
101
109
83
188
240
63
4
146
176
111
39
17
169
191
41
94
101
109
83
188
240
63
152
80
193
225
5
17
169
191
29
228
245
96
82
188
240
63
192
205
226
197
194
16
169
191
29
228
245
96
82
188
240
63
165
134
54
0
27
16
169
191
29
228
245
96
82
188
240
63
138
63
138
58
115
15
169
191
29
228
245
96
82
188
240
63
218
57
205
2
237
14
169
191
18
106
134
84
81
188
240
63
218
57
205
2
237
14
169
191
29
228
245
96
82
188
240
63
97
194
104
86
182
15
169
191
41
94
101
109
83
188
240
63
71
86
126
25
140
17
169
191
52
216
212
121
84
188
240
63
32
180
30
190
76
20
169
191
63
82
68
134
85
188
240
63
249
17
191
98
13
23
169
191
75
204
179
146
86
188
240
63
7
35
246
9
160
24
169
191
75
204
179
146
86
188
240
63
20
89
107
40
181
23
169
191
41
94
101
109
83
188
240
63
126
228
214
164
219
18
169
191
251
117
167
59
79
188
240
63
188
60
157
43
74
9
169
191
183
153
10
241
72
188
240
63
74
180
228
241
180
252
168
191
115
189
109
166
66
188
240
63
15
186
132
67
111
241
168
191
81
79
31
129
63
188
240
63
120
69
240
191
149
236
168
191
92
201
142
141
64
188
240
63
204
208
120
34
136
243
168
191
172
31
155
228
71
188
240
63
14
18
162
124
65
11
169
191
154
34
192
233
93
188
240
63
117
114
134
226
142
55
169
191
57
67
113
199
155
188
240
63
218
116
4
112
179
120
169
191
68
25
170
98
42
189
240
63
166
127
73
42
83
204
169
191
94
72
135
135
48
190
240
63
216
183
147
136
240
47
170
191
91
92
227
51
217
191
240
63
220
131
16
144
47
161
170
191
252
111
37
59
54
194
240
63
215
133
31
156
79
29
171
191
14
48
243
29
252
196
240
63
12
204
10
69
186
159
171
191
134
198
19
65
156
199
240
63
172
83
229
123
70
34
172
191
222
30
132
128
124
201
240
63
87
91
177
191
236
158
172
191
107
182
242
146
255
201
240
63
63
224
129
1
132
15
173
191
218
87
30
164
167
200
240
63
219
163
55
220
71
110
173
191
218
172
250
92
109
197
240
63
0
115
45
90
128
182
173
191
232
219
130
165
186
192
240
63
145
43
245
44
8
229
173
191
77
160
136
69
12
187
240
63
5
106
49
120
152
246
173
191
71
59
110
248
221
180
240
63
106
137
149
209
200
231
173
191
150
175
203
240
159
174
240
63
108
180
28
232
161
182
173
191
218
29
82
12
144
168
240
63
69
47
163
88
110
105
173
191
75
232
46
137
179
162
240
63
252
27
180
87
31
15
173
191
142
62
230
3
2
157
240
63
114
250
122
190
102
185
172
191
83
202
107
37
116
151
240
63
176
199
68
74
179
121
172
191
110
163
1
188
5
146
240
63
177
111
39
17
225
95
172
191
102
130
225
92
195
140
240
63
63
26
78
153
155
111
172
191
202
22
73
187
209
135
240
63
154
68
189
224
211
156
172
191
96
114
163
200
90
131
240
63
170
187
178
11
6
215
172
191
251
32
203
130
137
127
240
63
130
201
141
34
107
13
173
191
97
52
43
219
135
124
240
63
215
135
245
70
173
48
173
191
16
235
141
90
97
122
240
63
111
215
75
83
4
56
173
191
177
247
226
139
246
120
240
63
35
22
49
236
48
38
173
191
60
108
34
51
23
120
240
63
151
201
112
60
159
1
173
191
186
78
35
45
149
119
240
63
5
54
231
224
153
208
172
191
44
43
77
74
65
119
240
63
57
94
129
232
73
153
172
191
73
46
255
33
253
118
240
63
123
188
144
14
15
97
172
191
238
233
234
142
197
118
240
63
245
131
186
72
161
44
172
191
130
168
251
0
164
118
240
63
34
226
230
84
50
0
172
191
96
58
173
219
160
118
240
63
233
69
237
126
21
224
171
191
238
233
234
142
197
118
240
63
50
30
165
18
158
208
171
191
101
25
226
88
23
119
240
63
185
166
64
102
103
209
171
191
208
66
2
70
151
119
240
63
134
169
45
117
144
215
171
191
48
102
75
86
69
120
240
63
240
52
153
241
182
210
171
191
109
143
222
112
31
121
240
63
196
206
20
58
175
177
171
191
136
190
187
149
37
122
240
63
102
187
66
31
44
99
171
191
60
23
70
122
81
123
240
63
198
51
104
232
159
224
170
191
46
201
1
187
154
124
240
63
129
206
164
77
213
61
170
191
146
63
24
120
238
125
240
63
35
216
184
254
93
159
169
191
200
205
112
3
62
127
240
63
98
245
71
24
6
44
169
191
28
211
19
150
120
128
240
63
27
72
23
155
86
10
169
191
213
174
9
105
141
129
240
63
186
105
51
78
67
84
169
191
98
46
169
218
110
130
240
63
190
192
172
80
164
251
169
191
23
43
106
48
13
131
240
63
111
242
91
116
178
212
170
191
62
4
85
163
87
131
240
63
155
118
49
205
116
175
171
191
34
25
114
108
61
131
240
63
229
71
252
138
53
92
172
191
103
153
69
40
182
130
240
63
152
193
24
145
40
180
172
191
185
171
87
145
209
129
240
63
165
247
141
175
61
179
172
191
198
109
52
128
183
128
240
63
79
6
71
201
171
115
172
191
97
107
182
242
146
127
240
63
71
1
162
96
198
20
172
191
105
170
39
243
143
126
240
63
144
246
63
192
90
181
171
191
118
84
53
65
212
125
240
63
244
138
167
30
105
112
171
191
73
132
70
176
113
125
240
63
146
150
202
219
17
78
171
191
192
203
12
27
101
125
240
63
73
102
245
14
183
67
171
191
118
224
156
17
165
125
240
63
18
216
156
131
103
66
171
191
3
120
11
36
40
126
240
63
82
11
37
147
83
59
171
191
36
182
187
7
232
126
240
63
42
54
230
117
196
33
171
191
137
68
161
101
221
127
240
63
72
168
25
82
69
241
170
191
15
181
109
24
5
129
240
63
187
40
122
224
99
176
170
191
104
177
20
201
87
130
240
63
30
226
31
182
244
104
170
191
124
69
183
94
211
131
240
63
22
53
152
134
225
35
170
191
19
15
40
155
114
133
240
63
141
70
62
175
120
234
169
191
141
97
78
208
38
135
240
63
135
167
87
202
50
196
169
191
183
93
104
174
211
136
240
63
182
19
37
33
145
182
169
191
61
182
101
192
89
138
240
63
96
5
248
110
243
198
169
191
179
41
87
120
151
139
240
63
27
241
100
55
51
250
169
191
194
106
44
97
109
140
240
63
47
81
189
53
176
85
170
191
68
20
147
55
192
140
240
63
59
26
135
250
93
216
170
191
97
23
69
15
124
140
240
63
72
22
48
129
91
119
171
191
99
211
74
33
144
139
240
63
119
160
78
121
116
35
172
191
147
167
172
166
235
137
240
63
192
150
87
174
183
205
172
191
38
255
147
191
123
135
240
63
27
215
191
235
51
103
173
191
112
179
120
177
48
132
240
63
169
188
29
225
180
224
173
191
6
247
3
30
24
128
240
63
0
0
0
0
0
0
0
0
0
0
0
0
0
0
0
0
0
0
0
0
0
0
0
0
0
0
0
0
0
0
0
0
0
0
0
0
0
0
0
0
0
0
0
0
0
0
0
0
0
0
0
0
0
0
0
0
0
0
0
0
0
0
0
0
0
0
0
0
0
0
0
0
0
0
0
0
0
0
0
0
0
0
0
0
0
0
0
0
0
0
0
0
0
0
0
0
0
0
0
0
0
0
0
0
0
0
0
0
0
0
0
0
0
0
0
0
0
0
0
0
0
0
0
0
0
0
0
0
0
0
0
0
0
0
0
0
0
0
0
0
0
0
0
0
0
0
0
0
0
0
0
0
0
0
0
0
0
0
0
0
0
0
0
0
0
0
0
0
0
0
0
0
0
0
0
0
0
0
0
0
0
0
0
0
0
0
0
0
0
0
0
0
0
0
0
0
0
0
0
0
0
0
0
0
0
0
0
0
0
0
0
0
0
0
0
0
0
0
0
0
0
0
0
0
0
0
0
0
0
0
0
0
0
0
0
0
0
0
0
0
0
0
0
0
0
0
0
0
0
0
0
0
0
0
0
0
0
0
0
0
0
0
0
0
0
0
0
0
0
0
0
0
0
0
0
0
0
0
0
0
0
0
0
0
0
0
0
0
0
0
0
0
0
0
0
0
0
0
0
0
0
0
0
0
0
0
0
0
0
0
0
0
0
0
0
0
0
0
0
0
0
0
0
0
0
0
0
0
0
0
0
0
0
0
0
0
0
0
0
0
0
0
0
0
0
0
0
0
0
0
0
0
0
0
0
0
0
0
0
0
0
0
0
0
0
0
0
0
0
0
0
0
0
0
0
0
0
0
0
0
0
0
0
0
0
0
0
0
0
0
0
0
0
0
0
0
0
0
0
0
0
0
0
0
0
0
0
0
0
0
0
0
0
0
0
0
0
0
0
0
0
0
0
0
0
0
0
0
0
0
0
0
0
0
0
0
0
0
0
0
0
0
0
0
0
0
0
0
0
0
0
0
0
0
0
0
0
0
0
0
0
0
0
0
0
0
0
0
0
0
0
0
0
0
0
0
0
0
0
0
0
0
0
0
0
0
0
0
0
0
0
0
0
0
0
0
0
0
0
0
0
0
0
0
0
0
0
0
0
0
0
0
0
0
0
0
0
0
0
0
0
0
0
0
0
0
0
0
0
0
0
0
0
0
0
0
0
0
0
0
0
0
0
0
0
0
0
0
0
0
0
0
0
0
0
0
0
0
0
0
0
0
0
0
0
0
0
0
0
0
0
0
0
0
0
0
0
0
0
0
0
0
0
0
0
0
0
0
0
0
0
0
0
0
0
0
0
0
0
0
0
0
0
0
0
0
0
0
0
0
0
0
0
0
0
0
0
0
0
0
0
0
0
0
0
0
0
0
0
0
0
0
0
0
0
0
0
0
0
0
0
0
0
0
0
0
0
0
0
0
0
0
0
0
0
0
0
0
0
0
0
0
0
0
0
0
0
0
0
0
0
0
0
0
0
0
0
0
0
0
0
0
0
0
0
0
0
0
0
0
0
0
0
0
0
0
0
0
0
0
0
0
0
0
0
0
0
0
0
0
0
0
0
0
0
0
0
0
0
0
0
0
0
0
0
0
0
0
0
0
0
0
0
0
0
0
0
0
0
0
0
0
0
0
0
0
0
0
0
0
0
0
0
0
0
0
0
0
0
0
0
0
0
0
0
0
0
0
0
0
0
0
0
0
0
0
0
0
0
0
0
0
0
0
0
0
0
0
0
0
0
0
0
0
0
0
0
0
0
0
0
0
0
0
0
0
0
0
0
0
0
0
0
0
0
0
0
0
0
0
0
0
0
0
0
0
0
0
0
0
0
0
0
0
0
0
0
0
0
0
0
0
0
0
0
0
0
0
0
0
0
0
0
0
0
0
0
0
0
0
0
0
0
0
0
0
0
0
0
0
0
0
0
0
0
0
0
0
0
0
0
0
0
0
0
0
0
0
0
0
0
0
0
0
0
0
0
0
0
0
0
0
0
0
0
0
0
0
0
0
0
0
0
0
0
0
0
0
0
0
0
0
0
0
0
0
0
0
0
0
0
0
0
0
0
0
0
0
0
0
0
0
0
0
0
0
0
0
0
0
0
0
0
0
0
0
0
0
0
0
0
0
0
0
0
0
0
0
0
0
0
0
0
0
0
0
0
0
0
0
0
0
0
0
0
0
0
0
0
0
0
0
0
0
0
0
0
0
0
0
0
0
0
0
0
0
0
0
0
0
0
0
0
0
0
0
0
0
0
0
0
0
0
0
0
0
0
0
0
0
0
0
0
0
0
0
0
0
0
0
0
0
0
0
0
0
0
0
0
0
0
0
0
0
0
0
0
0
0
0
0
0
0
0
0
0
0
0
0
0
0
0
0
0
0
0
0
0
0
0
0
0
0
0
0
0
0
0
0
0
0
0
0
0
0
0
0
0
0
0
0
0
0
0
0
0
0
0
0
0
0
0
0
0
0
0
0
0
0
0
0
0
0
0
0
0
0
0
0
0
0
0
0
0
0
0
0
0
0
0
0
0
0
0
0
0
0
0
0
0
0
0
0
0
0
0
0
0
0
0
0
0
0
0
0
0
0
0
0
0
0
0
0
0
0
0
0
0
0
0
0
0
0
0
0
0
0
0
0
0
0
0
0
0
0
0
0
0
0
0
0
0
0
0
0
0
0
0
0
0
0
0
0
0
0
0
0
0
0
0
0
0
0
0
0
0
0