58
70
65
67
84
58
67
68
65
84
49
56
58
68
65
84
65
32
35
57
48
48
48
48
48
54
57
51
54
178
212
122
191
209
142
238
63
35
105
55
250
152
15
192
63
87
175
34
163
3
146
238
63
87
207
73
239
27
95
191
63
25
1
21
142
32
149
238
63
178
43
45
35
245
158
190
63
14
190
48
153
42
152
238
63
162
70
33
201
172
222
189
63
77
218
84
221
35
155
238
63
219
192
29
168
83
30
189
63
168
109
195
40
8
158
238
63
21
59
26
135
250
93
188
63
78
96
58
173
219
160
238
63
226
115
39
216
127
157
187
63
16
202
251
56
154
163
238
63
68
107
69
155
227
220
186
63
29
147
197
253
71
166
238
63
166
98
99
94
71
28
186
63
70
211
217
201
224
168
238
63
82
185
137
90
154
91
185
63
185
114
246
206
104
171
238
63
254
15
176
86
237
154
184
63
72
137
93
219
219
173
238
63
62
37
231
196
30
218
183
63
11
11
238
7
60
176
238
63
200
153
38
108
63
25
183
63
24
236
134
109
139
178
238
63
82
14
102
19
96
88
182
63
65
68
106
218
197
180
238
63
112
65
182
44
95
151
181
63
158
7
119
103
237
182
238
63
142
116
6
70
94
214
180
63
47
54
173
20
2
185
238
63
247
6
95
152
76
21
180
63
9
196
235
250
5
187
238
63
95
153
183
234
58
84
179
63
0
201
116
232
244
188
238
63
91
234
32
175
7
147
178
63
42
57
39
246
208
190
238
63
88
59
138
115
212
209
177
63
135
20
3
36
154
192
238
63
84
140
243
55
161
16
177
63
24
91
8
114
80
194
238
63
229
155
109
110
76
79
176
63
221
12
55
224
243
195
238
63
87
152
190
215
16
28
175
63
212
41
143
110
132
197
238
63
12
118
195
182
69
153
173
63
255
177
16
29
2
199
238
63
193
83
200
149
122
22
172
63
93
165
187
235
108
200
238
63
119
49
205
116
175
147
170
63
239
3
144
218
196
201
238
63
192
205
226
197
194
16
169
63
157
217
174
208
7
203
238
63
158
40
9
137
180
141
167
63
149
14
214
255
57
204
238
63
123
131
47
76
166
10
166
63
170
186
71
54
87
205
238
63
89
222
85
15
152
135
164
63
9
198
193
165
99
206
238
63
203
247
140
68
104
4
163
63
155
60
101
53
93
207
238
63
60
17
196
121
56
129
161
63
73
42
83
204
65
208
238
63
92
85
246
93
17
252
159
63
44
131
106
131
19
209
238
63
104
5
134
172
110
245
156
63
88
59
138
115
212
209
238
63
116
181
21
251
203
238
153
63
161
106
244
106
128
210
238
63
128
101
165
73
41
232
150
63
29
5
136
130
25
211
238
63
140
21
53
152
134
225
147
63
204
10
69
186
159
211
238
63
192
66
230
202
160
218
144
63
175
123
43
18
19
212
238
63
231
223
46
251
117
167
139
63
197
87
59
138
115
212
238
63
255
63
78
152
48
154
133
63
14
159
116
34
193
212
238
63
206
52
97
251
201
24
127
63
139
81
215
218
251
212
238
63
159
233
37
198
50
253
114
63
59
111
99
179
35
213
238
63
188
121
170
67
110
134
91
63
8
4
58
147
54
213
238
63
126
224
42
79
32
236
84
191
31
248
24
172
56
213
238
63
79
3
6
73
159
86
113
191
82
99
66
204
37
213
238
63
127
78
65
126
54
114
125
191
207
45
116
37
2
213
238
63
215
76
190
217
230
198
132
191
105
111
240
133
201
212
238
63
192
236
158
60
44
212
138
191
77
16
117
31
128
212
238
63
44
73
158
235
251
112
144
191
78
40
68
192
33
212
238
63
248
27
237
184
225
119
147
191
130
171
60
129
176
211
238
63
236
107
93
106
132
126
150
191
233
153
94
98
44
211
238
63
224
187
205
27
39
133
153
191
132
243
169
99
149
210
238
63
212
11
62
205
201
139
156
191
82
184
30
133
235
209
238
63
200
91
174
126
108
146
159
191
83
232
188
198
46
209
238
63
114
20
32
10
102
76
161
191
136
131
132
40
95
208
238
63
1
251
232
212
149
207
162
191
240
137
117
170
124
207
238
63
143
225
177
159
197
82
164
191
139
251
143
76
135
206
238
63
177
134
139
220
211
213
165
191
90
216
211
14
127
205
238
63
212
43
101
25
226
88
167
191
69
44
98
216
97
204
238
63
246
208
62
86
240
219
168
191
122
223
248
218
51
203
238
63
173
52
41
5
221
94
170
191
204
9
218
228
240
201
238
63
99
152
19
180
201
225
171
191
81
159
228
14
155
200
238
63
174
186
14
213
148
100
173
191
33
148
247
113
52
199
238
63
249
220
9
246
95
231
174
191
13
0
85
220
184
197
238
63
236
222
138
196
4
53
176
191
44
215
219
102
42
196
238
63
165
46
25
199
72
246
176
191
149
13
107
42
139
194
238
63
169
221
175
2
124
183
177
191
27
187
68
245
214
192
238
63
172
140
70
62
175
120
178
191
2
188
5
18
20
191
238
63
68
250
237
235
192
57
179
191
5
52
17
54
60
189
238
63
146
8
141
96
227
250
179
191
37
35
103
97
79
187
238
63
41
118
52
14
245
187
180
191
120
125
230
172
79
185
238
63
193
227
219
187
6
125
181
191
209
90
209
230
56
183
238
63
15
242
122
48
41
62
182
191
71
175
6
40
13
181
238
63
92
0
26
165
75
255
182
191
194
134
167
87
202
178
238
63
244
109
193
82
93
192
183
191
113
201
113
167
116
176
238
63
106
249
129
171
60
129
184
191
174
71
225
122
20
174
238
63
8
2
100
232
216
65
185
191
99
13
23
185
167
171
238
63
25
231
111
66
33
2
186
191
211
246
175
172
52
169
238
63
230
7
174
242
4
194
186
191
68
224
72
160
193
166
238
63
37
5
22
192
148
129
187
191
157
213
2
123
76
164
238
63
249
192
142
255
2
65
188
191
14
191
155
110
217
161
238
63
130
29
255
5
130
0
189
191
149
156
19
123
104
159
238
63
119
187
94
154
34
192
189
191
51
110
106
160
249
156
238
63
250
124
148
17
23
128
190
191
232
51
160
222
140
154
238
63
159
32
177
221
61
64
191
191
88
29
57
210
25
152
238
63
17
113
115
42
25
0
192
191
229
125
28
205
145
149
238
63
251
206
47
74
208
95
192
191
239
168
49
33
230
146
238
63
235
199
38
249
17
191
192
191
171
9
162
238
3
144
238
63
118
26
105
169
188
29
193
191
188
207
241
209
226
140
238
63
246
150
114
190
216
123
193
191
222
30
132
128
124
137
238
63
216
126
50
198
135
217
193
191
86
211
245
68
215
133
238
63
243
84
135
220
12
55
194
191
105
201
227
105
249
129
238
63
106
251
87
86
154
148
194
191
66
233
11
33
231
125
238
63
2
132
15
37
90
242
194
191
40
15
11
181
166
121
238
63
22
191
41
172
84
80
195
191
139
255
59
162
66
117
238
63
151
59
51
193
112
174
195
191
198
138
26
76
195
112
238
63
188
231
192
114
132
12
196
191
143
81
158
121
57
108
238
63
192
177
103
207
101
106
196
191
111
12
1
192
177
103
238
63
145
40
180
172
251
199
196
191
216
127
157
155
54
99
238
63
122
171
174
67
53
37
197
191
14
136
16
87
206
94
238
63
155
28
62
233
68
130
197
191
181
84
222
142
112
90
238
63
24
94
73
242
92
223
197
191
92
33
172
198
18
86
238
63
17
82
183
179
175
60
198
191
145
41
31
130
170
81
238
63
169
218
110
130
111
154
198
191
250
156
187
93
47
77
238
63
150
152
103
37
173
248
198
191
59
171
5
246
152
72
238
63
123
187
37
57
96
87
199
191
84
84
253
74
231
67
238
63
148
49
62
204
94
182
199
191
115
128
96
142
30
63
238
63
115
185
193
80
135
21
200
191
130
59
80
167
60
58
238
63
9
226
60
156
192
116
200
191
195
97
105
224
71
53
238
63
158
10
184
231
249
211
200
191
56
243
171
57
64
48
238
63
34
194
191
8
26
51
201
191
248
227
246
203
39
43
238
63
150
8
84
255
32
146
201
191
92
4
198
250
6
38
238
63
248
221
116
203
14
241
201
191
101
84
25
198
221
32
238
63
148
161
42
166
210
79
202
191
87
176
141
120
178
27
238
63
122
196
232
185
133
174
202
191
28
36
68
249
130
22
238
63
170
70
175
6
40
13
203
191
111
211
159
253
72
17
238
63
70
10
101
225
235
107
203
191
201
5
103
240
247
11
238
63
168
223
133
173
217
202
203
191
91
38
195
241
124
6
238
63
244
168
248
191
35
42
204
191
181
112
89
133
205
0
238
63
130
54
57
124
210
137
204
191
146
8
141
96
227
250
237
63
216
213
228
41
171
233
204
191
145
154
118
49
205
244
237
63
120
212
152
16
115
73
205
191
241
127
71
84
168
238
237
63
121
62
3
234
205
168
205
191
8
6
16
62
148
232
237
63
95
97
193
253
128
7
206
191
18
134
1
75
174
226
237
63
247
233
120
204
64
101
206
191
244
136
209
115
11
221
237
63
7
234
148
71
55
194
206
191
83
62
4
85
163
215
237
63
105
228
243
138
167
30
207
191
104
148
46
253
75
210
237
63
168
252
107
121
229
122
207
191
153
97
163
172
223
204
237
63
249
133
87
146
60
215
207
191
55
136
214
138
54
199
237
63
153
129
202
248
247
25
208
191
214
198
216
9
47
193
237
63
42
58
146
203
127
72
208
191
95
41
203
16
199
186
237
63
38
52
73
44
41
119
208
191
180
56
99
152
19
180
237
63
217
206
247
83
227
165
208
191
45
66
177
21
52
173
237
63
94
129
232
73
153
212
208
191
239
170
7
204
67
166
237
63
0
171
35
71
58
3
209
191
246
239
250
204
89
159
237
63
190
75
169
75
198
49
209
191
178
213
229
148
128
152
237
63
199
75
55
137
65
96
209
191
179
151
109
167
173
145
237
63
207
75
197
198
188
142
209
191
89
137
121
86
210
138
237
63
50
28
207
103
64
189
209
191
73
218
141
62
230
131
237
63
121
117
142
1
217
235
209
191
227
221
145
177
218
124
237
63
72
135
135
48
126
26
210
191
252
171
199
125
171
117
237
63
206
57
120
38
52
73
210
191
191
44
237
212
92
110
237
63
128
212
38
78
238
119
210
191
181
24
60
76
251
102
237
63
216
158
89
18
160
166
210
191
245
99
147
252
136
95
237
63
167
176
82
65
69
213
210
191
8
199
44
123
18
88
237
63
101
81
216
69
209
3
211
191
238
65
8
200
151
80
237
63
229
152
44
238
63
50
211
191
1
165
161
70
33
73
237
63
113
230
87
115
128
96
211
191
88
228
215
15
177
65
237
63
173
105
222
113
138
142
211
191
243
255
170
35
71
58
237
63
63
82
68
134
85
188
211
191
23
212
183
204
233
50
237
63
204
207
13
77
217
233
211
191
150
120
64
217
148
43
237
63
130
202
248
247
25
23
212
191
21
29
201
229
63
36
237
63
232
250
62
28
36
68
212
191
245
20
57
68
220
28
237
63
44
73
158
235
251
112
212
191
173
167
86
95
93
21
237
63
169
133
146
201
169
157
212
191
158
40
9
137
180
13
237
63
187
128
151
25
54
202
212
191
64
223
22
44
213
5
237
63
142
34
107
13
165
246
212
191
33
7
37
204
180
253
236
63
51
220
128
207
15
35
213
191
178
100
142
229
93
245
236
63
52
102
18
245
130
79
213
191
80
200
206
219
216
236
236
63
161
49
147
168
23
124
213
191
152
222
254
92
52
228
236
63
47
223
250
176
222
168
213
191
230
119
154
204
120
219
236
63
177
134
139
220
211
213
213
191
81
136
128
67
168
210
236
63
205
87
201
199
238
2
214
191
216
15
177
193
194
201
236
63
131
82
180
114
47
48
214
191
124
14
44
71
200
192
236
63
238
237
150
228
128
93
214
191
37
144
18
187
182
183
236
63
15
42
113
29
227
138
214
191
236
136
67
54
144
174
236
63
48
102
75
86
69
184
214
191
252
224
124
234
88
165
236
63
110
25
112
150
146
229
214
191
246
68
215
133
31
156
236
63
109
115
99
122
194
18
215
191
52
133
206
107
236
146
236
63
239
26
244
165
183
63
215
191
62
90
156
49
204
137
236
63
245
15
34
25
114
108
215
191
112
148
188
58
199
128
236
63
246
153
179
62
229
152
215
191
111
99
179
35
213
119
236
63
213
65
94
15
38
197
215
191
110
50
170
12
227
110
236
63
191
239
223
188
56
241
215
191
115
132
12
228
217
101
236
63
62
92
114
220
41
29
216
191
131
220
69
152
162
92
236
63
172
87
145
209
1
73
216
191
211
165
127
73
42
83
236
63
54
202
250
205
196
116
216
191
97
224
185
247
112
73
236
63
221
179
174
209
114
160
216
191
92
116
178
212
122
63
236
63
115
44
239
170
7
204
216
191
144
246
63
192
90
53
236
63
203
75
254
39
127
247
216
191
134
31
156
79
29
43
236
63
63
226
87
172
225
34
217
191
198
167
0
24
207
32
236
63
254
215
185
105
51
78
217
191
102
131
76
50
114
22
236
63
23
158
151
138
141
121
217
191
36
214
226
83
0
12
236
63
156
165
100
57
9
165
217
191
162
207
71
25
113
1
236
63
112
119
214
110
187
208
217
191
136
159
255
30
188
246
235
63
120
156
162
35
185
252
217
191
144
105
109
26
219
235
235
63
12
229
68
187
10
41
218
191
186
45
145
11
206
224
235
63
75
200
7
61
155
85
218
191
189
140
98
185
165
213
235
63
36
213
119
126
81
130
218
191
169
247
84
78
123
202
235
63
87
178
99
35
16
175
218
191
98
247
29
195
99
191
235
63
2
215
21
51
194
219
218
191
180
32
148
247
113
180
235
63
65
186
216
180
82
8
219
191
40
44
241
128
178
169
235
63
20
92
172
168
193
52
219
191
76
85
218
226
26
159
235
63
78
212
210
220
10
97
219
191
174
215
244
160
160
148
235
63
193
58
142
31
42
141
219
191
107
42
139
194
46
138
235
63
63
167
32
63
27
185
219
191
18
137
66
203
186
127
235
63
202
25
138
59
222
228
219
191
25
59
225
37
56
117
235
63
215
217
144
127
102
16
220
191
83
88
169
160
162
106
235
63
224
46
251
117
167
59
220
191
125
4
254
240
243
95
235
63
227
24
201
30
161
102
220
191
173
51
190
47
46
85
235
63
89
223
192
228
70
145
220
191
158
9
77
18
75
74
235
63
230
177
102
100
144
187
220
191
58
146
203
127
72
63
235
63
110
25
112
150
146
229
220
191
106
217
90
95
36
52
235
63
212
158
146
115
98
15
221
191
212
14
127
77
214
40
235
63
251
202
131
244
20
57
221
191
73
74
122
24
90
29
235
63
35
247
116
117
199
98
221
191
134
175
175
117
169
17
235
63
0
196
93
189
138
140
221
191
138
62
31
101
196
5
235
63
28
234
119
97
107
182
221
191
108
235
167
255
172
249
234
63
210
57
63
197
113
224
221
191
204
98
98
243
113
237
234
63
32
179
179
232
157
10
222
191
49
93
136
213
31
225
234
63
190
246
204
146
0
53
222
191
14
159
116
34
193
212
234
63
171
4
139
195
153
95
222
191
235
224
96
111
98
200
234
63
141
12
114
23
97
138
222
191
246
10
11
238
7
188
234
63
8
62
6
43
78
181
222
191
1
53
181
108
173
175
234
63
102
248
79
55
80
224
222
191
57
71
29
29
87
163
234
63
31
131
21
167
90
11
223
191
90
101
166
180
254
150
234
63
125
61
95
179
92
54
223
191
146
119
14
101
168
138
234
63
203
134
53
149
69
97
223
191
14
102
19
96
88
126
234
63
81
190
160
133
4
140
223
191
252
24
115
215
18
114
234
63
45
91
235
139
132
182
223
191
206
84
136
71
226
101
234
63
215
164
219
18
185
224
223
191
244
221
173
44
209
89
234
63
30
21
255
119
68
5
224
191
180
144
128
209
229
77
234
63
198
105
136
42
252
25
224
191
224
132
66
4
28
66
234
63
77
220
42
136
129
46
224
191
125
61
95
179
92
54
234
63
35
49
65
13
223
66
224
191
146
61
66
205
144
42
234
63
50
116
236
160
18
87
224
191
59
252
53
89
163
30
234
63
191
129
201
141
34
107
224
191
126
252
165
69
125
18
234
63
13
54
117
30
21
127
224
191
143
169
187
178
11
6
234
63
120
97
107
182
242
146
224
191
109
3
119
160
78
249
233
63
90
212
39
185
195
166
224
191
189
57
92
171
61
236
233
63
15
95
38
138
144
186
224
191
127
76
107
211
216
222
233
63
242
209
226
140
97
206
224
191
135
83
230
230
27
209
233
63
93
253
216
36
63
226
224
191
46
31
73
73
15
195
233
63
148
189
165
156
47
246
224
191
156
20
230
61
206
180
233
63
198
250
6
38
55
10
225
191
108
93
106
132
126
166
233
63
31
157
186
242
89
30
225
191
241
70
230
145
63
152
233
63
229
128
93
77
158
50
225
191
198
250
6
38
55
138
233
63
44
154
206
78
6
71
225
191
137
37
229
238
115
124
233
63
88
60
245
72
131
91
225
191
224
246
4
137
237
110
233
63
245
162
118
191
10
112
225
191
253
217
143
20
145
97
233
63
100
33
58
4
142
132
225
191
231
81
241
127
71
84
233
63
217
34
105
55
250
152
225
191
209
201
82
235
253
70
233
63
227
226
168
220
68
173
225
191
28
149
155
168
165
57
233
63
83
121
59
194
105
193
225
191
155
203
13
134
58
44
233
63
252
253
98
182
100
213
225
191
99
97
136
156
190
30
233
63
200
124
64
160
51
233
225
191
140
74
234
4
52
17
233
63
136
13
22
78
210
252
225
191
45
123
18
216
156
3
233
63
39
188
4
167
62
16
226
191
92
231
223
46
251
245
232
63
210
112
202
220
124
35
226
191
190
190
214
165
70
232
232
63
136
43
103
239
140
54
226
191
61
13
24
36
125
218
232
63
142
200
119
41
117
73
226
191
103
14
73
45
148
204
232
63
229
71
252
138
53
92
226
191
247
229
204
118
133
190
232
63
230
121
112
119
214
110
226
191
193
171
229
206
76
176
232
63
191
70
146
32
92
129
226
191
127
131
246
234
227
161
232
63
39
79
89
77
215
147
226
191
74
97
222
227
76
147
232
63
165
75
255
146
84
166
226
191
220
104
0
111
129
132
232
63
217
232
156
159
226
184
226
191
76
142
59
165
131
117
232
63
53
235
140
239
139
203
226
191
131
221
176
109
81
102
232
63
231
58
141
180
84
222
226
191
221
38
220
43
243
86
232
63
169
251
0
164
54
241
226
191
38
255
147
191
123
71
232
63
55
81
75
115
43
4
227
191
20
7
208
239
251
55
232
63
101
83
174
240
46
23
227
191
138
199
69
181
136
40
232
63
238
37
141
209
58
42
227
191
18
249
46
165
46
25
232
63
187
212
8
253
76
61
227
191
216
131
73
241
241
9
232
63
90
155
198
246
90
80
227
191
129
151
25
54
202
250
231
63
182
133
231
165
98
99
227
191
87
147
167
172
166
235
231
63
137
183
206
191
93
118
227
191
1
167
119
241
126
220
231
63
120
96
0
225
67
137
227
191
244
25
80
111
70
205
231
63
109
140
157
240
18
156
227
191
4
4
115
244
248
189
231
63
59
83
232
188
198
174
227
191
71
89
191
153
152
174
231
63
157
216
67
251
88
193
227
191
1
246
209
169
43
159
231
63
170
16
143
196
203
211
227
191
97
194
104
86
182
143
231
63
52
19
12
231
26
230
227
191
216
130
222
27
67
128
231
63
37
236
219
73
68
248
227
191
33
91
150
175
203
112
231
63
169
131
188
30
76
10
228
191
38
87
177
248
77
97
231
63
240
193
107
151
54
28
228
191
48
214
55
48
185
81
231
63
15
155
200
204
5
46
228
191
252
251
140
11
7
66
231
63
29
3
178
215
187
63
228
191
235
27
152
220
40
50
231
63
117
202
163
27
97
81
228
191
252
53
89
163
30
34
231
63
46
229
124
177
247
98
228
191
25
86
241
70
230
17
231
63
231
255
85
71
142
116
228
191
134
88
253
17
134
1
231
63
182
14
14
246
38
134
228
191
157
13
249
103
6
241
230
63
15
214
255
57
204
151
228
191
141
93
162
122
107
224
230
63
74
38
167
118
134
169
228
191
131
48
183
123
185
207
230
63
150
231
193
221
89
187
228
191
195
98
212
181
246
190
230
63
221
37
113
86
68
205
228
191
145
208
150
115
41
174
230
63
172
28
90
100
59
223
228
191
5
110
221
205
83
157
230
63
146
7
34
139
52
241
228
191
97
23
69
15
124
140
230
63
97
254
10
153
43
3
229
191
190
192
172
80
164
123
230
63
190
48
153
42
24
21
229
191
95
70
177
220
210
106
230
63
124
182
14
14
246
38
229
191
90
156
49
204
9
90
230
63
110
167
173
17
193
56
229
191
200
182
12
56
75
73
230
63
78
39
217
234
114
74
229
191
235
113
223
106
157
56
230
63
7
66
178
128
9
92
229
191
151
229
235
50
252
39
230
63
107
15
123
161
128
109
229
191
203
17
50
144
103
23
230
63
99
155
84
52
214
126
229
191
210
85
186
187
206
6
230
63
216
241
95
32
8
144
229
191
103
213
231
106
43
246
229
63
180
30
190
76
20
161
229
191
235
227
161
239
110
229
229
63
247
33
111
185
250
177
229
191
237
188
141
205
142
212
229
63
160
251
114
102
187
194
229
191
107
96
171
4
139
195
229
63
34
112
36
208
96
211
229
191
81
218
27
124
97
178
229
63
215
79
255
89
243
227
229
191
226
6
124
126
24
161
229
63
26
107
127
103
123
244
229
191
29
230
203
11
176
143
229
63
71
146
32
92
1
5
230
191
26
108
234
60
42
126
229
63
115
185
193
80
135
21
230
191
6
129
149
67
139
108
229
63
228
188
255
143
19
38
230
191
15
13
139
81
215
90
229
63
153
156
218
25
166
54
230
191
52
16
203
102
14
73
229
63
169
76
49
7
65
71
230
191
164
114
19
181
52
55
229
63
66
181
193
137
232
87
230
191
161
16
1
135
80
37
229
63
98
214
139
161
156
104
230
191
45
234
147
220
97
19
229
63
200
211
242
3
87
121
230
191
71
255
203
181
104
1
229
63
45
209
89
102
17
138
230
191
52
44
70
93
107
239
228
63
123
218
225
175
201
154
230
191
221
124
35
186
103
221
228
63
110
19
238
149
121
171
230
191
88
229
66
229
95
203
228
63
195
159
225
205
26
188
230
191
211
77
98
16
88
185
228
63
74
151
254
37
169
204
230
191
55
194
162
34
78
167
228
63
193
29
168
83
30
221
230
191
178
42
194
77
70
149
228
63
226
86
65
12
116
237
230
191
91
123
159
170
66
131
228
63
129
90
12
30
166
253
230
191
49
180
58
57
67
113
228
63
89
76
108
62
174
13
231
191
52
213
147
249
71
95
228
63
175
8
254
183
146
29
231
191
79
234
203
210
78
77
228
63
175
119
127
188
87
45
231
191
60
23
70
122
81
59
228
63
113
141
207
100
255
60
231
191
183
127
101
165
73
41
228
63
12
62
205
201
139
76
231
191
169
47
75
59
53
23
228
63
218
89
244
78
5
92
231
191
230
62
57
10
16
5
228
63
219
224
68
244
107
107
231
191
40
209
146
199
211
242
227
63
83
175
91
4
198
122
231
191
90
242
120
90
126
224
227
63
67
197
56
127
19
138
231
191
100
174
12
170
13
206
227
63
217
10
154
150
88
153
231
191
48
17
111
157
127
187
227
63
87
92
28
149
155
168
231
191
144
50
226
2
208
168
227
63
145
209
1
73
216
183
231
191
200
238
2
37
5
150
227
63
158
94
41
203
16
199
231
191
216
69
209
3
31
131
227
63
171
235
80
77
73
214
231
191
28
8
201
2
38
112
227
63
138
144
186
157
125
229
231
191
216
17
135
108
32
93
227
63
105
53
36
238
177
244
231
191
33
87
234
89
16
74
227
63
4
254
240
243
223
3
232
191
39
192
176
252
249
54
227
63
91
234
32
175
7
19
232
191
22
53
152
134
225
35
227
63
42
30
23
213
34
34
232
191
27
158
94
41
203
16
227
63
112
153
211
101
49
49
232
191
101
227
193
22
187
253
226
63
0
116
152
47
47
64
232
191
243
4
194
78
177
234
226
63
172
197
167
0
24
79
232
191
197
2
95
209
173
215
226
63
140
130
224
241
237
93
232
191
83
36
95
9
164
196
226
63
114
194
132
209
172
108
232
191
111
129
4
197
143
177
226
63
116
121
115
184
86
123
232
191
145
97
21
111
100
158
226
63
102
191
238
116
231
137
232
191
117
232
244
188
27
139
226
63
70
148
246
6
95
152
232
191
49
10
130
199
183
119
226
63
45
236
105
135
191
166
232
191
243
174
122
192
60
100
226
63
25
199
72
246
8
181
232
191
44
155
57
36
181
80
226
63
34
25
114
108
61
195
232
191
56
159
58
86
41
61
226
63
49
238
6
209
90
209
232
191
91
151
26
161
159
41
226
63
138
34
164
110
103
223
232
191
148
131
217
4
24
22
226
63
67
170
40
94
101
237
232
191
183
123
185
79
142
2
226
63
116
121
115
184
86
251
232
191
81
187
95
5
248
238
225
63
75
120
66
175
63
9
233
191
8
114
80
194
76
219
225
63
243
142
83
116
36
23
233
191
129
207
15
35
132
199
225
63
133
177
133
32
7
37
233
191
210
199
124
64
160
179
225
63
166
15
93
80
223
50
233
191
18
79
118
51
163
159
225
63
107
157
184
28
175
64
233
191
179
41
87
120
151
139
225
63
122
138
28
34
110
78
233
191
38
28
122
139
135
119
225
63
212
214
136
96
28
92
233
191
199
246
90
208
123
99
225
63
97
142
30
191
183
105
233
191
172
173
216
95
118
79
225
63
10
189
254
36
62
119
233
191
190
76
20
33
117
59
225
63
253
74
231
195
179
132
233
191
140
15
179
151
109
39
225
63
59
56
216
155
24
146
233
191
0
2
214
170
93
19
225
63
194
132
209
172
108
159
233
191
189
83
1
247
60
255
224
63
194
24
145
40
180
172
233
191
151
28
119
74
7
235
224
63
244
23
122
196
232
185
233
191
164
80
22
190
190
214
224
63
113
118
107
153
12
199
233
191
229
239
222
81
99
194
224
63
55
52
101
167
31
212
233
191
180
202
76
105
253
173
224
63
26
105
169
188
29
225
233
191
17
225
95
4
141
153
224
63
26
21
56
217
6
238
233
191
42
27
214
84
22
133
224
63
77
44
240
21
221
250
233
191
209
144
241
40
149
112
224
63
203
162
176
139
162
7
234
191
30
54
145
153
11
92
224
63
146
120
121
58
87
20
234
191
248
22
214
141
119
71
224
63
231
137
231
108
1
33
234
191
75
63
225
236
214
50
224
63
181
226
27
10
159
45
234
191
231
198
244
132
37
30
224
63
249
130
22
18
48
58
234
191
17
138
173
160
105
9
224
63
182
106
215
132
180
70
234
191
58
65
155
28
62
233
223
63
211
165
127
73
42
83
234
191
109
229
37
255
147
191
223
63
58
64
48
71
143
95
234
191
143
24
61
183
208
149
223
63
2
46
200
150
229
107
234
191
252
170
92
168
252
107
223
63
20
123
104
31
43
120
234
191
224
132
66
4
28
66
223
63
134
27
240
249
97
132
234
191
14
190
48
153
42
24
223
63
90
15
95
38
138
144
234
191
225
38
163
202
48
238
222
63
188
62
115
214
167
156
234
191
89
191
153
152
46
196
222
63
172
169
44
10
187
168
234
191
164
111
210
52
40
154
222
63
43
80
139
193
195
180
234
191
148
79
143
109
25
112
222
63
33
62
176
227
191
192
234
191
251
118
18
17
254
69
222
63
120
127
188
87
173
204
234
191
218
229
91
31
214
27
222
63
2
44
242
235
135
216
234
191
168
227
49
3
149
241
221
63
191
67
81
160
79
228
234
191
192
64
16
32
67
199
221
63
154
210
250
91
2
240
234
191
108
92
255
174
207
156
221
63
144
216
238
30
160
251
234
191
7
7
123
19
67
114
221
63
186
73
12
2
43
7
235
191
55
112
7
234
148
71
221
63
24
38
83
5
163
18
235
191
40
128
98
100
201
28
221
63
146
121
228
15
6
30
235
191
128
102
16
31
216
241
220
63
86
44
126
83
88
41
235
191
198
219
74
175
205
198
220
63
77
74
65
183
151
52
235
191
252
223
17
21
170
155
220
63
120
211
45
59
196
63
235
191
170
43
159
229
121
112
220
63
214
199
67
223
221
74
235
191
178
71
168
25
82
69
220
63
126
27
98
188
230
85
235
191
232
75
111
127
46
26
220
63
89
218
169
185
220
96
235
191
2
217
235
221
31
239
219
63
150
236
216
8
196
107
235
191
118
54
228
159
25
196
219
63
28
94
16
145
154
118
235
191
24
124
154
147
23
153
219
63
236
46
80
82
96
129
235
191
94
241
212
35
13
110
219
63
52
71
86
126
25
140
235
191
239
197
23
237
241
66
219
63
221
178
67
252
195
150
235
191
157
17
165
189
193
23
219
63
231
113
24
204
95
161
235
191
57
236
190
99
120
236
218
63
58
144
245
212
234
171
235
191
243
61
35
17
26
193
218
63
239
1
186
47
103
182
235
191
200
6
210
197
166
149
218
63
215
222
167
170
208
192
235
191
141
94
13
80
26
106
218
63
242
38
191
69
39
203
235
191
111
45
147
225
120
62
218
63
87
206
222
25
109
213
235
191
109
115
99
122
194
18
218
63
240
224
39
14
160
223
235
191
45
96
2
183
238
230
217
63
210
82
121
59
194
233
235
191
9
196
235
250
5
187
217
63
255
35
211
161
211
243
235
191
212
182
97
20
4
143
217
63
140
72
20
90
214
253
235
191
143
56
100
3
233
98
217
63
123
192
60
100
202
7
236
191
56
73
243
199
180
54
217
63
179
151
109
167
173
17
236
191
44
185
138
197
111
10
217
63
54
206
166
35
128
27
236
191
60
160
108
202
21
222
216
63
235
111
9
192
63
37
236
191
242
182
210
107
179
177
216
63
2
101
83
174
240
46
236
191
76
253
188
169
72
133
216
63
53
209
231
163
140
56
236
191
75
115
43
132
213
88
216
63
133
180
198
160
19
66
236
191
240
24
30
251
89
44
216
63
241
14
240
164
133
75
236
191
57
238
148
14
214
255
215
63
99
236
132
151
224
84
236
191
40
243
143
190
73
211
215
63
219
76
133
120
36
94
236
191
187
39
15
11
181
166
215
63
89
48
241
71
81
103
236
191
198
163
84
194
19
122
215
63
244
138
167
30
105
112
236
191
118
79
30
22
106
77
215
63
171
92
168
252
107
121
236
191
158
66
174
212
179
32
215
63
149
153
210
250
91
130
236
191
107
101
194
47
245
243
214
63
202
53
5
50
59
139
236
191
130
231
222
195
37
199
214
63
95
37
31
187
11
148
236
191
226
200
3
145
69
154
214
63
0
0
0
0
0
0
0
0
0
0
0
0
0
0
0
0
0
0
0
0
0
0
0
0
0
0
0
0
0
0
0
0
0
0
0
0
0
0
0
0
0
0
0
0
0
0
0
0
0
0
0
0
0
0
0
0
0
0
0
0
0
0
0
0
0
0
0
0
0
0
0
0
0
0
0
0
0
0
0
0
0
0
0
0
0
0
0
0
0
0
0
0
0
0
0
0
0
0
0
0
0
0
0
0
0
0
0
0
0
0
0
0
0
0
0
0
0
0
0
0
0
0
0
0
0
0
0
0
0
0
0
0
0
0
0
0
0
0
0
0
0
0
0
0
0
0
0
0
0
0
0
0
0
0
0
0
0
0
0
0
0
0
0
0
0
0
0
0
0
0
0
0
0
0
0
0
0
0
0
0
0
0
0
0
0
0
0
0
0
0
0
0
0
0
0
0
0
0
0
0
0
0
0
0
0
0
0
0
0
0
0
0
0
0
0
0
0
0
0
0
0
0
0
0
0
0
0
0
0
0
0
0
0
0
0
0
0
0
0
0
0
0
0
0
0
0
0
0
0
0
0
0
0
0
0
0
0
0
0
0
0
0
0
0
0
0
0
0
0
0
0
0
0
0
0
0
0
0
0
0
0
0
0
0
0
0
0
0
0
0
0
0
0
0
0
0
0
0
0
0
0
0
0
0
0
0
0
0
0
0
0
0
0
0
0
0
0
0
0
0
0
0
0
0
0
0
0
0
0
0
0
0
0
0
0
0
0
0
0
0
0
0
0
0
0
0
0
0
0
0
0
0
0
0
0
0
0
0
0
0
0
0
0
0
0
0
0
0
0
0
0
0
0
0
0
0
0
0
0
0
0
0
0
0
0
0
0
0
0
0
0
0
0
0
0
0
0
0
0
0
0
0
0
0
0
0
0
0
0
0
0
0
0
0
0
0
0
0
0
0
0
0
0
0
0
0
0
0
0
0
0
0
0
0
0
0
0
0
0
0
0
0
0
0
0
0
0
0
0
0
0
0
0
0
0
0
0
0
0
0
0
0
0
0
0
0
0
0
0
0
0
0
0
0
0
0
0
0
0
0
0
0
0
0
0
0
0
0
0
0
0
0
0
0
0
0
0
0
0
0
0
0
0
0
0
0
0
0
0
0
0
0
0
0
0
0
0
0
0
0
0
0
0
0
0
0
0
0
0
0
0
0
0
0
0
0
0
0
0
0
0
0
0
0
0
0
0
0
0
0
0
0
0
0
0
0
0
0
0
0
0
0
0
0
0
0
0
0
0
0
0
0
0
0
0
0
0
0
0
0
0
0
0
0
0
0
0
0
0
0
0
0
0
0
0
0
0
0
0
0
0
0
0
0
0
0
0
0
0
0
0
0
0
0
0
0
0
0
0
0
0
0
0
0
0
0
0
0
0
0
0
0
0
0
0
0
0
0
0
0
0
0
0
0
0
0
0
0
0
0
0
0
0
0
0
0
0
0
0
0
0
0
0
0
0
0
0
0
0
0
0
0
0
0
0
0
0
0
0
0
0
0
0
0
0
0
0
0
0
0
0
0
0
0
0
0
0
0
0
0
0
0
0
0
0
0
0
0
0
0
0
0
0
0
0
0
0
0
0
0
0
0
0
0
0
0
0
0
0
0
0
0
0
0
0
0
0
0
0
0
0
0
0
0
0
0
0
0
0
0
0
0
0
0
0
0
0
0
0
0
0
0
0
0
0
0
0
0
0
0
0
0
0
0
0
0
0
0
0
0
0
0
0
0
0
0
0
0
0
0
0
0
0
0
0
0
0
0
0
0
0
0
0
0
0
0
0
0
0
0
0
0
0
0
0
0
0
0
0
0
0
0
0
0
0
0
0
0
0
0
0
0
0
0
0
0
0
0
0
0
0
0
0
0
0
0
0
0
0
0
0
0
0
0
0
0
0
0
0
0
0
0
0
0
0
0
0
0
0
0
0
0
0
0
0
0
0
0
0
0
0
0
0
0
0
0
0
0
0
0
0
0
0
0
0
0
0
0
0
0
0
0
0
0
0
0
0
0
0
0
0
0
0
0
0
0
0
0
0
0
0
0
0
0
0
0
0
0
0
0
0
0
0
0
0
0
0
0
0
0
0
0
0
0
0
0
0
0
0
0
0
0
0
0
0
0
0
0
0
0
0
0
0
0
0
0
0
0
0
0
0
0
0
0
0
0
0
0
0
0
0
0
0
0
0
0
0
0
0
0
0
0
0
0
0
0
0
0
0
0
0
0
0
0
0
0
0
0
0
0
0
0
0
0
0
0
0
0
0
0
0
0
0
0
0
0
0
0
0
0
0
0
0
0
0
0
0
0
0
0
0
0
0
0
0
0
0
0
0
0
0
0
0
0
0
0
0
0
0
0
0
0
0
0
0
0
0
0
0
0
0
0
0
0
0
0
0
0
0
0
0
0
0
0
0
0
0
0
0
0
0
0
0
0
0
0
0
0
0
0
0
0
0
0
0
0
0
0
0
0
0
0
0
0
0
0
0
0
0
0
0
0
0
0
0
0
0
0
0
0
0
0
0
0
0
0
0
0
0
0
0
0
0
0
0
0
0
0
0
0
0
0
0
0
0
0
0
0
0
0
0
0
0
0
0
0
0
0
0
0
0
0
0
0
0
0
0
0
0
0
0
0
0
0
0
0
0
0
0
0
0
0
0
0
0
0
0
0
0
0
0
0
0
0
0
0
0
0
0
0
0
0
0
0
0
0
0
0
0
0
0
0
0
0
0
0
0