58
70
65
67
84
58
67
68
65
84
49
56
58
68
65
84
65
32
35
57
48
48
48
48
48
54
57
51
54
63
116
65
125
203
156
236
191
187
241
238
200
88
109
214
63
127
22
75
145
124
165
236
191
176
145
36
8
87
64
214
63
9
24
93
222
28
174
236
191
239
144
98
128
68
19
214
63
11
97
53
150
176
182
236
191
74
7
235
255
28
230
213
63
87
9
22
135
51
191
236
191
195
244
189
134
224
184
213
63
237
16
255
176
165
199
236
191
88
89
219
20
143
139
213
63
250
95
174
69
11
208
236
191
9
53
67
170
40
94
213
63
59
26
135
250
93
216
236
191
215
135
245
70
173
48
213
63
198
51
104
232
159
224
236
191
29
34
110
78
37
3
213
63
178
160
48
40
211
232
236
191
172
27
239
142
140
213
212
63
209
120
34
136
243
240
236
191
179
92
54
58
231
167
212
63
58
176
28
33
3
249
236
191
50
229
67
80
53
122
212
63
4
59
254
11
4
1
237
191
177
109
81
102
131
76
212
63
1
49
9
23
242
8
237
191
2
14
161
74
205
30
212
63
73
134
28
91
207
16
237
191
83
174
240
46
23
241
211
63
218
58
56
216
155
24
237
191
165
78
64
19
97
195
211
63
159
90
125
117
85
32
237
191
200
6
210
197
166
149
211
63
105
253
45
1
248
39
237
191
145
238
231
20
228
103
211
63
58
35
74
123
131
47
237
191
255
5
130
0
25
58
211
63
16
204
209
227
247
54
237
191
183
124
36
37
61
12
211
63
236
247
196
58
85
62
237
191
20
35
75
230
88
222
210
63
229
154
2
153
157
69
237
191
142
64
188
174
95
176
210
63
250
180
138
254
208
76
237
191
127
165
243
225
89
130
210
63
67
58
60
132
241
83
237
191
49
177
249
184
54
84
210
63
191
42
23
42
255
90
237
191
46
28
8
201
2
38
210
63
133
122
250
8
252
97
237
191
26
22
163
174
181
247
209
63
149
41
230
32
232
104
237
191
126
87
4
255
91
201
209
63
239
55
218
113
195
111
237
191
43
248
109
136
241
154
209
63
170
153
181
20
144
118
237
191
126
200
91
174
126
108
209
63
175
90
153
240
75
125
237
191
117
200
205
112
3
62
209
63
21
111
100
30
249
131
237
191
18
248
195
207
127
15
209
63
197
226
55
133
149
138
237
191
129
63
252
252
247
224
208
63
191
181
19
37
33
145
237
191
149
182
184
198
103
178
208
63
4
232
247
253
155
151
237
191
124
69
183
94
211
131
208
63
100
145
38
222
1
158
237
191
8
4
58
147
54
85
208
63
15
154
93
247
86
164
237
191
57
242
64
100
145
38
208
63
214
25
223
23
151
170
237
191
120
240
19
7
208
239
207
63
232
248
104
113
198
176
237
191
110
139
50
27
100
146
207
63
45
67
28
235
226
182
237
191
82
181
221
4
223
52
207
63
165
248
248
132
236
188
237
191
220
14
13
139
81
215
206
63
80
25
255
62
227
194
237
191
250
38
77
131
162
121
206
63
47
165
46
25
199
200
237
191
98
158
149
180
226
27
206
63
42
168
168
250
149
206
237
191
186
164
106
187
9
190
205
63
66
34
109
227
79
212
237
191
91
10
72
251
31
96
205
63
96
31
157
186
242
217
237
191
144
46
54
173
20
2
205
63
177
135
246
177
130
223
237
191
107
130
168
251
0
164
204
63
31
103
154
176
253
228
237
191
217
148
43
188
203
69
204
63
192
177
103
207
101
234
237
191
237
214
50
25
142
231
203
63
171
91
61
39
189
239
237
191
240
167
198
75
55
137
203
63
14
77
217
233
7
245
237
191
60
216
98
183
207
42
203
63
187
157
125
229
65
250
237
191
211
103
7
92
87
204
202
63
223
53
232
75
111
255
237
191
180
86
180
57
206
109
202
63
100
33
58
4
142
4
238
191
41
4
114
137
35
15
202
63
51
108
148
245
155
9
238
191
233
16
56
18
104
176
201
63
99
10
214
56
155
14
238
191
60
220
14
13
139
81
201
63
199
19
65
156
135
19
238
191
126
54
114
221
148
242
200
63
139
112
147
81
101
24
238
191
176
31
98
131
133
147
200
63
130
56
15
39
48
29
238
191
134
56
214
197
109
52
200
63
196
95
147
53
234
33
238
191
2
129
206
164
77
213
199
63
34
254
97
75
143
38
238
191
217
153
66
231
53
118
199
63
179
7
90
129
33
43
238
191
175
178
182
41
30
23
199
63
120
124
123
215
160
47
238
191
60
108
34
51
23
184
198
63
67
116
8
28
9
52
238
191
109
85
18
217
7
89
198
63
42
227
223
103
92
56
238
191
159
62
2
127
248
249
197
63
0
225
67
137
150
60
238
191
117
87
118
193
224
154
197
63
243
85
242
177
187
64
238
191
241
159
110
160
192
59
197
63
213
89
45
176
199
68
238
191
182
71
111
184
143
220
196
63
1
189
112
231
194
72
238
191
198
78
120
9
78
125
196
63
97
139
221
62
171
76
238
191
32
181
137
147
251
29
196
63
10
185
82
207
130
80
238
191
196
122
163
86
152
190
195
63
44
46
142
202
77
84
238
191
178
159
197
82
36
95
195
63
151
2
210
254
7
88
238
191
143
83
116
36
151
255
194
63
99
42
253
132
179
91
238
191
182
102
43
47
249
159
194
63
75
201
114
18
74
95
238
191
130
169
102
214
82
64
194
63
80
223
50
167
203
98
238
191
153
75
170
182
155
224
193
63
114
108
61
67
56
102
238
191
249
76
246
207
211
128
193
63
131
136
212
180
139
105
238
191
163
173
74
34
251
32
193
63
199
15
149
70
204
108
238
191
243
61
35
17
26
193
192
63
63
2
127
248
249
111
238
191
231
253
127
156
48
97
192
63
0
84
113
227
22
115
238
191
38
29
229
96
54
1
192
63
35
249
74
32
37
118
238
191
93
55
165
188
86
66
191
63
166
241
11
175
36
121
238
191
184
147
136
240
47
130
190
63
138
61
180
143
21
124
238
191
19
240
107
36
9
194
189
63
207
220
67
194
247
126
238
191
110
76
79
88
226
1
189
63
94
219
219
45
201
129
238
191
202
168
50
140
187
65
188
63
55
57
124
210
137
132
238
191
145
70
5
78
182
129
187
63
90
246
36
176
57
135
238
191
14
133
207
214
193
193
186
63
199
18
214
198
216
137
238
191
139
195
153
95
205
1
186
63
58
178
242
203
96
140
238
191
156
192
116
90
183
65
185
63
224
188
56
241
213
142
238
191
248
28
88
142
144
129
184
63
117
86
11
236
49
145
238
191
123
246
92
166
38
193
183
63
39
103
40
238
120
147
238
191
221
237
122
105
138
0
183
63
200
6
210
197
166
149
238
191
103
98
186
16
171
63
182
63
111
41
231
139
189
151
238
191
241
214
249
183
203
126
181
63
28
207
103
64
189
153
238
191
15
10
74
209
202
189
180
63
207
247
83
227
165
155
238
191
46
61
154
234
201
252
179
63
135
163
171
116
119
157
238
191
110
82
209
88
251
59
179
63
47
222
143
219
47
159
238
191
207
73
239
27
95
123
178
63
175
179
33
255
204
160
238
191
225
70
202
22
73
187
177
63
195
71
196
148
72
162
238
191
195
43
73
158
235
251
176
63
221
94
210
24
173
163
238
191
85
22
133
93
20
61
176
63
82
70
92
0
26
165
238
191
3
181
24
60
76
251
174
63
79
230
31
125
147
166
238
191
158
38
51
222
86
122
173
63
196
205
169
100
0
168
238
191
246
211
127
214
252
248
171
63
63
56
159
58
86
169
238
191
185
194
187
92
196
119
170
63
237
13
190
48
153
170
238
191
17
112
8
85
106
246
168
63
63
56
159
58
86
169
238
191
185
194
187
92
196
119
170
191
196
205
169
100
0
168
238
191
246
211
127
214
252
248
171
191
79
230
31
125
147
166
238
191
158
38
51
222
86
122
173
191
82
70
92
0
26
165
238
191
3
181
24
60
76
251
174
191
221
94
210
24
173
163
238
191
85
22
133
93
20
61
176
191
195
71
196
148
72
162
238
191
195
43
73
158
235
251
176
191
175
179
33
255
204
160
238
191
225
70
202
22
73
187
177
191
47
222
143
219
47
159
238
191
207
73
239
27
95
123
178
191
135
163
171
116
119
157
238
191
110
82
209
88
251
59
179
191
207
247
83
227
165
155
238
191
46
61
154
234
201
252
179
191
28
207
103
64
189
153
238
191
15
10
74
209
202
189
180
191
111
41
231
139
189
151
238
191
241
214
249
183
203
126
181
191
200
6
210
197
166
149
238
191
103
98
186
16
171
63
182
191
39
103
40
238
120
147
238
191
221
237
122
105
138
0
183
191
117
86
11
236
49
145
238
191
123
246
92
166
38
193
183
191
224
188
56
241
213
142
238
191
248
28
88
142
144
129
184
191
58
178
242
203
96
140
238
191
156
192
116
90
183
65
185
191
199
18
214
198
216
137
238
191
139
195
153
95
205
1
186
191
90
246
36
176
57
135
238
191
14
133
207
214
193
193
186
191
55
57
124
210
137
132
238
191
145
70
5
78
182
129
187
191
94
219
219
45
201
129
238
191
202
168
50
140
187
65
188
191
207
220
67
194
247
126
238
191
110
76
79
88
226
1
189
191
138
61
180
143
21
124
238
191
19
240
107
36
9
194
189
191
166
241
11
175
36
121
238
191
184
147
136
240
47
130
190
191
35
249
74
32
37
118
238
191
93
55
165
188
86
66
191
191
0
84
113
227
22
115
238
191
38
29
229
96
54
1
192
191
63
2
127
248
249
111
238
191
231
253
127
156
48
97
192
191
199
15
149
70
204
108
238
191
243
61
35
17
26
193
192
191
131
136
212
180
139
105
238
191
163
173
74
34
251
32
193
191
114
108
61
67
56
102
238
191
249
76
246
207
211
128
193
191
80
223
50
167
203
98
238
191
153
75
170
182
155
224
193
191
75
201
114
18
74
95
238
191
130
169
102
214
82
64
194
191
99
42
253
132
179
91
238
191
182
102
43
47
249
159
194
191
151
2
210
254
7
88
238
191
143
83
116
36
151
255
194
191
44
46
142
202
77
84
238
191
178
159
197
82
36
95
195
191
10
185
82
207
130
80
238
191
196
122
163
86
152
190
195
191
97
139
221
62
171
76
238
191
32
181
137
147
251
29
196
191
1
189
112
231
194
72
238
191
198
78
120
9
78
125
196
191
213
89
45
176
199
68
238
191
182
71
111
184
143
220
196
191
243
85
242
177
187
64
238
191
241
159
110
160
192
59
197
191
0
225
67
137
150
60
238
191
117
87
118
193
224
154
197
191
42
227
223
103
92
56
238
191
159
62
2
127
248
249
197
191
67
116
8
28
9
52
238
191
109
85
18
217
7
89
198
191
120
124
123
215
160
47
238
191
60
108
34
51
23
184
198
191
179
7
90
129
33
43
238
191
175
178
182
41
30
23
199
191
34
254
97
75
143
38
238
191
217
153
66
231
53
118
199
191
196
95
147
53
234
33
238
191
2
129
206
164
77
213
199
191
130
56
15
39
48
29
238
191
134
56
214
197
109
52
200
191
139
112
147
81
101
24
238
191
176
31
98
131
133
147
200
191
199
19
65
156
135
19
238
191
126
54
114
221
148
242
200
191
99
10
214
56
155
14
238
191
60
220
14
13
139
81
201
191
51
108
148
245
155
9
238
191
233
16
56
18
104
176
201
191
100
33
58
4
142
4
238
191
41
4
114
137
35
15
202
191
223
53
232
75
111
255
237
191
180
86
180
57
206
109
202
191
187
157
125
229
65
250
237
191
211
103
7
92
87
204
202
191
14
77
217
233
7
245
237
191
60
216
98
183
207
42
203
191
171
91
61
39
189
239
237
191
240
167
198
75
55
137
203
191
192
177
103
207
101
234
237
191
237
214
50
25
142
231
203
191
31
103
154
176
253
228
237
191
217
148
43
188
203
69
204
191
177
135
246
177
130
223
237
191
107
130
168
251
0
164
204
191
96
31
157
186
242
217
237
191
144
46
54
173
20
2
205
191
66
34
109
227
79
212
237
191
91
10
72
251
31
96
205
191
42
168
168
250
149
206
237
191
186
164
106
187
9
190
205
191
47
165
46
25
199
200
237
191
98
158
149
180
226
27
206
191
80
25
255
62
227
194
237
191
250
38
77
131
162
121
206
191
165
248
248
132
236
188
237
191
220
14
13
139
81
215
206
191
45
67
28
235
226
182
237
191
82
181
221
4
223
52
207
191
232
248
104
113
198
176
237
191
110
139
50
27
100
146
207
191
214
25
223
23
151
170
237
191
120
240
19
7
208
239
207
191
15
154
93
247
86
164
237
191
57
242
64
100
145
38
208
191
100
145
38
222
1
158
237
191
8
4
58
147
54
85
208
191
4
232
247
253
155
151
237
191
124
69
183
94
211
131
208
191
191
181
19
37
33
145
237
191
149
182
184
198
103
178
208
191
197
226
55
133
149
138
237
191
129
63
252
252
247
224
208
191
21
111
100
30
249
131
237
191
18
248
195
207
127
15
209
191
175
90
153
240
75
125
237
191
117
200
205
112
3
62
209
191
170
153
181
20
144
118
237
191
126
200
91
174
126
108
209
191
239
55
218
113
195
111
237
191
43
248
109
136
241
154
209
191
149
41
230
32
232
104
237
191
126
87
4
255
91
201
209
191
133
122
250
8
252
97
237
191
26
22
163
174
181
247
209
191
191
42
23
42
255
90
237
191
46
28
8
201
2
38
210
191
67
58
60
132
241
83
237
191
49
177
249
184
54
84
210
191
250
180
138
254
208
76
237
191
127
165
243
225
89
130
210
191
229
154
2
153
157
69
237
191
142
64
188
174
95
176
210
191
236
247
196
58
85
62
237
191
20
35
75
230
88
222
210
191
16
204
209
227
247
54
237
191
183
124
36
37
61
12
211
191
58
35
74
123
131
47
237
191
255
5
130
0
25
58
211
191
105
253
45
1
248
39
237
191
145
238
231
20
228
103
211
191
159
90
125
117
85
32
237
191
200
6
210
197
166
149
211
191
218
58
56
216
155
24
237
191
165
78
64
19
97
195
211
191
73
134
28
91
207
16
237
191
83
174
240
46
23
241
211
191
1
49
9
23
242
8
237
191
2
14
161
74
205
30
212
191
4
59
254
11
4
1
237
191
177
109
81
102
131
76
212
191
58
176
28
33
3
249
236
191
50
229
67
80
53
122
212
191
209
120
34
136
243
240
236
191
179
92
54
58
231
167
212
191
178
160
48
40
211
232
236
191
172
27
239
142
140
213
212
191
198
51
104
232
159
224
236
191
29
34
110
78
37
3
213
191
59
26
135
250
93
216
236
191
215
135
245
70
173
48
213
191
250
95
174
69
11
208
236
191
9
53
67
170
40
94
213
191
237
16
255
176
165
199
236
191
88
89
219
20
143
139
213
191
87
9
22
135
51
191
236
191
195
244
189
134
224
184
213
191
11
97
53
150
176
182
236
191
74
7
235
255
28
230
213
191
9
24
93
222
28
174
236
191
239
144
98
128
68
19
214
191
127
22
75
145
124
165
236
191
176
145
36
8
87
64
214
191
63
116
65
125
203
156
236
191
187
241
238
200
88
109
214
191
95
37
31
187
11
148
236
191
226
200
3
145
69
154
214
191
202
53
5
50
59
139
236
191
130
231
222
195
37
199
214
191
149
153
210
250
91
130
236
191
107
101
194
47
245
243
214
191
171
92
168
252
107
121
236
191
158
66
174
212
179
32
215
191
244
138
167
30
105
112
236
191
118
79
30
22
106
77
215
191
89
48
241
71
81
103
236
191
198
163
84
194
19
122
215
191
219
76
133
120
36
94
236
191
187
39
15
11
181
166
215
191
99
236
132
151
224
84
236
191
40
243
143
190
73
211
215
191
241
14
240
164
133
75
236
191
57
238
148
14
214
255
215
191
133
180
198
160
19
66
236
191
240
24
30
251
89
44
216
191
53
209
231
163
140
56
236
191
75
115
43
132
213
88
216
191
2
101
83
174
240
46
236
191
76
253
188
169
72
133
216
191
235
111
9
192
63
37
236
191
242
182
210
107
179
177
216
191
54
206
166
35
128
27
236
191
60
160
108
202
21
222
216
191
179
151
109
167
173
17
236
191
44
185
138
197
111
10
217
191
123
192
60
100
202
7
236
191
56
73
243
199
180
54
217
191
140
72
20
90
214
253
235
191
143
56
100
3
233
98
217
191
255
35
211
161
211
243
235
191
212
182
97
20
4
143
217
191
210
82
121
59
194
233
235
191
9
196
235
250
5
187
217
191
240
224
39
14
160
223
235
191
45
96
2
183
238
230
217
191
87
206
222
25
109
213
235
191
109
115
99
122
194
18
218
191
242
38
191
69
39
203
235
191
111
45
147
225
120
62
218
191
215
222
167
170
208
192
235
191
141
94
13
80
26
106
218
191
239
1
186
47
103
182
235
191
200
6
210
197
166
149
218
191
58
144
245
212
234
171
235
191
243
61
35
17
26
193
218
191
231
113
24
204
95
161
235
191
57
236
190
99
120
236
218
191
221
178
67
252
195
150
235
191
157
17
165
189
193
23
219
191
52
71
86
126
25
140
235
191
239
197
23
237
241
66
219
191
236
46
80
82
96
129
235
191
94
241
212
35
13
110
219
191
28
94
16
145
154
118
235
191
24
124
154
147
23
153
219
191
150
236
216
8
196
107
235
191
118
54
228
159
25
196
219
191
89
218
169
185
220
96
235
191
2
217
235
221
31
239
219
191
126
27
98
188
230
85
235
191
232
75
111
127
46
26
220
191
214
199
67
223
221
74
235
191
178
71
168
25
82
69
220
191
120
211
45
59
196
63
235
191
170
43
159
229
121
112
220
191
77
74
65
183
151
52
235
191
252
223
17
21
170
155
220
191
86
44
126
83
88
41
235
191
198
219
74
175
205
198
220
191
146
121
228
15
6
30
235
191
128
102
16
31
216
241
220
191
24
38
83
5
163
18
235
191
40
128
98
100
201
28
221
191
186
73
12
2
43
7
235
191
55
112
7
234
148
71
221
191
144
216
238
30
160
251
234
191
7
7
123
19
67
114
221
191
154
210
250
91
2
240
234
191
108
92
255
174
207
156
221
191
191
67
81
160
79
228
234
191
192
64
16
32
67
199
221
191
2
44
242
235
135
216
234
191
168
227
49
3
149
241
221
191
120
127
188
87
173
204
234
191
218
229
91
31
214
27
222
191
33
62
176
227
191
192
234
191
251
118
18
17
254
69
222
191
43
80
139
193
195
180
234
191
148
79
143
109
25
112
222
191
172
169
44
10
187
168
234
191
164
111
210
52
40
154
222
191
188
62
115
214
167
156
234
191
89
191
153
152
46
196
222
191
90
15
95
38
138
144
234
191
225
38
163
202
48
238
222
191
134
27
240
249
97
132
234
191
14
190
48
153
42
24
223
191
20
123
104
31
43
120
234
191
224
132
66
4
28
66
223
191
2
46
200
150
229
107
234
191
252
170
92
168
252
107
223
191
58
64
48
71
143
95
234
191
143
24
61
183
208
149
223
191
211
165
127
73
42
83
234
191
109
229
37
255
147
191
223
191
182
106
215
132
180
70
234
191
58
65
155
28
62
233
223
191
249
130
22
18
48
58
234
191
17
138
173
160
105
9
224
191
181
226
27
10
159
45
234
191
231
198
244
132
37
30
224
191
231
137
231
108
1
33
234
191
75
63
225
236
214
50
224
191
146
120
121
58
87
20
234
191
248
22
214
141
119
71
224
191
203
162
176
139
162
7
234
191
30
54
145
153
11
92
224
191
77
44
240
21
221
250
233
191
209
144
241
40
149
112
224
191
26
21
56
217
6
238
233
191
42
27
214
84
22
133
224
191
26
105
169
188
29
225
233
191
17
225
95
4
141
153
224
191
55
52
101
167
31
212
233
191
180
202
76
105
253
173
224
191
113
118
107
153
12
199
233
191
229
239
222
81
99
194
224
191
244
23
122
196
232
185
233
191
164
80
22
190
190
214
224
191
194
24
145
40
180
172
233
191
151
28
119
74
7
235
224
191
194
132
209
172
108
159
233
191
189
83
1
247
60
255
224
191
59
56
216
155
24
146
233
191
0
2
214
170
93
19
225
191
253
74
231
195
179
132
233
191
140
15
179
151
109
39
225
191
10
189
254
36
62
119
233
191
190
76
20
33
117
59
225
191
97
142
30
191
183
105
233
191
172
173
216
95
118
79
225
191
212
214
136
96
28
92
233
191
199
246
90
208
123
99
225
191
122
138
28
34
110
78
233
191
38
28
122
139
135
119
225
191
107
157
184
28
175
64
233
191
179
41
87
120
151
139
225
191
166
15
93
80
223
50
233
191
18
79
118
51
163
159
225
191
133
177
133
32
7
37
233
191
210
199
124
64
160
179
225
191
243
142
83
116
36
23
233
191
129
207
15
35
132
199
225
191
75
120
66
175
63
9
233
191
8
114
80
194
76
219
225
191
116
121
115
184
86
251
232
191
81
187
95
5
248
238
225
191
67
170
40
94
101
237
232
191
183
123
185
79
142
2
226
191
138
34
164
110
103
223
232
191
148
131
217
4
24
22
226
191
49
238
6
209
90
209
232
191
91
151
26
161
159
41
226
191
34
25
114
108
61
195
232
191
56
159
58
86
41
61
226
191
25
199
72
246
8
181
232
191
44
155
57
36
181
80
226
191
45
236
105
135
191
166
232
191
243
174
122
192
60
100
226
191
70
148
246
6
95
152
232
191
49
10
130
199
183
119
226
191
102
191
238
116
231
137
232
191
117
232
244
188
27
139
226
191
116
121
115
184
86
123
232
191
145
97
21
111
100
158
226
191
114
194
132
209
172
108
232
191
111
129
4
197
143
177
226
191
140
130
224
241
237
93
232
191
83
36
95
9
164
196
226
191
172
197
167
0
24
79
232
191
197
2
95
209
173
215
226
191
0
116
152
47
47
64
232
191
243
4
194
78
177
234
226
191
112
153
211
101
49
49
232
191
101
227
193
22
187
253
226
191
42
30
23
213
34
34
232
191
27
158
94
41
203
16
227
191
91
234
32
175
7
19
232
191
22
53
152
134
225
35
227
191
4
254
240
243
223
3
232
191
39
192
176
252
249
54
227
191
105
53
36
238
177
244
231
191
33
87
234
89
16
74
227
191
138
144
186
157
125
229
231
191
216
17
135
108
32
93
227
191
171
235
80
77
73
214
231
191
28
8
201
2
38
112
227
191
158
94
41
203
16
199
231
191
216
69
209
3
31
131
227
191
145
209
1
73
216
183
231
191
200
238
2
37
5
150
227
191
87
92
28
149
155
168
231
191
144
50
226
2
208
168
227
191
217
10
154
150
88
153
231
191
48
17
111
157
127
187
227
191
67
197
56
127
19
138
231
191
100
174
12
170
13
206
227
191
83
175
91
4
198
122
231
191
90
242
120
90
126
224
227
191
219
224
68
244
107
107
231
191
40
209
146
199
211
242
227
191
218
89
244
78
5
92
231
191
230
62
57
10
16
5
228
191
12
62
205
201
139
76
231
191
169
47
75
59
53
23
228
191
113
141
207
100
255
60
231
191
183
127
101
165
73
41
228
191
175
119
127
188
87
45
231
191
60
23
70
122
81
59
228
191
175
8
254
183
146
29
231
191
79
234
203
210
78
77
228
191
89
76
108
62
174
13
231
191
52
213
147
249
71
95
228
191
129
90
12
30
166
253
230
191
49
180
58
57
67
113
228
191
226
86
65
12
116
237
230
191
91
123
159
170
66
131
228
191
193
29
168
83
30
221
230
191
178
42
194
77
70
149
228
191
74
151
254
37
169
204
230
191
55
194
162
34
78
167
228
191
195
159
225
205
26
188
230
191
211
77
98
16
88
185
228
191
110
19
238
149
121
171
230
191
88
229
66
229
95
203
228
191
123
218
225
175
201
154
230
191
221
124
35
186
103
221
228
191
45
209
89
102
17
138
230
191
52
44
70
93
107
239
228
191
200
211
242
3
87
121
230
191
71
255
203
181
104
1
229
191
98
214
139
161
156
104
230
191
45
234
147
220
97
19
229
191
66
181
193
137
232
87
230
191
161
16
1
135
80
37
229
191
169
76
49
7
65
71
230
191
164
114
19
181
52
55
229
191
153
156
218
25
166
54
230
191
52
16
203
102
14
73
229
191
228
188
255
143
19
38
230
191
15
13
139
81
215
90
229
191
115
185
193
80
135
21
230
191
6
129
149
67
139
108
229
191
71
146
32
92
1
5
230
191
26
108
234
60
42
126
229
191
26
107
127
103
123
244
229
191
29
230
203
11
176
143
229
191
215
79
255
89
243
227
229
191
226
6
124
126
24
161
229
191
34
112
36
208
96
211
229
191
81
218
27
124
97
178
229
191
160
251
114
102
187
194
229
191
107
96
171
4
139
195
229
191
247
33
111
185
250
177
229
191
237
188
141
205
142
212
229
191
180
30
190
76
20
161
229
191
235
227
161
239
110
229
229
191
216
241
95
32
8
144
229
191
103
213
231
106
43
246
229
191
99
155
84
52
214
126
229
191
210
85
186
187
206
6
230
191
107
15
123
161
128
109
229
191
203
17
50
144
103
23
230
191
7
66
178
128
9
92
229
191
151
229
235
50
252
39
230
191
78
39
217
234
114
74
229
191
235
113
223
106
157
56
230
191
110
167
173
17
193
56
229
191
200
182
12
56
75
73
230
191
124
182
14
14
246
38
229
191
90
156
49
204
9
90
230
191
190
48
153
42
24
21
229
191
95
70
177
220
210
106
230
191
97
254
10
153
43
3
229
191
190
192
172
80
164
123
230
191
146
7
34
139
52
241
228
191
97
23
69
15
124
140
230
191
172
28
90
100
59
223
228
191
5
110
221
205
83
157
230
191
221
37
113
86
68
205
228
191
145
208
150
115
41
174
230
191
150
231
193
221
89
187
228
191
195
98
212
181
246
190
230
191
74
38
167
118
134
169
228
191
131
48
183
123
185
207
230
191
15
214
255
57
204
151
228
191
141
93
162
122
107
224
230
191
182
14
14
246
38
134
228
191
157
13
249
103
6
241
230
191
231
255
85
71
142
116
228
191
134
88
253
17
134
1
231
191
46
229
124
177
247
98
228
191
25
86
241
70
230
17
231
191
117
202
163
27
97
81
228
191
252
53
89
163
30
34
231
191
29
3
178
215
187
63
228
191
235
27
152
220
40
50
231
191
15
155
200
204
5
46
228
191
252
251
140
11
7
66
231
191
240
193
107
151
54
28
228
191
48
214
55
48
185
81
231
191
169
131
188
30
76
10
228
191
38
87
177
248
77
97
231
191
37
236
219
73
68
248
227
191
33
91
150
175
203
112
231
191
52
19
12
231
26
230
227
191
216
130
222
27
67
128
231
191
170
16
143
196
203
211
227
191
97
194
104
86
182
143
231
191
157
216
67
251
88
193
227
191
1
246
209
169
43
159
231
191
59
83
232
188
198
174
227
191
71
89
191
153
152
174
231
191
109
140
157
240
18
156
227
191
4
4
115
244
248
189
231
191
120
96
0
225
67
137
227
191
244
25
80
111
70
205
231
191
137
183
206
191
93
118
227
191
1
167
119
241
126
220
231
191
182
133
231
165
98
99
227
191
87
147
167
172
166
235
231
191
90
155
198
246
90
80
227
191
129
151
25
54
202
250
231
191
187
212
8
253
76
61
227
191
216
131
73
241
241
9
232
191
238
37
141
209
58
42
227
191
18
249
46
165
46
25
232
191
101
83
174
240
46
23
227
191
138
199
69
181
136
40
232
191
55
81
75
115
43
4
227
191
20
7
208
239
251
55
232
191
169
251
0
164
54
241
226
191
38
255
147
191
123
71
232
191
231
58
141
180
84
222
226
191
221
38
220
43
243
86
232
191
53
235
140
239
139
203
226
191
131
221
176
109
81
102
232
191
217
232
156
159
226
184
226
191
76
142
59
165
131
117
232
191
165
75
255
146
84
166
226
191
220
104
0
111
129
132
232
191
39
79
89
77
215
147
226
191
74
97
222
227
76
147
232
191
191
70
146
32
92
129
226
191
127
131
246
234
227
161
232
191
230
121
112
119
214
110
226
191
193
171
229
206
76
176
232
191
229
71
252
138
53
92
226
191
247
229
204
118
133
190
232
191
142
200
119
41
117
73
226
191
103
14
73
45
148
204
232
191
136
43
103
239
140
54
226
191
61
13
24
36
125
218
232
191
210
112
202
220
124
35
226
191
190
190
214
165
70
232
232
191
39
188
4
167
62
16
226
191
92
231
223
46
251
245
232
191
136
13
22
78
210
252
225
191
45
123
18
216
156
3
233
191
200
124
64
160
51
233
225
191
140
74
234
4
52
17
233
191
252
253
98
182
100
213
225
191
99
97
136
156
190
30
233
191
83
121
59
194
105
193
225
191
155
203
13
134
58
44
233
191
227
226
168
220
68
173
225
191
28
149
155
168
165
57
233
191
217
34
105
55
250
152
225
191
209
201
82
235
253
70
233
191
100
33
58
4
142
132
225
191
231
81
241
127
71
84
233
191
245
162
118
191
10
112
225
191
253
217
143
20
145
97
233
191
88
60
245
72
131
91
225
191
224
246
4
137
237
110
233
191
44
154
206
78
6
71
225
191
137
37
229
238
115
124
233
191
229
128
93
77
158
50
225
191
198
250
6
38
55
138
233
191
31
157
186
242
89
30
225
191
241
70
230
145
63
152
233
191
198
250
6
38
55
10
225
191
108
93
106
132
126
166
233
191
148
189
165
156
47
246
224
191
156
20
230
61
206
180
233
191
93
253
216
36
63
226
224
191
46
31
73
73
15
195
233
191
242
209
226
140
97
206
224
191
135
83
230
230
27
209
233
191
15
95
38
138
144
186
224
191
127
76
107
211
216
222
233
191
90
212
39
185
195
166
224
191
189
57
92
171
61
236
233
191
120
97
107
182
242
146
224
191
109
3
119
160
78
249
233
191
13
54
117
30
21
127
224
191
143
169
187
178
11
6
234
191
191
129
201
141
34
107
224
191
126
252
165
69
125
18
234
191
50
116
236
160
18
87
224
191
59
252
53
89
163
30
234
191
35
49
65
13
223
66
224
191
146
61
66
205
144
42
234
191
77
220
42
136
129
46
224
191
125
61
95
179
92
54
234
191
198
105
136
42
252
25
224
191
224
132
66
4
28
66
234
191
30
21
255
119
68
5
224
191
180
144
128
209
229
77
234
191
215
164
219
18
185
224
223
191
244
221
173
44
209
89
234
191
45
91
235
139
132
182
223
191
206
84
136
71
226
101
234
191
81
190
160
133
4
140
223
191
252
24
115
215
18
114
234
191
203
134
53
149
69
97
223
191
14
102
19
96
88
126
234
191
125
61
95
179
92
54
223
191
146
119
14
101
168
138
234
191
31
131
21
167
90
11
223
191
90
101
166
180
254
150
234
191
102
248
79
55
80
224
222
191
57
71
29
29
87
163
234
191
8
62
6
43
78
181
222
191
1
53
181
108
173
175
234
191
141
12
114
23
97
138
222
191
246
10
11
238
7
188
234
191
171
4
139
195
153
95
222
191
235
224
96
111
98
200
234
191
190
246
204
146
0
53
222
191
0
0
0
0
0
0
0
0
0
0
0
0
0
0
0
0
0
0
0
0
0
0
0
0
0
0
0
0
0
0
0
0
0
0
0
0
0
0
0
0
0
0
0
0
0
0
0
0
0
0
0
0
0
0
0
0
0
0
0
0
0
0
0
0
0
0
0
0
0
0
0
0
0
0
0
0
0
0
0
0
0
0
0
0
0
0
0
0
0
0
0
0
0
0
0
0
0
0
0
0
0
0
0
0
0
0
0
0
0
0
0
0
0
0
0
0
0
0
0
0
0
0
0
0
0
0
0
0
0
0
0
0
0
0
0
0
0
0
0
0
0
0
0
0
0
0
0
0
0
0
0
0
0
0
0
0
0
0
0
0
0
0
0
0
0
0
0
0
0
0
0
0
0
0
0
0
0
0
0
0
0
0
0
0
0
0
0
0
0
0
0
0
0
0
0
0
0
0
0
0
0
0
0
0
0
0
0
0
0
0
0
0
0
0
0
0
0
0
0
0
0
0
0
0
0
0
0
0
0
0
0
0
0
0
0
0
0
0
0
0
0
0
0
0
0
0
0
0
0
0
0
0
0
0
0
0
0
0
0
0
0
0
0
0
0
0
0
0
0
0
0
0
0
0
0
0
0
0
0
0
0
0
0
0
0
0
0
0
0
0
0
0
0
0
0
0
0
0
0
0
0
0
0
0
0
0
0
0
0
0
0
0
0
0
0
0
0
0
0
0
0
0
0
0
0
0
0
0
0
0
0
0
0
0
0
0
0
0
0
0
0
0
0
0
0
0
0
0
0
0
0
0
0
0
0
0
0
0
0
0
0
0
0
0
0
0
0
0
0
0
0
0
0
0
0
0
0
0
0
0
0
0
0
0
0
0
0
0
0
0
0
0
0
0
0
0
0
0
0
0
0
0
0
0
0
0
0
0
0
0
0
0
0
0
0
0
0
0
0
0
0
0
0
0
0
0
0
0
0
0
0
0
0
0
0
0
0
0
0
0
0
0
0
0
0
0
0
0
0
0
0
0
0
0
0
0
0
0
0
0
0
0
0
0
0
0
0
0
0
0
0
0
0
0
0
0
0
0
0
0
0
0
0
0
0
0
0
0
0
0
0
0
0
0
0
0
0
0
0
0
0
0
0
0
0
0
0
0
0
0
0
0
0
0
0
0
0
0
0
0
0
0
0
0
0
0
0
0
0
0
0
0
0
0
0
0
0
0
0
0
0
0
0
0
0
0
0
0
0
0
0
0
0
0
0
0
0
0
0
0
0
0
0
0
0
0
0
0
0
0
0
0
0
0
0
0
0
0
0
0
0
0
0
0
0
0
0
0
0
0
0
0
0
0
0
0
0
0
0
0
0
0
0
0
0
0
0
0
0
0
0
0
0
0
0
0
0
0
0
0
0
0
0
0
0
0
0
0
0
0
0
0
0
0
0
0
0
0
0
0
0
0
0
0
0
0
0
0
0
0
0
0
0
0
0
0
0
0
0
0
0
0
0
0
0
0
0
0
0
0
0
0
0
0
0
0
0
0
0
0
0
0
0
0
0
0
0
0
0
0
0
0
0
0
0
0
0
0
0
0
0
0
0
0
0
0
0
0
0
0
0
0
0
0
0
0
0
0
0
0
0
0
0
0
0
0
0
0
0
0
0
0
0
0
0
0
0
0
0
0
0
0
0
0
0
0
0
0
0
0
0
0
0
0
0
0
0
0
0
0
0
0
0
0
0
0
0
0
0
0
0
0
0
0
0
0
0
0
0
0
0
0
0
0
0
0
0
0
0
0
0
0
0
0
0
0
0
0
0
0
0
0
0
0
0
0
0
0
0
0
0
0
0
0
0
0
0
0
0
0
0
0
0
0
0
0
0
0
0
0
0
0
0
0
0
0
0
0
0
0
0
0
0
0
0
0
0
0
0
0
0
0
0
0
0
0
0
0
0
0
0
0
0
0
0
0
0
0
0
0
0
0
0
0
0
0
0
0
0
0
0
0
0
0
0
0
0
0
0
0
0
0
0
0
0
0
0
0
0
0
0
0
0
0
0
0
0
0
0
0
0
0
0
0
0
0
0
0
0
0
0
0
0
0
0
0
0
0
0
0
0
0
0
0
0
0
0
0
0
0
0
0
0
0
0
0
0
0
0
0
0
0
0
0
0
0
0
0
0
0
0
0
0
0
0
0
0
0
0
0
0
0
0
0
0
0
0
0
0
0
0
0
0
0
0
0
0
0
0
0
0
0
0
0
0
0
0
0
0
0
0
0
0
0
0
0
0
0
0
0
0
0
0
0
0
0
0
0
0
0
0
0
0
0
0
0
0
0
0
0
0
0
0
0
0
0
0
0
0
0
0
0
0
0
0
0
0
0
0
0
0
0
0
0
0
0
0
0
0
0
0
0
0
0
0
0
0
0
0
0
0
0
0
0
0
0
0
0
0
0
0
0
0
0
0
0
0
0
0
0
0
0
0
0
0
0
0
0
0
0
0
0
0
0
0
0
0
0
0
0
0
0
0
0
0
0
0
0
0
0
0
0
0
0
0
0
0
0
0
0
0
0
0
0
0
0
0
0
0
0
0
0
0
0
0
0
0
0
0
0
0
0
0
0
0
0
0
0
0
0
0
0
0
0
0
0
0
0
0
0
0
0
0
0
0
0
0
0
0
0
0
0
0
0
0
0
0
0
0
0
0
0
0
0
0
0
0
0
0
0
0
0
0
0
0
0
0
0
0
0
0
0
0
0
0
0
0
0
0
0
0
0
0
0
0
0
0