58
70
65
67
84
58
67
68
65
84
49
56
58
68
65
84
65
32
35
57
48
48
48
48
48
54
57
51
54
0
148
154
192
0
0
0
0
0
172
171
192
0
0
0
0
0
192
154
192
0
0
0
0
0
162
171
192
0
0
0
0
0
236
154
192
0
0
0
0
0
150
171
192
0
0
0
0
0
24
155
192
0
0
0
0
0
140
171
192
0
0
0
0
0
68
155
192
0
0
0
0
0
130
171
192
0
0
0
0
0
112
155
192
0
0
0
0
0
118
171
192
0
0
0
0
0
152
155
192
0
0
0
0
0
108
171
192
0
0
0
0
0
196
155
192
0
0
0
0
0
96
171
192
0
0
0
0
0
240
155
192
0
0
0
0
0
86
171
192
0
0
0
0
0
28
156
192
0
0
0
0
0
74
171
192
0
0
0
0
0
68
156
192
0
0
0
0
0
64
171
192
0
0
0
0
0
112
156
192
0
0
0
0
0
52
171
192
0
0
0
0
0
156
156
192
0
0
0
0
0
42
171
192
0
0
0
0
0
200
156
192
0
0
0
0
0
30
171
192
0
0
0
0
0
240
156
192
0
0
0
0
0
18
171
192
0
0
0
0
0
28
157
192
0
0
0
0
0
8
171
192
0
0
0
0
0
72
157
192
0
0
0
0
0
252
170
192
0
0
0
0
0
116
157
192
0
0
0
0
0
240
170
192
0
0
0
0
0
156
157
192
0
0
0
0
0
228
170
192
0
0
0
0
0
200
157
192
0
0
0
0
0
216
170
192
0
0
0
0
0
240
157
192
0
0
0
0
0
204
170
192
0
0
0
0
0
28
158
192
0
0
0
0
0
192
170
192
0
0
0
0
0
68
158
192
0
0
0
0
0
180
170
192
0
0
0
0
0
112
158
192
0
0
0
0
0
168
170
192
0
0
0
0
0
156
158
192
0
0
0
0
0
156
170
192
0
0
0
0
0
196
158
192
0
0
0
0
0
144
170
192
0
0
0
0
0
240
158
192
0
0
0
0
0
132
170
192
0
0
0
0
0
24
159
192
0
0
0
0
0
120
170
192
0
0
0
0
0
68
159
192
0
0
0
0
0
108
170
192
0
0
0
0
0
108
159
192
0
0
0
0
0
96
170
192
0
0
0
0
0
148
159
192
0
0
0
0
0
84
170
192
0
0
0
0
0
192
159
192
0
0
0
0
0
70
170
192
0
0
0
0
0
232
159
192
0
0
0
0
0
58
170
192
0
0
0
0
0
10
160
192
0
0
0
0
0
46
170
192
0
0
0
0
0
30
160
192
0
0
0
0
0
34
170
192
0
0
0
0
0
50
160
192
0
0
0
0
0
20
170
192
0
0
0
0
0
72
160
192
0
0
0
0
0
8
170
192
0
0
0
0
0
92
160
192
0
0
0
0
0
250
169
192
0
0
0
0
0
112
160
192
0
0
0
0
0
238
169
192
0
0
0
0
0
134
160
192
0
0
0
0
0
226
169
192
0
0
0
0
0
154
160
192
0
0
0
0
0
212
169
192
0
0
0
0
0
174
160
192
0
0
0
0
0
200
169
192
0
0
0
0
0
194
160
192
0
0
0
0
0
186
169
192
0
0
0
0
0
214
160
192
0
0
0
0
0
172
169
192
0
0
0
0
0
236
160
192
0
0
0
0
0
160
169
192
0
0
0
0
0
0
161
192
0
0
0
0
0
146
169
192
0
0
0
0
0
20
161
192
0
0
0
0
0
132
169
192
0
0
0
0
0
40
161
192
0
0
0
0
0
120
169
192
0
0
0
0
0
60
161
192
0
0
0
0
0
106
169
192
0
0
0
0
0
80
161
192
0
0
0
0
0
92
169
192
0
0
0
0
0
100
161
192
0
0
0
0
0
78
169
192
0
0
0
0
0
120
161
192
0
0
0
0
0
64
169
192
0
0
0
0
0
140
161
192
0
0
0
0
0
50
169
192
0
0
0
0
0
160
161
192
0
0
0
0
0
38
169
192
0
0
0
0
0
180
161
192
0
0
0
0
0
24
169
192
0
0
0
0
0
200
161
192
0
0
0
0
0
10
169
192
0
0
0
0
0
220
161
192
0
0
0
0
0
252
168
192
0
0
0
0
0
238
161
192
0
0
0
0
0
238
168
192
0
0
0
0
0
2
162
192
0
0
0
0
0
224
168
192
0
0
0
0
0
22
162
192
0
0
0
0
0
210
168
192
0
0
0
0
0
42
162
192
0
0
0
0
0
196
168
192
0
0
0
0
0
62
162
192
0
0
0
0
0
182
168
192
0
0
0
0
0
80
162
192
0
0
0
0
0
166
168
192
0
0
0
0
0
100
162
192
0
0
0
0
0
152
168
192
0
0
0
0
0
120
162
192
0
0
0
0
0
138
168
192
0
0
0
0
0
140
162
192
0
0
0
0
0
124
168
192
0
0
0
0
0
158
162
192
0
0
0
0
0
108
168
192
0
0
0
0
0
178
162
192
0
0
0
0
0
94
168
192
0
0
0
0
0
196
162
192
0
0
0
0
0
80
168
192
0
0
0
0
0
216
162
192
0
0
0
0
0
64
168
192
0
0
0
0
0
234
162
192
0
0
0
0
0
50
168
192
0
0
0
0
0
254
162
192
0
0
0
0
0
34
168
192
0
0
0
0
0
16
163
192
0
0
0
0
0
20
168
192
0
0
0
0
0
36
163
192
0
0
0
0
0
4
168
192
0
0
0
0
0
54
163
192
0
0
0
0
0
244
167
192
0
0
0
0
0
74
163
192
0
0
0
0
0
230
167
192
0
0
0
0
0
94
163
192
0
0
0
0
0
214
167
192
0
0
0
0
0
112
163
192
0
0
0
0
0
200
167
192
0
0
0
0
0
132
163
192
0
0
0
0
0
184
167
192
0
0
0
0
0
150
163
192
0
0
0
0
0
168
167
192
0
0
0
0
0
168
163
192
0
0
0
0
0
154
167
192
0
0
0
0
0
188
163
192
0
0
0
0
0
138
167
192
0
0
0
0
0
206
163
192
0
0
0
0
0
122
167
192
0
0
0
0
0
224
163
192
0
0
0
0
0
108
167
192
0
0
0
0
0
242
163
192
0
0
0
0
0
92
167
192
0
0
0
0
0
6
164
192
0
0
0
0
0
76
167
192
0
0
0
0
0
24
164
192
0
0
0
0
0
60
167
192
0
0
0
0
0
42
164
192
0
0
0
0
0
46
167
192
0
0
0
0
0
60
164
192
0
0
0
0
0
30
167
192
0
0
0
0
0
78
164
192
0
0
0
0
0
14
167
192
0
0
0
0
0
96
164
192
0
0
0
0
0
254
166
192
0
0
0
0
0
114
164
192
0
0
0
0
0
238
166
192
0
0
0
0
0
132
164
192
0
0
0
0
0
222
166
192
0
0
0
0
0
150
164
192
0
0
0
0
0
204
166
192
0
0
0
0
0
168
164
192
0
0
0
0
0
188
166
192
0
0
0
0
0
186
164
192
0
0
0
0
0
172
166
192
0
0
0
0
0
204
164
192
0
0
0
0
0
154
166
192
0
0
0
0
0
222
164
192
0
0
0
0
0
138
166
192
0
0
0
0
0
240
164
192
0
0
0
0
0
122
166
192
0
0
0
0
0
2
165
192
0
0
0
0
0
104
166
192
0
0
0
0
0
20
165
192
0
0
0
0
0
88
166
192
0
0
0
0
0
38
165
192
0
0
0
0
0
72
166
192
0
0
0
0
0
56
165
192
0
0
0
0
0
54
166
192
0
0
0
0
0
74
165
192
0
0
0
0
0
38
166
192
0
0
0
0
0
90
165
192
0
0
0
0
0
22
166
192
0
0
0
0
0
108
165
192
0
0
0
0
0
6
166
192
0
0
0
0
0
126
165
192
0
0
0
0
0
244
165
192
0
0
0
0
0
144
165
192
0
0
0
0
0
228
165
192
0
0
0
0
0
162
165
192
0
0
0
0
0
212
165
192
0
0
0
0
0
178
165
192
0
0
0
0
0
194
165
192
0
0
0
0
0
196
165
192
0
0
0
0
0
178
165
192
0
0
0
0
0
212
165
192
0
0
0
0
0
162
165
192
0
0
0
0
0
230
165
192
0
0
0
0
0
144
165
192
0
0
0
0
0
246
165
192
0
0
0
0
0
126
165
192
0
0
0
0
0
6
166
192
0
0
0
0
0
110
165
192
0
0
0
0
0
24
166
192
0
0
0
0
0
92
165
192
0
0
0
0
0
40
166
192
0
0
0
0
0
74
165
192
0
0
0
0
0
56
166
192
0
0
0
0
0
56
165
192
0
0
0
0
0
74
166
192
0
0
0
0
0
38
165
192
0
0
0
0
0
90
166
192
0
0
0
0
0
22
165
192
0
0
0
0
0
106
166
192
0
0
0
0
0
4
165
192
0
0
0
0
0
124
166
192
0
0
0
0
0
242
164
192
0
0
0
0
0
140
166
192
0
0
0
0
0
224
164
192
0
0
0
0
0
158
166
192
0
0
0
0
0
206
164
192
0
0
0
0
0
174
166
192
0
0
0
0
0
188
164
192
0
0
0
0
0
190
166
192
0
0
0
0
0
170
164
192
0
0
0
0
0
208
166
192
0
0
0
0
0
152
164
192
0
0
0
0
0
224
166
192
0
0
0
0
0
134
164
192
0
0
0
0
0
242
166
192
0
0
0
0
0
116
164
192
0
0
0
0
0
2
167
192
0
0
0
0
0
98
164
192
0
0
0
0
0
18
167
192
0
0
0
0
0
82
164
192
0
0
0
0
0
34
167
192
0
0
0
0
0
64
164
192
0
0
0
0
0
50
167
192
0
0
0
0
0
46
164
192
0
0
0
0
0
66
167
192
0
0
0
0
0
28
164
192
0
0
0
0
0
82
167
192
0
0
0
0
0
10
164
192
0
0
0
0
0
98
167
192
0
0
0
0
0
248
163
192
0
0
0
0
0
112
167
192
0
0
0
0
0
230
163
192
0
0
0
0
0
128
167
192
0
0
0
0
0
212
163
192
0
0
0
0
0
144
167
192
0
0
0
0
0
194
163
192
0
0
0
0
0
160
167
192
0
0
0
0
0
174
163
192
0
0
0
0
0
174
167
192
0
0
0
0
0
156
163
192
0
0
0
0
0
190
167
192
0
0
0
0
0
138
163
192
0
0
0
0
0
206
167
192
0
0
0
0
0
118
163
192
0
0
0
0
0
220
167
192
0
0
0
0
0
100
163
192
0
0
0
0
0
236
167
192
0
0
0
0
0
80
163
192
0
0
0
0
0
250
167
192
0
0
0
0
0
62
163
192
0
0
0
0
0
10
168
192
0
0
0
0
0
42
163
192
0
0
0
0
0
26
168
192
0
0
0
0
0
24
163
192
0
0
0
0
0
40
168
192
0
0
0
0
0
4
163
192
0
0
0
0
0
56
168
192
0
0
0
0
0
242
162
192
0
0
0
0
0
72
168
192
0
0
0
0
0
222
162
192
0
0
0
0
0
86
168
192
0
0
0
0
0
204
162
192
0
0
0
0
0
102
168
192
0
0
0
0
0
184
162
192
0
0
0
0
0
118
168
192
0
0
0
0
0
166
162
192
0
0
0
0
0
132
168
192
0
0
0
0
0
148
162
192
0
0
0
0
0
148
168
192
0
0
0
0
0
130
162
192
0
0
0
0
0
162
168
192
0
0
0
0
0
110
162
192
0
0
0
0
0
176
168
192
0
0
0
0
0
92
162
192
0
0
0
0
0
190
168
192
0
0
0
0
0
74
162
192
0
0
0
0
0
204
168
192
0
0
0
0
0
54
162
192
0
0
0
0
0
218
168
192
0
0
0
0
0
36
162
192
0
0
0
0
0
232
168
192
0
0
0
0
0
16
162
192
0
0
0
0
0
246
168
192
0
0
0
0
0
252
161
192
0
0
0
0
0
4
169
192
0
0
0
0
0
234
161
192
0
0
0
0
0
18
169
192
0
0
0
0
0
214
161
192
0
0
0
0
0
30
169
192
0
0
0
0
0
194
161
192
0
0
0
0
0
44
169
192
0
0
0
0
0
174
161
192
0
0
0
0
0
58
169
192
0
0
0
0
0
152
161
192
0
0
0
0
0
70
169
192
0
0
0
0
0
132
161
192
0
0
0
0
0
84
169
192
0
0
0
0
0
112
161
192
0
0
0
0
0
98
169
192
0
0
0
0
0
92
161
192
0
0
0
0
0
110
169
192
0
0
0
0
0
72
161
192
0
0
0
0
0
124
169
192
0
0
0
0
0
50
161
192
0
0
0
0
0
138
169
192
0
0
0
0
0
30
161
192
0
0
0
0
0
152
169
192
0
0
0
0
0
10
161
192
0
0
0
0
0
166
169
192
0
0
0
0
0
246
160
192
0
0
0
0
0
180
169
192
0
0
0
0
0
226
160
192
0
0
0
0
0
196
169
192
0
0
0
0
0
206
160
192
0
0
0
0
0
210
169
192
0
0
0
0
0
186
160
192
0
0
0
0
0
222
169
192
0
0
0
0
0
166
160
192
0
0
0
0
0
236
169
192
0
0
0
0
0
146
160
192
0
0
0
0
0
250
169
192
0
0
0
0
0
128
160
192
0
0
0
0
0
6
170
192
0
0
0
0
0
108
160
192
0
0
0
0
0
18
170
192
0
0
0
0
0
88
160
192
0
0
0
0
0
30
170
192
0
0
0
0
0
66
160
192
0
0
0
0
0
42
170
192
0
0
0
0
0
46
160
192
0
0
0
0
0
54
170
192
0
0
0
0
0
26
160
192
0
0
0
0
0
66
170
192
0
0
0
0
0
6
160
192
0
0
0
0
0
78
170
192
0
0
0
0
0
224
159
192
0
0
0
0
0
90
170
192
0
0
0
0
0
184
159
192
0
0
0
0
0
102
170
192
0
0
0
0
0
140
159
192
0
0
0
0
0
114
170
192
0
0
0
0
0
96
159
192
0
0
0
0
0
126
170
192
0
0
0
0
0
56
159
192
0
0
0
0
0
138
170
192
0
0
0
0
0
12
159
192
0
0
0
0
0
150
170
192
0
0
0
0
0
224
158
192
0
0
0
0
0
164
170
192
0
0
0
0
0
180
158
192
0
0
0
0
0
176
170
192
0
0
0
0
0
140
158
192
0
0
0
0
0
188
170
192
0
0
0
0
0
96
158
192
0
0
0
0
0
200
170
192
0
0
0
0
0
52
158
192
0
0
0
0
0
212
170
192
0
0
0
0
0
12
158
192
0
0
0
0
0
226
170
192
0
0
0
0
0
224
157
192
0
0
0
0
0
238
170
192
0
0
0
0
0
184
157
192
0
0
0
0
0
250
170
192
0
0
0
0
0
140
157
192
0
0
0
0
0
6
171
192
0
0
0
0
0
100
157
192
0
0
0
0
0
18
171
192
0
0
0
0
0
56
157
192
0
0
0
0
0
30
171
192
0
0
0
0
0
16
157
192
0
0
0
0
0
40
171
192
0
0
0
0
0
228
156
192
0
0
0
0
0
52
171
192
0
0
0
0
0
188
156
192
0
0
0
0
0
64
171
192
0
0
0
0
0
144
156
192
0
0
0
0
0
74
171
192
0
0
0
0
0
104
156
192
0
0
0
0
0
86
171
192
0
0
0
0
0
60
156
192
0
0
0
0
0
96
171
192
0
0
0
0
0
16
156
192
0
0
0
0
0
106
171
192
0
0
0
0
0
228
155
192
0
0
0
0
0
118
171
192
0
0
0
0
0
184
155
192
0
0
0
0
0
128
171
192
0
0
0
0
0
140
155
192
0
0
0
0
0
138
171
192
0
0
0
0
0
96
155
192
0
0
0
0
0
148
171
192
0
0
0
0
0
52
155
192
0
0
0
0
0
160
171
192
0
0
0
0
0
8
155
192
0
0
0
0
0
170
171
192
0
0
0
0
0
220
154
192
0
0
0
0
0
180
171
192
0
0
0
0
0
176
154
192
0
0
0
0
0
192
171
192
0
0
0
0
0
132
154
192
0
0
0
0
0
202
171
192
0
0
0
0
0
84
154
192
0
0
0
0
0
214
171
192
0
0
0
0
0
40
154
192
0
0
0
0
0
224
171
192
0
0
0
0
0
252
153
192
0
0
0
0
0
236
171
192
0
0
0
0
0
208
153
192
0
0
0
0
0
246
171
192
0
0
0
0
0
164
153
192
0
0
0
0
0
2
172
192
0
0
0
0
0
120
153
192
0
0
0
0
0
12
172
192
0
0
0
0
0
80
153
192
0
0
0
0
0
22
172
192
0
0
0
0
0
36
153
192
0
0
0
0
0
32
172
192
0
0
0
0
0
248
152
192
0
0
0
0
0
44
172
192
0
0
0
0
0
204
152
192
0
0
0
0
0
54
172
192
0
0
0
0
0
160
152
192
0
0
0
0
0
64
172
192
0
0
0
0
0
116
152
192
0
0
0
0
0
74
172
192
0
0
0
0
0
72
152
192
0
0
0
0
0
84
172
192
0
0
0
0
0
28
152
192
0
0
0
0
0
92
172
192
0
0
0
0
0
240
151
192
0
0
0
0
0
102
172
192
0
0
0
0
0
196
151
192
0
0
0
0
0
110
172
192
0
0
0
0
0
152
151
192
0
0
0
0
0
120
172
192
0
0
0
0
0
108
151
192
0
0
0
0
0
128
172
192
0
0
0
0
0
64
151
192
0
0
0
0
0
138
172
192
0
0
0
0
0
20
151
192
0
0
0
0
0
146
172
192
0
0
0
0
0
228
150
192
0
0
0
0
0
156
172
192
0
0
0
0
0
184
150
192
0
0
0
0
0
166
172
192
0
0
0
0
0
140
150
192
0
0
0
0
0
174
172
192
0
0
0
0
0
92
150
192
0
0
0
0
0
184
172
192
0
0
0
0
0
48
150
192
0
0
0
0
0
192
172
192
0
0
0
0
0
4
150
192
0
0
0
0
0
202
172
192
0
0
0
0
0
212
149
192
0
0
0
0
0
210
172
192
0
0
0
0
0
168
149
192
0
0
0
0
0
220
172
192
0
0
0
0
0
124
149
192
0
0
0
0
0
228
172
192
0
0
0
0
0
80
149
192
0
0
0
0
0
236
172
192
0
0
0
0
0
36
149
192
0
0
0
0
0
246
172
192
0
0
0
0
0
248
148
192
0
0
0
0
0
254
172
192
0
0
0
0
0
204
148
192
0
0
0
0
0
6
173
192
0
0
0
0
0
156
148
192
0
0
0
0
0
14
173
192
0
0
0
0
0
112
148
192
0
0
0
0
0
22
173
192
0
0
0
0
0
68
148
192
0
0
0
0
0
28
173
192
0
0
0
0
0
24
148
192
0
0
0
0
0
36
173
192
0
0
0
0
0
232
147
192
0
0
0
0
0
44
173
192
0
0
0
0
0
188
147
192
0
0
0
0
0
50
173
192
0
0
0
0
0
144
147
192
0
0
0
0
0
58
173
192
0
0
0
0
0
96
147
192
0
0
0
0
0
66
173
192
0
0
0
0
0
52
147
192
0
0
0
0
0
74
173
192
0
0
0
0
0
4
147
192
0
0
0
0
0
80
173
192
0
0
0
0
0
212
146
192
0
0
0
0
0
88
173
192
0
0
0
0
0
168
146
192
0
0
0
0
0
96
173
192
0
0
0
0
0
120
146
192
0
0
0
0
0
102
173
192
0
0
0
0
0
72
146
192
0
0
0
0
0
110
173
192
0
0
0
0
0
28
146
192
0
0
0
0
0
118
173
192
0
0
0
0
0
236
145
192
0
0
0
0
0
124
173
192
0
0
0
0
0
188
145
192
0
0
0
0
0
132
173
192
0
0
0
0
0
144
145
192
0
0
0
0
0
138
173
192
0
0
0
0
0
96
145
192
0
0
0
0
0
146
173
192
0
0
0
0
0
48
145
192
0
0
0
0
0
152
173
192
0
0
0
0
0
4
145
192
0
0
0
0
0
160
173
192
0
0
0
0
0
212
144
192
0
0
0
0
0
166
173
192
0
0
0
0
0
164
144
192
0
0
0
0
0
174
173
192
0
0
0
0
0
120
144
192
0
0
0
0
0
180
173
192
0
0
0
0
0
72
144
192
0
0
0
0
0
186
173
192
0
0
0
0
0
24
144
192
0
0
0
0
0
194
173
192
0
0
0
0
0
216
143
192
0
0
0
0
0
200
173
192
0
0
0
0
0
120
143
192
0
0
0
0
0
204
173
192
0
0
0
0
0
32
143
192
0
0
0
0
0
210
173
192
0
0
0
0
0
192
142
192
0
0
0
0
0
216
173
192
0
0
0
0
0
104
142
192
0
0
0
0
0
222
173
192
0
0
0
0
0
8
142
192
0
0
0
0
0
226
173
192
0
0
0
0
0
168
141
192
0
0
0
0
0
232
173
192
0
0
0
0
0
72
141
192
0
0
0
0
0
238
173
192
0
0
0
0
0
232
140
192
0
0
0
0
0
244
173
192
0
0
0
0
0
136
140
192
0
0
0
0
0
250
173
192
0
0
0
0
0
40
140
192
0
0
0
0
0
0
174
192
0
0
0
0
0
200
139
192
0
0
0
0
0
6
174
192
0
0
0
0
0
104
139
192
0
0
0
0
0
12
174
192
0
0
0
0
0
16
139
192
0
0
0
0
0
18
174
192
0
0
0
0
0
176
138
192
0
0
0
0
0
22
174
192
0
0
0
0
0
80
138
192
0
0
0
0
0
28
174
192
0
0
0
0
0
240
137
192
0
0
0
0
0
32
174
192
0
0
0
0
0
144
137
192
0
0
0
0
0
38
174
192
0
0
0
0
0
48
137
192
0
0
0
0
0
44
174
192
0
0
0
0
0
208
136
192
0
0
0
0
0
48
174
192
0
0
0
0
0
120
136
192
0
0
0
0
0
54
174
192
0
0
0
0
0
24
136
192
0
0
0
0
0
58
174
192
0
0
0
0
0
184
135
192
0
0
0
0
0
64
174
192
0
0
0
0
0
88
135
192
0
0
0
0
0
68
174
192
0
0
0
0
0
248
134
192
0
0
0
0
0
72
174
192
0
0
0
0
0
152
134
192
0
0
0
0
0
78
174
192
0
0
0
0
0
64
134
192
0
0
0
0
0
82
174
192
0
0
0
0
0
224
133
192
0
0
0
0
0
86
174
192
0
0
0
0
0
128
133
192
0
0
0
0
0
90
174
192
0
0
0
0
0
40
133
192
0
0
0
0
0
94
174
192
0
0
0
0
0
200
132
192
0
0
0
0
0
100
174
192
0
0
0
0
0
104
132
192
0
0
0
0
0
104
174
192
0
0
0
0
0
16
132
192
0
0
0
0
0
108
174
192
0
0
0
0
0
176
131
192
0
0
0
0
0
112
174
192
0
0
0
0
0
80
131
192
0
0
0
0
0
118
174
192
0
0
0
0
0
240
130
192
0
0
0
0
0
122
174
192
0
0
0
0
0
152
130
192
0
0
0
0
0
126
174
192
0
0
0
0
0
56
130
192
0
0
0
0
0
130
174
192
0
0
0
0
0
216
129
192
0
0
0
0
0
134
174
192
0
0
0
0
0
120
129
192
0
0
0
0
0
138
174
192
0
0
0
0
0
32
129
192
0
0
0
0
0
140
174
192
0
0
0
0
0
192
128
192
0
0
0
0
0
144
174
192
0
0
0
0
0
96
128
192
0
0
0
0
0
146
174
192
0
0
0
0
0
0
128
192
0
0
0
0
0
150
174
192
0
0
0
0
0
64
127
192
0
0
0
0
0
152
174
192
0
0
0
0
0
128
126
192
0
0
0
0
0
154
174
192
0
0
0
0
0
192
125
192
0
0
0
0
0
156
174
192
0
0
0
0
0
0
125
192
0
0
0
0
0
160
174
192
0
0
0
0
0
64
124
192
0
0
0
0
0
162
174
192
0
0
0
0
0
128
123
192
0
0
0
0
0
164
174
192
0
0
0
0
0
192
122
192
0
0
0
0
0
166
174
192
0
0
0
0
0
0
122
192
0
0
0
0
0
170
174
192
0
0
0
0
0
64
121
192
0
0
0
0
0
172
174
192
0
0
0
0
0
128
120
192
0
0
0
0
0
174
174
192
0
0
0
0
0
192
119
192
0
0
0
0
0
176
174
192
0
0
0
0
0
0
119
192
0
0
0
0
0
178
174
192
0
0
0
0
0
64
118
192
0
0
0
0
0
182
174
192
0
0
0
0
0
128
117
192
0
0
0
0
0
184
174
192
0
0
0
0
0
192
116
192
0
0
0
0
0
186
174
192
0
0
0
0
0
0
116
192
0
0
0
0
0
188
174
192
0
0
0
0
0
64
115
192
0
0
0
0
0
190
174
192
0
0
0
0
0
128
114
192
0
0
0
0
0
192
174
192
0
0
0
0
0
176
113
192
0
0
0
0
0
192
174
192
0
0
0
0
0
240
112
192
0
0
0
0
0
194
174
192
0
0
0
0
0
48
112
192
0
0
0
0
0
196
174
192
0
0
0
0
0
224
110
192
0
0
0
0
0
198
174
192
0
0
0
0
0
96
109
192
0
0
0
0
0
200
174
192
0
0
0
0
0
224
107
192
0
0
0
0
0
200
174
192
0
0
0
0
0
96
106
192
0
0
0
0
0
202
174
192
0
0
0
0
0
224
104
192
0
0
0
0
0
204
174
192
0
0
0
0
0
96
103
192
0
0
0
0
0
204
174
192
0
0
0
0
0
224
101
192
0
0
0
0
0
206
174
192
0
0
0
0
0
96
100
192
0
0
0
0
0
206
174
192
0
0
0
0
0
192
98
192
0
0
0
0
0
208
174
192
0
0
0
0
0
64
97
192
0
0
0
0
0
208
174
192
0
0
0
0
0
128
95
192
0
0
0
0
0
210
174
192
0
0
0
0
0
128
92
192
0
0
0
0
0
210
174
192
0
0
0
0
0
128
89
192
0
0
0
0
0
210
174
192
0
0
0
0
0
128
86
192
0
0
0
0
0
212
174
192
0
0
0
0
0
128
83
192
0
0
0
0
0
212
174
192
0
0
0
0
0
128
80
192
0
0
0
0
0
212
174
192
0
0
0
0
0
0
75
192
0
0
0
0
0
212
174
192
0
0
0
0
0
0
69
192
0
0
0
0
0
212
174
192
0
0
0
0
0
0
61
192
0
0
0
0
0
214
174
192
0
0
0
0
0
0
49
192
0
0
0
0
0
214
174
192
0
0
0
0
0
0
20
192
0
0
0
0
0
214
174
192
0
0
0
0
0
0
28
64
0
0
0
0
0
214
174
192
0
0
0
0
0
0
51
64
0
0
0
0
0
214
174
192
0
0
0
0
0
0
63
64
0
0
0
0
0
212
174
192
0
0
0
0
0
128
69
64
0
0
0
0
0
212
174
192
0
0
0
0
0
128
75
64
0
0
0
0
0
212
174
192
0
0
0
0
0
192
80
64
0
0
0
0
0
212
174
192
0
0
0
0
0
0
84
64
0
0
0
0
0
212
174
192
0
0
0
0
0
0
87
64
0
0
0
0
0
212
174
192
0
0
0
0
0
0
90
64
0
0
0
0
0
210
174
192
0
0
0
0
0
0
93
64
0
0
0
0
0
210
174
192
0
0
0
0
0
0
96
64
0
0
0
0
0
210
174
192
0
0
0
0
0
128
97
64
0
0
0
0
0
208
174
192
0
0
0
0
0
0
99
64
0
0
0
0
0
208
174
192
0
0
0
0
0
128
100
64
0
0
0
0
0
206
174
192
0
0
0
0
0
0
102
64
0
0
0
0
0
206
174
192
0
0
0
0
0
128
103
64
0
0
0
0
0
204
174
192
0
0
0
0
0
32
105
64
0
0
0
0
0
204
174
192
0
0
0
0
0
160
106
64
0
0
0
0
0
202
174
192
0
0
0
0
0
32
108
64
0
0
0
0
0
200
174
192
0
0
0
0
0
160
109
64
0
0
0
0
0
200
174
192
0
0
0
0
0
32
111
64
0
0
0
0
0
198
174
192
0
0
0
0
0
80
112
64
0
0
0
0
0
196
174
192
0
0
0
0
0
16
113
64
0
0
0
0
0
194
174
192
0
0
0
0
0
208
113
64
0
0
0
0
0
192
174
192
0
0
0
0
0
144
114
64
0
0
0
0
0
190
174
192
0
0
0
0
0
80
115
64
0
0
0
0
0
188
174
192
0
0
0
0
0
16
116
64
0
0
0
0
0
188
174
192
0
0
0
0
0
208
116
64
0
0
0
0
0
186
174
192
0
0
0
0
0
144
117
64
0
0
0
0
0
182
174
192
0
0
0
0
0
96
118
64
0
0
0
0
0
180
174
192
0
0
0
0
0
32
119
64
0
0
0
0
0
178
174
192
0
0
0
0
0
224
119
64
0
0
0
0
0
176
174
192
0
0
0
0
0
160
120
64
0
0
0
0
0
174
174
192
0
0
0
0
0
96
121
64
0
0
0
0
0
172
174
192
0
0
0
0
0
32
122
64
0
0
0
0
0
168
174
192
0
0
0
0
0
224
122
64
0
0
0
0
0
166
174
192
0
0
0
0
0
160
123
64
0
0
0
0
0
164
174
192
0
0
0
0
0
96
124
64
0
0
0
0
0
160
174
192
0
0
0
0
0
32
125
64
0
0
0
0
0
158
174
192
0
0
0
0
0
224
125
64
0
0
0
0
0
156
174
192
0
0
0
0
0
160
126
64
0
0
0
0
0
152
174
192
0
0
0
0
0
96
127
64
0
0
0
0
0
150
174
192
0
0
0
0
0
16
128
64
0
0
0
0
0
146
174
192
0
0
0
0
0
112
128
64
0
0
0
0
0
142
174
192
0
0
0
0
0
208
128
64
0
0
0
0
0
140
174
192
0
0
0
0
0
48
129
64
0
0
0
0
0
136
174
192
0
0
0
0
0
144
129
64
0
0
0
0
0
132
174
192
0
0
0
0
0
240
129
64
0
0
0
0
0
130
174
192
0
0
0
0
0
80
130
64
0
0
0
0
0
126
174
192
0
0
0
0
0
176
130
64
0
0
0
0
0
122
174
192
0
0
0
0
0
16
131
64
0
0
0
0
0
118
174
192
0
0
0
0
0
112
131
64
0
0
0
0
0
114
174
192
0
0
0
0
0
208
131
64
0
0
0
0
0
110
174
192
0
0
0
0
0
48
132
64
0
0
0
0
0
106
174
192
0
0
0
0
0
144
132
64
0
0
0
0
0
102
174
192
0
0
0
0
0
240
132
64
0
0
0
0
0
98
174
192
0
0
0
0
0
80
133
64
0
0
0
0
0
94
174
192
0
0
0
0
0
176
133
64
0
0
0
0
0
90
174
192
0
0
0
0
0
16
134
64
0
0
0
0
0
86
174
192
0
0
0
0
0
104
134
64
0
0
0
0
0
82
174
192
0
0
0
0
0
200
134
64
0
0
0
0
0
78
174
192
0
0
0
0
0
40
135
64
0
0
0
0
0
72
174
192
0
0
0
0
0
136
135
64
0
0
0
0
0
68
174
192
0
0
0
0
0
224
135
64
0
0
0
0
0
64
174
192
0
0
0
0
0
64
136
64
0
0
0
0
0
60
174
192
0
0
0
0
0
160
136
64
0
0
0
0
0
54
174
192
0
0
0
0
0
0
137
64
0
0
0
0
0
50
174
192
0
0
0
0
0
0
0
0
0
0
0
0
0
0
0
0
0
0
0
0
0
0
0
0
0
0
0
0
0
0
0
0
0
0
0
0
0
0
0
0
0
0
0
0
0
0
0
0
0
0
0
0
0
0
0
0
0
0
0
0
0
0
0
0
0
0
0
0
0
0
0
0
0
0
0
0
0
0
0
0
0
0
0
0
0
0
0
0
0
0
0
0
0
0
0
0
0
0
0
0
0
0
0
0
0
0
0
0
0
0
0
0
0
0
0
0
0
0
0
0
0
0
0
0
0
0
0
0
0
0
0
0
0
0
0
0
0
0
0
0
0
0
0
0
0
0
0
0
0
0
0
0
0
0
0
0
0
0
0
0
0
0
0
0
0
0
0
0
0
0
0
0
0
0
0
0
0
0
0
0
0
0
0
0
0
0
0
0
0
0
0
0
0
0
0
0
0
0
0
0
0
0
0
0
0
0
0
0
0
0
0
0
0
0
0
0
0
0
0
0
0
0
0
0
0
0
0
0
0
0
0
0
0
0
0
0
0
0
0
0
0
0
0
0
0
0
0
0
0
0
0
0
0
0
0
0
0
0
0
0
0
0
0
0
0
0
0
0
0
0
0
0
0
0
0
0
0
0
0
0
0
0
0
0
0
0
0
0
0
0
0
0
0
0
0
0
0
0
0
0
0
0
0
0
0
0
0
0
0
0
0
0
0
0
0
0
0
0
0
0
0
0
0
0
0
0
0
0
0
0
0
0
0
0
0
0
0
0
0
0
0
0
0
0
0
0
0
0
0
0
0
0
0
0
0
0
0
0
0
0
0
0
0
0
0
0
0
0
0
0
0
0
0
0
0
0
0
0
0
0
0
0
0
0
0
0
0
0
0
0
0
0
0
0
0
0
0
0
0
0
0
0
0
0
0
0
0
0
0
0
0
0
0
0
0
0
0
0
0
0
0
0
0
0
0
0
0
0
0
0
0
0
0
0
0
0
0
0
0
0
0
0
0
0
0
0
0
0
0
0
0
0
0
0
0
0
0
0
0
0
0
0
0
0
0
0
0
0
0
0
0
0
0
0
0
0
0
0
0
0
0
0
0
0
0
0
0
0
0
0
0
0
0
0
0
0
0
0
0
0
0
0
0
0
0
0
0
0
0
0
0
0
0
0
0
0
0
0
0
0
0
0
0
0
0
0
0
0
0
0
0
0
0
0
0
0
0
0
0
0
0
0
0
0
0
0
0
0
0
0
0
0
0
0
0
0
0
0
0
0
0
0
0
0
0
0
0
0
0
0
0
0
0
0
0
0
0
0
0
0
0
0
0
0
0
0
0
0
0
0
0
0
0
0
0
0
0
0
0
0
0
0
0
0
0
0
0
0
0
0
0
0
0
0
0
0
0
0
0
0
0
0
0
0
0
0
0
0
0
0
0
0
0
0
0
0
0
0
0
0
0
0
0
0
0
0
0
0
0
0
0
0
0
0
0
0
0
0
0
0
0
0
0
0
0
0
0
0
0
0
0
0
0
0
0
0
0
0
0
0
0
0
0
0
0
0
0
0
0
0
0
0
0
0
0
0
0
0
0
0
0
0
0
0
0
0
0
0
0
0
0
0
0
0
0
0
0
0
0
0
0
0
0
0
0
0
0
0
0
0
0
0
0
0
0
0
0
0
0
0
0
0
0
0
0
0
0
0
0
0
0
0
0
0
0
0
0
0
0
0
0
0
0
0
0
0
0
0
0
0
0
0
0
0
0
0
0
0
0
0
0
0
0
0
0
0
0
0
0
0
0
0
0
0
0
0
0
0
0
0
0
0
0
0
0
0
0
0
0
0
0
0
0
0
0
0
0
0
0
0
0
0
0
0
0
0
0
0
0
0
0
0
0
0
0
0
0
0
0
0
0
0
0
0
0
0
0
0
0
0
0
0
0
0
0
0
0
0
0
0
0
0
0
0
0
0
0
0
0
0
0
0
0
0
0
0
0
0
0
0
0
0
0
0
0
0
0
0
0
0
0
0
0
0
0
0
0
0
0
0
0
0
0
0
0
0
0
0
0
0
0
0
0
0
0
0
0
0
0
0
0
0
0
0
0
0
0
0
0
0
0
0
0
0
0
0
0
0
0
0
0
0
0
0
0
0
0
0
0
0
0
0
0
0
0
0
0
0
0
0
0
0
0
0
0
0
0
0
0
0
0
0
0
0
0
0
0
0
0
0
0
0
0
0
0
0
0
0
0
0
0
0
0
0
0
0
0
0
0
0
0
0
0
0
0
0
0
0
0
0
0
0
0
0
0
0
0
0
0
0
0
0
0
0
0
0
0
0
0
0
0
0
0
0
0
0
0
0
0
0
0
0
0
0
0
0
0
0
0
0
0
0
0
0
0
0
0
0
0
0
0
0
0
0
0
0
0
0
0
0
0
0
0
0
0
0
0
0
0
0
0
0
0
0
0
0
0
0
0
0
0
0
0
0
0
0
0
0
0
0
0
0
0
0
0
0
0
0
0
0
0
0
0
0
0
0
0
0
0
0
0
0
0
0
0
0
0
0
0
0
0
0
0
0
0
0
0
0
0
0
0
0
0
0
0
0
0
0
0
0
0
0
0
0
0
0
0
0
0
0
0
0
0
0
0
0
0
0
0
0
0
0
0
0
0
0
0
0
0
0
0
0
0
0
0
0
0
0
0
0
0
0
0
0
0
0
0
0
0
0
0
0
0
0
0
0
0
0
0
0
0
0
0
0
0
0
0
0
0
0
0
0
0
0
0
0
0
0
0
0
0