58
70
65
67
84
58
67
68
65
84
49
56
58
68
65
84
65
32
35
57
48
48
48
48
48
54
57
51
54
174
10
116
63
38
138
144
186
157
253
239
63
199
73
97
222
227
76
115
63
55
227
52
68
21
254
239
63
98
217
204
33
169
133
114
63
71
60
217
205
140
254
239
63
187
127
44
68
135
192
113
63
64
161
158
62
2
255
239
63
39
163
202
48
238
6
113
63
12
30
166
125
115
255
239
63
157
158
119
99
65
97
112
63
148
190
16
114
222
255
239
63
40
154
7
176
200
175
111
63
96
199
127
129
32
0
240
63
252
109
79
144
216
238
110
63
62
205
201
139
76
0
240
63
230
87
115
128
96
142
110
63
227
112
230
87
115
0
240
63
32
156
79
29
171
148
110
63
90
44
69
242
149
0
240
63
243
200
31
12
60
247
110
63
164
255
229
90
180
0
240
63
248
250
90
151
26
161
111
63
226
88
23
183
209
0
240
63
128
73
42
83
204
65
112
63
21
56
217
6
238
0
240
63
208
214
193
193
222
196
112
63
72
23
155
86
10
1
240
63
117
202
163
27
97
81
113
63
146
234
59
191
40
1
240
63
27
190
133
117
227
221
113
63
254
43
43
77
74
1
240
63
40
98
17
195
14
99
114
63
162
207
71
25
113
1
240
63
138
57
8
58
90
213
114
63
117
91
34
23
156
1
240
63
75
233
153
94
98
44
115
63
150
61
9
108
206
1
240
63
238
67
222
114
245
99
115
63
241
129
29
255
5
2
240
63
181
50
225
151
250
121
115
63
133
40
95
208
66
2
240
63
58
5
249
217
200
117
115
63
58
61
239
198
130
2
240
63
152
221
147
135
133
90
115
63
6
70
94
214
196
2
240
63
170
244
19
206
110
45
115
63
245
188
27
11
10
3
240
63
234
119
97
107
182
242
114
63
216
185
105
51
78
3
240
63
213
148
100
29
142
174
114
63
187
182
183
91
146
3
240
63
69
132
127
17
52
102
114
63
147
57
150
119
213
3
240
63
85
104
32
150
205
28
114
63
72
78
38
110
21
4
240
63
159
144
157
183
177
217
113
63
209
122
248
50
81
4
240
63
129
8
113
229
236
157
113
63
55
57
124
210
137
4
240
63
89
219
20
143
139
106
113
63
100
149
210
51
189
4
240
63
41
9
137
180
141
63
113
63
111
131
218
111
237
4
240
63
115
100
229
151
193
24
113
63
54
149
69
97
23
5
240
63
57
237
41
57
39
246
112
63
207
190
242
32
61
5
240
63
94
129
232
73
153
212
112
63
47
134
114
162
93
5
240
63
36
10
45
235
254
177
112
63
87
235
196
229
120
5
240
63
45
124
125
173
75
141
112
63
70
238
233
234
142
5
240
63
186
192
229
177
102
100
112
63
252
142
225
177
159
5
240
63
13
193
113
25
55
53
112
63
98
217
204
33
169
5
240
63
213
204
90
10
72
251
111
63
155
59
250
95
174
5
240
63
96
120
37
201
115
125
111
63
178
47
217
120
176
5
240
63
53
178
43
45
35
245
110
63
178
47
217
120
176
5
240
63
144
190
73
211
160
104
110
63
178
47
217
120
176
5
240
63
45
180
115
154
5
218
109
63
189
169
72
133
177
5
240
63
69
215
133
31
156
79
109
63
246
11
118
195
182
5
240
63
18
108
92
255
174
207
108
63
104
208
208
63
193
5
240
63
204
182
211
214
136
96
108
63
41
235
55
19
211
5
240
63
49
206
223
132
66
4
108
63
80
80
138
86
238
5
240
63
123
246
92
166
38
193
107
63
222
255
199
9
19
6
240
63
226
115
39
216
127
157
107
63
233
237
207
69
67
6
240
63
37
93
51
249
102
155
107
63
91
38
195
241
124
6
240
63
9
110
164
108
145
180
107
63
39
47
50
1
191
6
240
63
210
143
134
83
230
230
107
63
44
154
206
78
6
7
240
63
3
149
241
239
51
46
108
63
95
237
40
206
81
7
240
63
101
57
9
165
47
132
108
63
157
186
242
89
158
7
240
63
123
79
229
180
167
228
108
63
231
1
44
242
235
7
240
63
12
147
169
130
81
73
109
63
25
85
134
113
55
8
240
63
25
4
86
14
45
178
109
63
42
58
146
203
127
8
240
63
170
71
26
220
214
22
110
63
246
66
1
219
193
8
240
63
2
71
2
13
54
117
110
63
115
245
99
147
252
8
240
63
232
189
49
4
0
199
110
63
137
93
219
219
45
9
240
63
225
126
192
3
3
8
111
63
35
135
136
155
83
9
240
63
46
115
186
44
38
54
111
63
97
224
185
247
112
9
240
63
18
132
43
160
80
79
111
63
91
93
78
9
136
9
240
63
132
12
228
217
229
91
111
63
40
242
36
233
154
9
240
63
199
245
239
250
204
89
111
63
233
12
140
188
172
9
240
63
85
109
55
193
55
77
111
63
182
161
98
156
191
9
240
63
103
183
150
201
112
60
111
63
176
30
247
173
214
9
240
63
64
189
25
53
95
37
111
63
250
241
151
22
245
9
240
63
26
195
156
160
77
14
111
63
158
149
180
226
27
10
240
63
177
223
19
235
84
249
110
63
169
131
188
30
76
10
240
63
72
252
138
53
92
228
110
63
249
77
97
165
130
10
240
63
157
47
246
94
124
209
110
63
129
122
51
106
190
10
240
63
241
98
97
136
156
190
110
63
43
21
84
84
253
10
240
63
136
127
216
210
163
169
110
63
236
163
83
87
62
11
240
63
164
110
103
95
121
144
110
63
173
50
83
90
127
11
240
63
2
71
2
13
54
117
110
63
87
205
115
68
190
11
240
63
229
241
180
252
192
85
110
63
212
127
214
252
248
11
240
63
209
65
151
112
232
45
110
63
24
208
11
119
46
12
240
63
131
77
157
71
197
255
109
63
24
68
164
166
93
12
240
63
63
254
210
162
62
201
109
63
188
231
192
114
132
12
240
63
4
84
56
130
84
138
109
63
51
163
31
13
167
12
240
63
78
124
181
163
56
71
109
63
114
252
80
105
196
12
240
63
161
73
98
73
185
251
108
63
165
219
18
185
224
12
240
63
244
22
15
239
57
176
108
63
204
64
101
252
251
12
240
63
204
182
211
214
136
96
108
63
255
31
39
76
24
13
240
63
163
86
152
190
215
16
108
63
73
243
199
180
54
13
240
63
57
13
81
133
63
195
107
63
204
40
150
91
90
13
240
63
74
241
241
9
217
121
107
63
135
192
145
64
131
13
240
63
214
2
123
76
164
52
107
63
158
40
9
137
180
13
240
63
221
65
236
76
161
243
106
63
4
231
140
40
237
13
240
63
219
219
45
201
1
187
106
63
185
251
28
31
45
14
240
63
19
186
75
226
172
136
106
63
168
114
218
83
114
14
240
63
8
175
93
218
112
88
106
63
173
221
118
161
185
14
240
63
54
232
75
111
127
46
106
63
201
60
242
7
3
15
240
63
34
56
46
227
166
6
106
63
217
33
254
97
75
15
240
63
137
181
248
20
0
227
105
63
211
18
43
163
145
15
240
63
50
28
207
103
64
189
105
63
160
27
154
178
211
15
240
63
220
130
165
186
128
151
105
63
51
194
219
131
16
16
240
63
133
233
123
13
193
113
105
63
108
152
161
241
68
16
240
63
180
34
106
162
207
71
105
63
85
24
91
8
114
16
240
63
36
69
100
88
197
27
105
63
227
199
152
187
150
16
240
63
215
80
106
47
162
237
104
63
44
155
57
36
181
16
240
63
204
69
124
39
102
189
104
63
73
134
28
91
207
16
240
63
126
81
130
254
66
143
104
63
78
125
32
121
231
16
240
63
49
93
136
213
31
97
104
63
61
128
69
126
253
16
240
63
162
127
130
139
21
53
104
63
66
119
73
156
21
17
240
63
75
230
88
222
85
15
104
63
83
232
188
198
46
17
240
63
112
122
23
239
199
237
103
63
157
187
93
47
77
17
240
63
206
82
178
156
132
210
103
63
20
119
188
201
111
17
240
63
101
111
41
231
139
189
103
63
230
2
151
199
154
17
240
63
177
253
100
140
15
179
103
63
253
106
14
16
204
17
240
63
53
208
124
206
221
174
103
63
76
53
179
150
2
18
240
63
243
230
112
173
246
176
103
63
201
231
21
79
61
18
240
63
234
65
65
41
90
185
103
63
104
8
199
44
123
18
240
63
158
179
5
132
214
195
103
63
41
151
198
47
188
18
240
63
16
60
190
189
107
208
103
63
234
37
198
50
253
18
240
63
64
219
106
214
25
223
103
63
171
180
197
53
62
19
240
63
178
99
35
16
175
235
103
63
96
201
85
44
126
19
240
63
103
213
231
106
43
246
103
63
244
111
151
253
186
19
240
63
160
25
196
7
118
252
103
63
101
168
138
169
244
19
240
63
94
48
184
230
142
254
103
63
169
248
191
35
42
20
240
63
226
2
208
40
93
250
103
63
191
96
55
108
91
20
240
63
178
99
35
16
175
235
103
63
168
224
240
130
136
20
240
63
73
128
154
90
182
214
103
63
100
120
236
103
177
20
240
63
44
43
77
74
65
183
103
63
253
161
153
39
215
20
240
63
156
77
71
0
55
139
103
63
82
239
169
156
246
20
240
63
88
254
124
91
176
84
103
63
133
206
107
236
18
21
240
63
39
249
17
191
98
13
103
63
139
197
111
10
43
21
240
63
131
107
238
232
127
185
102
63
99
212
181
246
62
21
240
63
175
62
30
250
238
86
102
63
2
129
206
164
77
21
240
63
49
69
185
52
126
225
101
63
138
57
8
58
90
21
240
63
196
149
179
119
70
91
101
63
241
131
243
169
99
21
240
63
163
116
233
95
146
202
100
63
87
206
222
25
109
21
240
63
16
203
102
14
73
45
100
63
212
12
169
162
120
21
240
63
2
244
251
254
205
139
99
63
115
185
193
80
135
21
240
63
120
239
168
49
33
230
98
63
87
66
119
73
156
21
240
63
172
1
74
67
141
66
98
63
126
167
201
140
183
21
240
63
157
42
223
51
18
161
97
63
12
87
7
64
220
21
240
63
67
197
56
127
19
10
97
63
12
203
159
111
11
22
240
63
224
186
98
70
120
123
96
63
148
247
113
52
71
22
240
63
213
204
90
10
72
251
95
63
176
86
237
154
144
22
240
63
197
143
49
119
45
33
95
63
50
0
84
113
227
22
240
63
21
145
97
21
111
100
94
63
16
122
54
171
62
23
240
63
196
208
234
228
12
197
93
63
26
220
214
22
158
23
240
63
87
33
229
39
213
62
93
63
37
62
119
130
253
23
240
63
217
39
128
98
100
201
92
63
14
50
201
200
89
24
240
63
195
17
164
82
236
104
92
63
189
195
237
208
176
24
240
63
31
132
128
124
9
21
92
63
7
11
39
105
254
24
240
63
114
81
45
34
138
201
91
63
200
153
38
108
63
25
240
63
188
121
170
67
110
134
91
63
222
1
158
180
112
25
240
63
129
207
15
35
132
71
91
63
40
213
62
29
143
25
240
63
203
247
140
68
104
4
91
63
188
7
232
190
156
25
240
63
153
242
33
168
26
189
90
63
176
141
120
178
155
25
240
63
113
146
230
143
105
109
90
63
40
213
62
29
143
25
240
63
214
169
242
61
35
17
90
63
68
76
137
36
122
25
240
63
211
221
117
54
228
159
89
63
40
97
166
237
95
25
240
63
102
46
112
121
172
25
89
63
234
7
117
145
66
25
240
63
22
110
249
72
74
122
88
63
171
174
67
53
37
25
240
63
234
65
65
41
90
185
87
63
143
195
96
254
10
25
240
63
227
169
71
26
220
214
86
63
183
180
26
18
247
24
240
63
133
120
36
94
158
206
85
63
58
118
80
137
235
24
240
63
86
128
239
54
111
156
84
63
35
130
113
112
233
24
240
63
85
193
168
164
78
64
83
63
104
94
14
187
239
24
240
63
111
241
240
158
3
203
81
63
240
22
72
80
252
24
240
63
156
107
152
161
241
68
80
63
177
49
175
35
14
25
240
63
146
203
127
72
191
125
77
63
171
174
67
53
37
25
240
63
236
191
206
77
155
113
74
63
188
31
183
95
62
25
240
63
33
32
95
66
5
135
71
63
217
10
154
150
88
25
240
63
12
88
114
21
139
223
68
63
0
112
236
217
115
25
240
63
174
103
8
199
44
123
66
63
29
91
207
16
142
25
240
63
215
21
51
194
219
131
64
63
34
82
211
46
166
25
240
63
255
122
133
5
247
3
62
63
5
219
136
39
187
25
240
63
77
189
110
17
24
235
59
63
199
245
239
250
204
25
240
63
172
60
129
176
83
172
58
63
102
162
8
169
219
25
240
63
82
215
218
251
84
21
58
63
227
224
210
49
231
25
240
63
118
107
153
12
199
243
57
63
73
43
190
161
240
25
240
63
100
33
58
4
142
4
58
63
142
7
91
236
246
25
240
63
45
67
28
235
226
54
58
63
176
117
169
17
250
25
240
63
26
249
188
226
169
71
58
63
198
105
136
42
252
25
240
63
82
215
218
251
84
21
58
63
176
117
169
17
250
25
240
63
28
6
243
87
200
92
57
63
142
7
91
236
246
25
240
63
141
207
100
255
60
13
56
63
73
43
190
161
240
25
240
63
220
17
78
11
94
244
53
63
238
90
66
62
232
25
240
63
227
56
240
106
185
51
51
63
136
16
87
206
222
25
240
63
31
245
215
43
44
184
47
63
11
210
140
69
211
25
240
63
86
241
70
230
145
63
40
63
131
25
83
176
198
25
240
63
33
62
176
227
191
64
32
63
239
230
169
14
185
25
240
63
252
109
79
144
216
238
14
63
80
58
145
96
170
25
240
63
241
104
227
136
181
248
212
190
176
141
120
178
155
25
240
63
28
36
68
249
130
22
18
191
17
225
95
4
141
25
240
63
67
197
56
127
19
10
33
191
114
52
71
86
126
25
240
63
86
241
70
230
145
63
40
191
211
135
46
168
111
25
240
63
70
150
204
177
188
171
46
191
52
219
21
250
96
25
240
63
47
110
163
1
188
5
50
191
171
34
220
100
84
25
240
63
187
151
251
228
40
64
52
191
46
228
17
220
72
25
240
63
220
17
78
11
94
244
53
191
211
19
150
120
64
25
240
63
125
146
59
108
34
51
55
191
132
189
137
33
57
25
240
63
178
99
35
16
175
235
55
191
97
79
59
252
53
25
240
63
123
133
5
247
3
30
56
191
97
79
59
252
53
25
240
63
215
247
225
32
33
202
55
191
143
55
249
45
58
25
240
63
199
186
184
141
6
240
54
191
234
7
117
145
66
25
240
63
74
206
137
61
180
143
53
191
126
58
30
51
80
25
240
63
79
232
245
39
241
185
51
191
52
219
21
250
96
25
240
63
231
82
92
85
246
93
49
191
0
112
236
217
115
25
240
63
146
203
127
72
191
125
45
191
205
4
195
185
134
25
240
63
123
133
5
247
3
30
40
191
142
31
42
141
152
25
240
63
63
171
204
148
214
223
34
191
34
82
211
46
166
25
240
63
40
41
176
0
166
12
28
191
114
168
223
133
173
25
240
63
24
10
216
14
70
236
19
191
125
34
79
146
174
25
240
63
222
0
51
223
193
79
12
191
23
216
99
34
165
25
240
63
201
199
238
2
37
5
6
191
51
79
174
41
144
25
240
63
162
38
250
124
148
17
7
191
188
147
79
143
109
25
240
63
215
21
51
194
219
131
16
191
188
31
183
95
62
25
240
63
10
188
147
79
143
109
25
191
64
109
84
167
3
25
240
63
26
23
14
132
100
1
35
191
93
112
6
127
191
24
240
63
153
242
33
168
26
189
42
191
53
151
27
12
117
24
240
63
120
150
32
35
160
194
49
191
224
213
114
103
38
24
240
63
72
193
83
200
149
122
54
191
117
32
235
169
213
23
240
63
243
87
200
92
25
84
59
191
254
240
243
223
131
23
240
63
79
119
158
120
206
22
64
191
158
181
219
46
52
23
240
63
192
177
103
207
101
106
66
191
96
232
17
163
231
22
240
63
104
202
78
63
168
139
68
191
113
113
84
110
162
22
240
63
91
11
179
208
206
105
70
191
199
214
51
132
99
22
240
63
188
8
83
148
75
227
71
191
108
146
31
241
43
22
240
63
111
211
159
253
72
17
73
191
97
164
23
181
251
21
240
63
109
198
105
136
42
252
73
191
143
24
61
183
208
21
240
63
172
60
129
176
83
172
74
191
1
105
255
3
172
21
240
63
33
145
182
241
39
42
75
191
161
161
127
130
139
21
240
63
197
30
218
199
10
126
75
191
98
72
78
38
110
21
240
63
132
155
140
42
195
184
75
191
93
81
74
8
86
21
240
63
86
98
158
149
180
226
75
191
110
78
37
3
64
21
240
63
40
41
176
0
166
12
76
191
150
63
223
22
44
21
240
63
250
239
193
107
151
54
76
191
213
36
120
67
26
21
240
63
185
108
116
206
79
113
76
191
31
132
128
124
9
21
240
63
112
68
247
172
107
180
76
191
105
227
136
181
248
20
240
63
29
119
74
7
235
255
76
191
190
188
0
251
232
20
240
63
192
4
110
221
205
83
77
191
8
28
9
52
216
20
240
63
100
146
145
179
176
167
77
191
83
123
17
109
199
20
240
63
17
197
228
13
48
243
77
191
122
108
203
128
179
20
240
63
190
247
55
104
175
62
78
191
151
227
21
136
158
20
240
63
135
25
26
79
4
113
78
191
157
102
129
118
135
20
240
63
89
224
43
186
245
154
78
191
117
1
47
51
108
20
240
63
70
150
204
177
188
171
78
191
44
46
142
202
77
20
240
63
79
59
252
53
89
163
78
191
192
236
158
60
44
20
240
63
116
207
186
70
203
129
78
191
61
183
208
149
8
20
240
63
172
173
216
95
118
79
78
191
198
251
113
251
229
19
240
63
245
213
85
129
90
12
78
191
79
64
19
97
195
19
240
63
82
72
50
171
119
184
77
191
250
242
2
236
163
19
240
63
174
186
14
213
148
100
77
191
199
19
65
156
135
19
240
63
10
45
235
254
177
16
77
191
204
150
172
138
112
19
240
63
93
250
151
164
50
197
76
191
34
112
36
208
96
19
240
63
176
199
68
74
179
121
76
191
199
159
168
108
88
19
240
63
241
74
146
231
250
62
76
191
199
159
168
108
88
19
240
63
31
132
128
124
9
21
76
191
45
234
147
220
97
19
240
63
59
115
15
9
223
251
75
191
227
138
139
163
114
19
240
63
68
24
63
141
123
243
75
191
199
19
65
156
135
19
240
63
59
115
15
9
223
251
75
191
193
144
213
173
158
19
240
63
40
41
176
0
166
12
76
191
187
13
106
191
181
19
240
63
12
58
33
116
208
37
76
191
158
150
31
184
202
19
240
63
241
74
146
231
250
62
76
191
84
55
23
127
219
19
240
63
213
91
3
91
37
88
76
191
198
251
113
251
229
19
240
63
185
108
116
206
79
113
76
191
209
117
225
7
231
19
240
63
158
125
229
65
122
138
76
191
96
177
134
139
220
19
240
63
139
51
134
57
65
155
76
191
113
174
97
134
198
19
240
63
139
51
134
57
65
155
76
191
16
231
225
4
166
19
240
63
149
216
181
189
221
146
76
191
108
67
197
56
127
19
240
63
176
199
68
74
179
121
76
191
142
61
123
46
83
19
240
63
232
165
98
99
94
71
76
191
154
67
82
11
37
19
240
63
59
115
15
9
223
251
75
191
177
195
152
244
247
18
240
63
169
47
75
59
53
151
75
191
223
55
190
246
204
18
240
63
52
219
21
250
96
25
75
191
81
136
128
67
168
18
240
63
236
191
206
77
155
113
74
191
18
47
79
231
138
18
240
63
192
147
22
46
171
176
73
191
81
20
232
19
121
18
240
63
204
69
124
39
102
189
72
191
13
56
75
201
114
18
240
63
252
139
160
49
147
168
71
191
47
166
153
238
117
18
240
63
91
11
179
208
206
105
70
191
126
252
165
69
125
18
240
63
213
121
84
252
223
17
69
191
206
82
178
156
132
18
240
63
88
141
37
172
141
177
67
191
229
70
145
181
134
18
240
63
229
69
38
224
215
72
66
191
138
118
21
82
126
18
240
63
104
89
247
143
133
232
64
191
155
115
240
76
104
18
240
63
197
143
49
119
45
33
63
191
224
219
244
103
63
18
240
63
149
216
181
189
221
146
60
191
31
77
245
100
254
17
240
63
8
175
93
218
112
88
58
191
43
223
51
18
161
17
240
63
31
19
41
205
230
113
56
191
226
35
98
74
36
17
240
63
218
4
24
150
63
223
54
191
147
113
140
100
143
16
240
63
19
240
107
36
9
194
53
191
188
6
125
233
237
15
240
63
3
179
66
145
238
231
52
191
252
143
76
135
78
15
240
63
169
77
156
220
239
80
52
191
218
197
52
211
189
14
240
63
5
192
120
6
13
253
51
191
225
96
111
98
72
14
240
63
79
232
245
39
241
185
51
191
186
135
132
239
253
13
240
63
116
124
180
56
99
152
51
191
214
254
206
246
232
13
240
63
153
16
115
73
213
118
51
191
214
114
103
38
24
14
240
63
190
164
49
90
71
85
51
191
88
144
102
44
154
14
240
63
8
205
174
123
43
18
51
191
183
39
72
108
119
15
240
63
137
211
73
182
186
156
50
191
16
176
86
237
154
16
240
63
47
110
163
1
188
5
50
191
65
71
171
90
210
17
240
63
31
49
122
110
161
43
49
191
228
46
194
20
229
18
240
63
70
210
110
244
49
31
48
191
136
46
168
111
153
19
240
63
72
163
2
39
219
192
45
191
210
1
73
216
183
19
240
63
153
242
33
168
26
189
42
191
103
100
144
187
8
19
240
63
125
146
59
108
34
51
39
191
248
139
217
146
85
17
240
63
245
130
79
115
242
34
35
191
162
123
214
53
90
14
240
63
75
176
56
156
249
213
28
191
205
149
65
181
193
9
240
63
28
36
68
249
130
22
18
191
27
102
104
60
17
4
240
63
222
0
51
223
193
79
252
190
250
240
44
65
70
0
240
63
141
237
181
160
247
198
176
190
75
143
166
122
50
255
239
63
84
228
16
113
115
42
201
62
199
41
58
146
203
255
239
63
141
237
181
160
247
198
176
62
57
98
45
62
5
0
240
63
0
0
0
0
0
0
0
128
34
110
78
37
3
0
240
63
0
0
0
0
0
0
0
128
0
0
0
0
0
0
240
63
0
0
0
0
0
0
0
0
0
0
0
0
0
0
240
63
0
0
0
0
0
0
0
0
0
0
0
0
0
0
240
63
0
0
0
0
0
0
0
0
0
0
0
0
0
0
240
63
0
0
0
0
0
0
0
128
0
0
0
0
0
0
240
63
0
0
0
0
0
0
0
128
142
59
165
131
245
255
239
63
93
137
64
245
15
34
105
63
80
226
115
39
216
255
239
63
93
137
64
245
15
34
121
63
69
244
107
235
167
255
239
63
6
103
240
247
139
217
130
63
86
125
174
182
98
255
239
63
93
137
64
245
15
34
137
63
64
161
158
62
2
255
239
63
5
166
211
186
13
106
143
63
116
36
151
255
144
254
239
63
86
97
51
192
5
217
146
63
202
137
118
21
82
254
239
63
49
120
152
246
205
253
149
63
60
78
209
145
92
254
239
63
67
29
86
184
229
35
153
63
240
251
55
47
78
252
239
63
28
126
55
221
178
67
156
63
238
178
95
119
186
243
239
63
85
109
55
193
55
77
159
63
169
18
101
111
41
231
239
63
40
214
169
242
61
35
161
63
51
250
209
112
202
220
239
63
247
202
188
85
215
161
162
63
47
81
189
53
176
213
239
63
25
112
150
146
229
36
164
63
15
12
32
124
40
209
239
63
8
61
155
85
159
171
165
63
14
49
94
243
170
206
239
63
127
109
253
244
159
53
167
63
27
103
211
17
192
205
239
63
58
61
239
198
130
194
168
63
129
37
87
177
248
205
239
63
247
231
162
33
227
81
170
63
70
7
36
97
223
206
239
63
46
229
124
177
247
226
171
63
114
167
116
176
254
207
239
63
196
237
208
176
24
117
173
63
243
172
164
21
223
208
239
63
157
186
242
89
158
7
175
63
112
95
7
206
25
209
239
63
153
97
163
172
223
76
176
63
33
173
49
232
132
208
239
63
235
0
136
187
122
21
177
63
166
66
60
18
47
207
239
63
215
249
183
203
126
221
177
63
107
97
22
218
57
205
239
63
202
141
34
107
13
165
178
63
152
110
18
131
192
202
239
63
13
28
208
210
21
108
179
63
105
195
97
105
224
199
239
63
86
69
184
201
168
50
180
63
219
220
152
158
176
196
239
63
241
104
227
136
181
248
180
63
89
252
166
176
82
193
239
63
71
200
64
158
93
190
181
63
220
158
32
177
221
189
239
63
164
194
216
66
144
131
182
63
163
29
55
252
110
186
239
63
116
153
154
4
111
72
183
63
215
221
60
213
33
183
239
63
108
237
125
170
10
13
184
63
21
140
74
234
4
180
239
63
66
95
122
251
115
209
184
63
27
76
195
240
17
177
239
63
246
238
143
247
170
149
185
63
94
101
109
83
60
174
239
63
244
221
173
44
209
89
186
63
133
7
205
174
123
171
239
63
135
139
220
211
213
29
187
63
53
98
102
159
199
168
239
63
25
57
11
123
218
225
187
63
228
188
255
143
19
166
239
63
172
230
57
34
223
165
188
63
57
71
29
29
87
163
239
63
244
52
96
144
244
105
189
63
192
60
100
202
135
160
239
63
60
131
134
254
9
46
190
63
33
205
88
52
157
157
239
63
241
18
156
250
64
242
190
63
186
75
226
172
136
154
239
63
91
67
169
189
136
182
191
63
118
196
33
27
72
151
239
63
152
218
82
7
121
61
192
63
107
43
246
151
221
147
239
63
57
180
200
118
190
159
192
63
176
116
62
60
75
144
239
63
53
94
186
73
12
2
193
63
160
112
118
107
153
140
239
63
231
168
163
227
106
100
193
63
104
7
92
87
204
136
239
63
79
148
132
68
218
198
193
63
99
9
107
99
236
132
239
63
18
80
225
8
82
41
194
63
146
118
163
143
249
128
239
63
138
172
53
148
218
139
194
63
79
31
129
63
252
124
239
63
94
217
5
131
107
238
194
63
223
223
160
189
250
120
239
63
66
119
73
156
21
81
195
63
111
160
192
59
249
116
239
63
221
181
132
124
208
179
195
63
44
73
158
235
251
112
239
63
210
196
59
192
147
22
196
63
0
230
90
180
0
109
239
63
216
68
102
46
112
121
196
63
212
130
23
125
5
105
239
63
223
196
144
156
76
220
196
63
99
67
55
251
3
101
239
63
64
21
55
110
49
63
197
63
106
75
29
228
245
96
239
63
70
149
97
220
13
162
197
63
233
154
201
55
219
92
239
63
242
68
16
231
225
4
198
63
155
85
159
171
173
88
239
63
140
131
75
199
156
103
198
63
60
159
1
245
102
84
239
63
187
128
151
25
54
202
198
63
182
131
17
251
4
80
239
63
216
12
112
65
182
44
199
63
218
26
17
140
131
75
239
63
47
135
221
119
12
143
199
63
124
124
66
118
222
70
239
63
9
79
232
245
39
241
199
63
133
180
198
160
19
66
239
63
29
5
136
130
25
83
200
63
34
171
91
61
39
61
239
63
14
217
64
186
216
180
200
63
82
96
1
76
25
56
239
63
148
107
10
100
118
22
201
63
91
176
84
23
240
50
239
63
174
188
228
127
242
119
201
63
61
155
85
159
171
45
239
63
183
156
75
113
85
217
201
63
36
9
194
21
80
40
239
63
100
172
54
255
175
58
202
63
18
250
153
122
221
34
239
63
92
27
42
198
249
155
202
63
27
98
188
230
85
29
239
63
85
138
29
141
67
253
202
63
134
29
198
164
191
23
239
63
77
249
16
84
141
94
203
63
59
56
216
155
24
18
239
63
250
8
252
225
231
191
203
63
103
154
176
253
100
12
239
63
94
185
222
54
83
33
204
63
11
68
79
202
164
6
239
63
29
58
61
239
198
130
204
63
249
76
246
207
211
0
239
63
220
186
155
167
58
228
204
63
49
181
165
14
242
250
238
63
246
11
118
195
182
69
205
63
202
112
60
159
1
245
238
63
90
188
88
24
34
167
205
63
150
151
252
79
254
238
238
63
99
156
191
9
133
8
206
63
149
41
230
32
232
232
238
63
182
219
46
52
215
105
206
63
200
38
249
17
191
226
238
63
248
169
42
52
16
203
206
63
46
143
53
35
131
220
238
63
41
7
179
9
48
44
207
63
199
98
155
84
52
214
238
63
147
82
208
237
37
141
207
63
103
185
108
116
206
207
238
63
146
92
254
67
250
237
207
63
12
147
169
130
81
201
238
63
101
170
96
84
82
39
208
63
137
7
148
77
185
194
238
63
83
62
4
85
163
87
208
63
246
10
11
238
7
188
238
63
185
25
110
192
231
135
208
63
36
181
80
50
57
181
238
63
31
245
215
43
44
184
208
63
253
17
134
1
75
174
238
63
133
208
65
151
112
232
208
63
107
45
204
66
59
167
238
63
24
148
105
52
185
24
209
63
108
7
35
246
9
160
238
63
7
40
13
53
10
73
209
63
189
195
237
208
176
152
238
63
171
92
168
252
107
121
209
63
72
110
77
186
45
145
238
63
51
26
249
188
226
169
209
63
57
239
255
227
132
137
238
63
112
120
65
68
106
218
209
63
122
82
38
53
180
129
238
63
54
143
195
96
254
10
210
63
125
92
27
42
198
121
238
63
87
118
193
224
154
59
210
63
88
1
190
219
188
113
238
63
75
117
1
47
51
108
210
63
102
17
138
173
160
105
238
63
182
187
7
232
190
156
210
63
3
93
251
2
122
97
238
63
107
97
22
218
57
205
210
63
69
216
240
244
74
89
238
63
181
197
53
62
147
253
210
63
135
83
230
230
27
81
238
63
101
0
168
226
198
45
211
63
13
171
120
35
243
72
238
63
78
41
175
149
208
93
211
63
50
175
35
14
217
64
238
63
232
135
17
194
163
141
211
63
246
95
231
166
205
56
238
63
215
75
83
4
56
189
211
63
135
165
129
31
213
48
238
63
120
69
240
191
149
236
211
63
183
151
52
70
235
40
238
63
156
140
42
195
184
27
212
63
21
114
165
158
5
33
238
63
38
170
183
6
182
74
212
63
160
52
212
40
36
25
238
63
23
158
151
138
141
121
212
63
254
14
69
129
62
17
238
63
201
56
70
178
71
168
212
63
1
25
58
118
80
9
238
63
153
74
63
225
236
214
212
63
100
118
22
189
83
1
238
63
13
140
188
172
137
5
213
63
18
51
251
60
70
249
237
63
38
253
189
20
30
52
213
63
152
138
141
121
29
241
237
63
109
86
125
174
182
98
213
63
223
136
238
89
215
232
237
63
225
151
250
121
83
145
213
63
187
69
96
172
111
224
237
63
57
98
45
62
5
192
213
63
43
193
226
112
230
215
237
63
235
252
219
101
191
238
213
63
70
239
84
192
61
207
237
63
84
56
130
84
138
29
214
63
245
219
215
129
115
198
237
63
69
44
98
216
97
76
214
63
101
111
41
231
139
189
237
63
190
216
123
241
69
123
214
63
151
169
73
240
0
0
0
0
0
0
0
0
0
0
0
0
0
0
0
0
0
0
0
0
0
0
0
0
0
0
0
0
0
0
0
0
0
0
0
0
0
0
0
0
0
0
0
0
0
0
0
0
0
0
0
0
0
0
0
0
0
0
0
0
0
0
0
0
0
0
0
0
0
0
0
0
0
0
0
0
0
0
0
0
0
0
0
0
0
0
0
0
0
0
0
0
0
0
0
0
0
0
0
0
0
0
0
0
0
0
0
0
0
0
0
0
0
0
0
0
0
0
0
0
0
0
0
0
0
0
0
0
0
0
0
0
0
0
0
0
0
0
0
0
0
0
0
0
0
0
0
0
0
0
0
0
0
0
0
0
0
0
0
0
0
0
0
0
0
0
0
0
0
0
0
0
0
0
0
0
0
0
0
0
0
0
0
0
0
0
0
0
0
0
0
0
0
0
0
0
0
0
0
0
0
0
0
0
0
0
0
0
0
0
0
0
0
0
0
0
0
0
0
0
0
0
0
0
0
0
0
0
0
0
0
0
0
0
0
0
0
0
0
0
0
0
0
0
0
0
0
0
0
0
0
0
0
0
0
0
0
0
0
0
0
0
0
0
0
0
0
0
0
0
0
0
0
0
0
0
0
0
0
0
0
0
0
0
0
0
0
0
0
0
0
0
0
0
0
0
0
0
0
0
0
0
0
0
0
0
0
0
0
0
0
0
0
0
0
0
0
0
0
0
0
0
0
0
0
0
0
0
0
0
0
0
0
0
0
0
0
0
0
0
0
0
0
0
0
0
0
0
0
0
0
0
0
0
0
0
0
0
0
0
0
0
0
0
0
0
0
0
0
0
0
0
0
0
0
0
0
0
0
0
0
0
0
0
0
0
0
0
0
0
0
0
0
0
0
0
0
0
0
0
0
0
0
0
0
0
0
0
0
0
0
0
0
0
0
0
0
0
0
0
0
0
0
0
0
0
0
0
0
0
0
0
0
0
0
0
0
0
0
0
0
0
0
0
0
0
0
0
0
0
0
0
0
0
0
0
0
0
0
0
0
0
0
0
0
0
0
0
0
0
0
0
0
0
0
0
0
0
0
0
0
0
0
0
0
0
0
0
0
0
0
0
0
0
0
0
0
0
0
0
0
0
0
0
0
0
0
0
0
0
0
0
0
0
0
0
0
0
0
0
0
0
0
0
0
0
0
0
0
0
0
0
0
0
0
0
0
0
0
0
0
0
0
0
0
0
0
0
0
0
0
0
0
0
0
0
0
0
0
0
0
0
0
0
0
0
0
0
0
0
0
0
0
0
0
0
0
0
0
0
0
0
0
0
0
0
0
0
0
0
0
0
0
0
0
0
0
0
0
0
0
0
0
0
0
0
0
0
0
0
0
0
0
0
0
0
0
0
0
0
0
0
0
0
0
0
0
0
0
0
0
0
0
0
0
0
0
0
0
0
0
0
0
0
0
0
0
0
0
0
0
0
0
0
0
0
0
0
0
0
0
0
0
0
0
0
0
0
0
0
0
0
0
0
0
0
0
0
0
0
0
0
0
0
0
0
0
0
0
0
0
0
0
0
0
0
0
0
0
0
0
0
0
0
0
0
0
0
0
0
0
0
0
0
0
0
0
0
0
0
0
0
0
0
0
0
0
0
0
0
0
0
0
0
0
0
0
0
0
0
0
0
0
0
0
0
0
0
0
0
0
0
0
0
0
0
0
0
0
0
0
0
0
0
0
0
0
0
0
0
0
0
0
0
0
0
0
0
0
0
0
0
0
0
0
0
0
0
0
0
0
0
0
0
0
0
0
0
0
0
0
0
0
0
0
0
0
0
0
0
0
0
0
0
0
0
0
0
0
0
0
0
0
0
0
0
0
0
0
0
0
0
0
0
0
0
0
0
0
0
0
0
0
0
0
0
0
0
0
0
0
0
0
0
0
0
0
0
0
0
0
0
0
0
0
0
0
0
0
0
0
0
0
0
0
0
0
0
0
0
0
0
0
0
0
0
0
0
0
0
0
0
0
0
0
0
0
0
0
0
0
0
0
0
0
0
0
0
0
0
0
0
0
0
0
0
0
0
0
0
0
0
0
0
0
0
0
0
0
0
0
0
0
0
0
0
0
0
0
0
0
0
0
0
0
0
0
0
0
0
0
0
0
0
0
0
0
0
0
0
0
0
0
0
0
0
0
0
0
0
0
0
0
0
0
0
0
0
0
0
0
0
0
0
0
0
0
0
0
0
0
0
0
0
0
0
0
0
0
0
0
0
0
0
0
0
0
0
0
0
0
0
0
0
0
0
0
0
0
0
0
0
0
0
0
0
0
0
0
0
0
0
0
0
0
0
0
0
0
0
0
0
0
0
0
0
0
0
0
0
0
0
0
0
0
0
0
0
0
0
0
0
0
0
0
0
0
0
0
0
0
0
0
0
0
0
0
0
0
0
0
0
0
0
0
0
0
0
0
0
0
0
0
0
0
0
0
0
0
0
0
0
0
0
0
0
0
0
0
0
0
0
0
0
0
0
0
0
0
0
0
0
0
0
0
0
0
0
0
0
0
0
0
0
0
0
0
0
0
0
0
0
0
0
0
0
0
0
0
0
0
0
0
0
0
0
0
0
0
0
0
0
0
0
0
0
0
0
0
0
0
0
0
0
0
0
0
0
0
0
0
0
0
0
0
0
0
0
0
0
0
0
0
0
0
0
0
0
0
0
0
0
0
0
0
0
0
0
0
0
0
0
0
0
0
0
0
0
0
0
0
0
0
0
0
0
0