58
70
65
67
84
58
67
68
65
84
49
56
58
68
65
84
65
32
35
57
48
48
48
48
48
54
57
51
54
0
0
0
0
0
148
157
64
0
0
0
0
0
122
172
64
0
0
0
0
0
104
157
64
0
0
0
0
0
134
172
64
0
0
0
0
0
60
157
64
0
0
0
0
0
146
172
64
0
0
0
0
0
16
157
64
0
0
0
0
0
158
172
64
0
0
0
0
0
224
156
64
0
0
0
0
0
170
172
64
0
0
0
0
0
180
156
64
0
0
0
0
0
182
172
64
0
0
0
0
0
136
156
64
0
0
0
0
0
194
172
64
0
0
0
0
0
92
156
64
0
0
0
0
0
206
172
64
0
0
0
0
0
44
156
64
0
0
0
0
0
218
172
64
0
0
0
0
0
0
156
64
0
0
0
0
0
230
172
64
0
0
0
0
0
208
155
64
0
0
0
0
0
242
172
64
0
0
0
0
0
164
155
64
0
0
0
0
0
254
172
64
0
0
0
0
0
116
155
64
0
0
0
0
0
10
173
64
0
0
0
0
0
72
155
64
0
0
0
0
0
22
173
64
0
0
0
0
0
24
155
64
0
0
0
0
0
34
173
64
0
0
0
0
0
236
154
64
0
0
0
0
0
44
173
64
0
0
0
0
0
188
154
64
0
0
0
0
0
56
173
64
0
0
0
0
0
144
154
64
0
0
0
0
0
66
173
64
0
0
0
0
0
96
154
64
0
0
0
0
0
78
173
64
0
0
0
0
0
52
154
64
0
0
0
0
0
88
173
64
0
0
0
0
0
8
154
64
0
0
0
0
0
100
173
64
0
0
0
0
0
216
153
64
0
0
0
0
0
110
173
64
0
0
0
0
0
172
153
64
0
0
0
0
0
120
173
64
0
0
0
0
0
124
153
64
0
0
0
0
0
130
173
64
0
0
0
0
0
76
153
64
0
0
0
0
0
142
173
64
0
0
0
0
0
32
153
64
0
0
0
0
0
152
173
64
0
0
0
0
0
240
152
64
0
0
0
0
0
162
173
64
0
0
0
0
0
192
152
64
0
0
0
0
0
172
173
64
0
0
0
0
0
144
152
64
0
0
0
0
0
182
173
64
0
0
0
0
0
100
152
64
0
0
0
0
0
192
173
64
0
0
0
0
0
52
152
64
0
0
0
0
0
202
173
64
0
0
0
0
0
4
152
64
0
0
0
0
0
212
173
64
0
0
0
0
0
212
151
64
0
0
0
0
0
222
173
64
0
0
0
0
0
164
151
64
0
0
0
0
0
232
173
64
0
0
0
0
0
120
151
64
0
0
0
0
0
242
173
64
0
0
0
0
0
72
151
64
0
0
0
0
0
252
173
64
0
0
0
0
0
24
151
64
0
0
0
0
0
6
174
64
0
0
0
0
0
232
150
64
0
0
0
0
0
14
174
64
0
0
0
0
0
188
150
64
0
0
0
0
0
24
174
64
0
0
0
0
0
140
150
64
0
0
0
0
0
32
174
64
0
0
0
0
0
96
150
64
0
0
0
0
0
42
174
64
0
0
0
0
0
48
150
64
0
0
0
0
0
52
174
64
0
0
0
0
0
4
150
64
0
0
0
0
0
60
174
64
0
0
0
0
0
212
149
64
0
0
0
0
0
70
174
64
0
0
0
0
0
164
149
64
0
0
0
0
0
78
174
64
0
0
0
0
0
116
149
64
0
0
0
0
0
88
174
64
0
0
0
0
0
68
149
64
0
0
0
0
0
96
174
64
0
0
0
0
0
24
149
64
0
0
0
0
0
104
174
64
0
0
0
0
0
228
148
64
0
0
0
0
0
114
174
64
0
0
0
0
0
180
148
64
0
0
0
0
0
122
174
64
0
0
0
0
0
132
148
64
0
0
0
0
0
132
174
64
0
0
0
0
0
84
148
64
0
0
0
0
0
140
174
64
0
0
0
0
0
36
148
64
0
0
0
0
0
148
174
64
0
0
0
0
0
244
147
64
0
0
0
0
0
158
174
64
0
0
0
0
0
196
147
64
0
0
0
0
0
166
174
64
0
0
0
0
0
144
147
64
0
0
0
0
0
174
174
64
0
0
0
0
0
96
147
64
0
0
0
0
0
182
174
64
0
0
0
0
0
48
147
64
0
0
0
0
0
192
174
64
0
0
0
0
0
0
147
64
0
0
0
0
0
200
174
64
0
0
0
0
0
208
146
64
0
0
0
0
0
208
174
64
0
0
0
0
0
160
146
64
0
0
0
0
0
216
174
64
0
0
0
0
0
112
146
64
0
0
0
0
0
224
174
64
0
0
0
0
0
64
146
64
0
0
0
0
0
232
174
64
0
0
0
0
0
16
146
64
0
0
0
0
0
240
174
64
0
0
0
0
0
224
145
64
0
0
0
0
0
248
174
64
0
0
0
0
0
176
145
64
0
0
0
0
0
0
175
64
0
0
0
0
0
128
145
64
0
0
0
0
0
8
175
64
0
0
0
0
0
76
145
64
0
0
0
0
0
14
175
64
0
0
0
0
0
28
145
64
0
0
0
0
0
22
175
64
0
0
0
0
0
236
144
64
0
0
0
0
0
30
175
64
0
0
0
0
0
188
144
64
0
0
0
0
0
38
175
64
0
0
0
0
0
140
144
64
0
0
0
0
0
44
175
64
0
0
0
0
0
92
144
64
0
0
0
0
0
52
175
64
0
0
0
0
0
40
144
64
0
0
0
0
0
60
175
64
0
0
0
0
0
240
143
64
0
0
0
0
0
66
175
64
0
0
0
0
0
144
143
64
0
0
0
0
0
74
175
64
0
0
0
0
0
48
143
64
0
0
0
0
0
80
175
64
0
0
0
0
0
208
142
64
0
0
0
0
0
86
175
64
0
0
0
0
0
112
142
64
0
0
0
0
0
94
175
64
0
0
0
0
0
8
142
64
0
0
0
0
0
100
175
64
0
0
0
0
0
168
141
64
0
0
0
0
0
106
175
64
0
0
0
0
0
72
141
64
0
0
0
0
0
112
175
64
0
0
0
0
0
232
140
64
0
0
0
0
0
118
175
64
0
0
0
0
0
136
140
64
0
0
0
0
0
126
175
64
0
0
0
0
0
32
140
64
0
0
0
0
0
132
175
64
0
0
0
0
0
192
139
64
0
0
0
0
0
138
175
64
0
0
0
0
0
96
139
64
0
0
0
0
0
144
175
64
0
0
0
0
0
248
138
64
0
0
0
0
0
150
175
64
0
0
0
0
0
152
138
64
0
0
0
0
0
156
175
64
0
0
0
0
0
56
138
64
0
0
0
0
0
162
175
64
0
0
0
0
0
208
137
64
0
0
0
0
0
168
175
64
0
0
0
0
0
104
137
64
0
0
0
0
0
176
175
64
0
0
0
0
0
8
137
64
0
0
0
0
0
182
175
64
0
0
0
0
0
160
136
64
0
0
0
0
0
188
175
64
0
0
0
0
0
64
136
64
0
0
0
0
0
194
175
64
0
0
0
0
0
216
135
64
0
0
0
0
0
198
175
64
0
0
0
0
0
120
135
64
0
0
0
0
0
204
175
64
0
0
0
0
0
16
135
64
0
0
0
0
0
210
175
64
0
0
0
0
0
168
134
64
0
0
0
0
0
216
175
64
0
0
0
0
0
72
134
64
0
0
0
0
0
222
175
64
0
0
0
0
0
224
133
64
0
0
0
0
0
226
175
64
0
0
0
0
0
128
133
64
0
0
0
0
0
232
175
64
0
0
0
0
0
24
133
64
0
0
0
0
0
236
175
64
0
0
0
0
0
184
132
64
0
0
0
0
0
242
175
64
0
0
0
0
0
80
132
64
0
0
0
0
0
246
175
64
0
0
0
0
0
240
131
64
0
0
0
0
0
252
175
64
0
0
0
0
0
136
131
64
0
0
0
0
0
0
176
64
0
0
0
0
0
40
131
64
0
0
0
0
0
2
176
64
0
0
0
0
0
192
130
64
0
0
0
0
0
5
176
64
0
0
0
0
0
96
130
64
0
0
0
0
0
7
176
64
0
0
0
0
0
248
129
64
0
0
0
0
0
9
176
64
0
0
0
0
0
144
129
64
0
0
0
0
0
11
176
64
0
0
0
0
0
48
129
64
0
0
0
0
0
14
176
64
0
0
0
0
0
200
128
64
0
0
0
0
0
16
176
64
0
0
0
0
0
96
128
64
0
0
0
0
0
18
176
64
0
0
0
0
0
240
127
64
0
0
0
0
0
20
176
64
0
0
0
0
0
48
127
64
0
0
0
0
0
22
176
64
0
0
0
0
0
96
126
64
0
0
0
0
0
24
176
64
0
0
0
0
0
144
125
64
0
0
0
0
0
26
176
64
0
0
0
0
0
192
124
64
0
0
0
0
0
28
176
64
0
0
0
0
0
0
124
64
0
0
0
0
0
30
176
64
0
0
0
0
0
48
123
64
0
0
0
0
0
32
176
64
0
0
0
0
0
96
122
64
0
0
0
0
0
34
176
64
0
0
0
0
0
144
121
64
0
0
0
0
0
36
176
64
0
0
0
0
0
192
120
64
0
0
0
0
0
38
176
64
0
0
0
0
0
0
120
64
0
0
0
0
0
40
176
64
0
0
0
0
0
48
119
64
0
0
0
0
0
42
176
64
0
0
0
0
0
96
118
64
0
0
0
0
0
44
176
64
0
0
0
0
0
160
117
64
0
0
0
0
0
46
176
64
0
0
0
0
0
208
116
64
0
0
0
0
0
48
176
64
0
0
0
0
0
0
116
64
0
0
0
0
0
50
176
64
0
0
0
0
0
64
115
64
0
0
0
0
0
52
176
64
0
0
0
0
0
112
114
64
0
0
0
0
0
54
176
64
0
0
0
0
0
160
113
64
0
0
0
0
0
56
176
64
0
0
0
0
0
224
112
64
0
0
0
0
0
58
176
64
0
0
0
0
0
16
112
64
0
0
0
0
0
59
176
64
0
0
0
0
0
160
110
64
0
0
0
0
0
61
176
64
0
0
0
0
0
0
109
64
0
0
0
0
0
63
176
64
0
0
0
0
0
128
107
64
0
0
0
0
0
64
176
64
0
0
0
0
0
224
105
64
0
0
0
0
0
66
176
64
0
0
0
0
0
96
104
64
0
0
0
0
0
67
176
64
0
0
0
0
0
224
102
64
0
0
0
0
0
69
176
64
0
0
0
0
0
64
101
64
0
0
0
0
0
70
176
64
0
0
0
0
0
192
99
64
0
0
0
0
0
72
176
64
0
0
0
0
0
64
98
64
0
0
0
0
0
73
176
64
0
0
0
0
0
160
96
64
0
0
0
0
0
74
176
64
0
0
0
0
0
64
94
64
0
0
0
0
0
75
176
64
0
0
0
0
0
0
91
64
0
0
0
0
0
77
176
64
0
0
0
0
0
0
88
64
0
0
0
0
0
78
176
64
0
0
0
0
0
192
84
64
0
0
0
0
0
79
176
64
0
0
0
0
0
128
81
64
0
0
0
0
0
80
176
64
0
0
0
0
0
0
77
64
0
0
0
0
0
82
176
64
0
0
0
0
0
128
70
64
0
0
0
0
0
83
176
64
0
0
0
0
0
0
64
64
0
0
0
0
0
84
176
64
0
0
0
0
0
0
52
64
0
0
0
0
0
85
176
64
0
0
0
0
0
0
28
64
0
0
0
0
0
86
176
64
0
0
0
0
0
0
24
192
0
0
0
0
0
87
176
64
0
0
0
0
0
0
50
192
0
0
0
0
0
88
176
64
0
0
0
0
0
0
62
192
0
0
0
0
0
88
176
64
0
0
0
0
0
128
69
192
0
0
0
0
0
89
176
64
0
0
0
0
0
128
75
192
0
0
0
0
0
90
176
64
0
0
0
0
0
192
80
192
0
0
0
0
0
90
176
64
0
0
0
0
0
192
83
192
0
0
0
0
0
91
176
64
0
0
0
0
0
192
86
192
0
0
0
0
0
91
176
64
0
0
0
0
0
0
90
192
0
0
0
0
0
91
176
64
0
0
0
0
0
0
93
192
0
0
0
0
0
92
176
64
0
0
0
0
0
0
96
192
0
0
0
0
0
92
176
64
0
0
0
0
0
128
97
192
0
0
0
0
0
92
176
64
0
0
0
0
0
0
99
192
0
0
0
0
0
92
176
64
0
0
0
0
0
160
100
192
0
0
0
0
0
93
176
64
0
0
0
0
0
32
102
192
0
0
0
0
0
93
176
64
0
0
0
0
0
160
103
192
0
0
0
0
0
93
176
64
0
0
0
0
0
64
105
192
0
0
0
0
0
93
176
64
0
0
0
0
0
192
106
192
0
0
0
0
0
93
176
64
0
0
0
0
0
96
108
192
0
0
0
0
0
93
176
64
0
0
0
0
0
224
109
192
0
0
0
0
0
93
176
64
0
0
0
0
0
96
111
192
0
0
0
0
0
93
176
64
0
0
0
0
0
128
112
192
0
0
0
0
0
93
176
64
0
0
0
0
0
64
113
192
0
0
0
0
0
92
176
64
0
0
0
0
0
16
114
192
0
0
0
0
0
92
176
64
0
0
0
0
0
208
114
192
0
0
0
0
0
92
176
64
0
0
0
0
0
144
115
192
0
0
0
0
0
91
176
64
0
0
0
0
0
96
116
192
0
0
0
0
0
91
176
64
0
0
0
0
0
32
117
192
0
0
0
0
0
90
176
64
0
0
0
0
0
224
117
192
0
0
0
0
0
90
176
64
0
0
0
0
0
160
118
192
0
0
0
0
0
89
176
64
0
0
0
0
0
96
119
192
0
0
0
0
0
88
176
64
0
0
0
0
0
32
120
192
0
0
0
0
0
88
176
64
0
0
0
0
0
224
120
192
0
0
0
0
0
87
176
64
0
0
0
0
0
160
121
192
0
0
0
0
0
87
176
64
0
0
0
0
0
96
122
192
0
0
0
0
0
86
176
64
0
0
0
0
0
32
123
192
0
0
0
0
0
86
176
64
0
0
0
0
0
224
123
192
0
0
0
0
0
85
176
64
0
0
0
0
0
160
124
192
0
0
0
0
0
85
176
64
0
0
0
0
0
80
125
192
0
0
0
0
0
84
176
64
0
0
0
0
0
16
126
192
0
0
0
0
0
84
176
64
0
0
0
0
0
208
126
192
0
0
0
0
0
83
176
64
0
0
0
0
0
144
127
192
0
0
0
0
0
82
176
64
0
0
0
0
0
32
128
192
0
0
0
0
0
81
176
64
0
0
0
0
0
128
128
192
0
0
0
0
0
80
176
64
0
0
0
0
0
224
128
192
0
0
0
0
0
79
176
64
0
0
0
0
0
64
129
192
0
0
0
0
0
78
176
64
0
0
0
0
0
160
129
192
0
0
0
0
0
76
176
64
0
0
0
0
0
0
130
192
0
0
0
0
0
75
176
64
0
0
0
0
0
96
130
192
0
0
0
0
0
73
176
64
0
0
0
0
0
192
130
192
0
0
0
0
0
71
176
64
0
0
0
0
0
32
131
192
0
0
0
0
0
70
176
64
0
0
0
0
0
128
131
192
0
0
0
0
0
68
176
64
0
0
0
0
0
224
131
192
0
0
0
0
0
66
176
64
0
0
0
0
0
64
132
192
0
0
0
0
0
64
176
64
0
0
0
0
0
160
132
192
0
0
0
0
0
62
176
64
0
0
0
0
0
0
133
192
0
0
0
0
0
60
176
64
0
0
0
0
0
96
133
192
0
0
0
0
0
59
176
64
0
0
0
0
0
192
133
192
0
0
0
0
0
57
176
64
0
0
0
0
0
32
134
192
0
0
0
0
0
55
176
64
0
0
0
0
0
128
134
192
0
0
0
0
0
53
176
64
0
0
0
0
0
224
134
192
0
0
0
0
0
51
176
64
0
0
0
0
0
72
135
192
0
0
0
0
0
49
176
64
0
0
0
0
0
168
135
192
0
0
0
0
0
47
176
64
0
0
0
0
0
8
136
192
0
0
0
0
0
45
176
64
0
0
0
0
0
104
136
192
0
0
0
0
0
43
176
64
0
0
0
0
0
200
136
192
0
0
0
0
0
40
176
64
0
0
0
0
0
40
137
192
0
0
0
0
0
38
176
64
0
0
0
0
0
136
137
192
0
0
0
0
0
36
176
64
0
0
0
0
0
232
137
192
0
0
0
0
0
33
176
64
0
0
0
0
0
72
138
192
0
0
0
0
0
31
176
64
0
0
0
0
0
168
138
192
0
0
0
0
0
28
176
64
0
0
0
0
0
0
139
192
0
0
0
0
0
26
176
64
0
0
0
0
0
96
139
192
0
0
0
0
0
23
176
64
0
0
0
0
0
192
139
192
0
0
0
0
0
20
176
64
0
0
0
0
0
32
140
192
0
0
0
0
0
17
176
64
0
0
0
0
0
128
140
192
0
0
0
0
0
15
176
64
0
0
0
0
0
224
140
192
0
0
0
0
0
12
176
64
0
0
0
0
0
64
141
192
0
0
0
0
0
9
176
64
0
0
0
0
0
152
141
192
0
0
0
0
0
6
176
64
0
0
0
0
0
248
141
192
0
0
0
0
0
3
176
64
0
0
0
0
0
88
142
192
0
0
0
0
0
0
176
64
0
0
0
0
0
184
142
192
0
0
0
0
0
248
175
64
0
0
0
0
0
24
143
192
0
0
0
0
0
242
175
64
0
0
0
0
0
120
143
192
0
0
0
0
0
236
175
64
0
0
0
0
0
216
143
192
0
0
0
0
0
230
175
64
0
0
0
0
0
28
144
192
0
0
0
0
0
224
175
64
0
0
0
0
0
80
144
192
0
0
0
0
0
216
175
64
0
0
0
0
0
128
144
192
0
0
0
0
0
210
175
64
0
0
0
0
0
176
144
192
0
0
0
0
0
204
175
64
0
0
0
0
0
224
144
192
0
0
0
0
0
196
175
64
0
0
0
0
0
20
145
192
0
0
0
0
0
190
175
64
0
0
0
0
0
68
145
192
0
0
0
0
0
184
175
64
0
0
0
0
0
116
145
192
0
0
0
0
0
176
175
64
0
0
0
0
0
168
145
192
0
0
0
0
0
170
175
64
0
0
0
0
0
216
145
192
0
0
0
0
0
162
175
64
0
0
0
0
0
12
146
192
0
0
0
0
0
156
175
64
0
0
0
0
0
60
146
192
0
0
0
0
0
148
175
64
0
0
0
0
0
108
146
192
0
0
0
0
0
142
175
64
0
0
0
0
0
160
146
192
0
0
0
0
0
134
175
64
0
0
0
0
0
208
146
192
0
0
0
0
0
126
175
64
0
0
0
0
0
0
147
192
0
0
0
0
0
118
175
64
0
0
0
0
0
48
147
192
0
0
0
0
0
112
175
64
0
0
0
0
0
96
147
192
0
0
0
0
0
104
175
64
0
0
0
0
0
148
147
192
0
0
0
0
0
96
175
64
0
0
0
0
0
196
147
192
0
0
0
0
0
88
175
64
0
0
0
0
0
244
147
192
0
0
0
0
0
80
175
64
0
0
0
0
0
32
148
192
0
0
0
0
0
72
175
64
0
0
0
0
0
80
148
192
0
0
0
0
0
64
175
64
0
0
0
0
0
128
148
192
0
0
0
0
0
56
175
64
0
0
0
0
0
176
148
192
0
0
0
0
0
48
175
64
0
0
0
0
0
224
148
192
0
0
0
0
0
40
175
64
0
0
0
0
0
12
149
192
0
0
0
0
0
32
175
64
0
0
0
0
0
60
149
192
0
0
0
0
0
24
175
64
0
0
0
0
0
108
149
192
0
0
0
0
0
14
175
64
0
0
0
0
0
156
149
192
0
0
0
0
0
6
175
64
0
0
0
0
0
204
149
192
0
0
0
0
0
254
174
64
0
0
0
0
0
248
149
192
0
0
0
0
0
246
174
64
0
0
0
0
0
40
150
192
0
0
0
0
0
236
174
64
0
0
0
0
0
88
150
192
0
0
0
0
0
228
174
64
0
0
0
0
0
136
150
192
0
0
0
0
0
220
174
64
0
0
0
0
0
184
150
192
0
0
0
0
0
210
174
64
0
0
0
0
0
232
150
192
0
0
0
0
0
202
174
64
0
0
0
0
0
24
151
192
0
0
0
0
0
194
174
64
0
0
0
0
0
72
151
192
0
0
0
0
0
184
174
64
0
0
0
0
0
124
151
192
0
0
0
0
0
176
174
64
0
0
0
0
0
172
151
192
0
0
0
0
0
166
174
64
0
0
0
0
0
220
151
192
0
0
0
0
0
158
174
64
0
0
0
0
0
12
152
192
0
0
0
0
0
148
174
64
0
0
0
0
0
60
152
192
0
0
0
0
0
140
174
64
0
0
0
0
0
108
152
192
0
0
0
0
0
130
174
64
0
0
0
0
0
156
152
192
0
0
0
0
0
122
174
64
0
0
0
0
0
204
152
192
0
0
0
0
0
112
174
64
0
0
0
0
0
252
152
192
0
0
0
0
0
102
174
64
0
0
0
0
0
44
153
192
0
0
0
0
0
94
174
64
0
0
0
0
0
92
153
192
0
0
0
0
0
84
174
64
0
0
0
0
0
136
153
192
0
0
0
0
0
76
174
64
0
0
0
0
0
184
153
192
0
0
0
0
0
66
174
64
0
0
0
0
0
228
153
192
0
0
0
0
0
58
174
64
0
0
0
0
0
16
154
192
0
0
0
0
0
48
174
64
0
0
0
0
0
60
154
192
0
0
0
0
0
38
174
64
0
0
0
0
0
108
154
192
0
0
0
0
0
30
174
64
0
0
0
0
0
152
154
192
0
0
0
0
0
20
174
64
0
0
0
0
0
196
154
192
0
0
0
0
0
10
174
64
0
0
0
0
0
240
154
192
0
0
0
0
0
2
174
64
0
0
0
0
0
28
155
192
0
0
0
0
0
248
173
64
0
0
0
0
0
72
155
192
0
0
0
0
0
238
173
64
0
0
0
0
0
120
155
192
0
0
0
0
0
228
173
64
0
0
0
0
0
164
155
192
0
0
0
0
0
216
173
64
0
0
0
0
0
212
155
192
0
0
0
0
0
206
173
64
0
0
0
0
0
0
156
192
0
0
0
0
0
196
173
64
0
0
0
0
0
48
156
192
0
0
0
0
0
184
173
64
0
0
0
0
0
96
156
192
0
0
0
0
0
174
173
64
0
0
0
0
0
140
156
192
0
0
0
0
0
162
173
64
0
0
0
0
0
188
156
192
0
0
0
0
0
152
173
64
0
0
0
0
0
236
156
192
0
0
0
0
0
140
173
64
0
0
0
0
0
24
157
192
0
0
0
0
0
130
173
64
0
0
0
0
0
72
157
192
0
0
0
0
0
118
173
64
0
0
0
0
0
116
157
192
0
0
0
0
0
108
173
64
0
0
0
0
0
164
157
192
0
0
0
0
0
98
173
64
0
0
0
0
0
208
157
192
0
0
0
0
0
88
173
64
0
0
0
0
0
252
157
192
0
0
0
0
0
76
173
64
0
0
0
0
0
44
158
192
0
0
0
0
0
66
173
64
0
0
0
0
0
88
158
192
0
0
0
0
0
56
173
64
0
0
0
0
0
132
158
192
0
0
0
0
0
44
173
64
0
0
0
0
0
176
158
192
0
0
0
0
0
34
173
64
0
0
0
0
0
216
158
192
0
0
0
0
0
24
173
64
0
0
0
0
0
4
159
192
0
0
0
0
0
12
173
64
0
0
0
0
0
44
159
192
0
0
0
0
0
2
173
64
0
0
0
0
0
88
159
192
0
0
0
0
0
248
172
64
0
0
0
0
0
128
159
192
0
0
0
0
0
236
172
64
0
0
0
0
0
172
159
192
0
0
0
0
0
224
172
64
0
0
0
0
0
212
159
192
0
0
0
0
0
214
172
64
0
0
0
0
0
252
159
192
0
0
0
0
0
202
172
64
0
0
0
0
0
18
160
192
0
0
0
0
0
190
172
64
0
0
0
0
0
38
160
192
0
0
0
0
0
178
172
64
0
0
0
0
0
60
160
192
0
0
0
0
0
166
172
64
0
0
0
0
0
80
160
192
0
0
0
0
0
154
172
64
0
0
0
0
0
100
160
192
0
0
0
0
0
142
172
64
0
0
0
0
0
120
160
192
0
0
0
0
0
130
172
64
0
0
0
0
0
142
160
192
0
0
0
0
0
118
172
64
0
0
0
0
0
162
160
192
0
0
0
0
0
106
172
64
0
0
0
0
0
182
160
192
0
0
0
0
0
92
172
64
0
0
0
0
0
204
160
192
0
0
0
0
0
80
172
64
0
0
0
0
0
224
160
192
0
0
0
0
0
66
172
64
0
0
0
0
0
244
160
192
0
0
0
0
0
54
172
64
0
0
0
0
0
10
161
192
0
0
0
0
0
40
172
64
0
0
0
0
0
30
161
192
0
0
0
0
0
28
172
64
0
0
0
0
0
50
161
192
0
0
0
0
0
14
172
64
0
0
0
0
0
72
161
192
0
0
0
0
0
0
172
64
0
0
0
0
0
92
161
192
0
0
0
0
0
242
171
64
0
0
0
0
0
112
161
192
0
0
0
0
0
228
171
64
0
0
0
0
0
134
161
192
0
0
0
0
0
214
171
64
0
0
0
0
0
154
161
192
0
0
0
0
0
200
171
64
0
0
0
0
0
174
161
192
0
0
0
0
0
186
171
64
0
0
0
0
0
194
161
192
0
0
0
0
0
172
171
64
0
0
0
0
0
214
161
192
0
0
0
0
0
158
171
64
0
0
0
0
0
234
161
192
0
0
0
0
0
144
171
64
0
0
0
0
0
254
161
192
0
0
0
0
0
130
171
64
0
0
0
0
0
16
162
192
0
0
0
0
0
116
171
64
0
0
0
0
0
36
162
192
0
0
0
0
0
100
171
64
0
0
0
0
0
54
162
192
0
0
0
0
0
86
171
64
0
0
0
0
0
74
162
192
0
0
0
0
0
72
171
64
0
0
0
0
0
92
162
192
0
0
0
0
0
56
171
64
0
0
0
0
0
112
162
192
0
0
0
0
0
42
171
64
0
0
0
0
0
130
162
192
0
0
0
0
0
26
171
64
0
0
0
0
0
150
162
192
0
0
0
0
0
12
171
64
0
0
0
0
0
170
162
192
0
0
0
0
0
252
170
64
0
0
0
0
0
188
162
192
0
0
0
0
0
236
170
64
0
0
0
0
0
208
162
192
0
0
0
0
0
222
170
64
0
0
0
0
0
228
162
192
0
0
0
0
0
206
170
64
0
0
0
0
0
248
162
192
0
0
0
0
0
190
170
64
0
0
0
0
0
12
163
192
0
0
0
0
0
174
170
64
0
0
0
0
0
34
163
192
0
0
0
0
0
158
170
64
0
0
0
0
0
54
163
192
0
0
0
0
0
142
170
64
0
0
0
0
0
74
163
192
0
0
0
0
0
126
170
64
0
0
0
0
0
96
163
192
0
0
0
0
0
110
170
64
0
0
0
0
0
116
163
192
0
0
0
0
0
94
170
64
0
0
0
0
0
138
163
192
0
0
0
0
0
76
170
64
0
0
0
0
0
160
163
192
0
0
0
0
0
60
170
64
0
0
0
0
0
180
163
192
0
0
0
0
0
44
170
64
0
0
0
0
0
202
163
192
0
0
0
0
0
26
170
64
0
0
0
0
0
224
163
192
0
0
0
0
0
10
170
64
0
0
0
0
0
244
163
192
0
0
0
0
0
250
169
64
0
0
0
0
0
8
164
192
0
0
0
0
0
232
169
64
0
0
0
0
0
30
164
192
0
0
0
0
0
216
169
64
0
0
0
0
0
50
164
192
0
0
0
0
0
200
169
64
0
0
0
0
0
68
164
192
0
0
0
0
0
182
169
64
0
0
0
0
0
88
164
192
0
0
0
0
0
166
169
64
0
0
0
0
0
106
164
192
0
0
0
0
0
150
169
64
0
0
0
0
0
124
164
192
0
0
0
0
0
134
169
64
0
0
0
0
0
140
164
192
0
0
0
0
0
118
169
64
0
0
0
0
0
158
164
192
0
0
0
0
0
102
169
64
0
0
0
0
0
174
164
192
0
0
0
0
0
86
169
64
0
0
0
0
0
192
164
192
0
0
0
0
0
72
169
64
0
0
0
0
0
208
164
192
0
0
0
0
0
56
169
64
0
0
0
0
0
224
164
192
0
0
0
0
0
38
169
64
0
0
0
0
0
242
164
192
0
0
0
0
0
22
169
64
0
0
0
0
0
2
165
192
0
0
0
0
0
6
169
64
0
0
0
0
0
20
165
192
0
0
0
0
0
244
168
64
0
0
0
0
0
38
165
192
0
0
0
0
0
228
168
64
0
0
0
0
0
56
165
192
0
0
0
0
0
210
168
64
0
0
0
0
0
76
165
192
0
0
0
0
0
192
168
64
0
0
0
0
0
94
165
192
0
0
0
0
0
172
168
64
0
0
0
0
0
114
165
192
0
0
0
0
0
154
168
64
0
0
0
0
0
134
165
192
0
0
0
0
0
136
168
64
0
0
0
0
0
152
165
192
0
0
0
0
0
116
168
64
0
0
0
0
0
172
165
192
0
0
0
0
0
98
168
64
0
0
0
0
0
192
165
192
0
0
0
0
0
78
168
64
0
0
0
0
0
210
165
192
0
0
0
0
0
60
168
64
0
0
0
0
0
230
165
192
0
0
0
0
0
40
168
64
0
0
0
0
0
248
165
192
0
0
0
0
0
22
168
64
0
0
0
0
0
10
166
192
0
0
0
0
0
2
168
64
0
0
0
0
0
30
166
192
0
0
0
0
0
240
167
64
0
0
0
0
0
48
166
192
0
0
0
0
0
220
167
64
0
0
0
0
0
66
166
192
0
0
0
0
0
202
167
64
0
0
0
0
0
84
166
192
0
0
0
0
0
184
167
64
0
0
0
0
0
102
166
192
0
0
0
0
0
164
167
64
0
0
0
0
0
120
166
192
0
0
0
0
0
144
167
64
0
0
0
0
0
138
166
192
0
0
0
0
0
126
167
64
0
0
0
0
0
158
166
192
0
0
0
0
0
106
167
64
0
0
0
0
0
176
166
192
0
0
0
0
0
86
167
64
0
0
0
0
0
194
166
192
0
0
0
0
0
66
167
64
0
0
0
0
0
212
166
192
0
0
0
0
0
46
167
64
0
0
0
0
0
230
166
192
0
0
0
0
0
28
167
64
0
0
0
0
0
248
166
192
0
0
0
0
0
8
167
64
0
0
0
0
0
10
167
192
0
0
0
0
0
244
166
64
0
0
0
0
0
26
167
192
0
0
0
0
0
224
166
64
0
0
0
0
0
44
167
192
0
0
0
0
0
204
166
64
0
0
0
0
0
62
167
192
0
0
0
0
0
184
166
64
0
0
0
0
0
78
167
192
0
0
0
0
0
164
166
64
0
0
0
0
0
96
167
192
0
0
0
0
0
144
166
64
0
0
0
0
0
112
167
192
0
0
0
0
0
124
166
64
0
0
0
0
0
130
167
192
0
0
0
0
0
104
166
64
0
0
0
0
0
146
167
192
0
0
0
0
0
84
166
64
0
0
0
0
0
162
167
192
0
0
0
0
0
64
166
64
0
0
0
0
0
180
167
192
0
0
0
0
0
44
166
64
0
0
0
0
0
196
167
192
0
0
0
0
0
24
166
64
0
0
0
0
0
214
167
192
0
0
0
0
0
0
0
0
0
0
0
0
0
0
0
0
0
0
0
0
0
0
0
0
0
0
0
0
0
0
0
0
0
0
0
0
0
0
0
0
0
0
0
0
0
0
0
0
0
0
0
0
0
0
0
0
0
0
0
0
0
0
0
0
0
0
0
0
0
0
0
0
0
0
0
0
0
0
0
0
0
0
0
0
0
0
0
0
0
0
0
0
0
0
0
0
0
0
0
0
0
0
0
0
0
0
0
0
0
0
0
0
0
0
0
0
0
0
0
0
0
0
0
0
0
0
0
0
0
0
0
0
0
0
0
0
0
0
0
0
0
0
0
0
0
0
0
0
0
0
0
0
0
0
0
0
0
0
0
0
0
0
0
0
0
0
0
0
0
0
0
0
0
0
0
0
0
0
0
0
0
0
0
0
0
0
0
0
0
0
0
0
0
0
0
0
0
0
0
0
0
0
0
0
0
0
0
0
0
0
0
0
0
0
0
0
0
0
0
0
0
0
0
0
0
0
0
0
0
0
0
0
0
0
0
0
0
0
0
0
0
0
0
0
0
0
0
0
0
0
0
0
0
0
0
0
0
0
0
0
0
0
0
0
0
0
0
0
0
0
0
0
0
0
0
0
0
0
0
0
0
0
0
0
0
0
0
0
0
0
0
0
0
0
0
0
0
0
0
0
0
0
0
0
0
0
0
0
0
0
0
0
0
0
0
0
0
0
0
0
0
0
0
0
0
0
0
0
0
0
0
0
0
0
0
0
0
0
0
0
0
0
0
0
0
0
0
0
0
0
0
0
0
0
0
0
0
0
0
0
0
0
0
0
0
0
0
0
0
0
0
0
0
0
0
0
0
0
0
0
0
0
0
0
0
0
0
0
0
0
0
0
0
0
0
0
0
0
0
0
0
0
0
0
0
0
0
0
0
0
0
0
0
0
0
0
0
0
0
0
0
0
0
0
0
0
0
0
0
0
0
0
0
0
0
0
0
0
0
0
0
0
0
0
0
0
0
0
0
0
0
0
0
0
0
0
0
0
0
0
0
0
0
0
0
0
0
0
0
0
0
0
0
0
0
0
0
0
0
0
0
0
0
0
0
0
0
0
0
0
0
0
0
0
0
0
0
0
0
0
0
0
0
0
0
0
0
0
0
0
0
0
0
0
0
0
0
0
0
0
0
0
0
0
0
0
0
0
0
0
0
0
0
0
0
0
0
0
0
0
0
0
0
0
0
0
0
0
0
0
0
0
0
0
0
0
0
0
0
0
0
0
0
0
0
0
0
0
0
0
0
0
0
0
0
0
0
0
0
0
0
0
0
0
0
0
0
0
0
0
0
0
0
0
0
0
0
0
0
0
0
0
0
0
0
0
0
0
0
0
0
0
0
0
0
0
0
0
0
0
0
0
0
0
0
0
0
0
0
0
0
0
0
0
0
0
0
0
0
0
0
0
0
0
0
0
0
0
0
0
0
0
0
0
0
0
0
0
0
0
0
0
0
0
0
0
0
0
0
0
0
0
0
0
0
0
0
0
0
0
0
0
0
0
0
0
0
0
0
0
0
0
0
0
0
0
0
0
0
0
0
0
0
0
0
0
0
0
0
0
0
0
0
0
0
0
0
0
0
0
0
0
0
0
0
0
0
0
0
0
0
0
0
0
0
0
0
0
0
0
0
0
0
0
0
0
0
0
0
0
0
0
0
0
0
0
0
0
0
0
0
0
0
0
0
0
0
0
0
0
0
0
0
0
0
0
0
0
0
0
0
0
0
0
0
0
0
0
0
0
0
0
0
0
0
0
0
0
0
0
0
0
0
0
0
0
0
0
0
0
0
0
0
0
0
0
0
0
0
0
0
0
0
0
0
0
0
0
0
0
0
0
0
0
0
0
0
0
0
0
0
0
0
0
0
0
0
0
0
0
0
0
0
0
0
0
0
0
0
0
0
0
0
0
0
0
0
0
0
0
0
0
0
0
0
0
0
0
0
0
0
0
0
0
0
0
0
0
0
0
0
0
0
0
0
0
0
0
0
0
0
0
0
0
0
0
0
0
0
0
0
0
0
0
0
0
0
0
0
0
0
0
0
0
0
0
0
0
0
0
0
0
0
0
0
0
0
0
0
0
0
0
0
0
0
0
0
0
0
0
0
0
0
0
0
0
0
0
0
0
0
0
0
0
0
0
0
0
0
0
0
0
0
0
0
0
0
0
0
0
0
0
0
0
0
0
0
0
0
0
0
0
0
0
0
0
0
0
0
0
0
0
0
0
0
0
0
0
0
0
0
0
0
0
0
0
0
0
0
0
0
0
0
0
0
0
0
0
0
0
0
0
0
0
0
0
0
0
0
0
0
0
0
0
0
0
0
0
0
0
0
0
0
0
0
0
0
0
0
0
0
0
0
0
0
0
0
0
0
0
0
0
0
0
0
0
0
0
0
0
0
0
0
0
0
0
0
0
0
0
0
0
0
0
0
0
0
0
0
0
0
0
0
0
0
0
0
0
0
0
0
0
0
0
0
0
0
0
0
0
0
0
0
0
0
0
0
0
0
0
0
0
0
0
0
0
0
0
0
0
0
0
0
0
0
0
0
0
0
0
0
0
0
0
0
0
0
0
0
0
0
0
0
0
0
0
0
0
0
0
0
0
0
0
0
0
0
0
0
0
0
0
0
0
0
0
0
0
0
0
0
0
0
0
0
0
0
0
0
0
0
0
0
0
0
0
0
0
0
0
0
0
0
0
0
0
0
0
0
0
0
0
0
0
0
0
0