58
70
65
67
84
58
67
68
65
84
49
56
58
68
65
84
65
32
35
57
48
48
48
48
48
54
57
51
54
0
0
0
0
0
4
166
64
0
0
0
0
0
232
167
192
0
0
0
0
0
238
165
64
0
0
0
0
0
248
167
192
0
0
0
0
0
218
165
64
0
0
0
0
0
10
168
192
0
0
0
0
0
196
165
64
0
0
0
0
0
28
168
192
0
0
0
0
0
176
165
64
0
0
0
0
0
46
168
192
0
0
0
0
0
154
165
64
0
0
0
0
0
66
168
192
0
0
0
0
0
132
165
64
0
0
0
0
0
84
168
192
0
0
0
0
0
110
165
64
0
0
0
0
0
102
168
192
0
0
0
0
0
88
165
64
0
0
0
0
0
120
168
192
0
0
0
0
0
66
165
64
0
0
0
0
0
138
168
192
0
0
0
0
0
44
165
64
0
0
0
0
0
156
168
192
0
0
0
0
0
24
165
64
0
0
0
0
0
174
168
192
0
0
0
0
0
2
165
64
0
0
0
0
0
192
168
192
0
0
0
0
0
238
164
64
0
0
0
0
0
208
168
192
0
0
0
0
0
218
164
64
0
0
0
0
0
226
168
192
0
0
0
0
0
196
164
64
0
0
0
0
0
242
168
192
0
0
0
0
0
176
164
64
0
0
0
0
0
4
169
192
0
0
0
0
0
156
164
64
0
0
0
0
0
20
169
192
0
0
0
0
0
136
164
64
0
0
0
0
0
38
169
192
0
0
0
0
0
116
164
64
0
0
0
0
0
54
169
192
0
0
0
0
0
96
164
64
0
0
0
0
0
70
169
192
0
0
0
0
0
74
164
64
0
0
0
0
0
88
169
192
0
0
0
0
0
54
164
64
0
0
0
0
0
104
169
192
0
0
0
0
0
32
164
64
0
0
0
0
0
122
169
192
0
0
0
0
0
12
164
64
0
0
0
0
0
138
169
192
0
0
0
0
0
246
163
64
0
0
0
0
0
156
169
192
0
0
0
0
0
224
163
64
0
0
0
0
0
172
169
192
0
0
0
0
0
202
163
64
0
0
0
0
0
190
169
192
0
0
0
0
0
180
163
64
0
0
0
0
0
206
169
192
0
0
0
0
0
158
163
64
0
0
0
0
0
224
169
192
0
0
0
0
0
138
163
64
0
0
0
0
0
240
169
192
0
0
0
0
0
116
163
64
0
0
0
0
0
2
170
192
0
0
0
0
0
94
163
64
0
0
0
0
0
18
170
192
0
0
0
0
0
74
163
64
0
0
0
0
0
34
170
192
0
0
0
0
0
52
163
64
0
0
0
0
0
52
170
192
0
0
0
0
0
32
163
64
0
0
0
0
0
68
170
192
0
0
0
0
0
12
163
64
0
0
0
0
0
84
170
192
0
0
0
0
0
248
162
64
0
0
0
0
0
100
170
192
0
0
0
0
0
228
162
64
0
0
0
0
0
118
170
192
0
0
0
0
0
206
162
64
0
0
0
0
0
134
170
192
0
0
0
0
0
186
162
64
0
0
0
0
0
150
170
192
0
0
0
0
0
166
162
64
0
0
0
0
0
168
170
192
0
0
0
0
0
144
162
64
0
0
0
0
0
184
170
192
0
0
0
0
0
122
162
64
0
0
0
0
0
202
170
192
0
0
0
0
0
100
162
64
0
0
0
0
0
218
170
192
0
0
0
0
0
78
162
64
0
0
0
0
0
236
170
192
0
0
0
0
0
56
162
64
0
0
0
0
0
254
170
192
0
0
0
0
0
34
162
64
0
0
0
0
0
14
171
192
0
0
0
0
0
12
162
64
0
0
0
0
0
32
171
192
0
0
0
0
0
246
161
64
0
0
0
0
0
48
171
192
0
0
0
0
0
224
161
64
0
0
0
0
0
64
171
192
0
0
0
0
0
202
161
64
0
0
0
0
0
80
171
192
0
0
0
0
0
180
161
64
0
0
0
0
0
98
171
192
0
0
0
0
0
158
161
64
0
0
0
0
0
112
171
192
0
0
0
0
0
138
161
64
0
0
0
0
0
128
171
192
0
0
0
0
0
118
161
64
0
0
0
0
0
144
171
192
0
0
0
0
0
98
161
64
0
0
0
0
0
160
171
192
0
0
0
0
0
78
161
64
0
0
0
0
0
174
171
192
0
0
0
0
0
58
161
64
0
0
0
0
0
190
171
192
0
0
0
0
0
38
161
64
0
0
0
0
0
204
171
192
0
0
0
0
0
18
161
64
0
0
0
0
0
218
171
192
0
0
0
0
0
254
160
64
0
0
0
0
0
234
171
192
0
0
0
0
0
234
160
64
0
0
0
0
0
248
171
192
0
0
0
0
0
214
160
64
0
0
0
0
0
6
172
192
0
0
0
0
0
194
160
64
0
0
0
0
0
20
172
192
0
0
0
0
0
174
160
64
0
0
0
0
0
36
172
192
0
0
0
0
0
154
160
64
0
0
0
0
0
50
172
192
0
0
0
0
0
132
160
64
0
0
0
0
0
64
172
192
0
0
0
0
0
112
160
64
0
0
0
0
0
78
172
192
0
0
0
0
0
90
160
64
0
0
0
0
0
92
172
192
0
0
0
0
0
70
160
64
0
0
0
0
0
106
172
192
0
0
0
0
0
48
160
64
0
0
0
0
0
120
172
192
0
0
0
0
0
28
160
64
0
0
0
0
0
134
172
192
0
0
0
0
0
8
160
64
0
0
0
0
0
148
172
192
0
0
0
0
0
232
159
64
0
0
0
0
0
162
172
192
0
0
0
0
0
192
159
64
0
0
0
0
0
174
172
192
0
0
0
0
0
152
159
64
0
0
0
0
0
188
172
192
0
0
0
0
0
112
159
64
0
0
0
0
0
200
172
192
0
0
0
0
0
72
159
64
0
0
0
0
0
214
172
192
0
0
0
0
0
32
159
64
0
0
0
0
0
226
172
192
0
0
0
0
0
248
158
64
0
0
0
0
0
240
172
192
0
0
0
0
0
212
158
64
0
0
0
0
0
252
172
192
0
0
0
0
0
172
158
64
0
0
0
0
0
8
173
192
0
0
0
0
0
132
158
64
0
0
0
0
0
20
173
192
0
0
0
0
0
92
158
64
0
0
0
0
0
32
173
192
0
0
0
0
0
56
158
64
0
0
0
0
0
44
173
192
0
0
0
0
0
16
158
64
0
0
0
0
0
56
173
192
0
0
0
0
0
232
157
64
0
0
0
0
0
68
173
192
0
0
0
0
0
192
157
64
0
0
0
0
0
80
173
192
0
0
0
0
0
152
157
64
0
0
0
0
0
90
173
192
0
0
0
0
0
112
157
64
0
0
0
0
0
102
173
192
0
0
0
0
0
72
157
64
0
0
0
0
0
114
173
192
0
0
0
0
0
28
157
64
0
0
0
0
0
126
173
192
0
0
0
0
0
244
156
64
0
0
0
0
0
138
173
192
0
0
0
0
0
204
156
64
0
0
0
0
0
150
173
192
0
0
0
0
0
160
156
64
0
0
0
0
0
160
173
192
0
0
0
0
0
116
156
64
0
0
0
0
0
172
173
192
0
0
0
0
0
72
156
64
0
0
0
0
0
184
173
192
0
0
0
0
0
28
156
64
0
0
0
0
0
194
173
192
0
0
0
0
0
240
155
64
0
0
0
0
0
206
173
192
0
0
0
0
0
196
155
64
0
0
0
0
0
216
173
192
0
0
0
0
0
152
155
64
0
0
0
0
0
226
173
192
0
0
0
0
0
108
155
64
0
0
0
0
0
236
173
192
0
0
0
0
0
64
155
64
0
0
0
0
0
244
173
192
0
0
0
0
0
20
155
64
0
0
0
0
0
254
173
192
0
0
0
0
0
232
154
64
0
0
0
0
0
6
174
192
0
0
0
0
0
188
154
64
0
0
0
0
0
14
174
192
0
0
0
0
0
144
154
64
0
0
0
0
0
20
174
192
0
0
0
0
0
100
154
64
0
0
0
0
0
28
174
192
0
0
0
0
0
56
154
64
0
0
0
0
0
34
174
192
0
0
0
0
0
12
154
64
0
0
0
0
0
42
174
192
0
0
0
0
0
224
153
64
0
0
0
0
0
48
174
192
0
0
0
0
0
180
153
64
0
0
0
0
0
56
174
192
0
0
0
0
0
136
153
64
0
0
0
0
0
62
174
192
0
0
0
0
0
92
153
64
0
0
0
0
0
70
174
192
0
0
0
0
0
48
153
64
0
0
0
0
0
78
174
192
0
0
0
0
0
4
153
64
0
0
0
0
0
84
174
192
0
0
0
0
0
216
152
64
0
0
0
0
0
92
174
192
0
0
0
0
0
168
152
64
0
0
0
0
0
100
174
192
0
0
0
0
0
124
152
64
0
0
0
0
0
108
174
192
0
0
0
0
0
80
152
64
0
0
0
0
0
116
174
192
0
0
0
0
0
32
152
64
0
0
0
0
0
122
174
192
0
0
0
0
0
240
151
64
0
0
0
0
0
130
174
192
0
0
0
0
0
196
151
64
0
0
0
0
0
136
174
192
0
0
0
0
0
148
151
64
0
0
0
0
0
144
174
192
0
0
0
0
0
100
151
64
0
0
0
0
0
150
174
192
0
0
0
0
0
52
151
64
0
0
0
0
0
156
174
192
0
0
0
0
0
4
151
64
0
0
0
0
0
160
174
192
0
0
0
0
0
212
150
64
0
0
0
0
0
166
174
192
0
0
0
0
0
160
150
64
0
0
0
0
0
172
174
192
0
0
0
0
0
112
150
64
0
0
0
0
0
178
174
192
0
0
0
0
0
64
150
64
0
0
0
0
0
186
174
192
0
0
0
0
0
12
150
64
0
0
0
0
0
192
174
192
0
0
0
0
0
220
149
64
0
0
0
0
0
200
174
192
0
0
0
0
0
172
149
64
0
0
0
0
0
206
174
192
0
0
0
0
0
124
149
64
0
0
0
0
0
216
174
192
0
0
0
0
0
76
149
64
0
0
0
0
0
224
174
192
0
0
0
0
0
28
149
64
0
0
0
0
0
232
174
192
0
0
0
0
0
232
148
64
0
0
0
0
0
240
174
192
0
0
0
0
0
184
148
64
0
0
0
0
0
248
174
192
0
0
0
0
0
136
148
64
0
0
0
0
0
0
175
192
0
0
0
0
0
88
148
64
0
0
0
0
0
8
175
192
0
0
0
0
0
40
148
64
0
0
0
0
0
16
175
192
0
0
0
0
0
248
147
64
0
0
0
0
0
24
175
192
0
0
0
0
0
196
147
64
0
0
0
0
0
32
175
192
0
0
0
0
0
148
147
64
0
0
0
0
0
40
175
192
0
0
0
0
0
100
147
64
0
0
0
0
0
46
175
192
0
0
0
0
0
52
147
64
0
0
0
0
0
54
175
192
0
0
0
0
0
4
147
64
0
0
0
0
0
62
175
192
0
0
0
0
0
208
146
64
0
0
0
0
0
70
175
192
0
0
0
0
0
160
146
64
0
0
0
0
0
76
175
192
0
0
0
0
0
112
146
64
0
0
0
0
0
84
175
192
0
0
0
0
0
60
146
64
0
0
0
0
0
90
175
192
0
0
0
0
0
12
146
64
0
0
0
0
0
98
175
192
0
0
0
0
0
220
145
64
0
0
0
0
0
104
175
192
0
0
0
0
0
172
145
64
0
0
0
0
0
112
175
192
0
0
0
0
0
120
145
64
0
0
0
0
0
118
175
192
0
0
0
0
0
72
145
64
0
0
0
0
0
126
175
192
0
0
0
0
0
20
145
64
0
0
0
0
0
132
175
192
0
0
0
0
0
228
144
64
0
0
0
0
0
138
175
192
0
0
0
0
0
180
144
64
0
0
0
0
0
146
175
192
0
0
0
0
0
128
144
64
0
0
0
0
0
152
175
192
0
0
0
0
0
80
144
64
0
0
0
0
0
158
175
192
0
0
0
0
0
32
144
64
0
0
0
0
0
164
175
192
0
0
0
0
0
216
143
64
0
0
0
0
0
170
175
192
0
0
0
0
0
120
143
64
0
0
0
0
0
176
175
192
0
0
0
0
0
16
143
64
0
0
0
0
0
182
175
192
0
0
0
0
0
176
142
64
0
0
0
0
0
188
175
192
0
0
0
0
0
72
142
64
0
0
0
0
0
194
175
192
0
0
0
0
0
232
141
64
0
0
0
0
0
200
175
192
0
0
0
0
0
128
141
64
0
0
0
0
0
206
175
192
0
0
0
0
0
32
141
64
0
0
0
0
0
212
175
192
0
0
0
0
0
184
140
64
0
0
0
0
0
218
175
192
0
0
0
0
0
88
140
64
0
0
0
0
0
224
175
192
0
0
0
0
0
240
139
64
0
0
0
0
0
228
175
192
0
0
0
0
0
144
139
64
0
0
0
0
0
234
175
192
0
0
0
0
0
40
139
64
0
0
0
0
0
240
175
192
0
0
0
0
0
200
138
64
0
0
0
0
0
244
175
192
0
0
0
0
0
96
138
64
0
0
0
0
0
250
175
192
0
0
0
0
0
0
138
64
0
0
0
0
0
254
175
192
0
0
0
0
0
152
137
64
0
0
0
0
0
2
176
192
0
0
0
0
0
56
137
64
0
0
0
0
0
4
176
192
0
0
0
0
0
208
136
64
0
0
0
0
0
7
176
192
0
0
0
0
0
104
136
64
0
0
0
0
0
9
176
192
0
0
0
0
0
8
136
64
0
0
0
0
0
11
176
192
0
0
0
0
0
160
135
64
0
0
0
0
0
14
176
192
0
0
0
0
0
64
135
64
0
0
0
0
0
16
176
192
0
0
0
0
0
216
134
64
0
0
0
0
0
18
176
192
0
0
0
0
0
112
134
64
0
0
0
0
0
20
176
192
0
0
0
0
0
16
134
64
0
0
0
0
0
22
176
192
0
0
0
0
0
168
133
64
0
0
0
0
0
25
176
192
0
0
0
0
0
72
133
64
0
0
0
0
0
27
176
192
0
0
0
0
0
224
132
64
0
0
0
0
0
29
176
192
0
0
0
0
0
120
132
64
0
0
0
0
0
31
176
192
0
0
0
0
0
24
132
64
0
0
0
0
0
33
176
192
0
0
0
0
0
176
131
64
0
0
0
0
0
35
176
192
0
0
0
0
0
72
131
64
0
0
0
0
0
36
176
192
0
0
0
0
0
232
130
64
0
0
0
0
0
38
176
192
0
0
0
0
0
128
130
64
0
0
0
0
0
40
176
192
0
0
0
0
0
24
130
64
0
0
0
0
0
42
176
192
0
0
0
0
0
184
129
64
0
0
0
0
0
44
176
192
0
0
0
0
0
80
129
64
0
0
0
0
0
45
176
192
0
0
0
0
0
232
128
64
0
0
0
0
0
47
176
192
0
0
0
0
0
128
128
64
0
0
0
0
0
48
176
192
0
0
0
0
0
32
128
64
0
0
0
0
0
50
176
192
0
0
0
0
0
112
127
64
0
0
0
0
0
52
176
192
0
0
0
0
0
160
126
64
0
0
0
0
0
53
176
192
0
0
0
0
0
224
125
64
0
0
0
0
0
54
176
192
0
0
0
0
0
16
125
64
0
0
0
0
0
56
176
192
0
0
0
0
0
64
124
64
0
0
0
0
0
57
176
192
0
0
0
0
0
112
123
64
0
0
0
0
0
59
176
192
0
0
0
0
0
176
122
64
0
0
0
0
0
60
176
192
0
0
0
0
0
224
121
64
0
0
0
0
0
61
176
192
0
0
0
0
0
16
121
64
0
0
0
0
0
62
176
192
0
0
0
0
0
80
120
64
0
0
0
0
0
64
176
192
0
0
0
0
0
128
119
64
0
0
0
0
0
65
176
192
0
0
0
0
0
176
118
64
0
0
0
0
0
66
176
192
0
0
0
0
0
224
117
64
0
0
0
0
0
67
176
192
0
0
0
0
0
16
117
64
0
0
0
0
0
68
176
192
0
0
0
0
0
80
116
64
0
0
0
0
0
69
176
192
0
0
0
0
0
128
115
64
0
0
0
0
0
70
176
192
0
0
0
0
0
176
114
64
0
0
0
0
0
71
176
192
0
0
0
0
0
224
113
64
0
0
0
0
0
71
176
192
0
0
0
0
0
16
113
64
0
0
0
0
0
72
176
192
0
0
0
0
0
80
112
64
0
0
0
0
0
73
176
192
0
0
0
0
0
0
111
64
0
0
0
0
0
74
176
192
0
0
0
0
0
96
109
64
0
0
0
0
0
75
176
192
0
0
0
0
0
224
107
64
0
0
0
0
0
75
176
192
0
0
0
0
0
64
106
64
0
0
0
0
0
76
176
192
0
0
0
0
0
160
104
64
0
0
0
0
0
77
176
192
0
0
0
0
0
0
103
64
0
0
0
0
0
77
176
192
0
0
0
0
0
128
101
64
0
0
0
0
0
78
176
192
0
0
0
0
0
224
99
64
0
0
0
0
0
78
176
192
0
0
0
0
0
64
98
64
0
0
0
0
0
79
176
192
0
0
0
0
0
160
96
64
0
0
0
0
0
79
176
192
0
0
0
0
0
0
94
64
0
0
0
0
0
79
176
192
0
0
0
0
0
0
91
64
0
0
0
0
0
80
176
192
0
0
0
0
0
192
87
64
0
0
0
0
0
79
176
192
0
0
0
0
0
0
91
192
0
0
0
0
0
79
176
192
0
0
0
0
0
0
94
192
0
0
0
0
0
79
176
192
0
0
0
0
0
160
96
192
0
0
0
0
0
78
176
192
0
0
0
0
0
64
98
192
0
0
0
0
0
78
176
192
0
0
0
0
0
224
99
192
0
0
0
0
0
77
176
192
0
0
0
0
0
128
101
192
0
0
0
0
0
77
176
192
0
0
0
0
0
0
103
192
0
0
0
0
0
76
176
192
0
0
0
0
0
160
104
192
0
0
0
0
0
75
176
192
0
0
0
0
0
64
106
192
0
0
0
0
0
75
176
192
0
0
0
0
0
224
107
192
0
0
0
0
0
74
176
192
0
0
0
0
0
96
109
192
0
0
0
0
0
73
176
192
0
0
0
0
0
0
111
192
0
0
0
0
0
72
176
192
0
0
0
0
0
80
112
192
0
0
0
0
0
71
176
192
0
0
0
0
0
16
113
192
0
0
0
0
0
71
176
192
0
0
0
0
0
224
113
192
0
0
0
0
0
70
176
192
0
0
0
0
0
176
114
192
0
0
0
0
0
69
176
192
0
0
0
0
0
128
115
192
0
0
0
0
0
68
176
192
0
0
0
0
0
80
116
192
0
0
0
0
0
67
176
192
0
0
0
0
0
16
117
192
0
0
0
0
0
66
176
192
0
0
0
0
0
224
117
192
0
0
0
0
0
65
176
192
0
0
0
0
0
176
118
192
0
0
0
0
0
64
176
192
0
0
0
0
0
128
119
192
0
0
0
0
0
62
176
192
0
0
0
0
0
80
120
192
0
0
0
0
0
61
176
192
0
0
0
0
0
16
121
192
0
0
0
0
0
60
176
192
0
0
0
0
0
224
121
192
0
0
0
0
0
59
176
192
0
0
0
0
0
176
122
192
0
0
0
0
0
57
176
192
0
0
0
0
0
112
123
192
0
0
0
0
0
56
176
192
0
0
0
0
0
64
124
192
0
0
0
0
0
54
176
192
0
0
0
0
0
16
125
192
0
0
0
0
0
53
176
192
0
0
0
0
0
224
125
192
0
0
0
0
0
52
176
192
0
0
0
0
0
160
126
192
0
0
0
0
0
50
176
192
0
0
0
0
0
112
127
192
0
0
0
0
0
48
176
192
0
0
0
0
0
32
128
192
0
0
0
0
0
47
176
192
0
0
0
0
0
128
128
192
0
0
0
0
0
45
176
192
0
0
0
0
0
232
128
192
0
0
0
0
0
44
176
192
0
0
0
0
0
80
129
192
0
0
0
0
0
42
176
192
0
0
0
0
0
184
129
192
0
0
0
0
0
40
176
192
0
0
0
0
0
24
130
192
0
0
0
0
0
38
176
192
0
0
0
0
0
128
130
192
0
0
0
0
0
36
176
192
0
0
0
0
0
232
130
192
0
0
0
0
0
35
176
192
0
0
0
0
0
72
131
192
0
0
0
0
0
33
176
192
0
0
0
0
0
176
131
192
0
0
0
0
0
31
176
192
0
0
0
0
0
24
132
192
0
0
0
0
0
29
176
192
0
0
0
0
0
120
132
192
0
0
0
0
0
27
176
192
0
0
0
0
0
224
132
192
0
0
0
0
0
25
176
192
0
0
0
0
0
72
133
192
0
0
0
0
0
22
176
192
0
0
0
0
0
168
133
192
0
0
0
0
0
20
176
192
0
0
0
0
0
16
134
192
0
0
0
0
0
18
176
192
0
0
0
0
0
112
134
192
0
0
0
0
0
16
176
192
0
0
0
0
0
216
134
192
0
0
0
0
0
14
176
192
0
0
0
0
0
64
135
192
0
0
0
0
0
11
176
192
0
0
0
0
0
160
135
192
0
0
0
0
0
9
176
192
0
0
0
0
0
8
136
192
0
0
0
0
0
7
176
192
0
0
0
0
0
104
136
192
0
0
0
0
0
4
176
192
0
0
0
0
0
208
136
192
0
0
0
0
0
2
176
192
0
0
0
0
0
56
137
192
0
0
0
0
0
254
175
192
0
0
0
0
0
152
137
192
0
0
0
0
0
250
175
192
0
0
0
0
0
0
138
192
0
0
0
0
0
244
175
192
0
0
0
0
0
96
138
192
0
0
0
0
0
240
175
192
0
0
0
0
0
200
138
192
0
0
0
0
0
234
175
192
0
0
0
0
0
40
139
192
0
0
0
0
0
228
175
192
0
0
0
0
0
144
139
192
0
0
0
0
0
224
175
192
0
0
0
0
0
240
139
192
0
0
0
0
0
218
175
192
0
0
0
0
0
88
140
192
0
0
0
0
0
212
175
192
0
0
0
0
0
184
140
192
0
0
0
0
0
206
175
192
0
0
0
0
0
32
141
192
0
0
0
0
0
200
175
192
0
0
0
0
0
128
141
192
0
0
0
0
0
194
175
192
0
0
0
0
0
232
141
192
0
0
0
0
0
188
175
192
0
0
0
0
0
72
142
192
0
0
0
0
0
182
175
192
0
0
0
0
0
176
142
192
0
0
0
0
0
176
175
192
0
0
0
0
0
16
143
192
0
0
0
0
0
170
175
192
0
0
0
0
0
120
143
192
0
0
0
0
0
164
175
192
0
0
0
0
0
216
143
192
0
0
0
0
0
158
175
192
0
0
0
0
0
32
144
192
0
0
0
0
0
152
175
192
0
0
0
0
0
80
144
192
0
0
0
0
0
146
175
192
0
0
0
0
0
128
144
192
0
0
0
0
0
138
175
192
0
0
0
0
0
180
144
192
0
0
0
0
0
132
175
192
0
0
0
0
0
228
144
192
0
0
0
0
0
126
175
192
0
0
0
0
0
20
145
192
0
0
0
0
0
118
175
192
0
0
0
0
0
72
145
192
0
0
0
0
0
112
175
192
0
0
0
0
0
120
145
192
0
0
0
0
0
104
175
192
0
0
0
0
0
172
145
192
0
0
0
0
0
98
175
192
0
0
0
0
0
220
145
192
0
0
0
0
0
90
175
192
0
0
0
0
0
12
146
192
0
0
0
0
0
84
175
192
0
0
0
0
0
60
146
192
0
0
0
0
0
76
175
192
0
0
0
0
0
112
146
192
0
0
0
0
0
70
175
192
0
0
0
0
0
160
146
192
0
0
0
0
0
62
175
192
0
0
0
0
0
208
146
192
0
0
0
0
0
54
175
192
0
0
0
0
0
4
147
192
0
0
0
0
0
46
175
192
0
0
0
0
0
52
147
192
0
0
0
0
0
40
175
192
0
0
0
0
0
100
147
192
0
0
0
0
0
32
175
192
0
0
0
0
0
148
147
192
0
0
0
0
0
24
175
192
0
0
0
0
0
196
147
192
0
0
0
0
0
16
175
192
0
0
0
0
0
248
147
192
0
0
0
0
0
8
175
192
0
0
0
0
0
40
148
192
0
0
0
0
0
0
175
192
0
0
0
0
0
88
148
192
0
0
0
0
0
248
174
192
0
0
0
0
0
136
148
192
0
0
0
0
0
240
174
192
0
0
0
0
0
184
148
192
0
0
0
0
0
232
174
192
0
0
0
0
0
232
148
192
0
0
0
0
0
224
174
192
0
0
0
0
0
28
149
192
0
0
0
0
0
216
174
192
0
0
0
0
0
76
149
192
0
0
0
0
0
206
174
192
0
0
0
0
0
124
149
192
0
0
0
0
0
200
174
192
0
0
0
0
0
172
149
192
0
0
0
0
0
192
174
192
0
0
0
0
0
220
149
192
0
0
0
0
0
186
174
192
0
0
0
0
0
12
150
192
0
0
0
0
0
178
174
192
0
0
0
0
0
64
150
192
0
0
0
0
0
172
174
192
0
0
0
0
0
112
150
192
0
0
0
0
0
166
174
192
0
0
0
0
0
160
150
192
0
0
0
0
0
160
174
192
0
0
0
0
0
212
150
192
0
0
0
0
0
156
174
192
0
0
0
0
0
4
151
192
0
0
0
0
0
150
174
192
0
0
0
0
0
52
151
192
0
0
0
0
0
144
174
192
0
0
0
0
0
100
151
192
0
0
0
0
0
136
174
192
0
0
0
0
0
148
151
192
0
0
0
0
0
130
174
192
0
0
0
0
0
196
151
192
0
0
0
0
0
122
174
192
0
0
0
0
0
240
151
192
0
0
0
0
0
116
174
192
0
0
0
0
0
32
152
192
0
0
0
0
0
108
174
192
0
0
0
0
0
80
152
192
0
0
0
0
0
100
174
192
0
0
0
0
0
124
152
192
0
0
0
0
0
92
174
192
0
0
0
0
0
168
152
192
0
0
0
0
0
84
174
192
0
0
0
0
0
216
152
192
0
0
0
0
0
78
174
192
0
0
0
0
0
4
153
192
0
0
0
0
0
70
174
192
0
0
0
0
0
48
153
192
0
0
0
0
0
62
174
192
0
0
0
0
0
92
153
192
0
0
0
0
0
56
174
192
0
0
0
0
0
136
153
192
0
0
0
0
0
48
174
192
0
0
0
0
0
180
153
192
0
0
0
0
0
42
174
192
0
0
0
0
0
224
153
192
0
0
0
0
0
34
174
192
0
0
0
0
0
12
154
192
0
0
0
0
0
28
174
192
0
0
0
0
0
56
154
192
0
0
0
0
0
20
174
192
0
0
0
0
0
100
154
192
0
0
0
0
0
14
174
192
0
0
0
0
0
144
154
192
0
0
0
0
0
6
174
192
0
0
0
0
0
188
154
192
0
0
0
0
0
254
173
192
0
0
0
0
0
232
154
192
0
0
0
0
0
244
173
192
0
0
0
0
0
20
155
192
0
0
0
0
0
236
173
192
0
0
0
0
0
64
155
192
0
0
0
0
0
226
173
192
0
0
0
0
0
108
155
192
0
0
0
0
0
216
173
192
0
0
0
0
0
152
155
192
0
0
0
0
0
206
173
192
0
0
0
0
0
196
155
192
0
0
0
0
0
194
173
192
0
0
0
0
0
240
155
192
0
0
0
0
0
184
173
192
0
0
0
0
0
28
156
192
0
0
0
0
0
172
173
192
0
0
0
0
0
72
156
192
0
0
0
0
0
160
173
192
0
0
0
0
0
116
156
192
0
0
0
0
0
150
173
192
0
0
0
0
0
160
156
192
0
0
0
0
0
138
173
192
0
0
0
0
0
204
156
192
0
0
0
0
0
126
173
192
0
0
0
0
0
244
156
192
0
0
0
0
0
114
173
192
0
0
0
0
0
28
157
192
0
0
0
0
0
102
173
192
0
0
0
0
0
72
157
192
0
0
0
0
0
90
173
192
0
0
0
0
0
112
157
192
0
0
0
0
0
80
173
192
0
0
0
0
0
152
157
192
0
0
0
0
0
68
173
192
0
0
0
0
0
192
157
192
0
0
0
0
0
56
173
192
0
0
0
0
0
232
157
192
0
0
0
0
0
44
173
192
0
0
0
0
0
16
158
192
0
0
0
0
0
32
173
192
0
0
0
0
0
56
158
192
0
0
0
0
0
20
173
192
0
0
0
0
0
92
158
192
0
0
0
0
0
8
173
192
0
0
0
0
0
132
158
192
0
0
0
0
0
252
172
192
0
0
0
0
0
172
158
192
0
0
0
0
0
240
172
192
0
0
0
0
0
212
158
192
0
0
0
0
0
226
172
192
0
0
0
0
0
248
158
192
0
0
0
0
0
214
172
192
0
0
0
0
0
32
159
192
0
0
0
0
0
200
172
192
0
0
0
0
0
72
159
192
0
0
0
0
0
188
172
192
0
0
0
0
0
112
159
192
0
0
0
0
0
174
172
192
0
0
0
0
0
152
159
192
0
0
0
0
0
162
172
192
0
0
0
0
0
192
159
192
0
0
0
0
0
148
172
192
0
0
0
0
0
232
159
192
0
0
0
0
0
134
172
192
0
0
0
0
0
8
160
192
0
0
0
0
0
120
172
192
0
0
0
0
0
28
160
192
0
0
0
0
0
106
172
192
0
0
0
0
0
48
160
192
0
0
0
0
0
92
172
192
0
0
0
0
0
70
160
192
0
0
0
0
0
78
172
192
0
0
0
0
0
90
160
192
0
0
0
0
0
64
172
192
0
0
0
0
0
112
160
192
0
0
0
0
0
50
172
192
0
0
0
0
0
132
160
192
0
0
0
0
0
36
172
192
0
0
0
0
0
154
160
192
0
0
0
0
0
20
172
192
0
0
0
0
0
174
160
192
0
0
0
0
0
6
172
192
0
0
0
0
0
194
160
192
0
0
0
0
0
248
171
192
0
0
0
0
0
214
160
192
0
0
0
0
0
234
171
192
0
0
0
0
0
234
160
192
0
0
0
0
0
218
171
192
0
0
0
0
0
254
160
192
0
0
0
0
0
204
171
192
0
0
0
0
0
18
161
192
0
0
0
0
0
190
171
192
0
0
0
0
0
38
161
192
0
0
0
0
0
174
171
192
0
0
0
0
0
58
161
192
0
0
0
0
0
160
171
192
0
0
0
0
0
78
161
192
0
0
0
0
0
144
171
192
0
0
0
0
0
98
161
192
0
0
0
0
0
128
171
192
0
0
0
0
0
118
161
192
0
0
0
0
0
112
171
192
0
0
0
0
0
138
161
192
0
0
0
0
0
98
171
192
0
0
0
0
0
158
161
192
0
0
0
0
0
80
171
192
0
0
0
0
0
180
161
192
0
0
0
0
0
64
171
192
0
0
0
0
0
202
161
192
0
0
0
0
0
48
171
192
0
0
0
0
0
224
161
192
0
0
0
0
0
32
171
192
0
0
0
0
0
246
161
192
0
0
0
0
0
14
171
192
0
0
0
0
0
12
162
192
0
0
0
0
0
254
170
192
0
0
0
0
0
34
162
192
0
0
0
0
0
236
170
192
0
0
0
0
0
56
162
192
0
0
0
0
0
218
170
192
0
0
0
0
0
78
162
192
0
0
0
0
0
202
170
192
0
0
0
0
0
100
162
192
0
0
0
0
0
184
170
192
0
0
0
0
0
122
162
192
0
0
0
0
0
168
170
192
0
0
0
0
0
144
162
192
0
0
0
0
0
150
170
192
0
0
0
0
0
166
162
192
0
0
0
0
0
0
0
0
0
0
0
0
0
0
0
0
0
0
0
0
0
0
0
0
0
0
0
0
0
0
0
0
0
0
0
0
0
0
0
0
0
0
0
0
0
0
0
0
0
0
0
0
0
0
0
0
0
0
0
0
0
0
0
0
0
0
0
0
0
0
0
0
0
0
0
0
0
0
0
0
0
0
0
0
0
0
0
0
0
0
0
0
0
0
0
0
0
0
0
0
0
0
0
0
0
0
0
0
0
0
0
0
0
0
0
0
0
0
0
0
0
0
0
0
0
0
0
0
0
0
0
0
0
0
0
0
0
0
0
0
0
0
0
0
0
0
0
0
0
0
0
0
0
0
0
0
0
0
0
0
0
0
0
0
0
0
0
0
0
0
0
0
0
0
0
0
0
0
0
0
0
0
0
0
0
0
0
0
0
0
0
0
0
0
0
0
0
0
0
0
0
0
0
0
0
0
0
0
0
0
0
0
0
0
0
0
0
0
0
0
0
0
0
0
0
0
0
0
0
0
0
0
0
0
0
0
0
0
0
0
0
0
0
0
0
0
0
0
0
0
0
0
0
0
0
0
0
0
0
0
0
0
0
0
0
0
0
0
0
0
0
0
0
0
0
0
0
0
0
0
0
0
0
0
0
0
0
0
0
0
0
0
0
0
0
0
0
0
0
0
0
0
0
0
0
0
0
0
0
0
0
0
0
0
0
0
0
0
0
0
0
0
0
0
0
0
0
0
0
0
0
0
0
0
0
0
0
0
0
0
0
0
0
0
0
0
0
0
0
0
0
0
0
0
0
0
0
0
0
0
0
0
0
0
0
0
0
0
0
0
0
0
0
0
0
0
0
0
0
0
0
0
0
0
0
0
0
0
0
0
0
0
0
0
0
0
0
0
0
0
0
0
0
0
0
0
0
0
0
0
0
0
0
0
0
0
0
0
0
0
0
0
0
0
0
0
0
0
0
0
0
0
0
0
0
0
0
0
0
0
0
0
0
0
0
0
0
0
0
0
0
0
0
0
0
0
0
0
0
0
0
0
0
0
0
0
0
0
0
0
0
0
0
0
0
0
0
0
0
0
0
0
0
0
0
0
0
0
0
0
0
0
0
0
0
0
0
0
0
0
0
0
0
0
0
0
0
0
0
0
0
0
0
0
0
0
0
0
0
0
0
0
0
0
0
0
0
0
0
0
0
0
0
0
0
0
0
0
0
0
0
0
0
0
0
0
0
0
0
0
0
0
0
0
0
0
0
0
0
0
0
0
0
0
0
0
0
0
0
0
0
0
0
0
0
0
0
0
0
0
0
0
0
0
0
0
0
0
0
0
0
0
0
0
0
0
0
0
0
0
0
0
0
0
0
0
0
0
0
0
0
0
0
0
0
0
0
0
0
0
0
0
0
0
0
0
0
0
0
0
0
0
0
0
0
0
0
0
0
0
0
0
0
0
0
0
0
0
0
0
0
0
0
0
0
0
0
0
0
0
0
0
0
0
0
0
0
0
0
0
0
0
0
0
0
0
0
0
0
0
0
0
0
0
0
0
0
0
0
0
0
0
0
0
0
0
0
0
0
0
0
0
0
0
0
0
0
0
0
0
0
0
0
0
0
0
0
0
0
0
0
0
0
0
0
0
0
0
0
0
0
0
0
0
0
0
0
0
0
0
0
0
0
0
0
0
0
0
0
0
0
0
0
0
0
0
0
0
0
0
0
0
0
0
0
0
0
0
0
0
0
0
0
0
0
0
0
0
0
0
0
0
0
0
0
0
0
0
0
0
0
0
0
0
0
0
0
0
0
0
0
0
0
0
0
0
0
0
0
0
0
0
0
0
0
0
0
0
0
0
0
0
0
0
0
0
0
0
0
0
0
0
0
0
0
0
0
0
0
0
0
0
0
0
0
0
0
0
0
0
0
0
0
0
0
0
0
0
0
0
0
0
0
0
0
0
0
0
0
0
0
0
0
0
0
0
0
0
0
0
0
0
0
0
0
0
0
0
0
0
0
0
0
0
0
0
0
0
0
0
0
0
0
0
0
0
0
0
0
0
0
0
0
0
0
0
0
0
0
0
0
0
0
0
0
0
0
0
0
0
0
0
0
0
0
0
0
0
0
0
0
0
0
0
0
0
0
0
0
0
0
0
0
0
0
0
0
0
0
0
0
0
0
0
0
0
0
0
0
0
0
0
0
0
0
0
0
0
0
0
0
0
0
0
0
0
0
0
0
0
0
0
0
0
0
0
0
0
0
0
0
0
0
0
0
0
0
0
0
0
0
0
0
0
0
0
0
0
0
0
0
0
0
0
0
0
0
0
0
0
0
0
0
0
0
0
0
0
0
0
0
0
0
0
0
0
0
0
0
0
0
0
0
0
0
0
0
0
0
0
0
0
0
0
0
0
0
0
0
0
0
0
0
0
0
0
0
0
0
0
0
0
0
0
0
0
0
0
0
0
0
0
0
0
0
0
0
0
0
0
0
0
0
0
0
0
0
0
0
0
0
0
0
0
0
0
0
0
0
0
0
0
0
0
0
0
0
0
0
0
0
0
0
0
0
0
0
0
0
0
0
0
0
0
0
0
0
0
0
0
0
0
0
0
0
0
0
0
0
0
0
0
0
0
0
0
0
0
0
0
0
0
0
0
0
0
0
0
0
0
0
0
0
0
0
0
0
0
0
0
0
0
0
0
0
0
0
0
0
0
0
0
0
0
0
0
0
0
0
0
0
0
0
0
0
0
0
0
0
0
0
0
0
0
0
0
0