58
70
65
67
84
58
67
68
65
84
49
56
58
68
65
84
65
32
35
57
48
48
48
48
48
54
57
51
54
0
0
0
0
0
0
58
192
0
0
0
0
0
176
175
64
0
0
0
0
0
0
59
192
0
0
0
0
0
174
175
64
0
0
0
0
0
0
59
192
0
0
0
0
0
180
175
64
0
0
0
0
0
0
59
192
0
0
0
0
0
188
175
64
0
0
0
0
0
0
57
192
0
0
0
0
0
198
175
64
0
0
0
0
0
0
55
192
0
0
0
0
0
212
175
64
0
0
0
0
0
0
53
192
0
0
0
0
0
226
175
64
0
0
0
0
0
0
50
192
0
0
0
0
0
240
175
64
0
0
0
0
0
0
48
192
0
0
0
0
0
252
175
64
0
0
0
0
0
0
44
192
0
0
0
0
0
3
176
64
0
0
0
0
0
0
42
192
0
0
0
0
0
7
176
64
0
0
0
0
0
0
42
192
0
0
0
0
0
9
176
64
0
0
0
0
0
0
44
192
0
0
0
0
0
8
176
64
0
0
0
0
0
0
48
192
0
0
0
0
0
6
176
64
0
0
0
0
0
0
51
192
0
0
0
0
0
2
176
64
0
0
0
0
0
0
54
192
0
0
0
0
0
252
175
64
0
0
0
0
0
0
58
192
0
0
0
0
0
240
175
64
0
0
0
0
0
0
62
192
0
0
0
0
0
228
175
64
0
0
0
0
0
128
64
192
0
0
0
0
0
218
175
64
0
0
0
0
0
128
65
192
0
0
0
0
0
208
175
64
0
0
0
0
0
128
66
192
0
0
0
0
0
200
175
64
0
0
0
0
0
0
66
192
0
0
0
0
0
194
175
64
0
0
0
0
0
0
65
192
0
0
0
0
0
192
175
64
0
0
0
0
0
0
62
192
0
0
0
0
0
194
175
64
0
0
0
0
0
0
57
192
0
0
0
0
0
198
175
64
0
0
0
0
0
0
50
192
0
0
0
0
0
202
175
64
0
0
0
0
0
0
36
192
0
0
0
0
0
210
175
64
0
0
0
0
0
0
0
192
0
0
0
0
0
216
175
64
0
0
0
0
0
0
24
64
0
0
0
0
0
224
175
64
0
0
0
0
0
0
42
64
0
0
0
0
0
232
175
64
0
0
0
0
0
0
50
64
0
0
0
0
0
238
175
64
0
0
0
0
0
0
55
64
0
0
0
0
0
242
175
64
0
0
0
0
0
0
57
64
0
0
0
0
0
244
175
64
0
0
0
0
0
0
57
64
0
0
0
0
0
244
175
64
0
0
0
0
0
0
54
64
0
0
0
0
0
242
175
64
0
0
0
0
0
0
50
64
0
0
0
0
0
240
175
64
0
0
0
0
0
0
40
64
0
0
0
0
0
238
175
64
0
0
0
0
0
0
20
64
0
0
0
0
0
234
175
64
0
0
0
0
0
0
0
192
0
0
0
0
0
230
175
64
0
0
0
0
0
0
36
192
0
0
0
0
0
226
175
64
0
0
0
0
0
0
48
192
0
0
0
0
0
222
175
64
0
0
0
0
0
0
54
192
0
0
0
0
0
220
175
64
0
0
0
0
0
0
59
192
0
0
0
0
0
220
175
64
0
0
0
0
0
0
62
192
0
0
0
0
0
220
175
64
0
0
0
0
0
0
63
192
0
0
0
0
0
222
175
64
0
0
0
0
0
0
62
192
0
0
0
0
0
224
175
64
0
0
0
0
0
0
60
192
0
0
0
0
0
228
175
64
0
0
0
0
0
0
57
192
0
0
0
0
0
232
175
64
0
0
0
0
0
0
54
192
0
0
0
0
0
236
175
64
0
0
0
0
0
0
50
192
0
0
0
0
0
240
175
64
0
0
0
0
0
0
42
192
0
0
0
0
0
242
175
64
0
0
0
0
0
0
34
192
0
0
0
0
0
244
175
64
0
0
0
0
0
0
24
192
0
0
0
0
0
246
175
64
0
0
0
0
0
0
8
192
0
0
0
0
0
246
175
64
0
0
0
0
0
0
240
191
0
0
0
0
0
246
175
64
0
0
0
0
0
0
0
0
0
0
0
0
0
246
175
64
0
0
0
0
0
0
240
63
0
0
0
0
0
244
175
64
0
0
0
0
0
0
0
0
0
0
0
0
0
244
175
64
0
0
0
0
0
0
0
0
0
0
0
0
0
244
175
64
0
0
0
0
0
0
0
192
0
0
0
0
0
244
175
64
0
0
0
0
0
0
16
192
0
0
0
0
0
244
175
64
0
0
0
0
0
0
24
192
0
0
0
0
0
246
175
64
0
0
0
0
0
0
32
192
0
0
0
0
0
250
175
64
0
0
0
0
0
0
38
192
0
0
0
0
0
0
176
64
0
0
0
0
0
0
44
192
0
0
0
0
0
3
176
64
0
0
0
0
0
0
48
192
0
0
0
0
0
6
176
64
0
0
0
0
0
0
51
192
0
0
0
0
0
10
176
64
0
0
0
0
0
0
54
192
0
0
0
0
0
13
176
64
0
0
0
0
0
0
56
192
0
0
0
0
0
16
176
64
0
0
0
0
0
0
59
192
0
0
0
0
0
18
176
64
0
0
0
0
0
0
60
192
0
0
0
0
0
20
176
64
0
0
0
0
0
0
62
192
0
0
0
0
0
20
176
64
0
0
0
0
0
0
62
192
0
0
0
0
0
18
176
64
0
0
0
0
0
0
62
192
0
0
0
0
0
15
176
64
0
0
0
0
0
0
62
192
0
0
0
0
0
11
176
64
0
0
0
0
0
0
60
192
0
0
0
0
0
6
176
64
0
0
0
0
0
0
58
192
0
0
0
0
0
0
176
64
0
0
0
0
0
0
56
192
0
0
0
0
0
244
175
64
0
0
0
0
0
0
54
192
0
0
0
0
0
232
175
64
0
0
0
0
0
0
52
192
0
0
0
0
0
222
175
64
0
0
0
0
0
0
50
192
0
0
0
0
0
214
175
64
0
0
0
0
0
0
48
192
0
0
0
0
0
208
175
64
0
0
0
0
0
0
46
192
0
0
0
0
0
206
175
64
0
0
0
0
0
0
44
192
0
0
0
0
0
210
175
64
0
0
0
0
0
0
44
192
0
0
0
0
0
216
175
64
0
0
0
0
0
0
46
192
0
0
0
0
0
226
175
64
0
0
0
0
0
0
49
192
0
0
0
0
0
238
175
64
0
0
0
0
0
0
51
192
0
0
0
0
0
252
175
64
0
0
0
0
0
0
53
192
0
0
0
0
0
4
176
64
0
0
0
0
0
0
55
192
0
0
0
0
0
10
176
64
0
0
0
0
0
0
58
192
0
0
0
0
0
14
176
64
0
0
0
0
0
0
60
192
0
0
0
0
0
16
176
64
0
0
0
0
0
0
61
192
0
0
0
0
0
16
176
64
0
0
0
0
0
0
62
192
0
0
0
0
0
13
176
64
0
0
0
0
0
0
62
192
0
0
0
0
0
8
176
64
0
0
0
0
0
0
61
192
0
0
0
0
0
254
175
64
0
0
0
0
0
0
59
192
0
0
0
0
0
236
175
64
0
0
0
0
0
0
58
192
0
0
0
0
0
214
175
64
0
0
0
0
0
0
56
192
0
0
0
0
0
192
175
64
0
0
0
0
0
0
55
192
0
0
0
0
0
172
175
64
0
0
0
0
0
0
54
192
0
0
0
0
0
154
175
64
0
0
0
0
0
0
55
192
0
0
0
0
0
142
175
64
0
0
0
0
0
0
56
192
0
0
0
0
0
134
175
64
0
0
0
0
0
0
59
192
0
0
0
0
0
136
175
64
0
0
0
0
0
0
64
192
0
0
0
0
0
144
175
64
0
0
0
0
0
128
67
192
0
0
0
0
0
158
175
64
0
0
0
0
0
128
71
192
0
0
0
0
0
178
175
64
0
0
0
0
0
128
76
192
0
0
0
0
0
202
175
64
0
0
0
0
0
128
80
192
0
0
0
0
0
226
175
64
0
0
0
0
0
0
83
192
0
0
0
0
0
250
175
64
0
0
0
0
0
64
85
192
0
0
0
0
0
7
176
64
0
0
0
0
0
64
87
192
0
0
0
0
0
16
176
64
0
0
0
0
0
192
88
192
0
0
0
0
0
22
176
64
0
0
0
0
0
192
89
192
0
0
0
0
0
24
176
64
0
0
0
0
0
0
90
192
0
0
0
0
0
22
176
64
0
0
0
0
0
192
89
192
0
0
0
0
0
16
176
64
0
0
0
0
0
128
88
192
0
0
0
0
0
7
176
64
0
0
0
0
0
0
87
192
0
0
0
0
0
248
175
64
0
0
0
0
0
192
84
192
0
0
0
0
0
224
175
64
0
0
0
0
0
128
82
192
0
0
0
0
0
198
175
64
0
0
0
0
0
64
80
192
0
0
0
0
0
176
175
64
0
0
0
0
0
0
76
192
0
0
0
0
0
156
175
64
0
0
0
0
0
128
72
192
0
0
0
0
0
142
175
64
0
0
0
0
0
128
69
192
0
0
0
0
0
136
175
64
0
0
0
0
0
128
67
192
0
0
0
0
0
138
175
64
0
0
0
0
0
0
67
192
0
0
0
0
0
148
175
64
0
0
0
0
0
0
68
192
0
0
0
0
0
166
175
64
0
0
0
0
0
0
70
192
0
0
0
0
0
188
175
64
0
0
0
0
0
0
73
192
0
0
0
0
0
214
175
64
0
0
0
0
0
128
76
192
0
0
0
0
0
238
175
64
0
0
0
0
0
0
80
192
0
0
0
0
0
3
176
64
0
0
0
0
0
192
81
192
0
0
0
0
0
14
176
64
0
0
0
0
0
128
83
192
0
0
0
0
0
21
176
64
0
0
0
0
0
192
84
192
0
0
0
0
0
25
176
64
0
0
0
0
0
192
85
192
0
0
0
0
0
24
176
64
0
0
0
0
0
0
86
192
0
0
0
0
0
19
176
64
0
0
0
0
0
128
85
192
0
0
0
0
0
9
176
64
0
0
0
0
0
192
84
192
0
0
0
0
0
248
175
64
0
0
0
0
0
128
83
192
0
0
0
0
0
220
175
64
0
0
0
0
0
192
81
192
0
0
0
0
0
190
175
64
0
0
0
0
0
0
80
192
0
0
0
0
0
160
175
64
0
0
0
0
0
128
76
192
0
0
0
0
0
134
175
64
0
0
0
0
0
128
73
192
0
0
0
0
0
110
175
64
0
0
0
0
0
128
70
192
0
0
0
0
0
94
175
64
0
0
0
0
0
128
68
192
0
0
0
0
0
88
175
64
0
0
0
0
0
128
67
192
0
0
0
0
0
90
175
64
0
0
0
0
0
0
67
192
0
0
0
0
0
100
175
64
0
0
0
0
0
0
68
192
0
0
0
0
0
118
175
64
0
0
0
0
0
128
69
192
0
0
0
0
0
138
175
64
0
0
0
0
0
128
71
192
0
0
0
0
0
162
175
64
0
0
0
0
0
0
74
192
0
0
0
0
0
186
175
64
0
0
0
0
0
128
76
192
0
0
0
0
0
208
175
64
0
0
0
0
0
0
79
192
0
0
0
0
0
226
175
64
0
0
0
0
0
128
80
192
0
0
0
0
0
238
175
64
0
0
0
0
0
64
81
192
0
0
0
0
0
244
175
64
0
0
0
0
0
0
82
192
0
0
0
0
0
240
175
64
0
0
0
0
0
0
82
192
0
0
0
0
0
228
175
64
0
0
0
0
0
192
81
192
0
0
0
0
0
210
175
64
0
0
0
0
0
64
81
192
0
0
0
0
0
188
175
64
0
0
0
0
0
64
80
192
0
0
0
0
0
162
175
64
0
0
0
0
0
128
78
192
0
0
0
0
0
136
175
64
0
0
0
0
0
0
76
192
0
0
0
0
0
110
175
64
0
0
0
0
0
0
73
192
0
0
0
0
0
86
175
64
0
0
0
0
0
0
70
192
0
0
0
0
0
66
175
64
0
0
0
0
0
0
67
192
0
0
0
0
0
50
175
64
0
0
0
0
0
0
64
192
0
0
0
0
0
44
175
64
0
0
0
0
0
0
58
192
0
0
0
0
0
44
175
64
0
0
0
0
0
0
53
192
0
0
0
0
0
50
175
64
0
0
0
0
0
0
48
192
0
0
0
0
0
60
175
64
0
0
0
0
0
0
40
192
0
0
0
0
0
74
175
64
0
0
0
0
0
0
34
192
0
0
0
0
0
88
175
64
0
0
0
0
0
0
28
192
0
0
0
0
0
104
175
64
0
0
0
0
0
0
24
192
0
0
0
0
0
118
175
64
0
0
0
0
0
0
24
192
0
0
0
0
0
130
175
64
0
0
0
0
0
0
32
192
0
0
0
0
0
138
175
64
0
0
0
0
0
0
40
192
0
0
0
0
0
142
175
64
0
0
0
0
0
0
49
192
0
0
0
0
0
140
175
64
0
0
0
0
0
0
55
192
0
0
0
0
0
134
175
64
0
0
0
0
0
0
63
192
0
0
0
0
0
126
175
64
0
0
0
0
0
128
67
192
0
0
0
0
0
114
175
64
0
0
0
0
0
0
72
192
0
0
0
0
0
100
175
64
0
0
0
0
0
128
75
192
0
0
0
0
0
84
175
64
0
0
0
0
0
0
79
192
0
0
0
0
0
70
175
64
0
0
0
0
0
0
81
192
0
0
0
0
0
56
175
64
0
0
0
0
0
192
81
192
0
0
0
0
0
44
175
64
0
0
0
0
0
0
82
192
0
0
0
0
0
34
175
64
0
0
0
0
0
128
81
192
0
0
0
0
0
28
175
64
0
0
0
0
0
64
80
192
0
0
0
0
0
26
175
64
0
0
0
0
0
128
76
192
0
0
0
0
0
24
175
64
0
0
0
0
0
128
71
192
0
0
0
0
0
26
175
64
0
0
0
0
0
0
66
192
0
0
0
0
0
30
175
64
0
0
0
0
0
0
57
192
0
0
0
0
0
34
175
64
0
0
0
0
0
0
42
192
0
0
0
0
0
40
175
64
0
0
0
0
0
0
240
191
0
0
0
0
0
46
175
64
0
0
0
0
0
0
34
64
0
0
0
0
0
54
175
64
0
0
0
0
0
0
49
64
0
0
0
0
0
60
175
64
0
0
0
0
0
0
54
64
0
0
0
0
0
66
175
64
0
0
0
0
0
0
57
64
0
0
0
0
0
72
175
64
0
0
0
0
0
0
57
64
0
0
0
0
0
78
175
64
0
0
0
0
0
0
55
64
0
0
0
0
0
82
175
64
0
0
0
0
0
0
51
64
0
0
0
0
0
84
175
64
0
0
0
0
0
0
46
64
0
0
0
0
0
86
175
64
0
0
0
0
0
0
38
64
0
0
0
0
0
86
175
64
0
0
0
0
0
0
28
64
0
0
0
0
0
84
175
64
0
0
0
0
0
0
20
64
0
0
0
0
0
80
175
64
0
0
0
0
0
0
16
64
0
0
0
0
0
74
175
64
0
0
0
0
0
0
24
64
0
0
0
0
0
66
175
64
0
0
0
0
0
0
38
64
0
0
0
0
0
58
175
64
0
0
0
0
0
0
50
64
0
0
0
0
0
48
175
64
0
0
0
0
0
0
60
64
0
0
0
0
0
36
175
64
0
0
0
0
0
128
67
64
0
0
0
0
0
26
175
64
0
0
0
0
0
0
73
64
0
0
0
0
0
18
175
64
0
0
0
0
0
0
79
64
0
0
0
0
0
12
175
64
0
0
0
0
0
64
82
64
0
0
0
0
0
10
175
64
0
0
0
0
0
192
84
64
0
0
0
0
0
10
175
64
0
0
0
0
0
128
86
64
0
0
0
0
0
16
175
64
0
0
0
0
0
192
87
64
0
0
0
0
0
26
175
64
0
0
0
0
0
64
88
64
0
0
0
0
0
42
175
64
0
0
0
0
0
192
87
64
0
0
0
0
0
62
175
64
0
0
0
0
0
128
86
64
0
0
0
0
0
84
175
64
0
0
0
0
0
0
85
64
0
0
0
0
0
106
175
64
0
0
0
0
0
0
83
64
0
0
0
0
0
128
175
64
0
0
0
0
0
192
80
64
0
0
0
0
0
146
175
64
0
0
0
0
0
128
77
64
0
0
0
0
0
160
175
64
0
0
0
0
0
128
73
64
0
0
0
0
0
168
175
64
0
0
0
0
0
0
70
64
0
0
0
0
0
170
175
64
0
0
0
0
0
0
68
64
0
0
0
0
0
162
175
64
0
0
0
0
0
0
67
64
0
0
0
0
0
146
175
64
0
0
0
0
0
0
68
64
0
0
0
0
0
122
175
64
0
0
0
0
0
128
69
64
0
0
0
0
0
94
175
64
0
0
0
0
0
128
72
64
0
0
0
0
0
66
175
64
0
0
0
0
0
128
75
64
0
0
0
0
0
38
175
64
0
0
0
0
0
128
78
64
0
0
0
0
0
16
175
64
0
0
0
0
0
192
80
64
0
0
0
0
0
0
175
64
0
0
0
0
0
0
82
64
0
0
0
0
0
248
174
64
0
0
0
0
0
192
82
64
0
0
0
0
0
254
174
64
0
0
0
0
0
0
83
64
0
0
0
0
0
12
175
64
0
0
0
0
0
128
82
64
0
0
0
0
0
36
175
64
0
0
0
0
0
128
81
64
0
0
0
0
0
64
175
64
0
0
0
0
0
64
80
64
0
0
0
0
0
98
175
64
0
0
0
0
0
128
77
64
0
0
0
0
0
132
175
64
0
0
0
0
0
128
74
64
0
0
0
0
0
168
175
64
0
0
0
0
0
0
71
64
0
0
0
0
0
200
175
64
0
0
0
0
0
128
67
64
0
0
0
0
0
230
175
64
0
0
0
0
0
0
64
64
0
0
0
0
0
254
175
64
0
0
0
0
0
0
59
64
0
0
0
0
0
7
176
64
0
0
0
0
0
0
55
64
0
0
0
0
0
9
176
64
0
0
0
0
0
0
53
64
0
0
0
0
0
6
176
64
0
0
0
0
0
0
52
64
0
0
0
0
0
252
175
64
0
0
0
0
0
0
54
64
0
0
0
0
0
228
175
64
0
0
0
0
0
0
57
64
0
0
0
0
0
198
175
64
0
0
0
0
0
0
62
64
0
0
0
0
0
164
175
64
0
0
0
0
0
0
66
64
0
0
0
0
0
132
175
64
0
0
0
0
0
0
69
64
0
0
0
0
0
100
175
64
0
0
0
0
0
128
72
64
0
0
0
0
0
74
175
64
0
0
0
0
0
128
75
64
0
0
0
0
0
56
175
64
0
0
0
0
0
128
78
64
0
0
0
0
0
48
175
64
0
0
0
0
0
192
80
64
0
0
0
0
0
50
175
64
0
0
0
0
0
0
82
64
0
0
0
0
0
66
175
64
0
0
0
0
0
0
83
64
0
0
0
0
0
92
175
64
0
0
0
0
0
128
83
64
0
0
0
0
0
124
175
64
0
0
0
0
0
0
84
64
0
0
0
0
0
160
175
64
0
0
0
0
0
64
84
64
0
0
0
0
0
198
175
64
0
0
0
0
0
0
84
64
0
0
0
0
0
236
175
64
0
0
0
0
0
192
83
64
0
0
0
0
0
7
176
64
0
0
0
0
0
64
83
64
0
0
0
0
0
20
176
64
0
0
0
0
0
128
82
64
0
0
0
0
0
29
176
64
0
0
0
0
0
128
81
64
0
0
0
0
0
32
176
64
0
0
0
0
0
64
80
64
0
0
0
0
0
29
176
64
0
0
0
0
0
128
77
64
0
0
0
0
0
21
176
64
0
0
0
0
0
0
75
64
0
0
0
0
0
8
176
64
0
0
0
0
0
0
72
64
0
0
0
0
0
244
175
64
0
0
0
0
0
128
69
64
0
0
0
0
0
212
175
64
0
0
0
0
0
128
67
64
0
0
0
0
0
180
175
64
0
0
0
0
0
0
66
64
0
0
0
0
0
150
175
64
0
0
0
0
0
128
65
64
0
0
0
0
0
126
175
64
0
0
0
0
0
0
66
64
0
0
0
0
0
112
175
64
0
0
0
0
0
128
67
64
0
0
0
0
0
106
175
64
0
0
0
0
0
0
71
64
0
0
0
0
0
114
175
64
0
0
0
0
0
0
76
64
0
0
0
0
0
132
175
64
0
0
0
0
0
0
81
64
0
0
0
0
0
160
175
64
0
0
0
0
0
64
84
64
0
0
0
0
0
192
175
64
0
0
0
0
0
0
88
64
0
0
0
0
0
226
175
64
0
0
0
0
0
128
91
64
0
0
0
0
0
3
176
64
0
0
0
0
0
128
94
64
0
0
0
0
0
20
176
64
0
0
0
0
0
160
96
64
0
0
0
0
0
35
176
64
0
0
0
0
0
160
97
64
0
0
0
0
0
46
176
64
0
0
0
0
0
0
98
64
0
0
0
0
0
53
176
64
0
0
0
0
0
224
97
64
0
0
0
0
0
54
176
64
0
0
0
0
0
0
97
64
0
0
0
0
0
49
176
64
0
0
0
0
0
64
95
64
0
0
0
0
0
40
176
64
0
0
0
0
0
128
91
64
0
0
0
0
0
28
176
64
0
0
0
0
0
0
87
64
0
0
0
0
0
15
176
64
0
0
0
0
0
128
82
64
0
0
0
0
0
0
176
64
0
0
0
0
0
0
76
64
0
0
0
0
0
228
175
64
0
0
0
0
0
128
67
64
0
0
0
0
0
202
175
64
0
0
0
0
0
0
58
64
0
0
0
0
0
180
175
64
0
0
0
0
0
0
49
64
0
0
0
0
0
166
175
64
0
0
0
0
0
0
42
64
0
0
0
0
0
162
175
64
0
0
0
0
0
0
49
64
0
0
0
0
0
168
175
64
0
0
0
0
0
0
59
64
0
0
0
0
0
180
175
64
0
0
0
0
0
0
69
64
0
0
0
0
0
198
175
64
0
0
0
0
0
128
78
64
0
0
0
0
0
222
175
64
0
0
0
0
0
64
84
64
0
0
0
0
0
246
175
64
0
0
0
0
0
192
89
64
0
0
0
0
0
8
176
64
0
0
0
0
0
192
94
64
0
0
0
0
0
20
176
64
0
0
0
0
0
160
97
64
0
0
0
0
0
30
176
64
0
0
0
0
0
128
99
64
0
0
0
0
0
38
176
64
0
0
0
0
0
128
100
64
0
0
0
0
0
43
176
64
0
0
0
0
0
192
100
64
0
0
0
0
0
43
176
64
0
0
0
0
0
32
100
64
0
0
0
0
0
41
176
64
0
0
0
0
0
160
98
64
0
0
0
0
0
36
176
64
0
0
0
0
0
160
96
64
0
0
0
0
0
30
176
64
0
0
0
0
0
64
92
64
0
0
0
0
0
22
176
64
0
0
0
0
0
0
87
64
0
0
0
0
0
14
176
64
0
0
0
0
0
192
81
64
0
0
0
0
0
7
176
64
0
0
0
0
0
128
73
64
0
0
0
0
0
0
176
64
0
0
0
0
0
0
65
64
0
0
0
0
0
246
175
64
0
0
0
0
0
0
52
64
0
0
0
0
0
242
175
64
0
0
0
0
0
0
42
64
0
0
0
0
0
242
175
64
0
0
0
0
0
0
38
64
0
0
0
0
0
246
175
64
0
0
0
0
0
0
48
64
0
0
0
0
0
0
176
64
0
0
0
0
0
0
56
64
0
0
0
0
0
6
176
64
0
0
0
0
0
128
65
64
0
0
0
0
0
13
176
64
0
0
0
0
0
0
72
64
0
0
0
0
0
21
176
64
0
0
0
0
0
0
78
64
0
0
0
0
0
28
176
64
0
0
0
0
0
0
82
64
0
0
0
0
0
35
176
64
0
0
0
0
0
64
84
64
0
0
0
0
0
41
176
64
0
0
0
0
0
64
85
64
0
0
0
0
0
45
176
64
0
0
0
0
0
64
85
64
0
0
0
0
0
47
176
64
0
0
0
0
0
128
83
64
0
0
0
0
0
47
176
64
0
0
0
0
0
64
80
64
0
0
0
0
0
46
176
64
0
0
0
0
0
128
72
64
0
0
0
0
0
43
176
64
0
0
0
0
0
0
62
64
0
0
0
0
0
40
176
64
0
0
0
0
0
0
34
64
0
0
0
0
0
36
176
64
0
0
0
0
0
0
36
192
0
0
0
0
0
33
176
64
0
0
0
0
0
0
60
192
0
0
0
0
0
30
176
64
0
0
0
0
0
0
69
192
0
0
0
0
0
27
176
64
0
0
0
0
0
0
73
192
0
0
0
0
0
26
176
64
0
0
0
0
0
0
74
192
0
0
0
0
0
26
176
64
0
0
0
0
0
0
71
192
0
0
0
0
0
28
176
64
0
0
0
0
0
128
64
192
0
0
0
0
0
31
176
64
0
0
0
0
0
0
42
192
0
0
0
0
0
35
176
64
0
0
0
0
0
0
38
64
0
0
0
0
0
39
176
64
0
0
0
0
0
128
66
64
0
0
0
0
0
45
176
64
0
0
0
0
0
0
80
64
0
0
0
0
0
50
176
64
0
0
0
0
0
64
86
64
0
0
0
0
0
56
176
64
0
0
0
0
0
192
91
64
0
0
0
0
0
61
176
64
0
0
0
0
0
0
96
64
0
0
0
0
0
66
176
64
0
0
0
0
0
64
97
64
0
0
0
0
0
70
176
64
0
0
0
0
0
128
97
64
0
0
0
0
0
74
176
64
0
0
0
0
0
128
96
64
0
0
0
0
0
76
176
64
0
0
0
0
0
128
93
64
0
0
0
0
0
79
176
64
0
0
0
0
0
64
88
64
0
0
0
0
0
80
176
64
0
0
0
0
0
128
82
64
0
0
0
0
0
81
176
64
0
0
0
0
0
0
72
64
0
0
0
0
0
82
176
64
0
0
0
0
0
0
55
64
0
0
0
0
0
83
176
64
0
0
0
0
0
0
240
191
0
0
0
0
0
84
176
64
0
0
0
0
0
0
53
192
0
0
0
0
0
85
176
64
0
0
0
0
0
128
65
192
0
0
0
0
0
86
176
64
0
0
0
0
0
0
69
192
0
0
0
0
0
88
176
64
0
0
0
0
0
128
68
192
0
0
0
0
0
90
176
64
0
0
0
0
0
0
64
192
0
0
0
0
0
92
176
64
0
0
0
0
0
0
50
192
0
0
0
0
0
94
176
64
0
0
0
0
0
0
240
191
0
0
0
0
0
96
176
64
0
0
0
0
0
0
50
64
0
0
0
0
0
98
176
64
0
0
0
0
0
0
67
64
0
0
0
0
0
100
176
64
0
0
0
0
0
0
76
64
0
0
0
0
0
102
176
64
0
0
0
0
0
128
81
64
0
0
0
0
0
103
176
64
0
0
0
0
0
0
84
64
0
0
0
0
0
105
176
64
0
0
0
0
0
128
84
64
0
0
0
0
0
105
176
64
0
0
0
0
0
64
83
64
0
0
0
0
0
106
176
64
0
0
0
0
0
0
80
64
0
0
0
0
0
105
176
64
0
0
0
0
0
0
71
64
0
0
0
0
0
105
176
64
0
0
0
0
0
0
55
64
0
0
0
0
0
104
176
64
0
0
0
0
0
0
240
191
0
0
0
0
0
104
176
64
0
0
0
0
0
0
58
192
0
0
0
0
0
103
176
64
0
0
0
0
0
0
73
192
0
0
0
0
0
101
176
64
0
0
0
0
0
192
81
192
0
0
0
0
0
100
176
64
0
0
0
0
0
0
86
192
0
0
0
0
0
99
176
64
0
0
0
0
0
128
88
192
0
0
0
0
0
98
176
64
0
0
0
0
0
0
89
192
0
0
0
0
0
96
176
64
0
0
0
0
0
192
87
192
0
0
0
0
0
95
176
64
0
0
0
0
0
0
85
192
0
0
0
0
0
94
176
64
0
0
0
0
0
64
81
192
0
0
0
0
0
93
176
64
0
0
0
0
0
0
73
192
0
0
0
0
0
92
176
64
0
0
0
0
0
0
62
192
0
0
0
0
0
91
176
64
0
0
0
0
0
0
34
192
0
0
0
0
0
90
176
64
0
0
0
0
0
0
36
64
0
0
0
0
0
89
176
64
0
0
0
0
0
0
59
64
0
0
0
0
0
89
176
64
0
0
0
0
0
128
67
64
0
0
0
0
0
89
176
64
0
0
0
0
0
128
70
64
0
0
0
0
0
89
176
64
0
0
0
0
0
128
71
64
0
0
0
0
0
89
176
64
0
0
0
0
0
128
71
64
0
0
0
0
0
89
176
64
0
0
0
0
0
0
71
64
0
0
0
0
0
89
176
64
0
0
0
0
0
0
71
64
0
0
0
0
0
89
176
64
0
0
0
0
0
0
71
64
0
0
0
0
0
89
176
64
0
0
0
0
0
0
71
64
0
0
0
0
0
89
176
64
0
0
0
0
0
0
71
64
0
0
0
0
0
89
176
64
0
0
0
0
0
0
71
64
0
0
0
0
0
89
176
64
0
0
0
0
0
0
71
64
0
0
0
0
0
89
176
64
0
0
0
0
0
0
71
64
0
0
0
0
0
89
176
64
0
0
0
0
0
0
71
64
0
0
0
0
0
89
176
64
0
0
0
0
0
0
71
64
0
0
0
0
0
89
176
64
0
0
0
0
0
0
71
64
0
0
0
0
0
89
176
64
0
0
0
0
0
0
71
64
0
0
0
0
0
89
176
64
0
0
0
0
0
0
71
64
0
0
0
0
0
89
176
64
0
0
0
0
0
0
71
64
0
0
0
0
0
89
176
64
0
0
0
0
0
0
71
64
0
0
0
0
0
89
176
64
0
0
0
0
0
0
71
64
0
0
0
0
0
89
176
64
0
0
0
0
0
0
71
64
0
0
0
0
0
89
176
64
0
0
0
0
0
0
71
64
0
0
0
0
0
89
176
64
0
0
0
0
0
0
71
64
0
0
0
0
0
89
176
64
0
0
0
0
0
0
71
64
0
0
0
0
0
89
176
64
0
0
0
0
0
0
71
64
0
0
0
0
0
89
176
64
0
0
0
0
0
0
71
64
0
0
0
0
0
89
176
64
0
0
0
0
0
0
71
64
0
0
0
0
0
89
176
64
0
0
0
0
0
0
71
64
0
0
0
0
0
89
176
64
0
0
0
0
0
0
71
64
0
0
0
0
0
89
176
64
0
0
0
0
0
0
71
64
0
0
0
0
0
89
176
64
0
0
0
0
0
0
71
64
0
0
0
0
0
89
176
64
0
0
0
0
0
0
71
64
0
0
0
0
0
89
176
64
0
0
0
0
0
0
71
64
0
0
0
0
0
89
176
64
0
0
0
0
0
0
71
64
0
0
0
0
0
89
176
64
0
0
0
0
0
0
71
64
0
0
0
0
0
89
176
64
0
0
0
0
0
0
71
64
0
0
0
0
0
89
176
64
0
0
0
0
0
0
71
64
0
0
0
0
0
89
176
64
0
0
0
0
0
0
71
64
0
0
0
0
0
89
176
64
0
0
0
0
0
0
71
64
0
0
0
0
0
89
176
64
0
0
0
0
0
0
71
64
0
0
0
0
0
89
176
64
0
0
0
0
0
0
71
64
0
0
0
0
0
89
176
64
0
0
0
0
0
0
71
64
0
0
0
0
0
89
176
64
0
0
0
0
0
0
71
64
0
0
0
0
0
89
176
64
0
0
0
0
0
0
71
64
0
0
0
0
0
0
0
0
0
0
0
0
0
0
0
0
0
0
0
0
0
0
0
0
0
0
0
0
0
0
0
0
0
0
0
0
0
0
0
0
0
0
0
0
0
0
0
0
0
0
0
0
0
0
0
0
0
0
0
0
0
0
0
0
0
0
0
0
0
0
0
0
0
0
0
0
0
0
0
0
0
0
0
0
0
0
0
0
0
0
0
0
0
0
0
0
0
0
0
0
0
0
0
0
0
0
0
0
0
0
0
0
0
0
0
0
0
0
0
0
0
0
0
0
0
0
0
0
0
0
0
0
0
0
0
0
0
0
0
0
0
0
0
0
0
0
0
0
0
0
0
0
0
0
0
0
0
0
0
0
0
0
0
0
0
0
0
0
0
0
0
0
0
0
0
0
0
0
0
0
0
0
0
0
0
0
0
0
0
0
0
0
0
0
0
0
0
0
0
0
0
0
0
0
0
0
0
0
0
0
0
0
0
0
0
0
0
0
0
0
0
0
0
0
0
0
0
0
0
0
0
0
0
0
0
0
0
0
0
0
0
0
0
0
0
0
0
0
0
0
0
0
0
0
0
0
0
0
0
0
0
0
0
0
0
0
0
0
0
0
0
0
0
0
0
0
0
0
0
0
0
0
0
0
0
0
0
0
0
0
0
0
0
0
0
0
0
0
0
0
0
0
0
0
0
0
0
0
0
0
0
0
0
0
0
0
0
0
0
0
0
0
0
0
0
0
0
0
0
0
0
0
0
0
0
0
0
0
0
0
0
0
0
0
0
0
0
0
0
0
0
0
0
0
0
0
0
0
0
0
0
0
0
0
0
0
0
0
0
0
0
0
0
0
0
0
0
0
0
0
0
0
0
0
0
0
0
0
0
0
0
0
0
0
0
0
0
0
0
0
0
0
0
0
0
0
0
0
0
0
0
0
0
0
0
0
0
0
0
0
0
0
0
0
0
0
0
0
0
0
0
0
0
0
0
0
0
0
0
0
0
0
0
0
0
0
0
0
0
0
0
0
0
0
0
0
0
0
0
0
0
0
0
0
0
0
0
0
0
0
0
0
0
0
0
0
0
0
0
0
0
0
0
0
0
0
0
0
0
0
0
0
0
0
0
0
0
0
0
0
0
0
0
0
0
0
0
0
0
0
0
0
0
0
0
0
0
0
0
0
0
0
0
0
0
0
0
0
0
0
0
0
0
0
0
0
0
0
0
0
0
0
0
0
0
0
0
0
0
0
0
0
0
0
0
0
0
0
0
0
0
0
0
0
0
0
0
0
0
0
0
0
0
0
0
0
0
0
0
0
0
0
0
0
0
0
0
0
0
0
0
0
0
0
0
0
0
0
0
0
0
0
0
0
0
0
0
0
0
0
0
0
0
0
0
0
0
0
0
0
0
0
0
0
0
0
0
0
0
0
0
0
0
0
0
0
0
0
0
0
0
0
0
0
0
0
0
0
0
0
0
0
0
0
0
0
0
0
0
0
0
0
0
0
0
0
0
0
0
0
0
0
0
0
0
0
0
0
0
0
0
0
0
0
0
0
0
0
0
0
0
0
0
0
0
0
0
0
0
0
0
0
0
0
0
0
0
0
0
0
0
0
0
0
0
0
0
0
0
0
0
0
0
0
0
0
0
0
0
0
0
0
0
0
0
0
0
0
0
0
0
0
0
0
0
0
0
0
0
0
0
0
0
0
0
0
0
0
0
0
0
0
0
0
0
0
0
0
0
0
0
0
0
0
0
0
0
0
0
0
0
0
0
0
0
0
0
0
0
0
0
0
0
0
0
0
0
0
0
0
0
0
0
0
0
0
0
0
0
0
0
0
0
0
0
0
0
0
0
0
0
0
0
0
0
0
0
0
0
0
0
0
0
0
0
0
0
0
0
0
0
0
0
0
0
0
0
0
0
0
0
0
0
0
0
0
0
0
0
0
0
0
0
0
0
0
0
0
0
0
0
0
0
0
0
0
0
0
0
0
0
0
0
0
0
0
0
0
0
0
0
0
0
0
0
0
0
0
0
0
0
0
0
0
0
0
0
0
0
0
0
0
0
0
0
0
0
0
0
0
0
0
0
0
0
0
0
0
0
0
0
0
0
0
0
0
0
0
0
0
0
0
0
0
0
0
0
0
0
0
0
0
0
0
0
0
0
0
0
0
0
0
0
0
0
0
0
0
0
0
0
0
0
0
0
0
0
0
0
0
0
0
0
0
0
0
0
0
0
0
0
0
0
0
0
0
0
0
0
0
0
0
0
0
0
0
0
0
0
0
0
0
0
0
0
0
0
0
0
0
0
0
0
0
0
0
0
0
0
0
0
0
0
0
0
0
0
0
0
0
0
0
0
0
0
0
0
0
0
0
0
0
0
0
0
0
0
0
0
0
0
0
0
0
0
0
0
0
0
0
0
0
0
0
0
0
0
0
0
0
0
0
0
0
0
0
0
0
0
0
0
0
0
0
0
0
0
0
0
0
0
0
0
0
0
0
0
0
0
0
0
0
0
0
0
0
0
0
0
0
0
0
0
0
0
0
0
0
0
0
0
0
0
0
0
0
0
0
0
0
0
0
0
0
0
0
0
0
0
0
0
0
0
0
0
0
0
0
0
0
0
0
0
0
0
0
0
0
0
0
0
0
0
0
0
0
0
0
0
0
0
0
0
0
0
0
0
0
0
0
0
0
0
0
0
0
0
0
0
0
0
0
0
0
0
0
0
0
0
0
0
0
0
0
0
0
0
0
0
0
0
0
0
0
0
0
0