58
70
65
67
84
58
67
68
65
84
49
56
58
68
65
84
65
32
35
57
48
48
48
48
48
54
57
51
54
0
0
0
0
0
140
161
64
0
0
0
0
0
194
170
192
0
0
0
0
0
84
161
64
0
0
0
0
0
232
170
192
0
0
0
0
0
26
161
64
0
0
0
0
0
12
171
192
0
0
0
0
0
222
160
64
0
0
0
0
0
50
171
192
0
0
0
0
0
164
160
64
0
0
0
0
0
86
171
192
0
0
0
0
0
106
160
64
0
0
0
0
0
120
171
192
0
0
0
0
0
46
160
64
0
0
0
0
0
156
171
192
0
0
0
0
0
228
159
64
0
0
0
0
0
190
171
192
0
0
0
0
0
108
159
64
0
0
0
0
0
224
171
192
0
0
0
0
0
244
158
64
0
0
0
0
0
2
172
192
0
0
0
0
0
124
158
64
0
0
0
0
0
34
172
192
0
0
0
0
0
4
158
64
0
0
0
0
0
68
172
192
0
0
0
0
0
140
157
64
0
0
0
0
0
100
172
192
0
0
0
0
0
16
157
64
0
0
0
0
0
130
172
192
0
0
0
0
0
148
156
64
0
0
0
0
0
162
172
192
0
0
0
0
0
24
156
64
0
0
0
0
0
192
172
192
0
0
0
0
0
156
155
64
0
0
0
0
0
222
172
192
0
0
0
0
0
32
155
64
0
0
0
0
0
252
172
192
0
0
0
0
0
164
154
64
0
0
0
0
0
24
173
192
0
0
0
0
0
40
154
64
0
0
0
0
0
52
173
192
0
0
0
0
0
168
153
64
0
0
0
0
0
80
173
192
0
0
0
0
0
44
153
64
0
0
0
0
0
108
173
192
0
0
0
0
0
172
152
64
0
0
0
0
0
134
173
192
0
0
0
0
0
44
152
64
0
0
0
0
0
160
173
192
0
0
0
0
0
172
151
64
0
0
0
0
0
186
173
192
0
0
0
0
0
44
151
64
0
0
0
0
0
212
173
192
0
0
0
0
0
172
150
64
0
0
0
0
0
236
173
192
0
0
0
0
0
44
150
64
0
0
0
0
0
4
174
192
0
0
0
0
0
172
149
64
0
0
0
0
0
28
174
192
0
0
0
0
0
40
149
64
0
0
0
0
0
52
174
192
0
0
0
0
0
168
148
64
0
0
0
0
0
74
174
192
0
0
0
0
0
36
148
64
0
0
0
0
0
96
174
192
0
0
0
0
0
164
147
64
0
0
0
0
0
116
174
192
0
0
0
0
0
32
147
64
0
0
0
0
0
138
174
192
0
0
0
0
0
156
146
64
0
0
0
0
0
158
174
192
0
0
0
0
0
24
146
64
0
0
0
0
0
178
174
192
0
0
0
0
0
148
145
64
0
0
0
0
0
196
174
192
0
0
0
0
0
16
145
64
0
0
0
0
0
216
174
192
0
0
0
0
0
140
144
64
0
0
0
0
0
234
174
192
0
0
0
0
0
8
144
64
0
0
0
0
0
252
174
192
0
0
0
0
0
0
143
64
0
0
0
0
0
12
175
192
0
0
0
0
0
248
141
64
0
0
0
0
0
28
175
192
0
0
0
0
0
232
140
64
0
0
0
0
0
44
175
192
0
0
0
0
0
224
139
64
0
0
0
0
0
60
175
192
0
0
0
0
0
208
138
64
0
0
0
0
0
74
175
192
0
0
0
0
0
200
137
64
0
0
0
0
0
88
175
192
0
0
0
0
0
184
136
64
0
0
0
0
0
102
175
192
0
0
0
0
0
168
135
64
0
0
0
0
0
114
175
192
0
0
0
0
0
152
134
64
0
0
0
0
0
128
175
192
0
0
0
0
0
136
133
64
0
0
0
0
0
140
175
192
0
0
0
0
0
120
132
64
0
0
0
0
0
150
175
192
0
0
0
0
0
104
131
64
0
0
0
0
0
162
175
192
0
0
0
0
0
88
130
64
0
0
0
0
0
172
175
192
0
0
0
0
0
72
129
64
0
0
0
0
0
180
175
192
0
0
0
0
0
56
128
64
0
0
0
0
0
190
175
192
0
0
0
0
0
80
126
64
0
0
0
0
0
198
175
192
0
0
0
0
0
48
124
64
0
0
0
0
0
206
175
192
0
0
0
0
0
16
122
64
0
0
0
0
0
214
175
192
0
0
0
0
0
240
119
64
0
0
0
0
0
220
175
192
0
0
0
0
0
192
117
64
0
0
0
0
0
226
175
192
0
0
0
0
0
160
115
64
0
0
0
0
0
232
175
192
0
0
0
0
0
128
113
64
0
0
0
0
0
236
175
192
0
0
0
0
0
160
110
64
0
0
0
0
0
242
175
192
0
0
0
0
0
96
106
64
0
0
0
0
0
246
175
192
0
0
0
0
0
32
102
64
0
0
0
0
0
248
175
192
0
0
0
0
0
192
97
64
0
0
0
0
0
252
175
192
0
0
0
0
0
0
91
64
0
0
0
0
0
254
175
192
0
0
0
0
0
128
82
64
0
0
0
0
0
254
175
192
0
0
0
0
0
128
67
64
0
0
0
0
0
0
176
192
0
0
0
0
0
0
20
64
0
0
0
0
0
0
176
192
0
0
0
0
0
0
62
192
0
0
0
0
0
0
176
192
0
0
0
0
0
0
80
192
0
0
0
0
0
0
176
192
0
0
0
0
0
128
88
192
0
0
0
0
0
254
175
192
0
0
0
0
0
160
96
192
0
0
0
0
0
252
175
192
0
0
0
0
0
224
100
192
0
0
0
0
0
250
175
192
0
0
0
0
0
32
105
192
0
0
0
0
0
246
175
192
0
0
0
0
0
128
109
192
0
0
0
0
0
242
175
192
0
0
0
0
0
224
112
192
0
0
0
0
0
238
175
192
0
0
0
0
0
0
115
192
0
0
0
0
0
234
175
192
0
0
0
0
0
48
117
192
0
0
0
0
0
228
175
192
0
0
0
0
0
80
119
192
0
0
0
0
0
222
175
192
0
0
0
0
0
112
121
192
0
0
0
0
0
216
175
192
0
0
0
0
0
144
123
192
0
0
0
0
0
208
175
192
0
0
0
0
0
176
125
192
0
0
0
0
0
200
175
192
0
0
0
0
0
224
127
192
0
0
0
0
0
192
175
192
0
0
0
0
0
0
129
192
0
0
0
0
0
184
175
192
0
0
0
0
0
16
130
192
0
0
0
0
0
174
175
192
0
0
0
0
0
32
131
192
0
0
0
0
0
164
175
192
0
0
0
0
0
48
132
192
0
0
0
0
0
154
175
192
0
0
0
0
0
64
133
192
0
0
0
0
0
142
175
192
0
0
0
0
0
80
134
192
0
0
0
0
0
130
175
192
0
0
0
0
0
88
135
192
0
0
0
0
0
118
175
192
0
0
0
0
0
104
136
192
0
0
0
0
0
106
175
192
0
0
0
0
0
120
137
192
0
0
0
0
0
92
175
192
0
0
0
0
0
136
138
192
0
0
0
0
0
78
175
192
0
0
0
0
0
144
139
192
0
0
0
0
0
64
175
192
0
0
0
0
0
160
140
192
0
0
0
0
0
48
175
192
0
0
0
0
0
168
141
192
0
0
0
0
0
32
175
192
0
0
0
0
0
184
142
192
0
0
0
0
0
16
175
192
0
0
0
0
0
192
143
192
0
0
0
0
0
0
175
192
0
0
0
0
0
100
144
192
0
0
0
0
0
238
174
192
0
0
0
0
0
236
144
192
0
0
0
0
0
220
174
192
0
0
0
0
0
112
145
192
0
0
0
0
0
202
174
192
0
0
0
0
0
244
145
192
0
0
0
0
0
184
174
192
0
0
0
0
0
120
146
192
0
0
0
0
0
164
174
192
0
0
0
0
0
252
146
192
0
0
0
0
0
144
174
192
0
0
0
0
0
124
147
192
0
0
0
0
0
122
174
192
0
0
0
0
0
0
148
192
0
0
0
0
0
102
174
192
0
0
0
0
0
132
148
192
0
0
0
0
0
80
174
192
0
0
0
0
0
4
149
192
0
0
0
0
0
58
174
192
0
0
0
0
0
136
149
192
0
0
0
0
0
34
174
192
0
0
0
0
0
8
150
192
0
0
0
0
0
12
174
192
0
0
0
0
0
136
150
192
0
0
0
0
0
244
173
192
0
0
0
0
0
8
151
192
0
0
0
0
0
218
173
192
0
0
0
0
0
136
151
192
0
0
0
0
0
194
173
192
0
0
0
0
0
8
152
192
0
0
0
0
0
168
173
192
0
0
0
0
0
136
152
192
0
0
0
0
0
142
173
192
0
0
0
0
0
8
153
192
0
0
0
0
0
116
173
192
0
0
0
0
0
132
153
192
0
0
0
0
0
88
173
192
0
0
0
0
0
4
154
192
0
0
0
0
0
60
173
192
0
0
0
0
0
128
154
192
0
0
0
0
0
32
173
192
0
0
0
0
0
0
155
192
0
0
0
0
0
4
173
192
0
0
0
0
0
124
155
192
0
0
0
0
0
230
172
192
0
0
0
0
0
248
155
192
0
0
0
0
0
200
172
192
0
0
0
0
0
112
156
192
0
0
0
0
0
170
172
192
0
0
0
0
0
236
156
192
0
0
0
0
0
140
172
192
0
0
0
0
0
104
157
192
0
0
0
0
0
108
172
192
0
0
0
0
0
224
157
192
0
0
0
0
0
76
172
192
0
0
0
0
0
92
158
192
0
0
0
0
0
44
172
192
0
0
0
0
0
212
158
192
0
0
0
0
0
12
172
192
0
0
0
0
0
76
159
192
0
0
0
0
0
234
171
192
0
0
0
0
0
196
159
192
0
0
0
0
0
200
171
192
0
0
0
0
0
30
160
192
0
0
0
0
0
166
171
192
0
0
0
0
0
88
160
192
0
0
0
0
0
130
171
192
0
0
0
0
0
148
160
192
0
0
0
0
0
96
171
192
0
0
0
0
0
206
160
192
0
0
0
0
0
60
171
192
0
0
0
0
0
8
161
192
0
0
0
0
0
22
171
192
0
0
0
0
0
66
161
192
0
0
0
0
0
242
170
192
0
0
0
0
0
124
161
192
0
0
0
0
0
204
170
192
0
0
0
0
0
182
161
192
0
0
0
0
0
166
170
192
0
0
0
0
0
240
161
192
0
0
0
0
0
128
170
192
0
0
0
0
0
40
162
192
0
0
0
0
0
90
170
192
0
0
0
0
0
96
162
192
0
0
0
0
0
50
170
192
0
0
0
0
0
152
162
192
0
0
0
0
0
10
170
192
0
0
0
0
0
208
162
192
0
0
0
0
0
226
169
192
0
0
0
0
0
8
163
192
0
0
0
0
0
186
169
192
0
0
0
0
0
62
163
192
0
0
0
0
0
144
169
192
0
0
0
0
0
118
163
192
0
0
0
0
0
104
169
192
0
0
0
0
0
172
163
192
0
0
0
0
0
62
169
192
0
0
0
0
0
226
163
192
0
0
0
0
0
18
169
192
0
0
0
0
0
24
164
192
0
0
0
0
0
232
168
192
0
0
0
0
0
78
164
192
0
0
0
0
0
188
168
192
0
0
0
0
0
130
164
192
0
0
0
0
0
144
168
192
0
0
0
0
0
182
164
192
0
0
0
0
0
100
168
192
0
0
0
0
0
234
164
192
0
0
0
0
0
56
168
192
0
0
0
0
0
30
165
192
0
0
0
0
0
10
168
192
0
0
0
0
0
82
165
192
0
0
0
0
0
220
167
192
0
0
0
0
0
134
165
192
0
0
0
0
0
174
167
192
0
0
0
0
0
184
165
192
0
0
0
0
0
128
167
192
0
0
0
0
0
234
165
192
0
0
0
0
0
82
167
192
0
0
0
0
0
28
166
192
0
0
0
0
0
34
167
192
0
0
0
0
0
78
166
192
0
0
0
0
0
242
166
192
0
0
0
0
0
126
166
192
0
0
0
0
0
194
166
192
0
0
0
0
0
176
166
192
0
0
0
0
0
146
166
192
0
0
0
0
0
224
166
192
0
0
0
0
0
96
166
192
0
0
0
0
0
16
167
192
0
0
0
0
0
48
166
192
0
0
0
0
0
64
167
192
0
0
0
0
0
254
165
192
0
0
0
0
0
110
167
192
0
0
0
0
0
204
165
192
0
0
0
0
0
158
167
192
0
0
0
0
0
152
165
192
0
0
0
0
0
204
167
192
0
0
0
0
0
102
165
192
0
0
0
0
0
248
167
192
0
0
0
0
0
50
165
192
0
0
0
0
0
38
168
192
0
0
0
0
0
254
164
192
0
0
0
0
0
84
168
192
0
0
0
0
0
202
164
192
0
0
0
0
0
128
168
192
0
0
0
0
0
150
164
192
0
0
0
0
0
172
168
192
0
0
0
0
0
98
164
192
0
0
0
0
0
216
168
192
0
0
0
0
0
44
164
192
0
0
0
0
0
2
169
192
0
0
0
0
0
246
163
192
0
0
0
0
0
46
169
192
0
0
0
0
0
192
163
192
0
0
0
0
0
88
169
192
0
0
0
0
0
138
163
192
0
0
0
0
0
130
169
192
0
0
0
0
0
84
163
192
0
0
0
0
0
170
169
192
0
0
0
0
0
28
163
192
0
0
0
0
0
212
169
192
0
0
0
0
0
230
162
192
0
0
0
0
0
252
169
192
0
0
0
0
0
174
162
192
0
0
0
0
0
36
170
192
0
0
0
0
0
118
162
192
0
0
0
0
0
76
170
192
0
0
0
0
0
62
162
192
0
0
0
0
0
114
170
192
0
0
0
0
0
4
162
192
0
0
0
0
0
152
170
192
0
0
0
0
0
204
161
192
0
0
0
0
0
190
170
192
0
0
0
0
0
146
161
192
0
0
0
0
0
228
170
192
0
0
0
0
0
88
161
192
0
0
0
0
0
10
171
192
0
0
0
0
0
30
161
192
0
0
0
0
0
46
171
192
0
0
0
0
0
228
160
192
0
0
0
0
0
82
171
192
0
0
0
0
0
170
160
192
0
0
0
0
0
118
171
192
0
0
0
0
0
112
160
192
0
0
0
0
0
152
171
192
0
0
0
0
0
52
160
192
0
0
0
0
0
186
171
192
0
0
0
0
0
240
159
192
0
0
0
0
0
220
171
192
0
0
0
0
0
120
159
192
0
0
0
0
0
254
171
192
0
0
0
0
0
0
159
192
0
0
0
0
0
32
172
192
0
0
0
0
0
136
158
192
0
0
0
0
0
64
172
192
0
0
0
0
0
16
158
192
0
0
0
0
0
96
172
192
0
0
0
0
0
148
157
192
0
0
0
0
0
128
172
192
0
0
0
0
0
28
157
192
0
0
0
0
0
158
172
192
0
0
0
0
0
160
156
192
0
0
0
0
0
190
172
192
0
0
0
0
0
36
156
192
0
0
0
0
0
220
172
192
0
0
0
0
0
168
155
192
0
0
0
0
0
248
172
192
0
0
0
0
0
44
155
192
0
0
0
0
0
22
173
192
0
0
0
0
0
176
154
192
0
0
0
0
0
50
173
192
0
0
0
0
0
52
154
192
0
0
0
0
0
78
173
192
0
0
0
0
0
180
153
192
0
0
0
0
0
106
173
192
0
0
0
0
0
56
153
192
0
0
0
0
0
132
173
192
0
0
0
0
0
184
152
192
0
0
0
0
0
158
173
192
0
0
0
0
0
56
152
192
0
0
0
0
0
184
173
192
0
0
0
0
0
188
151
192
0
0
0
0
0
210
173
192
0
0
0
0
0
60
151
192
0
0
0
0
0
234
173
192
0
0
0
0
0
184
150
192
0
0
0
0
0
2
174
192
0
0
0
0
0
56
150
192
0
0
0
0
0
26
174
192
0
0
0
0
0
184
149
192
0
0
0
0
0
48
174
192
0
0
0
0
0
56
149
192
0
0
0
0
0
72
174
192
0
0
0
0
0
180
148
192
0
0
0
0
0
94
174
192
0
0
0
0
0
48
148
192
0
0
0
0
0
114
174
192
0
0
0
0
0
176
147
192
0
0
0
0
0
136
174
192
0
0
0
0
0
44
147
192
0
0
0
0
0
156
174
192
0
0
0
0
0
168
146
192
0
0
0
0
0
176
174
192
0
0
0
0
0
36
146
192
0
0
0
0
0
196
174
192
0
0
0
0
0
160
145
192
0
0
0
0
0
214
174
192
0
0
0
0
0
28
145
192
0
0
0
0
0
232
174
192
0
0
0
0
0
152
144
192
0
0
0
0
0
250
174
192
0
0
0
0
0
20
144
192
0
0
0
0
0
10
175
192
0
0
0
0
0
24
143
192
0
0
0
0
0
26
175
192
0
0
0
0
0
16
142
192
0
0
0
0
0
42
175
192
0
0
0
0
0
8
141
192
0
0
0
0
0
58
175
192
0
0
0
0
0
248
139
192
0
0
0
0
0
72
175
192
0
0
0
0
0
232
138
192
0
0
0
0
0
86
175
192
0
0
0
0
0
224
137
192
0
0
0
0
0
100
175
192
0
0
0
0
0
208
136
192
0
0
0
0
0
114
175
192
0
0
0
0
0
192
135
192
0
0
0
0
0
126
175
192
0
0
0
0
0
176
134
192
0
0
0
0
0
138
175
192
0
0
0
0
0
168
133
192
0
0
0
0
0
150
175
192
0
0
0
0
0
152
132
192
0
0
0
0
0
160
175
192
0
0
0
0
0
136
131
192
0
0
0
0
0
170
175
192
0
0
0
0
0
120
130
192
0
0
0
0
0
180
175
192
0
0
0
0
0
104
129
192
0
0
0
0
0
190
175
192
0
0
0
0
0
88
128
192
0
0
0
0
0
198
175
192
0
0
0
0
0
128
126
192
0
0
0
0
0
206
175
192
0
0
0
0
0
96
124
192
0
0
0
0
0
212
175
192
0
0
0
0
0
64
122
192
0
0
0
0
0
220
175
192
0
0
0
0
0
32
120
192
0
0
0
0
0
226
175
192
0
0
0
0
0
0
118
192
0
0
0
0
0
232
175
192
0
0
0
0
0
208
115
192
0
0
0
0
0
236
175
192
0
0
0
0
0
176
113
192
0
0
0
0
0
240
175
192
0
0
0
0
0
32
111
192
0
0
0
0
0
244
175
192
0
0
0
0
0
192
106
192
0
0
0
0
0
248
175
192
0
0
0
0
0
128
102
192
0
0
0
0
0
250
175
192
0
0
0
0
0
64
98
192
0
0
0
0
0
252
175
192
0
0
0
0
0
192
91
192
0
0
0
0
0
254
175
192
0
0
0
0
0
64
83
192
0
0
0
0
0
0
176
192
0
0
0
0
0
128
69
192
0
0
0
0
0
0
176
192
0
0
0
0
0
0
32
192
0
0
0
0
0
0
176
192
0
0
0
0
0
0
58
64
0
0
0
0
0
0
176
192
0
0
0
0
0
128
78
64
0
0
0
0
0
254
175
192
0
0
0
0
0
192
87
64
0
0
0
0
0
252
175
192
0
0
0
0
0
32
96
64
0
0
0
0
0
250
175
192
0
0
0
0
0
128
100
64
0
0
0
0
0
246
175
192
0
0
0
0
0
192
104
64
0
0
0
0
0
242
175
192
0
0
0
0
0
0
109
64
0
0
0
0
0
238
175
192
0
0
0
0
0
176
112
64
0
0
0
0
0
234
175
192
0
0
0
0
0
208
114
64
0
0
0
0
0
228
175
192
0
0
0
0
0
240
116
64
0
0
0
0
0
222
175
192
0
0
0
0
0
32
119
64
0
0
0
0
0
216
175
192
0
0
0
0
0
64
121
64
0
0
0
0
0
210
175
192
0
0
0
0
0
96
123
64
0
0
0
0
0
202
175
192
0
0
0
0
0
128
125
64
0
0
0
0
0
194
175
192
0
0
0
0
0
160
127
64
0
0
0
0
0
184
175
192
0
0
0
0
0
224
128
64
0
0
0
0
0
176
175
192
0
0
0
0
0
248
129
64
0
0
0
0
0
166
175
192
0
0
0
0
0
8
131
64
0
0
0
0
0
154
175
192
0
0
0
0
0
24
132
64
0
0
0
0
0
144
175
192
0
0
0
0
0
32
133
64
0
0
0
0
0
132
175
192
0
0
0
0
0
48
134
64
0
0
0
0
0
120
175
192
0
0
0
0
0
64
135
64
0
0
0
0
0
106
175
192
0
0
0
0
0
80
136
64
0
0
0
0
0
94
175
192
0
0
0
0
0
96
137
64
0
0
0
0
0
80
175
192
0
0
0
0
0
104
138
64
0
0
0
0
0
66
175
192
0
0
0
0
0
120
139
64
0
0
0
0
0
50
175
192
0
0
0
0
0
136
140
64
0
0
0
0
0
34
175
192
0
0
0
0
0
144
141
64
0
0
0
0
0
18
175
192
0
0
0
0
0
160
142
64
0
0
0
0
0
2
175
192
0
0
0
0
0
168
143
64
0
0
0
0
0
240
174
192
0
0
0
0
0
88
144
64
0
0
0
0
0
222
174
192
0
0
0
0
0
220
144
64
0
0
0
0
0
204
174
192
0
0
0
0
0
96
145
64
0
0
0
0
0
186
174
192
0
0
0
0
0
232
145
64
0
0
0
0
0
166
174
192
0
0
0
0
0
108
146
64
0
0
0
0
0
146
174
192
0
0
0
0
0
236
146
64
0
0
0
0
0
124
174
192
0
0
0
0
0
112
147
64
0
0
0
0
0
104
174
192
0
0
0
0
0
244
147
64
0
0
0
0
0
82
174
192
0
0
0
0
0
120
148
64
0
0
0
0
0
60
174
192
0
0
0
0
0
248
148
64
0
0
0
0
0
36
174
192
0
0
0
0
0
124
149
64
0
0
0
0
0
14
174
192
0
0
0
0
0
252
149
64
0
0
0
0
0
246
173
192
0
0
0
0
0
124
150
64
0
0
0
0
0
222
173
192
0
0
0
0
0
252
150
64
0
0
0
0
0
196
173
192
0
0
0
0
0
124
151
64
0
0
0
0
0
170
173
192
0
0
0
0
0
252
151
64
0
0
0
0
0
144
173
192
0
0
0
0
0
124
152
64
0
0
0
0
0
118
173
192
0
0
0
0
0
252
152
64
0
0
0
0
0
92
173
192
0
0
0
0
0
120
153
64
0
0
0
0
0
64
173
192
0
0
0
0
0
248
153
64
0
0
0
0
0
36
173
192
0
0
0
0
0
116
154
64
0
0
0
0
0
6
173
192
0
0
0
0
0
244
154
64
0
0
0
0
0
234
172
192
0
0
0
0
0
112
155
64
0
0
0
0
0
204
172
192
0
0
0
0
0
236
155
64
0
0
0
0
0
174
172
192
0
0
0
0
0
104
156
64
0
0
0
0
0
142
172
192
0
0
0
0
0
224
156
64
0
0
0
0
0
112
172
192
0
0
0
0
0
92
157
64
0
0
0
0
0
80
172
192
0
0
0
0
0
212
157
64
0
0
0
0
0
48
172
192
0
0
0
0
0
80
158
64
0
0
0
0
0
14
172
192
0
0
0
0
0
200
158
64
0
0
0
0
0
236
171
192
0
0
0
0
0
64
159
64
0
0
0
0
0
204
171
192
0
0
0
0
0
184
159
64
0
0
0
0
0
168
171
192
0
0
0
0
0
24
160
64
0
0
0
0
0
134
171
192
0
0
0
0
0
82
160
64
0
0
0
0
0
98
171
192
0
0
0
0
0
142
160
64
0
0
0
0
0
62
171
192
0
0
0
0
0
200
160
64
0
0
0
0
0
26
171
192
0
0
0
0
0
4
161
64
0
0
0
0
0
246
170
192
0
0
0
0
0
62
161
64
0
0
0
0
0
208
170
192
0
0
0
0
0
118
161
64
0
0
0
0
0
170
170
192
0
0
0
0
0
176
161
64
0
0
0
0
0
132
170
192
0
0
0
0
0
234
161
64
0
0
0
0
0
94
170
192
0
0
0
0
0
34
162
64
0
0
0
0
0
54
170
192
0
0
0
0
0
90
162
64
0
0
0
0
0
14
170
192
0
0
0
0
0
148
162
64
0
0
0
0
0
230
169
192
0
0
0
0
0
202
162
64
0
0
0
0
0
190
169
192
0
0
0
0
0
2
163
64
0
0
0
0
0
148
169
192
0
0
0
0
0
58
163
64
0
0
0
0
0
108
169
192
0
0
0
0
0
112
163
64
0
0
0
0
0
66
169
192
0
0
0
0
0
166
163
64
0
0
0
0
0
22
169
192
0
0
0
0
0
220
163
64
0
0
0
0
0
236
168
192
0
0
0
0
0
18
164
64
0
0
0
0
0
192
168
192
0
0
0
0
0
72
164
64
0
0
0
0
0
148
168
192
0
0
0
0
0
126
164
64
0
0
0
0
0
104
168
192
0
0
0
0
0
178
164
64
0
0
0
0
0
60
168
192
0
0
0
0
0
230
164
64
0
0
0
0
0
14
168
192
0
0
0
0
0
26
165
64
0
0
0
0
0
226
167
192
0
0
0
0
0
78
165
64
0
0
0
0
0
180
167
192
0
0
0
0
0
128
165
64
0
0
0
0
0
132
167
192
0
0
0
0
0
180
165
64
0
0
0
0
0
86
167
192
0
0
0
0
0
230
165
64
0
0
0
0
0
38
167
192
0
0
0
0
0
24
166
64
0
0
0
0
0
246
166
192
0
0
0
0
0
74
166
64
0
0
0
0
0
198
166
192
0
0
0
0
0
122
166
64
0
0
0
0
0
150
166
192
0
0
0
0
0
172
166
64
0
0
0
0
0
102
166
192
0
0
0
0
0
220
166
64
0
0
0
0
0
52
166
192
0
0
0
0
0
12
167
64
0
0
0
0
0
2
166
192
0
0
0
0
0
58
167
64
0
0
0
0
0
208
165
192
0
0
0
0
0
106
167
64
0
0
0
0
0
158
165
192
0
0
0
0
0
152
167
64
0
0
0
0
0
106
165
192
0
0
0
0
0
198
167
64
0
0
0
0
0
56
165
192
0
0
0
0
0
244
167
64
0
0
0
0
0
4
165
192
0
0
0
0
0
34
168
64
0
0
0
0
0
208
164
192
0
0
0
0
0
78
168
64
0
0
0
0
0
156
164
192
0
0
0
0
0
124
168
64
0
0
0
0
0
102
164
192
0
0
0
0
0
168
168
64
0
0
0
0
0
50
164
192
0
0
0
0
0
212
168
64
0
0
0
0
0
252
163
192
0
0
0
0
0
254
168
64
0
0
0
0
0
198
163
192
0
0
0
0
0
42
169
64
0
0
0
0
0
144
163
192
0
0
0
0
0
84
169
64
0
0
0
0
0
88
163
192
0
0
0
0
0
126
169
64
0
0
0
0
0
34
163
192
0
0
0
0
0
166
169
64
0
0
0
0
0
234
162
192
0
0
0
0
0
208
169
64
0
0
0
0
0
180
162
192
0
0
0
0
0
248
169
64
0
0
0
0
0
124
162
192
0
0
0
0
0
32
170
64
0
0
0
0
0
66
162
192
0
0
0
0
0
72
170
64
0
0
0
0
0
10
162
192
0
0
0
0
0
110
170
64
0
0
0
0
0
210
161
192
0
0
0
0
0
148
170
64
0
0
0
0
0
152
161
192
0
0
0
0
0
186
170
64
0
0
0
0
0
94
161
192
0
0
0
0
0
224
170
64
0
0
0
0
0
36
161
192
0
0
0
0
0
6
171
64
0
0
0
0
0
234
160
192
0
0
0
0
0
42
171
64
0
0
0
0
0
176
160
192
0
0
0
0
0
78
171
64
0
0
0
0
0
116
160
192
0
0
0
0
0
114
171
64
0
0
0
0
0
58
160
192
0
0
0
0
0
148
171
64
0
0
0
0
0
252
159
192
0
0
0
0
0
184
171
64
0
0
0
0
0
132
159
192
0
0
0
0
0
218
171
64
0
0
0
0
0
12
159
192
0
0
0
0
0
252
171
64
0
0
0
0
0
148
158
192
0
0
0
0
0
28
172
64
0
0
0
0
0
28
158
192
0
0
0
0
0
62
172
64
0
0
0
0
0
160
157
192
0
0
0
0
0
94
172
64
0
0
0
0
0
40
157
192
0
0
0
0
0
124
172
64
0
0
0
0
0
172
156
192
0
0
0
0
0
156
172
64
0
0
0
0
0
48
156
192
0
0
0
0
0
186
172
64
0
0
0
0
0
180
155
192
0
0
0
0
0
216
172
64
0
0
0
0
0
56
155
192
0
0
0
0
0
246
172
64
0
0
0
0
0
188
154
192
0
0
0
0
0
18
173
64
0
0
0
0
0
64
154
192
0
0
0
0
0
48
173
64
0
0
0
0
0
192
153
192
0
0
0
0
0
76
173
64
0
0
0
0
0
68
153
192
0
0
0
0
0
102
173
64
0
0
0
0
0
196
152
192
0
0
0
0
0
130
173
64
0
0
0
0
0
68
152
192
0
0
0
0
0
156
173
64
0
0
0
0
0
200
151
192
0
0
0
0
0
182
173
64
0
0
0
0
0
72
151
192
0
0
0
0
0
208
173
64
0
0
0
0
0
200
150
192
0
0
0
0
0
232
173
64
0
0
0
0
0
68
150
192
0
0
0
0
0
0
174
64
0
0
0
0
0
196
149
192
0
0
0
0
0
24
174
64
0
0
0
0
0
68
149
192
0
0
0
0
0
46
174
64
0
0
0
0
0
192
148
192
0
0
0
0
0
70
174
64
0
0
0
0
0
64
148
192
0
0
0
0
0
92
174
64
0
0
0
0
0
188
147
192
0
0
0
0
0
112
174
64
0
0
0
0
0
56
147
192
0
0
0
0
0
134
174
64
0
0
0
0
0
180
146
192
0
0
0
0
0
154
174
64
0
0
0
0
0
48
146
192
0
0
0
0
0
174
174
64
0
0
0
0
0
172
145
192
0
0
0
0
0
194
174
64
0
0
0
0
0
40
145
192
0
0
0
0
0
212
174
64
0
0
0
0
0
164
144
192
0
0
0
0
0
230
174
64
0
0
0
0
0
32
144
192
0
0
0
0
0
248
174
64
0
0
0
0
0
56
143
192
0
0
0
0
0
8
175
64
0
0
0
0
0
40
142
192
0
0
0
0
0
26
175
64
0
0
0
0
0
32
141
192
0
0
0
0
0
42
175
64
0
0
0
0
0
16
140
192
0
0
0
0
0
56
175
64
0
0
0
0
0
8
139
192
0
0
0
0
0
72
175
64
0
0
0
0
0
248
137
192
0
0
0
0
0
86
175
64
0
0
0
0
0
232
136
192
0
0
0
0
0
100
175
64
0
0
0
0
0
224
135
192
0
0
0
0
0
112
175
64
0
0
0
0
0
208
134
192
0
0
0
0
0
124
175
64
0
0
0
0
0
192
133
192
0
0
0
0
0
136
175
64
0
0
0
0
0
176
132
192
0
0
0
0
0
148
175
64
0
0
0
0
0
160
131
192
0
0
0
0
0
160
175
64
0
0
0
0
0
144
130
192
0
0
0
0
0
170
175
64
0
0
0
0
0
128
129
192
0
0
0
0
0
180
175
64
0
0
0
0
0
112
128
192
0
0
0
0
0
188
175
64
0
0
0
0
0
192
126
192
0
0
0
0
0
196
175
64
0
0
0
0
0
160
124
192
0
0
0
0
0
204
175
64
0
0
0
0
0
112
122
192
0
0
0
0
0
212
175
64
0
0
0
0
0
80
120
192
0
0
0
0
0
218
175
64
0
0
0
0
0
48
118
192
0
0
0
0
0
0
0
0
0
0
0
0
0
0
0
0
0
0
0
0
0
0
0
0
0
0
0
0
0
0
0
0
0
0
0
0
0
0
0
0
0
0
0
0
0
0
0
0
0
0
0
0
0
0
0
0
0
0
0
0
0
0
0
0
0
0
0
0
0
0
0
0
0
0
0
0
0
0
0
0
0
0
0
0
0
0
0
0
0
0
0
0
0
0
0
0
0
0
0
0
0
0
0
0
0
0
0
0
0
0
0
0
0
0
0
0
0
0
0
0
0
0
0
0
0
0
0
0
0
0
0
0
0
0
0
0
0
0
0
0
0
0
0
0
0
0
0
0
0
0
0
0
0
0
0
0
0
0
0
0
0
0
0
0
0
0
0
0
0
0
0
0
0
0
0
0
0
0
0
0
0
0
0
0
0
0
0
0
0
0
0
0
0
0
0
0
0
0
0
0
0
0
0
0
0
0
0
0
0
0
0
0
0
0
0
0
0
0
0
0
0
0
0
0
0
0
0
0
0
0
0
0
0
0
0
0
0
0
0
0
0
0
0
0
0
0
0
0
0
0
0
0
0
0
0
0
0
0
0
0
0
0
0
0
0
0
0
0
0
0
0
0
0
0
0
0
0
0
0
0
0
0
0
0
0
0
0
0
0
0
0
0
0
0
0
0
0
0
0
0
0
0
0
0
0
0
0
0
0
0
0
0
0
0
0
0
0
0
0
0
0
0
0
0
0
0
0
0
0
0
0
0
0
0
0
0
0
0
0
0
0
0
0
0
0
0
0
0
0
0
0
0
0
0
0
0
0
0
0
0
0
0
0
0
0
0
0
0
0
0
0
0
0
0
0
0
0
0
0
0
0
0
0
0
0
0
0
0
0
0
0
0
0
0
0
0
0
0
0
0
0
0
0
0
0
0
0
0
0
0
0
0
0
0
0
0
0
0
0
0
0
0
0
0
0
0
0
0
0
0
0
0
0
0
0
0
0
0
0
0
0
0
0
0
0
0
0
0
0
0
0
0
0
0
0
0
0
0
0
0
0
0
0
0
0
0
0
0
0
0
0
0
0
0
0
0
0
0
0
0
0
0
0
0
0
0
0
0
0
0
0
0
0
0
0
0
0
0
0
0
0
0
0
0
0
0
0
0
0
0
0
0
0
0
0
0
0
0
0
0
0
0
0
0
0
0
0
0
0
0
0
0
0
0
0
0
0
0
0
0
0
0
0
0
0
0
0
0
0
0
0
0
0
0
0
0
0
0
0
0
0
0
0
0
0
0
0
0
0
0
0
0
0
0
0
0
0
0
0
0
0
0
0
0
0
0
0
0
0
0
0
0
0
0
0
0
0
0
0
0
0
0
0
0
0
0
0
0
0
0
0
0
0
0
0
0
0
0
0
0
0
0
0
0
0
0
0
0
0
0
0
0
0
0
0
0
0
0
0
0
0
0
0
0
0
0
0
0
0
0
0
0
0
0
0
0
0
0
0
0
0
0
0
0
0
0
0
0
0
0
0
0
0
0
0
0
0
0
0
0
0
0
0
0
0
0
0
0
0
0
0
0
0
0
0
0
0
0
0
0
0
0
0
0
0
0
0
0
0
0
0
0
0
0
0
0
0
0
0
0
0
0
0
0
0
0
0
0
0
0
0
0
0
0
0
0
0
0
0
0
0
0
0
0
0
0
0
0
0
0
0
0
0
0
0
0
0
0
0
0
0
0
0
0
0
0
0
0
0
0
0
0
0
0
0
0
0
0
0
0
0
0
0
0
0
0
0
0
0
0
0
0
0
0
0
0
0
0
0
0
0
0
0
0
0
0
0
0
0
0
0
0
0
0
0
0
0
0
0
0
0
0
0
0
0
0
0
0
0
0
0
0
0
0
0
0
0
0
0
0
0
0
0
0
0
0
0
0
0
0
0
0
0
0
0
0
0
0
0
0
0
0
0
0
0
0
0
0
0
0
0
0
0
0
0
0
0
0
0
0
0
0
0
0
0
0
0
0
0
0
0
0
0
0
0
0
0
0
0
0
0
0
0
0
0
0
0
0
0
0
0
0
0
0
0
0
0
0
0
0
0
0
0
0
0
0
0
0
0
0
0
0
0
0
0
0
0
0
0
0
0
0
0
0
0
0
0
0
0
0
0
0
0
0
0
0
0
0
0
0
0
0
0
0
0
0
0
0
0
0
0
0
0
0
0
0
0
0
0
0
0
0
0
0
0
0
0
0
0
0
0
0
0
0
0
0
0
0
0
0
0
0
0
0
0
0
0
0
0
0
0
0
0
0
0
0
0
0
0
0
0
0
0
0
0
0
0
0
0
0
0
0
0
0
0
0
0
0
0
0
0
0
0
0
0
0
0
0
0
0
0
0
0
0
0
0
0
0
0
0
0
0
0
0
0
0
0
0
0
0
0
0
0
0
0
0
0
0
0
0
0
0
0
0
0
0
0
0
0
0
0
0
0
0
0
0
0
0
0
0
0
0
0
0
0
0
0
0
0
0
0
0
0
0
0
0
0
0
0
0
0
0
0
0
0
0
0
0
0
0
0
0
0
0
0
0
0
0
0
0
0
0
0
0
0
0
0
0
0
0
0
0
0
0
0
0
0
0
0
0
0
0
0
0
0
0
0
0
0
0
0
0
0
0
0
0
0
0
0
0
0
0
0
0
0
0
0
0
0
0
0
0
0
0
0
0
0
0
0
0
0
0
0
0
0
0
0
0
0
0
0
0
0
0
0
0
0
0
0
0
0
0
0
0
0
0
0