58
70
65
67
84
58
67
68
65
84
49
56
58
68
65
84
65
32
35
57
48
48
48
48
48
50
48
51
50
0
0
0
0
0
182
173
64
0
0
0
0
0
196
151
64
0
0
0
0
0
188
173
64
0
0
0
0
0
172
151
64
0
0
0
0
0
188
173
64
0
0
0
0
0
172
151
64
0
0
0
0
0
184
173
64
0
0
0
0
0
188
151
64
0
0
0
0
0
180
173
64
0
0
0
0
0
212
151
64
0
0
0
0
0
174
173
64
0
0
0
0
0
236
151
64
0
0
0
0
0
170
173
64
0
0
0
0
0
4
152
64
0
0
0
0
0
166
173
64
0
0
0
0
0
24
152
64
0
0
0
0
0
162
173
64
0
0
0
0
0
40
152
64
0
0
0
0
0
162
173
64
0
0
0
0
0
44
152
64
0
0
0
0
0
162
173
64
0
0
0
0
0
40
152
64
0
0
0
0
0
164
173
64
0
0
0
0
0
24
152
64
0
0
0
0
0
170
173
64
0
0
0
0
0
0
152
64
0
0
0
0
0
178
173
64
0
0
0
0
0
220
151
64
0
0
0
0
0
186
173
64
0
0
0
0
0
176
151
64
0
0
0
0
0
196
173
64
0
0
0
0
0
124
151
64
0
0
0
0
0
208
173
64
0
0
0
0
0
64
151
64
0
0
0
0
0
222
173
64
0
0
0
0
0
252
150
64
0
0
0
0
0
236
173
64
0
0
0
0
0
176
150
64
0
0
0
0
0
250
173
64
0
0
0
0
0
100
150
64
0
0
0
0
0
10
174
64
0
0
0
0
0
16
150
64
0
0
0
0
0
26
174
64
0
0
0
0
0
188
149
64
0
0
0
0
0
40
174
64
0
0
0
0
0
100
149
64
0
0
0
0
0
56
174
64
0
0
0
0
0
12
149
64
0
0
0
0
0
72
174
64
0
0
0
0
0
176
148
64
0
0
0
0
0
88
174
64
0
0
0
0
0
80
148
64
0
0
0
0
0
104
174
64
0
0
0
0
0
244
147
64
0
0
0
0
0
120
174
64
0
0
0
0
0
148
147
64
0
0
0
0
0
134
174
64
0
0
0
0
0
52
147
64
0
0
0
0
0
150
174
64
0
0
0
0
0
212
146
64
0
0
0
0
0
164
174
64
0
0
0
0
0
116
146
64
0
0
0
0
0
178
174
64
0
0
0
0
0
24
146
64
0
0
0
0
0
192
174
64
0
0
0
0
0
188
145
64
0
0
0
0
0
204
174
64
0
0
0
0
0
92
145
64
0
0
0
0
0
218
174
64
0
0
0
0
0
0
145
64
0
0
0
0
0
230
174
64
0
0
0
0
0
164
144
64
0
0
0
0
0
242
174
64
0
0
0
0
0
76
144
64
0
0
0
0
0
254
174
64
0
0
0
0
0
224
143
64
0
0
0
0
0
10
175
64
0
0
0
0
0
40
143
64
0
0
0
0
0
20
175
64
0
0
0
0
0
120
142
64
0
0
0
0
0
32
175
64
0
0
0
0
0
200
141
64
0
0
0
0
0
42
175
64
0
0
0
0
0
32
141
64
0
0
0
0
0
50
175
64
0
0
0
0
0
120
140
64
0
0
0
0
0
60
175
64
0
0
0
0
0
208
139
64
0
0
0
0
0
68
175
64
0
0
0
0
0
48
139
64
0
0
0
0
0
78
175
64
0
0
0
0
0
160
138
64
0
0
0
0
0
84
175
64
0
0
0
0
0
16
138
64
0
0
0
0
0
92
175
64
0
0
0
0
0
136
137
64
0
0
0
0
0
98
175
64
0
0
0
0
0
8
137
64
0
0
0
0
0
104
175
64
0
0
0
0
0
144
136
64
0
0
0
0
0
110
175
64
0
0
0
0
0
24
136
64
0
0
0
0
0
114
175
64
0
0
0
0
0
176
135
64
0
0
0
0
0
120
175
64
0
0
0
0
0
72
135
64
0
0
0
0
0
124
175
64
0
0
0
0
0
232
134
64
0
0
0
0
0
128
175
64
0
0
0
0
0
144
134
64
0
0
0
0
0
132
175
64
0
0
0
0
0
56
134
64
0
0
0
0
0
136
175
64
0
0
0
0
0
224
133
64
0
0
0
0
0
140
175
64
0
0
0
0
0
136
133
64
0
0
0
0
0
144
175
64
0
0
0
0
0
48
133
64
0
0
0
0
0
146
175
64
0
0
0
0
0
208
132
64
0
0
0
0
0
150
175
64
0
0
0
0
0
120
132
64
0
0
0
0
0
154
175
64
0
0
0
0
0
24
132
64
0
0
0
0
0
158
175
64
0
0
0
0
0
176
131
64
0
0
0
0
0
162
175
64
0
0
0
0
0
72
131
64
0
0
0
0
0
166
175
64
0
0
0
0
0
224
130
64
0
0
0
0
0
170
175
64
0
0
0
0
0
112
130
64
0
0
0
0
0
174
175
64
0
0
0
0
0
0
130
64
0
0
0
0
0
178
175
64
0
0
0
0
0
144
129
64
0
0
0
0
0
182
175
64
0
0
0
0
0
24
129
64
0
0
0
0
0
186
175
64
0
0
0
0
0
168
128
64
0
0
0
0
0
190
175
64
0
0
0
0
0
48
128
64
0
0
0
0
0
194
175
64
0
0
0
0
0
128
127
64
0
0
0
0
0
198
175
64
0
0
0
0
0
160
126
64
0
0
0
0
0
200
175
64
0
0
0
0
0
192
125
64
0
0
0
0
0
204
175
64
0
0
0
0
0
224
124
64
0
0
0
0
0
206
175
64
0
0
0
0
0
16
124
64
0
0
0
0
0
210
175
64
0
0
0
0
0
64
123
64
0
0
0
0
0
212
175
64
0
0
0
0
0
128
122
64
0
0
0
0
0
214
175
64
0
0
0
0
0
192
121
64
0
0
0
0
0
216
175
64
0
0
0
0
0
0
121
64
0
0
0
0
0
220
175
64
0
0
0
0
0
64
120
64
0
0
0
0
0
222
175
64
0
0
0
0
0
128
119
64
0
0
0
0
0
224
175
64
0
0
0
0
0
208
118
64
0
0
0
0
0
226
175
64
0
0
0
0
0
32
118
64
0
0
0
0
0
228
175
64
0
0
0
0
0
112
117
64
0
0
0
0
0
230
175
64
0
0
0
0
0
192
116
64
0
0
0
0
0
230
175
64
0
0
0
0
0
16
116
64
0
0
0
0
0
232
175
64
0
0
0
0
0
112
115
64
0
0
0
0
0
234
175
64
0
0
0
0
0
192
114
64
0
0
0
0
0
236
175
64
0
0
0
0
0
32
114
64
0
0
0
0
0
236
175
64
0
0
0
0
0
128
113
64
0
0
0
0
0
238
175
64
0
0
0
0
0
224
112
64
0
0
0
0
0
240
175
64
0
0
0
0
0
64
112
64
0
0
0
0
0
240
175
64
0
0
0
0
0
96
111
64
0
0
0
0
0
242
175
64
0
0
0
0
0
32
110
64
0
0
0
0
0
244
175
64
0
0
0
0
0
192
108
64
0
0
0
0
0
244
175
64
0
0
0
0
0
128
107
64
0
0
0
0
0
246
175
64
0
0
0
0
0
64
106
64
0
0
0
0
0
246
175
64
0
0
0
0
0
224
104
64
0
0
0
0
0
248
175
64
0
0
0
0
0
128
103
64
0
0
0
0
0
248
175
64
0
0
0
0
0
32
102
64
0
0
0
0
0
250
175
64
0
0
0
0
0
128
100
64
0
0
0
0
0
250
175
64
0
0
0
0
0
224
98
64
0
0
0
0
0
252
175
64
0
0
0
0
0
64
97
64
0
0
0
0
0
252
175
64
0
0
0
0
0
0
95
64
0
0
0
0
0
254
175
64
0
0
0
0
0
64
91
64
0
0
0
0
0
254
175
64
0
0
0
0
0
128
87
64
0
0
0
0
0
254
175
64
0
0
0
0
0
192
83
64
0
0
0
0
0
254
175
64
0
0
0
0
0
64
80
64
0
0
0
0
0
0
176
64
0
0
0
0
0
0
73
64
0
0
0
0
0
0
176
64
0
0
0
0
0
0
66
64
0
0
0
0
0
0
176
64
0
0
0
0
0
0
54
64
0
0
0
0
0
0
176
64
0
0
0
0
0
0
34
64
0
0
0
0
0
0
176
64
0
0
0
0
0
0
0
192
0
0
0
0
0
0
176
64
0
0
0
0
0
0
42
192
0
0
0
0
0
0
176
64
0
0
0
0
0
0
54
192
0
0
0
0
0
0
176
64
0
0
0
0
0
0
63
192
0
0
0
0
0
0
176
64
0
0
0
0
0
0
67
192
0
0
0
0
0
0
176
64
0
0
0
0
0
128
69
192
0
0
0
0
0
0
176
64
0
0
0
0
0
0
72
192
0
0
0
0
0
0
176
64
0
0
0
0
0
128
73
192
0
0
0
0
0
0
176
64
0
0
0
0
0
0
74
192
0
0
0
0
0
0
176
64
0
0
0
0
0
128
74
192
0
0
0
0
0
0
176
64
0
0
0
0
0
0
74
192
0
0
0
0
0
0
176
64
0
0
0
0
0
128
73
192
0
0
0
0
0
0
176
64
0
0
0
0
0
0
72
192
0
0
0
0
0
0
176
64
0
0
0
0
0
128
70
192
0
0
0
0
0
214
161
64
0
0
0
0
0
184
170
64
0
0
0
0
0
158
161
64
0
0
0
0
0
220
170
64
0
0
0
0
0
100
161
64
0
0
0
0
0
2
171
64
0
0
0
0
0
42
161
64
0
0
0
0
0
38
171
64
0
0
0
0
0
240
160
64
0
0
0
0
0
74
171
64
0
0
0
0
0
182
160
64
0
0
0
0
0
110
171
64
0
0
0
0
0
122
160
64
0
0
0
0
0
146
171
64
0
0
0
0
0
64
160
64
0
0
0
0
0
180
171
64
0
0
0
0
0
4
160
64
0
0
0
0
0
214
171
64
0
0
0
0
0
144
159
64
0
0
0
0
0
248
171
64
0
0
0
0
0
24
159
64
0
0
0
0
0
26
172
64
0
0
0
0
0
160
158
64
0
0
0
0
0
58
172
64
0
0
0
0
0
40
158
64
0
0
0
0
0
90
172
64
0
0
0
0
0
172
157
64
0
0
0
0
0
122
172
64
0
0
0
0
0
52
157
64
0
0
0
0
0
152
172
64
0
0
0
0
0
184
156
64
0
0
0
0
0
184
172
64
0
0
0
0
0
60
156
64
0
0
0
0
0
214
172
64
0
0
0
0
0
192
155
64
0
0
0
0
0
244
172
64
0
0
0
0
0
68
155
64
0
0
0
0
0
16
173
64
0
0
0
0
0
200
154
64
0
0
0
0
0
44
173
64
0
0
0
0
0
76
154
64
0
0
0
0
0
72
173
64
0
0
0
0
0
204
153
64
0
0
0
0
0
100
173
64
0
0
0
0
0
80
153
64
0
0
0
0
0
128
173
64
0
0
0
0
0
208
152
64
0
0
0
0
0
154
173
64
0
0
0
0
0
84
152
64
0
0
0
0
0
180
173
64
0
0
0
0
0
212
151
64
0
0
0
0
0
204
173
64
0
0
0
0
0
84
151
64
0
0
0
0
0
230
173
64
0
0
0
0
0
212
150
64
0
0
0
0
0
254
173
64
0
0
0
0
0
84
150
64
0
0
0
0
0
20
174
64
0
0
0
0
0
212
149
64
0
0
0
0
0
44
174
64
0
0
0
0
0
88
149
64
0
0
0
0
0
64
174
64
0
0
0
0
0
220
148
64
0
0
0
0
0
86
174
64
0
0
0
0
0
100
148
64
0
0
0
0
0
104
174
64
0
0
0
0
0
244
147
64
0
0
0
0
0
120
174
64
0
0
0
0
0
140
147
64
0
0
0
0
0
134
174
64
0
0
0
0
0
52
147
64
0
0
0
0
0
146
174
64
0
0
0
0
0
228
146
64
0
0
0
0
0
156
174
64
0
0
0
0
0
168
146
64
0
0
0
0
0
164
174
64
0
0
0
0
0
120
146
64
0
0
0
0
0
168
174
64
0
0
0
0
0
88
146
64
0
0
0
0
0
170
174
64
0
0
0
0
0
72
146
64
0
0
0
0
0
170
174
64
0
0
0
0
0
72
146
64
0
0
0
0
0
168
174
64
0
0
0
0
0
84
146
64
0
0
0
0
0
166
174
64
0
0
0
0
0
108
146
64
0
0
0
0
0
162
174
64
0
0
0
0
0
136
146
64
0
0
0
0
0
156
174
64
0
0
0
0
0
168
146
64
0
0
0
0
0
150
174
64
0
0
0
0
0
204
146
64
0
0
0
0
0
146
174
64
0
0
0
0
0
240
146
64
0
0
0
0
0
140
174
64
0
0
0
0
0
16
147
64
0
0
0
0
0
136
174
64
0
0
0
0
0
48
147
64
0
0
0
0
0
130
174
64
0
0
0
0
0
76
147
64
0
0
0
0
0
126
174
64
0
0
0
0
0
104
147
64
0
0
0
0
0
122
174
64
0
0
0
0
0
128
147
64
0
0
0
0
0
120
174
64
0
0
0
0
0
148
147
64
0
0
0
0
0
116
174
64
0
0
0
0
0
172
147
64
0
0
0
0
0
112
174
64
0
0
0
0
0
196
147
64
0
0
0
0
0
108
174
64
0
0
0
0
0
224
147
64
0
0
0
0
0
102
174
64
0
0
0
0
0
0
148
64
0
0
0
0
0
96
174
64
0
0
0
0
0
40
148
64
0
0
0
0
0
88
174
64
0
0
0
0
0
88
148
64
0
0
0
0
0
78
174
64
0
0
0
0
0
144
148
64
0
0
0
0
0
66
174
64
0
0
0
0
0
216
148
64
0
0
0
0
0
50
174
64
0
0
0
0
0
44
149
64
0
0
0
0
0
34
174
64
0
0
0
0
0
136
149
64
0
0
0
0
0
16
174
64
0
0
0
0
0
240
149
64
0
0
0
0
0
250
173
64
0
0
0
0
0
100
150
64
0
0
0
0
0
228
173
64
0
0
0
0
0
220
150
64
0
0
0
0
0
204
173
64
0
0
0
0
0
92
151
64
0
0
0
0
0
176
173
64
0
0
0
0
0
224
151
64
0
0
0
0
0
148
173
64
0
0
0
0
0
108
152
64
0
0
0
0
0
120
173
64
0
0
0
0
0
248
152
64
0
0
0
0
0
88
173
64
0
0
0
0
0
136
153
64
0
0
0
0
0
56
173
64
0
0
0
0
0
24
154
64
0
0
0
0
0
22
173
64
0
0
0
0
0
172
154
64
0
0
0
0
0
244
172
64
0
0
0
0
0
68
155
64
0
0
0
0
0
206
172
64
0
0
0
0
0
224
155
64
0
0
0
0
0
166
172
64
0
0
0
0
0
128
156
64
0
0
0
0
0
126
172
64
0
0
0
0
0
40
157
64
0
0
0
0
0
80
172
64
0
0
0
0
0
208
157
64
0
0
0
0
0
34
172
64
0
0
0
0
0
128
158
64
0
0
0
0
0
240
171
64
0
0
0
0
0
52
159
64
0
0
0
0
0
190
171
64
0
0
0
0
0
232
159
64
0
0
0
0
0
136
171
64
0
0
0
0
0
80
160
64
0
0
0
0
0
80
171
64
0
0
0
0
0
174
160
64
0
0
0
0
0
22
171
64
0
0
0
0
0
10
161
64
0
0
0
0
0
220
170
64
0
0
0
0
0
100
161
64
0
0
0
0
0
162
170
64
0
0
0
0
0
188
161
64
0
0
0
0
0
104
170
64
0
0
0
0
0
18
162
64
0
0
0
0
0
48
170
64
0
0
0
0
0
100
162
64
0
0
0
0
0
248
169
64
0
0
0
0
0
180
162
64
0
0
0
0
0
194
169
64
0
0
0
0
0
254
162
64
0
0
0
0
0
140
169
64
0
0
0
0
0
68
163
64
0
0
0
0
0
90
169
64
0
0
0
0
0
134
163
64
0
0
0
0
0
42
169
64
0
0
0
0
0
196
163
64
0
0
0
0
0
254
168
64
0
0
0
0
0
254
163
64
0
0
0
0
0
210
168
64
0
0
0
0
0
52
164
64
0
0
0
0
0
168
168
64
0
0
0
0
0
102
164
64
0
0
0
0
0
130
168
64
0
0
0
0
0
148
164
64
0
0
0
0
0
94
168
64
0
0
0
0
0
192
164
64
0
0
0
0
0
60
168
64
0
0
0
0
0
230
164
64
0
0
0
0
0
28
168
64
0
0
0
0
0
10
165
64
0
0
0
0
0
0
168
64
0
0
0
0
0
42
165
64
0
0
0
0
0
232
167
64
0
0
0
0
0
70
165
64
0
0
0
0
0
210
167
64
0
0
0
0
0
94
165
64
0
0
0
0
0
192
167
64
0
0
0
0
0
114
165
64
0
0
0
0
0
180
167
64
0
0
0
0
0
128
165
64
0
0
0
0
0
172
167
64
0
0
0
0
0
136
165
64
0
0
0
0
0
170
167
64
0
0
0
0
0
140
165
64
0
0
0
0
0
172
167
64
0
0
0
0
0
136
165
64
0
0
0
0
0
180
167
64
0
0
0
0
0
126
165
64
0
0
0
0
0
194
167
64
0
0
0
0
0
112
165
64
0
0
0
0
0
214
167
64
0
0
0
0
0
90
165
64
0
0
0
0
0
238
167
64
0
0
0
0
0
64
165
64
0
0
0
0
0
10
168
64
0
0
0
0
0
32
165
64
0
0
0
0
0
42
168
64
0
0
0
0
0
252
164
64
0
0
0
0
0
76
168
64
0
0
0
0
0
212
164
64
0
0
0
0
0
110
168
64
0
0
0
0
0
170
164
64
0
0
0
0
0
146
168
64
0
0
0
0
0
130
164
64
0
0
0
0
0
180
168
64
0
0
0
0
0
88
164
64
0
0
0
0
0
212
168
64
0
0
0
0
0
48
164
64
0
0
0
0
0
242
168
64
0
0
0
0
0
12
164
64
0
0
0
0
0
12
169
64
0
0
0
0
0
234
163
64
0
0
0
0
0
34
169
64
0
0
0
0
0
206
163
64
0
0
0
0
0
52
169
64
0
0
0
0
0
184
163
64
0
0
0
0
0
66
169
64
0
0
0
0
0
166
163
64
0
0
0
0
0
76
169
64
0
0
0
0
0
152
163
64
0
0
0
0
0
84
169
64
0
0
0
0
0
142
163
64
0
0
0
0
0
88
169
64
0
0
0
0
0
136
163
64
0
0
0
0
0
92
169
64
0
0
0
0
0
134
163
64
0
0
0
0
0
92
169
64
0
0
0
0
0
132
163
64
0
0
0
0
0
94
169
64
0
0
0
0
0
130
163
64
0
0
0
0
0
96
169
64
0
0
0
0
0
126
163
64
0
0
0
0
0
100
169
64
0
0
0
0
0
122
163
64
0
0
0
0
0
108
169
64
0
0
0
0
0
112
163
64
0
0
0
0
0
118
169
64
0
0
0
0
0
98
163
64
0
0
0
0
0
132
169
64
0
0
0
0
0
80
163
64
0
0
0
0
0
148
169
64
0
0
0
0
0
60
163
64
0
0
0
0
0
164
169
64
0
0
0
0
0
36
163
64
0
0
0
0
0
184
169
64
0
0
0
0
0
10
163
64
0
0
0
0
0
206
169
64
0
0
0
0
0
238
162
64
0
0
0
0
0
226
169
64
0
0
0
0
0
210
162
64
0
0
0
0
0
246
169
64
0
0
0
0
0
182
162
64
0
0
0
0
0
6
170
64
0
0
0
0
0
160
162
64
0
0
0
0
0
20
170
64
0
0
0
0
0
140
162
64
0
0
0
0
0
30
170
64
0
0
0
0
0
126
162
64
0
0
0
0
0
34
170
64
0
0
0
0
0
120
162
64
0
0
0
0
0
36
170
64
0
0
0
0
0
118
162
64
0
0
0
0
0
30
170
64
0
0
0
0
0
124
162
64
0
0
0
0
0
22
170
64
0
0
0
0
0
138
162
64
0
0
0
0
0
6
170
64
0
0
0
0
0
158
162
64
0
0
0
0
0
244
169
64
0
0
0
0
0
186
162
64
0
0
0
0
0
220
169
64
0
0
0
0
0
216
162
64
0
0
0
0
0
196
169
64
0
0
0
0
0
250
162
64
0
0
0
0
0
170
169
64
0
0
0
0
0
30
163
64
0
0
0
0
0
142
169
64
0
0
0
0
0
68
163
64
0
0
0
0
0
112
169
64
0
0
0
0
0
106
163
64
0
0
0
0
0
84
169
64
0
0
0
0
0
142
163
64
0
0
0
0
0
56
169
64
0
0
0
0
0
178
163
64
0
0
0
0
0
30
169
64
0
0
0
0
0
214
163
64
0
0
0
0
0
4
169
64
0
0
0
0
0
246
163
64
0
0
0
0
0
234
168
64
0
0
0
0
0
22
164
64
0
0
0
0
0
210
168
64
0
0
0
0
0
52
164
64
0
0
0
0
0
184
168
64
0
0
0
0
0
82
164
64
0
0
0
0
0
158
168
64
0
0
0
0
0
114
164
64
0
0
0
0
0
132
168
64
0
0
0
0
0
146
164
64
0
0
0
0
0
102
168
64
0
0
0
0
0
180
164
64
0
0
0
0
0
72
168
64
0
0
0
0
0
216
164
64
0
0
0
0
0
40
168
64
0
0
0
0
0
252
164
64
0
0
0
0
0
6
168
64
0
0
0
0
0
36
165
64
0
0
0
0
0
224
167
64
0
0
0
0
0
78
165
64
0
0
0
0
0
184
167
64
0
0
0
0
0
122
165
64
0
0
0
0
0
144
167
64
0
0
0
0
0
168
165
64
0
0
0
0
0
102
167
64
0
0
0
0
0
212
165
64
0
0
0
0
0
60
167
64
0
0
0
0
0
2
166
64
0
0
0
0
0
16
167
64
0
0
0
0
0
46
166
64
0
0
0
0
0
230
166
64
0
0
0
0
0
90
166
64
0
0
0
0
0
190
166
64
0
0
0
0
0
130
166
64
0
0
0
0
0
152
166
64
0
0
0
0
0
170
166
64
0
0
0
0
0
116
166
64
0
0
0
0
0
204
166
64
0
0
0
0
0
84
166
64
0
0
0
0
0
236
166
64
0
0
0
0
0
54
166
64
0
0
0
0
0
10
167
64
0
0
0
0
0
28
166
64
0
0
0
0
0
36
167
64
0
0
0
0
0
4
166
64
0
0
0
0
0
58
167
64
0
0
0
0
0
240
165
64
0
0
0
0
0
76
167
64
0
0
0
0
0
224
165
64
0
0
0
0
0
92
167
64
0
0
0
0
0
210
165
64
0
0
0
0
0
104
167
64
0
0
0
0
0
200
165
64
0
0
0
0
0
114
167
64
0
0
0
0
0
190
165
64
0
0
0
0
0
122
167
64
0
0
0
0
0
182
165
64
0
0
0
0
0
130
167
64
0
0
0
0
0
174
165
64
0
0
0
0
0
138
167
64
0
0
0
0
0
166
165
64
0
0
0
0
0
144
167
64
0
0
0
0
0
160
165
64
0
0
0
0
0
150
167
64
0
0
0
0
0
152
165
64
0
0
0
0
0
158
167
64
0
0
0
0
0
146
165
64
0
0
0
0
0
164
167
64
0
0
0
0
0
138
165
64
0
0
0
0
0
170
167
64
0
0
0
0
0
130
165
64
0
0
0
0
0
178
167
64
0
0
0
0
0
124
165
64
0
0
0
0
0
184
167
64
0
0
0
0
0
118
165
64
0
0
0
0
0
188
167
64
0
0
0
0
0
114
165
64
0
0
0
0
0
192
167
64
0
0
0
0
0
112
165
64
0
0
0
0
0
194
167
64
0
0
0
0
0
112
165
64
0
0
0
0
0
194
167
64
0
0
0
0
0
116
165
64
0
0
0
0
0
190
167
64
0
0
0
0
0
122
165
64
0
0
0
0
0
184
167
64
0
0
0
0
0
132
165
64
0
0
0
0
0
176
167
64
0
0
0
0
0
146
165
64
0
0
0
0
0
164
167
64
0
0
0
0
0
162
165
64
0
0
0
0
0
148
167
64
0
0
0
0
0
182
165
64
0
0
0
0
0
130
167
64
0
0
0
0
0
206
165
64
0
0
0
0
0
108
167
64
0
0
0
0
0
230
165
64
0
0
0
0
0
86
167
64
0
0
0
0
0
0
166
64
0
0
0
0
0
60
167
64
0
0
0
0
0
28
166
64
0
0
0
0
0
36
167
64
0
0
0
0
0
54
166
64
0
0
0
0
0
10
167
64
0
0
0
0
0
80
166
64
0
0
0
0
0
240
166
64
0
0
0
0
0
106
166
64
0
0
0
0
0
214
166
64
0
0
0
0
0
130
166
64
0
0
0
0
0
190
166
64
0
0
0
0
0
152
166
64
0
0
0
0
0
170
166
64
0
0
0
0
0
172
166
64
0
0
0
0
0
148
166
64
0
0
0
0
0
190
166
64
0
0
0
0
0
130
166
64
0
0
0
0
0
208
166
64
0
0
0
0
0
114
166
64
0
0
0
0
0
222
166
64
0
0
0
0
0
98
166
64
0
0
0
0
0
236
166
64
0
0
0
0
0
84
166
64
0
0
0
0
0
248
166
64
0
0
0
0
0
72
166
64
0
0
0
0
0
2
167
64
0
0
0
0
0
62
166
64
0
0
0
0
0
12
167
64
0
0
0
0
0
52
166
64
0
0
0
0
0
20
167
64
0
0
0
0
0
44
166
64
0
0
0
0
0
28
167
64
0
0
0
0
0
34
166
64
0
0
0
0
0
34
167
64
0
0
0
0
0
28
166
64
0
0
0
0
0
42
167
64
0
0
0
0
0
20
166
64
0
0
0
0
0
48
167
64
0
0
0
0
0
14
166
64
0
0
0
0
0
52
167
64
0
0
0
0
0
8
166
64
0
0
0
0
0
58
167
64
0
0
0
0
0
4
166
64
0
0
0
0
0
60
167
64
0
0
0
0
0
0
166
64
0
0
0
0
0
64
167
64
0
0
0
0
0
252
165
64
0
0
0
0
0
66
167
64
0
0
0
0
0
250
165
64
0
0
0
0
0
68
167
64
0
0
0
0
0
248
165
64
0
0
0
0
0
68
167
64
0
0
0
0
0
248
165
64
0
0
0
0
0
68
167
64
0
0
0
0
0
248
165
64
0
0
0
0
0
68
167
64
0
0
0
0
0
250
165
64
0
0
0
0
0
66
167
64
0
0
0
0
0
250
165
64
0
0
0
0
0
64
167
64
0
0
0
0
0
252
165
64
0
0
0
0
0
64
167
64
0
0
0
0
0
254
165
64
0
0
0
0
0
62
167
64
0
0
0
0
0
0
166
64
0
0
0
0
0
60
167
64
0
0
0
0
0
0
166
64
0
0
0
0
0
58
167
64
0
0
0
0
0
2
166
64
0
0
0
0
0
58
167
64
0
0
0
0
0
2
166
64
0
0
0
0
0
58
167
64
0
0
0
0
0
2
166
64
0
0
0
0
0
60
167
64
0
0
0
0
0
2
166
64
0
0
0
0
0
62
167
64
0
0
0
0
0
0
166
64
0
0
0
0
0
64
167
64
0
0
0
0
0
252
165
64
0
0
0
0
0
70
167
64
0
0
0
0
0
246
165
64
0
0
0
0
0
78
167
64
0
0
0
0
0
238
165
64
0
0
0
0
0
86
167
64
0
0
0
0
0
230
165
64
0
0
0
0
0
98
167
64
0
0
0
0
0
218
165
64
0
0
0
0
0
110
167
64
0
0
0
0
0
204
165
64
0
0
0
0
0
126
167
64
0
0
0
0
0
188
165
64
0
0
0
0
0
142
167
64
0
0
0
0
0
170
165
64
0
0
0
0
0
158
167
64
0
0
0
0
0
150
165
64
0
0
0
0
0
178
167
64
0
0
0
0
0
130
165
64
0
0
0
0
0
196
167
64
0
0
0
0
0
110
165
64
0
0
0
0
0
214
167
64
0
0
0
0
0
90
165
64
0
0
0
0
0
232
167
64
0
0
0
0
0
68
165
64
0
0
0
0
0
250
167
64
0
0
0
0
0
50
165
64
0
0
0
0
0
10
168
64
0
0
0
0
0
30
165
64
0
0
0
0
0
26
168
64
0
0
0
0
0
12
165
64
0
0
0
0
0
42
168
64
0
0
0
0
0
250
164
64
0
0
0
0
0
58
168
64
0
0
0
0
0
232
164
64
0
0
0
0
0
72
168
64
0
0
0
0
0
216
164
64
0
0
0
0
0
86
168
64
0
0
0
0
0
200
164
64
0
0
0
0
0
100
168
64
0
0
0
0
0
184
164
64
0
0
0
0
0
114
168
64
0
0
0
0
0
166
164
64
0
0
0
0
0
130
168
64
0
0
0
0
0
148
164
64
0
0
0
0
0
146
168
64
0
0
0
0
0
128
164
64
0
0
0
0
0
164
168
64
0
0
0
0
0
106
164
64
0
0
0
0
0
184
168
64
0
0
0
0
0
82
164
64
0
0
0
0
0
206
168
64
0
0
0
0
0
54
164
64
0
0
0
0
0
230
168
64
0
0
0
0
0
24
164
64
0
0
0
0
0
2
169
64
0
0
0
0
0
248
163
64
0
0
0
0
0
32
169
64
0
0
0
0
0
210
163
64
0
0
0
0
0
64
169
64
0
0
0
0
0
168
163
64
0
0
0
0
0
98
169
64
0
0
0
0
0
124
163
64
0
0
0
0
0
136
169
64
0
0
0
0
0
74
163
64
0
0
0
0
0
176
169
64
0
0
0
0
0
22
163
64
0
0
0
0
0
216
169
64
0
0
0
0
0
222
162
64
0
0
0
0
0
2
170
64
0
0
0
0
0
164
162
64
0
0
0
0
0
46
170
64
0
0
0
0
0
102
162
64
0
0
0
0
0
92
170
64
0
0
0
0
0
38
162
64
0
0
0
0
0
136
170
64
0
0
0
0
0
228
161
64
0
0
0
0
0
180
170
64
0
0
0
0
0
162
161
64
0
0
0
0
0
226
170
64
0
0
0
0
0
92
161
64
0
0
0
0
0
14
171
64
0
0
0
0
0
22
161
64
0
0
0
0
0
58
171
64
0
0
0
0
0
208
160
64
0
0
0
0
0
102
171
64
0
0
0
0
0
136
160
64
0
0
0
0
0
146
171
64
0
0
0
0
0
64
160
64
0
0
0
0
0
188
171
64
0
0
0
0
0
236
159
64
0
0
0
0
0
232
171
64
0
0
0
0
0
84
159
64
0
0
0
0
0
18
172
64
0
0
0
0
0
184
158
64
0
0
0
0
0
62
172
64
0
0
0
0
0
24
158
64
0
0
0
0
0
106
172
64
0
0
0
0
0
112
157
64
0
0
0
0
0
150
172
64
0
0
0
0
0
200
156
64
0
0
0
0
0
192
172
64
0
0
0
0
0
28
156
64
0
0
0
0
0
234
172
64
0
0
0
0
0
108
155
64
0
0
0
0
0
18
173
64
0
0
0
0
0
188
154
64
0
0
0
0
0
58
173
64
0
0
0
0
0
16
154
64
0
0
0
0
0
94
173
64
0
0
0
0
0
108
153
64
0
0
0
0
0
126
173
64
0
0
0
0
0
216
152
64
0
0
0
0
0
152
173
64
0
0
0
0
0
88
152
64
0
0
0
0
0
170
173
64
0
0
0
0
0
252
151
64
0
0
0
0
0
0
0
0
0
0
0
0
0
0
0
0
0
0
0
0
0
0
0
0
0
0
0
0
0
0
0
0
0
0
0
0
0
0
0
0
0
0
0
0
0
0
0
0
0
0
0
0
0
0
0
0
0
0
0
0
0
0
0
0
0
0
0
0
0
0
0
0
0
0
0
0
0
0
0
0
0
0
0
0
0
0
0
0
0
0
0
0
0
0
0
0
0
0
0
0
0
0
0
0
0
0
0
0
0
0
0
0
0
0
0
0
0
0
0
0
0
0
0
0
0
0
0
0
0
0
0
0
0
0
0
0
0
0
0
0
0
0
0
0
0
0
0
0
0
0
0
0
0
0
0
0
0
0
0
0
0
0
0
0
0
0
0
0
0
0
0
0
0
0
0
0
0
0
0
0
0
0
0
0
0
0
0
0
0
0
0
0
0
0
0
0
0
0
0
0
0
0
0
0
0
0
0
0
0
0
0
0
0
0
0
0
0
0
0
0
0
0
0
0
0
0
0
0
0
0
0
0
0
0
0
0
0
0
0
0
0
0
0
0
0
0
0
0
0
0
0
0
0
0
0
0
0
0
0
0
0
0
0
0
0
0
0
0
0
0
0
0
0
0
0
0
0
0
0
0
0
0
0
0
0
0
0
0
0
0
0
0
0
0
0
0
0
0
0
0
0
0
0
0
0
0
0
0
0
0
0
0
0
0
0
0
0
0
0
0
0
0
0
0
0
0
0
0
0
0
0
0
0
0
0
0
0
0
0
0
0
0
0
0
0
0
0
0
0
0
0
0
0
0
0
0
0
0
0
0
0
0
0
0
0
0
0
0
0
0
0
0
0
0
0
0
0
0
0
0
0
0
0
0
0
0
0
0
0
0
0
0
0
0
0
0
0
0
0
0
0
0
0
0
0
0
0
0
0
0
0
0
0
0
0
0
0
0
0
0
0
0
0
0
0
0
0
0
0
0
0
0
0
0
0
0
0
0
0
0
0
0
0
0
0
0
0
0
0
0
0
0
0
0
0
0
0
0
0
0
0
0
0
0
0
0
0
0
0
0
0
0
0
0
0
0
0
0
0
0
0
0
0
0
0
0
0
0
0
0
0
0
0
0
0
0
0
0
0
0
0
0
0
0
0
0
0
0
0
0
0
0
0
0
0
0
0
0
0
0
0
0
0
0
0
0
0
0
0
0
0
0
0
0
0
0
0
0
0
0
0
0
0
0
0
0
0
0
0
0
0
0
0
0
0
0
0
0
0
0
0
0
0
0
0
0
0
0
0
0
0
0
0
0
0
0
0
0
0
0
0
0
0
0
0
0
0
0
0
0
0
0
0
0
0
0
0
0
0
0
0
0
0
0
0
0
0
0
0
0
0
0
0
0
0
0
0
0
0
0
0
0
0
0
0
0
0
0
0
0
0
0
0
0
0
0
0
0
0
0
0
0
0
0
0
0
0
0
0
0
0
0
0
0
0
0
0
0
0
0
0
0
0
0
0
0
0
0
0
0
0
0
0
0
0
0
0
0
0
0
0
0
0
0
0
0
0
0
0
0
0
0
0
0
0
0
0
0
0
0
0
0
0
0
0
0
0
0
0
0
0
0
0
0
0
0
0
0
0
0
0
0
0
0
0
0
0
0
0
0
0
0
0
0
0
0
0
0
0
0
0
0
0
0
0
0
0
0
0
0
0
0
0
0
0
0
0
0
0
0
0
0
0
0
0
0
0
0
0
0
0
0
0
0
0
0
0
0
0
0
0
0
0
0
0
0
0
0
0
0
0
0
0
0
0
0
0
0
0
0
0
0
0
0
0
0
0
0
0
0
0
0
0
0
0
0
0
0
0
0
0
0
0
0
0
0
0
0
0
0
0
0
0
0
0
0
0
0
0
0
0
0
0
0
0
0
0
0
0
0
0
0
0
0
0
0
0
0
0
0
0
0
0
0
0
0
0
0
0
0
0
0
0
0
0
0
0
0
0
0
0
0
0
0
0
0
0
0
0
0
0
0
0
0
0
0
0
0
0
0
0
0
0
0
0
0
0
0
0
0
0
0
0
0
0
0
0
0
0
0
0
0
0
0
0
0
0
0
0
0
0
0
0
0
0
0
0
0
0
0
0
0
0
0
0
0
0
0
0
0
0
0
0
0
0
0
0
0
0
0
0
0
0
0
0
0
0
0
0
0
0
0
0
0
0
0
0
0
0
0
0
0
0
0
0
0
0
0
0
0
0
0
0
0
0
0
0
0
0
0
0
0
0
0
0
0
0
0
0
0
0
0
0
0
0
0
0
0
0
0
0
0
0
0
0
0
0
0
0
0
0
0
0
0
0
0
0
0
0
0
0
0
0
0
0
0
0
0
0
0
0
0
0
0
0
0
0
0
0
0
0
0
0
0
0
0
0
0
0
0
0
0
0
0
0
0
0
0
0
0
0
0
0
0
0
0
0
0
0
0
0
0
0
0
0
0
0
0
0
0
0
0
0
0
0
0
0
0
0
0
0
0
0
0
0
0
0
0
0
0
0
0
0
0
0
0
0
0
0
0
0
0
0
0
0
0
0
0
0
0
0
0
0
0
0
0
0
0
0
0
0
0
0
0
0
0
0
0
0
0
0
0
0
0
0
0
0
0
0
0
0
0
0
0
0
0
0
0
0
0
0
0
0
0
0
0
0
0
0
0
0
0
0
0
0
0
0
0
0
0
0
0
0
0
0
0
0
0
0
0
0
0
0
0
0
0
0
0
0
0
0
0
0
0
0
0
0