58
70
65
67
84
58
67
68
65
84
49
56
58
68
65
84
65
32
35
57
48
48
48
48
48
54
57
51
54
0
232
182
192
0
0
0
0
0
16
135
64
0
0
0
0
0
94
183
192
0
0
0
0
0
0
49
192
0
0
0
0
0
103
183
192
0
0
0
0
0
208
135
192
0
0
0
0
0
3
183
192
0
0
0
0
0
28
151
192
0
0
0
0
0
57
182
192
0
0
0
0
0
214
160
192
0
0
0
0
0
17
181
192
0
0
0
0
0
178
165
192
0
0
0
0
0
150
179
192
0
0
0
0
0
16
170
192
0
0
0
0
0
211
177
192
0
0
0
0
0
224
173
192
0
0
0
0
0
174
175
192
0
0
0
0
0
141
176
192
0
0
0
0
0
90
171
192
0
0
0
0
0
224
177
192
0
0
0
0
0
196
166
192
0
0
0
0
0
230
178
192
0
0
0
0
0
0
162
192
0
0
0
0
0
160
179
192
0
0
0
0
0
56
154
192
0
0
0
0
0
14
180
192
0
0
0
0
0
84
144
192
0
0
0
0
0
48
180
192
0
0
0
0
0
176
121
192
0
0
0
0
0
8
180
192
0
0
0
0
0
0
107
64
0
0
0
0
0
149
179
192
0
0
0
0
0
232
137
64
0
0
0
0
0
218
178
192
0
0
0
0
0
44
150
64
0
0
0
0
0
217
177
192
0
0
0
0
0
232
158
64
0
0
0
0
0
148
176
192
0
0
0
0
0
134
163
64
0
0
0
0
0
32
174
192
0
0
0
0
0
58
167
64
0
0
0
0
0
166
170
192
0
0
0
0
0
126
170
64
0
0
0
0
0
204
166
192
0
0
0
0
0
70
173
64
0
0
0
0
0
168
162
192
0
0
0
0
0
136
175
64
0
0
0
0
0
160
156
192
0
0
0
0
0
159
176
64
0
0
0
0
0
176
147
192
0
0
0
0
0
51
177
64
0
0
0
0
0
72
133
192
0
0
0
0
0
129
177
64
0
0
0
0
0
128
90
192
0
0
0
0
0
139
177
64
0
0
0
0
0
176
124
64
0
0
0
0
0
85
177
64
0
0
0
0
0
104
143
64
0
0
0
0
0
227
176
64
0
0
0
0
0
224
151
64
0
0
0
0
0
59
176
64
0
0
0
0
0
164
159
64
0
0
0
0
0
194
174
64
0
0
0
0
0
120
163
64
0
0
0
0
0
174
172
64
0
0
0
0
0
224
166
64
0
0
0
0
0
62
170
64
0
0
0
0
0
2
170
64
0
0
0
0
0
118
167
64
0
0
0
0
0
212
172
64
0
0
0
0
0
84
164
64
0
0
0
0
0
80
175
64
0
0
0
0
0
224
160
64
0
0
0
0
0
179
176
64
0
0
0
0
0
52
154
64
0
0
0
0
0
134
177
64
0
0
0
0
0
28
146
64
0
0
0
0
0
27
178
64
0
0
0
0
0
8
131
64
0
0
0
0
0
105
178
64
0
0
0
0
0
128
64
64
0
0
0
0
0
108
178
64
0
0
0
0
0
112
129
192
0
0
0
0
0
31
178
64
0
0
0
0
0
12
146
192
0
0
0
0
0
130
177
64
0
0
0
0
0
64
155
192
0
0
0
0
0
149
176
64
0
0
0
0
0
18
162
192
0
0
0
0
0
186
174
64
0
0
0
0
0
64
166
192
0
0
0
0
0
190
171
64
0
0
0
0
0
22
170
192
0
0
0
0
0
68
168
64
0
0
0
0
0
128
173
192
0
0
0
0
0
98
164
64
0
0
0
0
0
53
176
192
0
0
0
0
0
44
160
64
0
0
0
0
0
100
177
192
0
0
0
0
0
112
151
64
0
0
0
0
0
73
178
192
0
0
0
0
0
136
140
64
0
0
0
0
0
225
178
192
0
0
0
0
0
192
115
64
0
0
0
0
0
45
179
192
0
0
0
0
0
112
113
192
0
0
0
0
0
46
179
192
0
0
0
0
0
16
139
192
0
0
0
0
0
228
178
192
0
0
0
0
0
116
150
192
0
0
0
0
0
83
178
192
0
0
0
0
0
0
159
192
0
0
0
0
0
125
177
192
0
0
0
0
0
134
163
192
0
0
0
0
0
102
176
192
0
0
0
0
0
66
167
192
0
0
0
0
0
32
174
192
0
0
0
0
0
166
170
192
0
0
0
0
0
2
171
192
0
0
0
0
0
162
173
192
0
0
0
0
0
118
167
192
0
0
0
0
0
23
176
192
0
0
0
0
0
140
163
192
0
0
0
0
0
28
177
192
0
0
0
0
0
160
158
192
0
0
0
0
0
218
177
192
0
0
0
0
0
168
149
192
0
0
0
0
0
77
178
192
0
0
0
0
0
176
136
192
0
0
0
0
0
114
178
192
0
0
0
0
0
64
103
192
0
0
0
0
0
71
178
192
0
0
0
0
0
16
122
64
0
0
0
0
0
207
177
192
0
0
0
0
0
104
143
64
0
0
0
0
0
13
177
192
0
0
0
0
0
124
152
64
0
0
0
0
0
5
176
192
0
0
0
0
0
90
160
64
0
0
0
0
0
128
173
192
0
0
0
0
0
28
164
64
0
0
0
0
0
142
170
192
0
0
0
0
0
112
167
64
0
0
0
0
0
66
167
192
0
0
0
0
0
80
170
64
0
0
0
0
0
180
163
192
0
0
0
0
0
178
172
64
0
0
0
0
0
224
159
192
0
0
0
0
0
152
174
64
0
0
0
0
0
20
152
192
0
0
0
0
0
0
176
64
0
0
0
0
0
28
144
192
0
0
0
0
0
118
176
64
0
0
0
0
0
32
128
192
0
0
0
0
0
174
176
64
0
0
0
0
0
0
8
192
0
0
0
0
0
171
176
64
0
0
0
0
0
112
127
64
0
0
0
0
0
109
176
64
0
0
0
0
0
48
143
64
0
0
0
0
0
236
175
64
0
0
0
0
0
12
151
64
0
0
0
0
0
146
174
64
0
0
0
0
0
44
158
64
0
0
0
0
0
204
172
64
0
0
0
0
0
114
162
64
0
0
0
0
0
156
170
64
0
0
0
0
0
144
165
64
0
0
0
0
0
8
168
64
0
0
0
0
0
96
168
64
0
0
0
0
0
22
165
64
0
0
0
0
0
212
170
64
0
0
0
0
0
204
161
64
0
0
0
0
0
222
172
64
0
0
0
0
0
116
156
64
0
0
0
0
0
114
174
64
0
0
0
0
0
216
148
64
0
0
0
0
0
134
175
64
0
0
0
0
0
208
137
64
0
0
0
0
0
11
176
64
0
0
0
0
0
48
115
64
0
0
0
0
0
16
176
64
0
0
0
0
0
192
106
192
0
0
0
0
0
164
175
64
0
0
0
0
0
168
134
192
0
0
0
0
0
168
174
64
0
0
0
0
0
12
147
192
0
0
0
0
0
52
173
64
0
0
0
0
0
100
154
192
0
0
0
0
0
82
171
64
0
0
0
0
0
162
160
192
0
0
0
0
0
12
169
64
0
0
0
0
0
200
163
192
0
0
0
0
0
108
166
64
0
0
0
0
0
160
166
192
0
0
0
0
0
124
163
64
0
0
0
0
0
32
169
192
0
0
0
0
0
70
160
64
0
0
0
0
0
66
171
192
0
0
0
0
0
168
153
64
0
0
0
0
0
254
172
192
0
0
0
0
0
100
146
64
0
0
0
0
0
82
174
192
0
0
0
0
0
168
133
64
0
0
0
0
0
58
175
192
0
0
0
0
0
96
104
64
0
0
0
0
0
172
175
192
0
0
0
0
0
80
115
192
0
0
0
0
0
166
175
192
0
0
0
0
0
88
137
192
0
0
0
0
0
36
175
192
0
0
0
0
0
96
148
192
0
0
0
0
0
38
174
192
0
0
0
0
0
200
155
192
0
0
0
0
0
170
172
192
0
0
0
0
0
98
161
192
0
0
0
0
0
184
170
192
0
0
0
0
0
154
164
192
0
0
0
0
0
84
168
192
0
0
0
0
0
120
167
192
0
0
0
0
0
138
165
192
0
0
0
0
0
240
169
192
0
0
0
0
0
104
162
192
0
0
0
0
0
244
171
192
0
0
0
0
0
244
157
192
0
0
0
0
0
124
173
192
0
0
0
0
0
172
150
192
0
0
0
0
0
132
174
192
0
0
0
0
0
40
142
192
0
0
0
0
0
8
175
192
0
0
0
0
0
112
125
192
0
0
0
0
0
12
175
192
0
0
0
0
0
0
57
64
0
0
0
0
0
146
174
192
0
0
0
0
0
0
128
64
0
0
0
0
0
160
173
192
0
0
0
0
0
192
142
64
0
0
0
0
0
62
172
192
0
0
0
0
0
100
150
64
0
0
0
0
0
118
170
192
0
0
0
0
0
244
156
64
0
0
0
0
0
78
168
192
0
0
0
0
0
128
161
64
0
0
0
0
0
212
165
192
0
0
0
0
0
56
164
64
0
0
0
0
0
18
163
192
0
0
0
0
0
158
166
64
0
0
0
0
0
16
160
192
0
0
0
0
0
170
168
64
0
0
0
0
0
176
153
192
0
0
0
0
0
82
170
64
0
0
0
0
0
240
146
192
0
0
0
0
0
148
171
64
0
0
0
0
0
224
135
192
0
0
0
0
0
106
172
64
0
0
0
0
0
64
115
192
0
0
0
0
0
208
172
64
0
0
0
0
0
160
98
64
0
0
0
0
0
196
172
64
0
0
0
0
0
208
130
64
0
0
0
0
0
68
172
64
0
0
0
0
0
68
144
64
0
0
0
0
0
82
171
64
0
0
0
0
0
212
150
64
0
0
0
0
0
240
169
64
0
0
0
0
0
244
156
64
0
0
0
0
0
38
168
64
0
0
0
0
0
68
161
64
0
0
0
0
0
252
165
64
0
0
0
0
0
190
163
64
0
0
0
0
0
124
163
64
0
0
0
0
0
220
165
64
0
0
0
0
0
182
160
64
0
0
0
0
0
154
167
64
0
0
0
0
0
108
155
64
0
0
0
0
0
238
168
64
0
0
0
0
0
24
149
64
0
0
0
0
0
218
169
64
0
0
0
0
0
24
141
64
0
0
0
0
0
90
170
64
0
0
0
0
0
144
127
64
0
0
0
0
0
114
170
64
0
0
0
0
0
0
84
64
0
0
0
0
0
38
170
64
0
0
0
0
0
48
117
192
0
0
0
0
0
122
169
64
0
0
0
0
0
72
135
192
0
0
0
0
0
116
168
64
0
0
0
0
0
180
145
192
0
0
0
0
0
24
167
64
0
0
0
0
0
116
151
192
0
0
0
0
0
110
165
64
0
0
0
0
0
204
156
192
0
0
0
0
0
120
163
64
0
0
0
0
0
220
160
192
0
0
0
0
0
62
161
64
0
0
0
0
0
16
163
192
0
0
0
0
0
140
157
64
0
0
0
0
0
0
165
192
0
0
0
0
0
44
152
64
0
0
0
0
0
164
166
192
0
0
0
0
0
108
146
64
0
0
0
0
0
244
167
192
0
0
0
0
0
176
136
64
0
0
0
0
0
234
168
192
0
0
0
0
0
16
120
64
0
0
0
0
0
130
169
192
0
0
0
0
0
0
62
192
0
0
0
0
0
182
169
192
0
0
0
0
0
16
124
192
0
0
0
0
0
128
169
192
0
0
0
0
0
248
138
192
0
0
0
0
0
224
168
192
0
0
0
0
0
196
147
192
0
0
0
0
0
216
167
192
0
0
0
0
0
192
153
192
0
0
0
0
0
106
166
192
0
0
0
0
0
80
159
192
0
0
0
0
0
158
164
192
0
0
0
0
0
44
162
192
0
0
0
0
0
122
162
192
0
0
0
0
0
100
164
192
0
0
0
0
0
12
160
192
0
0
0
0
0
66
166
192
0
0
0
0
0
188
154
192
0
0
0
0
0
194
167
192
0
0
0
0
0
252
148
192
0
0
0
0
0
224
168
192
0
0
0
0
0
240
141
192
0
0
0
0
0
152
169
192
0
0
0
0
0
152
129
192
0
0
0
0
0
236
169
192
0
0
0
0
0
32
100
192
0
0
0
0
0
224
169
192
0
0
0
0
0
0
110
64
0
0
0
0
0
114
169
192
0
0
0
0
0
232
131
64
0
0
0
0
0
166
168
192
0
0
0
0
0
0
144
64
0
0
0
0
0
128
167
192
0
0
0
0
0
216
149
64
0
0
0
0
0
0
166
192
0
0
0
0
0
100
155
64
0
0
0
0
0
44
164
192
0
0
0
0
0
76
160
64
0
0
0
0
0
6
162
192
0
0
0
0
0
176
162
64
0
0
0
0
0
36
159
192
0
0
0
0
0
212
164
64
0
0
0
0
0
176
153
192
0
0
0
0
0
174
166
64
0
0
0
0
0
196
147
192
0
0
0
0
0
50
168
64
0
0
0
0
0
232
138
192
0
0
0
0
0
86
169
64
0
0
0
0
0
112
123
192
0
0
0
0
0
16
170
64
0
0
0
0
0
0
28
192
0
0
0
0
0
94
170
64
0
0
0
0
0
160
122
64
0
0
0
0
0
60
170
64
0
0
0
0
0
168
138
64
0
0
0
0
0
168
169
64
0
0
0
0
0
196
147
64
0
0
0
0
0
168
168
64
0
0
0
0
0
212
153
64
0
0
0
0
0
64
167
64
0
0
0
0
0
108
159
64
0
0
0
0
0
122
165
64
0
0
0
0
0
58
162
64
0
0
0
0
0
98
163
64
0
0
0
0
0
112
164
64
0
0
0
0
0
2
161
64
0
0
0
0
0
82
166
64
0
0
0
0
0
204
156
64
0
0
0
0
0
220
167
64
0
0
0
0
0
44
151
64
0
0
0
0
0
12
169
64
0
0
0
0
0
60
145
64
0
0
0
0
0
224
169
64
0
0
0
0
0
32
134
64
0
0
0
0
0
82
170
64
0
0
0
0
0
240
114
64
0
0
0
0
0
102
170
64
0
0
0
0
0
0
91
192
0
0
0
0
0
26
170
64
0
0
0
0
0
72
128
192
0
0
0
0
0
108
169
64
0
0
0
0
0
24
141
192
0
0
0
0
0
90
168
64
0
0
0
0
0
208
148
192
0
0
0
0
0
228
166
64
0
0
0
0
0
212
154
192
0
0
0
0
0
16
165
64
0
0
0
0
0
64
160
192
0
0
0
0
0
224
162
64
0
0
0
0
0
218
162
192
0
0
0
0
0
94
160
64
0
0
0
0
0
44
165
192
0
0
0
0
0
40
155
64
0
0
0
0
0
38
167
192
0
0
0
0
0
28
149
64
0
0
0
0
0
192
168
192
0
0
0
0
0
104
141
64
0
0
0
0
0
242
169
192
0
0
0
0
0
48
128
64
0
0
0
0
0
180
170
192
0
0
0
0
0
0
86
64
0
0
0
0
0
6
171
192
0
0
0
0
0
48
117
192
0
0
0
0
0
230
170
192
0
0
0
0
0
168
135
192
0
0
0
0
0
90
170
192
0
0
0
0
0
32
146
192
0
0
0
0
0
102
169
192
0
0
0
0
0
20
152
192
0
0
0
0
0
20
168
192
0
0
0
0
0
168
157
192
0
0
0
0
0
102
166
192
0
0
0
0
0
96
161
192
0
0
0
0
0
104
164
192
0
0
0
0
0
172
163
192
0
0
0
0
0
30
162
192
0
0
0
0
0
174
165
192
0
0
0
0
0
40
159
192
0
0
0
0
0
96
167
192
0
0
0
0
0
152
153
192
0
0
0
0
0
192
168
192
0
0
0
0
0
164
147
192
0
0
0
0
0
194
169
192
0
0
0
0
0
176
138
192
0
0
0
0
0
102
170
192
0
0
0
0
0
64
123
192
0
0
0
0
0
164
170
192
0
0
0
0
0
0
28
192
0
0
0
0
0
120
170
192
0
0
0
0
0
128
122
64
0
0
0
0
0
224
169
192
0
0
0
0
0
160
138
64
0
0
0
0
0
224
168
192
0
0
0
0
0
208
147
64
0
0
0
0
0
120
167
192
0
0
0
0
0
8
154
64
0
0
0
0
0
174
165
192
0
0
0
0
0
216
159
64
0
0
0
0
0
140
163
192
0
0
0
0
0
148
162
64
0
0
0
0
0
26
161
192
0
0
0
0
0
240
164
64
0
0
0
0
0
200
156
192
0
0
0
0
0
246
166
64
0
0
0
0
0
240
150
192
0
0
0
0
0
160
168
64
0
0
0
0
0
184
144
192
0
0
0
0
0
234
169
64
0
0
0
0
0
136
132
192
0
0
0
0
0
206
170
64
0
0
0
0
0
0
109
192
0
0
0
0
0
76
171
64
0
0
0
0
0
160
104
64
0
0
0
0
0
98
171
64
0
0
0
0
0
136
131
64
0
0
0
0
0
14
171
64
0
0
0
0
0
92
144
64
0
0
0
0
0
84
170
64
0
0
0
0
0
192
150
64
0
0
0
0
0
52
169
64
0
0
0
0
0
224
156
64
0
0
0
0
0
176
167
64
0
0
0
0
0
80
161
64
0
0
0
0
0
204
165
64
0
0
0
0
0
246
163
64
0
0
0
0
0
140
163
64
0
0
0
0
0
84
166
64
0
0
0
0
0
250
160
64
0
0
0
0
0
96
168
64
0
0
0
0
0
56
156
64
0
0
0
0
0
14
170
64
0
0
0
0
0
248
149
64
0
0
0
0
0
88
171
64
0
0
0
0
0
168
142
64
0
0
0
0
0
52
172
64
0
0
0
0
0
192
128
64
0
0
0
0
0
158
172
64
0
0
0
0
0
192
83
64
0
0
0
0
0
148
172
64
0
0
0
0
0
224
119
192
0
0
0
0
0
22
172
64
0
0
0
0
0
64
138
192
0
0
0
0
0
36
171
64
0
0
0
0
0
24
148
192
0
0
0
0
0
196
169
64
0
0
0
0
0
196
154
192
0
0
0
0
0
250
167
64
0
0
0
0
0
132
160
192
0
0
0
0
0
206
165
64
0
0
0
0
0
104
163
192
0
0
0
0
0
74
163
64
0
0
0
0
0
0
166
192
0
0
0
0
0
120
160
64
0
0
0
0
0
66
168
192
0
0
0
0
0
196
154
64
0
0
0
0
0
38
170
192
0
0
0
0
0
44
148
64
0
0
0
0
0
166
171
192
0
0
0
0
0
120
138
64
0
0
0
0
0
186
172
192
0
0
0
0
0
64
120
64
0
0
0
0
0
94
173
192
0
0
0
0
0
128
83
192
0
0
0
0
0
142
173
192
0
0
0
0
0
16
129
192
0
0
0
0
0
76
173
192
0
0
0
0
0
112
143
192
0
0
0
0
0
148
172
192
0
0
0
0
0
180
150
192
0
0
0
0
0
108
171
192
0
0
0
0
0
96
157
192
0
0
0
0
0
214
169
192
0
0
0
0
0
204
161
192
0
0
0
0
0
216
167
192
0
0
0
0
0
166
164
192
0
0
0
0
0
124
165
192
0
0
0
0
0
48
167
192
0
0
0
0
0
200
162
192
0
0
0
0
0
96
169
192
0
0
0
0
0
148
159
192
0
0
0
0
0
48
171
192
0
0
0
0
0
20
153
192
0
0
0
0
0
150
172
192
0
0
0
0
0
48
146
192
0
0
0
0
0
144
173
192
0
0
0
0
0
0
134
192
0
0
0
0
0
22
174
192
0
0
0
0
0
0
109
192
0
0
0
0
0
40
174
192
0
0
0
0
0
224
110
64
0
0
0
0
0
196
173
192
0
0
0
0
0
152
134
64
0
0
0
0
0
234
172
192
0
0
0
0
0
156
146
64
0
0
0
0
0
158
171
192
0
0
0
0
0
172
153
64
0
0
0
0
0
226
169
192
0
0
0
0
0
50
160
64
0
0
0
0
0
190
167
192
0
0
0
0
0
80
163
64
0
0
0
0
0
56
165
192
0
0
0
0
0
38
166
64
0
0
0
0
0
88
162
192
0
0
0
0
0
166
168
64
0
0
0
0
0
88
158
192
0
0
0
0
0
198
170
64
0
0
0
0
0
124
151
192
0
0
0
0
0
124
172
64
0
0
0
0
0
60
144
192
0
0
0
0
0
192
173
64
0
0
0
0
0
104
129
192
0
0
0
0
0
142
174
64
0
0
0
0
0
128
80
192
0
0
0
0
0
224
174
64
0
0
0
0
0
160
122
64
0
0
0
0
0
186
174
64
0
0
0
0
0
136
140
64
0
0
0
0
0
28
174
64
0
0
0
0
0
172
149
64
0
0
0
0
0
8
173
64
0
0
0
0
0
196
156
64
0
0
0
0
0
132
171
64
0
0
0
0
0
186
161
64
0
0
0
0
0
148
169
64
0
0
0
0
0
208
164
64
0
0
0
0
0
68
167
64
0
0
0
0
0
158
167
64
0
0
0
0
0
152
164
64
0
0
0
0
0
22
170
64
0
0
0
0
0
156
161
64
0
0
0
0
0
48
172
64
0
0
0
0
0
172
156
64
0
0
0
0
0
228
173
64
0
0
0
0
0
160
149
64
0
0
0
0
0
40
175
64
0
0
0
0
0
96
140
64
0
0
0
0
0
248
175
64
0
0
0
0
0
192
121
64
0
0
0
0
0
37
176
64
0
0
0
0
0
0
88
192
0
0
0
0
0
13
176
64
0
0
0
0
0
0
131
192
0
0
0
0
0
106
175
64
0
0
0
0
0
116
145
192
0
0
0
0
0
52
174
64
0
0
0
0
0
56
153
192
0
0
0
0
0
126
172
64
0
0
0
0
0
86
160
192
0
0
0
0
0
76
170
64
0
0
0
0
0
210
163
192
0
0
0
0
0
170
167
64
0
0
0
0
0
2
167
192
0
0
0
0
0
162
164
64
0
0
0
0
0
214
169
192
0
0
0
0
0
66
161
64
0
0
0
0
0
66
172
192
0
0
0
0
0
48
155
64
0
0
0
0
0
60
174
192
0
0
0
0
0
108
147
64
0
0
0
0
0
186
175
192
0
0
0
0
0
184
134
64
0
0
0
0
0
91
176
192
0
0
0
0
0
0
105
64
0
0
0
0
0
152
176
192
0
0
0
0
0
144
116
192
0
0
0
0
0
147
176
192
0
0
0
0
0
152
138
192
0
0
0
0
0
78
176
192
0
0
0
0
0
60
149
192
0
0
0
0
0
146
175
192
0
0
0
0
0
216
156
192
0
0
0
0
0
14
174
192
0
0
0
0
0
2
162
192
0
0
0
0
0
24
172
192
0
0
0
0
0
84
165
192
0
0
0
0
0
180
169
192
0
0
0
0
0
82
168
192
0
0
0
0
0
236
166
192
0
0
0
0
0
244
170
192
0
0
0
0
0
200
163
192
0
0
0
0
0
48
173
192
0
0
0
0
0
84
160
192
0
0
0
0
0
248
174
192
0
0
0
0
0
60
153
192
0
0
0
0
0
35
176
192
0
0
0
0
0
100
145
192
0
0
0
0
0
138
176
192
0
0
0
0
0
128
130
192
0
0
0
0
0
173
176
192
0
0
0
0
0
0
78
192
0
0
0
0
0
141
176
192
0
0
0
0
0
160
125
64
0
0
0
0
0
41
176
192
0
0
0
0
0
64
143
64
0
0
0
0
0
6
175
192
0
0
0
0
0
144
151
64
0
0
0
0
0
62
173
192
0
0
0
0
0
32
159
64
0
0
0
0
0
0
171
192
0
0
0
0
0
20
163
64
0
0
0
0
0
90
168
192
0
0
0
0
0
70
166
64
0
0
0
0
0
86
165
192
0
0
0
0
0
28
169
64
0
0
0
0
0
2
162
192
0
0
0
0
0
138
171
64
0
0
0
0
0
220
156
192
0
0
0
0
0
138
173
64
0
0
0
0
0
76
149
192
0
0
0
0
0
20
175
64
0
0
0
0
0
240
138
192
0
0
0
0
0
19
176
64
0
0
0
0
0
224
117
192
0
0
0
0
0
94
176
64
0
0
0
0
0
224
100
64
0
0
0
0
0
107
176
64
0
0
0
0
0
72
133
64
0
0
0
0
0
58
176
64
0
0
0
0
0
132
146
64
0
0
0
0
0
148
175
64
0
0
0
0
0
32
154
64
0
0
0
0
0
62
174
64
0
0
0
0
0
176
160
64
0
0
0
0
0
114
172
64
0
0
0
0
0
20
164
64
0
0
0
0
0
54
170
64
0
0
0
0
0
46
167
64
0
0
0
0
0
144
167
64
0
0
0
0
0
240
169
64
0
0
0
0
0
138
164
64
0
0
0
0
0
80
172
64
0
0
0
0
0
46
161
64
0
0
0
0
0
66
174
64
0
0
0
0
0
16
155
64
0
0
0
0
0
188
175
64
0
0
0
0
0
76
147
64
0
0
0
0
0
91
176
64
0
0
0
0
0
96
134
64
0
0
0
0
0
151
176
64
0
0
0
0
0
32
103
64
0
0
0
0
0
142
176
64
0
0
0
0
0
224
117
192
0
0
0
0
0
67
176
64
0
0
0
0
0
128
139
192
0
0
0
0
0
110
175
64
0
0
0
0
0
204
149
192
0
0
0
0
0
216
173
64
0
0
0
0
0
124
157
192
0
0
0
0
0
204
171
64
0
0
0
0
0
90
162
192
0
0
0
0
0
86
169
64
0
0
0
0
0
170
165
192
0
0
0
0
0
126
166
64
0
0
0
0
0
164
168
192
0
0
0
0
0
80
163
64
0
0
0
0
0
64
171
192
0
0
0
0
0
176
159
64
0
0
0
0
0
114
173
192
0
0
0
0
0
68
152
64
0
0
0
0
0
52
175
192
0
0
0
0
0
120
144
64
0
0
0
0
0
65
176
192
0
0
0
0
0
192
128
64
0
0
0
0
0
170
176
192
0
0
0
0
0
0
34
64
0
0
0
0
0
211
176
192
0
0
0
0
0
88
128
192
0
0
0
0
0
189
176
192
0
0
0
0
0
108
144
192
0
0
0
0
0
101
176
192
0
0
0
0
0
124
152
192
0
0
0
0
0
154
175
192
0
0
0
0
0
30
160
192
0
0
0
0
0
232
173
192
0
0
0
0
0
196
163
192
0
0
0
0
0
190
171
192
0
0
0
0
0
34
167
192
0
0
0
0
0
32
169
192
0
0
0
0
0
40
170
192
0
0
0
0
0
24
166
192
0
0
0
0
0
198
172
192
0
0
0
0
0
178
162
192
0
0
0
0
0
240
174
192
0
0
0
0
0
252
157
192
0
0
0
0
0
79
176
192
0
0
0
0
0
16
150
192
0
0
0
0
0
228
176
192
0
0
0
0
0
152
139
192
0
0
0
0
0
51
177
192
0
0
0
0
0
48
117
192
0
0
0
0
0
60
177
192
0
0
0
0
0
32
106
64
0
0
0
0
0
255
176
192
0
0
0
0
0
136
135
64
0
0
0
0
0
126
176
192
0
0
0
0
0
12
148
64
0
0
0
0
0
118
175
192
0
0
0
0
0
4
156
64
0
0
0
0
0
118
173
192
0
0
0
0
0
192
161
64
0
0
0
0
0
2
171
192
0
0
0
0
0
56
165
64
0
0
0
0
0
38
168
192
0
0
0
0
0
88
168
64
0
0
0
0
0
236
164
192
0
0
0
0
0
24
171
64
0
0
0
0
0
100
161
192
0
0
0
0
0
108
173
64
0
0
0
0
0
48
155
192
0
0
0
0
0
74
175
64
0
0
0
0
0
48
147
192
0
0
0
0
0
88
176
64
0
0
0
0
0
208
133
192
0
0
0
0
0
202
176
64
0
0
0
0
0
192
99
192
0
0
0
0
0
249
176
64
0
0
0
0
0
0
120
64
0
0
0
0
0
229
176
64
0
0
0
0
0
176
140
64
0
0
0
0
0
141
176
64
0
0
0
0
0
116
150
64
0
0
0
0
0
228
175
64
0
0
0
0
0
44
158
64
0
0
0
0
0
48
174
64
0
0
0
0
0
176
162
64
0
0
0
0
0
6
172
64
0
0
0
0
0
250
165
64
0
0
0
0
0
106
169
64
0
0
0
0
0
230
168
64
0
0
0
0
0
110
166
64
0
0
0
0
0
104
171
64
0
0
0
0
0
28
163
64
0
0
0
0
0
118
173
64
0
0
0
0
0
8
159
64
0
0
0
0
0
12
175
64
0
0
0
0
0
104
151
64
0
0
0
0
0
17
176
64
0
0
0
0
0
248
142
64
0
0
0
0
0
91
176
64
0
0
0
0
0
144
125
64
0
0
0
0
0
101
176
64
0
0
0
0
0
128
71
192
0
0
0
0
0
46
176
64
0
0
0
0
0
152
129
192
0
0
0
0
0
112
175
64
0
0
0
0
0
172
144
192
0
0
0
0
0
14
174
64
0
0
0
0
0
56
152
192
0
0
0
0
0
56
172
64
0
0
0
0
0
92
159
192
0
0
0
0
0
250
169
64
0
0
0
0
0
254
162
192
0
0
0
0
0
88
167
64
0
0
0
0
0
0
166
192
0
0
0
0
0
96
164
64
0
0
0
0
0
168
168
192
0
0
0
0
0
28
161
64
0
0
0
0
0
238
170
192
0
0
0
0
0
48
155
64
0
0
0
0
0
198
172
192
0
0
0
0
0
200
147
64
0
0
0
0
0
44
174
192
0
0
0
0
0
48
136
64
0
0
0
0
0
26
175
192
0
0
0
0
0
16
113
64
0
0
0
0
0
138
175
192
0
0
0
0
0
192
108
192
0
0
0
0
0
126
175
192
0
0
0
0
0
192
134
192
0
0
0
0
0
246
174
192
0
0
0
0
0
236
146
192
0
0
0
0
0
242
173
192
0
0
0
0
0
36
154
192
0
0
0
0
0
122
172
192
0
0
0
0
0
116
160
192
0
0
0
0
0
148
170
192
0
0
0
0
0
146
163
192
0
0
0
0
0
70
168
192
0
0
0
0
0
94
166
192
0
0
0
0
0
158
165
192
0
0
0
0
0
206
168
192
0
0
0
0
0
164
162
192
0
0
0
0
0
220
170
192
0
0
0
0
0
204
158
192
0
0
0
0
0
126
172
192
0
0
0
0
0
220
151
192
0
0
0
0
0
176
173
192
0
0
0
0
0
152
144
192
0
0
0
0
0
110
174
192
0
0
0
0
0
56
130
192
0
0
0
0
0
180
174
192
0
0
0
0
0
64
88
192
0
0
0
0
0
132
174
192
0
0
0
0
0
96
120
64
0
0
0
0
0
222
173
192
0
0
0
0
0
40
139
64
0
0
0
0
0
196
172
192
0
0
0
0
0
220
148
64
0
0
0
0
0
58
171
192
0
0
0
0
0
204
155
64
0
0
0
0
0
70
169
192
0
0
0
0
0
40
161
64
0
0
0
0
0
242
166
192
0
0
0
0
0
38
164
64
0
0
0
0
0
66
164
192
0
0
0
0
0
214
166
64
0
0
0
0
0
68
161
192
0
0
0
0
0
44
169
64
0
0
0
0
0
4
156
192
0
0
0
0
0
30
171
64
0
0
0
0
0
20
149
192
0
0
0
0
0
166
172
64
0
0
0
0
0
160
139
192
0
0
0
0
0
190
173
64
0
0
0
0
0
80
121
192
0
0
0
0
0
96
174
64
0
0
0
0
0
64
84
64
0
0
0
0
0
140
174
64
0
0
0
0
0
176
129
64
0
0
0
0
0
64
174
64
0
0
0
0
0
0
0
0
0
0
0
0
0
0
0
0
0
0
0
0
0
0
0
0
0
0
0
0
0
0
0
0
0
0
0
0
0
0
0
0
0
0
0
0
0
0
0
0
0
0
0
0
0
0
0
0
0
0
0
0
0
0
0
0
0
0
0
0
0
0
0
0
0
0
0
0
0
0
0
0
0
0
0
0
0
0
0
0
0
0
0
0
0
0
0
0
0
0
0
0
0
0
0
0
0
0
0
0
0
0
0
0
0
0
0
0
0
0
0
0
0
0
0
0
0
0
0
0
0
0
0
0
0
0
0
0
0
0
0
0
0
0
0
0
0
0
0
0
0
0
0
0
0
0
0
0
0
0
0
0
0
0
0
0
0
0
0
0
0
0
0
0
0
0
0
0
0
0
0
0
0
0
0
0
0
0
0
0
0
0
0
0
0
0
0
0
0
0
0
0
0
0
0
0
0
0
0
0
0
0
0
0
0
0
0
0
0
0
0
0
0
0
0
0
0
0
0
0
0
0
0
0
0
0
0
0
0
0
0
0
0
0
0
0
0
0
0
0
0
0
0
0
0
0
0
0
0
0
0
0
0
0
0
0
0
0
0
0
0
0
0
0
0
0
0
0
0
0
0
0
0
0
0
0
0
0
0
0
0
0
0
0
0
0
0
0
0
0
0
0
0
0
0
0
0
0
0
0
0
0
0
0
0
0
0
0
0
0
0
0
0
0
0
0
0
0
0
0
0
0
0
0
0
0
0
0
0
0
0
0
0
0
0
0
0
0
0
0
0
0
0
0
0
0
0
0
0
0
0
0
0
0
0
0
0
0
0
0
0
0
0
0
0
0
0
0
0
0
0
0
0
0
0
0
0
0
0
0
0
0
0
0
0
0
0
0
0
0
0
0
0
0
0
0
0
0
0
0
0
0
0
0
0
0
0
0
0
0
0
0
0
0
0
0
0
0
0
0
0
0
0
0
0
0
0
0
0
0
0
0
0
0
0
0
0
0
0
0
0
0
0
0
0
0
0
0
0
0
0
0
0
0
0
0
0
0
0
0
0
0
0
0
0
0
0
0
0
0
0
0
0
0
0
0
0
0
0
0
0
0
0
0
0
0
0
0
0
0
0
0
0
0
0
0
0
0
0
0
0
0
0
0
0
0
0
0
0
0
0
0
0
0
0
0
0
0
0
0
0
0
0
0
0
0
0
0
0
0
0
0
0
0
0
0
0
0
0
0
0
0
0
0
0
0
0
0
0
0
0
0
0
0
0
0
0
0
0
0
0
0
0
0
0
0
0
0
0
0
0
0
0
0
0
0
0
0
0
0
0
0
0
0
0
0
0
0
0
0
0
0
0
0
0
0
0
0
0
0
0
0
0
0
0
0
0
0
0
0
0
0
0
0
0
0
0
0
0
0
0
0
0
0
0
0
0
0
0
0
0
0
0
0
0
0
0
0
0
0
0
0
0
0
0
0
0
0
0
0
0
0
0
0
0
0
0
0
0
0
0
0
0
0
0
0
0
0
0
0
0
0
0
0
0
0
0
0
0
0
0
0
0
0
0
0
0
0
0
0
0
0
0
0
0
0
0
0
0
0
0
0
0
0
0
0
0
0
0
0
0
0
0
0
0
0
0
0
0
0
0
0
0
0
0
0
0
0
0
0
0
0
0
0
0
0
0
0
0
0
0
0
0
0
0
0
0
0
0
0
0
0
0
0
0
0
0
0
0
0
0
0
0
0
0
0
0
0
0
0
0
0
0
0
0
0
0
0
0
0
0
0
0
0
0
0
0
0
0
0
0
0
0
0
0
0
0
0
0
0
0
0
0
0
0
0
0
0
0
0
0
0
0
0
0
0
0
0
0
0
0
0
0
0
0
0
0
0
0
0
0
0
0
0
0
0
0
0
0
0
0
0
0
0
0
0
0
0
0
0
0
0
0
0
0
0
0
0
0
0
0
0
0
0
0
0
0
0
0
0
0
0
0
0
0
0
0
0
0
0
0
0
0
0
0
0
0
0
0
0
0
0
0
0
0
0
0
0
0
0
0
0
0
0
0
0
0
0
0
0
0
0
0
0
0
0
0
0
0
0
0
0
0
0
0
0
0
0
0
0
0
0
0
0
0
0
0
0
0
0
0
0
0
0
0
0
0
0
0
0
0
0
0
0
0
0
0
0
0
0
0
0
0
0
0
0
0
0
0
0
0
0
0
0
0
0
0
0
0
0
0
0
0
0
0
0
0
0
0
0
0
0
0
0
0
0
0
0
0
0
0
0
0
0
0
0
0
0
0
0
0
0
0
0
0
0
0
0
0
0
0
0
0
0
0
0
0
0
0
0
0
0
0
0
0
0
0
0
0
0
0
0
0
0
0
0
0
0
0
0
0
0
0
0
0
0
0
0
0
0
0
0
0
0
0
0
0
0
0
0
0
0
0
0
0
0
0
0
0
0
0
0
0
0
0
0
0
0
0
0
0
0
0
0
0
0
0
0
0
0
0
0
0
0
0
0
0
0
0
0
0
0
0
0
0
0
0
0
0
0
0
0
0
0
0
0
0
0
0
0
0
0
0
0
0
0
0
0
0
0
0
0
0
0
0
0
0
0
0
0
0
0
0
0
0
0
0
0
0
0
0
0
0
0
0
0
0
0
0
0
0
0
0
0
0
0
0
0
0
0
0
0
0
0
0
0
0
0
0
0
0
0
0
0
0
0
0
0
0
0
0
0
0
0
0
0
0
0
0
0
0
0
0
0
0
0
0
0
0
0
0
0
0