58
70
65
67
84
58
67
68
65
84
49
56
58
68
65
84
65
32
35
57
48
48
48
48
48
54
57
51
54
0
72
144
64
0
0
0
0
0
122
173
64
0
0
0
0
0
124
151
64
0
0
0
0
0
66
172
64
0
0
0
0
0
84
158
64
0
0
0
0
0
152
170
64
0
0
0
0
0
90
162
64
0
0
0
0
0
132
168
64
0
0
0
0
0
66
165
64
0
0
0
0
0
16
166
64
0
0
0
0
0
214
167
64
0
0
0
0
0
66
163
64
0
0
0
0
0
10
170
64
0
0
0
0
0
42
160
64
0
0
0
0
0
216
171
64
0
0
0
0
0
160
153
64
0
0
0
0
0
56
173
64
0
0
0
0
0
132
146
64
0
0
0
0
0
36
174
64
0
0
0
0
0
72
134
64
0
0
0
0
0
154
174
64
0
0
0
0
0
160
108
64
0
0
0
0
0
150
174
64
0
0
0
0
0
32
112
192
0
0
0
0
0
26
174
64
0
0
0
0
0
48
135
192
0
0
0
0
0
40
173
64
0
0
0
0
0
248
146
192
0
0
0
0
0
196
171
64
0
0
0
0
0
16
154
192
0
0
0
0
0
244
169
64
0
0
0
0
0
98
160
192
0
0
0
0
0
190
167
64
0
0
0
0
0
126
163
192
0
0
0
0
0
40
165
64
0
0
0
0
0
78
166
192
0
0
0
0
0
64
162
64
0
0
0
0
0
202
168
192
0
0
0
0
0
28
158
64
0
0
0
0
0
228
170
192
0
0
0
0
0
60
151
64
0
0
0
0
0
152
172
192
0
0
0
0
0
248
143
64
0
0
0
0
0
218
173
192
0
0
0
0
0
232
128
64
0
0
0
0
0
168
174
192
0
0
0
0
0
128
73
64
0
0
0
0
0
252
174
192
0
0
0
0
0
160
123
192
0
0
0
0
0
212
174
192
0
0
0
0
0
8
141
192
0
0
0
0
0
50
174
192
0
0
0
0
0
232
149
192
0
0
0
0
0
22
173
192
0
0
0
0
0
248
156
192
0
0
0
0
0
134
171
192
0
0
0
0
0
202
161
192
0
0
0
0
0
136
169
192
0
0
0
0
0
210
164
192
0
0
0
0
0
36
167
192
0
0
0
0
0
136
167
192
0
0
0
0
0
100
164
192
0
0
0
0
0
224
169
192
0
0
0
0
0
82
161
192
0
0
0
0
0
210
171
192
0
0
0
0
0
248
155
192
0
0
0
0
0
86
173
192
0
0
0
0
0
224
148
192
0
0
0
0
0
104
174
192
0
0
0
0
0
224
138
192
0
0
0
0
0
2
175
192
0
0
0
0
0
64
119
192
0
0
0
0
0
32
175
192
0
0
0
0
0
128
94
64
0
0
0
0
0
198
174
192
0
0
0
0
0
56
131
64
0
0
0
0
0
242
173
192
0
0
0
0
0
40
145
64
0
0
0
0
0
170
172
192
0
0
0
0
0
116
152
64
0
0
0
0
0
240
170
192
0
0
0
0
0
100
159
64
0
0
0
0
0
202
168
192
0
0
0
0
0
234
162
64
0
0
0
0
0
68
166
192
0
0
0
0
0
218
165
64
0
0
0
0
0
100
163
192
0
0
0
0
0
116
168
64
0
0
0
0
0
54
160
192
0
0
0
0
0
172
170
64
0
0
0
0
0
144
153
192
0
0
0
0
0
124
172
64
0
0
0
0
0
76
146
192
0
0
0
0
0
220
173
64
0
0
0
0
0
128
133
192
0
0
0
0
0
196
174
64
0
0
0
0
0
96
104
192
0
0
0
0
0
50
175
64
0
0
0
0
0
224
114
64
0
0
0
0
0
36
175
64
0
0
0
0
0
208
136
64
0
0
0
0
0
154
174
64
0
0
0
0
0
228
147
64
0
0
0
0
0
152
173
64
0
0
0
0
0
20
155
64
0
0
0
0
0
32
172
64
0
0
0
0
0
236
160
64
0
0
0
0
0
58
170
64
0
0
0
0
0
10
164
64
0
0
0
0
0
238
167
64
0
0
0
0
0
218
166
64
0
0
0
0
0
66
165
64
0
0
0
0
0
80
169
64
0
0
0
0
0
68
162
64
0
0
0
0
0
100
171
64
0
0
0
0
0
252
157
64
0
0
0
0
0
12
173
64
0
0
0
0
0
252
150
64
0
0
0
0
0
66
174
64
0
0
0
0
0
56
143
64
0
0
0
0
0
2
175
64
0
0
0
0
0
0
128
64
0
0
0
0
0
74
175
64
0
0
0
0
0
0
49
64
0
0
0
0
0
22
175
64
0
0
0
0
0
240
125
192
0
0
0
0
0
104
174
64
0
0
0
0
0
72
142
192
0
0
0
0
0
64
173
64
0
0
0
0
0
144
150
192
0
0
0
0
0
166
171
64
0
0
0
0
0
168
157
192
0
0
0
0
0
158
169
64
0
0
0
0
0
38
162
192
0
0
0
0
0
46
167
64
0
0
0
0
0
52
165
192
0
0
0
0
0
100
164
64
0
0
0
0
0
236
167
192
0
0
0
0
0
70
161
64
0
0
0
0
0
72
170
192
0
0
0
0
0
200
155
64
0
0
0
0
0
60
172
192
0
0
0
0
0
148
148
64
0
0
0
0
0
192
173
192
0
0
0
0
0
24
138
64
0
0
0
0
0
208
174
192
0
0
0
0
0
48
117
64
0
0
0
0
0
104
175
192
0
0
0
0
0
64
100
192
0
0
0
0
0
132
175
192
0
0
0
0
0
176
132
192
0
0
0
0
0
36
175
192
0
0
0
0
0
0
146
192
0
0
0
0
0
72
174
192
0
0
0
0
0
100
153
192
0
0
0
0
0
248
172
192
0
0
0
0
0
54
160
192
0
0
0
0
0
52
171
192
0
0
0
0
0
124
163
192
0
0
0
0
0
6
169
192
0
0
0
0
0
118
166
192
0
0
0
0
0
114
166
192
0
0
0
0
0
28
169
192
0
0
0
0
0
134
163
192
0
0
0
0
0
98
171
192
0
0
0
0
0
74
160
192
0
0
0
0
0
62
173
192
0
0
0
0
0
152
153
192
0
0
0
0
0
168
174
192
0
0
0
0
0
48
146
192
0
0
0
0
0
154
175
192
0
0
0
0
0
240
132
192
0
0
0
0
0
8
176
192
0
0
0
0
0
128
100
192
0
0
0
0
0
4
176
192
0
0
0
0
0
176
117
64
0
0
0
0
0
126
175
192
0
0
0
0
0
176
138
64
0
0
0
0
0
120
174
192
0
0
0
0
0
20
149
64
0
0
0
0
0
248
172
192
0
0
0
0
0
136
156
64
0
0
0
0
0
4
171
192
0
0
0
0
0
198
161
64
0
0
0
0
0
164
168
192
0
0
0
0
0
4
165
64
0
0
0
0
0
224
165
192
0
0
0
0
0
242
167
64
0
0
0
0
0
196
162
192
0
0
0
0
0
130
170
64
0
0
0
0
0
184
158
192
0
0
0
0
0
172
172
64
0
0
0
0
0
104
151
192
0
0
0
0
0
104
174
64
0
0
0
0
0
112
143
192
0
0
0
0
0
172
175
64
0
0
0
0
0
32
127
192
0
0
0
0
0
58
176
64
0
0
0
0
0
0
52
64
0
0
0
0
0
95
176
64
0
0
0
0
0
216
128
64
0
0
0
0
0
68
176
64
0
0
0
0
0
108
144
64
0
0
0
0
0
212
175
64
0
0
0
0
0
56
152
64
0
0
0
0
0
160
174
64
0
0
0
0
0
168
159
64
0
0
0
0
0
244
172
64
0
0
0
0
0
84
163
64
0
0
0
0
0
214
170
64
0
0
0
0
0
140
166
64
0
0
0
0
0
76
168
64
0
0
0
0
0
110
169
64
0
0
0
0
0
94
165
64
0
0
0
0
0
242
171
64
0
0
0
0
0
26
162
64
0
0
0
0
0
10
174
64
0
0
0
0
0
20
157
64
0
0
0
0
0
176
175
64
0
0
0
0
0
116
149
64
0
0
0
0
0
109
176
64
0
0
0
0
0
240
138
64
0
0
0
0
0
193
176
64
0
0
0
0
0
224
116
64
0
0
0
0
0
211
176
64
0
0
0
0
0
32
105
192
0
0
0
0
0
162
176
64
0
0
0
0
0
0
135
192
0
0
0
0
0
47
176
64
0
0
0
0
0
184
147
192
0
0
0
0
0
244
174
64
0
0
0
0
0
172
155
192
0
0
0
0
0
12
173
64
0
0
0
0
0
154
161
192
0
0
0
0
0
174
170
64
0
0
0
0
0
28
165
192
0
0
0
0
0
226
167
64
0
0
0
0
0
76
168
192
0
0
0
0
0
182
164
64
0
0
0
0
0
28
171
192
0
0
0
0
0
54
161
64
0
0
0
0
0
128
173
192
0
0
0
0
0
220
154
64
0
0
0
0
0
112
175
192
0
0
0
0
0
224
146
64
0
0
0
0
0
113
176
192
0
0
0
0
0
40
133
64
0
0
0
0
0
233
176
192
0
0
0
0
0
0
97
64
0
0
0
0
0
30
177
192
0
0
0
0
0
128
121
192
0
0
0
0
0
15
177
192
0
0
0
0
0
152
141
192
0
0
0
0
0
188
176
192
0
0
0
0
0
252
150
192
0
0
0
0
0
40
176
192
0
0
0
0
0
208
158
192
0
0
0
0
0
168
174
192
0
0
0
0
0
24
163
192
0
0
0
0
0
134
172
192
0
0
0
0
0
126
166
192
0
0
0
0
0
244
169
192
0
0
0
0
0
142
169
192
0
0
0
0
0
252
166
192
0
0
0
0
0
56
172
192
0
0
0
0
0
168
163
192
0
0
0
0
0
118
174
192
0
0
0
0
0
4
160
192
0
0
0
0
0
30
176
192
0
0
0
0
0
64
152
192
0
0
0
0
0
194
176
192
0
0
0
0
0
24
144
192
0
0
0
0
0
36
177
192
0
0
0
0
0
176
126
192
0
0
0
0
0
67
177
192
0
0
0
0
0
128
76
64
0
0
0
0
0
30
177
192
0
0
0
0
0
232
130
64
0
0
0
0
0
181
176
192
0
0
0
0
0
228
145
64
0
0
0
0
0
10
176
192
0
0
0
0
0
16
154
64
0
0
0
0
0
62
174
192
0
0
0
0
0
236
160
64
0
0
0
0
0
238
171
192
0
0
0
0
0
144
164
64
0
0
0
0
0
48
169
192
0
0
0
0
0
228
167
64
0
0
0
0
0
14
166
192
0
0
0
0
0
220
170
64
0
0
0
0
0
146
162
192
0
0
0
0
0
106
173
64
0
0
0
0
0
148
157
192
0
0
0
0
0
134
175
64
0
0
0
0
0
144
149
192
0
0
0
0
0
147
176
64
0
0
0
0
0
96
138
192
0
0
0
0
0
34
177
64
0
0
0
0
0
96
114
192
0
0
0
0
0
109
177
64
0
0
0
0
0
96
112
64
0
0
0
0
0
116
177
64
0
0
0
0
0
120
137
64
0
0
0
0
0
54
177
64
0
0
0
0
0
48
149
64
0
0
0
0
0
180
176
64
0
0
0
0
0
84
157
64
0
0
0
0
0
224
175
64
0
0
0
0
0
134
162
64
0
0
0
0
0
216
173
64
0
0
0
0
0
26
166
64
0
0
0
0
0
88
171
64
0
0
0
0
0
88
169
64
0
0
0
0
0
108
168
64
0
0
0
0
0
52
172
64
0
0
0
0
0
30
165
64
0
0
0
0
0
162
174
64
0
0
0
0
0
122
161
64
0
0
0
0
0
75
176
64
0
0
0
0
0
28
155
64
0
0
0
0
0
6
177
64
0
0
0
0
0
216
146
64
0
0
0
0
0
125
177
64
0
0
0
0
0
136
132
64
0
0
0
0
0
175
177
64
0
0
0
0
0
64
88
64
0
0
0
0
0
154
177
64
0
0
0
0
0
16
125
192
0
0
0
0
0
64
177
64
0
0
0
0
0
232
143
192
0
0
0
0
0
161
176
64
0
0
0
0
0
100
152
192
0
0
0
0
0
130
175
64
0
0
0
0
0
62
160
192
0
0
0
0
0
68
173
64
0
0
0
0
0
8
164
192
0
0
0
0
0
148
170
64
0
0
0
0
0
134
167
192
0
0
0
0
0
122
167
64
0
0
0
0
0
168
170
192
0
0
0
0
0
4
164
64
0
0
0
0
0
100
173
192
0
0
0
0
0
60
160
64
0
0
0
0
0
174
175
192
0
0
0
0
0
104
152
64
0
0
0
0
0
191
176
192
0
0
0
0
0
232
143
64
0
0
0
0
0
102
177
192
0
0
0
0
0
224
124
64
0
0
0
0
0
201
177
192
0
0
0
0
0
64
90
192
0
0
0
0
0
229
177
192
0
0
0
0
0
0
133
192
0
0
0
0
0
187
177
192
0
0
0
0
0
60
147
192
0
0
0
0
0
75
177
192
0
0
0
0
0
176
155
192
0
0
0
0
0
149
176
192
0
0
0
0
0
222
161
192
0
0
0
0
0
58
175
192
0
0
0
0
0
158
165
192
0
0
0
0
0
204
172
192
0
0
0
0
0
10
169
192
0
0
0
0
0
232
169
192
0
0
0
0
0
18
172
192
0
0
0
0
0
156
166
192
0
0
0
0
0
170
174
192
0
0
0
0
0
244
162
192
0
0
0
0
0
100
176
192
0
0
0
0
0
4
158
192
0
0
0
0
0
50
177
192
0
0
0
0
0
164
149
192
0
0
0
0
0
187
177
192
0
0
0
0
0
224
137
192
0
0
0
0
0
253
177
192
0
0
0
0
0
32
112
192
0
0
0
0
0
249
177
192
0
0
0
0
0
176
115
64
0
0
0
0
0
173
177
192
0
0
0
0
0
152
139
64
0
0
0
0
0
27
177
192
0
0
0
0
0
116
150
64
0
0
0
0
0
70
176
192
0
0
0
0
0
192
158
64
0
0
0
0
0
100
174
192
0
0
0
0
0
72
163
64
0
0
0
0
0
194
171
192
0
0
0
0
0
228
166
64
0
0
0
0
0
182
168
192
0
0
0
0
0
38
170
64
0
0
0
0
0
72
165
192
0
0
0
0
0
2
173
64
0
0
0
0
0
134
161
192
0
0
0
0
0
106
175
64
0
0
0
0
0
0
155
192
0
0
0
0
0
172
176
64
0
0
0
0
0
136
146
192
0
0
0
0
0
98
177
64
0
0
0
0
0
144
131
192
0
0
0
0
0
211
177
64
0
0
0
0
0
128
75
192
0
0
0
0
0
255
177
64
0
0
0
0
0
40
128
64
0
0
0
0
0
228
177
64
0
0
0
0
0
232
144
64
0
0
0
0
0
130
177
64
0
0
0
0
0
124
153
64
0
0
0
0
0
219
176
64
0
0
0
0
0
214
160
64
0
0
0
0
0
226
175
64
0
0
0
0
0
174
164
64
0
0
0
0
0
144
173
64
0
0
0
0
0
52
168
64
0
0
0
0
0
200
170
64
0
0
0
0
0
92
171
64
0
0
0
0
0
148
167
64
0
0
0
0
0
24
174
64
0
0
0
0
0
4
164
64
0
0
0
0
0
46
176
64
0
0
0
0
0
34
160
64
0
0
0
0
0
17
177
64
0
0
0
0
0
4
152
64
0
0
0
0
0
177
177
64
0
0
0
0
0
192
142
64
0
0
0
0
0
11
178
64
0
0
0
0
0
0
122
64
0
0
0
0
0
29
178
64
0
0
0
0
0
0
100
192
0
0
0
0
0
233
177
64
0
0
0
0
0
232
134
192
0
0
0
0
0
110
177
64
0
0
0
0
0
60
148
192
0
0
0
0
0
174
176
64
0
0
0
0
0
188
156
192
0
0
0
0
0
90
175
64
0
0
0
0
0
102
162
192
0
0
0
0
0
220
172
64
0
0
0
0
0
38
166
192
0
0
0
0
0
236
169
64
0
0
0
0
0
146
169
192
0
0
0
0
0
148
166
64
0
0
0
0
0
156
172
192
0
0
0
0
0
226
162
64
0
0
0
0
0
56
175
192
0
0
0
0
0
196
157
64
0
0
0
0
0
174
176
192
0
0
0
0
0
76
149
64
0
0
0
0
0
127
177
192
0
0
0
0
0
248
136
64
0
0
0
0
0
11
178
192
0
0
0
0
0
128
107
64
0
0
0
0
0
81
178
192
0
0
0
0
0
176
118
192
0
0
0
0
0
79
178
192
0
0
0
0
0
120
141
192
0
0
0
0
0
4
178
192
0
0
0
0
0
148
151
192
0
0
0
0
0
113
177
192
0
0
0
0
0
12
160
192
0
0
0
0
0
153
176
192
0
0
0
0
0
16
164
192
0
0
0
0
0
252
174
192
0
0
0
0
0
196
167
192
0
0
0
0
0
72
172
192
0
0
0
0
0
30
171
192
0
0
0
0
0
36
169
192
0
0
0
0
0
12
174
192
0
0
0
0
0
154
165
192
0
0
0
0
0
65
176
192
0
0
0
0
0
186
161
192
0
0
0
0
0
61
177
192
0
0
0
0
0
36
155
192
0
0
0
0
0
244
177
192
0
0
0
0
0
100
146
192
0
0
0
0
0
101
178
192
0
0
0
0
0
184
130
192
0
0
0
0
0
141
178
192
0
0
0
0
0
0
38
192
0
0
0
0
0
108
178
192
0
0
0
0
0
8
130
64
0
0
0
0
0
3
178
192
0
0
0
0
0
24
146
64
0
0
0
0
0
83
177
192
0
0
0
0
0
228
154
64
0
0
0
0
0
95
176
192
0
0
0
0
0
168
161
64
0
0
0
0
0
84
174
192
0
0
0
0
0
152
165
64
0
0
0
0
0
112
171
192
0
0
0
0
0
54
169
64
0
0
0
0
0
32
168
192
0
0
0
0
0
114
172
64
0
0
0
0
0
110
164
192
0
0
0
0
0
62
175
64
0
0
0
0
0
106
160
192
0
0
0
0
0
200
176
64
0
0
0
0
0
68
152
192
0
0
0
0
0
175
177
64
0
0
0
0
0
168
142
192
0
0
0
0
0
79
178
64
0
0
0
0
0
144
120
192
0
0
0
0
0
167
178
64
0
0
0
0
0
64
105
64
0
0
0
0
0
181
178
64
0
0
0
0
0
208
136
64
0
0
0
0
0
120
178
64
0
0
0
0
0
120
149
64
0
0
0
0
0
241
177
64
0
0
0
0
0
48
158
64
0
0
0
0
0
35
177
64
0
0
0
0
0
56
163
64
0
0
0
0
0
17
176
64
0
0
0
0
0
12
167
64
0
0
0
0
0
126
173
64
0
0
0
0
0
132
170
64
0
0
0
0
0
102
170
64
0
0
0
0
0
148
173
64
0
0
0
0
0
232
166
64
0
0
0
0
0
22
176
64
0
0
0
0
0
14
163
64
0
0
0
0
0
35
177
64
0
0
0
0
0
212
157
64
0
0
0
0
0
237
177
64
0
0
0
0
0
24
149
64
0
0
0
0
0
111
178
64
0
0
0
0
0
16
136
64
0
0
0
0
0
169
178
64
0
0
0
0
0
96
102
64
0
0
0
0
0
153
178
64
0
0
0
0
0
240
121
192
0
0
0
0
0
63
178
64
0
0
0
0
0
80
143
192
0
0
0
0
0
158
177
64
0
0
0
0
0
148
152
192
0
0
0
0
0
182
176
64
0
0
0
0
0
142
160
192
0
0
0
0
0
26
175
64
0
0
0
0
0
146
164
192
0
0
0
0
0
78
172
64
0
0
0
0
0
66
168
192
0
0
0
0
0
18
169
64
0
0
0
0
0
146
171
192
0
0
0
0
0
116
165
64
0
0
0
0
0
116
174
192
0
0
0
0
0
128
161
64
0
0
0
0
0
111
176
192
0
0
0
0
0
148
154
64
0
0
0
0
0
98
177
192
0
0
0
0
0
188
145
64
0
0
0
0
0
16
178
192
0
0
0
0
0
72
129
64
0
0
0
0
0
119
178
192
0
0
0
0
0
128
66
192
0
0
0
0
0
149
178
192
0
0
0
0
0
152
131
192
0
0
0
0
0
106
178
192
0
0
0
0
0
216
146
192
0
0
0
0
0
245
177
192
0
0
0
0
0
152
155
192
0
0
0
0
0
58
177
192
0
0
0
0
0
244
161
192
0
0
0
0
0
59
176
192
0
0
0
0
0
212
165
192
0
0
0
0
0
250
173
192
0
0
0
0
0
92
169
192
0
0
0
0
0
6
171
192
0
0
0
0
0
128
172
192
0
0
0
0
0
170
167
192
0
0
0
0
0
52
175
192
0
0
0
0
0
240
163
192
0
0
0
0
0
182
176
192
0
0
0
0
0
212
159
192
0
0
0
0
0
144
177
192
0
0
0
0
0
76
151
192
0
0
0
0
0
36
178
192
0
0
0
0
0
208
140
192
0
0
0
0
0
113
178
192
0
0
0
0
0
64
117
192
0
0
0
0
0
116
178
192
0
0
0
0
0
0
111
64
0
0
0
0
0
47
178
192
0
0
0
0
0
248
137
64
0
0
0
0
0
163
177
192
0
0
0
0
0
228
149
64
0
0
0
0
0
208
176
192
0
0
0
0
0
112
158
64
0
0
0
0
0
120
175
192
0
0
0
0
0
66
163
64
0
0
0
0
0
210
172
192
0
0
0
0
0
0
167
64
0
0
0
0
0
188
169
192
0
0
0
0
0
98
170
64
0
0
0
0
0
66
166
192
0
0
0
0
0
90
173
64
0
0
0
0
0
112
162
192
0
0
0
0
0
222
175
64
0
0
0
0
0
176
156
192
0
0
0
0
0
242
176
64
0
0
0
0
0
12
148
192
0
0
0
0
0
178
177
64
0
0
0
0
0
64
134
192
0
0
0
0
0
44
178
64
0
0
0
0
0
64
96
192
0
0
0
0
0
95
178
64
0
0
0
0
0
96
124
64
0
0
0
0
0
73
178
64
0
0
0
0
0
24
144
64
0
0
0
0
0
235
177
64
0
0
0
0
0
212
152
64
0
0
0
0
0
70
177
64
0
0
0
0
0
152
160
64
0
0
0
0
0
93
176
64
0
0
0
0
0
132
164
64
0
0
0
0
0
104
174
64
0
0
0
0
0
28
168
64
0
0
0
0
0
158
171
64
0
0
0
0
0
86
171
64
0
0
0
0
0
104
168
64
0
0
0
0
0
34
174
64
0
0
0
0
0
210
164
64
0
0
0
0
0
60
176
64
0
0
0
0
0
234
160
64
0
0
0
0
0
38
177
64
0
0
0
0
0
132
153
64
0
0
0
0
0
204
177
64
0
0
0
0
0
208
144
64
0
0
0
0
0
44
178
64
0
0
0
0
0
112
127
64
0
0
0
0
0
67
178
64
0
0
0
0
0
128
83
192
0
0
0
0
0
19
178
64
0
0
0
0
0
128
132
192
0
0
0
0
0
156
177
64
0
0
0
0
0
32
147
192
0
0
0
0
0
223
176
64
0
0
0
0
0
176
155
192
0
0
0
0
0
192
175
64
0
0
0
0
0
232
161
192
0
0
0
0
0
68
173
64
0
0
0
0
0
176
165
192
0
0
0
0
0
86
170
64
0
0
0
0
0
34
169
192
0
0
0
0
0
0
167
64
0
0
0
0
0
48
172
192
0
0
0
0
0
80
163
64
0
0
0
0
0
204
174
192
0
0
0
0
0
172
158
64
0
0
0
0
0
119
176
192
0
0
0
0
0
64
150
64
0
0
0
0
0
70
177
192
0
0
0
0
0
8
139
64
0
0
0
0
0
208
177
192
0
0
0
0
0
64
114
64
0
0
0
0
0
20
178
192
0
0
0
0
0
176
113
192
0
0
0
0
0
16
178
192
0
0
0
0
0
176
138
192
0
0
0
0
0
197
177
192
0
0
0
0
0
8
150
192
0
0
0
0
0
52
177
192
0
0
0
0
0
92
158
192
0
0
0
0
0
95
176
192
0
0
0
0
0
26
163
192
0
0
0
0
0
146
174
192
0
0
0
0
0
184
166
192
0
0
0
0
0
240
171
192
0
0
0
0
0
250
169
192
0
0
0
0
0
224
168
192
0
0
0
0
0
210
172
192
0
0
0
0
0
112
165
192
0
0
0
0
0
56
175
192
0
0
0
0
0
174
161
192
0
0
0
0
0
145
176
192
0
0
0
0
0
80
155
192
0
0
0
0
0
67
177
192
0
0
0
0
0
224
146
192
0
0
0
0
0
177
177
192
0
0
0
0
0
80
132
192
0
0
0
0
0
217
177
192
0
0
0
0
0
192
84
192
0
0
0
0
0
186
177
192
0
0
0
0
0
48
126
64
0
0
0
0
0
85
177
192
0
0
0
0
0
64
144
64
0
0
0
0
0
172
176
192
0
0
0
0
0
176
152
64
0
0
0
0
0
132
175
192
0
0
0
0
0
92
160
64
0
0
0
0
0
52
173
192
0
0
0
0
0
28
164
64
0
0
0
0
0
114
170
192
0
0
0
0
0
140
167
64
0
0
0
0
0
76
167
192
0
0
0
0
0
154
170
64
0
0
0
0
0
202
163
192
0
0
0
0
0
62
173
64
0
0
0
0
0
252
159
192
0
0
0
0
0
110
175
64
0
0
0
0
0
232
151
192
0
0
0
0
0
144
176
64
0
0
0
0
0
0
143
192
0
0
0
0
0
39
177
64
0
0
0
0
0
112
123
192
0
0
0
0
0
122
177
64
0
0
0
0
0
128
93
64
0
0
0
0
0
136
177
64
0
0
0
0
0
0
133
64
0
0
0
0
0
81
177
64
0
0
0
0
0
252
146
64
0
0
0
0
0
214
176
64
0
0
0
0
0
36
155
64
0
0
0
0
0
25
176
64
0
0
0
0
0
112
161
64
0
0
0
0
0
58
174
64
0
0
0
0
0
4
165
64
0
0
0
0
0
204
171
64
0
0
0
0
0
70
168
64
0
0
0
0
0
242
168
64
0
0
0
0
0
36
171
64
0
0
0
0
0
184
165
64
0
0
0
0
0
150
173
64
0
0
0
0
0
44
162
64
0
0
0
0
0
146
175
64
0
0
0
0
0
176
156
64
0
0
0
0
0
137
176
64
0
0
0
0
0
160
148
64
0
0
0
0
0
6
177
64
0
0
0
0
0
128
136
64
0
0
0
0
0
65
177
64
0
0
0
0
0
192
109
64
0
0
0
0
0
55
177
64
0
0
0
0
0
112
115
192
0
0
0
0
0
233
176
64
0
0
0
0
0
168
138
192
0
0
0
0
0
89
176
64
0
0
0
0
0
152
149
192
0
0
0
0
0
18
175
64
0
0
0
0
0
124
157
192
0
0
0
0
0
246
172
64
0
0
0
0
0
116
162
192
0
0
0
0
0
108
170
64
0
0
0
0
0
224
165
192
0
0
0
0
0
122
167
64
0
0
0
0
0
242
168
192
0
0
0
0
0
46
164
64
0
0
0
0
0
160
171
192
0
0
0
0
0
148
160
64
0
0
0
0
0
224
173
192
0
0
0
0
0
116
153
64
0
0
0
0
0
168
175
192
0
0
0
0
0
100
145
64
0
0
0
0
0
121
176
192
0
0
0
0
0
40
130
64
0
0
0
0
0
220
176
192
0
0
0
0
0
128
68
64
0
0
0
0
0
252
176
192
0
0
0
0
0
16
127
192
0
0
0
0
0
217
176
192
0
0
0
0
0
8
144
192
0
0
0
0
0
115
176
192
0
0
0
0
0
8
152
192
0
0
0
0
0
154
175
192
0
0
0
0
0
160
159
192
0
0
0
0
0
210
173
192
0
0
0
0
0
90
163
192
0
0
0
0
0
148
171
192
0
0
0
0
0
150
166
192
0
0
0
0
0
236
168
192
0
0
0
0
0
116
169
192
0
0
0
0
0
228
165
192
0
0
0
0
0
234
171
192
0
0
0
0
0
136
162
192
0
0
0
0
0
240
173
192
0
0
0
0
0
204
157
192
0
0
0
0
0
126
175
192
0
0
0
0
0
24
150
192
0
0
0
0
0
71
176
192
0
0
0
0
0
48
140
192
0
0
0
0
0
142
176
192
0
0
0
0
0
160
119
192
0
0
0
0
0
148
176
192
0
0
0
0
0
192
98
64
0
0
0
0
0
87
176
192
0
0
0
0
0
16
133
64
0
0
0
0
0
182
175
192
0
0
0
0
0
132
146
64
0
0
0
0
0
66
174
192
0
0
0
0
0
44
154
64
0
0
0
0
0
88
172
192
0
0
0
0
0
180
160
64
0
0
0
0
0
0
170
192
0
0
0
0
0
12
164
64
0
0
0
0
0
68
167
192
0
0
0
0
0
18
167
64
0
0
0
0
0
46
164
192
0
0
0
0
0
184
169
64
0
0
0
0
0
206
160
192
0
0
0
0
0
248
171
64
0
0
0
0
0
92
154
192
0
0
0
0
0
200
173
64
0
0
0
0
0
188
146
192
0
0
0
0
0
32
175
64
0
0
0
0
0
184
133
192
0
0
0
0
0
252
175
64
0
0
0
0
0
192
102
192
0
0
0
0
0
46
176
64
0
0
0
0
0
192
116
64
0
0
0
0
0
30
176
64
0
0
0
0
0
48
138
64
0
0
0
0
0
158
175
64
0
0
0
0
0
204
148
64
0
0
0
0
0
132
174
64
0
0
0
0
0
40
156
64
0
0
0
0
0
244
172
64
0
0
0
0
0
136
161
64
0
0
0
0
0
244
170
64
0
0
0
0
0
184
164
64
0
0
0
0
0
140
168
64
0
0
0
0
0
148
167
64
0
0
0
0
0
196
165
64
0
0
0
0
0
18
170
64
0
0
0
0
0
170
162
64
0
0
0
0
0
42
172
64
0
0
0
0
0
140
158
64
0
0
0
0
0
210
173
64
0
0
0
0
0
84
151
64
0
0
0
0
0
6
175
64
0
0
0
0
0
128
143
64
0
0
0
0
0
194
175
64
0
0
0
0
0
192
127
64
0
0
0
0
0
0
176
64
0
0
0
0
0
0
0
0
0
0
0
0
0
196
175
64
0
0
0
0
0
240
126
192
0
0
0
0
0
20
175
64
0
0
0
0
0
184
142
192
0
0
0
0
0
238
173
64
0
0
0
0
0
200
150
192
0
0
0
0
0
90
172
64
0
0
0
0
0
220
157
192
0
0
0
0
0
90
170
64
0
0
0
0
0
66
162
192
0
0
0
0
0
250
167
64
0
0
0
0
0
84
165
192
0
0
0
0
0
62
165
64
0
0
0
0
0
24
168
192
0
0
0
0
0
50
162
64
0
0
0
0
0
132
170
192
0
0
0
0
0
188
157
64
0
0
0
0
0
142
172
192
0
0
0
0
0
164
150
64
0
0
0
0
0
48
174
192
0
0
0
0
0
96
142
64
0
0
0
0
0
96
175
192
0
0
0
0
0
0
126
64
0
0
0
0
0
15
176
192
0
0
0
0
0
0
53
192
0
0
0
0
0
50
176
192
0
0
0
0
0
88
128
192
0
0
0
0
0
24
176
192
0
0
0
0
0
216
143
192
0
0
0
0
0
132
175
192
0
0
0
0
0
120
151
192
0
0
0
0
0
96
174
192
0
0
0
0
0
180
158
192
0
0
0
0
0
202
172
192
0
0
0
0
0
194
162
192
0
0
0
0
0
0
0
0
0
0
0
0
0
0
0
0
0
0
0
0
0
0
0
0
0
0
0
0
0
0
0
0
0
0
0
0
0
0
0
0
0
0
0
0
0
0
0
0
0
0
0
0
0
0
0
0
0
0
0
0
0
0
0
0
0
0
0
0
0
0
0
0
0
0
0
0
0
0
0
0
0
0
0
0
0
0
0
0
0
0
0
0
0
0
0
0
0
0
0
0
0
0
0
0
0
0
0
0
0
0
0
0
0
0
0
0
0
0
0
0
0
0
0
0
0
0
0
0
0
0
0
0
0
0
0
0
0
0
0
0
0
0
0
0
0
0
0
0
0
0
0
0
0
0
0
0
0
0
0
0
0
0
0
0
0
0
0
0
0
0
0
0
0
0
0
0
0
0
0
0
0
0
0
0
0
0
0
0
0
0
0
0
0
0
0
0
0
0
0
0
0
0
0
0
0
0
0
0
0
0
0
0
0
0
0
0
0
0
0
0
0
0
0
0
0
0
0
0
0
0
0
0
0
0
0
0
0
0
0
0
0
0
0
0
0
0
0
0
0
0
0
0
0
0
0
0
0
0
0
0
0
0
0
0
0
0
0
0
0
0
0
0
0
0
0
0
0
0
0
0
0
0
0
0
0
0
0
0
0
0
0
0
0
0
0
0
0
0
0
0
0
0
0
0
0
0
0
0
0
0
0
0
0
0
0
0
0
0
0
0
0
0
0
0
0
0
0
0
0
0
0
0
0
0
0
0
0
0
0
0
0
0
0
0
0
0
0
0
0
0
0
0
0
0
0
0
0
0
0
0
0
0
0
0
0
0
0
0
0
0
0
0
0
0
0
0
0
0
0
0
0
0
0
0
0
0
0
0
0
0
0
0
0
0
0
0
0
0
0
0
0
0
0
0
0
0
0
0
0
0
0
0
0
0
0
0
0
0
0
0
0
0
0
0
0
0
0
0
0
0
0
0
0
0
0
0
0
0
0
0
0
0
0
0
0
0
0
0
0
0
0
0
0
0
0
0
0
0
0
0
0
0
0
0
0
0
0
0
0
0
0
0
0
0
0
0
0
0
0
0
0
0
0
0
0
0
0
0
0
0
0
0
0
0
0
0
0
0
0
0
0
0
0
0
0
0
0
0
0
0
0
0
0
0
0
0
0
0
0
0
0
0
0
0
0
0
0
0
0
0
0
0
0
0
0
0
0
0
0
0
0
0
0
0
0
0
0
0
0
0
0
0
0
0
0
0
0
0
0
0
0
0
0
0
0
0
0
0
0
0
0
0
0
0
0
0
0
0
0
0
0
0
0
0
0
0
0
0
0
0
0
0
0
0
0
0
0
0
0
0
0
0
0
0
0
0
0
0
0
0
0
0
0
0
0
0
0
0
0
0
0
0
0
0
0
0
0
0
0
0
0
0
0
0
0
0
0
0
0
0
0
0
0
0
0
0
0
0
0
0
0
0
0
0
0
0
0
0
0
0
0
0
0
0
0
0
0
0
0
0
0
0
0
0
0
0
0
0
0
0
0
0
0
0
0
0
0
0
0
0
0
0
0
0
0
0
0
0
0
0
0
0
0
0
0
0
0
0
0
0
0
0
0
0
0
0
0
0
0
0
0
0
0
0
0
0
0
0
0
0
0
0
0
0
0
0
0
0
0
0
0
0
0
0
0
0
0
0
0
0
0
0
0
0
0
0
0
0
0
0
0
0
0
0
0
0
0
0
0
0
0
0
0
0
0
0
0
0
0
0
0
0
0
0
0
0
0
0
0
0
0
0
0
0
0
0
0
0
0
0
0
0
0
0
0
0
0
0
0
0
0
0
0
0
0
0
0
0
0
0
0
0
0
0
0
0
0
0
0
0
0
0
0
0
0
0
0
0
0
0
0
0
0
0
0
0
0
0
0
0
0
0
0
0
0
0
0
0
0
0
0
0
0
0
0
0
0
0
0
0
0
0
0
0
0
0
0
0
0
0
0
0
0
0
0
0
0
0
0
0
0
0
0
0
0
0
0
0
0
0
0
0
0
0
0
0
0
0
0
0
0
0
0
0
0
0
0
0
0
0
0
0
0
0
0
0
0
0
0
0
0
0
0
0
0
0
0
0
0
0
0
0
0
0
0
0
0
0
0
0
0
0
0
0
0
0
0
0
0
0
0
0
0
0
0
0
0
0
0
0
0
0
0
0
0
0
0
0
0
0
0
0
0
0
0
0
0
0
0
0
0
0
0
0
0
0
0
0
0
0
0
0
0
0
0
0
0
0
0
0
0
0
0
0
0
0
0
0
0
0
0
0
0
0
0
0
0
0
0
0
0
0
0
0
0
0
0
0
0
0
0
0
0
0
0
0
0
0
0
0
0
0
0
0
0
0
0
0
0
0
0
0
0
0
0
0
0
0
0
0
0
0
0
0
0
0
0
0
0
0
0
0
0
0
0
0
0
0
0
0
0
0
0
0
0
0
0
0
0
0
0
0
0
0
0
0
0
0
0
0
0
0
0
0
0
0
0
0
0
0
0
0
0
0
0
0
0
0
0
0
0
0
0
0
0
0
0
0
0
0
0
0
0
0
0
0
0
0
0
0
0
0
0
0
0
0
0
0
0
0
0
0
0
0
0
0
0
0
0
0
0
0
0
0
0
0
0
0
0
0
0
0
0
0
0
0
0
0
0
0
0
0
0
0
0
0
0
0
0
0
0
0
0
0
0
0
0
0
0
0
0
0
0
0
0
0
0
0
0
0
0
0
0
0
0
0
0
0
0
0
0