58
70
65
67
84
58
67
68
65
84
49
56
58
68
65
84
65
32
35
57
48
48
48
48
48
54
57
51
54
0
176
172
64
0
0
0
0
0
52
149
64
0
0
0
0
0
142
173
64
0
0
0
0
0
240
139
64
0
0
0
0
0
244
173
64
0
0
0
0
0
112
122
64
0
0
0
0
0
222
173
64
0
0
0
0
0
0
72
192
0
0
0
0
0
80
173
64
0
0
0
0
0
208
127
192
0
0
0
0
0
80
172
64
0
0
0
0
0
208
141
192
0
0
0
0
0
230
170
64
0
0
0
0
0
120
149
192
0
0
0
0
0
28
169
64
0
0
0
0
0
144
155
192
0
0
0
0
0
252
166
64
0
0
0
0
0
140
160
192
0
0
0
0
0
148
164
64
0
0
0
0
0
2
163
192
0
0
0
0
0
240
161
64
0
0
0
0
0
34
165
192
0
0
0
0
0
52
158
64
0
0
0
0
0
234
166
192
0
0
0
0
0
64
152
64
0
0
0
0
0
88
168
192
0
0
0
0
0
28
146
64
0
0
0
0
0
106
169
192
0
0
0
0
0
168
135
64
0
0
0
0
0
34
170
192
0
0
0
0
0
0
118
64
0
0
0
0
0
128
170
192
0
0
0
0
0
128
74
192
0
0
0
0
0
128
170
192
0
0
0
0
0
80
124
192
0
0
0
0
0
40
170
192
0
0
0
0
0
104
138
192
0
0
0
0
0
118
169
192
0
0
0
0
0
28
147
192
0
0
0
0
0
106
168
192
0
0
0
0
0
188
152
192
0
0
0
0
0
10
167
192
0
0
0
0
0
0
158
192
0
0
0
0
0
84
165
192
0
0
0
0
0
108
161
192
0
0
0
0
0
82
163
192
0
0
0
0
0
150
163
192
0
0
0
0
0
4
161
192
0
0
0
0
0
118
165
192
0
0
0
0
0
232
156
192
0
0
0
0
0
2
167
192
0
0
0
0
0
88
151
192
0
0
0
0
0
50
168
192
0
0
0
0
0
116
145
192
0
0
0
0
0
2
169
192
0
0
0
0
0
160
134
192
0
0
0
0
0
112
169
192
0
0
0
0
0
48
116
192
0
0
0
0
0
122
169
192
0
0
0
0
0
192
83
64
0
0
0
0
0
34
169
192
0
0
0
0
0
208
125
64
0
0
0
0
0
108
168
192
0
0
0
0
0
240
138
64
0
0
0
0
0
92
167
192
0
0
0
0
0
56
147
64
0
0
0
0
0
250
165
192
0
0
0
0
0
156
152
64
0
0
0
0
0
76
164
192
0
0
0
0
0
148
157
64
0
0
0
0
0
94
162
192
0
0
0
0
0
8
161
64
0
0
0
0
0
54
160
192
0
0
0
0
0
6
163
64
0
0
0
0
0
176
155
192
0
0
0
0
0
190
164
64
0
0
0
0
0
160
150
192
0
0
0
0
0
46
166
64
0
0
0
0
0
68
145
192
0
0
0
0
0
82
167
64
0
0
0
0
0
80
135
192
0
0
0
0
0
40
168
64
0
0
0
0
0
128
119
192
0
0
0
0
0
170
168
64
0
0
0
0
0
0
8
64
0
0
0
0
0
216
168
64
0
0
0
0
0
32
120
64
0
0
0
0
0
176
168
64
0
0
0
0
0
0
136
64
0
0
0
0
0
44
168
64
0
0
0
0
0
228
145
64
0
0
0
0
0
74
167
64
0
0
0
0
0
144
151
64
0
0
0
0
0
14
166
64
0
0
0
0
0
240
156
64
0
0
0
0
0
122
164
64
0
0
0
0
0
242
160
64
0
0
0
0
0
144
162
64
0
0
0
0
0
44
163
64
0
0
0
0
0
90
160
64
0
0
0
0
0
26
165
64
0
0
0
0
0
196
155
64
0
0
0
0
0
180
166
64
0
0
0
0
0
100
150
64
0
0
0
0
0
240
167
64
0
0
0
0
0
176
144
64
0
0
0
0
0
204
168
64
0
0
0
0
0
136
133
64
0
0
0
0
0
70
169
64
0
0
0
0
0
0
115
64
0
0
0
0
0
94
169
64
0
0
0
0
0
64
84
192
0
0
0
0
0
26
169
64
0
0
0
0
0
224
124
192
0
0
0
0
0
124
168
64
0
0
0
0
0
8
138
192
0
0
0
0
0
136
167
64
0
0
0
0
0
156
146
192
0
0
0
0
0
68
166
64
0
0
0
0
0
240
151
192
0
0
0
0
0
180
164
64
0
0
0
0
0
240
156
192
0
0
0
0
0
218
162
64
0
0
0
0
0
202
160
192
0
0
0
0
0
190
160
64
0
0
0
0
0
230
162
192
0
0
0
0
0
192
156
64
0
0
0
0
0
196
164
192
0
0
0
0
0
144
151
64
0
0
0
0
0
96
166
192
0
0
0
0
0
244
145
64
0
0
0
0
0
178
167
192
0
0
0
0
0
8
136
64
0
0
0
0
0
174
168
192
0
0
0
0
0
64
119
64
0
0
0
0
0
78
169
192
0
0
0
0
0
0
65
192
0
0
0
0
0
140
169
192
0
0
0
0
0
160
123
192
0
0
0
0
0
100
169
192
0
0
0
0
0
112
138
192
0
0
0
0
0
214
168
192
0
0
0
0
0
84
147
192
0
0
0
0
0
226
167
192
0
0
0
0
0
32
153
192
0
0
0
0
0
140
166
192
0
0
0
0
0
124
158
192
0
0
0
0
0
222
164
192
0
0
0
0
0
170
161
192
0
0
0
0
0
222
162
192
0
0
0
0
0
202
163
192
0
0
0
0
0
154
160
192
0
0
0
0
0
152
165
192
0
0
0
0
0
56
156
192
0
0
0
0
0
16
167
192
0
0
0
0
0
228
150
192
0
0
0
0
0
50
168
192
0
0
0
0
0
68
145
192
0
0
0
0
0
252
168
192
0
0
0
0
0
224
134
192
0
0
0
0
0
108
169
192
0
0
0
0
0
240
117
192
0
0
0
0
0
132
169
192
0
0
0
0
0
0
65
64
0
0
0
0
0
66
169
192
0
0
0
0
0
48
122
64
0
0
0
0
0
170
168
192
0
0
0
0
0
0
137
64
0
0
0
0
0
188
167
192
0
0
0
0
0
88
146
64
0
0
0
0
0
118
166
192
0
0
0
0
0
252
151
64
0
0
0
0
0
218
164
192
0
0
0
0
0
92
157
64
0
0
0
0
0
236
162
192
0
0
0
0
0
46
161
64
0
0
0
0
0
176
160
192
0
0
0
0
0
116
163
64
0
0
0
0
0
96
156
192
0
0
0
0
0
114
165
64
0
0
0
0
0
228
150
192
0
0
0
0
0
30
167
64
0
0
0
0
0
8
145
192
0
0
0
0
0
114
168
64
0
0
0
0
0
200
133
192
0
0
0
0
0
104
169
64
0
0
0
0
0
80
114
192
0
0
0
0
0
246
169
64
0
0
0
0
0
192
92
64
0
0
0
0
0
32
170
64
0
0
0
0
0
56
128
64
0
0
0
0
0
228
169
64
0
0
0
0
0
152
140
64
0
0
0
0
0
68
169
64
0
0
0
0
0
60
148
64
0
0
0
0
0
70
168
64
0
0
0
0
0
224
153
64
0
0
0
0
0
240
166
64
0
0
0
0
0
40
159
64
0
0
0
0
0
72
165
64
0
0
0
0
0
0
162
64
0
0
0
0
0
82
163
64
0
0
0
0
0
46
164
64
0
0
0
0
0
24
161
64
0
0
0
0
0
24
166
64
0
0
0
0
0
56
157
64
0
0
0
0
0
182
167
64
0
0
0
0
0
208
151
64
0
0
0
0
0
4
169
64
0
0
0
0
0
8
146
64
0
0
0
0
0
250
169
64
0
0
0
0
0
216
135
64
0
0
0
0
0
150
170
64
0
0
0
0
0
64
118
64
0
0
0
0
0
208
170
64
0
0
0
0
0
128
78
192
0
0
0
0
0
164
170
64
0
0
0
0
0
16
126
192
0
0
0
0
0
20
170
64
0
0
0
0
0
16
140
192
0
0
0
0
0
30
169
64
0
0
0
0
0
100
148
192
0
0
0
0
0
196
167
64
0
0
0
0
0
128
154
192
0
0
0
0
0
14
166
64
0
0
0
0
0
32
160
192
0
0
0
0
0
254
163
64
0
0
0
0
0
198
162
192
0
0
0
0
0
160
161
64
0
0
0
0
0
38
165
192
0
0
0
0
0
248
157
64
0
0
0
0
0
54
167
192
0
0
0
0
0
60
152
64
0
0
0
0
0
240
168
192
0
0
0
0
0
32
146
64
0
0
0
0
0
76
170
192
0
0
0
0
0
112
135
64
0
0
0
0
0
70
171
192
0
0
0
0
0
144
116
64
0
0
0
0
0
222
171
192
0
0
0
0
0
0
89
192
0
0
0
0
0
14
172
192
0
0
0
0
0
136
128
192
0
0
0
0
0
216
171
192
0
0
0
0
0
200
141
192
0
0
0
0
0
60
171
192
0
0
0
0
0
92
149
192
0
0
0
0
0
58
170
192
0
0
0
0
0
148
155
192
0
0
0
0
0
212
168
192
0
0
0
0
0
184
160
192
0
0
0
0
0
16
167
192
0
0
0
0
0
114
163
192
0
0
0
0
0
242
164
192
0
0
0
0
0
232
165
192
0
0
0
0
0
128
162
192
0
0
0
0
0
16
168
192
0
0
0
0
0
136
159
192
0
0
0
0
0
226
169
192
0
0
0
0
0
136
153
192
0
0
0
0
0
86
171
192
0
0
0
0
0
28
147
192
0
0
0
0
0
100
172
192
0
0
0
0
0
176
136
192
0
0
0
0
0
4
173
192
0
0
0
0
0
112
117
192
0
0
0
0
0
56
173
192
0
0
0
0
0
0
92
64
0
0
0
0
0
252
172
192
0
0
0
0
0
192
129
64
0
0
0
0
0
78
172
192
0
0
0
0
0
208
143
64
0
0
0
0
0
52
171
192
0
0
0
0
0
184
150
64
0
0
0
0
0
178
169
192
0
0
0
0
0
56
157
64
0
0
0
0
0
204
167
192
0
0
0
0
0
166
161
64
0
0
0
0
0
136
165
192
0
0
0
0
0
112
164
64
0
0
0
0
0
242
162
192
0
0
0
0
0
240
166
64
0
0
0
0
0
16
160
192
0
0
0
0
0
26
169
64
0
0
0
0
0
224
153
192
0
0
0
0
0
230
170
64
0
0
0
0
0
52
147
192
0
0
0
0
0
78
172
64
0
0
0
0
0
120
136
192
0
0
0
0
0
76
173
64
0
0
0
0
0
64
116
192
0
0
0
0
0
216
173
64
0
0
0
0
0
160
97
64
0
0
0
0
0
244
173
64
0
0
0
0
0
232
130
64
0
0
0
0
0
158
173
64
0
0
0
0
0
148
144
64
0
0
0
0
0
216
172
64
0
0
0
0
0
120
151
64
0
0
0
0
0
162
171
64
0
0
0
0
0
4
158
64
0
0
0
0
0
6
170
64
0
0
0
0
0
18
162
64
0
0
0
0
0
6
168
64
0
0
0
0
0
224
164
64
0
0
0
0
0
174
165
64
0
0
0
0
0
98
167
64
0
0
0
0
0
4
163
64
0
0
0
0
0
142
169
64
0
0
0
0
0
18
160
64
0
0
0
0
0
96
171
64
0
0
0
0
0
200
153
64
0
0
0
0
0
210
172
64
0
0
0
0
0
8
147
64
0
0
0
0
0
220
173
64
0
0
0
0
0
248
135
64
0
0
0
0
0
124
174
64
0
0
0
0
0
224
114
64
0
0
0
0
0
174
174
64
0
0
0
0
0
64
101
192
0
0
0
0
0
110
174
64
0
0
0
0
0
40
132
192
0
0
0
0
0
190
173
64
0
0
0
0
0
104
145
192
0
0
0
0
0
156
172
64
0
0
0
0
0
144
152
192
0
0
0
0
0
10
171
64
0
0
0
0
0
108
159
192
0
0
0
0
0
12
169
64
0
0
0
0
0
240
162
192
0
0
0
0
0
170
166
64
0
0
0
0
0
232
165
192
0
0
0
0
0
232
163
64
0
0
0
0
0
146
168
192
0
0
0
0
0
210
160
64
0
0
0
0
0
226
170
192
0
0
0
0
0
232
154
64
0
0
0
0
0
202
172
192
0
0
0
0
0
188
147
64
0
0
0
0
0
68
174
192
0
0
0
0
0
112
136
64
0
0
0
0
0
74
175
192
0
0
0
0
0
16
114
64
0
0
0
0
0
216
175
192
0
0
0
0
0
64
106
192
0
0
0
0
0
236
175
192
0
0
0
0
0
16
134
192
0
0
0
0
0
134
175
192
0
0
0
0
0
160
146
192
0
0
0
0
0
170
174
192
0
0
0
0
0
244
153
192
0
0
0
0
0
92
173
192
0
0
0
0
0
118
160
192
0
0
0
0
0
160
171
192
0
0
0
0
0
180
163
192
0
0
0
0
0
130
169
192
0
0
0
0
0
174
166
192
0
0
0
0
0
6
167
192
0
0
0
0
0
88
169
192
0
0
0
0
0
52
164
192
0
0
0
0
0
170
171
192
0
0
0
0
0
22
161
192
0
0
0
0
0
152
173
192
0
0
0
0
0
104
155
192
0
0
0
0
0
28
175
192
0
0
0
0
0
48
148
192
0
0
0
0
0
24
176
192
0
0
0
0
0
72
137
192
0
0
0
0
0
102
176
192
0
0
0
0
0
80
115
192
0
0
0
0
0
119
176
192
0
0
0
0
0
192
104
64
0
0
0
0
0
71
176
192
0
0
0
0
0
24
134
64
0
0
0
0
0
176
175
192
0
0
0
0
0
228
146
64
0
0
0
0
0
84
174
192
0
0
0
0
0
128
154
64
0
0
0
0
0
126
172
192
0
0
0
0
0
220
160
64
0
0
0
0
0
54
170
192
0
0
0
0
0
56
164
64
0
0
0
0
0
134
167
192
0
0
0
0
0
70
167
64
0
0
0
0
0
124
164
192
0
0
0
0
0
248
169
64
0
0
0
0
0
34
161
192
0
0
0
0
0
68
172
64
0
0
0
0
0
20
155
192
0
0
0
0
0
32
174
64
0
0
0
0
0
132
147
192
0
0
0
0
0
134
175
64
0
0
0
0
0
104
135
192
0
0
0
0
0
58
176
64
0
0
0
0
0
32
110
192
0
0
0
0
0
115
176
64
0
0
0
0
0
160
112
64
0
0
0
0
0
111
176
64
0
0
0
0
0
0
136
64
0
0
0
0
0
47
176
64
0
0
0
0
0
160
147
64
0
0
0
0
0
104
175
64
0
0
0
0
0
248
154
64
0
0
0
0
0
254
173
64
0
0
0
0
0
244
160
64
0
0
0
0
0
42
172
64
0
0
0
0
0
44
164
64
0
0
0
0
0
238
169
64
0
0
0
0
0
28
167
64
0
0
0
0
0
82
167
64
0
0
0
0
0
180
169
64
0
0
0
0
0
96
164
64
0
0
0
0
0
240
171
64
0
0
0
0
0
32
161
64
0
0
0
0
0
194
173
64
0
0
0
0
0
60
155
64
0
0
0
0
0
36
175
64
0
0
0
0
0
208
147
64
0
0
0
0
0
7
176
64
0
0
0
0
0
32
136
64
0
0
0
0
0
63
176
64
0
0
0
0
0
160
112
64
0
0
0
0
0
56
176
64
0
0
0
0
0
128
110
192
0
0
0
0
0
230
175
64
0
0
0
0
0
96
135
192
0
0
0
0
0
228
174
64
0
0
0
0
0
96
147
192
0
0
0
0
0
108
173
64
0
0
0
0
0
192
154
192
0
0
0
0
0
134
171
64
0
0
0
0
0
218
160
192
0
0
0
0
0
58
169
64
0
0
0
0
0
16
164
192
0
0
0
0
0
148
166
64
0
0
0
0
0
246
166
192
0
0
0
0
0
158
163
64
0
0
0
0
0
134
169
192
0
0
0
0
0
100
160
64
0
0
0
0
0
180
171
192
0
0
0
0
0
228
153
64
0
0
0
0
0
124
173
192
0
0
0
0
0
168
146
64
0
0
0
0
0
216
174
192
0
0
0
0
0
96
134
64
0
0
0
0
0
200
175
192
0
0
0
0
0
64
108
64
0
0
0
0
0
35
176
192
0
0
0
0
0
192
112
192
0
0
0
0
0
41
176
192
0
0
0
0
0
208
135
192
0
0
0
0
0
234
175
192
0
0
0
0
0
128
147
192
0
0
0
0
0
14
175
192
0
0
0
0
0
228
154
192
0
0
0
0
0
188
173
192
0
0
0
0
0
252
160
192
0
0
0
0
0
250
171
192
0
0
0
0
0
80
164
192
0
0
0
0
0
202
169
192
0
0
0
0
0
94
167
192
0
0
0
0
0
52
167
192
0
0
0
0
0
26
170
192
0
0
0
0
0
62
164
192
0
0
0
0
0
118
172
192
0
0
0
0
0
242
160
192
0
0
0
0
0
104
174
192
0
0
0
0
0
196
154
192
0
0
0
0
0
232
175
192
0
0
0
0
0
44
147
192
0
0
0
0
0
118
176
192
0
0
0
0
0
136
134
192
0
0
0
0
0
184
176
192
0
0
0
0
0
64
105
192
0
0
0
0
0
185
176
192
0
0
0
0
0
16
116
64
0
0
0
0
0
121
176
192
0
0
0
0
0
56
138
64
0
0
0
0
0
242
175
192
0
0
0
0
0
4
149
64
0
0
0
0
0
122
174
192
0
0
0
0
0
148
156
64
0
0
0
0
0
142
172
192
0
0
0
0
0
222
161
64
0
0
0
0
0
54
170
192
0
0
0
0
0
44
165
64
0
0
0
0
0
126
167
192
0
0
0
0
0
44
168
64
0
0
0
0
0
110
164
192
0
0
0
0
0
212
170
64
0
0
0
0
0
16
161
192
0
0
0
0
0
22
173
64
0
0
0
0
0
232
154
192
0
0
0
0
0
240
174
64
0
0
0
0
0
68
147
192
0
0
0
0
0
44
176
64
0
0
0
0
0
168
134
192
0
0
0
0
0
164
176
64
0
0
0
0
0
160
105
192
0
0
0
0
0
223
176
64
0
0
0
0
0
0
116
64
0
0
0
0
0
220
176
64
0
0
0
0
0
80
138
64
0
0
0
0
0
152
176
64
0
0
0
0
0
36
149
64
0
0
0
0
0
21
176
64
0
0
0
0
0
212
156
64
0
0
0
0
0
170
174
64
0
0
0
0
0
12
162
64
0
0
0
0
0
178
172
64
0
0
0
0
0
102
165
64
0
0
0
0
0
74
170
64
0
0
0
0
0
110
168
64
0
0
0
0
0
126
167
64
0
0
0
0
0
22
171
64
0
0
0
0
0
90
164
64
0
0
0
0
0
84
173
64
0
0
0
0
0
230
160
64
0
0
0
0
0
28
175
64
0
0
0
0
0
112
154
64
0
0
0
0
0
53
176
64
0
0
0
0
0
180
146
64
0
0
0
0
0
158
176
64
0
0
0
0
0
120
133
64
0
0
0
0
0
199
176
64
0
0
0
0
0
32
101
64
0
0
0
0
0
176
176
64
0
0
0
0
0
192
117
192
0
0
0
0
0
91
176
64
0
0
0
0
0
192
138
192
0
0
0
0
0
148
175
64
0
0
0
0
0
20
149
192
0
0
0
0
0
254
173
64
0
0
0
0
0
112
156
192
0
0
0
0
0
252
171
64
0
0
0
0
0
174
161
192
0
0
0
0
0
148
169
64
0
0
0
0
0
220
164
192
0
0
0
0
0
208
166
64
0
0
0
0
0
188
167
192
0
0
0
0
0
186
163
64
0
0
0
0
0
66
170
192
0
0
0
0
0
94
160
64
0
0
0
0
0
100
172
192
0
0
0
0
0
144
153
64
0
0
0
0
0
24
174
192
0
0
0
0
0
8
146
64
0
0
0
0
0
92
175
192
0
0
0
0
0
144
132
64
0
0
0
0
0
19
176
192
0
0
0
0
0
64
99
64
0
0
0
0
0
59
176
192
0
0
0
0
0
224
117
192
0
0
0
0
0
38
176
192
0
0
0
0
0
112
138
192
0
0
0
0
0
164
175
192
0
0
0
0
0
188
148
192
0
0
0
0
0
136
174
192
0
0
0
0
0
224
155
192
0
0
0
0
0
246
172
192
0
0
0
0
0
72
161
192
0
0
0
0
0
252
170
192
0
0
0
0
0
86
164
192
0
0
0
0
0
158
168
192
0
0
0
0
0
20
167
192
0
0
0
0
0
232
165
192
0
0
0
0
0
116
169
192
0
0
0
0
0
228
162
192
0
0
0
0
0
114
171
192
0
0
0
0
0
68
159
192
0
0
0
0
0
6
173
192
0
0
0
0
0
84
152
192
0
0
0
0
0
44
174
192
0
0
0
0
0
24
145
192
0
0
0
0
0
224
174
192
0
0
0
0
0
80
131
192
0
0
0
0
0
32
175
192
0
0
0
0
0
32
97
192
0
0
0
0
0
240
174
192
0
0
0
0
0
128
117
64
0
0
0
0
0
76
174
192
0
0
0
0
0
144
137
64
0
0
0
0
0
58
173
192
0
0
0
0
0
248
147
64
0
0
0
0
0
190
171
192
0
0
0
0
0
216
154
64
0
0
0
0
0
220
169
192
0
0
0
0
0
166
160
64
0
0
0
0
0
154
167
192
0
0
0
0
0
160
163
64
0
0
0
0
0
4
165
192
0
0
0
0
0
76
166
64
0
0
0
0
0
32
162
192
0
0
0
0
0
164
168
64
0
0
0
0
0
248
157
192
0
0
0
0
0
158
170
64
0
0
0
0
0
68
151
192
0
0
0
0
0
50
172
64
0
0
0
0
0
60
144
192
0
0
0
0
0
90
173
64
0
0
0
0
0
0
130
192
0
0
0
0
0
20
174
64
0
0
0
0
0
128
90
192
0
0
0
0
0
90
174
64
0
0
0
0
0
192
118
64
0
0
0
0
0
48
174
64
0
0
0
0
0
216
137
64
0
0
0
0
0
150
173
64
0
0
0
0
0
244
147
64
0
0
0
0
0
142
172
64
0
0
0
0
0
172
154
64
0
0
0
0
0
26
171
64
0
0
0
0
0
126
160
64
0
0
0
0
0
68
169
64
0
0
0
0
0
104
163
64
0
0
0
0
0
16
167
64
0
0
0
0
0
6
166
64
0
0
0
0
0
136
164
64
0
0
0
0
0
84
168
64
0
0
0
0
0
182
161
64
0
0
0
0
0
68
170
64
0
0
0
0
0
68
157
64
0
0
0
0
0
210
171
64
0
0
0
0
0
176
150
64
0
0
0
0
0
250
172
64
0
0
0
0
0
152
143
64
0
0
0
0
0
182
173
64
0
0
0
0
0
96
129
64
0
0
0
0
0
2
174
64
0
0
0
0
0
0
87
64
0
0
0
0
0
224
173
64
0
0
0
0
0
80
119
192
0
0
0
0
0
80
173
64
0
0
0
0
0
0
138
192
0
0
0
0
0
84
172
64
0
0
0
0
0
0
148
192
0
0
0
0
0
238
170
64
0
0
0
0
0
184
154
192
0
0
0
0
0
36
169
64
0
0
0
0
0
136
160
192
0
0
0
0
0
252
166
64
0
0
0
0
0
120
163
192
0
0
0
0
0
126
164
64
0
0
0
0
0
34
166
192
0
0
0
0
0
176
161
64
0
0
0
0
0
124
168
192
0
0
0
0
0
64
157
64
0
0
0
0
0
124
170
192
0
0
0
0
0
172
150
64
0
0
0
0
0
28
172
192
0
0
0
0
0
120
143
64
0
0
0
0
0
82
173
192
0
0
0
0
0
24
129
64
0
0
0
0
0
28
174
192
0
0
0
0
0
128
83
64
0
0
0
0
0
116
174
192
0
0
0
0
0
160
120
192
0
0
0
0
0
90
174
192
0
0
0
0
0
240
138
192
0
0
0
0
0
204
173
192
0
0
0
0
0
152
148
192
0
0
0
0
0
204
172
192
0
0
0
0
0
108
155
192
0
0
0
0
0
94
171
192
0
0
0
0
0
238
160
192
0
0
0
0
0
134
169
192
0
0
0
0
0
230
163
192
0
0
0
0
0
80
167
192
0
0
0
0
0
148
166
192
0
0
0
0
0
190
164
192
0
0
0
0
0
238
168
192
0
0
0
0
0
224
161
192
0
0
0
0
0
234
170
192
0
0
0
0
0
120
157
192
0
0
0
0
0
130
172
192
0
0
0
0
0
196
150
192
0
0
0
0
0
176
173
192
0
0
0
0
0
104
143
192
0
0
0
0
0
110
174
192
0
0
0
0
0
216
128
192
0
0
0
0
0
188
174
192
0
0
0
0
0
0
80
192
0
0
0
0
0
150
174
192
0
0
0
0
0
192
121
64
0
0
0
0
0
0
174
192
0
0
0
0
0
152
139
64
0
0
0
0
0
248
172
192
0
0
0
0
0
248
148
64
0
0
0
0
0
132
171
192
0
0
0
0
0
220
155
64
0
0
0
0
0
166
169
192
0
0
0
0
0
44
161
64
0
0
0
0
0
104
167
192
0
0
0
0
0
42
164
64
0
0
0
0
0
206
164
192
0
0
0
0
0
222
166
64
0
0
0
0
0
230
161
192
0
0
0
0
0
60
169
64
0
0
0
0
0
116
157
192
0
0
0
0
0
60
171
64
0
0
0
0
0
168
150
192
0
0
0
0
0
212
172
64
0
0
0
0
0
8
143
192
0
0
0
0
0
0
174
64
0
0
0
0
0
80
128
192
0
0
0
0
0
186
174
64
0
0
0
0
0
0
69
192
0
0
0
0
0
254
174
64
0
0
0
0
0
96
123
64
0
0
0
0
0
208
174
64
0
0
0
0
0
120
140
64
0
0
0
0
0
44
174
64
0
0
0
0
0
108
149
64
0
0
0
0
0
22
173
64
0
0
0
0
0
76
156
64
0
0
0
0
0
148
171
64
0
0
0
0
0
96
161
64
0
0
0
0
0
170
169
64
0
0
0
0
0
90
164
64
0
0
0
0
0
96
167
64
0
0
0
0
0
6
167
64
0
0
0
0
0
190
164
64
0
0
0
0
0
94
169
64
0
0
0
0
0
208
161
64
0
0
0
0
0
86
171
64
0
0
0
0
0
64
157
64
0
0
0
0
0
234
172
64
0
0
0
0
0
112
150
64
0
0
0
0
0
16
174
64
0
0
0
0
0
152
142
64
0
0
0
0
0
200
174
64
0
0
0
0
0
176
127
64
0
0
0
0
0
12
175
64
0
0
0
0
0
0
59
64
0
0
0
0
0
220
174
64
0
0
0
0
0
80
124
192
0
0
0
0
0
56
174
64
0
0
0
0
0
0
141
192
0
0
0
0
0
34
173
64
0
0
0
0
0
180
149
192
0
0
0
0
0
160
171
64
0
0
0
0
0
152
156
192
0
0
0
0
0
178
169
64
0
0
0
0
0
138
161
192
0
0
0
0
0
102
167
64
0
0
0
0
0
136
164
192
0
0
0
0
0
190
164
64
0
0
0
0
0
56
167
192
0
0
0
0
0
202
161
64
0
0
0
0
0
144
169
192
0
0
0
0
0
36
157
64
0
0
0
0
0
138
171
192
0
0
0
0
0
68
150
64
0
0
0
0
0
28
173
192
0
0
0
0
0
32
142
64
0
0
0
0
0
64
174
192
0
0
0
0
0
128
126
64
0
0
0
0
0
246
174
192
0
0
0
0
0
0
20
64
0
0
0
0
0
54
175
192
0
0
0
0
0
224
125
192
0
0
0
0
0
2
175
192
0
0
0
0
0
216
141
192
0
0
0
0
0
90
174
192
0
0
0
0
0
44
150
192
0
0
0
0
0
66
173
192
0
0
0
0
0
28
157
192
0
0
0
0
0
188
171
192
0
0
0
0
0
210
161
192
0
0
0
0
0
206
169
192
0
0
0
0
0
214
164
192
0
0
0
0
0
126
167
192
0
0
0
0
0
142
167
192
0
0
0
0
0
212
164
192
0
0
0
0
0
238
169
192
0
0
0
0
0
220
161
192
0
0
0
0
0
240
171
192
0
0
0
0
0
60
157
192
0
0
0
0
0
138
173
192
0
0
0
0
0
76
150
192
0
0
0
0
0
182
174
192
0
0
0
0
0
8
142
192
0
0
0
0
0
110
175
192
0
0
0
0
0
0
126
192
0
0
0
0
0
178
175
192
0
0
0
0
0
0
36
64
0
0
0
0
0
126
175
192
0
0
0
0
0
80
127
64
0
0
0
0
0
210
174
192
0
0
0
0
0
208
142
64
0
0
0
0
0
178
173
192
0
0
0
0
0
200
150
64
0
0
0
0
0
34
172
192
0
0
0
0
0
212
157
64
0
0
0
0
0
38
170
192
0
0
0
0
0
58
162
64
0
0
0
0
0
200
167
192
0
0
0
0
0
72
165
64
0
0
0
0
0
14
165
192
0
0
0
0
0
10
168
64
0
0
0
0
0
6
162
192
0
0
0
0
0
114
170
64
0
0
0
0
0
112
157
192
0
0
0
0
0
120
172
64
0
0
0
0
0
96
150
192
0
0
0
0
0
22
174
64
0
0
0
0
0
240
141
192
0
0
0
0
0
70
175
64
0
0
0
0
0
64
125
192
0
0
0
0
0
1
176
64
0
0
0
0
0
0
62
64
0
0
0
0
0
36
176
64
0
0
0
0
0
144
128
64
0
0
0
0
0
10
176
64
0
0
0
0
0
0
144
64
0
0
0
0
0
106
175
64
0
0
0
0
0
136
151
64
0
0
0
0
0
72
174
64
0
0
0
0
0
188
158
64
0
0
0
0
0
178
172
64
0
0
0
0
0
196
162
64
0
0
0
0
0
176
170
64
0
0
0
0
0
230
165
64
0
0
0
0
0
68
168
64
0
0
0
0
0
186
168
64
0
0
0
0
0
124
165
64
0
0
0
0
0
52
171
64
0
0
0
0
0
94
162
64
0
0
0
0
0
72
173
64
0
0
0
0
0
236
157
64
0
0
0
0
0
240
174
64
0
0
0
0
0
164
150
64
0
0
0
0
0
18
176
64
0
0
0
0
0
0
142
64
0
0
0
0
0
111
176
64
0
0
0
0
0
112
124
64
0
0
0
0
0
142
176
64
0
0
0
0
0
128
77
192
0
0
0
0
0
110
176
64
0
0
0
0
0
232
129
192
0
0
0
0
0
15
176
64
0
0
0
0
0
224
144
192
0
0
0
0
0
232
174
64
0
0
0
0
0
144
152
192
0
0
0
0
0
58
173
64
0
0
0
0
0
232
159
192
0
0
0
0
0
28
171
64
0
0
0
0
0
102
163
192
0
0
0
0
0
152
168
64
0
0
0
0
0
142
166
192
0
0
0
0
0
182
165
64
0
0
0
0
0
100
169
192
0
0
0
0
0
130
162
64
0
0
0
0
0
218
171
192
0
0
0
0
0
12
158
64
0
0
0
0
0
234
173
192
0
0
0
0
0
164
150
64
0
0
0
0
0
138
175
192
0
0
0
0
0
192
141
64
0
0
0
0
0
90
176
192
0
0
0
0
0
144
123
64
0
0
0
0
0
179
176
192
0
0
0
0
0
128
83
192
0
0
0
0
0
206
176
192
0
0
0
0
0
168
130
192
0
0
0
0
0
170
176
192
0
0
0
0
0
88
145
192
0
0
0
0
0
0
0
0
0
0
0
0
0
0
0
0
0
0
0
0
0
0
0
0
0
0
0
0
0
0
0
0
0
0
0
0
0
0
0
0
0
0
0
0
0
0
0
0
0
0
0
0
0
0
0
0
0
0
0
0
0
0
0
0
0
0
0
0
0
0
0
0
0
0
0
0
0
0
0
0
0
0
0
0
0
0
0
0
0
0
0
0
0
0
0
0
0
0
0
0
0
0
0
0
0
0
0
0
0
0
0
0
0
0
0
0
0
0
0
0
0
0
0
0
0
0
0
0
0
0
0
0
0
0
0
0
0
0
0
0
0
0
0
0
0
0
0
0
0
0
0
0
0
0
0
0
0
0
0
0
0
0
0
0
0
0
0
0
0
0
0
0
0
0
0
0
0
0
0
0
0
0
0
0
0
0
0
0
0
0
0
0
0
0
0
0
0
0
0
0
0
0
0
0
0
0
0
0
0
0
0
0
0
0
0
0
0
0
0
0
0
0
0
0
0
0
0
0
0
0
0
0
0
0
0
0
0
0
0
0
0
0
0
0
0
0
0
0
0
0
0
0
0
0
0
0
0
0
0
0
0
0
0
0
0
0
0
0
0
0
0
0
0
0
0
0
0
0
0
0
0
0
0
0
0
0
0
0
0
0
0
0
0
0
0
0
0
0
0
0
0
0
0
0
0
0
0
0
0
0
0
0
0
0
0
0
0
0
0
0
0
0
0
0
0
0
0
0
0
0
0
0
0
0
0
0
0
0
0
0
0
0
0
0
0
0
0
0
0
0
0
0
0
0
0
0
0
0
0
0
0
0
0
0
0
0
0
0
0
0
0
0
0
0
0
0
0
0
0
0
0
0
0
0
0
0
0
0
0
0
0
0
0
0
0
0
0
0
0
0
0
0
0
0
0
0
0
0
0
0
0
0
0
0
0
0
0
0
0
0
0
0
0
0
0
0
0
0
0
0
0
0
0
0
0
0
0
0
0
0
0
0
0
0
0
0
0
0
0
0
0
0
0
0
0
0
0
0
0
0
0
0
0
0
0
0
0
0
0
0
0
0
0
0
0
0
0
0
0
0
0
0
0
0
0
0
0
0
0
0
0
0
0
0
0
0
0
0
0
0
0
0
0
0
0
0
0
0
0
0
0
0
0
0
0
0
0
0
0
0
0
0
0
0
0
0
0
0
0
0
0
0
0
0
0
0
0
0
0
0
0
0
0
0
0
0
0
0
0
0
0
0
0
0
0
0
0
0
0
0
0
0
0
0
0
0
0
0
0
0
0
0
0
0
0
0
0
0
0
0
0
0
0
0
0
0
0
0
0
0
0
0
0
0
0
0
0
0
0
0
0
0
0
0
0
0
0
0
0
0
0
0
0
0
0
0
0
0
0
0
0
0
0
0
0
0
0
0
0
0
0
0
0
0
0
0
0
0
0
0
0
0
0
0
0
0
0
0
0
0
0
0
0
0
0
0
0
0
0
0
0
0
0
0
0
0
0
0
0
0
0
0
0
0
0
0
0
0
0
0
0
0
0
0
0
0
0
0
0
0
0
0
0
0
0
0
0
0
0
0
0
0
0
0
0
0
0
0
0
0
0
0
0
0
0
0
0
0
0
0
0
0
0
0
0
0
0
0
0
0
0
0
0
0
0
0
0
0
0
0
0
0
0
0
0
0
0
0
0
0
0
0
0
0
0
0
0
0
0
0
0
0
0
0
0
0
0
0
0
0
0
0
0
0
0
0
0
0
0
0
0
0
0
0
0
0
0
0
0
0
0
0
0
0
0
0
0
0
0
0
0
0
0
0
0
0
0
0
0
0
0
0
0
0
0
0
0
0
0
0
0
0
0
0
0
0
0
0
0
0
0
0
0
0
0
0
0
0
0
0
0
0
0
0
0
0
0
0
0
0
0
0
0
0
0
0
0
0
0
0
0
0
0
0
0
0
0
0
0
0
0
0
0
0
0
0
0
0
0
0
0
0
0
0
0
0
0
0
0
0
0
0
0
0
0
0
0
0
0
0
0
0
0
0
0
0
0
0
0
0
0
0
0
0
0
0
0
0
0
0
0
0
0
0
0
0
0
0
0
0
0
0
0
0
0
0
0
0
0
0
0
0
0
0
0
0
0
0
0
0
0
0
0
0
0
0
0
0
0
0
0
0
0
0
0
0
0
0
0
0
0
0
0
0
0
0
0
0
0
0
0
0
0
0
0
0
0
0
0
0
0
0
0
0
0
0
0
0
0
0
0
0
0
0
0
0
0
0
0
0
0
0
0
0
0
0
0
0
0
0
0
0
0
0
0
0
0
0
0
0
0
0
0
0
0
0
0
0
0
0
0
0
0
0
0
0
0
0
0
0
0
0
0
0
0
0
0
0
0
0
0
0
0
0
0
0
0
0
0
0
0
0
0
0
0
0
0
0
0
0
0
0
0
0
0
0
0
0
0
0
0
0
0
0
0
0
0
0
0
0
0
0
0
0
0
0
0
0
0
0
0
0
0
0
0
0
0
0
0
0
0
0
0
0
0
0
0
0
0
0
0
0
0
0
0
0
0
0
0
0
0
0
0
0
0
0
0
0
0
0
0
0
0
0
0
0
0
0
0
0
0
0
0
0
0
0
0
0
0
0
0
0
0
0
0
0
0
0
0
0
0
0
0
0
0
0
0
0
0
0
0
0
0
0
0
0
0
0
0
0
0
0
0
0
0
0
0
0
0
0
0
0
0
0
0
0
0
0
0
0
0
0
0
0
0
0
0
0
0
0
0