58
70
65
67
84
58
67
68
65
84
49
56
58
68
65
84
65
32
35
57
48
48
48
48
48
54
57
51
54
0
0
0
0
0
148
159
192
0
0
0
0
0
200
173
64
0
0
0
0
0
0
152
192
0
0
0
0
0
144
175
64
0
0
0
0
0
4
144
192
0
0
0
0
0
111
176
64
0
0
0
0
0
0
127
192
0
0
0
0
0
212
176
64
0
0
0
0
0
128
68
64
0
0
0
0
0
247
176
64
0
0
0
0
0
32
130
64
0
0
0
0
0
215
176
64
0
0
0
0
0
96
145
64
0
0
0
0
0
116
176
64
0
0
0
0
0
112
153
64
0
0
0
0
0
160
175
64
0
0
0
0
0
144
160
64
0
0
0
0
0
216
173
64
0
0
0
0
0
40
164
64
0
0
0
0
0
154
171
64
0
0
0
0
0
116
167
64
0
0
0
0
0
236
168
64
0
0
0
0
0
102
170
64
0
0
0
0
0
218
165
64
0
0
0
0
0
240
172
64
0
0
0
0
0
112
162
64
0
0
0
0
0
10
175
64
0
0
0
0
0
116
157
64
0
0
0
0
0
85
176
64
0
0
0
0
0
144
149
64
0
0
0
0
0
228
176
64
0
0
0
0
0
160
138
64
0
0
0
0
0
50
177
64
0
0
0
0
0
96
115
64
0
0
0
0
0
59
177
64
0
0
0
0
0
192
109
192
0
0
0
0
0
0
177
64
0
0
0
0
0
120
136
192
0
0
0
0
0
130
176
64
0
0
0
0
0
152
148
192
0
0
0
0
0
134
175
64
0
0
0
0
0
164
156
192
0
0
0
0
0
138
173
64
0
0
0
0
0
36
162
192
0
0
0
0
0
24
171
64
0
0
0
0
0
174
165
192
0
0
0
0
0
56
168
64
0
0
0
0
0
228
168
192
0
0
0
0
0
248
164
64
0
0
0
0
0
188
171
192
0
0
0
0
0
100
161
64
0
0
0
0
0
38
174
192
0
0
0
0
0
20
155
64
0
0
0
0
0
13
176
192
0
0
0
0
0
240
146
64
0
0
0
0
0
201
176
192
0
0
0
0
0
248
132
64
0
0
0
0
0
67
177
192
0
0
0
0
0
128
93
64
0
0
0
0
0
121
177
192
0
0
0
0
0
96
123
192
0
0
0
0
0
106
177
192
0
0
0
0
0
224
142
192
0
0
0
0
0
22
177
192
0
0
0
0
0
208
151
192
0
0
0
0
0
127
176
192
0
0
0
0
0
216
159
192
0
0
0
0
0
76
175
192
0
0
0
0
0
178
163
192
0
0
0
0
0
28
173
192
0
0
0
0
0
46
167
192
0
0
0
0
0
122
170
192
0
0
0
0
0
80
170
192
0
0
0
0
0
110
167
192
0
0
0
0
0
12
173
192
0
0
0
0
0
2
164
192
0
0
0
0
0
86
175
192
0
0
0
0
0
70
160
192
0
0
0
0
0
147
176
192
0
0
0
0
0
140
152
192
0
0
0
0
0
58
177
192
0
0
0
0
0
40
144
192
0
0
0
0
0
158
177
192
0
0
0
0
0
0
126
192
0
0
0
0
0
188
177
192
0
0
0
0
0
192
84
64
0
0
0
0
0
147
177
192
0
0
0
0
0
40
132
64
0
0
0
0
0
38
177
192
0
0
0
0
0
188
146
64
0
0
0
0
0
116
176
192
0
0
0
0
0
32
155
64
0
0
0
0
0
0
175
192
0
0
0
0
0
142
161
64
0
0
0
0
0
158
172
192
0
0
0
0
0
74
165
64
0
0
0
0
0
200
169
192
0
0
0
0
0
178
168
64
0
0
0
0
0
140
166
192
0
0
0
0
0
188
171
64
0
0
0
0
0
244
162
192
0
0
0
0
0
88
174
64
0
0
0
0
0
32
158
192
0
0
0
0
0
63
176
64
0
0
0
0
0
220
149
192
0
0
0
0
0
18
177
64
0
0
0
0
0
120
138
192
0
0
0
0
0
162
177
64
0
0
0
0
0
144
113
192
0
0
0
0
0
236
177
64
0
0
0
0
0
32
114
64
0
0
0
0
0
240
177
64
0
0
0
0
0
208
138
64
0
0
0
0
0
172
177
64
0
0
0
0
0
20
150
64
0
0
0
0
0
35
177
64
0
0
0
0
0
112
158
64
0
0
0
0
0
85
176
64
0
0
0
0
0
42
163
64
0
0
0
0
0
140
174
64
0
0
0
0
0
210
166
64
0
0
0
0
0
244
171
64
0
0
0
0
0
32
170
64
0
0
0
0
0
238
168
64
0
0
0
0
0
8
173
64
0
0
0
0
0
132
165
64
0
0
0
0
0
126
175
64
0
0
0
0
0
194
161
64
0
0
0
0
0
188
176
64
0
0
0
0
0
116
155
64
0
0
0
0
0
119
177
64
0
0
0
0
0
248
146
64
0
0
0
0
0
238
177
64
0
0
0
0
0
88
132
64
0
0
0
0
0
30
178
64
0
0
0
0
0
64
83
64
0
0
0
0
0
6
178
64
0
0
0
0
0
48
127
192
0
0
0
0
0
167
177
64
0
0
0
0
0
172
144
192
0
0
0
0
0
2
177
64
0
0
0
0
0
80
153
192
0
0
0
0
0
26
176
64
0
0
0
0
0
200
160
192
0
0
0
0
0
228
173
64
0
0
0
0
0
168
164
192
0
0
0
0
0
30
171
64
0
0
0
0
0
54
168
192
0
0
0
0
0
234
167
64
0
0
0
0
0
102
171
192
0
0
0
0
0
88
164
64
0
0
0
0
0
42
174
192
0
0
0
0
0
118
160
64
0
0
0
0
0
59
176
192
0
0
0
0
0
160
152
64
0
0
0
0
0
34
177
192
0
0
0
0
0
232
143
64
0
0
0
0
0
198
177
192
0
0
0
0
0
32
124
64
0
0
0
0
0
35
178
192
0
0
0
0
0
32
96
192
0
0
0
0
0
57
178
192
0
0
0
0
0
16
134
192
0
0
0
0
0
7
178
192
0
0
0
0
0
228
147
192
0
0
0
0
0
142
177
192
0
0
0
0
0
116
156
192
0
0
0
0
0
208
176
192
0
0
0
0
0
74
162
192
0
0
0
0
0
158
175
192
0
0
0
0
0
20
166
192
0
0
0
0
0
32
173
192
0
0
0
0
0
136
169
192
0
0
0
0
0
44
170
192
0
0
0
0
0
152
172
192
0
0
0
0
0
210
166
192
0
0
0
0
0
56
175
192
0
0
0
0
0
28
163
192
0
0
0
0
0
175
176
192
0
0
0
0
0
52
158
192
0
0
0
0
0
128
177
192
0
0
0
0
0
184
149
192
0
0
0
0
0
12
178
192
0
0
0
0
0
200
137
192
0
0
0
0
0
81
178
192
0
0
0
0
0
192
110
192
0
0
0
0
0
77
178
192
0
0
0
0
0
16
117
64
0
0
0
0
0
1
178
192
0
0
0
0
0
152
140
64
0
0
0
0
0
110
177
192
0
0
0
0
0
28
151
64
0
0
0
0
0
150
176
192
0
0
0
0
0
152
159
64
0
0
0
0
0
250
174
192
0
0
0
0
0
202
163
64
0
0
0
0
0
76
172
192
0
0
0
0
0
124
167
64
0
0
0
0
0
46
169
192
0
0
0
0
0
212
170
64
0
0
0
0
0
170
165
192
0
0
0
0
0
194
173
64
0
0
0
0
0
210
161
192
0
0
0
0
0
29
176
64
0
0
0
0
0
100
155
192
0
0
0
0
0
26
177
64
0
0
0
0
0
180
146
192
0
0
0
0
0
212
177
64
0
0
0
0
0
112
131
192
0
0
0
0
0
72
178
64
0
0
0
0
0
128
66
192
0
0
0
0
0
115
178
64
0
0
0
0
0
40
129
64
0
0
0
0
0
85
178
64
0
0
0
0
0
156
145
64
0
0
0
0
0
239
177
64
0
0
0
0
0
96
154
64
0
0
0
0
0
66
177
64
0
0
0
0
0
96
161
64
0
0
0
0
0
80
176
64
0
0
0
0
0
74
165
64
0
0
0
0
0
58
174
64
0
0
0
0
0
226
168
64
0
0
0
0
0
92
171
64
0
0
0
0
0
24
172
64
0
0
0
0
0
18
168
64
0
0
0
0
0
222
174
64
0
0
0
0
0
104
164
64
0
0
0
0
0
149
176
64
0
0
0
0
0
110
160
64
0
0
0
0
0
122
177
64
0
0
0
0
0
96
152
64
0
0
0
0
0
25
178
64
0
0
0
0
0
16
143
64
0
0
0
0
0
113
178
64
0
0
0
0
0
176
121
64
0
0
0
0
0
128
178
64
0
0
0
0
0
32
102
192
0
0
0
0
0
70
178
64
0
0
0
0
0
224
135
192
0
0
0
0
0
196
177
64
0
0
0
0
0
232
148
192
0
0
0
0
0
252
176
64
0
0
0
0
0
144
157
192
0
0
0
0
0
224
175
64
0
0
0
0
0
226
162
192
0
0
0
0
0
76
173
64
0
0
0
0
0
176
166
192
0
0
0
0
0
68
170
64
0
0
0
0
0
38
170
192
0
0
0
0
0
210
166
64
0
0
0
0
0
52
173
192
0
0
0
0
0
8
163
64
0
0
0
0
0
208
175
192
0
0
0
0
0
228
157
64
0
0
0
0
0
246
176
192
0
0
0
0
0
64
149
64
0
0
0
0
0
193
177
192
0
0
0
0
0
144
136
64
0
0
0
0
0
70
178
192
0
0
0
0
0
0
105
64
0
0
0
0
0
130
178
192
0
0
0
0
0
64
120
192
0
0
0
0
0
116
178
192
0
0
0
0
0
80
142
192
0
0
0
0
0
28
178
192
0
0
0
0
0
0
152
192
0
0
0
0
0
125
177
192
0
0
0
0
0
58
160
192
0
0
0
0
0
152
176
192
0
0
0
0
0
52
164
192
0
0
0
0
0
228
174
192
0
0
0
0
0
218
167
192
0
0
0
0
0
32
172
192
0
0
0
0
0
32
171
192
0
0
0
0
0
236
168
192
0
0
0
0
0
252
173
192
0
0
0
0
0
90
165
192
0
0
0
0
0
47
176
192
0
0
0
0
0
116
161
192
0
0
0
0
0
33
177
192
0
0
0
0
0
152
154
192
0
0
0
0
0
208
177
192
0
0
0
0
0
228
145
192
0
0
0
0
0
56
178
192
0
0
0
0
0
216
129
192
0
0
0
0
0
89
178
192
0
0
0
0
0
0
38
64
0
0
0
0
0
50
178
192
0
0
0
0
0
136
130
64
0
0
0
0
0
195
177
192
0
0
0
0
0
52
146
64
0
0
0
0
0
15
177
192
0
0
0
0
0
220
154
64
0
0
0
0
0
23
176
192
0
0
0
0
0
140
161
64
0
0
0
0
0
190
173
192
0
0
0
0
0
100
165
64
0
0
0
0
0
218
170
192
0
0
0
0
0
230
168
64
0
0
0
0
0
140
167
192
0
0
0
0
0
4
172
64
0
0
0
0
0
224
163
192
0
0
0
0
0
180
174
64
0
0
0
0
0
208
159
192
0
0
0
0
0
116
176
64
0
0
0
0
0
100
151
192
0
0
0
0
0
76
177
64
0
0
0
0
0
56
141
192
0
0
0
0
0
223
177
64
0
0
0
0
0
144
118
192
0
0
0
0
0
43
178
64
0
0
0
0
0
96
107
64
0
0
0
0
0
47
178
64
0
0
0
0
0
200
136
64
0
0
0
0
0
235
177
64
0
0
0
0
0
40
149
64
0
0
0
0
0
97
177
64
0
0
0
0
0
152
157
64
0
0
0
0
0
147
176
64
0
0
0
0
0
196
162
64
0
0
0
0
0
10
175
64
0
0
0
0
0
116
166
64
0
0
0
0
0
116
172
64
0
0
0
0
0
200
169
64
0
0
0
0
0
112
169
64
0
0
0
0
0
182
172
64
0
0
0
0
0
10
166
64
0
0
0
0
0
52
175
64
0
0
0
0
0
80
162
64
0
0
0
0
0
155
176
64
0
0
0
0
0
156
156
64
0
0
0
0
0
91
177
64
0
0
0
0
0
40
148
64
0
0
0
0
0
214
177
64
0
0
0
0
0
208
134
64
0
0
0
0
0
11
178
64
0
0
0
0
0
224
99
64
0
0
0
0
0
249
177
64
0
0
0
0
0
224
121
192
0
0
0
0
0
160
177
64
0
0
0
0
0
160
142
192
0
0
0
0
0
2
177
64
0
0
0
0
0
236
151
192
0
0
0
0
0
32
176
64
0
0
0
0
0
20
160
192
0
0
0
0
0
252
173
64
0
0
0
0
0
242
163
192
0
0
0
0
0
68
171
64
0
0
0
0
0
128
167
192
0
0
0
0
0
30
168
64
0
0
0
0
0
176
170
192
0
0
0
0
0
154
164
64
0
0
0
0
0
116
173
192
0
0
0
0
0
198
160
64
0
0
0
0
0
196
175
192
0
0
0
0
0
100
153
64
0
0
0
0
0
203
176
192
0
0
0
0
0
216
144
64
0
0
0
0
0
112
177
192
0
0
0
0
0
24
128
64
0
0
0
0
0
209
177
192
0
0
0
0
0
128
75
192
0
0
0
0
0
236
177
192
0
0
0
0
0
120
131
192
0
0
0
0
0
191
177
192
0
0
0
0
0
116
146
192
0
0
0
0
0
78
177
192
0
0
0
0
0
224
154
192
0
0
0
0
0
152
176
192
0
0
0
0
0
112
161
192
0
0
0
0
0
66
175
192
0
0
0
0
0
44
165
192
0
0
0
0
0
218
172
192
0
0
0
0
0
148
168
192
0
0
0
0
0
2
170
192
0
0
0
0
0
154
171
192
0
0
0
0
0
196
166
192
0
0
0
0
0
54
174
192
0
0
0
0
0
42
163
192
0
0
0
0
0
45
176
192
0
0
0
0
0
144
158
192
0
0
0
0
0
255
176
192
0
0
0
0
0
80
150
192
0
0
0
0
0
143
177
192
0
0
0
0
0
104
139
192
0
0
0
0
0
218
177
192
0
0
0
0
0
144
115
192
0
0
0
0
0
221
177
192
0
0
0
0
0
0
112
64
0
0
0
0
0
155
177
192
0
0
0
0
0
176
137
64
0
0
0
0
0
18
177
192
0
0
0
0
0
124
149
64
0
0
0
0
0
69
176
192
0
0
0
0
0
200
157
64
0
0
0
0
0
110
174
192
0
0
0
0
0
208
162
64
0
0
0
0
0
218
171
192
0
0
0
0
0
112
166
64
0
0
0
0
0
216
168
192
0
0
0
0
0
182
169
64
0
0
0
0
0
116
165
192
0
0
0
0
0
146
172
64
0
0
0
0
0
186
161
192
0
0
0
0
0
252
174
64
0
0
0
0
0
120
155
192
0
0
0
0
0
116
176
64
0
0
0
0
0
24
147
192
0
0
0
0
0
40
177
64
0
0
0
0
0
216
132
192
0
0
0
0
0
152
177
64
0
0
0
0
0
0
90
192
0
0
0
0
0
194
177
64
0
0
0
0
0
176
124
64
0
0
0
0
0
166
177
64
0
0
0
0
0
168
143
64
0
0
0
0
0
68
177
64
0
0
0
0
0
56
152
64
0
0
0
0
0
159
176
64
0
0
0
0
0
30
160
64
0
0
0
0
0
114
175
64
0
0
0
0
0
222
163
64
0
0
0
0
0
44
173
64
0
0
0
0
0
78
167
64
0
0
0
0
0
118
170
64
0
0
0
0
0
98
170
64
0
0
0
0
0
90
167
64
0
0
0
0
0
14
173
64
0
0
0
0
0
228
163
64
0
0
0
0
0
72
175
64
0
0
0
0
0
32
160
64
0
0
0
0
0
131
176
64
0
0
0
0
0
56
152
64
0
0
0
0
0
33
177
64
0
0
0
0
0
176
143
64
0
0
0
0
0
123
177
64
0
0
0
0
0
224
124
64
0
0
0
0
0
144
177
64
0
0
0
0
0
64
88
192
0
0
0
0
0
94
177
64
0
0
0
0
0
104
132
192
0
0
0
0
0
232
176
64
0
0
0
0
0
184
146
192
0
0
0
0
0
47
176
64
0
0
0
0
0
240
154
192
0
0
0
0
0
108
174
64
0
0
0
0
0
92
161
192
0
0
0
0
0
4
172
64
0
0
0
0
0
250
164
192
0
0
0
0
0
44
169
64
0
0
0
0
0
66
168
192
0
0
0
0
0
244
165
64
0
0
0
0
0
42
171
192
0
0
0
0
0
102
162
64
0
0
0
0
0
164
173
192
0
0
0
0
0
32
157
64
0
0
0
0
0
166
175
192
0
0
0
0
0
8
149
64
0
0
0
0
0
150
176
192
0
0
0
0
0
72
137
64
0
0
0
0
0
23
177
192
0
0
0
0
0
64
112
64
0
0
0
0
0
84
177
192
0
0
0
0
0
64
114
192
0
0
0
0
0
76
177
192
0
0
0
0
0
40
138
192
0
0
0
0
0
1
177
192
0
0
0
0
0
100
149
192
0
0
0
0
0
114
176
192
0
0
0
0
0
88
157
192
0
0
0
0
0
70
175
192
0
0
0
0
0
108
162
192
0
0
0
0
0
44
173
192
0
0
0
0
0
222
165
192
0
0
0
0
0
162
170
192
0
0
0
0
0
250
168
192
0
0
0
0
0
176
167
192
0
0
0
0
0
176
171
192
0
0
0
0
0
98
164
192
0
0
0
0
0
248
173
192
0
0
0
0
0
196
160
192
0
0
0
0
0
200
175
192
0
0
0
0
0
208
153
192
0
0
0
0
0
141
176
192
0
0
0
0
0
184
145
192
0
0
0
0
0
244
176
192
0
0
0
0
0
184
130
192
0
0
0
0
0
24
177
192
0
0
0
0
0
0
76
192
0
0
0
0
0
249
176
192
0
0
0
0
0
96
126
64
0
0
0
0
0
151
176
192
0
0
0
0
0
224
143
64
0
0
0
0
0
232
175
192
0
0
0
0
0
4
152
64
0
0
0
0
0
38
174
192
0
0
0
0
0
180
159
64
0
0
0
0
0
238
171
192
0
0
0
0
0
116
163
64
0
0
0
0
0
72
169
192
0
0
0
0
0
190
166
64
0
0
0
0
0
66
166
192
0
0
0
0
0
174
169
64
0
0
0
0
0
228
162
192
0
0
0
0
0
56
172
64
0
0
0
0
0
124
158
192
0
0
0
0
0
84
174
64
0
0
0
0
0
188
150
192
0
0
0
0
0
248
175
64
0
0
0
0
0
64
141
192
0
0
0
0
0
143
176
64
0
0
0
0
0
64
121
192
0
0
0
0
0
224
176
64
0
0
0
0
0
192
96
64
0
0
0
0
0
239
176
64
0
0
0
0
0
240
132
64
0
0
0
0
0
187
176
64
0
0
0
0
0
172
146
64
0
0
0
0
0
69
176
64
0
0
0
0
0
148
154
64
0
0
0
0
0
28
175
64
0
0
0
0
0
8
161
64
0
0
0
0
0
50
173
64
0
0
0
0
0
128
164
64
0
0
0
0
0
212
170
64
0
0
0
0
0
166
167
64
0
0
0
0
0
14
168
64
0
0
0
0
0
106
170
64
0
0
0
0
0
230
164
64
0
0
0
0
0
196
172
64
0
0
0
0
0
110
161
64
0
0
0
0
0
168
174
64
0
0
0
0
0
104
155
64
0
0
0
0
0
8
176
64
0
0
0
0
0
136
147
64
0
0
0
0
0
123
176
64
0
0
0
0
0
200
134
64
0
0
0
0
0
172
176
64
0
0
0
0
0
224
104
64
0
0
0
0
0
155
176
64
0
0
0
0
0
192
116
192
0
0
0
0
0
72
176
64
0
0
0
0
0
184
138
192
0
0
0
0
0
106
175
64
0
0
0
0
0
72
149
192
0
0
0
0
0
202
173
64
0
0
0
0
0
216
156
192
0
0
0
0
0
184
171
64
0
0
0
0
0
246
161
192
0
0
0
0
0
60
169
64
0
0
0
0
0
54
165
192
0
0
0
0
0
96
166
64
0
0
0
0
0
30
168
192
0
0
0
0
0
46
163
64
0
0
0
0
0
166
170
192
0
0
0
0
0
112
159
64
0
0
0
0
0
194
172
192
0
0
0
0
0
12
152
64
0
0
0
0
0
108
174
192
0
0
0
0
0
80
144
64
0
0
0
0
0
160
175
192
0
0
0
0
0
184
128
64
0
0
0
0
0
43
176
192
0
0
0
0
0
0
52
64
0
0
0
0
0
71
176
192
0
0
0
0
0
240
126
192
0
0
0
0
0
36
176
192
0
0
0
0
0
72
143
192
0
0
0
0
0
130
175
192
0
0
0
0
0
76
151
192
0
0
0
0
0
66
174
192
0
0
0
0
0
148
158
192
0
0
0
0
0
142
172
192
0
0
0
0
0
178
162
192
0
0
0
0
0
104
170
192
0
0
0
0
0
204
165
192
0
0
0
0
0
220
167
192
0
0
0
0
0
144
168
192
0
0
0
0
0
242
164
192
0
0
0
0
0
242
170
192
0
0
0
0
0
184
161
192
0
0
0
0
0
232
172
192
0
0
0
0
0
116
156
192
0
0
0
0
0
106
174
192
0
0
0
0
0
12
149
192
0
0
0
0
0
116
175
192
0
0
0
0
0
160
138
192
0
0
0
0
0
0
176
192
0
0
0
0
0
160
117
192
0
0
0
0
0
6
176
192
0
0
0
0
0
128
100
64
0
0
0
0
0
152
175
192
0
0
0
0
0
240
132
64
0
0
0
0
0
170
174
192
0
0
0
0
0
48
146
64
0
0
0
0
0
68
173
192
0
0
0
0
0
156
153
64
0
0
0
0
0
106
171
192
0
0
0
0
0
80
160
64
0
0
0
0
0
40
169
192
0
0
0
0
0
142
163
64
0
0
0
0
0
130
166
192
0
0
0
0
0
128
166
64
0
0
0
0
0
136
163
192
0
0
0
0
0
22
169
64
0
0
0
0
0
66
160
192
0
0
0
0
0
74
171
64
0
0
0
0
0
124
153
192
0
0
0
0
0
18
173
64
0
0
0
0
0
16
146
192
0
0
0
0
0
104
174
64
0
0
0
0
0
192
132
192
0
0
0
0
0
70
175
64
0
0
0
0
0
96
100
192
0
0
0
0
0
170
175
64
0
0
0
0
0
80
117
64
0
0
0
0
0
146
175
64
0
0
0
0
0
64
138
64
0
0
0
0
0
254
174
64
0
0
0
0
0
180
148
64
0
0
0
0
0
240
173
64
0
0
0
0
0
248
155
64
0
0
0
0
0
106
172
64
0
0
0
0
0
102
161
64
0
0
0
0
0
118
170
64
0
0
0
0
0
138
164
64
0
0
0
0
0
24
168
64
0
0
0
0
0
92
167
64
0
0
0
0
0
92
165
64
0
0
0
0
0
210
169
64
0
0
0
0
0
74
162
64
0
0
0
0
0
224
171
64
0
0
0
0
0
228
157
64
0
0
0
0
0
126
173
64
0
0
0
0
0
192
150
64
0
0
0
0
0
170
174
64
0
0
0
0
0
136
142
64
0
0
0
0
0
90
175
64
0
0
0
0
0
48
126
64
0
0
0
0
0
144
175
64
0
0
0
0
0
0
49
192
0
0
0
0
0
72
175
64
0
0
0
0
0
40
128
192
0
0
0
0
0
134
174
64
0
0
0
0
0
128
143
192
0
0
0
0
0
78
173
64
0
0
0
0
0
48
151
192
0
0
0
0
0
160
171
64
0
0
0
0
0
64
158
192
0
0
0
0
0
136
169
64
0
0
0
0
0
108
162
192
0
0
0
0
0
12
167
64
0
0
0
0
0
114
165
192
0
0
0
0
0
54
164
64
0
0
0
0
0
34
168
192
0
0
0
0
0
16
161
64
0
0
0
0
0
114
170
192
0
0
0
0
0
76
155
64
0
0
0
0
0
90
172
192
0
0
0
0
0
12
148
64
0
0
0
0
0
212
173
192
0
0
0
0
0
0
137
64
0
0
0
0
0
214
174
192
0
0
0
0
0
0
115
64
0
0
0
0
0
94
175
192
0
0
0
0
0
128
104
192
0
0
0
0
0
106
175
192
0
0
0
0
0
168
133
192
0
0
0
0
0
248
174
192
0
0
0
0
0
108
146
192
0
0
0
0
0
12
174
192
0
0
0
0
0
184
153
192
0
0
0
0
0
168
172
192
0
0
0
0
0
78
160
192
0
0
0
0
0
212
170
192
0
0
0
0
0
128
163
192
0
0
0
0
0
148
168
192
0
0
0
0
0
96
166
192
0
0
0
0
0
246
165
192
0
0
0
0
0
234
168
192
0
0
0
0
0
0
163
192
0
0
0
0
0
14
171
192
0
0
0
0
0
132
159
192
0
0
0
0
0
200
172
192
0
0
0
0
0
140
152
192
0
0
0
0
0
16
174
192
0
0
0
0
0
56
145
192
0
0
0
0
0
224
174
192
0
0
0
0
0
64
131
192
0
0
0
0
0
58
175
192
0
0
0
0
0
128
94
192
0
0
0
0
0
24
175
192
0
0
0
0
0
96
119
64
0
0
0
0
0
124
174
192
0
0
0
0
0
248
138
64
0
0
0
0
0
106
173
192
0
0
0
0
0
236
148
64
0
0
0
0
0
226
171
192
0
0
0
0
0
12
156
64
0
0
0
0
0
238
169
192
0
0
0
0
0
92
161
64
0
0
0
0
0
148
167
192
0
0
0
0
0
112
164
64
0
0
0
0
0
220
164
192
0
0
0
0
0
48
167
64
0
0
0
0
0
212
161
192
0
0
0
0
0
150
169
64
0
0
0
0
0
4
157
192
0
0
0
0
0
148
171
64
0
0
0
0
0
244
149
192
0
0
0
0
0
38
173
64
0
0
0
0
0
24
141
192
0
0
0
0
0
66
174
64
0
0
0
0
0
176
123
192
0
0
0
0
0
228
174
64
0
0
0
0
0
128
73
64
0
0
0
0
0
12
175
64
0
0
0
0
0
248
128
64
0
0
0
0
0
184
174
64
0
0
0
0
0
4
144
64
0
0
0
0
0
236
173
64
0
0
0
0
0
76
151
64
0
0
0
0
0
170
172
64
0
0
0
0
0
48
158
64
0
0
0
0
0
246
170
64
0
0
0
0
0
78
162
64
0
0
0
0
0
218
168
64
0
0
0
0
0
58
165
64
0
0
0
0
0
96
166
64
0
0
0
0
0
210
167
64
0
0
0
0
0
142
163
64
0
0
0
0
0
12
170
64
0
0
0
0
0
112
160
64
0
0
0
0
0
224
171
64
0
0
0
0
0
40
154
64
0
0
0
0
0
72
173
64
0
0
0
0
0
12
147
64
0
0
0
0
0
60
174
64
0
0
0
0
0
72
135
64
0
0
0
0
0
186
174
64
0
0
0
0
0
48
112
64
0
0
0
0
0
192
174
64
0
0
0
0
0
192
108
192
0
0
0
0
0
76
174
64
0
0
0
0
0
96
134
192
0
0
0
0
0
98
173
64
0
0
0
0
0
160
146
192
0
0
0
0
0
2
172
64
0
0
0
0
0
196
153
192
0
0
0
0
0
50
170
64
0
0
0
0
0
66
160
192
0
0
0
0
0
250
167
64
0
0
0
0
0
98
163
192
0
0
0
0
0
100
165
64
0
0
0
0
0
52
166
192
0
0
0
0
0
120
162
64
0
0
0
0
0
174
168
192
0
0
0
0
0
132
158
64
0
0
0
0
0
196
170
192
0
0
0
0
0
164
151
64
0
0
0
0
0
114
172
192
0
0
0
0
0
100
144
64
0
0
0
0
0
172
173
192
0
0
0
0
0
200
129
64
0
0
0
0
0
114
174
192
0
0
0
0
0
64
84
64
0
0
0
0
0
192
174
192
0
0
0
0
0
112
121
192
0
0
0
0
0
146
174
192
0
0
0
0
0
200
139
192
0
0
0
0
0
238
173
192
0
0
0
0
0
52
149
192
0
0
0
0
0
210
172
192
0
0
0
0
0
48
156
192
0
0
0
0
0
70
171
192
0
0
0
0
0
92
161
192
0
0
0
0
0
80
169
192
0
0
0
0
0
94
164
192
0
0
0
0
0
246
166
192
0
0
0
0
0
14
167
192
0
0
0
0
0
64
164
192
0
0
0
0
0
100
169
192
0
0
0
0
0
60
161
192
0
0
0
0
0
86
171
192
0
0
0
0
0
236
155
192
0
0
0
0
0
222
172
192
0
0
0
0
0
240
148
192
0
0
0
0
0
244
173
192
0
0
0
0
0
64
139
192
0
0
0
0
0
150
174
192
0
0
0
0
0
112
120
192
0
0
0
0
0
194
174
192
0
0
0
0
0
64
88
64
0
0
0
0
0
116
174
192
0
0
0
0
0
64
130
64
0
0
0
0
0
178
173
192
0
0
0
0
0
152
144
64
0
0
0
0
0
122
172
192
0
0
0
0
0
216
151
64
0
0
0
0
0
210
170
192
0
0
0
0
0
192
158
64
0
0
0
0
0
192
168
192
0
0
0
0
0
152
162
64
0
0
0
0
0
74
166
192
0
0
0
0
0
140
165
64
0
0
0
0
0
124
163
192
0
0
0
0
0
44
168
64
0
0
0
0
0
94
160
192
0
0
0
0
0
112
170
64
0
0
0
0
0
248
153
192
0
0
0
0
0
76
172
64
0
0
0
0
0
200
146
192
0
0
0
0
0
186
173
64
0
0
0
0
0
136
134
192
0
0
0
0
0
178
174
64
0
0
0
0
0
128
108
192
0
0
0
0
0
50
175
64
0
0
0
0
0
224
112
64
0
0
0
0
0
52
175
64
0
0
0
0
0
232
135
64
0
0
0
0
0
188
174
64
0
0
0
0
0
132
147
64
0
0
0
0
0
200
173
64
0
0
0
0
0
208
154
64
0
0
0
0
0
96
172
64
0
0
0
0
0
218
160
64
0
0
0
0
0
132
170
64
0
0
0
0
0
10
164
64
0
0
0
0
0
66
168
64
0
0
0
0
0
240
166
64
0
0
0
0
0
158
165
64
0
0
0
0
0
124
169
64
0
0
0
0
0
162
162
64
0
0
0
0
0
168
171
64
0
0
0
0
0
188
158
64
0
0
0
0
0
108
173
64
0
0
0
0
0
184
151
64
0
0
0
0
0
190
174
64
0
0
0
0
0
76
144
64
0
0
0
0
0
154
175
64
0
0
0
0
0
48
129
64
0
0
0
0
0
252
175
64
0
0
0
0
0
0
71
64
0
0
0
0
0
224
175
64
0
0
0
0
0
208
124
192
0
0
0
0
0
70
175
64
0
0
0
0
0
40
142
192
0
0
0
0
0
48
174
64
0
0
0
0
0
192
150
192
0
0
0
0
0
158
172
64
0
0
0
0
0
36
158
192
0
0
0
0
0
152
170
64
0
0
0
0
0
138
162
192
0
0
0
0
0
36
168
64
0
0
0
0
0
190
165
192
0
0
0
0
0
74
165
64
0
0
0
0
0
158
168
192
0
0
0
0
0
22
162
64
0
0
0
0
0
30
171
192
0
0
0
0
0
44
157
64
0
0
0
0
0
50
173
192
0
0
0
0
0
176
149
64
0
0
0
0
0
210
174
192
0
0
0
0
0
184
139
64
0
0
0
0
0
246
175
192
0
0
0
0
0
48
119
64
0
0
0
0
0
0
0
0
0
0
0
0
0
0
0
0
0
0
0
0
0
0
0
0
0
0
0
0
0
0
0
0
0
0
0
0
0
0
0
0
0
0
0
0
0
0
0
0
0
0
0
0
0
0
0
0
0
0
0
0
0
0
0
0
0
0
0
0
0
0
0
0
0
0
0
0
0
0
0
0
0
0
0
0
0
0
0
0
0
0
0
0
0
0
0
0
0
0
0
0
0
0
0
0
0
0
0
0
0
0
0
0
0
0
0
0
0
0
0
0
0
0
0
0
0
0
0
0
0
0
0
0
0
0
0
0
0
0
0
0
0
0
0
0
0
0
0
0
0
0
0
0
0
0
0
0
0
0
0
0
0
0
0
0
0
0
0
0
0
0
0
0
0
0
0
0
0
0
0
0
0
0
0
0
0
0
0
0
0
0
0
0
0
0
0
0
0
0
0
0
0
0
0
0
0
0
0
0
0
0
0
0
0
0
0
0
0
0
0
0
0
0
0
0
0
0
0
0
0
0
0
0
0
0
0
0
0
0
0
0
0
0
0
0
0
0
0
0
0
0
0
0
0
0
0
0
0
0
0
0
0
0
0
0
0
0
0
0
0
0
0
0
0
0
0
0
0
0
0
0
0
0
0
0
0
0
0
0
0
0
0
0
0
0
0
0
0
0
0
0
0
0
0
0
0
0
0
0
0
0
0
0
0
0
0
0
0
0
0
0
0
0
0
0
0
0
0
0
0
0
0
0
0
0
0
0
0
0
0
0
0
0
0
0
0
0
0
0
0
0
0
0
0
0
0
0
0
0
0
0
0
0
0
0
0
0
0
0
0
0
0
0
0
0
0
0
0
0
0
0
0
0
0
0
0
0
0
0
0
0
0
0
0
0
0
0
0
0
0
0
0
0
0
0
0
0
0
0
0
0
0
0
0
0
0
0
0
0
0
0
0
0
0
0
0
0
0
0
0
0
0
0
0
0
0
0
0
0
0
0
0
0
0
0
0
0
0
0
0
0
0
0
0
0
0
0
0
0
0
0
0
0
0
0
0
0
0
0
0
0
0
0
0
0
0
0
0
0
0
0
0
0
0
0
0
0
0
0
0
0
0
0
0
0
0
0
0
0
0
0
0
0
0
0
0
0
0
0
0
0
0
0
0
0
0
0
0
0
0
0
0
0
0
0
0
0
0
0
0
0
0
0
0
0
0
0
0
0
0
0
0
0
0
0
0
0
0
0
0
0
0
0
0
0
0
0
0
0
0
0
0
0
0
0
0
0
0
0
0
0
0
0
0
0
0
0
0
0
0
0
0
0
0
0
0
0
0
0
0
0
0
0
0
0
0
0
0
0
0
0
0
0
0
0
0
0
0
0
0
0
0
0
0
0
0
0
0
0
0
0
0
0
0
0
0
0
0
0
0
0
0
0
0
0
0
0
0
0
0
0
0
0
0
0
0
0
0
0
0
0
0
0
0
0
0
0
0
0
0
0
0
0
0
0
0
0
0
0
0
0
0
0
0
0
0
0
0
0
0
0
0
0
0
0
0
0
0
0
0
0
0
0
0
0
0
0
0
0
0
0
0
0
0
0
0
0
0
0
0
0
0
0
0
0
0
0
0
0
0
0
0
0
0
0
0
0
0
0
0
0
0
0
0
0
0
0
0
0
0
0
0
0
0
0
0
0
0
0
0
0
0
0
0
0
0
0
0
0
0
0
0
0
0
0
0
0
0
0
0
0
0
0
0
0
0
0
0
0
0
0
0
0
0
0
0
0
0
0
0
0
0
0
0
0
0
0
0
0
0
0
0
0
0
0
0
0
0
0
0
0
0
0
0
0
0
0
0
0
0
0
0
0
0
0
0
0
0
0
0
0
0
0
0
0
0
0
0
0
0
0
0
0
0
0
0
0
0
0
0
0
0
0
0
0
0
0
0
0
0
0
0
0
0
0
0
0
0
0
0
0
0
0
0
0
0
0
0
0
0
0
0
0
0
0
0
0
0
0
0
0
0
0
0
0
0
0
0
0
0
0
0
0
0
0
0
0
0
0
0
0
0
0
0
0
0
0
0
0
0
0
0
0
0
0
0
0
0
0
0
0
0
0
0
0
0
0
0
0
0
0
0
0
0
0
0
0
0
0
0
0
0
0
0
0
0
0
0
0
0
0
0
0
0
0
0
0
0
0
0
0
0
0
0
0
0
0
0
0
0
0
0
0
0
0
0
0
0
0
0
0
0
0
0
0
0
0
0
0
0
0
0
0
0
0
0
0
0
0
0
0
0
0
0
0
0
0
0
0
0
0
0
0
0
0
0
0
0
0
0
0
0
0
0
0
0
0
0
0
0
0
0
0
0
0
0
0
0
0
0
0
0
0
0
0
0
0
0
0
0
0
0
0
0
0
0
0
0
0
0
0
0
0
0
0
0
0
0
0
0
0
0
0
0
0
0
0
0
0
0
0
0
0
0
0
0
0
0
0
0
0
0
0
0
0
0
0
0
0
0
0
0
0
0
0
0
0
0
0
0
0
0
0
0
0
0
0
0
0
0
0
0
0
0
0
0
0
0
0
0
0
0
0
0
0
0
0
0
0
0
0
0
0
0
0
0
0
0
0
0
0
0
0
0
0
0
0
0
0
0
0
0
0
0
0
0
0
0
0
0
0
0
0
0
0
0
0
0
0
0
0
0
0
0
0
0
0
0
0
0
0
0
0
0
0
0
0
0
0
0
0
0
0
0
0
0
0
0
0
0
0
0
0
0
0
0
0
0