58
70
65
67
84
58
67
68
65
84
49
56
58
68
65
84
65
32
35
57
48
48
48
48
48
54
57
51
54
0
0
0
0
0
77
176
192
0
0
0
0
0
0
99
192
0
0
0
0
0
95
176
192
0
0
0
0
0
8
133
192
0
0
0
0
0
47
176
192
0
0
0
0
0
124
146
192
0
0
0
0
0
126
175
192
0
0
0
0
0
48
154
192
0
0
0
0
0
36
174
192
0
0
0
0
0
190
160
192
0
0
0
0
0
82
172
192
0
0
0
0
0
36
164
192
0
0
0
0
0
18
170
192
0
0
0
0
0
60
167
192
0
0
0
0
0
108
167
192
0
0
0
0
0
250
169
192
0
0
0
0
0
104
164
192
0
0
0
0
0
86
172
192
0
0
0
0
0
20
161
192
0
0
0
0
0
66
174
192
0
0
0
0
0
240
154
192
0
0
0
0
0
184
175
192
0
0
0
0
0
72
147
192
0
0
0
0
0
88
176
192
0
0
0
0
0
160
134
192
0
0
0
0
0
146
176
192
0
0
0
0
0
32
105
192
0
0
0
0
0
138
176
192
0
0
0
0
0
96
116
64
0
0
0
0
0
62
176
192
0
0
0
0
0
136
138
64
0
0
0
0
0
96
175
192
0
0
0
0
0
56
149
64
0
0
0
0
0
196
173
192
0
0
0
0
0
212
156
64
0
0
0
0
0
174
171
192
0
0
0
0
0
252
161
64
0
0
0
0
0
42
169
192
0
0
0
0
0
66
165
64
0
0
0
0
0
68
166
192
0
0
0
0
0
46
168
64
0
0
0
0
0
8
163
192
0
0
0
0
0
180
170
64
0
0
0
0
0
12
159
192
0
0
0
0
0
204
172
64
0
0
0
0
0
148
151
192
0
0
0
0
0
110
174
64
0
0
0
0
0
168
143
192
0
0
0
0
0
148
175
64
0
0
0
0
0
128
127
192
0
0
0
0
0
32
176
64
0
0
0
0
0
0
32
64
0
0
0
0
0
54
176
64
0
0
0
0
0
40
128
64
0
0
0
0
0
14
176
64
0
0
0
0
0
184
143
64
0
0
0
0
0
84
175
64
0
0
0
0
0
100
151
64
0
0
0
0
0
18
174
64
0
0
0
0
0
140
158
64
0
0
0
0
0
96
172
64
0
0
0
0
0
156
162
64
0
0
0
0
0
66
170
64
0
0
0
0
0
172
165
64
0
0
0
0
0
190
167
64
0
0
0
0
0
106
168
64
0
0
0
0
0
222
164
64
0
0
0
0
0
200
170
64
0
0
0
0
0
172
161
64
0
0
0
0
0
190
172
64
0
0
0
0
0
100
156
64
0
0
0
0
0
66
174
64
0
0
0
0
0
252
148
64
0
0
0
0
0
78
175
64
0
0
0
0
0
120
138
64
0
0
0
0
0
220
175
64
0
0
0
0
0
16
117
64
0
0
0
0
0
232
175
64
0
0
0
0
0
64
102
192
0
0
0
0
0
114
175
64
0
0
0
0
0
128
133
192
0
0
0
0
0
126
174
64
0
0
0
0
0
136
146
192
0
0
0
0
0
14
173
64
0
0
0
0
0
252
153
192
0
0
0
0
0
44
171
64
0
0
0
0
0
124
160
192
0
0
0
0
0
224
168
64
0
0
0
0
0
178
163
192
0
0
0
0
0
54
166
64
0
0
0
0
0
150
166
192
0
0
0
0
0
58
163
64
0
0
0
0
0
26
169
192
0
0
0
0
0
244
159
64
0
0
0
0
0
56
171
192
0
0
0
0
0
252
152
64
0
0
0
0
0
236
172
192
0
0
0
0
0
176
145
64
0
0
0
0
0
46
174
192
0
0
0
0
0
80
132
64
0
0
0
0
0
252
174
192
0
0
0
0
0
224
99
64
0
0
0
0
0
84
175
192
0
0
0
0
0
224
116
192
0
0
0
0
0
54
175
192
0
0
0
0
0
168
137
192
0
0
0
0
0
160
174
192
0
0
0
0
0
72
148
192
0
0
0
0
0
150
173
192
0
0
0
0
0
116
155
192
0
0
0
0
0
26
172
192
0
0
0
0
0
30
161
192
0
0
0
0
0
48
170
192
0
0
0
0
0
68
164
192
0
0
0
0
0
220
167
192
0
0
0
0
0
32
167
192
0
0
0
0
0
40
165
192
0
0
0
0
0
162
169
192
0
0
0
0
0
28
162
192
0
0
0
0
0
190
171
192
0
0
0
0
0
136
157
192
0
0
0
0
0
108
173
192
0
0
0
0
0
88
150
192
0
0
0
0
0
164
174
192
0
0
0
0
0
152
141
192
0
0
0
0
0
96
175
192
0
0
0
0
0
16
124
192
0
0
0
0
0
156
175
192
0
0
0
0
0
128
76
64
0
0
0
0
0
86
175
192
0
0
0
0
0
136
129
64
0
0
0
0
0
148
174
192
0
0
0
0
0
124
144
64
0
0
0
0
0
86
173
192
0
0
0
0
0
236
151
64
0
0
0
0
0
166
171
192
0
0
0
0
0
244
158
64
0
0
0
0
0
140
169
192
0
0
0
0
0
192
162
64
0
0
0
0
0
14
167
192
0
0
0
0
0
186
165
64
0
0
0
0
0
56
164
192
0
0
0
0
0
94
168
64
0
0
0
0
0
20
161
192
0
0
0
0
0
164
170
64
0
0
0
0
0
96
155
192
0
0
0
0
0
132
172
64
0
0
0
0
0
40
148
192
0
0
0
0
0
248
173
64
0
0
0
0
0
72
137
192
0
0
0
0
0
248
174
64
0
0
0
0
0
144
115
192
0
0
0
0
0
128
175
64
0
0
0
0
0
192
103
64
0
0
0
0
0
144
175
64
0
0
0
0
0
152
133
64
0
0
0
0
0
32
175
64
0
0
0
0
0
124
146
64
0
0
0
0
0
54
174
64
0
0
0
0
0
232
153
64
0
0
0
0
0
206
172
64
0
0
0
0
0
116
160
64
0
0
0
0
0
242
170
64
0
0
0
0
0
178
163
64
0
0
0
0
0
168
168
64
0
0
0
0
0
154
166
64
0
0
0
0
0
250
165
64
0
0
0
0
0
36
169
64
0
0
0
0
0
242
162
64
0
0
0
0
0
66
171
64
0
0
0
0
0
64
159
64
0
0
0
0
0
236
172
64
0
0
0
0
0
40
152
64
0
0
0
0
0
26
174
64
0
0
0
0
0
188
144
64
0
0
0
0
0
202
174
64
0
0
0
0
0
56
130
64
0
0
0
0
0
254
174
64
0
0
0
0
0
0
87
64
0
0
0
0
0
182
174
64
0
0
0
0
0
192
120
192
0
0
0
0
0
246
173
64
0
0
0
0
0
72
139
192
0
0
0
0
0
194
172
64
0
0
0
0
0
208
148
192
0
0
0
0
0
36
171
64
0
0
0
0
0
156
155
192
0
0
0
0
0
34
169
64
0
0
0
0
0
248
160
192
0
0
0
0
0
196
166
64
0
0
0
0
0
220
163
192
0
0
0
0
0
22
164
64
0
0
0
0
0
114
166
192
0
0
0
0
0
28
161
64
0
0
0
0
0
178
168
192
0
0
0
0
0
200
155
64
0
0
0
0
0
148
170
192
0
0
0
0
0
244
148
64
0
0
0
0
0
16
172
192
0
0
0
0
0
152
139
64
0
0
0
0
0
30
173
192
0
0
0
0
0
208
121
64
0
0
0
0
0
188
173
192
0
0
0
0
0
0
80
192
0
0
0
0
0
230
173
192
0
0
0
0
0
224
128
192
0
0
0
0
0
152
173
192
0
0
0
0
0
120
143
192
0
0
0
0
0
212
172
192
0
0
0
0
0
196
150
192
0
0
0
0
0
158
171
192
0
0
0
0
0
108
157
192
0
0
0
0
0
248
169
192
0
0
0
0
0
206
161
192
0
0
0
0
0
236
167
192
0
0
0
0
0
152
164
192
0
0
0
0
0
128
165
192
0
0
0
0
0
16
167
192
0
0
0
0
0
194
162
192
0
0
0
0
0
38
169
192
0
0
0
0
0
116
159
192
0
0
0
0
0
216
170
192
0
0
0
0
0
244
152
192
0
0
0
0
0
30
172
192
0
0
0
0
0
24
146
192
0
0
0
0
0
244
172
192
0
0
0
0
0
248
133
192
0
0
0
0
0
88
173
192
0
0
0
0
0
0
110
192
0
0
0
0
0
74
173
192
0
0
0
0
0
64
108
64
0
0
0
0
0
204
172
192
0
0
0
0
0
112
133
64
0
0
0
0
0
222
171
192
0
0
0
0
0
188
145
64
0
0
0
0
0
132
170
192
0
0
0
0
0
120
152
64
0
0
0
0
0
196
168
192
0
0
0
0
0
208
158
64
0
0
0
0
0
166
166
192
0
0
0
0
0
88
162
64
0
0
0
0
0
46
164
192
0
0
0
0
0
0
165
64
0
0
0
0
0
104
161
192
0
0
0
0
0
84
167
64
0
0
0
0
0
192
156
192
0
0
0
0
0
76
169
64
0
0
0
0
0
64
150
192
0
0
0
0
0
224
170
64
0
0
0
0
0
216
142
192
0
0
0
0
0
10
172
64
0
0
0
0
0
192
128
192
0
0
0
0
0
198
172
64
0
0
0
0
0
64
83
192
0
0
0
0
0
18
173
64
0
0
0
0
0
224
119
64
0
0
0
0
0
234
172
64
0
0
0
0
0
24
138
64
0
0
0
0
0
84
172
64
0
0
0
0
0
236
147
64
0
0
0
0
0
78
171
64
0
0
0
0
0
120
154
64
0
0
0
0
0
222
169
64
0
0
0
0
0
80
160
64
0
0
0
0
0
8
168
64
0
0
0
0
0
36
163
64
0
0
0
0
0
212
165
64
0
0
0
0
0
172
165
64
0
0
0
0
0
74
163
64
0
0
0
0
0
224
167
64
0
0
0
0
0
116
160
64
0
0
0
0
0
180
169
64
0
0
0
0
0
180
154
64
0
0
0
0
0
34
171
64
0
0
0
0
0
24
148
64
0
0
0
0
0
36
172
64
0
0
0
0
0
72
138
64
0
0
0
0
0
178
172
64
0
0
0
0
0
0
120
64
0
0
0
0
0
204
172
64
0
0
0
0
0
192
83
192
0
0
0
0
0
114
172
64
0
0
0
0
0
224
128
192
0
0
0
0
0
164
171
64
0
0
0
0
0
248
142
192
0
0
0
0
0
104
170
64
0
0
0
0
0
68
150
192
0
0
0
0
0
196
168
64
0
0
0
0
0
168
156
192
0
0
0
0
0
190
166
64
0
0
0
0
0
74
161
192
0
0
0
0
0
98
164
64
0
0
0
0
0
246
163
192
0
0
0
0
0
188
161
64
0
0
0
0
0
82
166
192
0
0
0
0
0
168
157
64
0
0
0
0
0
82
168
192
0
0
0
0
0
112
151
64
0
0
0
0
0
242
169
192
0
0
0
0
0
228
144
64
0
0
0
0
0
46
171
192
0
0
0
0
0
56
132
64
0
0
0
0
0
2
172
192
0
0
0
0
0
128
105
64
0
0
0
0
0
106
172
192
0
0
0
0
0
64
110
192
0
0
0
0
0
104
172
192
0
0
0
0
0
112
133
192
0
0
0
0
0
248
171
192
0
0
0
0
0
132
145
192
0
0
0
0
0
28
171
192
0
0
0
0
0
16
152
192
0
0
0
0
0
214
169
192
0
0
0
0
0
76
158
192
0
0
0
0
0
38
168
192
0
0
0
0
0
10
162
192
0
0
0
0
0
18
166
192
0
0
0
0
0
172
164
192
0
0
0
0
0
162
163
192
0
0
0
0
0
250
166
192
0
0
0
0
0
224
160
192
0
0
0
0
0
238
168
192
0
0
0
0
0
168
155
192
0
0
0
0
0
122
170
192
0
0
0
0
0
28
149
192
0
0
0
0
0
156
171
192
0
0
0
0
0
120
140
192
0
0
0
0
0
78
172
192
0
0
0
0
0
144
124
192
0
0
0
0
0
140
172
192
0
0
0
0
0
0
16
64
0
0
0
0
0
88
172
192
0
0
0
0
0
0
125
64
0
0
0
0
0
182
171
192
0
0
0
0
0
152
140
64
0
0
0
0
0
170
170
192
0
0
0
0
0
24
149
64
0
0
0
0
0
58
169
192
0
0
0
0
0
140
155
64
0
0
0
0
0
108
167
192
0
0
0
0
0
202
160
64
0
0
0
0
0
70
165
192
0
0
0
0
0
146
163
64
0
0
0
0
0
208
162
192
0
0
0
0
0
16
166
64
0
0
0
0
0
14
160
192
0
0
0
0
0
62
168
64
0
0
0
0
0
20
154
192
0
0
0
0
0
18
170
64
0
0
0
0
0
160
147
192
0
0
0
0
0
134
171
64
0
0
0
0
0
152
137
192
0
0
0
0
0
144
172
64
0
0
0
0
0
224
118
192
0
0
0
0
0
40
173
64
0
0
0
0
0
64
88
64
0
0
0
0
0
74
173
64
0
0
0
0
0
152
129
64
0
0
0
0
0
242
172
64
0
0
0
0
0
240
143
64
0
0
0
0
0
30
172
64
0
0
0
0
0
228
150
64
0
0
0
0
0
210
170
64
0
0
0
0
0
108
157
64
0
0
0
0
0
22
169
64
0
0
0
0
0
184
161
64
0
0
0
0
0
240
166
64
0
0
0
0
0
108
164
64
0
0
0
0
0
108
164
64
0
0
0
0
0
198
166
64
0
0
0
0
0
154
161
64
0
0
0
0
0
188
168
64
0
0
0
0
0
16
157
64
0
0
0
0
0
72
170
64
0
0
0
0
0
136
150
64
0
0
0
0
0
106
171
64
0
0
0
0
0
128
143
64
0
0
0
0
0
30
172
64
0
0
0
0
0
168
129
64
0
0
0
0
0
104
172
64
0
0
0
0
0
0
94
64
0
0
0
0
0
74
172
64
0
0
0
0
0
48
116
192
0
0
0
0
0
196
171
64
0
0
0
0
0
176
135
192
0
0
0
0
0
214
170
64
0
0
0
0
0
116
146
192
0
0
0
0
0
136
169
64
0
0
0
0
0
200
152
192
0
0
0
0
0
216
167
64
0
0
0
0
0
192
158
192
0
0
0
0
0
202
165
64
0
0
0
0
0
36
162
192
0
0
0
0
0
104
163
64
0
0
0
0
0
166
164
192
0
0
0
0
0
178
160
64
0
0
0
0
0
218
166
192
0
0
0
0
0
104
155
64
0
0
0
0
0
178
168
192
0
0
0
0
0
240
148
64
0
0
0
0
0
40
170
192
0
0
0
0
0
56
140
64
0
0
0
0
0
48
171
192
0
0
0
0
0
48
124
64
0
0
0
0
0
196
171
192
0
0
0
0
0
0
28
192
0
0
0
0
0
226
171
192
0
0
0
0
0
224
124
192
0
0
0
0
0
140
171
192
0
0
0
0
0
88
140
192
0
0
0
0
0
194
170
192
0
0
0
0
0
208
148
192
0
0
0
0
0
140
169
192
0
0
0
0
0
16
155
192
0
0
0
0
0
240
167
192
0
0
0
0
0
102
160
192
0
0
0
0
0
252
165
192
0
0
0
0
0
252
162
192
0
0
0
0
0
186
163
192
0
0
0
0
0
64
165
192
0
0
0
0
0
52
161
192
0
0
0
0
0
46
167
192
0
0
0
0
0
236
156
192
0
0
0
0
0
196
168
192
0
0
0
0
0
20
151
192
0
0
0
0
0
252
169
192
0
0
0
0
0
236
144
192
0
0
0
0
0
214
170
192
0
0
0
0
0
16
133
192
0
0
0
0
0
78
171
192
0
0
0
0
0
224
111
192
0
0
0
0
0
96
171
192
0
0
0
0
0
32
101
64
0
0
0
0
0
10
171
192
0
0
0
0
0
144
130
64
0
0
0
0
0
76
170
192
0
0
0
0
0
168
143
64
0
0
0
0
0
34
169
192
0
0
0
0
0
52
150
64
0
0
0
0
0
146
167
192
0
0
0
0
0
76
156
64
0
0
0
0
0
156
165
192
0
0
0
0
0
254
160
64
0
0
0
0
0
72
163
192
0
0
0
0
0
150
163
64
0
0
0
0
0
160
160
192
0
0
0
0
0
222
165
64
0
0
0
0
0
96
155
192
0
0
0
0
0
204
167
64
0
0
0
0
0
16
149
192
0
0
0
0
0
86
169
64
0
0
0
0
0
208
140
192
0
0
0
0
0
116
170
64
0
0
0
0
0
48
126
192
0
0
0
0
0
34
171
64
0
0
0
0
0
128
67
192
0
0
0
0
0
96
171
64
0
0
0
0
0
48
121
64
0
0
0
0
0
46
171
64
0
0
0
0
0
16
138
64
0
0
0
0
0
144
170
64
0
0
0
0
0
132
147
64
0
0
0
0
0
140
169
64
0
0
0
0
0
168
153
64
0
0
0
0
0
38
168
64
0
0
0
0
0
100
159
64
0
0
0
0
0
102
166
64
0
0
0
0
0
82
162
64
0
0
0
0
0
84
164
64
0
0
0
0
0
176
164
64
0
0
0
0
0
248
161
64
0
0
0
0
0
192
166
64
0
0
0
0
0
172
158
64
0
0
0
0
0
128
168
64
0
0
0
0
0
244
152
64
0
0
0
0
0
232
169
64
0
0
0
0
0
212
146
64
0
0
0
0
0
244
170
64
0
0
0
0
0
192
136
64
0
0
0
0
0
156
171
64
0
0
0
0
0
144
118
64
0
0
0
0
0
224
171
64
0
0
0
0
0
0
84
192
0
0
0
0
0
182
171
64
0
0
0
0
0
120
128
192
0
0
0
0
0
32
171
64
0
0
0
0
0
104
142
192
0
0
0
0
0
24
170
64
0
0
0
0
0
4
150
192
0
0
0
0
0
164
168
64
0
0
0
0
0
144
156
192
0
0
0
0
0
198
166
64
0
0
0
0
0
92
161
192
0
0
0
0
0
132
164
64
0
0
0
0
0
50
164
192
0
0
0
0
0
230
161
64
0
0
0
0
0
186
166
192
0
0
0
0
0
240
157
64
0
0
0
0
0
232
168
192
0
0
0
0
0
144
151
64
0
0
0
0
0
176
170
192
0
0
0
0
0
196
144
64
0
0
0
0
0
8
172
192
0
0
0
0
0
96
131
64
0
0
0
0
0
238
172
192
0
0
0
0
0
128
99
64
0
0
0
0
0
96
173
192
0
0
0
0
0
112
115
192
0
0
0
0
0
92
173
192
0
0
0
0
0
48
136
192
0
0
0
0
0
228
172
192
0
0
0
0
0
40
147
192
0
0
0
0
0
252
171
192
0
0
0
0
0
248
153
192
0
0
0
0
0
168
170
192
0
0
0
0
0
54
160
192
0
0
0
0
0
238
168
192
0
0
0
0
0
58
163
192
0
0
0
0
0
212
166
192
0
0
0
0
0
250
165
192
0
0
0
0
0
98
164
192
0
0
0
0
0
114
168
192
0
0
0
0
0
158
161
192
0
0
0
0
0
150
170
192
0
0
0
0
0
32
157
192
0
0
0
0
0
94
172
192
0
0
0
0
0
128
150
192
0
0
0
0
0
190
173
192
0
0
0
0
0
232
142
192
0
0
0
0
0
174
174
192
0
0
0
0
0
24
128
192
0
0
0
0
0
40
175
192
0
0
0
0
0
0
58
192
0
0
0
0
0
38
175
192
0
0
0
0
0
112
125
64
0
0
0
0
0
166
174
192
0
0
0
0
0
64
142
64
0
0
0
0
0
162
173
192
0
0
0
0
0
192
150
64
0
0
0
0
0
30
172
192
0
0
0
0
0
28
158
64
0
0
0
0
0
30
170
192
0
0
0
0
0
132
162
64
0
0
0
0
0
170
167
192
0
0
0
0
0
180
165
64
0
0
0
0
0
206
164
192
0
0
0
0
0
140
168
64
0
0
0
0
0
152
161
192
0
0
0
0
0
0
171
64
0
0
0
0
0
44
156
192
0
0
0
0
0
4
173
64
0
0
0
0
0
184
148
192
0
0
0
0
0
148
174
64
0
0
0
0
0
224
137
192
0
0
0
0
0
166
175
64
0
0
0
0
0
224
115
192
0
0
0
0
0
29
176
64
0
0
0
0
0
96
104
64
0
0
0
0
0
40
176
64
0
0
0
0
0
0
134
64
0
0
0
0
0
236
175
64
0
0
0
0
0
200
146
64
0
0
0
0
0
16
175
64
0
0
0
0
0
68
154
64
0
0
0
0
0
194
173
64
0
0
0
0
0
178
160
64
0
0
0
0
0
4
172
64
0
0
0
0
0
6
164
64
0
0
0
0
0
222
169
64
0
0
0
0
0
22
167
64
0
0
0
0
0
84
167
64
0
0
0
0
0
210
169
64
0
0
0
0
0
108
164
64
0
0
0
0
0
50
172
64
0
0
0
0
0
46
161
64
0
0
0
0
0
42
174
64
0
0
0
0
0
76
155
64
0
0
0
0
0
174
175
64
0
0
0
0
0
184
147
64
0
0
0
0
0
91
176
64
0
0
0
0
0
128
135
64
0
0
0
0
0
156
176
64
0
0
0
0
0
224
107
64
0
0
0
0
0
150
176
64
0
0
0
0
0
176
115
192
0
0
0
0
0
74
176
64
0
0
0
0
0
152
138
192
0
0
0
0
0
114
175
64
0
0
0
0
0
120
149
192
0
0
0
0
0
202
173
64
0
0
0
0
0
76
157
192
0
0
0
0
0
168
171
64
0
0
0
0
0
80
162
192
0
0
0
0
0
26
169
64
0
0
0
0
0
170
165
192
0
0
0
0
0
44
166
64
0
0
0
0
0
168
168
192
0
0
0
0
0
240
162
64
0
0
0
0
0
64
171
192
0
0
0
0
0
232
158
64
0
0
0
0
0
110
173
192
0
0
0
0
0
144
151
64
0
0
0
0
0
44
175
192
0
0
0
0
0
208
143
64
0
0
0
0
0
60
176
192
0
0
0
0
0
8
128
64
0
0
0
0
0
170
176
192
0
0
0
0
0
0
240
191
0
0
0
0
0
220
176
192
0
0
0
0
0
56
128
192
0
0
0
0
0
211
176
192
0
0
0
0
0
48
144
192
0
0
0
0
0
141
176
192
0
0
0
0
0
36
152
192
0
0
0
0
0
11
176
192
0
0
0
0
0
224
159
192
0
0
0
0
0
150
174
192
0
0
0
0
0
164
163
192
0
0
0
0
0
156
172
192
0
0
0
0
0
32
167
192
0
0
0
0
0
40
170
192
0
0
0
0
0
84
170
192
0
0
0
0
0
62
167
192
0
0
0
0
0
46
173
192
0
0
0
0
0
228
163
192
0
0
0
0
0
158
175
192
0
0
0
0
0
36
160
192
0
0
0
0
0
203
176
192
0
0
0
0
0
28
152
192
0
0
0
0
0
130
177
192
0
0
0
0
0
224
142
192
0
0
0
0
0
241
177
192
0
0
0
0
0
128
121
192
0
0
0
0
0
20
178
192
0
0
0
0
0
224
102
64
0
0
0
0
0
235
177
192
0
0
0
0
0
56
136
64
0
0
0
0
0
119
177
192
0
0
0
0
0
52
149
64
0
0
0
0
0
186
176
192
0
0
0
0
0
248
157
64
0
0
0
0
0
114
175
192
0
0
0
0
0
30
163
64
0
0
0
0
0
246
172
192
0
0
0
0
0
242
166
64
0
0
0
0
0
12
170
192
0
0
0
0
0
106
170
64
0
0
0
0
0
192
166
192
0
0
0
0
0
122
173
64
0
0
0
0
0
28
163
192
0
0
0
0
0
15
176
64
0
0
0
0
0
92
158
192
0
0
0
0
0
37
177
64
0
0
0
0
0
8
150
192
0
0
0
0
0
252
177
64
0
0
0
0
0
152
138
192
0
0
0
0
0
145
178
64
0
0
0
0
0
48
113
192
0
0
0
0
0
225
178
64
0
0
0
0
0
128
115
64
0
0
0
0
0
234
178
64
0
0
0
0
0
48
140
64
0
0
0
0
0
168
178
64
0
0
0
0
0
52
151
64
0
0
0
0
0
27
178
64
0
0
0
0
0
12
160
64
0
0
0
0
0
66
177
64
0
0
0
0
0
70
164
64
0
0
0
0
0
30
176
64
0
0
0
0
0
48
168
64
0
0
0
0
0
104
173
64
0
0
0
0
0
182
171
64
0
0
0
0
0
16
170
64
0
0
0
0
0
196
174
64
0
0
0
0
0
72
166
64
0
0
0
0
0
164
176
64
0
0
0
0
0
34
162
64
0
0
0
0
0
155
177
64
0
0
0
0
0
108
155
64
0
0
0
0
0
67
178
64
0
0
0
0
0
52
146
64
0
0
0
0
0
153
178
64
0
0
0
0
0
168
129
64
0
0
0
0
0
159
178
64
0
0
0
0
0
0
64
192
0
0
0
0
0
87
178
64
0
0
0
0
0
56
131
192
0
0
0
0
0
199
177
64
0
0
0
0
0
88
146
192
0
0
0
0
0
246
176
64
0
0
0
0
0
152
154
192
0
0
0
0
0
212
175
64
0
0
0
0
0
38
161
192
0
0
0
0
0
82
173
64
0
0
0
0
0
172
164
192
0
0
0
0
0
116
170
64
0
0
0
0
0
220
167
192
0
0
0
0
0
68
167
64
0
0
0
0
0
178
170
192
0
0
0
0
0
202
163
64
0
0
0
0
0
40
173
192
0
0
0
0
0
16
160
64
0
0
0
0
0
62
175
192
0
0
0
0
0
56
152
64
0
0
0
0
0
119
176
192
0
0
0
0
0
200
143
64
0
0
0
0
0
27
177
192
0
0
0
0
0
240
124
64
0
0
0
0
0
133
177
192
0
0
0
0
0
192
90
192
0
0
0
0
0
178
177
192
0
0
0
0
0
112
133
192
0
0
0
0
0
157
177
192
0
0
0
0
0
192
147
192
0
0
0
0
0
67
177
192
0
0
0
0
0
164
156
192
0
0
0
0
0
163
176
192
0
0
0
0
0
158
162
192
0
0
0
0
0
120
175
192
0
0
0
0
0
176
166
192
0
0
0
0
0
34
173
192
0
0
0
0
0
112
170
192
0
0
0
0
0
74
170
192
0
0
0
0
0
206
173
192
0
0
0
0
0
250
166
192
0
0
0
0
0
91
176
192
0
0
0
0
0
66
163
192
0
0
0
0
0
143
177
192
0
0
0
0
0
104
158
192
0
0
0
0
0
127
178
192
0
0
0
0
0
188
149
192
0
0
0
0
0
42
179
192
0
0
0
0
0
88
137
192
0
0
0
0
0
143
179
192
0
0
0
0
0
96
106
192
0
0
0
0
0
172
179
192
0
0
0
0
0
0
121
64
0
0
0
0
0
129
179
192
0
0
0
0
0
192
143
64
0
0
0
0
0
14
179
192
0
0
0
0
0
116
153
64
0
0
0
0
0
84
178
192
0
0
0
0
0
116
161
64
0
0
0
0
0
82
177
192
0
0
0
0
0
14
166
64
0
0
0
0
0
8
176
192
0
0
0
0
0
122
170
64
0
0
0
0
0
238
172
192
0
0
0
0
0
170
174
64
0
0
0
0
0
62
169
192
0
0
0
0
0
66
177
64
0
0
0
0
0
6
165
192
0
0
0
0
0
248
178
64
0
0
0
0
0
84
160
192
0
0
0
0
0
107
180
64
0
0
0
0
0
112
150
192
0
0
0
0
0
143
181
64
0
0
0
0
0
32
135
192
0
0
0
0
0
90
182
64
0
0
0
0
0
0
48
192
0
0
0
0
0
196
182
64
0
0
0
0
0
120
134
64
0
0
0
0
0
198
182
64
0
0
0
0
0
164
150
64
0
0
0
0
0
93
182
64
0
0
0
0
0
214
160
64
0
0
0
0
0
137
181
64
0
0
0
0
0
8
166
64
0
0
0
0
0
80
180
64
0
0
0
0
0
198
170
64
0
0
0
0
0
186
178
64
0
0
0
0
0
246
174
64
0
0
0
0
0
209
176
64
0
0
0
0
0
65
177
64
0
0
0
0
0
74
173
64
0
0
0
0
0
173
178
64
0
0
0
0
0
134
168
64
0
0
0
0
0
186
179
64
0
0
0
0
0
120
163
64
0
0
0
0
0
101
180
64
0
0
0
0
0
120
156
64
0
0
0
0
0
173
180
64
0
0
0
0
0
228
145
64
0
0
0
0
0
149
180
64
0
0
0
0
0
208
125
64
0
0
0
0
0
34
180
64
0
0
0
0
0
64
101
192
0
0
0
0
0
90
179
64
0
0
0
0
0
104
136
192
0
0
0
0
0
68
178
64
0
0
0
0
0
8
149
192
0
0
0
0
0
230
176
64
0
0
0
0
0
240
156
192
0
0
0
0
0
152
174
64
0
0
0
0
0
224
161
192
0
0
0
0
0
0
171
64
0
0
0
0
0
172
164
192
0
0
0
0
0
32
167
64
0
0
0
0
0
204
166
192
0
0
0
0
0
24
163
64
0
0
0
0
0
54
168
192
0
0
0
0
0
16
158
64
0
0
0
0
0
230
168
192
0
0
0
0
0
32
150
64
0
0
0
0
0
220
168
192
0
0
0
0
0
72
141
64
0
0
0
0
0
32
168
192
0
0
0
0
0
128
127
64
0
0
0
0
0
192
166
192
0
0
0
0
0
64
96
64
0
0
0
0
0
212
164
192
0
0
0
0
0
128
101
192
0
0
0
0
0
124
162
192
0
0
0
0
0
176
120
192
0
0
0
0
0
188
159
192
0
0
0
0
0
200
128
192
0
0
0
0
0
56
154
192
0
0
0
0
0
184
130
192
0
0
0
0
0
180
148
192
0
0
0
0
0
80
130
192
0
0
0
0
0
0
143
192
0
0
0
0
0
176
127
192
0
0
0
0
0
152
133
192
0
0
0
0
0
96
119
192
0
0
0
0
0
64
123
192
0
0
0
0
0
64
105
192
0
0
0
0
0
128
109
192
0
0
0
0
0
0
28
192
0
0
0
0
0
0
88
192
0
0
0
0
0
192
104
64
0
0
0
0
0
0
48
192
0
0
0
0
0
240
120
64
0
0
0
0
0
0
28
64
0
0
0
0
0
80
130
64
0
0
0
0
0
0
55
192
0
0
0
0
0
120
135
64
0
0
0
0
0
128
88
192
0
0
0
0
0
184
139
64
0
0
0
0
0
160
106
192
0
0
0
0
0
224
142
64
0
0
0
0
0
80
118
192
0
0
0
0
0
108
144
64
0
0
0
0
0
96
128
192
0
0
0
0
0
200
144
64
0
0
0
0
0
0
134
192
0
0
0
0
0
136
144
64
0
0
0
0
0
216
139
192
0
0
0
0
0
88
143
64
0
0
0
0
0
208
144
192
0
0
0
0
0
120
140
64
0
0
0
0
0
152
147
192
0
0
0
0
0
120
136
64
0
0
0
0
0
28
150
192
0
0
0
0
0
120
131
64
0
0
0
0
0
64
152
192
0
0
0
0
0
64
123
64
0
0
0
0
0
224
153
192
0
0
0
0
0
192
108
64
0
0
0
0
0
228
154
192
0
0
0
0
0
0
42
64
0
0
0
0
0
52
155
192
0
0
0
0
0
160
105
192
0
0
0
0
0
208
154
192
0
0
0
0
0
192
121
192
0
0
0
0
0
172
153
192
0
0
0
0
0
168
130
192
0
0
0
0
0
216
151
192
0
0
0
0
0
0
0
0
0
0
0
0
0
0
0
0
0
0
0
0
0
0
0
0
0
0
0
0
0
0
0
0
0
0
0
0
0
0
0
0
0
0
0
0
0
0
0
0
0
0
0
0
0
0
0
0
0
0
0
0
0
0
0
0
0
0
0
0
0
0
0
0
0
0
0
0
0
0
0
0
0
0
0
0
0
0
0
0
0
0
0
0
0
0
0
0
0
0
0
0
0
0
0
0
0
0
0
0
0
0
0
0
0
0
0
0
0
0
0
0
0
0
0
0
0
0
0
0
0
0
0
0
0
0
0
0
0
0
0
0
0
0
0
0
0
0
0
0
0
0
0
0
0
0
0
0
0
0
0
0
0
0
0
0
0
0
0
0
0
0
0
0
0
0
0
0
0
0
0
0
0
0
0
0
0
0
0
0
0
0
0
0
0
0
0
0
0
0
0
0
0
0
0
0
0
0
0
0
0
0
0
0
0
0
0
0
0
0
0
0
0
0
0
0
0
0
0
0
0
0
0
0
0
0
0
0
0
0
0
0
0
0
0
0
0
0
0
0
0
0
0
0
0
0
0
0
0
0
0
0
0
0
0
0
0
0
0
0
0
0
0
0
0
0
0
0
0
0
0
0
0
0
0
0
0
0
0
0
0
0
0
0
0
0
0
0
0
0
0
0
0
0
0
0
0
0
0
0
0
0
0
0
0
0
0
0
0
0
0
0
0
0
0
0
0
0
0
0
0
0
0
0
0
0
0
0
0
0
0
0
0
0
0
0
0
0
0
0
0
0
0
0
0
0
0
0
0
0
0
0
0
0
0
0
0
0
0
0
0
0
0
0
0
0
0
0
0
0
0
0
0
0
0
0
0
0
0
0
0
0
0
0
0
0
0
0
0
0
0
0
0
0
0
0
0
0
0
0
0
0
0
0
0
0
0
0
0
0
0
0
0
0
0
0
0
0
0
0
0
0
0
0
0
0
0
0
0
0
0
0
0
0
0
0
0
0
0
0
0
0
0
0
0
0
0
0
0
0
0
0
0
0
0
0
0
0
0
0
0
0
0
0
0
0
0
0
0
0
0
0
0
0
0
0
0
0
0
0
0
0
0
0
0
0
0
0
0
0
0
0
0
0
0
0
0
0
0
0
0
0
0
0
0
0
0
0
0
0
0
0
0
0
0
0
0
0
0
0
0
0
0
0
0
0
0
0
0
0
0
0
0
0
0
0
0
0
0
0
0
0
0
0
0
0
0
0
0
0
0
0
0
0
0
0
0
0
0
0
0
0
0
0
0
0
0
0
0
0
0
0
0
0
0
0
0
0
0
0
0
0
0
0
0
0
0
0
0
0
0
0
0
0
0
0
0
0
0
0
0
0
0
0
0
0
0
0
0
0
0
0
0
0
0
0
0
0
0
0
0
0
0
0
0
0
0
0
0
0
0
0
0
0
0
0
0
0
0
0
0
0
0
0
0
0
0
0
0
0
0
0
0
0
0
0
0
0
0
0
0
0
0
0
0
0
0
0
0
0
0
0
0
0
0
0
0
0
0
0
0
0
0
0
0
0
0
0
0
0
0
0
0
0
0
0
0
0
0
0
0
0
0
0
0
0
0
0
0
0
0
0
0
0
0
0
0
0
0
0
0
0
0
0
0
0
0
0
0
0
0
0
0
0
0
0
0
0
0
0
0
0
0
0
0
0
0
0
0
0
0
0
0
0
0
0
0
0
0
0
0
0
0
0
0
0
0
0
0
0
0
0
0
0
0
0
0
0
0
0
0
0
0
0
0
0
0
0
0
0
0
0
0
0
0
0
0
0
0
0
0
0
0
0
0
0
0
0
0
0
0
0
0
0
0
0
0
0
0
0
0
0
0
0
0
0
0
0
0
0
0
0
0
0
0
0
0
0
0
0
0
0
0
0
0
0
0
0
0
0
0
0
0
0
0
0
0
0
0
0
0
0
0
0
0
0
0
0
0
0
0
0
0
0
0
0
0
0
0
0
0
0
0
0
0
0
0
0
0
0
0
0
0
0
0
0
0
0
0
0
0
0
0
0
0
0
0
0
0
0
0
0
0
0
0
0
0
0
0
0
0
0
0
0
0
0
0
0
0
0
0
0
0
0
0
0
0
0
0
0
0
0
0
0
0
0
0
0
0
0
0
0
0
0
0
0
0
0
0
0
0
0
0
0
0
0
0
0
0
0
0
0
0
0
0
0
0
0
0
0
0
0
0
0
0
0
0
0
0
0
0
0
0
0
0
0
0
0
0
0
0
0
0
0
0
0
0
0
0
0
0
0
0
0
0
0
0
0
0
0
0
0
0
0
0
0
0
0
0
0
0
0
0
0
0
0
0
0
0
0
0
0
0
0
0
0
0
0
0
0
0
0
0
0
0
0
0
0
0
0
0
0
0
0
0
0
0
0
0
0
0
0
0
0
0
0
0
0
0
0
0
0
0
0
0
0
0
0
0
0
0
0
0
0
0
0
0
0
0
0
0
0
0
0
0
0
0
0
0
0
0
0
0
0
0
0
0
0
0
0
0
0
0
0
0
0
0
0
0
0
0
0
0
0
0
0
0
0
0
0
0
0
0
0
0
0
0
0
0
0
0
0
0
0
0
0
0
0
0
0
0
0
0
0
0
0
0
0
0
0
0
0
0
0
0
0
0
0
0
0
0
0
0
0
0
0
0
0
0
0
0
0
0
0
0
0
0
0
0
0
0
0
0
0
0
0
0
0
0
0
0
0
0
0
0
0
0
0
0