58
70
65
67
84
58
67
68
65
84
49
56
58
68
65
84
65
32
35
57
48
48
48
48
48
54
57
51
54
0
0
0
0
0
68
153
192
0
0
0
0
0
70
170
192
0
0
0
0
0
100
159
192
0
0
0
0
0
138
168
192
0
0
0
0
0
136
162
192
0
0
0
0
0
112
166
192
0
0
0
0
0
22
165
192
0
0
0
0
0
4
164
192
0
0
0
0
0
82
167
192
0
0
0
0
0
76
161
192
0
0
0
0
0
54
169
192
0
0
0
0
0
168
156
192
0
0
0
0
0
184
170
192
0
0
0
0
0
80
150
192
0
0
0
0
0
214
171
192
0
0
0
0
0
72
143
192
0
0
0
0
0
136
172
192
0
0
0
0
0
128
129
192
0
0
0
0
0
206
172
192
0
0
0
0
0
192
91
192
0
0
0
0
0
166
172
192
0
0
0
0
0
48
117
64
0
0
0
0
0
18
172
192
0
0
0
0
0
104
136
64
0
0
0
0
0
20
171
192
0
0
0
0
0
236
146
64
0
0
0
0
0
174
169
192
0
0
0
0
0
84
153
64
0
0
0
0
0
234
167
192
0
0
0
0
0
84
159
64
0
0
0
0
0
208
165
192
0
0
0
0
0
108
162
64
0
0
0
0
0
102
163
192
0
0
0
0
0
230
164
64
0
0
0
0
0
184
160
192
0
0
0
0
0
16
167
64
0
0
0
0
0
160
155
192
0
0
0
0
0
224
168
64
0
0
0
0
0
116
149
192
0
0
0
0
0
84
170
64
0
0
0
0
0
248
141
192
0
0
0
0
0
104
171
64
0
0
0
0
0
176
128
192
0
0
0
0
0
22
172
64
0
0
0
0
0
64
89
192
0
0
0
0
0
94
172
64
0
0
0
0
0
208
116
64
0
0
0
0
0
62
172
64
0
0
0
0
0
216
135
64
0
0
0
0
0
184
171
64
0
0
0
0
0
120
146
64
0
0
0
0
0
202
170
64
0
0
0
0
0
192
152
64
0
0
0
0
0
120
169
64
0
0
0
0
0
176
158
64
0
0
0
0
0
198
167
64
0
0
0
0
0
26
162
64
0
0
0
0
0
182
165
64
0
0
0
0
0
150
164
64
0
0
0
0
0
84
163
64
0
0
0
0
0
198
166
64
0
0
0
0
0
166
160
64
0
0
0
0
0
156
168
64
0
0
0
0
0
112
155
64
0
0
0
0
0
20
170
64
0
0
0
0
0
44
149
64
0
0
0
0
0
40
171
64
0
0
0
0
0
56
141
64
0
0
0
0
0
210
171
64
0
0
0
0
0
96
127
64
0
0
0
0
0
18
172
64
0
0
0
0
0
0
80
64
0
0
0
0
0
234
171
64
0
0
0
0
0
80
119
192
0
0
0
0
0
90
171
64
0
0
0
0
0
16
137
192
0
0
0
0
0
102
170
64
0
0
0
0
0
4
147
192
0
0
0
0
0
24
169
64
0
0
0
0
0
48
153
192
0
0
0
0
0
112
167
64
0
0
0
0
0
252
158
192
0
0
0
0
0
116
165
64
0
0
0
0
0
44
162
192
0
0
0
0
0
46
163
64
0
0
0
0
0
154
164
192
0
0
0
0
0
160
160
64
0
0
0
0
0
190
166
192
0
0
0
0
0
168
155
64
0
0
0
0
0
144
168
192
0
0
0
0
0
168
149
64
0
0
0
0
0
12
170
192
0
0
0
0
0
152
142
64
0
0
0
0
0
40
171
192
0
0
0
0
0
88
129
64
0
0
0
0
0
224
171
192
0
0
0
0
0
192
93
64
0
0
0
0
0
44
172
192
0
0
0
0
0
16
116
192
0
0
0
0
0
10
172
192
0
0
0
0
0
176
135
192
0
0
0
0
0
122
171
192
0
0
0
0
0
128
146
192
0
0
0
0
0
122
170
192
0
0
0
0
0
224
152
192
0
0
0
0
0
18
169
192
0
0
0
0
0
212
158
192
0
0
0
0
0
72
167
192
0
0
0
0
0
36
162
192
0
0
0
0
0
36
165
192
0
0
0
0
0
148
164
192
0
0
0
0
0
178
162
192
0
0
0
0
0
176
166
192
0
0
0
0
0
252
159
192
0
0
0
0
0
114
168
192
0
0
0
0
0
36
154
192
0
0
0
0
0
216
169
192
0
0
0
0
0
0
148
192
0
0
0
0
0
220
170
192
0
0
0
0
0
72
139
192
0
0
0
0
0
128
171
192
0
0
0
0
0
144
124
192
0
0
0
0
0
196
171
192
0
0
0
0
0
128
66
192
0
0
0
0
0
164
171
192
0
0
0
0
0
224
119
64
0
0
0
0
0
36
171
192
0
0
0
0
0
232
136
64
0
0
0
0
0
66
170
192
0
0
0
0
0
200
146
64
0
0
0
0
0
0
169
192
0
0
0
0
0
220
152
64
0
0
0
0
0
96
167
192
0
0
0
0
0
160
158
64
0
0
0
0
0
100
165
192
0
0
0
0
0
252
161
64
0
0
0
0
0
16
163
192
0
0
0
0
0
104
164
64
0
0
0
0
0
108
160
192
0
0
0
0
0
136
166
64
0
0
0
0
0
4
155
192
0
0
0
0
0
80
168
64
0
0
0
0
0
192
148
192
0
0
0
0
0
182
169
64
0
0
0
0
0
88
140
192
0
0
0
0
0
178
170
64
0
0
0
0
0
144
125
192
0
0
0
0
0
66
171
64
0
0
0
0
0
0
66
192
0
0
0
0
0
100
171
64
0
0
0
0
0
224
120
64
0
0
0
0
0
24
171
64
0
0
0
0
0
168
137
64
0
0
0
0
0
100
170
64
0
0
0
0
0
40
147
64
0
0
0
0
0
78
169
64
0
0
0
0
0
24
153
64
0
0
0
0
0
222
167
64
0
0
0
0
0
152
158
64
0
0
0
0
0
30
166
64
0
0
0
0
0
204
161
64
0
0
0
0
0
26
164
64
0
0
0
0
0
6
164
64
0
0
0
0
0
214
161
64
0
0
0
0
0
246
165
64
0
0
0
0
0
180
158
64
0
0
0
0
0
154
167
64
0
0
0
0
0
92
153
64
0
0
0
0
0
234
168
64
0
0
0
0
0
176
147
64
0
0
0
0
0
230
169
64
0
0
0
0
0
120
139
64
0
0
0
0
0
136
170
64
0
0
0
0
0
80
126
64
0
0
0
0
0
204
170
64
0
0
0
0
0
128
84
64
0
0
0
0
0
174
170
64
0
0
0
0
0
80
116
192
0
0
0
0
0
42
170
64
0
0
0
0
0
224
134
192
0
0
0
0
0
64
169
64
0
0
0
0
0
172
145
192
0
0
0
0
0
242
167
64
0
0
0
0
0
172
151
192
0
0
0
0
0
66
166
64
0
0
0
0
0
88
157
192
0
0
0
0
0
58
164
64
0
0
0
0
0
72
161
192
0
0
0
0
0
228
161
64
0
0
0
0
0
158
163
192
0
0
0
0
0
144
158
64
0
0
0
0
0
166
165
192
0
0
0
0
0
232
152
64
0
0
0
0
0
86
167
192
0
0
0
0
0
236
146
64
0
0
0
0
0
168
168
192
0
0
0
0
0
112
137
64
0
0
0
0
0
154
169
192
0
0
0
0
0
144
121
64
0
0
0
0
0
44
170
192
0
0
0
0
0
0
8
64
0
0
0
0
0
94
170
192
0
0
0
0
0
0
121
192
0
0
0
0
0
50
170
192
0
0
0
0
0
208
136
192
0
0
0
0
0
172
169
192
0
0
0
0
0
100
146
192
0
0
0
0
0
206
168
192
0
0
0
0
0
32
152
192
0
0
0
0
0
154
167
192
0
0
0
0
0
140
157
192
0
0
0
0
0
20
166
192
0
0
0
0
0
78
161
192
0
0
0
0
0
64
164
192
0
0
0
0
0
158
163
192
0
0
0
0
0
32
162
192
0
0
0
0
0
174
165
192
0
0
0
0
0
120
159
192
0
0
0
0
0
118
167
192
0
0
0
0
0
40
154
192
0
0
0
0
0
240
168
192
0
0
0
0
0
104
148
192
0
0
0
0
0
16
170
192
0
0
0
0
0
136
140
192
0
0
0
0
0
206
170
192
0
0
0
0
0
80
127
192
0
0
0
0
0
40
171
192
0
0
0
0
0
128
83
192
0
0
0
0
0
22
171
192
0
0
0
0
0
240
117
64
0
0
0
0
0
154
170
192
0
0
0
0
0
72
136
64
0
0
0
0
0
180
169
192
0
0
0
0
0
160
146
64
0
0
0
0
0
104
168
192
0
0
0
0
0
220
152
64
0
0
0
0
0
188
166
192
0
0
0
0
0
180
158
64
0
0
0
0
0
184
164
192
0
0
0
0
0
8
162
64
0
0
0
0
0
100
162
192
0
0
0
0
0
110
164
64
0
0
0
0
0
152
159
192
0
0
0
0
0
132
166
64
0
0
0
0
0
252
153
192
0
0
0
0
0
66
168
64
0
0
0
0
0
4
148
192
0
0
0
0
0
168
169
64
0
0
0
0
0
136
139
192
0
0
0
0
0
174
170
64
0
0
0
0
0
80
125
192
0
0
0
0
0
88
171
64
0
0
0
0
0
128
73
192
0
0
0
0
0
162
171
64
0
0
0
0
0
48
119
64
0
0
0
0
0
138
171
64
0
0
0
0
0
176
136
64
0
0
0
0
0
22
171
64
0
0
0
0
0
200
146
64
0
0
0
0
0
68
170
64
0
0
0
0
0
16
153
64
0
0
0
0
0
20
169
64
0
0
0
0
0
24
159
64
0
0
0
0
0
136
167
64
0
0
0
0
0
104
162
64
0
0
0
0
0
164
165
64
0
0
0
0
0
14
165
64
0
0
0
0
0
104
163
64
0
0
0
0
0
114
167
64
0
0
0
0
0
216
160
64
0
0
0
0
0
140
169
64
0
0
0
0
0
252
155
64
0
0
0
0
0
76
171
64
0
0
0
0
0
188
149
64
0
0
0
0
0
170
172
64
0
0
0
0
0
24
142
64
0
0
0
0
0
158
173
64
0
0
0
0
0
0
128
64
0
0
0
0
0
32
174
64
0
0
0
0
0
0
71
64
0
0
0
0
0
42
174
64
0
0
0
0
0
176
122
192
0
0
0
0
0
186
173
64
0
0
0
0
0
40
140
192
0
0
0
0
0
210
172
64
0
0
0
0
0
88
149
192
0
0
0
0
0
118
171
64
0
0
0
0
0
88
156
192
0
0
0
0
0
170
169
64
0
0
0
0
0
126
161
192
0
0
0
0
0
118
167
64
0
0
0
0
0
146
164
192
0
0
0
0
0
228
164
64
0
0
0
0
0
96
167
192
0
0
0
0
0
0
162
64
0
0
0
0
0
218
169
192
0
0
0
0
0
164
157
64
0
0
0
0
0
248
171
192
0
0
0
0
0
204
150
64
0
0
0
0
0
180
173
192
0
0
0
0
0
40
143
64
0
0
0
0
0
10
175
192
0
0
0
0
0
32
128
64
0
0
0
0
0
242
175
192
0
0
0
0
0
0
55
64
0
0
0
0
0
53
176
192
0
0
0
0
0
224
125
192
0
0
0
0
0
54
176
192
0
0
0
0
0
144
142
192
0
0
0
0
0
248
175
192
0
0
0
0
0
252
150
192
0
0
0
0
0
10
175
192
0
0
0
0
0
120
158
192
0
0
0
0
0
160
173
192
0
0
0
0
0
206
162
192
0
0
0
0
0
192
171
192
0
0
0
0
0
34
166
192
0
0
0
0
0
106
169
192
0
0
0
0
0
42
169
192
0
0
0
0
0
166
166
192
0
0
0
0
0
214
171
192
0
0
0
0
0
126
163
192
0
0
0
0
0
22
174
192
0
0
0
0
0
248
159
192
0
0
0
0
0
222
175
192
0
0
0
0
0
92
152
192
0
0
0
0
0
146
176
192
0
0
0
0
0
84
144
192
0
0
0
0
0
241
176
192
0
0
0
0
0
8
128
192
0
0
0
0
0
12
177
192
0
0
0
0
0
0
59
64
0
0
0
0
0
226
176
192
0
0
0
0
0
168
129
64
0
0
0
0
0
118
176
192
0
0
0
0
0
12
145
64
0
0
0
0
0
150
175
192
0
0
0
0
0
244
152
64
0
0
0
0
0
204
173
192
0
0
0
0
0
56
160
64
0
0
0
0
0
154
171
192
0
0
0
0
0
178
163
64
0
0
0
0
0
10
169
192
0
0
0
0
0
222
166
64
0
0
0
0
0
42
166
192
0
0
0
0
0
180
169
64
0
0
0
0
0
2
163
192
0
0
0
0
0
46
172
64
0
0
0
0
0
48
159
192
0
0
0
0
0
70
174
64
0
0
0
0
0
236
151
192
0
0
0
0
0
248
175
64
0
0
0
0
0
68
144
192
0
0
0
0
0
159
176
64
0
0
0
0
0
168
128
192
0
0
0
0
0
7
177
64
0
0
0
0
0
0
38
192
0
0
0
0
0
51
177
64
0
0
0
0
0
56
128
64
0
0
0
0
0
30
177
64
0
0
0
0
0
104
144
64
0
0
0
0
0
198
176
64
0
0
0
0
0
140
152
64
0
0
0
0
0
43
176
64
0
0
0
0
0
52
160
64
0
0
0
0
0
158
174
64
0
0
0
0
0
234
163
64
0
0
0
0
0
102
172
64
0
0
0
0
0
88
167
64
0
0
0
0
0
186
169
64
0
0
0
0
0
108
170
64
0
0
0
0
0
164
166
64
0
0
0
0
0
26
173
64
0
0
0
0
0
50
163
64
0
0
0
0
0
90
175
64
0
0
0
0
0
228
158
64
0
0
0
0
0
143
176
64
0
0
0
0
0
232
150
64
0
0
0
0
0
51
177
64
0
0
0
0
0
40
141
64
0
0
0
0
0
151
177
64
0
0
0
0
0
48
120
64
0
0
0
0
0
186
177
64
0
0
0
0
0
96
100
192
0
0
0
0
0
158
177
64
0
0
0
0
0
56
134
192
0
0
0
0
0
68
177
64
0
0
0
0
0
136
147
192
0
0
0
0
0
174
176
64
0
0
0
0
0
184
155
192
0
0
0
0
0
184
175
64
0
0
0
0
0
206
161
192
0
0
0
0
0
162
173
64
0
0
0
0
0
142
165
192
0
0
0
0
0
26
171
64
0
0
0
0
0
16
169
192
0
0
0
0
0
38
168
64
0
0
0
0
0
72
172
192
0
0
0
0
0
204
164
64
0
0
0
0
0
42
175
192
0
0
0
0
0
16
161
64
0
0
0
0
0
211
176
192
0
0
0
0
0
248
153
64
0
0
0
0
0
216
177
192
0
0
0
0
0
52
145
64
0
0
0
0
0
157
178
192
0
0
0
0
0
240
127
64
0
0
0
0
0
27
179
192
0
0
0
0
0
192
88
192
0
0
0
0
0
76
179
192
0
0
0
0
0
104
134
192
0
0
0
0
0
46
179
192
0
0
0
0
0
196
148
192
0
0
0
0
0
191
178
192
0
0
0
0
0
20
158
192
0
0
0
0
0
0
178
192
0
0
0
0
0
118
163
192
0
0
0
0
0
245
176
192
0
0
0
0
0
146
167
192
0
0
0
0
0
70
175
192
0
0
0
0
0
72
171
192
0
0
0
0
0
34
172
192
0
0
0
0
0
136
174
192
0
0
0
0
0
146
168
192
0
0
0
0
0
162
176
192
0
0
0
0
0
168
164
192
0
0
0
0
0
186
177
192
0
0
0
0
0
124
160
192
0
0
0
0
0
139
178
192
0
0
0
0
0
64
152
192
0
0
0
0
0
20
179
192
0
0
0
0
0
136
142
192
0
0
0
0
0
86
179
192
0
0
0
0
0
176
120
192
0
0
0
0
0
81
179
192
0
0
0
0
0
128
103
64
0
0
0
0
0
8
179
192
0
0
0
0
0
224
135
64
0
0
0
0
0
124
178
192
0
0
0
0
0
188
148
64
0
0
0
0
0
175
177
192
0
0
0
0
0
56
157
64
0
0
0
0
0
163
176
192
0
0
0
0
0
170
162
64
0
0
0
0
0
180
174
192
0
0
0
0
0
120
166
64
0
0
0
0
0
174
171
192
0
0
0
0
0
252
169
64
0
0
0
0
0
62
168
192
0
0
0
0
0
36
173
64
0
0
0
0
0
106
164
192
0
0
0
0
0
226
175
64
0
0
0
0
0
70
160
192
0
0
0
0
0
19
177
64
0
0
0
0
0
188
151
192
0
0
0
0
0
241
177
64
0
0
0
0
0
32
141
192
0
0
0
0
0
136
178
64
0
0
0
0
0
208
116
192
0
0
0
0
0
212
178
64
0
0
0
0
0
208
112
64
0
0
0
0
0
211
178
64
0
0
0
0
0
232
138
64
0
0
0
0
0
135
178
64
0
0
0
0
0
100
150
64
0
0
0
0
0
243
177
64
0
0
0
0
0
216
158
64
0
0
0
0
0
26
177
64
0
0
0
0
0
92
163
64
0
0
0
0
0
3
176
64
0
0
0
0
0
250
166
64
0
0
0
0
0
108
173
64
0
0
0
0
0
60
170
64
0
0
0
0
0
114
170
64
0
0
0
0
0
34
173
64
0
0
0
0
0
38
167
64
0
0
0
0
0
166
175
64
0
0
0
0
0
146
163
64
0
0
0
0
0
227
176
64
0
0
0
0
0
120
159
64
0
0
0
0
0
193
177
64
0
0
0
0
0
96
151
64
0
0
0
0
0
107
178
64
0
0
0
0
0
192
141
64
0
0
0
0
0
224
178
64
0
0
0
0
0
16
120
64
0
0
0
0
0
29
179
64
0
0
0
0
0
64
105
192
0
0
0
0
0
29
179
64
0
0
0
0
0
48
137
192
0
0
0
0
0
218
178
64
0
0
0
0
0
44
150
192
0
0
0
0
0
80
178
64
0
0
0
0
0
200
159
192
0
0
0
0
0
123
177
64
0
0
0
0
0
162
164
192
0
0
0
0
0
89
176
64
0
0
0
0
0
58
169
192
0
0
0
0
0
214
173
64
0
0
0
0
0
146
173
192
0
0
0
0
0
100
170
64
0
0
0
0
0
201
176
192
0
0
0
0
0
104
166
64
0
0
0
0
0
146
178
192
0
0
0
0
0
242
161
64
0
0
0
0
0
22
180
192
0
0
0
0
0
44
154
64
0
0
0
0
0
75
181
192
0
0
0
0
0
176
143
64
0
0
0
0
0
41
182
192
0
0
0
0
0
112
116
64
0
0
0
0
0
173
182
192
0
0
0
0
0
96
119
192
0
0
0
0
0
212
182
192
0
0
0
0
0
208
144
192
0
0
0
0
0
158
182
192
0
0
0
0
0
156
155
192
0
0
0
0
0
12
182
192
0
0
0
0
0
8
163
192
0
0
0
0
0
34
181
192
0
0
0
0
0
254
167
192
0
0
0
0
0
226
179
192
0
0
0
0
0
154
172
192
0
0
0
0
0
83
178
192
0
0
0
0
0
102
176
192
0
0
0
0
0
123
176
192
0
0
0
0
0
65
178
192
0
0
0
0
0
194
172
192
0
0
0
0
0
214
179
192
0
0
0
0
0
26
168
192
0
0
0
0
0
27
181
192
0
0
0
0
0
16
163
192
0
0
0
0
0
7
182
192
0
0
0
0
0
120
155
192
0
0
0
0
0
148
182
192
0
0
0
0
0
104
144
192
0
0
0
0
0
189
182
192
0
0
0
0
0
208
116
192
0
0
0
0
0
127
182
192
0
0
0
0
0
160
119
64
0
0
0
0
0
219
181
192
0
0
0
0
0
168
144
64
0
0
0
0
0
213
180
192
0
0
0
0
0
200
154
64
0
0
0
0
0
116
179
192
0
0
0
0
0
2
162
64
0
0
0
0
0
195
177
192
0
0
0
0
0
16
166
64
0
0
0
0
0
158
175
192
0
0
0
0
0
114
169
64
0
0
0
0
0
82
171
192
0
0
0
0
0
24
172
64
0
0
0
0
0
202
166
192
0
0
0
0
0
246
173
64
0
0
0
0
0
40
162
192
0
0
0
0
0
12
175
64
0
0
0
0
0
32
155
192
0
0
0
0
0
94
175
64
0
0
0
0
0
80
146
192
0
0
0
0
0
248
174
64
0
0
0
0
0
32
132
192
0
0
0
0
0
234
173
64
0
0
0
0
0
192
100
192
0
0
0
0
0
78
172
64
0
0
0
0
0
160
111
64
0
0
0
0
0
58
170
64
0
0
0
0
0
248
130
64
0
0
0
0
0
204
167
64
0
0
0
0
0
232
139
64
0
0
0
0
0
34
165
64
0
0
0
0
0
84
145
64
0
0
0
0
0
82
162
64
0
0
0
0
0
160
147
64
0
0
0
0
0
232
158
64
0
0
0
0
0
220
148
64
0
0
0
0
0
56
153
64
0
0
0
0
0
16
149
64
0
0
0
0
0
188
147
64
0
0
0
0
0
80
148
64
0
0
0
0
0
64
141
64
0
0
0
0
0
176
146
64
0
0
0
0
0
8
132
64
0
0
0
0
0
76
144
64
0
0
0
0
0
64
120
64
0
0
0
0
0
144
138
64
0
0
0
0
0
192
102
64
0
0
0
0
0
128
131
64
0
0
0
0
0
0
62
64
0
0
0
0
0
144
119
64
0
0
0
0
0
128
79
192
0
0
0
0
0
0
94
64
0
0
0
0
0
128
87
192
0
0
0
0
0
128
96
192
0
0
0
0
0
64
80
192
0
0
0
0
0
224
118
192
0
0
0
0
0
0
55
64
0
0
0
0
0
184
129
192
0
0
0
0
0
32
100
64
0
0
0
0
0
176
134
192
0
0
0
0
0
64
117
64
0
0
0
0
0
24
138
192
0
0
0
0
0
32
129
64
0
0
0
0
0
192
139
192
0
0
0
0
0
32
136
64
0
0
0
0
0
160
139
192
0
0
0
0
0
48
143
64
0
0
0
0
0
192
137
192
0
0
0
0
0
232
146
64
0
0
0
0
0
88
134
192
0
0
0
0
0
208
149
64
0
0
0
0
0
160
129
192
0
0
0
0
0
32
152
64
0
0
0
0
0
240
119
192
0
0
0
0
0
192
153
64
0
0
0
0
0
0
103
192
0
0
0
0
0
164
154
64
0
0
0
0
0
0
53
64
0
0
0
0
0
200
154
64
0
0
0
0
0
192
107
64
0
0
0
0
0
60
154
64
0
0
0
0
0
128
121
64
0
0
0
0
0
16
153
64
0
0
0
0
0
240
129
64
0
0
0
0
0
88
151
64
0
0
0
0
0
72
134
64
0
0
0
0
0
52
149
64
0
0
0
0
0
176
137
64
0
0
0
0
0
200
146
64
0
0
0
0
0
32
140
64
0
0
0
0
0
52
144
64
0
0
0
0
0
160
141
64
0
0
0
0
0
32
139
64
0
0
0
0
0
48
142
64
0
0
0
0
0
232
133
64
0
0
0
0
0
216
141
64
0
0
0
0
0
232
128
64
0
0
0
0
0
168
140
64
0
0
0
0
0
144
120
64
0
0
0
0
0
168
138
64
0
0
0
0
0
80
112
64
0
0
0
0
0
248
135
64
0
0
0
0
0
192
98
64
0
0
0
0
0
176
132
64
0
0
0
0
0
0
80
64
0
0
0
0
0
0
129
64
0
0
0
0
0
0
28
64
0
0
0
0
0
16
122
64
0
0
0
0
0
0
51
192
0
0
0
0
0
240
113
64
0
0
0
0
0
0
40
192
0
0
0
0
0
64
100
64
0
0
0
0
0
0
61
64
0
0
0
0
0
0
72
64
0
0
0
0
0
128
89
64
0
0
0
0
0
128
70
192
0
0
0
0
0
96
105
64
0
0
0
0
0
192
91
192
0
0
0
0
0
96
116
64
0
0
0
0
0
0
98
192
0
0
0
0
0
224
124
64
0
0
0
0
0
192
97
192
0
0
0
0
0
216
130
64
0
0
0
0
0
0
90
192
0
0
0
0
0
16
135
64
0
0
0
0
0
128
64
192
0
0
0
0
0
224
138
64
0
0
0
0
0
128
80
64
0
0
0
0
0
240
141
64
0
0
0
0
0
128
103
64
0
0
0
0
0
8
144
64
0
0
0
0
0
64
116
64
0
0
0
0
0
136
144
64
0
0
0
0
0
240
124
64
0
0
0
0
0
120
144
64
0
0
0
0
0
192
130
64
0
0
0
0
0
192
143
64
0
0
0
0
0
176
134
64
0
0
0
0
0
168
141
64
0
0
0
0
0
32
138
64
0
0
0
0
0
184
138
64
0
0
0
0
0
232
140
64
0
0
0
0
0
24
135
64
0
0
0
0
0
216
142
64
0
0
0
0
0
248
130
64
0
0
0
0
0
232
143
64
0
0
0
0
0
16
125
64
0
0
0
0
0
248
143
64
0
0
0
0
0
240
115
64
0
0
0
0
0
32
143
64
0
0
0
0
0
0
102
64
0
0
0
0
0
88
141
64
0
0
0
0
0
0
70
64
0
0
0
0
0
200
138
64
0
0
0
0
0
0
82
192
0
0
0
0
0
136
135
64
0
0
0
0
0
0
101
192
0
0
0
0
0
208
131
64
0
0
0
0
0
160
109
192
0
0
0
0
0
128
127
64
0
0
0
0
0
112
113
192
0
0
0
0
0
48
119
64
0
0
0
0
0
48
114
192
0
0
0
0
0
32
110
64
0
0
0
0
0
32
113
192
0
0
0
0
0
0
94
64
0
0
0
0
0
160
108
192
0
0
0
0
0
0
44
64
0
0
0
0
0
0
100
192
0
0
0
0
0
192
81
192
0
0
0
0
0
192
81
192
0
0
0
0
0
160
96
192
0
0
0
0
0
0
65
64
0
0
0
0
0
0
101
192
0
0
0
0
0
128
98
64
0
0
0
0
0
0
102
192
0
0
0
0
0
144
112
64
0
0
0
0
0
160
99
192
0
0
0
0
0
176
119
64
0
0
0
0
0
0
92
192
0
0
0
0
0
80
126
64
0
0
0
0
0
128
70
192
0
0
0
0
0
248
129
64
0
0
0
0
0
0
68
64
0
0
0
0
0
64
132
64
0
0
0
0
0
96
97
64
0
0
0
0
0
200
133
64
0
0
0
0
0
192
110
64
0
0
0
0
0
152
134
64
0
0
0
0
0
48
118
64
0
0
0
0
0
152
134
64
0
0
0
0
0
192
124
64
0
0
0
0
0
216
133
64
0
0
0
0
0
96
129
64
0
0
0
0
0
96
132
64
0
0
0
0
0
240
131
64
0
0
0
0
0
72
130
64
0
0
0
0
0
232
133
64
0
0
0
0
0
96
127
64
0
0
0
0
0
64
135
64
0
0
0
0
0
128
121
64
0
0
0
0
0
224
135
64
0
0
0
0
0
80
115
64
0
0
0
0
0
192
135
64
0
0
0
0
0
32
106
64
0
0
0
0
0
240
134
64
0
0
0
0
0
128
92
64
0
0
0
0
0
128
133
64
0
0
0
0
0
0
62
64
0
0
0
0
0
136
131
64
0
0
0
0
0
0
68
192
0
0
0
0
0
32
129
64
0
0
0
0
0
192
86
192
0
0
0
0
0
240
124
64
0
0
0
0
0
128
94
192
0
0
0
0
0
112
119
64
0
0
0
0
0
96
96
192
0
0
0
0
0
16
114
64
0
0
0
0
0
192
93
192
0
0
0
0
0
64
106
64
0
0
0
0
0
64
85
192
0
0
0
0
0
224
97
64
0
0
0
0
0
0
65
192
0
0
0
0
0
0
87
64
0
0
0
0
0
128
64
64
0
0
0
0
0
0
78
64
0
0
0
0
0
128
91
64
0
0
0
0
0
0
72
64
0
0
0
0
0
32
104
64
0
0
0
0
0
0
77
64
0
0
0
0
0
64
113
64
0
0
0
0
0
64
86
64
0
0
0
0
0
64
118
64
0
0
0
0
0
128
97
64
0
0
0
0
0
160
122
64
0
0
0
0
0
0
106
64
0
0
0
0
0
32
126
64
0
0
0
0
0
16
114
64
0
0
0
0
0
72
128
64
0
0
0
0
0
176
119
64
0
0
0
0
0
216
128
64
0
0
0
0
0
128
125
64
0
0
0
0
0
200
128
64
0
0
0
0
0
160
129
64
0
0
0
0
0
0
128
64
0
0
0
0
0
80
132
64
0
0
0
0
0
32
125
64
0
0
0
0
0
168
134
64
0
0
0
0
0
0
121
64
0
0
0
0
0
128
136
64
0
0
0
0
0
240
115
64
0
0
0
0
0
192
137
64
0
0
0
0
0
32
108
64
0
0
0
0
0
88
138
64
0
0
0
0
0
192
94
64
0
0
0
0
0
64
138
64
0
0
0
0
0
0
51
64
0
0
0
0
0
112
137
64
0
0
0
0
0
192
84
192
0
0
0
0
0
248
135
64
0
0
0
0
0
32
102
192
0
0
0
0
0
224
133
64
0
0
0
0
0
48
112
192
0
0
0
0
0
72
131
64
0
0
0
0
0
80
116
192
0
0
0
0
0
80
128
64
0
0
0
0
0
48
119
192
0
0
0
0
0
64
122
64
0
0
0
0
0
176
120
192
0
0
0
0
0
176
115
64
0
0
0
0
0
208
120
192
0
0
0
0
0
192
106
64
0
0
0
0
0
112
119
192
0
0
0
0
0
64
94
64
0
0
0
0
0
192
116
192
0
0
0
0
0
0
68
64
0
0
0
0
0
224
112
192
0
0
0
0
0
0
56
192
0
0
0
0
0
32
104
192
0
0
0
0
0
64
81
192
0
0
0
0
0
192
89
192
0
0
0
0
0
0
87
192
0
0
0
0
0
0
28
192
0
0
0
0
0
64
87
192
0
0
0
0
0
128
86
64
0
0
0
0
0
0
82
192
0
0
0
0
0
32
103
64
0
0
0
0
0
0
62
192
0
0
0
0
0
0
113
64
0
0
0
0
0
0
62
64
0
0
0
0
0
144
117
64
0
0
0
0
0
64
90
64
0
0
0
0
0
48
121
64
0
0
0
0
0
192
103
64
0
0
0
0
0
160
123
64
0
0
0
0
0
144
113
64
0
0
0
0
0
192
124
64
0
0
0
0
0
80
119
64
0
0
0
0
0
144
124
64
0
0
0
0
0
208
124
64
0
0
0
0
0
16
123
64
0
0
0
0
0
232
128
64
0
0
0
0
0
112
120
64
0
0
0
0
0
0
131
64
0
0
0
0
0
176
116
64
0
0
0
0
0
152
132
64
0
0
0
0
0
48
112
64
0
0
0
0
0
152
133
64
0
0
0
0
0
64
102
64
0
0
0
0
0
0
134
64
0
0
0
0
0
64
87
64
0
0
0
0
0
200
133
64
0
0
0
0
0
0
34
64
0
0
0
0
0
248
132
64
0
0
0
0
0
128
81
192
0
0
0
0
0
160
131
64
0
0
0
0
0
128
97
192
0
0
0
0
0
208
129
64
0
0
0
0
0
128
104
192
0
0
0
0
0
96
127
64
0
0
0
0
0
128
109
192
0
0
0
0
0
176
122
64
0
0
0
0
0
32
112
192
0
0
0
0
0
240
117
64
0
0
0
0
0
64
112
192
0
0
0
0
0
80
113
64
0
0
0
0
0
128
110
192
0
0
0
0
0
96
106
64
0
0
0
0
0
0
0
0
0
0
0
0
0
0
0
0
0
0
0
0
0
0
0
0
0
0
0
0
0
0
0
0
0
0
0
0
0
0
0
0
0
0
0
0
0
0
0
0
0
0
0
0
0
0
0
0
0
0
0
0
0
0
0
0
0
0
0
0
0
0
0
0
0
0
0
0
0
0
0
0
0
0
0
0
0
0
0
0
0
0
0
0
0
0
0
0
0
0
0
0
0
0
0
0
0
0
0
0
0
0
0
0
0
0
0
0
0
0
0
0
0
0
0
0
0
0
0
0
0
0
0
0
0
0
0
0
0
0
0
0
0
0
0
0
0
0
0
0
0
0
0
0
0
0
0
0
0
0
0
0
0
0
0
0
0
0
0
0
0
0
0
0
0
0
0
0
0
0
0
0
0
0
0
0
0
0
0
0
0
0
0
0
0
0
0
0
0
0
0
0
0
0
0
0
0
0
0
0
0
0
0
0
0
0
0
0
0
0
0
0
0
0
0
0
0
0
0
0
0
0
0
0
0
0
0
0
0
0
0
0
0
0
0
0
0
0
0
0
0
0
0
0
0
0
0
0
0
0
0
0
0
0
0
0
0
0
0
0
0
0
0
0
0
0
0
0
0
0
0
0
0
0
0
0
0
0
0
0
0
0
0
0
0
0
0
0
0
0
0
0
0
0
0
0
0
0
0
0
0
0
0
0
0
0
0
0
0
0
0
0
0
0
0
0
0
0
0
0
0
0
0
0
0
0
0
0
0
0
0
0
0
0
0
0
0
0
0
0
0
0
0
0
0
0
0
0
0
0
0
0
0
0
0
0
0
0
0
0
0
0
0
0
0
0
0
0
0
0
0
0
0
0
0
0
0
0
0
0
0
0
0
0
0
0
0
0
0
0
0
0
0
0
0
0
0
0
0
0
0
0
0
0
0
0
0
0
0
0
0
0
0
0
0
0
0
0
0
0
0
0
0
0
0
0
0
0
0
0
0
0
0
0
0
0
0
0
0
0
0
0
0
0
0
0
0
0
0
0
0
0
0
0
0
0
0
0
0
0
0
0
0
0
0
0
0
0
0
0
0
0
0
0
0
0
0
0
0
0
0
0
0
0
0
0
0
0
0
0
0
0
0
0
0
0
0
0
0
0
0
0
0
0
0
0
0
0
0
0
0
0
0
0
0
0
0
0
0
0
0
0
0
0
0
0
0
0
0
0
0
0
0
0
0
0
0
0
0
0
0
0
0
0
0
0
0
0
0
0
0
0
0
0
0
0
0
0
0
0
0
0
0
0
0
0
0
0
0
0
0
0
0
0
0
0
0
0
0
0
0
0
0
0
0
0
0
0
0
0
0
0
0
0
0
0
0
0
0
0
0
0
0
0
0
0
0
0
0
0
0
0
0
0
0
0
0
0
0
0
0
0
0
0
0
0
0
0
0
0
0
0
0
0
0
0
0
0
0
0
0
0
0
0
0
0
0
0
0
0
0
0
0
0
0
0
0
0
0
0
0
0
0
0
0
0
0
0
0
0
0
0
0
0
0
0
0
0
0
0
0
0
0
0
0
0
0
0
0
0
0
0
0
0
0
0
0
0
0
0
0
0
0
0
0
0
0
0
0
0
0
0
0
0
0
0
0
0
0
0
0
0
0
0
0
0
0
0
0
0
0
0
0
0
0
0
0
0
0
0
0
0
0
0
0
0
0
0
0
0
0
0
0
0
0
0
0
0
0
0
0
0
0
0
0
0
0
0
0
0
0
0
0
0
0
0
0
0
0
0
0
0
0
0
0
0
0
0
0
0
0
0
0
0
0
0
0
0
0
0
0
0
0
0
0
0
0
0
0
0
0
0
0
0
0
0
0
0
0
0
0
0
0
0
0
0
0
0
0
0
0
0
0
0
0
0
0
0
0
0
0
0
0
0
0
0
0
0
0
0
0
0
0
0
0
0
0
0
0
0
0
0
0
0
0
0
0
0
0
0
0
0
0
0
0
0
0
0
0
0
0
0
0
0
0
0
0
0
0
0
0
0
0
0
0
0
0
0
0
0
0
0
0
0
0
0
0
0
0
0
0
0
0
0
0
0
0
0
0
0
0
0
0
0
0
0
0
0
0
0
0
0
0
0
0
0
0
0
0
0
0
0
0
0
0
0
0
0
0
0
0
0
0
0
0
0
0
0
0
0
0
0
0
0
0
0
0
0
0
0
0
0
0
0
0
0
0
0
0
0
0
0
0
0
0
0
0
0
0
0
0
0
0
0
0
0
0
0
0
0
0
0
0
0
0
0
0
0
0
0
0
0
0
0
0
0
0
0
0
0
0
0
0
0
0
0
0
0
0
0
0
0
0
0
0
0
0
0
0
0
0
0
0
0
0
0
0
0
0
0
0
0
0
0
0
0
0
0
0
0
0
0
0
0
0
0
0
0
0
0
0
0
0
0
0
0
0
0
0
0
0
0
0
0
0
0
0
0
0
0
0
0
0
0
0
0
0
0
0
0
0
0
0
0
0
0
0
0
0
0
0
0
0
0
0
0
0
0
0
0
0
0
0
0
0
0
0
0
0
0
0
0
0
0
0
0
0
0
0
0
0
0
0
0
0
0
0
0
0
0
0
0
0
0
0
0
0
0
0
0
0
0
0
0
0
0
0
0
0
0
0
0
0
0
0
0
0
0
0
0
0
0
0
0
0
0
0
0
0
0
0
0
0
0
0
0
0
0
0
0
0
0
0
0
0
0
0
0
0
0
0
0
0
0
0
0
0
0
0