58
70
65
67
84
58
67
68
65
84
49
56
58
68
65
84
65
32
35
57
48
48
48
48
48
54
57
51
54
0
0
0
0
0
160
108
64
0
0
0
0
0
244
175
64
0
0
0
0
0
64
110
64
0
0
0
0
0
242
175
64
0
0
0
0
0
192
111
64
0
0
0
0
0
240
175
64
0
0
0
0
0
176
112
64
0
0
0
0
0
238
175
64
0
0
0
0
0
128
113
64
0
0
0
0
0
236
175
64
0
0
0
0
0
80
114
64
0
0
0
0
0
236
175
64
0
0
0
0
0
32
115
64
0
0
0
0
0
234
175
64
0
0
0
0
0
240
115
64
0
0
0
0
0
232
175
64
0
0
0
0
0
192
116
64
0
0
0
0
0
230
175
64
0
0
0
0
0
128
117
64
0
0
0
0
0
228
175
64
0
0
0
0
0
80
118
64
0
0
0
0
0
226
175
64
0
0
0
0
0
32
119
64
0
0
0
0
0
224
175
64
0
0
0
0
0
240
119
64
0
0
0
0
0
220
175
64
0
0
0
0
0
176
120
64
0
0
0
0
0
218
175
64
0
0
0
0
0
128
121
64
0
0
0
0
0
216
175
64
0
0
0
0
0
64
122
64
0
0
0
0
0
212
175
64
0
0
0
0
0
16
123
64
0
0
0
0
0
210
175
64
0
0
0
0
0
224
123
64
0
0
0
0
0
206
175
64
0
0
0
0
0
160
124
64
0
0
0
0
0
204
175
64
0
0
0
0
0
112
125
64
0
0
0
0
0
200
175
64
0
0
0
0
0
48
126
64
0
0
0
0
0
196
175
64
0
0
0
0
0
0
127
64
0
0
0
0
0
194
175
64
0
0
0
0
0
208
127
64
0
0
0
0
0
190
175
64
0
0
0
0
0
72
128
64
0
0
0
0
0
186
175
64
0
0
0
0
0
176
128
64
0
0
0
0
0
184
175
64
0
0
0
0
0
24
129
64
0
0
0
0
0
180
175
64
0
0
0
0
0
128
129
64
0
0
0
0
0
176
175
64
0
0
0
0
0
232
129
64
0
0
0
0
0
174
175
64
0
0
0
0
0
72
130
64
0
0
0
0
0
170
175
64
0
0
0
0
0
176
130
64
0
0
0
0
0
166
175
64
0
0
0
0
0
24
131
64
0
0
0
0
0
162
175
64
0
0
0
0
0
128
131
64
0
0
0
0
0
160
175
64
0
0
0
0
0
232
131
64
0
0
0
0
0
156
175
64
0
0
0
0
0
72
132
64
0
0
0
0
0
152
175
64
0
0
0
0
0
176
132
64
0
0
0
0
0
148
175
64
0
0
0
0
0
24
133
64
0
0
0
0
0
144
175
64
0
0
0
0
0
120
133
64
0
0
0
0
0
140
175
64
0
0
0
0
0
224
133
64
0
0
0
0
0
136
175
64
0
0
0
0
0
64
134
64
0
0
0
0
0
132
175
64
0
0
0
0
0
168
134
64
0
0
0
0
0
128
175
64
0
0
0
0
0
8
135
64
0
0
0
0
0
124
175
64
0
0
0
0
0
112
135
64
0
0
0
0
0
120
175
64
0
0
0
0
0
208
135
64
0
0
0
0
0
114
175
64
0
0
0
0
0
56
136
64
0
0
0
0
0
110
175
64
0
0
0
0
0
152
136
64
0
0
0
0
0
104
175
64
0
0
0
0
0
0
137
64
0
0
0
0
0
100
175
64
0
0
0
0
0
96
137
64
0
0
0
0
0
94
175
64
0
0
0
0
0
200
137
64
0
0
0
0
0
90
175
64
0
0
0
0
0
40
138
64
0
0
0
0
0
84
175
64
0
0
0
0
0
144
138
64
0
0
0
0
0
78
175
64
0
0
0
0
0
240
138
64
0
0
0
0
0
72
175
64
0
0
0
0
0
88
139
64
0
0
0
0
0
68
175
64
0
0
0
0
0
192
139
64
0
0
0
0
0
62
175
64
0
0
0
0
0
32
140
64
0
0
0
0
0
56
175
64
0
0
0
0
0
136
140
64
0
0
0
0
0
50
175
64
0
0
0
0
0
232
140
64
0
0
0
0
0
46
175
64
0
0
0
0
0
80
141
64
0
0
0
0
0
40
175
64
0
0
0
0
0
176
141
64
0
0
0
0
0
34
175
64
0
0
0
0
0
24
142
64
0
0
0
0
0
28
175
64
0
0
0
0
0
128
142
64
0
0
0
0
0
22
175
64
0
0
0
0
0
224
142
64
0
0
0
0
0
16
175
64
0
0
0
0
0
72
143
64
0
0
0
0
0
10
175
64
0
0
0
0
0
168
143
64
0
0
0
0
0
4
175
64
0
0
0
0
0
4
144
64
0
0
0
0
0
254
174
64
0
0
0
0
0
56
144
64
0
0
0
0
0
246
174
64
0
0
0
0
0
104
144
64
0
0
0
0
0
240
174
64
0
0
0
0
0
152
144
64
0
0
0
0
0
234
174
64
0
0
0
0
0
204
144
64
0
0
0
0
0
226
174
64
0
0
0
0
0
252
144
64
0
0
0
0
0
220
174
64
0
0
0
0
0
44
145
64
0
0
0
0
0
212
174
64
0
0
0
0
0
92
145
64
0
0
0
0
0
206
174
64
0
0
0
0
0
144
145
64
0
0
0
0
0
198
174
64
0
0
0
0
0
192
145
64
0
0
0
0
0
192
174
64
0
0
0
0
0
240
145
64
0
0
0
0
0
184
174
64
0
0
0
0
0
32
146
64
0
0
0
0
0
178
174
64
0
0
0
0
0
80
146
64
0
0
0
0
0
170
174
64
0
0
0
0
0
128
146
64
0
0
0
0
0
164
174
64
0
0
0
0
0
176
146
64
0
0
0
0
0
158
174
64
0
0
0
0
0
224
146
64
0
0
0
0
0
150
174
64
0
0
0
0
0
16
147
64
0
0
0
0
0
144
174
64
0
0
0
0
0
64
147
64
0
0
0
0
0
136
174
64
0
0
0
0
0
112
147
64
0
0
0
0
0
130
174
64
0
0
0
0
0
160
147
64
0
0
0
0
0
122
174
64
0
0
0
0
0
208
147
64
0
0
0
0
0
114
174
64
0
0
0
0
0
0
148
64
0
0
0
0
0
106
174
64
0
0
0
0
0
48
148
64
0
0
0
0
0
98
174
64
0
0
0
0
0
100
148
64
0
0
0
0
0
90
174
64
0
0
0
0
0
148
148
64
0
0
0
0
0
82
174
64
0
0
0
0
0
196
148
64
0
0
0
0
0
72
174
64
0
0
0
0
0
244
148
64
0
0
0
0
0
64
174
64
0
0
0
0
0
40
149
64
0
0
0
0
0
54
174
64
0
0
0
0
0
88
149
64
0
0
0
0
0
46
174
64
0
0
0
0
0
136
149
64
0
0
0
0
0
36
174
64
0
0
0
0
0
184
149
64
0
0
0
0
0
28
174
64
0
0
0
0
0
236
149
64
0
0
0
0
0
18
174
64
0
0
0
0
0
28
150
64
0
0
0
0
0
10
174
64
0
0
0
0
0
76
150
64
0
0
0
0
0
0
174
64
0
0
0
0
0
124
150
64
0
0
0
0
0
248
173
64
0
0
0
0
0
172
150
64
0
0
0
0
0
238
173
64
0
0
0
0
0
220
150
64
0
0
0
0
0
230
173
64
0
0
0
0
0
12
151
64
0
0
0
0
0
220
173
64
0
0
0
0
0
60
151
64
0
0
0
0
0
212
173
64
0
0
0
0
0
108
151
64
0
0
0
0
0
202
173
64
0
0
0
0
0
156
151
64
0
0
0
0
0
192
173
64
0
0
0
0
0
204
151
64
0
0
0
0
0
182
173
64
0
0
0
0
0
252
151
64
0
0
0
0
0
172
173
64
0
0
0
0
0
44
152
64
0
0
0
0
0
162
173
64
0
0
0
0
0
92
152
64
0
0
0
0
0
152
173
64
0
0
0
0
0
140
152
64
0
0
0
0
0
142
173
64
0
0
0
0
0
184
152
64
0
0
0
0
0
132
173
64
0
0
0
0
0
232
152
64
0
0
0
0
0
122
173
64
0
0
0
0
0
24
153
64
0
0
0
0
0
112
173
64
0
0
0
0
0
68
153
64
0
0
0
0
0
102
173
64
0
0
0
0
0
116
153
64
0
0
0
0
0
90
173
64
0
0
0
0
0
164
153
64
0
0
0
0
0
80
173
64
0
0
0
0
0
208
153
64
0
0
0
0
0
70
173
64
0
0
0
0
0
0
154
64
0
0
0
0
0
60
173
64
0
0
0
0
0
44
154
64
0
0
0
0
0
50
173
64
0
0
0
0
0
92
154
64
0
0
0
0
0
40
173
64
0
0
0
0
0
136
154
64
0
0
0
0
0
30
173
64
0
0
0
0
0
184
154
64
0
0
0
0
0
20
173
64
0
0
0
0
0
228
154
64
0
0
0
0
0
10
173
64
0
0
0
0
0
20
155
64
0
0
0
0
0
0
173
64
0
0
0
0
0
64
155
64
0
0
0
0
0
246
172
64
0
0
0
0
0
112
155
64
0
0
0
0
0
236
172
64
0
0
0
0
0
156
155
64
0
0
0
0
0
226
172
64
0
0
0
0
0
204
155
64
0
0
0
0
0
214
172
64
0
0
0
0
0
248
155
64
0
0
0
0
0
204
172
64
0
0
0
0
0
40
156
64
0
0
0
0
0
192
172
64
0
0
0
0
0
88
156
64
0
0
0
0
0
182
172
64
0
0
0
0
0
132
156
64
0
0
0
0
0
170
172
64
0
0
0
0
0
176
156
64
0
0
0
0
0
158
172
64
0
0
0
0
0
224
156
64
0
0
0
0
0
146
172
64
0
0
0
0
0
12
157
64
0
0
0
0
0
134
172
64
0
0
0
0
0
60
157
64
0
0
0
0
0
122
172
64
0
0
0
0
0
104
157
64
0
0
0
0
0
110
172
64
0
0
0
0
0
148
157
64
0
0
0
0
0
98
172
64
0
0
0
0
0
192
157
64
0
0
0
0
0
86
172
64
0
0
0
0
0
236
157
64
0
0
0
0
0
74
172
64
0
0
0
0
0
24
158
64
0
0
0
0
0
62
172
64
0
0
0
0
0
72
158
64
0
0
0
0
0
50
172
64
0
0
0
0
0
116
158
64
0
0
0
0
0
36
172
64
0
0
0
0
0
160
158
64
0
0
0
0
0
24
172
64
0
0
0
0
0
204
158
64
0
0
0
0
0
12
172
64
0
0
0
0
0
248
158
64
0
0
0
0
0
254
171
64
0
0
0
0
0
36
159
64
0
0
0
0
0
242
171
64
0
0
0
0
0
80
159
64
0
0
0
0
0
228
171
64
0
0
0
0
0
124
159
64
0
0
0
0
0
216
171
64
0
0
0
0
0
168
159
64
0
0
0
0
0
202
171
64
0
0
0
0
0
212
159
64
0
0
0
0
0
190
171
64
0
0
0
0
0
0
160
64
0
0
0
0
0
176
171
64
0
0
0
0
0
22
160
64
0
0
0
0
0
164
171
64
0
0
0
0
0
46
160
64
0
0
0
0
0
150
171
64
0
0
0
0
0
68
160
64
0
0
0
0
0
136
171
64
0
0
0
0
0
90
160
64
0
0
0
0
0
124
171
64
0
0
0
0
0
112
160
64
0
0
0
0
0
110
171
64
0
0
0
0
0
134
160
64
0
0
0
0
0
98
171
64
0
0
0
0
0
156
160
64
0
0
0
0
0
84
171
64
0
0
0
0
0
178
160
64
0
0
0
0
0
70
171
64
0
0
0
0
0
198
160
64
0
0
0
0
0
58
171
64
0
0
0
0
0
220
160
64
0
0
0
0
0
44
171
64
0
0
0
0
0
242
160
64
0
0
0
0
0
32
171
64
0
0
0
0
0
6
161
64
0
0
0
0
0
18
171
64
0
0
0
0
0
28
161
64
0
0
0
0
0
4
171
64
0
0
0
0
0
50
161
64
0
0
0
0
0
246
170
64
0
0
0
0
0
70
161
64
0
0
0
0
0
234
170
64
0
0
0
0
0
92
161
64
0
0
0
0
0
220
170
64
0
0
0
0
0
112
161
64
0
0
0
0
0
206
170
64
0
0
0
0
0
134
161
64
0
0
0
0
0
190
170
64
0
0
0
0
0
154
161
64
0
0
0
0
0
176
170
64
0
0
0
0
0
176
161
64
0
0
0
0
0
162
170
64
0
0
0
0
0
196
161
64
0
0
0
0
0
148
170
64
0
0
0
0
0
218
161
64
0
0
0
0
0
132
170
64
0
0
0
0
0
238
161
64
0
0
0
0
0
118
170
64
0
0
0
0
0
4
162
64
0
0
0
0
0
102
170
64
0
0
0
0
0
26
162
64
0
0
0
0
0
88
170
64
0
0
0
0
0
46
162
64
0
0
0
0
0
72
170
64
0
0
0
0
0
68
162
64
0
0
0
0
0
58
170
64
0
0
0
0
0
90
162
64
0
0
0
0
0
42
170
64
0
0
0
0
0
110
162
64
0
0
0
0
0
26
170
64
0
0
0
0
0
132
162
64
0
0
0
0
0
12
170
64
0
0
0
0
0
154
162
64
0
0
0
0
0
252
169
64
0
0
0
0
0
174
162
64
0
0
0
0
0
236
169
64
0
0
0
0
0
196
162
64
0
0
0
0
0
222
169
64
0
0
0
0
0
216
162
64
0
0
0
0
0
206
169
64
0
0
0
0
0
238
162
64
0
0
0
0
0
190
169
64
0
0
0
0
0
2
163
64
0
0
0
0
0
176
169
64
0
0
0
0
0
22
163
64
0
0
0
0
0
160
169
64
0
0
0
0
0
42
163
64
0
0
0
0
0
146
169
64
0
0
0
0
0
62
163
64
0
0
0
0
0
130
169
64
0
0
0
0
0
82
163
64
0
0
0
0
0
114
169
64
0
0
0
0
0
102
163
64
0
0
0
0
0
100
169
64
0
0
0
0
0
122
163
64
0
0
0
0
0
84
169
64
0
0
0
0
0
142
163
64
0
0
0
0
0
68
169
64
0
0
0
0
0
160
163
64
0
0
0
0
0
52
169
64
0
0
0
0
0
180
163
64
0
0
0
0
0
38
169
64
0
0
0
0
0
200
163
64
0
0
0
0
0
22
169
64
0
0
0
0
0
218
163
64
0
0
0
0
0
6
169
64
0
0
0
0
0
238
163
64
0
0
0
0
0
244
168
64
0
0
0
0
0
2
164
64
0
0
0
0
0
228
168
64
0
0
0
0
0
22
164
64
0
0
0
0
0
212
168
64
0
0
0
0
0
42
164
64
0
0
0
0
0
196
168
64
0
0
0
0
0
62
164
64
0
0
0
0
0
178
168
64
0
0
0
0
0
82
164
64
0
0
0
0
0
162
168
64
0
0
0
0
0
100
164
64
0
0
0
0
0
144
168
64
0
0
0
0
0
120
164
64
0
0
0
0
0
128
168
64
0
0
0
0
0
140
164
64
0
0
0
0
0
110
168
64
0
0
0
0
0
160
164
64
0
0
0
0
0
94
168
64
0
0
0
0
0
180
164
64
0
0
0
0
0
76
168
64
0
0
0
0
0
200
164
64
0
0
0
0
0
58
168
64
0
0
0
0
0
220
164
64
0
0
0
0
0
42
168
64
0
0
0
0
0
240
164
64
0
0
0
0
0
24
168
64
0
0
0
0
0
4
165
64
0
0
0
0
0
8
168
64
0
0
0
0
0
22
165
64
0
0
0
0
0
246
167
64
0
0
0
0
0
42
165
64
0
0
0
0
0
228
167
64
0
0
0
0
0
62
165
64
0
0
0
0
0
210
167
64
0
0
0
0
0
80
165
64
0
0
0
0
0
194
167
64
0
0
0
0
0
100
165
64
0
0
0
0
0
176
167
64
0
0
0
0
0
118
165
64
0
0
0
0
0
158
167
64
0
0
0
0
0
138
165
64
0
0
0
0
0
140
167
64
0
0
0
0
0
156
165
64
0
0
0
0
0
122
167
64
0
0
0
0
0
176
165
64
0
0
0
0
0
104
167
64
0
0
0
0
0
194
165
64
0
0
0
0
0
86
167
64
0
0
0
0
0
212
165
64
0
0
0
0
0
68
167
64
0
0
0
0
0
230
165
64
0
0
0
0
0
50
167
64
0
0
0
0
0
250
165
64
0
0
0
0
0
32
167
64
0
0
0
0
0
12
166
64
0
0
0
0
0
14
167
64
0
0
0
0
0
30
166
64
0
0
0
0
0
252
166
64
0
0
0
0
0
50
166
64
0
0
0
0
0
234
166
64
0
0
0
0
0
68
166
64
0
0
0
0
0
218
166
64
0
0
0
0
0
88
166
64
0
0
0
0
0
200
166
64
0
0
0
0
0
106
166
64
0
0
0
0
0
182
166
64
0
0
0
0
0
126
166
64
0
0
0
0
0
164
166
64
0
0
0
0
0
144
166
64
0
0
0
0
0
146
166
64
0
0
0
0
0
164
166
64
0
0
0
0
0
128
166
64
0
0
0
0
0
182
166
64
0
0
0
0
0
110
166
64
0
0
0
0
0
200
166
64
0
0
0
0
0
92
166
64
0
0
0
0
0
218
166
64
0
0
0
0
0
74
166
64
0
0
0
0
0
236
166
64
0
0
0
0
0
56
166
64
0
0
0
0
0
254
166
64
0
0
0
0
0
38
166
64
0
0
0
0
0
14
167
64
0
0
0
0
0
20
166
64
0
0
0
0
0
32
167
64
0
0
0
0
0
2
166
64
0
0
0
0
0
48
167
64
0
0
0
0
0
240
165
64
0
0
0
0
0
66
167
64
0
0
0
0
0
222
165
64
0
0
0
0
0
82
167
64
0
0
0
0
0
204
165
64
0
0
0
0
0
100
167
64
0
0
0
0
0
186
165
64
0
0
0
0
0
116
167
64
0
0
0
0
0
168
165
64
0
0
0
0
0
132
167
64
0
0
0
0
0
150
165
64
0
0
0
0
0
150
167
64
0
0
0
0
0
132
165
64
0
0
0
0
0
166
167
64
0
0
0
0
0
112
165
64
0
0
0
0
0
184
167
64
0
0
0
0
0
94
165
64
0
0
0
0
0
202
167
64
0
0
0
0
0
74
165
64
0
0
0
0
0
218
167
64
0
0
0
0
0
56
165
64
0
0
0
0
0
236
167
64
0
0
0
0
0
36
165
64
0
0
0
0
0
254
167
64
0
0
0
0
0
16
165
64
0
0
0
0
0
16
168
64
0
0
0
0
0
254
164
64
0
0
0
0
0
32
168
64
0
0
0
0
0
234
164
64
0
0
0
0
0
50
168
64
0
0
0
0
0
214
164
64
0
0
0
0
0
68
168
64
0
0
0
0
0
194
164
64
0
0
0
0
0
84
168
64
0
0
0
0
0
176
164
64
0
0
0
0
0
100
168
64
0
0
0
0
0
156
164
64
0
0
0
0
0
118
168
64
0
0
0
0
0
136
164
64
0
0
0
0
0
134
168
64
0
0
0
0
0
116
164
64
0
0
0
0
0
150
168
64
0
0
0
0
0
98
164
64
0
0
0
0
0
166
168
64
0
0
0
0
0
78
164
64
0
0
0
0
0
184
168
64
0
0
0
0
0
58
164
64
0
0
0
0
0
200
168
64
0
0
0
0
0
38
164
64
0
0
0
0
0
216
168
64
0
0
0
0
0
18
164
64
0
0
0
0
0
232
168
64
0
0
0
0
0
0
164
64
0
0
0
0
0
248
168
64
0
0
0
0
0
236
163
64
0
0
0
0
0
6
169
64
0
0
0
0
0
216
163
64
0
0
0
0
0
22
169
64
0
0
0
0
0
196
163
64
0
0
0
0
0
38
169
64
0
0
0
0
0
176
163
64
0
0
0
0
0
54
169
64
0
0
0
0
0
156
163
64
0
0
0
0
0
70
169
64
0
0
0
0
0
136
163
64
0
0
0
0
0
86
169
64
0
0
0
0
0
116
163
64
0
0
0
0
0
102
169
64
0
0
0
0
0
94
163
64
0
0
0
0
0
116
169
64
0
0
0
0
0
74
163
64
0
0
0
0
0
132
169
64
0
0
0
0
0
52
163
64
0
0
0
0
0
148
169
64
0
0
0
0
0
30
163
64
0
0
0
0
0
164
169
64
0
0
0
0
0
8
163
64
0
0
0
0
0
178
169
64
0
0
0
0
0
242
162
64
0
0
0
0
0
194
169
64
0
0
0
0
0
220
162
64
0
0
0
0
0
210
169
64
0
0
0
0
0
198
162
64
0
0
0
0
0
226
169
64
0
0
0
0
0
176
162
64
0
0
0
0
0
240
169
64
0
0
0
0
0
154
162
64
0
0
0
0
0
0
170
64
0
0
0
0
0
134
162
64
0
0
0
0
0
14
170
64
0
0
0
0
0
112
162
64
0
0
0
0
0
30
170
64
0
0
0
0
0
92
162
64
0
0
0
0
0
44
170
64
0
0
0
0
0
70
162
64
0
0
0
0
0
58
170
64
0
0
0
0
0
50
162
64
0
0
0
0
0
72
170
64
0
0
0
0
0
30
162
64
0
0
0
0
0
88
170
64
0
0
0
0
0
12
162
64
0
0
0
0
0
102
170
64
0
0
0
0
0
248
161
64
0
0
0
0
0
116
170
64
0
0
0
0
0
228
161
64
0
0
0
0
0
128
170
64
0
0
0
0
0
210
161
64
0
0
0
0
0
142
170
64
0
0
0
0
0
190
161
64
0
0
0
0
0
156
170
64
0
0
0
0
0
170
161
64
0
0
0
0
0
170
170
64
0
0
0
0
0
150
161
64
0
0
0
0
0
182
170
64
0
0
0
0
0
130
161
64
0
0
0
0
0
196
170
64
0
0
0
0
0
110
161
64
0
0
0
0
0
210
170
64
0
0
0
0
0
88
161
64
0
0
0
0
0
222
170
64
0
0
0
0
0
66
161
64
0
0
0
0
0
236
170
64
0
0
0
0
0
44
161
64
0
0
0
0
0
248
170
64
0
0
0
0
0
22
161
64
0
0
0
0
0
4
171
64
0
0
0
0
0
0
161
64
0
0
0
0
0
18
171
64
0
0
0
0
0
234
160
64
0
0
0
0
0
30
171
64
0
0
0
0
0
212
160
64
0
0
0
0
0
44
171
64
0
0
0
0
0
190
160
64
0
0
0
0
0
56
171
64
0
0
0
0
0
168
160
64
0
0
0
0
0
70
171
64
0
0
0
0
0
146
160
64
0
0
0
0
0
84
171
64
0
0
0
0
0
124
160
64
0
0
0
0
0
96
171
64
0
0
0
0
0
102
160
64
0
0
0
0
0
110
171
64
0
0
0
0
0
80
160
64
0
0
0
0
0
124
171
64
0
0
0
0
0
58
160
64
0
0
0
0
0
136
171
64
0
0
0
0
0
36
160
64
0
0
0
0
0
150
171
64
0
0
0
0
0
14
160
64
0
0
0
0
0
164
171
64
0
0
0
0
0
240
159
64
0
0
0
0
0
176
171
64
0
0
0
0
0
196
159
64
0
0
0
0
0
190
171
64
0
0
0
0
0
152
159
64
0
0
0
0
0
204
171
64
0
0
0
0
0
108
159
64
0
0
0
0
0
216
171
64
0
0
0
0
0
64
159
64
0
0
0
0
0
228
171
64
0
0
0
0
0
20
159
64
0
0
0
0
0
242
171
64
0
0
0
0
0
228
158
64
0
0
0
0
0
254
171
64
0
0
0
0
0
184
158
64
0
0
0
0
0
10
172
64
0
0
0
0
0
140
158
64
0
0
0
0
0
22
172
64
0
0
0
0
0
96
158
64
0
0
0
0
0
34
172
64
0
0
0
0
0
48
158
64
0
0
0
0
0
46
172
64
0
0
0
0
0
4
158
64
0
0
0
0
0
58
172
64
0
0
0
0
0
216
157
64
0
0
0
0
0
68
172
64
0
0
0
0
0
168
157
64
0
0
0
0
0
80
172
64
0
0
0
0
0
124
157
64
0
0
0
0
0
90
172
64
0
0
0
0
0
80
157
64
0
0
0
0
0
102
172
64
0
0
0
0
0
36
157
64
0
0
0
0
0
112
172
64
0
0
0
0
0
244
156
64
0
0
0
0
0
122
172
64
0
0
0
0
0
200
156
64
0
0
0
0
0
134
172
64
0
0
0
0
0
152
156
64
0
0
0
0
0
144
172
64
0
0
0
0
0
108
156
64
0
0
0
0
0
154
172
64
0
0
0
0
0
60
156
64
0
0
0
0
0
164
172
64
0
0
0
0
0
16
156
64
0
0
0
0
0
176
172
64
0
0
0
0
0
224
155
64
0
0
0
0
0
186
172
64
0
0
0
0
0
176
155
64
0
0
0
0
0
196
172
64
0
0
0
0
0
132
155
64
0
0
0
0
0
208
172
64
0
0
0
0
0
84
155
64
0
0
0
0
0
218
172
64
0
0
0
0
0
36
155
64
0
0
0
0
0
228
172
64
0
0
0
0
0
244
154
64
0
0
0
0
0
240
172
64
0
0
0
0
0
196
154
64
0
0
0
0
0
250
172
64
0
0
0
0
0
148
154
64
0
0
0
0
0
4
173
64
0
0
0
0
0
100
154
64
0
0
0
0
0
16
173
64
0
0
0
0
0
52
154
64
0
0
0
0
0
26
173
64
0
0
0
0
0
4
154
64
0
0
0
0
0
36
173
64
0
0
0
0
0
212
153
64
0
0
0
0
0
46
173
64
0
0
0
0
0
164
153
64
0
0
0
0
0
56
173
64
0
0
0
0
0
116
153
64
0
0
0
0
0
66
173
64
0
0
0
0
0
68
153
64
0
0
0
0
0
74
173
64
0
0
0
0
0
20
153
64
0
0
0
0
0
84
173
64
0
0
0
0
0
228
152
64
0
0
0
0
0
94
173
64
0
0
0
0
0
180
152
64
0
0
0
0
0
102
173
64
0
0
0
0
0
132
152
64
0
0
0
0
0
112
173
64
0
0
0
0
0
84
152
64
0
0
0
0
0
120
173
64
0
0
0
0
0
36
152
64
0
0
0
0
0
130
173
64
0
0
0
0
0
244
151
64
0
0
0
0
0
138
173
64
0
0
0
0
0
196
151
64
0
0
0
0
0
148
173
64
0
0
0
0
0
148
151
64
0
0
0
0
0
156
173
64
0
0
0
0
0
100
151
64
0
0
0
0
0
166
173
64
0
0
0
0
0
52
151
64
0
0
0
0
0
174
173
64
0
0
0
0
0
4
151
64
0
0
0
0
0
182
173
64
0
0
0
0
0
212
150
64
0
0
0
0
0
192
173
64
0
0
0
0
0
164
150
64
0
0
0
0
0
200
173
64
0
0
0
0
0
116
150
64
0
0
0
0
0
208
173
64
0
0
0
0
0
68
150
64
0
0
0
0
0
218
173
64
0
0
0
0
0
20
150
64
0
0
0
0
0
226
173
64
0
0
0
0
0
228
149
64
0
0
0
0
0
234
173
64
0
0
0
0
0
176
149
64
0
0
0
0
0
242
173
64
0
0
0
0
0
128
149
64
0
0
0
0
0
250
173
64
0
0
0
0
0
80
149
64
0
0
0
0
0
2
174
64
0
0
0
0
0
32
149
64
0
0
0
0
0
12
174
64
0
0
0
0
0
236
148
64
0
0
0
0
0
20
174
64
0
0
0
0
0
188
148
64
0
0
0
0
0
26
174
64
0
0
0
0
0
140
148
64
0
0
0
0
0
34
174
64
0
0
0
0
0
88
148
64
0
0
0
0
0
42
174
64
0
0
0
0
0
40
148
64
0
0
0
0
0
50
174
64
0
0
0
0
0
244
147
64
0
0
0
0
0
58
174
64
0
0
0
0
0
196
147
64
0
0
0
0
0
66
174
64
0
0
0
0
0
144
147
64
0
0
0
0
0
72
174
64
0
0
0
0
0
92
147
64
0
0
0
0
0
80
174
64
0
0
0
0
0
44
147
64
0
0
0
0
0
88
174
64
0
0
0
0
0
248
146
64
0
0
0
0
0
94
174
64
0
0
0
0
0
196
146
64
0
0
0
0
0
102
174
64
0
0
0
0
0
144
146
64
0
0
0
0
0
108
174
64
0
0
0
0
0
96
146
64
0
0
0
0
0
116
174
64
0
0
0
0
0
44
146
64
0
0
0
0
0
122
174
64
0
0
0
0
0
248
145
64
0
0
0
0
0
130
174
64
0
0
0
0
0
200
145
64
0
0
0
0
0
136
174
64
0
0
0
0
0
148
145
64
0
0
0
0
0
144
174
64
0
0
0
0
0
96
145
64
0
0
0
0
0
150
174
64
0
0
0
0
0
48
145
64
0
0
0
0
0
158
174
64
0
0
0
0
0
252
144
64
0
0
0
0
0
164
174
64
0
0
0
0
0
200
144
64
0
0
0
0
0
170
174
64
0
0
0
0
0
152
144
64
0
0
0
0
0
176
174
64
0
0
0
0
0
100
144
64
0
0
0
0
0
182
174
64
0
0
0
0
0
48
144
64
0
0
0
0
0
188
174
64
0
0
0
0
0
0
144
64
0
0
0
0
0
194
174
64
0
0
0
0
0
152
143
64
0
0
0
0
0
200
174
64
0
0
0
0
0
56
143
64
0
0
0
0
0
206
174
64
0
0
0
0
0
208
142
64
0
0
0
0
0
210
174
64
0
0
0
0
0
112
142
64
0
0
0
0
0
216
174
64
0
0
0
0
0
8
142
64
0
0
0
0
0
220
174
64
0
0
0
0
0
160
141
64
0
0
0
0
0
226
174
64
0
0
0
0
0
56
141
64
0
0
0
0
0
230
174
64
0
0
0
0
0
216
140
64
0
0
0
0
0
236
174
64
0
0
0
0
0
112
140
64
0
0
0
0
0
240
174
64
0
0
0
0
0
0
140
64
0
0
0
0
0
246
174
64
0
0
0
0
0
152
139
64
0
0
0
0
0
250
174
64
0
0
0
0
0
48
139
64
0
0
0
0
0
0
175
64
0
0
0
0
0
200
138
64
0
0
0
0
0
4
175
64
0
0
0
0
0
88
138
64
0
0
0
0
0
10
175
64
0
0
0
0
0
240
137
64
0
0
0
0
0
14
175
64
0
0
0
0
0
136
137
64
0
0
0
0
0
20
175
64
0
0
0
0
0
24
137
64
0
0
0
0
0
24
175
64
0
0
0
0
0
176
136
64
0
0
0
0
0
30
175
64
0
0
0
0
0
72
136
64
0
0
0
0
0
34
175
64
0
0
0
0
0
224
135
64
0
0
0
0
0
38
175
64
0
0
0
0
0
112
135
64
0
0
0
0
0
42
175
64
0
0
0
0
0
8
135
64
0
0
0
0
0
46
175
64
0
0
0
0
0
160
134
64
0
0
0
0
0
50
175
64
0
0
0
0
0
56
134
64
0
0
0
0
0
54
175
64
0
0
0
0
0
208
133
64
0
0
0
0
0
58
175
64
0
0
0
0
0
104
133
64
0
0
0
0
0
60
175
64
0
0
0
0
0
0
133
64
0
0
0
0
0
64
175
64
0
0
0
0
0
152
132
64
0
0
0
0
0
68
175
64
0
0
0
0
0
48
132
64
0
0
0
0
0
70
175
64
0
0
0
0
0
200
131
64
0
0
0
0
0
74
175
64
0
0
0
0
0
0
0
0
0
0
0
0
0
0
0
0
0
0
0
0
0
0
0
0
0
0
0
0
0
0
0
0
0
0
0
0
0
0
0
0
0
0
0
0
0
0
0
0
0
0
0
0
0
0
0
0
0
0
0
0
0
0
0
0
0
0
0
0
0
0
0
0
0
0
0
0
0
0
0
0
0
0
0
0
0
0
0
0
0
0
0
0
0
0
0
0
0
0
0
0
0
0
0
0
0
0
0
0
0
0
0
0
0
0
0
0
0
0
0
0
0
0
0
0
0
0
0
0
0
0
0
0
0
0
0
0
0
0
0
0
0
0
0
0
0
0
0
0
0
0
0
0
0
0
0
0
0
0
0
0
0
0
0
0
0
0
0
0
0
0
0
0
0
0
0
0
0
0
0
0
0
0
0
0
0
0
0
0
0
0
0
0
0
0
0
0
0
0
0
0
0
0
0
0
0
0
0
0
0
0
0
0
0
0
0
0
0
0
0
0
0
0
0
0
0
0
0
0
0
0
0
0
0
0
0
0
0
0
0
0
0
0
0
0
0
0
0
0
0
0
0
0
0
0
0
0
0
0
0
0
0
0
0
0
0
0
0
0
0
0
0
0
0
0
0
0
0
0
0
0
0
0
0
0
0
0
0
0
0
0
0
0
0
0
0
0
0
0
0
0
0
0
0
0
0
0
0
0
0
0
0
0
0
0
0
0
0
0
0
0
0
0
0
0
0
0
0
0
0
0
0
0
0
0
0
0
0
0
0
0
0
0
0
0
0
0
0
0
0
0
0
0
0
0
0
0
0
0
0
0
0
0
0
0
0
0
0
0
0
0
0
0
0
0
0
0
0
0
0
0
0
0
0
0
0
0
0
0
0
0
0
0
0
0
0
0
0
0
0
0
0
0
0
0
0
0
0
0
0
0
0
0
0
0
0
0
0
0
0
0
0
0
0
0
0
0
0
0
0
0
0
0
0
0
0
0
0
0
0
0
0
0
0
0
0
0
0
0
0
0
0
0
0
0
0
0
0
0
0
0
0
0
0
0
0
0
0
0
0
0
0
0
0
0
0
0
0
0
0
0
0
0
0
0
0
0
0
0
0
0
0
0
0
0
0
0
0
0
0
0
0
0
0
0
0
0
0
0
0
0
0
0
0
0
0
0
0
0
0
0
0
0
0
0
0
0
0
0
0
0
0
0
0
0
0
0
0
0
0
0
0
0
0
0
0
0
0
0
0
0
0
0
0
0
0
0
0
0
0
0
0
0
0
0
0
0
0
0
0
0
0
0
0
0
0
0
0
0
0
0
0
0
0
0
0
0
0
0
0
0
0
0
0
0
0
0
0
0
0
0
0
0
0
0
0
0
0
0
0
0
0
0
0
0
0
0
0
0
0
0
0
0
0
0
0
0
0
0
0
0
0
0
0
0
0
0
0
0
0
0
0
0
0
0
0
0
0
0
0
0
0
0
0
0
0
0
0
0
0
0
0
0
0
0
0
0
0
0
0
0
0
0
0
0
0
0
0
0
0
0
0
0
0
0
0
0
0
0
0
0
0
0
0
0
0
0
0
0
0
0
0
0
0
0
0
0
0
0
0
0
0
0
0
0
0
0
0
0
0
0
0
0
0
0
0
0
0
0
0
0
0
0
0
0
0
0
0
0
0
0
0
0
0
0
0
0
0
0
0
0
0
0
0
0
0
0
0
0
0
0
0
0
0
0
0
0
0
0
0
0
0
0
0
0
0
0
0
0
0
0
0
0
0
0
0
0
0
0
0
0
0
0
0
0
0
0
0
0
0
0
0
0
0
0
0
0
0
0
0
0
0
0
0
0
0
0
0
0
0
0
0
0
0
0
0
0
0
0
0
0
0
0
0
0
0
0
0
0
0
0
0
0
0
0
0
0
0
0
0
0
0
0
0
0
0
0
0
0
0
0
0
0
0
0
0
0
0
0
0
0
0
0
0
0
0
0
0
0
0
0
0
0
0
0
0
0
0
0
0
0
0
0
0
0
0
0
0
0
0
0
0
0
0
0
0
0
0
0
0
0
0
0
0
0
0
0
0
0
0
0
0
0
0
0
0
0
0
0
0
0
0
0
0
0
0
0
0
0
0
0
0
0
0
0
0
0
0
0
0
0
0
0
0
0
0
0
0
0
0
0
0
0
0
0
0
0
0
0
0
0
0
0
0
0
0
0
0
0
0
0
0
0
0
0
0
0
0
0
0
0
0
0
0
0
0
0
0
0
0
0
0
0
0
0
0
0
0
0
0
0
0
0
0
0
0
0
0
0
0
0
0
0
0
0
0
0
0
0
0
0
0
0
0
0
0
0
0
0
0
0
0
0
0
0
0
0
0
0
0
0
0
0
0
0
0
0
0
0
0
0
0
0
0
0
0
0
0
0
0
0
0
0
0
0
0
0
0
0
0
0
0
0
0
0
0
0
0
0
0
0
0
0
0
0
0
0
0
0
0
0
0
0
0
0
0
0
0
0
0
0
0
0
0
0
0
0
0
0
0
0
0
0
0
0
0
0
0
0
0
0
0
0
0
0
0
0
0
0
0
0
0
0
0
0
0
0
0
0
0
0
0
0
0
0
0
0
0
0
0
0
0
0
0
0
0
0
0
0
0
0
0
0
0
0
0
0
0
0
0
0
0
0
0
0
0
0
0
0
0
0
0
0
0
0
0
0
0
0
0
0
0
0
0
0
0
0
0
0
0
0
0
0
0
0
0
0
0
0
0
0
0
0
0
0
0
0
0