58
70
65
67
84
58
67
68
65
84
49
56
58
68
65
84
65
32
35
57
48
48
48
48
48
54
57
51
54
0
0
0
0
0
132
169
192
0
0
0
0
0
94
163
64
0
0
0
0
0
116
169
192
0
0
0
0
0
116
163
64
0
0
0
0
0
102
169
192
0
0
0
0
0
136
163
64
0
0
0
0
0
86
169
192
0
0
0
0
0
156
163
64
0
0
0
0
0
70
169
192
0
0
0
0
0
176
163
64
0
0
0
0
0
54
169
192
0
0
0
0
0
196
163
64
0
0
0
0
0
38
169
192
0
0
0
0
0
216
163
64
0
0
0
0
0
22
169
192
0
0
0
0
0
236
163
64
0
0
0
0
0
6
169
192
0
0
0
0
0
0
164
64
0
0
0
0
0
248
168
192
0
0
0
0
0
18
164
64
0
0
0
0
0
232
168
192
0
0
0
0
0
38
164
64
0
0
0
0
0
216
168
192
0
0
0
0
0
58
164
64
0
0
0
0
0
200
168
192
0
0
0
0
0
78
164
64
0
0
0
0
0
184
168
192
0
0
0
0
0
98
164
64
0
0
0
0
0
166
168
192
0
0
0
0
0
116
164
64
0
0
0
0
0
150
168
192
0
0
0
0
0
136
164
64
0
0
0
0
0
134
168
192
0
0
0
0
0
156
164
64
0
0
0
0
0
118
168
192
0
0
0
0
0
176
164
64
0
0
0
0
0
100
168
192
0
0
0
0
0
194
164
64
0
0
0
0
0
84
168
192
0
0
0
0
0
214
164
64
0
0
0
0
0
68
168
192
0
0
0
0
0
234
164
64
0
0
0
0
0
50
168
192
0
0
0
0
0
254
164
64
0
0
0
0
0
32
168
192
0
0
0
0
0
16
165
64
0
0
0
0
0
16
168
192
0
0
0
0
0
36
165
64
0
0
0
0
0
254
167
192
0
0
0
0
0
56
165
64
0
0
0
0
0
236
167
192
0
0
0
0
0
74
165
64
0
0
0
0
0
218
167
192
0
0
0
0
0
94
165
64
0
0
0
0
0
202
167
192
0
0
0
0
0
112
165
64
0
0
0
0
0
184
167
192
0
0
0
0
0
132
165
64
0
0
0
0
0
166
167
192
0
0
0
0
0
150
165
64
0
0
0
0
0
150
167
192
0
0
0
0
0
168
165
64
0
0
0
0
0
132
167
192
0
0
0
0
0
186
165
64
0
0
0
0
0
116
167
192
0
0
0
0
0
204
165
64
0
0
0
0
0
100
167
192
0
0
0
0
0
222
165
64
0
0
0
0
0
82
167
192
0
0
0
0
0
240
165
64
0
0
0
0
0
66
167
192
0
0
0
0
0
2
166
64
0
0
0
0
0
48
167
192
0
0
0
0
0
20
166
64
0
0
0
0
0
32
167
192
0
0
0
0
0
38
166
64
0
0
0
0
0
14
167
192
0
0
0
0
0
56
166
64
0
0
0
0
0
254
166
192
0
0
0
0
0
74
166
64
0
0
0
0
0
236
166
192
0
0
0
0
0
92
166
64
0
0
0
0
0
218
166
192
0
0
0
0
0
110
166
64
0
0
0
0
0
200
166
192
0
0
0
0
0
128
166
64
0
0
0
0
0
182
166
192
0
0
0
0
0
146
166
64
0
0
0
0
0
164
166
192
0
0
0
0
0
164
166
64
0
0
0
0
0
144
166
192
0
0
0
0
0
182
166
64
0
0
0
0
0
126
166
192
0
0
0
0
0
200
166
64
0
0
0
0
0
106
166
192
0
0
0
0
0
218
166
64
0
0
0
0
0
88
166
192
0
0
0
0
0
234
166
64
0
0
0
0
0
68
166
192
0
0
0
0
0
252
166
64
0
0
0
0
0
50
166
192
0
0
0
0
0
14
167
64
0
0
0
0
0
30
166
192
0
0
0
0
0
32
167
64
0
0
0
0
0
12
166
192
0
0
0
0
0
50
167
64
0
0
0
0
0
250
165
192
0
0
0
0
0
68
167
64
0
0
0
0
0
230
165
192
0
0
0
0
0
86
167
64
0
0
0
0
0
212
165
192
0
0
0
0
0
104
167
64
0
0
0
0
0
194
165
192
0
0
0
0
0
122
167
64
0
0
0
0
0
176
165
192
0
0
0
0
0
140
167
64
0
0
0
0
0
156
165
192
0
0
0
0
0
158
167
64
0
0
0
0
0
138
165
192
0
0
0
0
0
176
167
64
0
0
0
0
0
118
165
192
0
0
0
0
0
194
167
64
0
0
0
0
0
100
165
192
0
0
0
0
0
210
167
64
0
0
0
0
0
80
165
192
0
0
0
0
0
228
167
64
0
0
0
0
0
62
165
192
0
0
0
0
0
246
167
64
0
0
0
0
0
42
165
192
0
0
0
0
0
8
168
64
0
0
0
0
0
22
165
192
0
0
0
0
0
24
168
64
0
0
0
0
0
4
165
192
0
0
0
0
0
42
168
64
0
0
0
0
0
240
164
192
0
0
0
0
0
58
168
64
0
0
0
0
0
220
164
192
0
0
0
0
0
76
168
64
0
0
0
0
0
200
164
192
0
0
0
0
0
94
168
64
0
0
0
0
0
180
164
192
0
0
0
0
0
110
168
64
0
0
0
0
0
160
164
192
0
0
0
0
0
128
168
64
0
0
0
0
0
140
164
192
0
0
0
0
0
144
168
64
0
0
0
0
0
120
164
192
0
0
0
0
0
162
168
64
0
0
0
0
0
100
164
192
0
0
0
0
0
178
168
64
0
0
0
0
0
82
164
192
0
0
0
0
0
196
168
64
0
0
0
0
0
62
164
192
0
0
0
0
0
212
168
64
0
0
0
0
0
42
164
192
0
0
0
0
0
228
168
64
0
0
0
0
0
22
164
192
0
0
0
0
0
244
168
64
0
0
0
0
0
2
164
192
0
0
0
0
0
6
169
64
0
0
0
0
0
238
163
192
0
0
0
0
0
22
169
64
0
0
0
0
0
218
163
192
0
0
0
0
0
38
169
64
0
0
0
0
0
200
163
192
0
0
0
0
0
52
169
64
0
0
0
0
0
180
163
192
0
0
0
0
0
68
169
64
0
0
0
0
0
160
163
192
0
0
0
0
0
84
169
64
0
0
0
0
0
142
163
192
0
0
0
0
0
100
169
64
0
0
0
0
0
122
163
192
0
0
0
0
0
114
169
64
0
0
0
0
0
102
163
192
0
0
0
0
0
130
169
64
0
0
0
0
0
82
163
192
0
0
0
0
0
146
169
64
0
0
0
0
0
62
163
192
0
0
0
0
0
160
169
64
0
0
0
0
0
42
163
192
0
0
0
0
0
176
169
64
0
0
0
0
0
22
163
192
0
0
0
0
0
190
169
64
0
0
0
0
0
2
163
192
0
0
0
0
0
206
169
64
0
0
0
0
0
238
162
192
0
0
0
0
0
222
169
64
0
0
0
0
0
216
162
192
0
0
0
0
0
236
169
64
0
0
0
0
0
196
162
192
0
0
0
0
0
252
169
64
0
0
0
0
0
174
162
192
0
0
0
0
0
12
170
64
0
0
0
0
0
154
162
192
0
0
0
0
0
26
170
64
0
0
0
0
0
132
162
192
0
0
0
0
0
42
170
64
0
0
0
0
0
110
162
192
0
0
0
0
0
58
170
64
0
0
0
0
0
90
162
192
0
0
0
0
0
72
170
64
0
0
0
0
0
68
162
192
0
0
0
0
0
88
170
64
0
0
0
0
0
46
162
192
0
0
0
0
0
102
170
64
0
0
0
0
0
26
162
192
0
0
0
0
0
118
170
64
0
0
0
0
0
4
162
192
0
0
0
0
0
132
170
64
0
0
0
0
0
238
161
192
0
0
0
0
0
148
170
64
0
0
0
0
0
218
161
192
0
0
0
0
0
162
170
64
0
0
0
0
0
196
161
192
0
0
0
0
0
176
170
64
0
0
0
0
0
176
161
192
0
0
0
0
0
190
170
64
0
0
0
0
0
154
161
192
0
0
0
0
0
206
170
64
0
0
0
0
0
134
161
192
0
0
0
0
0
220
170
64
0
0
0
0
0
112
161
192
0
0
0
0
0
234
170
64
0
0
0
0
0
92
161
192
0
0
0
0
0
246
170
64
0
0
0
0
0
70
161
192
0
0
0
0
0
4
171
64
0
0
0
0
0
50
161
192
0
0
0
0
0
18
171
64
0
0
0
0
0
28
161
192
0
0
0
0
0
32
171
64
0
0
0
0
0
6
161
192
0
0
0
0
0
44
171
64
0
0
0
0
0
242
160
192
0
0
0
0
0
58
171
64
0
0
0
0
0
220
160
192
0
0
0
0
0
70
171
64
0
0
0
0
0
198
160
192
0
0
0
0
0
84
171
64
0
0
0
0
0
178
160
192
0
0
0
0
0
98
171
64
0
0
0
0
0
156
160
192
0
0
0
0
0
110
171
64
0
0
0
0
0
134
160
192
0
0
0
0
0
124
171
64
0
0
0
0
0
112
160
192
0
0
0
0
0
136
171
64
0
0
0
0
0
90
160
192
0
0
0
0
0
150
171
64
0
0
0
0
0
68
160
192
0
0
0
0
0
164
171
64
0
0
0
0
0
46
160
192
0
0
0
0
0
176
171
64
0
0
0
0
0
22
160
192
0
0
0
0
0
190
171
64
0
0
0
0
0
0
160
192
0
0
0
0
0
202
171
64
0
0
0
0
0
212
159
192
0
0
0
0
0
216
171
64
0
0
0
0
0
168
159
192
0
0
0
0
0
228
171
64
0
0
0
0
0
124
159
192
0
0
0
0
0
242
171
64
0
0
0
0
0
80
159
192
0
0
0
0
0
254
171
64
0
0
0
0
0
36
159
192
0
0
0
0
0
12
172
64
0
0
0
0
0
248
158
192
0
0
0
0
0
24
172
64
0
0
0
0
0
204
158
192
0
0
0
0
0
36
172
64
0
0
0
0
0
160
158
192
0
0
0
0
0
50
172
64
0
0
0
0
0
116
158
192
0
0
0
0
0
62
172
64
0
0
0
0
0
72
158
192
0
0
0
0
0
74
172
64
0
0
0
0
0
24
158
192
0
0
0
0
0
86
172
64
0
0
0
0
0
236
157
192
0
0
0
0
0
98
172
64
0
0
0
0
0
192
157
192
0
0
0
0
0
110
172
64
0
0
0
0
0
148
157
192
0
0
0
0
0
122
172
64
0
0
0
0
0
104
157
192
0
0
0
0
0
134
172
64
0
0
0
0
0
60
157
192
0
0
0
0
0
146
172
64
0
0
0
0
0
12
157
192
0
0
0
0
0
158
172
64
0
0
0
0
0
224
156
192
0
0
0
0
0
170
172
64
0
0
0
0
0
176
156
192
0
0
0
0
0
182
172
64
0
0
0
0
0
132
156
192
0
0
0
0
0
192
172
64
0
0
0
0
0
88
156
192
0
0
0
0
0
204
172
64
0
0
0
0
0
40
156
192
0
0
0
0
0
214
172
64
0
0
0
0
0
248
155
192
0
0
0
0
0
226
172
64
0
0
0
0
0
204
155
192
0
0
0
0
0
236
172
64
0
0
0
0
0
156
155
192
0
0
0
0
0
246
172
64
0
0
0
0
0
112
155
192
0
0
0
0
0
0
173
64
0
0
0
0
0
64
155
192
0
0
0
0
0
10
173
64
0
0
0
0
0
20
155
192
0
0
0
0
0
20
173
64
0
0
0
0
0
228
154
192
0
0
0
0
0
30
173
64
0
0
0
0
0
184
154
192
0
0
0
0
0
40
173
64
0
0
0
0
0
136
154
192
0
0
0
0
0
50
173
64
0
0
0
0
0
92
154
192
0
0
0
0
0
60
173
64
0
0
0
0
0
44
154
192
0
0
0
0
0
70
173
64
0
0
0
0
0
0
154
192
0
0
0
0
0
80
173
64
0
0
0
0
0
208
153
192
0
0
0
0
0
90
173
64
0
0
0
0
0
164
153
192
0
0
0
0
0
102
173
64
0
0
0
0
0
116
153
192
0
0
0
0
0
112
173
64
0
0
0
0
0
68
153
192
0
0
0
0
0
122
173
64
0
0
0
0
0
24
153
192
0
0
0
0
0
132
173
64
0
0
0
0
0
232
152
192
0
0
0
0
0
142
173
64
0
0
0
0
0
184
152
192
0
0
0
0
0
152
173
64
0
0
0
0
0
140
152
192
0
0
0
0
0
162
173
64
0
0
0
0
0
92
152
192
0
0
0
0
0
172
173
64
0
0
0
0
0
44
152
192
0
0
0
0
0
182
173
64
0
0
0
0
0
252
151
192
0
0
0
0
0
192
173
64
0
0
0
0
0
204
151
192
0
0
0
0
0
202
173
64
0
0
0
0
0
156
151
192
0
0
0
0
0
212
173
64
0
0
0
0
0
108
151
192
0
0
0
0
0
220
173
64
0
0
0
0
0
60
151
192
0
0
0
0
0
230
173
64
0
0
0
0
0
12
151
192
0
0
0
0
0
238
173
64
0
0
0
0
0
220
150
192
0
0
0
0
0
248
173
64
0
0
0
0
0
172
150
192
0
0
0
0
0
0
174
64
0
0
0
0
0
124
150
192
0
0
0
0
0
10
174
64
0
0
0
0
0
76
150
192
0
0
0
0
0
18
174
64
0
0
0
0
0
28
150
192
0
0
0
0
0
28
174
64
0
0
0
0
0
236
149
192
0
0
0
0
0
36
174
64
0
0
0
0
0
184
149
192
0
0
0
0
0
46
174
64
0
0
0
0
0
136
149
192
0
0
0
0
0
54
174
64
0
0
0
0
0
88
149
192
0
0
0
0
0
64
174
64
0
0
0
0
0
40
149
192
0
0
0
0
0
72
174
64
0
0
0
0
0
244
148
192
0
0
0
0
0
82
174
64
0
0
0
0
0
196
148
192
0
0
0
0
0
90
174
64
0
0
0
0
0
148
148
192
0
0
0
0
0
98
174
64
0
0
0
0
0
100
148
192
0
0
0
0
0
106
174
64
0
0
0
0
0
48
148
192
0
0
0
0
0
114
174
64
0
0
0
0
0
0
148
192
0
0
0
0
0
122
174
64
0
0
0
0
0
208
147
192
0
0
0
0
0
130
174
64
0
0
0
0
0
160
147
192
0
0
0
0
0
136
174
64
0
0
0
0
0
112
147
192
0
0
0
0
0
144
174
64
0
0
0
0
0
64
147
192
0
0
0
0
0
150
174
64
0
0
0
0
0
16
147
192
0
0
0
0
0
158
174
64
0
0
0
0
0
224
146
192
0
0
0
0
0
164
174
64
0
0
0
0
0
176
146
192
0
0
0
0
0
170
174
64
0
0
0
0
0
128
146
192
0
0
0
0
0
178
174
64
0
0
0
0
0
80
146
192
0
0
0
0
0
184
174
64
0
0
0
0
0
32
146
192
0
0
0
0
0
192
174
64
0
0
0
0
0
240
145
192
0
0
0
0
0
198
174
64
0
0
0
0
0
192
145
192
0
0
0
0
0
206
174
64
0
0
0
0
0
144
145
192
0
0
0
0
0
212
174
64
0
0
0
0
0
92
145
192
0
0
0
0
0
220
174
64
0
0
0
0
0
44
145
192
0
0
0
0
0
226
174
64
0
0
0
0
0
252
144
192
0
0
0
0
0
234
174
64
0
0
0
0
0
204
144
192
0
0
0
0
0
240
174
64
0
0
0
0
0
152
144
192
0
0
0
0
0
246
174
64
0
0
0
0
0
104
144
192
0
0
0
0
0
254
174
64
0
0
0
0
0
56
144
192
0
0
0
0
0
4
175
64
0
0
0
0
0
4
144
192
0
0
0
0
0
10
175
64
0
0
0
0
0
168
143
192
0
0
0
0
0
16
175
64
0
0
0
0
0
72
143
192
0
0
0
0
0
22
175
64
0
0
0
0
0
224
142
192
0
0
0
0
0
28
175
64
0
0
0
0
0
128
142
192
0
0
0
0
0
34
175
64
0
0
0
0
0
24
142
192
0
0
0
0
0
40
175
64
0
0
0
0
0
176
141
192
0
0
0
0
0
46
175
64
0
0
0
0
0
80
141
192
0
0
0
0
0
50
175
64
0
0
0
0
0
232
140
192
0
0
0
0
0
56
175
64
0
0
0
0
0
136
140
192
0
0
0
0
0
62
175
64
0
0
0
0
0
32
140
192
0
0
0
0
0
68
175
64
0
0
0
0
0
192
139
192
0
0
0
0
0
72
175
64
0
0
0
0
0
88
139
192
0
0
0
0
0
78
175
64
0
0
0
0
0
240
138
192
0
0
0
0
0
84
175
64
0
0
0
0
0
144
138
192
0
0
0
0
0
90
175
64
0
0
0
0
0
40
138
192
0
0
0
0
0
94
175
64
0
0
0
0
0
200
137
192
0
0
0
0
0
100
175
64
0
0
0
0
0
96
137
192
0
0
0
0
0
104
175
64
0
0
0
0
0
0
137
192
0
0
0
0
0
110
175
64
0
0
0
0
0
152
136
192
0
0
0
0
0
114
175
64
0
0
0
0
0
56
136
192
0
0
0
0
0
120
175
64
0
0
0
0
0
208
135
192
0
0
0
0
0
124
175
64
0
0
0
0
0
112
135
192
0
0
0
0
0
128
175
64
0
0
0
0
0
8
135
192
0
0
0
0
0
132
175
64
0
0
0
0
0
168
134
192
0
0
0
0
0
136
175
64
0
0
0
0
0
64
134
192
0
0
0
0
0
140
175
64
0
0
0
0
0
224
133
192
0
0
0
0
0
144
175
64
0
0
0
0
0
120
133
192
0
0
0
0
0
148
175
64
0
0
0
0
0
24
133
192
0
0
0
0
0
152
175
64
0
0
0
0
0
176
132
192
0
0
0
0
0
156
175
64
0
0
0
0
0
72
132
192
0
0
0
0
0
160
175
64
0
0
0
0
0
232
131
192
0
0
0
0
0
162
175
64
0
0
0
0
0
128
131
192
0
0
0
0
0
166
175
64
0
0
0
0
0
24
131
192
0
0
0
0
0
170
175
64
0
0
0
0
0
176
130
192
0
0
0
0
0
174
175
64
0
0
0
0
0
72
130
192
0
0
0
0
0
176
175
64
0
0
0
0
0
232
129
192
0
0
0
0
0
180
175
64
0
0
0
0
0
128
129
192
0
0
0
0
0
184
175
64
0
0
0
0
0
24
129
192
0
0
0
0
0
186
175
64
0
0
0
0
0
176
128
192
0
0
0
0
0
190
175
64
0
0
0
0
0
72
128
192
0
0
0
0
0
194
175
64
0
0
0
0
0
208
127
192
0
0
0
0
0
196
175
64
0
0
0
0
0
0
127
192
0
0
0
0
0
200
175
64
0
0
0
0
0
48
126
192
0
0
0
0
0
204
175
64
0
0
0
0
0
112
125
192
0
0
0
0
0
206
175
64
0
0
0
0
0
160
124
192
0
0
0
0
0
210
175
64
0
0
0
0
0
224
123
192
0
0
0
0
0
212
175
64
0
0
0
0
0
16
123
192
0
0
0
0
0
216
175
64
0
0
0
0
0
64
122
192
0
0
0
0
0
218
175
64
0
0
0
0
0
128
121
192
0
0
0
0
0
220
175
64
0
0
0
0
0
176
120
192
0
0
0
0
0
224
175
64
0
0
0
0
0
240
119
192
0
0
0
0
0
226
175
64
0
0
0
0
0
32
119
192
0
0
0
0
0
228
175
64
0
0
0
0
0
80
118
192
0
0
0
0
0
230
175
64
0
0
0
0
0
128
117
192
0
0
0
0
0
232
175
64
0
0
0
0
0
192
116
192
0
0
0
0
0
234
175
64
0
0
0
0
0
240
115
192
0
0
0
0
0
236
175
64
0
0
0
0
0
32
115
192
0
0
0
0
0
236
175
64
0
0
0
0
0
80
114
192
0
0
0
0
0
238
175
64
0
0
0
0
0
128
113
192
0
0
0
0
0
240
175
64
0
0
0
0
0
176
112
192
0
0
0
0
0
242
175
64
0
0
0
0
0
192
111
192
0
0
0
0
0
244
175
64
0
0
0
0
0
64
110
192
0
0
0
0
0
246
175
64
0
0
0
0
0
160
108
192
0
0
0
0
0
248
175
64
0
0
0
0
0
0
107
192
0
0
0
0
0
250
175
64
0
0
0
0
0
96
105
192
0
0
0
0
0
252
175
64
0
0
0
0
0
192
103
192
0
0
0
0
0
252
175
64
0
0
0
0
0
32
102
192
0
0
0
0
0
254
175
64
0
0
0
0
0
128
100
192
0
0
0
0
0
254
175
64
0
0
0
0
0
224
98
192
0
0
0
0
0
254
175
64
0
0
0
0
0
64
97
192
0
0
0
0
0
254
175
64
0
0
0
0
0
128
95
192
0
0
0
0
0
252
175
64
0
0
0
0
0
64
92
192
0
0
0
0
0
254
175
64
0
0
0
0
0
64
89
192
0
0
0
0
0
254
175
64
0
0
0
0
0
0
86
192
0
0
0
0
0
254
175
64
0
0
0
0
0
192
82
192
0
0
0
0
0
0
176
64
0
0
0
0
0
128
79
192
0
0
0
0
0
0
176
64
0
0
0
0
0
0
73
192
0
0
0
0
0
0
176
64
0
0
0
0
0
0
67
192
0
0
0
0
0
0
176
64
0
0
0
0
0
0
57
192
0
0
0
0
0
0
176
64
0
0
0
0
0
0
42
192
32
32
32
32
32
32
32
32
32
32
32
32
32
32
32
32
32
32
32
32
32
32
32
32
32
32
32
32
32
32
32
32
32
32
32
32
32
32
32
32
32
84
73
95
65
108
108
45
50
48
71
95
67
50
95
76
79
87
95
49
50
98
105
116
0
32
0
0
0
0
0
0
0
0
176
64
0
0
0
0
0
0
0
0
0
0
0
0
0
0
176
64
0
0
0
0
0
0
0
0
0
0
0
0
0
0
176
64
0
0
0
0
0
0
0
0
0
0
0
0
0
0
176
64
0
0
0
0
0
0
0
0
0
0
0
0
0
0
176
64
0
0
0
0
0
0
0
0
0
0
0
0
0
0
176
64
0
0
0
0
0
0
0
0
0
0
0
0
0
0
176
64
0
0
0
0
0
0
0
0
0
0
0
0
0
0
176
64
0
0
0
0
0
0
0
0
0
0
0
0
0
0
176
64
0
0
0
0
0
0
0
0
0
0
0
0
0
0
176
64
0
0
0
0
0
0
0
0
0
0
0
0
0
1
176
64
0
0
0
0
0
0
0
0
0
0
0
0
0
3
176
64
0
0
0
0
0
0
0
0
0
0
0
0
0
5
176
64
0
0
0
0
0
0
240
63
0
0
0
0
0
6
176
64
0
0
0
0
0
0
240
63
0
0
0
0
0
7
176
64
0
0
0
0
0
0
240
63
0
0
0
0
0
7
176
64
0
0
0
0
0
0
240
63
0
0
0
0
0
8
176
64
0
0
0
0
0
0
240
63
0
0
0
0
0
8
176
64
0
0
0
0
0
0
240
63
0
0
0
0
0
7
176
64
0
0
0
0
0
0
240
63
0
0
0
0
0
7
176
64
0
0
0
0
0
0
240
63
0
0
0
0
0
7
176
64
0
0
0
0
0
0
240
63
0
0
0
0
0
6
176
64
0
0
0
0
0
0
240
63
0
0
0
0
0
6
176
64
0
0
0
0
0
0
240
63
0
0
0
0
0
6
176
64
0
0
0
0
0
0
240
63
0
0
0
0
0
5
176
64
0
0
0
0
0
0
240
63
0
0
0
0
0
5
176
64
0
0
0
0
0
0
240
63
0
0
0
0
0
5
176
64
0
0
0
0
0
0
240
63
0
0
0
0
0
5
176
64
0
0
0
0
0
0
240
63
0
0
0
0
0
5
176
64
0
0
0
0
0
0
240
63
0
0
0
0
0
5
176
64
0
0
0
0
0
0
240
63
0
0
0
0
0
5
176
64
0
0
0
0
0
0
240
63
0
0
0
0
0
5
176
64
0
0
0
0
0
0
240
63
0
0
0
0
0
5
176
64
0
0
0
0
0
0
0
0
0
0
0
0
0
5
176
64
0
0
0
0
0
0
0
0
0
0
0
0
0
5
176
64
0
0
0
0
0
0
0
0
0
0
0
0
0
5
176
64
0
0
0
0
0
0
0
0
0
0
0
0
0
6
176
64
0
0
0
0
0
0
240
191
0
0
0
0
0
6
176
64
0
0
0
0
0
0
240
191
0
0
0
0
0
6
176
64
0
0
0
0
0
0
240
191
0
0
0
0
0
6
176
64
0
0
0
0
0
0
0
192
0
0
0
0
0
6
176
64
0
0
0
0
0
0
0
192
0
0
0
0
0
6
176
64
0
0
0
0
0
0
0
192
0
0
0
0
0
7
176
64
0
0
0
0
0
0
0
192
0
0
0
0
0
7
176
64
0
0
0
0
0
0
0
192
0
0
0
0
0
7
176
64
0
0
0
0
0
0
0
192
0
0
0
0
0
7
176
64
0
0
0
0
0
0
0
192
0
0
0
0
0
7
176
64
0
0
0
0
0
0
0
192
0
0
0
0
0
7
176
64
0
0
0
0
0
0
0
192
0
0
0
0
0
6
176
64
0
0
0
0
0
0
0
192
0
0
0
0
0
6
176
64
0
0
0
0
0
0
0
192
0
0
0
0
0
6
176
64
0
0
0
0
0
0
0
192
0
0
0
0
0
6
176
64
0
0
0
0
0
0
0
192
0
0
0
0
0
6
176
64
0
0
0
0
0
0
0
192
0
0
0
0
0
6
176
64
0
0
0
0
0
0
0
192
0
0
0
0
0
5
176
64
0
0
0
0
0
0
0
192
0
0
0
0
0
5
176
64
0
0
0
0
0
0
0
192
0
0
0
0
0
5
176
64
0
0
0
0
0
0
0
192
0
0
0
0
0
4
176
64
0
0
0
0
0
0
8
192
0
0
0
0
0
4
176
64
0
0
0
0
0
0
8
192
0
0
0
0
0
4
176
64
0
0
0
0
0
0
8
192
0
0
0
0
0
4
176
64
0
0
0
0
0
0
8
192
0
0
0
0
0
4
176
64
0
0
0
0
0
0
8
192
0
0
0
0
0
4
176
64
0
0
0
0
0
0
8
192
0
0
0
0
0
4
176
64
0
0
0
0
0
0
8
192
0
0
0
0
0
4
176
64
0
0
0
0
0
0
8
192
0
0
0
0
0
5
176
64
0
0
0
0
0
0
16
192
0
0
0
0
0
5
176
64
0
0
0
0
0
0
16
192
0
0
0
0
0
5
176
64
0
0
0
0
0
0
16
192
0
0
0
0
0
5
176
64
0
0
0
0
0
0
16
192
0
0
0
0
0
6
176
64
0
0
0
0
0
0
16
192
0
0
0
0
0
6
176
64
0
0
0
0
0
0
16
192
0
0
0
0
0
6
176
64
0
0
0
0
0
0
16
192
0
0
0
0
0
6
176
64
0
0
0
0
0
0
16
192
0
0
0
0
0
5
176
64
0
0
0
0
0
0
16
192
0
0
0
0
0
5
176
64
0
0
0
0
0
0
16
192
0
0
0
0
0
5
176
64
0
0
0
0
0
0
8
192
0
0
0
0
0
4
176
64
0
0
0
0
0
0
8
192
0
0
0
0
0
4
176
64
0
0
0
0
0
0
8
192
0
0
0
0
0
3
176
64
0
0
0
0
0
0
0
192
0
0
0
0
0
3
176
64
0
0
0
0
0
0
0
192
0
0
0
0
0
3
176
64
0
0
0
0
0
0
0
192
0
0
0
0
0
3
176
64
0
0
0
0
0
0
0
192
0
0
0
0
0
3
176
64
0
0
0
0
0
0
0
192
0
0
0
0
0
3
176
64
0
0
0
0
0
0
0
192
0
0
0
0
0
3
176
64
0
0
0
0
0
0
0
192
0
0
0
0
0
3
176
64
0
0
0
0
0
0
0
192
0
0
0
0
0
4
176
64
0
0
0
0
0
0
0
192
0
0
0
0
0
4
176
64
0
0
0
0
0
0
0
192
0
0
0
0
0
5
176
64
0
0
0
0
0
0
8
192
0
0
0
0
0
5
176
64
0
0
0
0
0
0
8
192
0
0
0
0
0
6
176
64
0
0
0
0
0
0
8
192
0
0
0
0
0
6
176
64
0
0
0
0
0
0
16
192
0
0
0
0
0
7
176
64
0
0
0
0
0
0
16
192
0
0
0
0
0
7
176
64
0
0
0
0
0
0
20
192
0
0
0
0
0
7
176
64
0
0
0
0
0
0
20
192
0
0
0
0
0
7
176
64
0
0
0
0
0
0
20
192
0
0
0
0
0
7
176
64
0
0
0
0
0
0
24
192
0
0
0
0
0
6
176
64
0
0
0
0
0
0
24
192
0
0
0
0
0
6
176
64
0
0
0
0
0
0
24
192
0
0
0
0
0
6
176
64
0
0
0
0
0
0
24
192
0
0
0
0
0
6
176
64
0
0
0
0
0
0
24
192
0
0
0
0
0
5
176
64
0
0
0
0
0
0
24
192
0
0
0
0
0
5
176
64
0
0
0
0
0
0
20
192
0
0
0
0
0
5
176
64
0
0
0
0
0
0
20
192
0
0
0
0
0
5
176
64
0
0
0
0
0
0
16
192
0
0
0
0
0
5
176
64
0
0
0
0
0
0
16
192
0
0
0
0
0
5
176
64
0
0
0
0
0
0
8
192
0
0
0
0
0
5
176
64
0
0
0
0
0
0
0
192
0
0
0
0
0
5
176
64
0
0
0
0
0
0
240
191
0
0
0
0
0
5
176
64
0
0
0
0
0
0
240
191
0
0
0
0
0
5
176
64
0
0
0
0
0
0
0
0
0
0
0
0
0
5
176
64
0
0
0
0
0
0
240
63
0
0
0
0
0
5
176
64
0
0
0
0
0
0
0
64
0
0
0
0
0
5
176
64
0
0
0
0
0
0
0
64
0
0
0
0
0
5
176
64
0
0
0
0
0
0
8
64
0
0
0
0
0
5
176
64
0
0
0
0
0
0
8
64
0
0
0
0
0
5
176
64
0
0
0
0
0
0
8
64
0
0
0
0
0
5
176
64
0
0
0
0
0
0
8
64
0
0
0
0
0
4
176
64
0
0
0
0
0
0
8
64
0
0
0
0
0
4
176
64
0
0
0
0
0
0
8
64
0
0
0
0
0
4
176
64
0
0
0
0
0
0
8
64
0
0
0
0
0
3
176
64
0
0
0
0
0
0
8
64
0
0
0
0
0
3
176
64
0
0
0
0
0
0
0
64
0
0
0
0
0
3
176
64
0
0
0
0
0
0
0
64
0
0
0
0
0
3
176
64
0
0
0
0
0
0
240
63
0
0
0
0
0
2
176
64
0
0
0
0
0
0
240
63
0
0
0
0
0
2
176
64
0
0
0
0
0
0
0
0
0
0
0
0
0
2
176
64
0
0
0
0
0
0
0
0
0
0
0
0
0
2
176
64
0
0
0
0
0
0
240
191
0
0
0
0
0
1
176
64
0
0
0
0
0
0
0
192
0
0
0
0
0
1
176
64
0
0
0
0
0
0
0
192
0
0
0
0
0
1
176
64
0
0
0
0
0
0
8
192
0
0
0
0
0
1
176
64
0
0
0
0
0
0
16
192
0
0
0
0
0
1
176
64
0
0
0
0
0
0
0
0
0
0
0
0
0
0
0
0
0
0
0
0
0
0
0
0
0
0
0
0
0
0
0
0
0
0
0
0
0
0
0
0
0
0
0
0
0
0
0
0
0
0
0
0
0
0
0
0
0
0
0
0
0
0
0
0
0
0
0
0
0
0
0
0
0
0
0
0
0
0
0
0
0
0
0
0
0
0
0
0
0
0
0
0
0
0
0
0
0
0
0
0
0
0
0
0
0
0
0
0
0
0
0
0
0
0
0
0
0
0
0
0
0
0
0
0
0
0
0
0
0
0
0
0
0
0
0
0
0
0
0
0
0
0
0
0
0
0
0
0
0
0
0
0
0
0
0
0
0
0
0
0
0
0
0
0
0
0
0
0
0
0
0
0
0
0
0
0
0
0
0
0
0
0
0
0
0
0
0
0
0
0
0
0
0
0
0
0
0
0
0
0
0
0
0
0
0
0
0
0
0
0
0
0
0
0
0
0
0
0
0
0
0
0
0
0
0
0
0
0
0
0
0
0
0
0
0
0
0
0
0
0
0
0
0
0
0
0
0
0
0
0
0
0
0
0
0
0
0
0
0
0
0
0
0
0
0
0
0
0
0
0
0
0
0
0
0
0
0
0
0
0
0
0
0
0
0
0
0
0
0
0
0
0
0
0
0
0
0
0
0
0
0
0
0
0
0
0
0
0
0
0
0
0
0
0
0
0
0
0
0
0
0
0
0
0
0
0
0
0
0
0
0
0
0
0
0
0
0
0
0
0
0
0
0
0
0
0
0
0
0
0
0
0
0
0
0
0
0
0
0
0
0
0
0
0
0
0
0
0
0
0
0
0
0
0
0
0
0
0
0
0
0
0
0
0
0
0
0
0
0
0
0
0
0
0
0
0
0
0
0
0
0
0
0
0
0
0
0
0
0
0
0
0
0
0
0
0
0
0
0
0
0
0
0
0
0
0
0
0
0
0
0
0
0
0
0
0
0
0
0
0
0
0
0
0
0
0
0
0
0
0
0
0
0
0
0
0
0
0
0
0
0
0
0
0
0
0
0
0
0
0
0
0
0
0
0
0
0
0
0
0
0
0
0
0
0
0
0
0
0
0
0
0
0
0
0
0
0
0
0
0
0
0
0
0
0
0
0
0
0
0
0
0
0
0
0
0
0
0
0
0
0
0
0
0
0
0
0
0
0
0
0
0
0
0
0
0
0
0
0
0
0
0
0
0
0
0
0
0
0
0
0
0
0
0
0
0
0
0
0
0
0
0
0
0
0
0
0
0
0
0
0
0
0
0
0
0
0
0
0
0
0
0
0
0
0
0
0
0
0
0
0
0
0
0
0
0
0
0
0
0
0
0
0
0
0
0
0
0
0
0
0
0
0
0
0
0
0
0
0
0
0
0
0
0
0
0
0
0
0
0
0
0
0
0
0
0
0
0
0
0
0
0
0
0
0
0
0
0
0
0
0
0
0
0
0
0
0
0
0
0
0
0
0
0
0
0
0
0
0
0
0
0
0
0
0
0
0
0
0
0
0
0
0
0
0
0
0
0
0
0
0
0
0
0
0
0
0
0
0
0
0
0
0
0
0
0
0
0
0
0
0
0
0
0
0
0
0
0
0
0
0
0
0
0
0
0
0
0
0
0
0
0
0
0
0
0
0
0
0
0
0
0
0
0
0
0
0
0
0
0
0
0
0
0
0
0
0
0
0
0
0
0
0
0
0
0
0
0
0
0
0
0
0
0
0
0
0
0
0
0
0
0
0
0
0
0
0
0
0
0
0
0
0
0
0
0
0
0
0
0
0
0
0
0
0
0
0
0
0
0
0
0
0
0
0
0
0
0
0
0
0
0
0
0
0
0
0
0
0
0
0
0
0
0
0
0
0
0
0
0
0
0
0
0
0
0
0
0
0
0
0
0
0
0
0
0
0
0
0
0
0
0
0
0
0
0
0
0
0
0
0
0
0
0
0
0
0
0
0
0
0
0
0
0
0
0
0
0
0
0
0
0
0
0
0
0
0
0
0
0
0
0
0
0
0
0
0
0
0
0
0
0
0
0
0
0
0
0
0
0
0
0
0
0
0
0
0
0
0
0
0
0
0
0
0
0
0
0
0
0
0
0
0
0
0
0
0
0
0
0
0
0
0
0
0
0
0
0
0
0
0
0
0
0
0
0
0
0
0
0
0
0
0
0
0
0
0
0
0
0
0
0
0
0
0
0
0
0
0
0
0
0
0
0
0
0
0
0
0
0
0
0
0
0
0
0
0
0
0
0
0
0
0
0
0
0
0
0
0
0
0
0
0
0
0
0
0
0
0
0
0
0
0
0
0
0
0
0
0
0
0
0
0
0
0
0
0
0
0
0
0
0
0
0
0
0
0
0
0
0
0
0
0
0
0
0
0
0
0
0
0
0
0
0
0
0
0
0
0
0
0
0
0
0
0
0
0
0
0
0
0
0
0
0
0
0
0
0
0
0
0
0
0
0
0
0
0
0
0
0
0
0
0
0
0
0
0
0
0
0
0
0
0
0
0
0
0
0
0
0
0
0
0
0
0
0
0
0
0
0
0
0
0
0
0
0
0
0
0
0
0
0
0
0
0
0
0
0
0
0
0
0
0
0
0
0
0
0
0
0
0
0
0
0
0
0
0
0
0
0
0
0
0
0
0
0
0
0
0
0
0
0
0
0
0
0
0
0
0
0
0
0
0
0
0
0
0
0
0
0
0
0
0
0
0
0
0
0
0
0
0
0
0
0
0
0
0
0
0
0
0