1368
2665
3100
1981
1032
1481
2803
2940
1813
1032
1682
2877
2810
1720
1108
1852
2823
2736
1656
1140
1952
2976
2691
1415
1122
2121
2964
2398
1344
1235
2267
3087
2374
1235
1231
2525
3078
2225
1180
1397
2575
2961
2064
1048
1444
2731
3018
1786
938
1702
2866
2836
1690
1082
1850
2938
2696
1618
1137
1973
2924
2622
1530
1074
2062
2977
2535
1327
1158
2278
3014
2365
1231
1287
2400
3036
2194
1125
1351
2593
3020
1996
1106
1490
2696
2919
1971
1085
1615
2790
2873
1749
972
1779
2925
2854
1563
990
1931
3030
2654
1436
1195
2118
2983
2517
1458
1139
2184
3085
2429
1227
1162
2446
3106
2301
1162
1363
2543
2998
2086
1088
1469
2692
2988
1846
1053
1574
2772
2872
1751
1065
1668
2901
2814
1638
1025
1992
3016
2676
1505
1062
2051
2968
2570
1344
1090
2230
3125
2416
1224
1239
2367
3081
2294
1239
1262
2511
3081
2125
1111
1449
2611
2921
2009
1057
1514
2714
2882
1789
1022
1738
2835
2850
1671
1061
1852
3036
2792
1532
1050
2012
3034
2510
1381
1141
2188
2975
2449
1325
1210
2370
3044
2367
1212
1253
2365
3067
2174
1078
1399
2662
3044
1957
1084
1504
2724
2958
1881
1019
1659
2916
2842
1686
1061
1854
2917
2788
1606
1072
1991
3029
2674
1417
1166
2229
3075
2396
1299
1146
2222
3083
2329
1195
1217
2529
3030
2144
1158
1452
2643
2913
2006
1069
1490
2706
2963
1883
1042
1689
2816
2855
1719
1035
1809
2968
2693
1592
1205
2036
2903
2604
1556
1121
2125
3058
2596
1294
1109
2279
3053
2389
1213
1280
2398
3025
2211
1189
1398
2580
2973
2014
1190
1503
2677
2990
1995
1045
1586
2850
2937
1736
962
1797
2896
2803
1590
1074
1929
2984
2700
1452
1105
2052
3016
2541
1424
1239
2223
3056
2490
1277
1142
2428
3128
2280
1101
1347
2592
3042
2015
1042
1480
2656
2962
1876
1037
1594
2774
2860
1756
1020
1649
2927
2826
1672
1032
1908
2998
2745
1534
993
2044
3059
2583
1298
1151
2229
2997
2347
1275
1272
2294
3022
2330
1228
1231
2542
3118
2114
1065
1435
2693
2984
1952
935
1535
2832
2924
1716
1039
1764
2805
2814
1704
1077
1790
2967
2794
1508
980
2018
3151
2597
1320
1069
2190
3010
2388
1273
1198
2339
3026
2305
1193
1309
2395
2984
2177
1100
1309
2585
3060
2005
1051
1454
2730
2892
1779
945
1647
2916
2827
1682
1051
1844
2896
2761
1643
1090
1927
2979
2700
1477
1132
2156
3094
2483
1331
1211
2329
3048
2304
1266
1321
2496
3004
2207
1178
1402
2585
3008
2085
1024
1436
2696
3005
1884
993
1635
2854
2876
1661
1076
1854
2952
2723
1564
1084
1941
2953
2617
1516
1123
2089
2934
2543
1355
1144
2276
3046
2337
1135
1271
2416
3071
2209
1184
1383
2583
3034
2002
1144
1488
2624
2943
1993
1050
1587
2816
2934
1766
1033
1829
2887
2759
1607
1038
1893
3011
2712
1419
1106
2100
3017
2466
1378
1138
2208
3109
2431
1199
1155
2522
3120
2280
1175
1343
2499
3030
2056
1013
1467
2734
2969
1790
1065
1656
2809
2864
1760
1071
1676
2985
2858
1613
1004
1945
3008
2656
1501
1097
2056
2982
2558
1397
1212
2226
2971
2371
1262
1201
2355
3052
2248
1203
1310
2557
3060
2159
1117
1372
2604
2941
2011
966
1509
2827
2943
1777
1057
1777
2779
2800
1710
1140
1798
2912
2786
1570
1031
1983
3062
2631
1422
1046
2110
2978
2486
1278
1118
2350
3041
2294
1177
1345
2410
3033
2211
1104
1344
2658
3051
1954
1080
1514
2734
2871
1813
1041
1618
2795
2880
1753
1009
1888
2968
2741
1542
1133
2029
2989
2636
1421
1156
2146
3024
2428
1314
1174
2244
3079
2329
1236
1321
2579
3065
2177
1143
1388
2593
3011
2074
1007
1474
2782
2991
1769
1015
1687
2781
2832
1768
1089
1735
2975
2785
1612
1083
1980
2981
2638
1509
1115
2124
2987
2493
1250
1143
2281
3015
2332
1265
1340
2345
3070
2276
1250
1381
2547
3085
2039
1043
1428
2740
2987
1883
1030
1639
2793
2806
1786
1119
1813
2790
2745
1616
1068
1914
2985
2647
1433
1161
2112
3029
2523
1364
1083
2180
3117
2417
1228
1252
2422
2990
2258
1214
1382
2457
2982
2151
1140
1392
2550
3019
1998
1031
1477
2834
2965
1713
969
1751
3074
2792
1604
1117
2005
2932
2677
1600
1044
1966
2981
2622
1359
1126
2283
3075
2372
1203
1193
2410
3076
2189
1205
1368
2573
2970
2060
1202
1467
2593
2943
2065
1050
1520
2787
2965
1827
983
1711
2906
2926
1655
1051
1919
3051
2724
1407
1020
2034
2993
2563
1468
1113
2099
3032
2534
1285
1132
2374
3086
2371
1218
1302
2452
3005
2135
1172
1412
2589
2978
1984
1152
1489
2684
2925
1881
1030
1649
2890
2908
1765
1042
1845
2961
2830
1571
1003
1969
3110
2654
1287
1117
2227
2993
2366
1380
1172
2128
3076
2430
1239
1206
2560
3150
2194
1099
1367
2643
2984
2003
1064
1542
2764
2920
1796
1113
1741
2775
2840
1803
1125
1755
2925
2806
1600
1045
2046
3060
2598
1460
1127
2128
2948
2487
1332
1223
2367
3058
2286
1191
1363
2424
3035
2282
1234
1324
2540
3070
2084
1095
1438
2675
2923
1949
1016
1561
2866
2920
1710
1034
1865
2915
2780
1590
1069
1886
2938
2704
1484
1079
2049
3057
2563
1416
1169
2210
3083
2470
1281
1247
2537
3053
2245
1241
1387
2466
3055
2190
1079
1410
2711
3075
1900
1022
1547
2812
2970
1841
1036
1647
2903
2803
1673
1052
1902
2911
2717
1597
1080
1990
2929
2566
1361
1158
2155
3010
2467
1265
1184
2371
3131
2216
1119
1286
2582
3010
2050
1195
1502
2577
2851
2066
1072
1457
2753
3004
1837
966
1705
2893
2871
1639
1086
1898
3005
2713
1515
1110
2027
2979
2502
1413
1102
2090
2986
2496
1296
1140
2330
3079
2342
1133
1342
2541
3076
2125
1134
1485
2635
2979
1955
1101
1494
2668
2888
1914
1057
1604
2862
2939
1791
999
1810
2929
2746
1554
1102
1983
2916
2622
1454
1148
2130
3031
2477
1302
1160
2235
3037
2332
1210
1193
2486
3072
2258
1180
1331
2564
3016
2048
1097
1525
2714
3008
1810
1013
1691
2798
2838
1723
1101
1783
2935
2760
1607
1038
1968
3050
2690
1477
1044
2142
3057
2534
1255
1101
2312
3054
2290
1204
1339
2414
3039
2237
1170
1327
2574
3044
2039
1103
1425
2673
2956
1966
1038
1611
2799
2852
1777
1089
1845
2855
2748
1609
1151
1926
2949
2708
1526
1183
2071
2965
2432
1323
1178
2202
3068
2430
1230
1188
2426
3043
2239
1145
1352
2531
3027
2083
1089
1480
2665
2982
1858
1049
1564
2827
2863
1696
1017
1687
2949
2797
1612
1017
1919
2952
2661
1537
1030
2036
3077
2627
1256
1034
2237
3107
2345
1193
1228
2365
3033
2230
1247
1284
2499
3038
2108
1088
1422
2626
2938
2025
989
1452
2695
2932
1816
1058
1728
2811
2849
1638
1082
1809
2914
2687
1522
1076
2000
3018
2506
1402
1136
2132
3003
2469
1321
1199
2368
3056
2340
1180
1260
2439
3137
2189
1129
1478
2698
2983
1933
1118
1546
2704
2831
1853
1078
1640
2889
2862
1746
1035
1834
2907
2755
1593
1138
1995
2985
2647
1365
1108
2176
3041
2393
1278
1209
2332
3094
2372
1271
1255
2508
3118
2249
1106
1331
2632
3010
2026
1016
1497
2736
2953
1842
1051
1613
2709
2840
1797
1110
1737
2974
2863
1559
936
1936
3041
2566
1407
1065
2163
2974
2484
1355
1191
2296
2997
2305
1218
1317
2360
3097
2312
1180
1299
2593
3116
2028
1080
1510
2756
2954
1877
1003
1636
2860
2845
1730
1048
1778
2815
2781
1622
1074
1854
2962
2724
1457
1039
2058
3073
2457
1249
1112
2271
3079
2354
1220
1231
2443
3032
2273
1185
1355
2527
3047
2145
1046
1401
2679
3040
1918
1070
1594
2787
2824
1715
1085
1703
2898
2817
1665
996
1956
3080
2727
1457
1064
2083
3024
2623
1320
1086
2185
3075
2436
1256
1241
2356
3077
2249
1183
1290
2602
3081
2096
1159
1454
2602
2865
1970
1018
1506
2742
2941
1823
1020
1706
2814
2886
1691
1057
1817
2919
2706
1529
1125
2026
2953
2497
1421
1077
2083
3032
2494
1213
1121
2378
3049
2270
1187
1371
2465
3066
2231
1172
1396
2659
3091
1916
1002
1486
2728
2846
1796
1064
1677
2878
2816
1721
1032
1811
2890
2736
1576
1072
1943
2926
2641
1422
1152
2119
3014
2475
1330
1096
2191
3147
2341
1129
1201
2529
3068
2242
1179
1342
2530
2942
2023
1037
1462
2708
2986
1872
1033
1644
2839
2859
1691
1031
1808
2978
2679
1510
1050
1976
2964
2589
1428
1038
2138
3014
2495
1340
1134
2249
3096
2370
1151
1257
2478
3125
2200
1153
1407
2609
2984
2067
1189
1408
2602
2990
2028
1003
1538
2818
2910
1809
1026
1736
2879
2823
1638
1092
1953
3056
2681
1435
1148
2117
3030
2460
1389
1136
2130
3010
2426
1252
1122
2438
3094
2306
1166
1260
2423
3032
2145
1089
1405
2627
3023
1958
1078
1554
2789
2886
1741
1069
1737
2927
2760
1615
1067
1934
2878
2654
1546
998
2002
3030
2593
1301
1104
2186
3040
2435
1272
1211
2270
3050
2307
1226
1303
2562
3011
2087
1166
1461
2619
2952
2019
1026
1498
2745
2936
1822
1069
1720
2755
2840
1706
1101
1783
2912
2730
1521
1034
2023
3080
2560
1391
1090
2164
3077
2504
1291
1169
2335
2994
2245
1228
1409
2436
3037
2240
1170
1373
2628
3108
2005
1053
1494
2771
2878
1778
1032
1664
2886
2862
1740
1033
1869
2932
2691
1550
1126
2043
3035
2612
1357
1102
2116
3030
2423
1347
1199
2252
3061
2323
1279
1236
2470
3039
2171
1125
1314
2559
2997
2055
1030
1398
2698
2971
1830
1051
1632
2735
2853
1773
1147
1775
2905
2771
1612
1066
1978
2990
2621
1489
1145
2120
2972
2546
1317
1136
2262
2963
2360
1251
1239
2315
3054
2292
1172
1326
2576
3044
1969
1093
1571
2749
2925
1953
1085
1633
2782
2827
1724
1008
1796
2828
2764
1600
1074
1941
2980
2691
1436
1151
2122
3014
2450
1381
1222
2219
3020
2330
1255
1325
2489
3045
2254
1159
1316
2471
3017
2148
1143
1448
2608
2977
1914
1097
1608
2764
2848
1841
1084
1617
2883
2851
1695
1006
1916
2997
2665
1494
1092
2098
2961
2614
1436
1156
2225
3081
2464
1253
1188
2330
3108
2251
1172
1294
2578
3046
2103
1163
1464
2654
2968
1989
1012
1503
2731
2943
1806
1014
1751
2847
2880
1681
1047
1799
2978
2784
1519
998
2011
3099
2511
1283
1072
2217
2990
2402
1301
1201
2328
2943
2289
1215
1337
2411
3041
2251
1150
1333
2623
3071
2019
1098
1509
2787
2946
1845
1057
1675
2897
2847
1713
1024
1873
2917
2699
1544
1094
1951
2996
2675
1398
1082
2115
3050
2476
1312
1144
2248
3045
2291
1245
1280
2485
2986
2180
1171
1350
2550
2977
2045
1059
1492
2711
2963
1879
1040
1676
2834
2841
1676
1064
1807
2931
2656
1567
1113
1989
2904
2604
1567
1126
2067
2971
2570
1333
1064
2226
3080
2371
1162
1253
2398
3087
2214
1150
1361
2584
3005
2018
1142
1444
2629
2905
1923
1011
1528
2799
2937
1834
1032
1768
2908
2811
1563
1066
1950
3003
2700
1511
1138
2113
3085
2487
1322
1107
2170
3084
2454
1306
1169
2456
3109
2243
1125
1326
2531
3036
2084
1108
1451
2648
2952
1911
1161
1584
2675
2875
1861
1089
1638
2927
2874
1694
1013
1994
3046
2616
1485
1145
2154
3008
2517
1360
1230
2308
3063
2443
1338
1293
2341
3023
2324
1236
1253
2552
3051
2104
1136
1446
2636
2985
2006
962
1548
2771
2856
1782
1131
1775
2725
2821
1761
1112
1819
2962
2758
1533
1054
2084
3082
2517
1351
1101
2209
3058
2431
1218
1182
2426
2994
2303
1263
1349
2370
3010
2258
1182
1354
2648
3119
1986
1041
1470
2744
2919
1855
1058
1680
2865
2779
1688
1077
1907
2868
2666
1556
1026
1869
3006
2741
1372
1022
2159
3126
2438
1255
1207
2339
3067
2279
1262
1317
2454
2975
2191
1205
1348
2468
3018
2157
1065
1438
2698
3039
1867
1001
1637
2851
2860
1677
1061
1815
3008
2762
1645
1103
1967
2982
2661
1600
1192
2134
2975
2538
1319
1103
2248
3079
2404
1160
1239
2388
3064
2221
1129
1313
2554
3028
2027
1074
1425
2686
2964
1907
1028
1593
2795
2841
1733
981
1721
2879
2801
1565
1029
1931
3041
2688
1420
1155
2102
2993
2456
1396
1145
2131
2973
2447
1283
1172
2459
3097
2344
1187
1351
2498
2994
2098
1079
1507
2669
3009
1874
1035
1580
2766
2890
1823
1075
1632
2921
2907
1704
999
1941
3057
2751
1483
1068
2152
3032
2520
1310
1229
2212
2959
2433
1360
1228
2234
3054
2290
1197
1273
2615
3065
2067
1174
1475
2674
2965
2048
1043
1551
2784
2902
1730
1004
1783
2832
2843
1684
1118
1916
2971
2661
1528
1140
2070
3046
2519
1390
1136
2170
2997
2464
1344
1219
2338
2995
2245
1202
1412
2486
3012
2174
1234
1444
2576
3019
2001
1093
1462
2702
2914
1850
1109
1684
2836
2893
1794
1057
1840
2919
2777
1625
1064
1911
3005
2739
1495
1173
2119
3057
2489
1336
1202
2271
3052
2317
1225
1269
2525
3042
2246
1247
1435
2567
2933
2114
1114
1426
2700
3025
1839
963
1634
2825
2883
1691
1057
1747
2925
2788
1651
1089
1922
2954
2654
1510
1075
2103
3010
2482
1283
1207
2302
2996
2307
1188
1294
2370
3097
2280
1158
1339
2601
3026
2012
1174
1508
2674
2935
1914
978
1536
2841
2893
1759
1003
1780
2901
2809
1576
1085
1901
2965
2702
1468
1135
2134
3089
2529
1402
1194
2183
3086
2511
1298
1139
2411
3078
2260
1174
1337
2532
3024
2083
1109
1501
2706
3000
1883
1096
1603
2796
2862
1757
1047
1651
2927
2812
1601
1008
1920
2941
2683
1525
1046
2037
3023
2570
1294
1106
2174
2976
2400
1295
1221
2279
3071
2322
1256
1317
2569
3105
2109
1081
1407
2652
2988
2012
983
1479
2767
2919
1804
1094
1777
2786
2813
1737
1123
1811
2972
2760
1563
1068
1968
3004
2607
1440
1124
2171
3029
2465
1266
1210
2432
3028
2264
1247
1362
2391
3026
2247
1151
1361
2614
3069
2015
1071
1496
2776
2942
1847
1095
1686
2857
2889
1776
1029
1852
2960
2808
1599
1075
1984
3028
2681
1397
1101
2149
3049
2418
1291
1194
2273
3081
2322
1195
1239
2527
3062
2144
1176
1476
2636
2996
2080
1072
1466
2715
2978
1864
1090
1705
2853
2821
1699
1126
1781
2909
2743
1629
1078
1973
3003
2628
1476
1063
2061
2966
2543
1332
1134
2275
3093
2405
1186
1242
2396
3122
2282
1187
1339
2583
3073
2043
1079
1424
2660
2955
1901
971
1541
2854
2925
1720
1033
1768
2809
2770
1586
1090
1896
2994
2730
1482
1111
2050
3025
2471
1318
1111
2234
3047
2327
1260
1260
2452
3015
2270
1174
1304
2509
3067
2134
1040
1411
2721
3030
1845
1077
1630
2769
2909
1866
1100
1692
2970
2847
1669
1070
1964
3028
2721
1487
1075
2103
3057
2603
1326
1159
2188
2997
2399
1256
1229
2317
3020
2214
1210
1268
2522
3077
2131
1159
1406
2573
2953
2051
1030
1484
2778
2984
1808
1020
1711
2770
2804
1685
1117
1824
2966
2740
1508
1080
1977
2974
2586
1454
1138
2179
3042
2496
1284
1151
2357
3059
2297
1184
1316
2421
3040
2185
1160
1400
2597
3054
1987
1084
1529
2756
2857
1808
1039
1685
2913
2847
1663
1025
1885
2927
2743
1553
1073
1944
3027
2732
1370
1091
2122
3067
2476
1314
1146
2212
3086
2364
1215
1220
2522
3124
2189
1137
1395
2608
3001
2096
1132
1509
2730
3026
1836
977
1611
2796
2895
1757
1079
1753
2958
2782
1582
1090
2032
2979
2585
1486
1105
2102
2961
2535
1330
1119
2260
3093
2425
1230
1256
2416
3173
2244
1125
1383
2644
3024
1975
1099
1504
2701
2910
1904
1020
1559
2827
2899
1758
1066
1796
2833
2848
1639
1024
1896
3027
2736
1451
1114
2083
3036
2521
1435
1135
2102
3098
2555
1298
1135
2462
3145
2231
1100
1377
2558
3022
2134
1156
1477
2644
3013
1874
1082
1513
2727
2960
1825
1035
1707
2974
2845
1605
1034
2015
3044
2678
1541
1099
2054
2985
2586
1317
1131
2249
3089
2427
1273
1254
2370
3049
2300
1298
1343
2503
3023
2191
1208
1430
2613
2969
2099
1035
1436
2744
2934
1746
1002
1774
2855
2830
1637
1040
1828
2988
2719
1468
1052
2050
3037
2539
1460
1194
2165
3005
2512
1325
1194
2390
3022
2293
1233
1329
2383
3031
2234
1168
1366
2605
3063
1977
1039
1411
2713
2932
1774
1028
1681
2850
2818
1691
1065
1863
2860
2752
1610
1099
1914
2994
2709
1388
1064
2147
3043
2416
1324
1198
2260
3079
2341
1229
1228
2427
2993
2214
1189
1408
2562
2925
1981
1053
1484
2688
2963
1814
1032
1687
2797
2904
1799
988
1693
2994
2838
1609
1083
2053
3034
2580
1472
1111
2072
2901
2519
1356
1154
2332
3077
2347
1206
1297
2475
3077
2219
1176
1364
2625
3052
2030
1135
1449
2652
2918
1959
1051
1585
2767
2810
1735
1039
1805
2859
2728
1565
1079
1933
2941
2716
1493
1119
2080
3020
2458
1316
1097
2201
3092
2388
1233
1237
2419
2986
2211
1159
1357
2543
3035
2096
1114
1515
2667
3000
1966
1106
1564
2781
2893
1758
1059
1772
2938
2751
1654
1042
1926
2946
2705
1525
1075
2069
3042
2579
1326
1131
2239
3082
2396
1220
1218
2286
3068
2325
1210
1220
2512
3078
2094
1095
1442
2729
2956
1965
1024
1527
2717
2921
1811
995
1732
2851
2839
1612
1071
1897
3035
2746
1454
1019
2030
3043
2536
1415
1134
2117
2990
2513
1341
1128
2301
3052
2302
1140
1311
2507
3107
2138
1091
1456
2708
2975
1858
1133
1555
2658
2832
1876
1055
1565
2847
2903
1723
1043
1875
2970
2797
1573
1023
1969
3046
2647
1381
1168
2179
3021
2412
1326
1172
2207
3077
2354
1168
1205
2531
3110
2243
1118
1318
2593
3025
2053
1067
1532
2723
2949
1859
1077
1642
2757
2916
1828
1093
1761
2951
2753
1583
1040
1915
2997
2697
1526
1021
2079
3070
2566
1257
1136
2325
3061
2384
1265
1322
2300
2977
2265
1183
1312
2579
3092
2073
1118
1473
2649
2872
1908
1077
1643
2812
2845
1703
1029
1870
2874
2780
1591
1058
1859
3017
2710
1410
1098
2089
3043
2447
1370
1252
2182
3000
2446
1290
1181
2458
3081
2229
1156
1347
2502
2992
2146
1132
1406
2638
3035
1902
1039
1534
2783
2868
1771
1109
1681
2898
2848
1673
1034
1962
2990
2707
1538
1040
2046
3001
2572
1268
1124
2293
3098
2381
1215
1184
2319
3115
2326
1200
1227
2592
3142
2147
1090
1476
2741
2970
1975
1005
1570
2821
2902
1763
1054
1774
2823
2832
1649
1114
1847
2972
2771
1590
1045
1975
3076
2578
1395
1130
2170
3015
2461
1323
1203
2358
3039
2288
1214
1354
2403
3071
2249
1123
1371
2650
3075
1978
1060
1532
2767
2807
1744
1087
1709
2840
2790
1726
1067
1863
2914
2801
1558
1048
1983
3061
2673
1330
1069
2141
2999
2431
1352
1207
2265
3045
2343
1267
1275
2528
3049
2170
1189
1403
2551
2956
2138
1112
1421
2687
2987
1881
1077
1680
2839
2892
1750
1074
1784
2990
2742
1569
1130
2058
2956
2581
1532
1086
2065
3039
2637
1323
1115
2265
3041
2401
1278
1356
2385
2986
2209
1193
1358
2588
3068
2063
1125
1412
2629
2917
1921
1031
1574
2778
2844
1760
1048
1778
2801
2724
1634
1108
1886
2968
2722
1410
1085
2152
3078
2464
1356
1226
2195
2978
2442
1313
1212
2403
3000
2258
1197
1275
2404
3101
2193
1034
1430
2717
3030
1875
1087
1624
2766
2860
1760
1049
1714
2981
2809
1575
1027
1987
2958
2661
1556
1124
2043
3008
2617
1351
1119
2201
3096
2551
1270
1095
2311
3186
2317
1162
1290
2573
3006
2058
1148
1576
2685
2895
2027
1122
1511
2676
2920
1799
960
1695
2899
2921
1626
1045
1899
2997
2689
1517
1142
1983
2943
2600
1416
1067
2119
3038
2482
1292
1189
2390
3011
2285
1214
1363
2439
3112
2241
1119
1389
2651
3015
1918
1084
1545
2737
2907
1848
1050
1632
2879
2874
1688
1008
1914
3015
2744
1523
1122
2027
2977
2643
1433
1163
2186
3067
2504
1356
1159
2210
3089
2378
1197
1145
2455
3082
2254
1192
1396
2579
2981
2094
1070
1436
2686
2981
1882
1067
1716
2827
2842
1720
1070
1779
2966
2781
1537
1057
2003
2990
2660
1554
1129
2047
2992
2579
1303
1113
2270
3062
2326
1159
1266
2426
3076
2201
1185
1365
2565
3032
2019
1049
1422
2734
2967
1890
1017
1598
2839
2897
1772
1043
1716
2821
2828
1628
1053
1925
3022
2692
1438
1129
2094
3001
2443
1357
1164
2188
3052
2425
1221
1133
2450
3050
2228
1157
1354
2518
3008
2068
1076
1457
2661
2970
1890
1073
1571
2794
2909
1760
1075
1760
3003
2816
1577
1012
2010
3048
2720
1485
999
2047
2965
2442
1302
1176
2150
2929
2394
1351
1279
2281
3035
2281
1225
1267
2564
3072
2095
1074
1379
2679
2952
1963
1037
1606
2787
2885
1800
1090
1756
2793
2818
1723
1090
1788
2965
2758
1505
1012
1992
3037
2517
1388
1182
2183
2968
2436
1277
1125
2321
3106
2406
1234
1314
2454
3106
2263
1185
1388
2655
3076
1923
1000
1457
2749
2943
1850
1000
1634
2906
2871
1694
995
1888
2957
2679
1555
1147
1930
2903
2744
1474
1004
2099
3115
2457
1241
1135
2271
3085
2286
1191
1242
2528
3042
2161
1142
1380
2538
2925
2070
1109
1456
2682
3010
1869
994
1646
2859
2913
1681
987
1768
2963
2711
1544
1119
1996
2910
2582
1511
1109
2061
3008
2647
1348
1063
2196
3114
2463
1202
1296
2438
3074
2184
1106
1410
2661
3026
2031
1164
1515
2663
2886
1972
1088
1609
2832
2897
1760
1032
1823
2895
2774
1608
1132
1878
2900
2736
1593
1147
2021
2997
2454
1303
1142
2247
3078
2391
1273
1203
2398
3069
2311
1135
1309
2502
3045
2115
1065
1500
2676
2921
1868
1078
1609
2747
2869
1826
1080
1648
2940
2847
1582
967
1994
3024
2649
1478
1022
2051
3083
2588
1287
1166
2229
2989
2396
1313
1237
2308
3121
2366
1219
1281
2590
3038
2023
1104
1417
2577
2931
2075
1075
1523
2734
2927
1743
986
1743
2864
2905
1712
1110
1844
2930
2747
1567
1067
1956
3024
2587
1450
1153
2153
3029
2501
1248
1129
2359
3062
2291
1196
1361
2450
3079
2209
1071
1371
2695
3023
1899
1117
1578
2729
2852
1884
1134
1635
2816
2852
1700
1005
1851
2925
2719
1537
1060
1998
3072
2640
1393
1185
2138
3027
2471
1384
1209
2237
3079
2402
1262
1220
2444
3082
2295
1192
1374
2620
3017
2083
1078
1495
2703
2966
1826
980
1682
2871
2874
1692
1071
1796
2976
2762
1582
1059
1995
3002
2586
1421
1090
2107
2952
2495
1314
1177
2319
3032
2356
1242
1370
2426
3009
2202
1199
1355
2544
3050
2080
1114
1485
2712
2911
1890
1035
1660
2832
2832
1741
1047
1837
2846
2761
1621
1109
1867
2949
2748
1473
1096
2108
3062
2458
1337
1128
2227
3158
2514
1233
1181
2501
3070
2236
1159
1338
2483
2990
2180
1142
1440
2629
3026
1913
1025
1593
2837
2927
1709
979
1732
2946
2749
1599
1098
2047
2947
2618
1559
1091
2026
2943
2555
1350
1102
2184
3051
2399
1212
1244
2412
3075
2235
1178
1311
2587
3049
2140
1141
1419
2648
2955
2022
956
1552
2866
2930
1711
1018
1734
2793
2866
1724
1134
1860
2965
2742
1531
1055
1949
3003
2506
1379
1112
2124
2977
2431
1256
1158
2356
3050
2394
1274
1342
2481
3086
2187
1113
1378
2630
3012
1943
1078
1511
2710
2925
1893
1058
1630
2883
2923
1769
1039
1831
2918
2783
1571
1011
1945
3101
2749
1369
1106
2156
3044
2483
1365
1103
2195
3069
2341
1223
1295
2587
3092
2152
1114
1379
2582
3001
2062
1034
1476
2721
2976
1824
1064
1722
2792
2811
1752
1100
1769
3031
2821
1552
1022
1979
3032
2619
1452
1104
2106
2959
2521
1341
1149
2224
3010
2375
1211
1276
2387
3099
2230
1167
1384
2607
3021
1997
1126
1470
2614
2923
1999
1024
1540
2832
2964
1756
1001
1804
2918
2841
1600
1044
1958
3013
2646
1397
1126
2106
3036
2502
1378
1114
2191
3050
2408
1218
1224
2491
2987
2157
1146
1397
2483
2989
2132
1063
1436
2662
3007
1938
1080
1571
2757
2850
1779
1066
1673
2913
2822
1654
992
1930
2990
2732
1500
1024
2035
2992
2538
1352
1194
2167
2953
2430
1328
1191
2255
3115
2339
1210
1213
2502
3041
2144
1162
1448
2637
2924
2045
1102
1513
2718
2934
1784
988
1739
2845
2880
1688
1047
1816
2947
2726
1547
1062
2012
3036
2525
1348
1107
2225
3037
2413
1253
1249
2418
2996
2237
1226
1344
2330
3071
2292
1076
1226
2616
3127
1975
1051
1454
2721
2910
1816
1012
1647
2846
2784
1677
1023
1874
2893
2651
1502
1095
1968
2965
2652
1432
1121
2165
3126
2476
1250
1149
2313
3088
2281
1201
1276
2519
3025
2157
1202
1402
2568
2948
2076
1123
1499
2654
2923
1830
1041
1656
2804
2838
1727
1054
1763
2947
2752
1591
1086
1991
2980
2655
1512
1066
2083
3050
2559
1279
1136
2282
3032
2367
1188
1216
2406
3147
2198
1120
1390
2638
2999
1977
1133
1452
2627
2902
1936
1080
1585
2785
2873
1727
1009
1804
2874
2767
1551
1065
1992
3003
2624
1457
1201
2111
3048
2495
1339
1082
2171
3050
2409
1308
1253
2449
3088
2316
1188
1347
2484
2981
2108
1095
1450
2655
2948
1881
1077
1570
2711
2886
1840
1059
1596
2851
2873
1654
961
1896
3003
2654
1496
1068
2038
3010
2595
1341
1091
2153
3053
2423
1269
1226
2333
3080
2294
1233
1292
2525
3015
2122
1142
1471
2658
2947
2032
1048
1559
2769
2868
1739
1071
1836
2842
2764
1634
1080
1837
2958
2707
1500
1041
2047
3091
2547
1326
1064
2212
3041
2392
1278
1266
2365
2976
2340
1251
1326
2396
3088
2191
1081
1399
2733
3060
1950
1112
1525
2735
2877
1819
1047
1660
2909
2853
1698
1031
1798
2895
2762
1552
1078
1963
3024
2661
1340
1071
2104
3070
2502
1315
1131
2242
3108
2334
1232
1258
2512
3011
2199
1228
1377
2542
2962
2099
1075
1447
2692
2978
1870
1044
1704
2830
2863
1738
1041
1740
2930
2720
1567
1084
2005
2982
2625
1529
1081
2089
2960
2543
1352
1105
2282
3080
2381
1166
1225
2423
3091
2231
1165
1393
2627
2986
1986
1126
1500
2708
2932
1975
1060
1602
2819
2907
1750
958
1764
2897
2802
1538
1008
1937
3059
2714
1417
1097
2093
3030
2471
1394
1126
2138
3046
2478
1287
1180
2470
3121
2273
1133
1362
2551
2993
2102
1148
1524
2684
2928
1868
1100
1619
2726
2789
1806
1156
1706
2855
2823
1647
996
1937
2973
2702
1545
1102
2071
2957
2568
1404
1181
2207
3016
2390
1271
1223
2260
3129
2360
1168
1227
2585
3133
2114
1058
1426
2687
2941
1970
1049
1540
2723
2906
1865
1032
1662
2793
2867
1710
1062
1804
3005
2800
1535
1077
2054
3071
2579
1403
1100
2195
3029
2427
1313
1232
2344
3008
2335
1257
1344
2390
3059
2301
1142
1341
2657
3110
1960
1101
1553
2743
2916
1816
994
1615
2885
2831
1686
1099
1922
2889
2732
1647
1162
1983
2951
2661
1439
1076
2083
3046
2437
1304
1202
2285
3068
2319
1205
1235
2514
3001
2140
1180
1401
2586
2980
2080
986
1419
2692
2946
1867
1074
1628
2813
2879
1651
1000
1759
2982
2773
1603
1109
2001
2998
2658
1535
1081
2107
3002
2563
1338
1104
2224
3071
2433
1164
1265
2459
3092
2157
1111
1419
2632
2980
1992
1128
1480
2639
2902
1973
1061
1547
2805
2935
1812
1015
1803
2943
2828
1574
1043
1969
3007
2723
1498
1094
2053
3057
2530
1368
1144
2152
3015
2451
1276
1165
2467
3104
2246
1116
1349
2545
3010
2065
1111
1519
2646
2922
1875
1096
1581
2692
2810
1845
1077
1612
2902
2904
1717
1009
1887
2995
2718
1496
1087
2076
2959
2521
1365
1300
2223
2930
2388
1345
1279
2306
3124
2365
1148
1233
2613
3134
2086
1058
1485
2692
2924
2010
1074
1560
2744
2916
1754
1005
1772
2816
2854
1722
1115
1833
2991
2792
1481
995
2009
3063
2608
1433
1112
2182
3033
2485
1295
1201
2358
3008
2299
1210
1330
2450
3084
2214
1092
1360
2645
3050
1979
1101
1516
2747
2915
1818
1039
1636
2839
2844
1707
1035
1820
2922
2723
1584
1127
1921
2943
2648
1427
1145
2114
3012
2436
1362
1226
2220
2993
2343
1284
1251
2453
3020
2206
1159
1366
2605
3036
2095
1036
1466
2738
2945
1763
1041
1732
2786
2800
1731
1086
1785
2967
2783
1604
1078
1953
3000
2703
1460
1015
2077
3065
2601
1301
1113
2307
3067
2389
1250
1272
2307
3027
2283
1178
1241
2541
3075
2035
1095
1506
2714
2918
1949
1070
1580
2783
2878
1759
1029
1851
2895
2784
1613
1094
1916
2958
2715
1506
1115
2047
3015
2512
1413
1132
2166
3091
2452
1237
1150
2468
3099
2284
1190
1378
2543
3006
2078
1102
1477
2629
2999
1942
1069
1589
2853
2857
1672
1073
1778
2955
2759
1584
1044
1958
2933
2663
1558
1082
1989
2954
2557
1355
1132
2232
3089
2394
1202
1176
2327
3028
2216
1226
1303
2557
3063
2122
1110
1375
2611
2949
2016
1015
1515
2726
2936
1825
1009
1670
2785
2884
1679
1001
1840
3059
2786
1475
1073
2023
2990
2599
1460
1120
2123
3014
2531
1320
1144
2366
3079
2309
1179
1304
2417
3084
2186
1118
1431
2660
3015
1884
1049
1508
2771
2897
1779
1029
1722
2905
2793
1718
1073
1875
2895
2668
1597
1119
1948
3005
2667
1354
1117
2189
3042
2410
1345
1186
2225
3043
2282
1270
1293
2514
3039
2201
1191
1372
2570
2973
2060
1068
1480
2743
2944
1779
998
1673
2804
2810
1697
1050
1729
2941
2834
1580
1017
2026
3014
2638
1505
1091
2121
3058
2545
1289
1100
2227
3007
2341
1219
1356
2381
2984
2200
1155
1348
2565
3015
1998
1126
1522
2687
2957
1981
1079
1561
2811
2946
1723
927
1784
2957
2820
1593
1125
1868
2912
2739
1433
1074
2069
2999
2455
1385
1181
2163
2993
2453
1330
1191
2428
3094
2298
1159
1238
2461
3063
2126
1041
1427
2605
2986
1901
1073
1628
2720
2790
1778
1150
1690
2896
2860
1677
1013
1892
2945
2667
1534
1076
2007
2996
2636
1380
1094
2182
3123
2482
1276
1171
2276
3058
2343
1325
1243
2490
3106
2146
1131
1472
2663
2915
1973
1037
1550
2740
2847
1781
1091
1772
2840
2913
1723
1022
1824
3003
2733
1493
1043
2003
3030
2589
1452
1086
2124
3088
2597
1265
1119
2397
3078
2280
1179
1351
2446
3039
2214
1107
1412
2707
3060
1924
1058
1558
2751
2840
1784
1119
1688
2823
2816
1767
1068
1826
2918
2735
1514
1059
1993
3016
2686
1386
1099
2157
3051
2473
1317
1162
2266
3099
2387
1216
1212
2495
3081
2276
1215
1363
2521
2963
2104
1071
1415
2675
2995
1859
1036
1632
2811
2904
1738
1056
1795
2951
2744
1560
1062
1934
2975
2668
1526
1140
2168
3032
2541
1336
1144
2258
3040
2395
1257
1277
2355
3110
2291
1129
1280
2574
3088
2054
1103
1411
2655
2922
1909
1070
1626
2779
2802
1749
1085
1832
2848
2754
1631
1160
1921
2965
2717
1505
1165
2075
3020
2464
1385
1184
2186
3029
2418
1310
1248
2440
3035
2276
1250
1384
2466
3035
2177
1111
1416
2706
3061
1877
1028
1665
2858
2878
1751
1011
1678
2911
2754
1651
1096
1965
2915
2639
1542
1080
2040
2955
2579
1370
1135
2166
2986
2421
1266
1251
2338
3027
2273
1249
1332
2541
3001
2071
1163
1458
2587
2928
2060
1090
1547
2719
2934
1806
1032
1719
2799
2822
1640
1113
1845
2895
2700
1500
1072
2011
2964
2475
1367
1080
2113
3016
2478
1268
1177
2308
3003
2299
1141
1276
2452
3100
2148
1106
1464
2654
3002
1947
1112
1524
2710
2884
1818
1053
1664
2856
2844
1714
1022
1864
2941
2693
1523
1065
1933
3002
2675
1384
1108
2124
2957
2407
1408
1230
2158
2999
2417
1299
1186
2459
3061
2223
1123
1340
2623
2982
1999
1092
1521
2674
2935
1864
1066
1670
2776
2868
1804
1120
1677
2919
2831
1608
972
1922
3092
2780
1477
1029
2123
3044
2587
1350
1135
2219
3024
2394
1215
1232
2343
3130
2332
1150
1301
2602
3012
1999
1163
1542
2642
2905
1974
1057
1600
2818
2890
1730
1050
1871
2886
2720
1612
1161
1953
2962
2679
1427
1106
2099
3061
2510
1363
1178
2249
3075
2426
1283
1209
2396
3007
2264
1211
1382
2522
3067
2121
1089
1487
2656
2956
1956
1142
1528
2702
2891
1801
1078
1699
2928
2813
1600
987
1996
2976
2663
1589
1112
1985
2973
2661
1330
1063
2185
3111
2436
1211
1166
2361
3175
2332
1215
1254
2487
3044
2079
1121
1435
2677
2955
1974
990
1544
2825
2916
1739
1008
1767
2849
2816
1686
1094
1840
2945
2772
1529
1023
1990
3032
2574
1358
1064
2221
3080
2428
1257
1211
2423
3048
2263
1178
1338
2451
3066
2212
1123
1423
2676
2989
1940
1130
1497
2747
2971
1842
964
1631
2909
2841
1686
1024
1850
2931
2765
1557
1033
2025
3102
2699
1388
1104
2094
3034
2476
1308
1085
2219
3143
2360
1193
1230
2477
2974
2191
1166
1311
2559
3000
2042
1042
1535
2725
2936
1821
1011
1594
2811
2891
1697
1040
1792
2944
2751
1615
1068
1942
2979
2589
1477
1110
2094
2983
2573
1363
1137
2208
2971
2370
1243
1281
2418
3097
2251
1159
1341
2602
3081
2046
1131
1557
2724
2917
1959
1070
1596
2858
2904
1726
1019
1806
2804
2697
1657
1157
1865
2968
2789
1441
967
2039
3101
2492
1313
1168
2274
3007
2312
1284
1282
2494
3010
2228
1232
1425
2474
3004
2182
1116
1422
2665
3076
1940
1041
1525
2773
2937
1754
1024
1724
2994
2817
1637
1081
1943
2962
2662
1565
1068
2011
2955
2552
1328
1117
2190
3085
2438
1237
1170
2349
3052
2188
1150
1335
2622
3006
2086
1212
1465
2641
2959
2018
1034
1502
2770
3001
1854
977
1612
2821
2899
1655
1076
1890
3015
2719
1537
1092
1981
2998
2563
1412
1040
2094
3065
2527
1239
1070
2386
3149
2306
1152
1348
2496
3093
2142
1107
1469
2654
2975
1905
1096
1543
2736
2883
1855
1063
1654
2868
2898
1730
968
1868
2948
2712
1485
991
1962
3025
2664
1410
1187
2226
3017
2411
1309
1180
2284
3035
2315
1272
1227
2436
3020
2182
1092
1359
2646
2977
2008
1054
1531
2729
2904
1796
1074
1676
2755
2850
1762
1045
1748
2991
2792
1549
1003
1954
3079
2628
1348
1042
2226
3030
2438
1291
1155
2260
3009
2369
1212
1276
2427
3071
2262
1185
1328
2538
3048
2059
1098
1467
2655
2981
1982
1026
1586
2808
2845
1744
1028
1759
2820
2780
1657
1119
1883
2981
2723
1459
1065
2035
3072
2501
1329
1177
2250
3132
2409
1265
1289
2448
2969
2212
1227
1366
2446
2961
2144
1100
1410
2635
3041
1935
987
1518
2807
2892
1713
1057
1754
2889
2767
1694
1120
1966
2918
2690
1583
1076
1995
2999
2637
1369
1138
2223
3142
2499
1274
1229
2395
3030
2174
1177
1314
2597
3058
2113
1132
1440
2623
2928
2005
1071
1514
2732
2923
1754
1020
1725
2822
2867
1704
1100
1853
3025
2739
1463
1053
2026
3015
2478
1385
1161
2154
2943
2442
1280
1079
2301
3057
2303
1137
1269
2430
3175
2270
1077
1396
2670
3068
1953
1074
1516
2682
2820
1860
1092
1608
2838
2912
1756
982
1789
2948
2761
1486
999
1994
3032
2642
1344
1113
2188
3074
2421
1263
1184
2284
3068
2311
1219
1278
2508
3032
2194
1110
1418
2631
2978
2034
1022
1465
2747
2989
1815
1017
1643
2804
2891
1735
1040
1750
3009
2807
1586
1081
1954
2972
2625
1457
1102
2144
2974
2471
1305
1160
2265
2998
2347
1238
1282
2375
3093
2271
1235
1367
2564
3054
2047
1129
1495
2686
2919
1944
1084
1659
2802
2830
1807
1101
1807
2841
2824
1664
1122
1877
2945
2742
1496
1081
2064
3093
2470
1277
1165
2293
3105
2337
1204
1290
2497
2996
2230
1220
1342
2458
2998
2127
1063
1382
2646
3101
1973
1011
1536
2842
2915
1765
1002
1622
2947
2883
1678
1013
1919
2933
2669
1540
1045
1966
2925
2592
1299
1061
2198
3064
2432
1267
1254
2388
3047
2205
1174
1334
2626
3034
2103
1173
1438
2580
2962
2051
1042
1490
2768
2963
1763
972
1717
2862
2866
1649
1074
1870
3004
2730
1547
1108
2042
3007
2537
1400
1092
2116
3020
2478
1267
1138
2351
3037
2324
1193
1337
2498
3125
2137
1075
1480
2735
3025
1913
1114
1589
2733
2871
1891
1089
1623
2856
2936
1746
994
1787
2881
2738
1563
1057
1994
3048
2663
1381
1093
2075
3005
2455
1351
1172
2195
3061
2381
1248
1226
2501
3056
2192
1153
1407
2643
3015
2052
1057
1554
2765
2928
1794
1080
1751
2793
2833
1757
1048
1701
2961
2834
1568
1003
1932
2987
2668
1454
992
2120
3077
2524
1291
1188
2231
2947
2302
1191
1271
2381
3077
2219
1147
1351
2703
3086
1951
1042
1458
2727
2988
1964
993
1566
2886
2884
1712
1033
1757
2797
2755
1666
1159
1830
2902
2735
1508
1096
2001
2984
2465
1374
1216
2217
3069
2455
1255
1184
2451
3071
2181
1085
1427
2603
2974
2093
1178
1520
2586
2927
1927
1084
1536
2768
2930
1817
1098
1670
2928
2855
1659
992
1870
2953
2704
1560
1068
2115
3015
2512
1332
1138
2196
3047
2475
1326
1232
2289
3070
2278
1198
1247
2574
3107
2071
1075
1479
2725
2930
1970
1044
1551
2776
2882
1760
1065
1808
2802
2778
1680
1094
1798
2900
2756
1556
1045
2001
3086
2579
1353
1103
2204
3048
2439
1272
1228
2427
3057
2253
1163
1374
2474
3071
2257
1141
1313
2618
3113
1996
1051
1475
2719
2920
1842
1100
1716
2843
2781
1736
1103
1863
2821
2702
1634
1100
1897
2955
2689
1413
1120
2148
3037
2429
1308
1162
2287
3114
2295
1212
1274
2539
3050
2178
1190
1366
2468
2973
2209
1121
1362
2659
3072
1860
941
1665
2892
2884
1673
973
1769
2967
2758
1673
1159
1915
2932
2662
1513
1029
2041
3048
2610
1276
1037
2245
3126
2364
1093
1205
2455
3121
2210
1188
1409
2558
2975
2087
1196
1383
2541
2924
2058
1074
1534
2826
2975
1798
986
1831
2910
2771
1577
1128
1927
2956
2652
1451
1154
2079
2962
2480
1417
1159
2176
3032
2435
1262
1179
2503
3141
2252
1130
1335
2562
3036
2101
1081
1428
2678
3071
1928
1040
1585
2777
2823
1768
1111
1640
2827
2880
1757
971
1887
3079
2729
1465
1015
2123
3025
2504
1310
1167
2175
3003
2453
1356
1241
2282
3049
2316
1213
1217
2487
3028
2089
1088
1439
2681
2980
2004
1011
1572
2807
2900
1763
1044
1700
2788
2926
1770
1078
1805
2953
2772
1571
1110
2014
3035
2554
1400
1134
2167
3027
2471
1288
1177
2368
3045
2261
1183
1400
2445
3034
2214
1165
1365
2590
3023
1926
1097
1523
2728
2886
1823
1088
1689
2846
2798
1678
1047
1874
2908
2732
1531
1033
1929
3014
2703
1404
1090
2153
3081
2412
1257
1210
2271
3033
2322
1233
1250
2573
3086
2181
1150
1422
2677
3039
2002
979
1474
2761
2946
1783
1054
1753
2845
2853
1758
1097
1745
2899
2768
1634
1091
1940
2996
2642
1435
1061
2122
3043
2522
1288
1161
2279
2984
2337
1308
1261
2324
3086
2330
1230
1313
2576
3080
2000
1096
1496
2694
2879
1915
1111
1658
2821
2902
1813
1042
1766
2900
2819
1551
1070
1924
3043
2763
1476
1073
2040
3075
2532
1335
1113
2236
3048
2358
1274
1278
2511
3087
2229
1135
1394
2533
2979
2102
1134
1483
2683
3069
1986
1092
1516
2739
2945
1792
1024
1730
2987
2818
1641
1070
1964
2954
2658
1556
1093
2035
2976
2551
1290
1101
2265
3079
2382
1236
1261
2390
3034
2242
1194
1267
2566
3087
2065
1059
1460
2666
2932
2022
1099
1562
2735
2966
1820
1026
1683
2837
2899
1707
1096
1819
2970
2742
1516
1057
2003
3031
2554
1427
1045
2110
3053
2524
1284
1133
2387
3092
2314
1173
1336
2511
3075
2174
1162
1442
2548
2960
1988
1147
1503
2649
2870
1873
1054
1586
2830
2840
1720
1020
1812
2922
2702
1465
1051
1992
3007
2610
1391
1133
2206
3073
2443
1329
1125
2187
3082
2338
1266
1266
2525
3074
2247
1175
1381
2611
3024
2076
1035
1478
2774
3025
1825
1012
1670
2822
2834
1696
1090
1808
2981
2744
1584
1110
1953
2978
2634
1468
1083
2090
2962
2532
1343
1148
2232
2989
2399
1259
1316
2405
2990
2199
1236
1399
2593
3048
2052
1132
1458
2656
2940
1933
998
1584
2835
2892
1772
1039
1820
2903
2805
1610
1093
1949
2996
2651
1437
1152
2116
3009
2522
1465
1150
2166
3071
2451
1243
1142
2442
3074
2286
1196
1360
2553
3013
2085
1085
1476
2665
3002
1939
1053
1568
2827
2871
1747
1068
1694
2879
2780
1652
1040
1943
2981
2731
1542
987
2009
3049
2605
1283
1073
2200
3042
2370
1211
1210
2344
3121
2297
1187
1261
2515
3043
2172
1144
1426
2686
2977
1971
974
1551
2825
2916
1744
1010
1781
2887
2874
1679
1068
1880
3009
2741
1483
1031
2043
3045
2435
1320
1197
2209
2939
2468
1341
1143
2312
3042
2351
1145
1293
2506
3085
2105
1130
1574
2750
2973
1895
1149
1594
2743
2895
1905
1147
1694
2859
2866
1676
1024
1880
2933
2758
1601
1088
1932
2980
2718
1352
1037
2171
3079
2413
1300
1224
2292
3026
2323
1229
1187
2432
3049
2207
1139
1387
2612
3007
2068
1040
1483
2714
2951
1781
1010
1667
2810
2866
1716
1039
1749
2967
2770
1562
1050
2014
3026
2621
1501
1116
2084
2996
2574
1318
1079
2272
3062
2337
1201
1289
2398
3062
2243
1149
1318
2617
3047
1988
1053
1468
2689
2958
1951
1012
1586
2839
2893
1746
1042
1776
2831
2820
1690
1105
1866
2947
2757
1494
1115
2118
3073
2505
1348
1136
2224
3052
2373
1287
1258
2423
3001
2235
1137
1302
2495
3010
2051
992
1448
2747
3036
1876
1085
1635
2788
2875
1786
1036
1672
2930
2827
1638
1037
2035
3008
2599
1498
1056
2051
3047
2646
1333
1093
2230
3042
2428
1262
1199
2312
3044
2304
1230
1284
2561
3056
2085
1076
1494
2685
2903
2010
1078
1487
2697
2966
1840
1002
1712
2854
2905
1680
1033
1849
3009
2699
1478
1130
2068
2964
2576
1471
1078
2053
2957
2529
1377
1168
2326
3102
2330
1162
1321
2458
3033
2177
1168
1407
2584
2992
1990
1122
1449
2662
2897
1862
1044
1577
2821
2903
1766
986
1849
3001
2769
1534
1047
2017
2995
2603
1429
1201
2088
2929
2491
1394
1168
2200
3056
2366
1185
1194
2458
3017
2224
1203
1414
2553
2976
2091
1052
1489
2661
2944
1821
1049
1702
2838
2909
1743
1085
1811
2959
2826
1608
1069
2001
3004
2584
1449
1133
2154
2970
2482
1263
1120
2307
3085
2362
1194
1353
2432
2990
2216
1180
1340
2611
3095
2060
1090
1388
2657
2973
1908
921
1571
2853
2830
1635
1037
1854
2807
2745
1634
1126
1854
2921
2760
1466
1041
2050
3098
2544
1304
1100
2262
3086
2339
1207
1240
2531
3071
2200
1128
1348
2507
3001
2062
1057
1452
2661
3005
1936
1065
1485
2726
2940
1756
964
1694
2992
2767
1576
1049
1957
2921
2685
1561
1005
1952
2967
2655
1390
1085
2187
3121
2480
1213
1152
2296
3045
2289
1207
1291
2548
3005
2113
1145
1461
2631
2924
2008
1021
1547
2818
3004
1776
970
1755
2933
2941
1667
1043
1903
3056
2716
1467
1131
2063
2990
2522
1447
1134
2103
3008
2540
1275
1104
2351
3096
2327
1136
1301
2457
3054
2151
1151
1450
2638
3017
1971
1121
1504
2723
2966
1923
1016
1594
2916
2923
1751
1065
1873
2893
2717
1614
1103
1961
3025
2663
1355
1122
2230
3062
2393
1318
1176
2224
3001
2319
1284
1255
2449
3049
2243
1164
1395
2591
2972
2034
1069
1530
2706
2913
1867
1130
1683
2775
2834
1752
1096
1777
2984
2775
1550
1054
1971
3013
2657
1532
1093
2107
3029
2557
1351
1162
2204
2993
2418
1286
1303
2396
3072
2248
1149
1343
2581
3021
2033
1140
1476
2639
2971
2018
1058
1570
2856
2952
1711
960
1853
2927
2732
1560
1108
1904
2937
2696
1471
1068
2049
3099
2517
1357
1101
2206
3100
2464
1280
1189
2465
3069
2287
1216
1295
2447
2972
2124
1130
1449
2662
3007
1909
1067
1537
2724
2827
1784
1026
1605
2900
2857
1696
1038
1946
2990
2653
1505
1089
2103
3010
2542
1313
1180
2244
3024
2422
1314
1236
2306
3098
2278
1161
1283
2577
3082
2148
1147
1429
2615
2988
2009
994
1542
2783
2914
1714
975
1754
2831
2883
1691
1037
1807
2963
2729
1531
1074
2000
3020
2530
1358
1212
2260
2979
2394
1264
1198
2394
3084
2360
1213
1306
2444
3052
2179
1211
1536
2701
3037
1941
1061
1464
2722
2913
1817
1039
1676
2868
2786
1652
1070
1888
2888
2679
1575
1131
1963
3015
2698
1333
1041
2157
3103
2426
1238
1172
2327
3079
2344
1210
1206
2481
3065
2221
1154
1367
2575
2988
2081
1037
1474
2753
2987
1775
1013
1725
2807
2882
1805
1109
1736
2954
2794
1602
1070
2037
3026
2599
1469
1111
2136
3020
2565
1377
1131
2179
3046
2409
1188
1260
2409
3097
2228
1153
1393
2607
2995
2014
1155
1500
2648
2902
1947
1076
1600
2801
2909
1794
989
1787
2933
2815
1554
1094
1981
2958
2661
1471
1163
2086
3059
2566
1371
1107
2199
3106
2422
1239
1247
2477
3033
2188
1166
1435
2559
2969
2086
1139
1523
2715
3010
1907
1107
1600
2723
2870
1862
1006
1553
2956
2918
1627
971
1969
3019
2623
1538
1174
2078
2950
2568
1372
1199
2229
2999
2403
1301
1240
2312
2983
2216
1285
1361
2566
3042
2126
1115
1432
2629
2935
2006
1037
1580
2752
2870
1811
1101
1781
2755
2835
1753
1114
1826
2923
2709
1540
1154
2060
3005
2546
1433
1154
2182
2999
2485
1334
1198
2334
3007
2280
1212
1340
2421
3045
2196
1086
1349
2653
3086
1970
1078
1510
2761
2897
1784
998
1604
2893
2882
1676
1014
1869
2940
2732
1576
1063
1937
2947
2654
1383
1086
2162
3095
2468
1278
1111
2268
3095
2322
1203
1244
2503
2976
2190
1239
1387
2500
2998
2147
1038
1376
2701
3069
1876
1009
1671
2848
2849
1675
1056
1781
2908
2732
1630
1090
1933
2958
2621
1481
1060
2112
3027
2561
1316
1115
2246
3081
2460
1203
1283
2482
3121
2228
1141
1394
2659
3057
2036
1191
1559
2691
2933
1932
1082
1641
2760
2853
1756
1019
1795
2863
2755
1566
1111
1983
3001
2676
1420
1136
2028
3006
2522
1347
1135
2161
3033
2431
1270
1153
2435
3097
2269
1164
1341
2460
2970
2131
1108
1487
2707
3029
1883
1075
1566
2735
2871
1790
1109
1742
2911
2785
1717
1113
1919
2905
2631
1559
1109
2052
2989
2577
1343
1088
2191
3030
2380
1234
1234
2369
3125
2301
1169
1287
2665
3101
2009
1083
1528
2678
2878
2015
1035
1539
2816
2993
1833
1011
1682
2838
2891
1673
1115
1881
2919
2719
1559
1077
1965
2955
2514
1409
1126
2196
3052
2490
1232
1121
2382
3072
2289
1166
1345
2473
2998
2161
1202
1458
2611
2995
1940
1043
1461
2742
2878
1804
1039
1660
2930
2943
1763
992
1834
2979
2727
1476
1025
1989
3032
2630
1396
1198
2188
2934
2376
1388
1160
2121
3035
2435
1235
1130
2470
3078
2214
1138
1429
2686
2931
1982
1073
1522
2753
2941
1827
1126
1694
2740
2828
1748
1074
1744
2956
2789
1608
1031
1953
3004
2627
1461
1154
2208
2976
2432
1269
1218
2345
3001
2399
1263
1247
2389
3153
2279
1127
1356
2648
3050
1994
1105
1524
2722
2923
1905
995
1614
2845
2914
1776
1023
1816
2859
2749
1613
1045
1855
2948
2709
1411
1028
1985
3055
2584
1343
1017
2203
3141
2424
1200
1264
2517
2959
2175
1178
1340
2503
3034
2163
1075
1371
2589
3050
1995
1022
1492
2810
2881
1720
1031
1767
2980
2742
1594
1091
1999
2938
2697
1596
1050
1950
3056
2715
1338
1091
2255
3104
2382
1232
1280
2390
3054
2144
1211
1415
2570
2965
2054
1152
1450
2571
2885
2044
1016
1460
2753
2938
1731
981
1705
2857
2939
1666
1066
1888
2974
2693
1543
1152
2040
2991
2554
1479
1149
2104
2962
2531
1341
1135
2318
3119
2372
1141
1363
2532
3031
2134
1129
1479
2700
3063
1946
1110
1493
2643
2855
1832
1010
1612
2955
2901
1632
976
1895
2953
2685
1502
1108
2014
2930
2623
1411
1100
2157
3069
2448
1316
1158
2247
3072
2360
1234
1235
2496
3090
2215
1110
1373
2619
2970
2015
1094
1517
2717
2951
1833
1036
1667
2828
2848
1770
1130
1757
2921
2793
1632
1073
1961
2988
2664
1518
1096
2120
3035
2539
1272
1119
2250
3031
2374
1209
1274
2393
3116
2269
1187
1403
2619
3036
1994
1075
1476
2700
3014
1995
1012
1594
2875
2933
1777
1033
1746
2837
2828
1654
1078
1833
2997
2805
1508
1110
2077
3034
2463
1358
1179
2242
3086
2391
1238
1251
2505
3030
2173
1166
1333
2486
3075
2105
978
1435
2734
2989
1874
1073
1527
2753
2896
1753
1023
1638
2920
2824
1610
994
1935
3020
2676
1524
1080
2057
2993
2578
1345
1149
2197
3047
2464
1265
1163
2348
3089
2218
1118
1280
2551
3060
2113
1097
1461
2681
2942
2009
1021
1549
2781
2939
1779
1031
1736
2814
2904
1718
1062
1779
2974
2809
1539
1061
1984
3032
2555
1386
1101
2147
3017
2471
1268
1164
2378
3018
2255
1182
1360
2431
2994
2192
1226
1408
2601
3082
1976
993
1494
2838
2960
1781
972
1679
2864
2804
1687
1045
1884
2927
2797
1624
1033
1901
3003
2686
1418
1125
2096
3015
2490
1341
1133
2282
3118
2318
1185
1260
2564
3040
2122
1165
1490
2628
2976
2077
1105
1467
2699
3049
1927
1007
1654
2882
2846
1658
1027
1818
2978
2711
1519
1064
2031
2960
2566
1534
1116
2058
2977
2558
1289
1078
2301
3100
2324
1120
1298
2479
3066
2173
1136
1366
2522
2965
2035
1129
1432
2665
2903
1904
1020
1592
2869
2893
1720
982
1797
2915
2811
1558
1048
1946
3048
2737
1470
1095
2004
2995
2545
1431
1110
2134
3076
2443
1272
1191
2458
3073
2207
1059
1330
2592
3032
2039
1089
1514
2711
3031
1928
1112
1576
2736
2842
1793
1085
1684
2883
2867
1673
970
1961
3092
2688
1447
1057
2091
2957
2531
1379
1212
2162
2943
2414
1337
1272
2292
3024
2311
1252
1254
2502
3087
2129
1067
1394
2728
2979
1957
1043
1607
2780
2919
1783
1045
1764
2779
2853
1739
1032
1764
2954
2819
1543
951
1980
3174
2649
1295
1059
2277
3115
2415
1245
1253
2432
3000
2252
1206
1402
2474
3056
2185
1111
1379
2688
3113
1957
1007
1491
2825
2906
1808
1096
1711
2844
2778
1725
1116
1887
2869
2677
1606
1121
1911
2959
2714
1393
1050
2152
3078
2443
1251
1135
2283
3073
2341
1305
1343
2520
3040
2245
1208
1360
2541
2967
2098
1047
1407
2713
3089
1906
929
1570
2877
2892
1657
1005
1804
2996
2704
1556
1112
1957
2903
2591
1557
1113
2051
2989
2573
1334
1116
2309
3150
2359
1180
1287
2449
3065
2213
1180
1371
2565
3014
2024
1122
1447
2637
2927
1935
1001
1590
2882
2910
1697
987
1797
2917
2719
1508
1077
1978
2998
2679
1454
1149
2092
3041
2548
1372
1140
2229
3093
2381
1193
1174
2484
3094
2278
1144
1326
2530
3053
2092
1068
1482
2691
2936
1864
1128
1564
2678
2884
1844
1087
1604
2871
2849
1687
1013
1963
3039
2646
1455
1075
2097
3059
2577
1280
1185
2286
3000
2428
1369
1219
2219
3066
2384
1240
1245
2557
3117
2087
1024
1434
2690
2943
1955
1030
1541
2763
2874
1741
1020
1733
2809
2831
1727
1127
1874
3045
2771
1504
1063
2014
3035
2600
1390
1044
2142
3070
2472
1227
1167
2402
3053
2280
1200
1347
2385
3001
2223
1169
1332
2633
3129
1988
1055
1503
2793
2942
1774
1022
1674
2874
2810
1734
1069
1830
2874
2726
1597
1067
1940
2974
2659
1443
1109
2109
3049
2429
1297
1217
2283
3049
2360
1240
1204
2484
3061
2209
1173
1401
2612
3009
2061
1022
1493
2707
2928
1846
1057
1685
2824
2855
1677
1006
1830
3024
2734
1519
1111
2049
2975
2627
1513
1068
2084
3072
2601
1306
1143
2316
3026
2352
1238
1306
2385
3017
2236
1231
1378
2577
3030
2063
1138
1440
2670
2980
1988
1030
1572
2825
2879
1701
994
1832
2891
2846
1664
1049
1842
2934
2734
1474
1109
2049
2977
2446
1356
1153
2151
3043
2391
1193
1219
2483
2999
2112
1148
1434
2514
2965
2127
1136
1384
2590
3058
1955
1083
1613
2798
2877
1763
1076
1710
2929
2821
1664
1099
1978
2941
2658
1574
1074
1997
3001
2614
1261
1038
2219
3059
2429
1287
1238
2316
3077
2346
1176
1249
2593
3060
2060
1120
1494
2632
2900
2005
1095
1553
2737
2935
1807
1027
1729
2854
2825
1654
1049
1838
3048
2784
1534
1058
1999
3032
2564
1404
1065
2096
3026
2528
1271
1106
2373
3047
2314
1229
1368
2453
3092
2263
1143
1407
2628
3003
1971
1080
1491
2748
2912
1835
1045
1652
2890
2898
1675
974
1859
2937
2801
1650
1122
1942
2950
2662
1417
1106
2144
3046
2474
1346
1188
2296
3099
2332
1234
1212
2440
3024
2298
1195
1346
2641
3035
2027
1023
1509
2754
2936
1778
1026
1705
2800
2818
1722
1059
1799
2980
2751
1554
1028
1923
2990
2723
1513
1064
2112
2973
2476
1280
1144
2308
3085
2412
1207
1292
2426
3056
2176
1158
1411
2578
2987
1999
1090
1502
2733
2935
1958
1017
1618
2870
2884
1733
1052
1848
2898
2796
1615
1128
1910
2960
2686
1438
1091
2026
3039
2500
1371
1128
2182
3025
2359
1224
1161
2445
3052
2278
1176
1296
2546
3058
2096
1082
1449
2642
3006
2001
1104
1514
2751
2900
1851
1118
1635
2872
2919
1700
954
1916
2999
2672
1510
1058
1974
2961
2626
1359
1099
2231
3103
2460
1288
1206
2271
3024
2290
1296
1315
2540
3058
2106
1106
1455
2685
2890
1972
1077
1579
2814
2907
1726
1049
1861
2862
2781
1695
1103
1821
2960
2788
1550
1026
1980
3061
2531
1326
1099
2184
3015
2408
1257
1209
2364
3034
2309
1213
1308
2399
3082
2246
1097
1358
2661
3081
1952
1044
1540
2806
2906
1809
1030
1681
2907
2869
1703
1052
1862
2834
2664
1633
1162
1935
2993
2728
1408
1071
2121
3078
2430
1274
1186
2335
3113
2318
1181
1238
2523
3059
2214
1192
1345
2515
2913
2061
1084
1401
2634
3012
1858
995
1653
2849
2863
1684
1065
1814
2963
2714
1567
1150
2018
2916
2603
1572
1133
2077
2986
2569
1368
1122
2241
3090
2399
1165
1259
2440
3098
2190
1101
1386
2620
2987
2009
1171
1441
2562
2933
2066
1063
1476
2817
2985
1803
957
1677
2856
2839
1584
1027
1960
3007
2641
1372
1117
2132
3022
2492
1430
1158
2196
3087
2441
1232
1196
2502
3108
2226
1097
1323
2553
3023
2049
1066
1478
2648
2944
1961
1137
1526
2687
2898
1828
1078
1690
2936
2873
1700
989
1873
2990
2735
1518
1033
2037
3009
2554
1282
1159
2257
3022
2341
1260
1261
2313
3078
2342
1224
1155
2487
3148
2129
1031
1427
2716
2923
1923
1060
1619
2772
2859
1735
1022
1742
2783
2854
1761
1078
1781
2971
2758
1507
1027
1989
3076
2602
1399
1131
2238
3010
2356
1278
1253
2375
3012
2313
1206
1297
2376
3028
2226
1119
1305
2640
3162
2047
1069
1457
2734
2928
1845
1050
1721
2931
2778
1647
1058
1854
2871
2745
1632
1114
1951
3021
2712
1338
1047
2186
3056
2422
1293
1182
2266
3037
2255
1193
1301
2572
2977
2191
1251
1391
2521
2966
2136
1116
1455
2650
2982
1890
1020
1585
2782
2919
1720
1030
1795
2978
2737
1583
1159
1975
2890
2636
1593
1146
2039
3026
2709
1294
1019
2285
3155
2377
1148
1262
2440
3090
2210
1141
1306
2559
2980
1994
1176
1514
2656
2968
1993
1029
1550
2786
2868
1792
1010
1725
2884
2815
1586
1070
1923
2954
2630
1418
1142
2061
2941
2445
1440
1184
2108
3010
2471
1229
1133
2452
3101
2327
1203
1282
2496
3077
2145
1064
1422
2679
3006
1914
1103
1590
2761
2877
1787
1068
1678
2863
2803
1677
1026
1966
3005
2689
1507
1086
2099
3035
2573
1313
1119
2199
3094
2494
1255
1243
2376
3042
2260
1249
1297
2504
3014
2135
1147
1443
2663
2927
2007
1047
1511
2699
2910
1863
1062
1802
2885
2810
1660
1092
1897
3032
2736
1503
1024
2013
3016
2572
1415
1087
2127
2999
2508
1309
1118
2324
3072
2296
1149
1340
2429
3006
2199
1218
1451
2628
3034
1947
1074
1506
2743
2892
1778
1017
1644
2864
2870
1766
1066
1861
2888
2740
1616
1094
1987
3079
2703
1407
1103
2136
3088
2468
1309
1225
2321
3063
2350
1272
1251
2484
3037
2275
1272
1398
2580
2973
2036
1082
1524
2758
2952
1846
1099
1666
2730
2826
1758
1083
1741
2914
2802
1626
1019
1985
3048
2614
1430
1111
2131
2997
2493
1313
1176
2231
3020
2371
1219
1302
2383
3064
2252
1146
1315
2590
3101
2043
1060
1439
2710
2877
1884
1073
1661
2797
2867
1834
1048
1771
2877
2879
1682
1064
1922
3030
2734
1447
1103
2095
3040
2475
1386
1090
2182
3099
2436
1224
1218
2481
3065
2226
1097
1342
2567
3050
2120
1112
1491
2666
2993
1877
1017
1505
2722
2938
1833
1057
1688
2921
2816
1686
1114
1985
2960
2641
1562
1054
2005
3036
2595
1309
1147
2229
3035
2389
1285
1262
2361
3047
2273
1257
1352
2523
3019
2148
1125
1383
2679
3017
1989
1003
1613
2813
2878
1715
1039
1780
2812
2820
1707
1097
1858
3028
2778
1483
1057
2038
3029
2544
1408
1153
2204
3009
2453
1313
1223
2339
2982
2311
1244
1328
2439
3091
2174
1088
1393
2661
3081
1923
1048
1517
2793
2975
1820
1028
1688
2849
2777
1735
1130
1851
2850
2706
1580
1045
1958
3084
2715
1298
1035
2154
3082
2435
1299
1175
2249
3031
2316
1225
1254
2505
3028
2239
1184
1365
2572
3015
2109
1075
1491
2677
2964
1836
1045
1710
2796
2852
1741
1126
1834
2950
2716
1581
1100
1993
2989
2609
1492
1110
2101
3041
2556
1280
1161
2271
2986
2341
1205
1305
2409
3077
2211
1159
1402
2579
3026
2023
1114
1501
2644
2892
1896
1020
1581
2869
2914
1687
976
1820
2897
2799
1618
1136
1930
2945
2676
1484
1161
2042
2982
2481
1404
1161
2135
3023
2447
1292
1173
2389
3071
2305
1146
1271
2505
3013
2102
1106
1490
2658
2972
1873
1122
1614
2757
2905
1841
1082
1642
2894
2872
1683
1016
1965
3051
2708
1552
1043
2026
3047
2638
1385
1166
2220
3036
2389
1273
1273
2414
3059
2233
1209
1279
2548
3105
2165
1135
1416
2623
2925
2002
1056
1590
2798
2919
1776
1047
1788
2858
2878
1694
1068
1910
3088
2803
1477
1076
2078
2974
2500
1455
1186
2117
2930
2480
1323
1216
2347
3021
2268
1161
1380
2451
3081
2213
1116
1394
2624
3053
1984
1076
1528
2802
2849
1784
1097
1696
2865
2796
1680
1047
1888
2880
2737
1587
1029
1888
3007
2739
1405
1057
2134
3049
2433
1290
1243
2341
3025
2288
1250
1251
2486
3052
2214
1168
1349
2607
3009
2049
1103
1526
2696
2993
1850
986
1646
2838
2882
1685
1000
1748
3027
2814
1565
1046
1991
3008
2683
1488
1061
2080
2975
2555
1303
1091
2277
3105
2381
1159
1316
2476
3067
2141
1093
1375
2661
3091
1990
1083
1480
2668
2926
1941
1059
1606
2781
2881
1792
989
1739
2871
2779
1581
1127
1928
2982
2715
1430
1114
2128
3050
2465
1356
1118
2157
3087
2473
1309
1172
2388
3017
2277
1207
1317
2405
2976
2195
1140
1436
2688
3029
1901
1059
1608
2804
2920
1889
1102
1663
2922
2902
1660
959
1951
2994
2644
1447
1056
2101
2989
2552
1411
1213
2186
3019
2478
1324
1272
2320
3109
2330
1228
1271
2561
3084
2091
1144
1476
2666
2974
2023
1042
1531
2793
2939
1722
978
1741
2807
2793
1636
1076
1861
3015
2774
1498
1033
1955
3028
2562
1361
1077
2192
3117
2452
1167
1139
2440
3077
2248
1211
1372
2397
3022
2254
1175
1322
2571
3109
1952
1015
1533
2787
2891
1776
1054
1644
2830
2879
1781
1050
1827
2962
2746
1535
1055
1991
3019
2654
1365
1111
2158
3035
2416
1315
1187
2252
3075
2305
1238
1300
2496
2950
2184
1207
1367
2504
2960
2098
1090
1474
2671
2925
1838
1021
1646
2830
2892
1760
1061
1775
3018
2776
1548
1083
1999
2969
2570
1473
1110
2100
2951
2510
1352
1144
2279
3054
2332
1158
1277
2438
3125
2273
1167
1325
2582
3058
2083
1097
1368
2712
2997
1886
982
1614
2920
2942
1791
1054
1767
2829
2791
1684
1104
1847
2912
2691
1485
1082
2057
3088
2505
1332
1109
2206
3107
2408
1257
1260
2451
2980
2244
1257
1382
2457
2929
2148
1128
1387
2644
2991
1879
1080
1580
2733
2842
1762
1024
1644
2933
2854
1643
1043
1993
2957
2684
1603
1137
2009
2944
2622
1424
1148
2163
3059
2446
1226
1221
2396
3083
2217
1189
1293
2547
3052
2049
1106
1503
2685
2958
2040
1065
1516
2713
2942
1827
1022
1712
2861
2946
1668
981
1849
3065
2760
1491
1091
2017
3004
2578
1439
1138
2177
3004
2502
1356
1164
2337
3070
2279
1115
1325
2512
3077
2170
1171
1453
2586
3035
1998
1110
1513
2707
2871
1779
1052
1631
2869
2897
1762
1025
1799
2944
2743
1543
1091
2019
3020
2644
1422
1136
2192
3027
2456
1364
1182
2213
3017
2354
1252
1219
2460
3061
2200
1137
1407
2608
2976
2078
1110
1540
2705
2982
1880
1045
1654
2793
2864
1747
1095
1785
2957
2724
1618
1161
2036
2940
2563
1504
1120
2141
3016
2553
1307
1060
2313
3154
2388
1120
1282
2511
3105
2194
1145
1346
2570
3056
2044
1096
1490
2692
2936
1933
1041
1589
2804
2890
1771
992
1751
2886
2778
1526
1062
1920
2957
2674
1465
1139
2038
3015
2492
1389
1142
2126
3047
2447
1250
1138
2474
3116
2259
1132
1322
2528
2993
2078
1167
1521
2616
2990
1948
1071
1557
2764
2917
1767
1017
1701
2971
2835
1624
1042
1986
2929
2626
1536
1129
2043
2952
2609
1364
1157
2243
3063
2409
1264
1196
2319
3059
2292
1249
1314
2514
3018
2098
1101
1382
2665
3001
1984
996
1559
2771
2889
1814
1079
1762
2799
2827
1682
1044
1764
2965
2777
1559
1057
1959
3043
2616
1427
1079
2146
3026
2436
1230
1171
2425
3028
2311
1261
1358
2410
3048
2211
1112
1365
2625
3061
1958
1036
1444
2713
2921
1846
1076
1665
2801
2836
1786
1064
1845
2928
2774
1603
1107
1974
3022
2680
1422
1122
2145
3100
2506
1301
1134
2240
3083
2346
1178
1189
2567
3069
2152
1133
1389
2610
2986
2101
1116
1527
2761
3014
1784
1013
1742
2828
2768
1661
1069
1776
2918
2686
1531
1095
2032
2947
2547
1451
1116
2110
2960
2536
1331
1115
2250
3095
2378
1122
1266
2439
3096
2279
1188
1333
2560
3031
2015
1117
1504
2685
2904
1971
1060
1576
2806
2910
1747
1029
1832
2953
2819
1562
1050
1933
3048
2700
1416
1133
2066
2968
2422
1387
1164
2164
3052
2473
1262
1160
2460
3064
2287
1208
1344
2491
3037
2120
1081
1415
2642
3023
1911
1065
1582
2825
2878
1810
1084
1660
2981
2867
1619
982
1919
3013
2659
1439
1065
2055
3011
2589
1352
1118
2259
3117
2435
1275
1229
2384
3092
2259
1225
1265
2572
3098
2110
1105
1418
2675
2975
2010
1030
1604
2769
2879
1770
1054
1768
2835
2848
1631
1069
1921
3043
2743
1536
1118
2060
2982
2550
1499
1132
2119
3002
2509
1342
1142
2319
3077
2324
1168
1320
2433
3049
2184
1158
1451
2597
2935
1935
1150
1578
2735
2851
1811
1063
1663
2882
2858
1673
1014
1992
2986
2618
1484
1101
1993
2998
2702
1452
1124
2089
3031
2448
1295
1179
2296
3065
2327
1190
1169
2486
3075
2191
1114
1378
2624
2972
2060
1080
1559
2707
2878
1797
1018
1701
2832
2868
1727
1021
1757
3022
2808
1562
1015
2006
3083
2707
1504
1070
2109
3054
2544
1279
1128
2284
3040
2352
1258
1345
2393
3057
2303
1208
1300
2534
3079
2112
1158
1412
2636
2978
1960
992
1571
2825
2899
1770
1020
1754
2891
2803
1575
1128
1990
3000
2674
1469
1139
2074
3010
2461
1370
1150
2203
3046
2430
1295
1209
2399
3018
2254
1121
1365
2558
3022
2092
1090
1474
2704
2991
1902
1122
1637
2753
2833
1783
1096
1707
2968
2854
1612
1006
1941
2929
2708
1536
1036
2014
2995
2623
1356
1086
2199
3083
2467
1285
1246
2374
3137
2283
1146
1256
2600
3081
2061
1097
1470
2663
2904
2038
1129
1555
2729
2961
1805
962
1710
2881
2889
1649
1089
1939
3040
2738
1563
1186
2073
2900
2439
1426
1178
2122
3027
2578
1309
1062
2354
3113
2330
1175
1362
2473
3054
2188
1199
1433
2640
3034
1978
1084
1469
2687
2902
1854
1040
1636
2904
2921
1739
1007
1807
2909
2766
1592
1080
1945
2938
2642
1421
1125
2148
3051
2442
1343
1210
2288
3073
2344
1260
1252
2501
3073
2203
1144
1370
2613
3039
2092
1023
1484
2711
2928
1814
1049
1716
2820
2847
1733
1023
1740
3021
2777
1563
1075
1994
3037
2657
1463
1062
2160
3025
2507
1302
1143
2261
3085
2445
1292
1379
2392
3019
2288
1259
1340
2504
3088
2075
996
1392
2741
2969
1888
1037
1633
2810
2903
1782
991
1735
2861
2814
1582
1082
1892
2955
2727
1448
1090
2056
3085
2524
1346
1150
2230
3024
2317
1232
1273
2517
3011
2176
1153
1326
2501
3019
2119
1099
1464
2680
2998
1871
1074
1628
2816
2831
1735
1029
1694
2964
2808
1630
1045
1981
2993
2652
1502
1040
2023
2998
2617
1300
1081
2206
3027
2414
1279
1234
2309
3016
2199
1234
1364
2561
3029
2055
1077
1459
2635
2932
2039
1088
1557
2786
3014
1836
989
1733
2871
2860
1649
1092
1896
2973
2760
1558
1074
1975
2979
2542
1396
1104
2133
3050
2545
1308
1237
2455
3065
2235
1142
1379
2509
3084
2229
1193
1453
2658
3057
1976
1106
1506
2704
2909
1834
1098
1644
2776
2818
1739
1035
1854
2938
2735
1600
1142
2009
2973
2629
1420
1145
2130
3004
2439
1334
1141
2202
3058
2374
1170
1184
2515
3086
2208
1107
1367
2626
3054
2055
997
1497
2752
2965
1795
1007
1690
2785
2870
1782
1085
1695
2975
2840
1577
1033
1917
3015
2667
1451
1054
2159
2999
2407
1266
1171
2299
3018
2327
1171
1261
2410
3047
2233
1130
1277
2543
3044
2051
1109
1473
2706
2943
1910
1040
1625
2856
2896
1770
1067
1817
2824
2749
1657
1140
1898
2953
2740
1533
1097
2017
3028
2495
1343
1117
2226
3107
2408
1264
1216
2443
3026
2221
1171
1378
2474
2963
2145
1107
1376
2627
3094
1994
996
1564
2864
2877
1730
1076
1736
2940
2791
1680
1116
1968
2899
2653
1627
1119
1941
2956
2653
1366
1098
2257
3123
2432
1243
1285
2399
3068
2222
1203
1303
2530
2975
2060
1185
1464
2587
2942
2109
1139
1500
2732
2992
1793
985
1720
2835
2841
1638
1054
1881
2961
2640
1483
1095
1998
2912
2549
1479
1169
2169
3017
2458
1233
1152
2419
3090
2318
1130
1399
2574
3099
2152
1117
1500
2713
2978
1894
1142
1565
2700
2867
1867
1076
1627
2833
2861
1752
1017
1844
2957
2786
1493
1022
2064
3081
2620
1415
1217
2185
2993
2426
1378
1225
2231
3047
2415
1246
1175
2495
3121
2214
1112
1373
2614
2986
2079
1120
1493
2677
2970
1875
1067
1646
2762
2902
1798
1111
1767
2971
2801
1600
1047
2005
3089
2659
1461
1096
2125
3023
2544
1287
1123
2266
3033
2341
1245
1344
2326
3020
2327
1236
1314
2566
3088
2051
1106
1469
2700
2929
1908
1092
1644
2802
2828
1722
1066
1794
2812
2745
1602
1128
1873
2977
2693
1381
1102
2099
3031
2520
1453
1177
2210
3049
2400
1298
1262
2526
3063
2199
1168
1405
2523
3038
2152
1088
1407
2637
2990
1921
1096
1597
2725
2797
1778
1080
1697
2948
2871
1643
989
1911
2965
2757
1525
1007
2084
3020
2497
1262
1169
2301
3041
2386
1327
1281
2329
3084
2312
1201
1236
2462
3079
2177
1131
1425
2637
2946
2013
1067
1547
2725
2918
1808
1004
1692
2839
2866
1640
1067
1906
2977
2687
1545
1075
2043
3095
2539
1323
1069
2192
3068
2461
1223
1178
2346
2969
2332
1223
1319
2356
3001
2244
1162
1350
2547
3065
2098
1141
1458
2721
2943
1842
1029
1668
2941
2865
1699
1068
1859
2918
2749
1568
1081
2005
3064
2672
1377
1106
2132
3031
2425
1318
1172
2293
3078
2294
1226
1277
2498
3049
2244
1226
1371
2501
2929
2069
1098
1481
2728
3008
1898
1036
1678
2855
2839
1695
1017
1753
2906
2757
1555
1026
1959
3033
2753
1506
1002
2113
2998
2494
1319
1131
2207
3016
2424
1278
1279
2375
3144
2295
1136
1304
2539
3019
2038
1119
1461
2671
2907
1930
1029
1558
2836
2917
1777
996
1803
2875
2738
1612
1168
1947
2942
2719
1514
1056
2003
3088
2546
1356
1079
2155
3086
2467
1357
1244
2360
2984
2286
1180
1327
2501
3052
2139
1080
1388
2640
3033
1916
1038
1563
2738
2865
1795
1039
1627
2917
2853
1657
1038
1948
2950
2681
1579
1100
1993
2985
2582
1377
1164
2189
2965
2391
1291
1254
2302
3012
2260
1191
1272
2599
3063
2092
1142
1458
2635
2932
2035
1039
1490
2708
2925
1840
1042
1666
2785
2860
1667
1049
1860
2990
2702
1510
1113
2005
2976
2600
1465
1135
2169
3083
2522
1293
1206
2396
3027
2263
1191
1361
2458
3013
2139
1104
1401
2655
3049
1972
1067
1432
2682
2921
1869
1059
1645
2865
2880
1670
974
1830
2894
2673
1551
1190
1969
2972
2729
1433
1114
2176
3098
2454
1291
1123
2246
3092
2337
1271
1258
2473
3105
2239
1178
1372
2561
2977
2087
1043
1399
2702
3017
1823
1029
1691
2817
2824
1748
1087
1719
2955
2790
1601
1075
1949
2970
2653
1501
1013
2037
3046
2609
1303
1091
2272
3035
2379
1278
1324
2356
3046
2301
1235
1362
2581
3031
2022
1127
1545
2728
2944
1972
1105
1590
2745
2872
1754
978
1695
2829
2750
1558
1087
1905
2974
2741
1493
1113
2028
3024
2473
1363
1154
2254
3050
2313
1214
1244
2486
3031
2236
1174
1352
2559
3000
2078
1055
1459
2642
2973
1919
1069
1545
2754
2846
1750
1037
1694
2938
2802
1696
1126
1930
2895
2721
1584
1005
1989
3037
2650
1362
1136
2207
3026
2447
1247
1166
2294
3110
2296
1196
1333
2571
3001
2104
1221
1515
2627
2917
2060
1082
1519
2783
3022
1783
987
1756
2866
2874
1670
1097
1867
2983
2755
1532
1102
1958
2983
2568
1412
1106
2174
3023
2458
1340
1232
2338
3037
2262
1163
1288
2421
3098
2216
1108
1383
2670
3117
2007
1066
1499
2790
2848
1727
1032
1663
2822
2805
1731
1055
1833
2908
2798
1595
969
1918
3073
2652
1334
1070
2102
3004
2389
1267
1153
2257
3090
2348
1221
1227
2527
3076
2190
1181
1431
2595
2962
2070
1111
1491
2634
2945
1856
1036
1672
2864
2878
1713
1056
1786
2947
2684
1531
1119
2058
2987
2573
1470
1113
2122
2979
2559
1325
1156
2360
3092
2333
1193
1296
2421
3100
2245
1138
1304
2578
3043
2061
1141
1408
2613
2950
1966
1024
1606
2841
2882
1760
1078
1773
2823
2807
1596
1019
1888
3050
2777
1398
1049
2074
3039
2407
1312
1226
2211
2979
2443
1368
1145
2350
3092
2329
1167
1349
2591
3040
2089
1120
1465
2653
2977
1882
1086
1595
2778
2882
1782
1062
1719
2877
2735
1666
1080
1951
2971
2656
1496
1058
2038
3001
2615
1345
1154
2256
3062
2431
1274
1207
2324
3152
2334
1123
1219
2599
3112
2067
1076
1438
2659
2973
2071
1063
1474
2681
2927
1841
1068
1695
2811
2881
1713
1028
1811
2963
2747
1542
1060
2025
3059
2515
1388
1170
2211
2986
2459
1323
1149
2301
3031
2350
1186
1292
2488
3070
2131
1119
1490
2709
3008
1991
1172
1516
2667
2884
1906
1072
1574
2847
2880
1713
961
1819
2915
2660
1530
1127
2007
3012
2626
1392
1160
2195
3049
2476
1379
1177
2267
3037
2296
1272
1288
2481
3019
2215
1221
1390
2514
2996
2136
1056
1430
2734
3030
1839
995
1675
2820
2897
1741
1050
1731
2934
2787
1622
1041
1922
3014
2693
1494
1062
2100
3054
2567
1304
1162
2282
3026
2358
1272
1331
2416
3072
2255
1166
1333
2647
3126
2047
1063
1406
2660
2880
1893
1072
1605
2800
2861
1750
1049
1758
2880
2799
1626
1174
1933
2884
2678
1475
1082
2059
3042
2420
1310
1140
2222
3121
2409
1261
1291
2496
3037
2217
1137
1354
2582
3035
2093
1111
1494
2693
2952
1850
1081
1637
2764
2802
1803
1128
1683
2897
2861
1729
1031
1935
3034
2703
1474
1060
2097
3000
2559
1299
1134
2243
3035
2356
1252
1294
2331
3009
2296
1205
1223
2491
3078
2162
1128
1451
2685
2944
1999
1055
1535
2778
2901
1710
1052
1810
2831
2824
1714
1130
1892
3031
2766
1505
1067
2058
3045
2558
1409
1143
2217
3017
2475
1358
1171
2293
3057
2398
1211
1357
2492
3111
2227
1125
1375
2566
2999
1985
1079
1543
2754
2904
1821
1090
1695
2832
2822
1721
1059
1891
2911
2755
1626
1090
1885
2975
2740
1364
1046
2189
3163
2495
1315
1194
2271
3081
2280
1213
1270
2514
3101
2228
1108
1323
2599
2994
2016
1021
1472
2781
3040
1830
994
1683
2814
2811
1696
1074
1733
2947
2800
1575
1053
1977
3001
2594
1453
1152
2129
2976
2555
1334
1095
2221
3015
2392
1265
1291
2371
3112
2263
1088
1292
2609
3057
1969
1057
1465
2708
2970
1960
1022
1526
2859
2977
1803
1005
1754
2885
2843
1630
1100
1908
2993
2778
1540
1137
2063
3035
2493
1391
1164
2173
3048
2410
1245
1213
2429
3021
2229
1168
1398
2581
2980
2105
1141
1434
2614
3022
1943
981
1501
2774
2901
1754
1057
1686
2935
2881
1683
1029
1897
2978
2697
1484
1078
2110
3013
2503
1338
1237
2226
2990
2363
1270
1276
2386
3100
2270
1164
1321
2635
3054
2097
1124
1509
2703
2909
1941
1065
1610
2780
2935
1785
1038
1707
2812
2902
1712
1092
1857
2987
2744
1560
1095
1936
3012
2646
1465
1076
2125
3031
2472
1284
1214
2382
3008
2241
1205
1425
2479
3086
2181
1114
1442
2673
3013
1902
1098
1526
2709
2951
1848
1040
1625
2877
2877
1737
1014
1846
2940
2731
1534
1115
2010
2971
2612
1417
1209
2147
2967
2449
1345
1150
2228
3084
2314
1220
1309
2541
2999
2167
1169
1426
2608
2937
2031
1052
1435
2737
3022
1758
943
1710
2824
2826
1764
1086
1729
2963
2805
1562
1030
1965
3000
2661
1503
1009
2023
2946
2499
1320
1169
2268
2985
2347
1263
1330
2328
2990
2319
1227
1333
2592
3053
1953
1047
1434
2700
2993
1935
1017
1539
2795
2906
1717
977
1849
2907
2719
1601
1173
1920
2931
2707
1524
1125
2051
3053
2498
1293
1121
2230
3070
2419
1313
1261
2458
3012
2252
1142
1341
2489
2983
2104
1093
1458
2687
3080
1925
1005
1579
2826
2862
1725
1046
1681
2895
2807
1716
1076
1874
2939
2754
1591
1039
2017
3051
2613
1297
1169
2239
2996
2393
1257
1224
2326
3037
2256
1191
1259
2512
3043
2139
1113
1409
2657
2917
1930
1006
1579
2728
2847
1844
1088
1712
2776
2862
1713
1041
1790
2947
2730
1536
1093
1956
2955
2497
1384
1114
2154
2984
2473
1270
1170
2371
3012
2297
1188
1350
2532
3150
2130
1032
1439
2677
2979
1985
1110
1422
2704
2955
1913
1058
1614
2863
2897
1746
1004
1857
2959
2763
1579
1097
1984
2995
2715
1460
1083
2117
3097
2458
1270
1123
2249
3086
2360
1200
1186
2500
3088
2197
1193
1453
2569
2984
2120
1081
1474
2717
3037
1881
995
1633
2792
2829
1739
1119
1724
2874
2731
1638
1144
2004
2982
2649
1512
1030
2087
3021
2535
1313
1136
2238
2994
2388
1234
1295
2379
3098
2246
1114
1298
2631
3059
1978
1122
1508
2678
2902
1926
1006
1585
2833
2896
1753
1034
1762
2822
2743
1570
1137
1972
2968
2682
1479
1118
2061
3071
2579
1402
1093
2193
3140
2483
1209
1088
2416
3110
2246
1111
1365
2562
3017
2086
1109
1491
2675
2981
1866
1036
1547
2792
2897
1761
1048
1649
2870
2825
1698
1041
1914
2985
2674
1438
1081
2113
2971
2549
1356
1155
2159
3007
2376
1264
1216
2281
3041
2277
1231
1259
2472
3045
2133
1054
1351
2687
3051
1989
1015
1579
2788
2869
1726
1024
1708
2799
2803
1730
1161
1796
2855
2692
1543
1006
2002
3150
2595
1348
1081
2233
3031
2445
1281
1217
2356
2997
2331
1235
1286
2406
3135
2275
1102
1347
2615
3062
1989
1065
1440
2710
2940
1840
1027
1709
2888
2777
1653
1036
1869
2900
2749
1609
1075
1928
2996
2697
1416
1120
2143
3055
2436
1243
1166
2281
3051
2271
1219
1306
2463
2939
2159
1237
1402
2493
2955
2114
1042
1370
2647
3014
1876
1032
1642
2804
2811
1700
1098
1829
2974
2692
1558
1140
2039
2975
2675
1546
1029
2066
3037
2573
1299
1073
2254
3135
2372
1145
1305
2437
3078
2220
1174
1332
2615
3113
2057
1057
1389
2719
2994
1931
1009
1579
2812
2899
1763
997
1767
2866
2755
1532
1045
1921
3036
2708
1379
1068
2126
3073
2442
1326
1145
2186
3067
2377
1224
1192
2471
3053
2202
1134
1336
2519
2979
2066
1122
1474
2642
2995
1908
1072
1556
2743
2833
1777
1109
1705
2860
2751
1612
1033
1984
2997
2614
1516
1117
2049
2981
2583
1331
1143
2214
3039
2448
1278
1244
2353
3083
2319
1199
1256
2610
3108
2104
1105
1419
2597
2916
2034
1099
1556
2730
2905
1795
1060
1720
2788
2856
1681
1063
1790
2917
2731
1556
1065
2003
3040
2550
1399
1132
2188
3004
2421
1284
1240
2359
3006
2336
1249
1317
2375
3054
2252
1099
1373
2709
3074
1961
1145
1550
2743
2948
1873
1037
1647
2849
2835
1715
1069
1879
2911
2737
1552
1077
1964
2960
2608
1435
1157
2140
3033
2452
1341
1157
2234
3033
2304
1204
1205
2468
3033
2198
1170
1393
2544
2944
2081
1125
1525
2659
2948
1896
1050
1613
2753
2915
1752
1031
1747
2968
2794
1600
1053
1974
2984
2656
1454
1038
2110
3084
2545
1254
1128
2312
3057
2392
1267
1303
2329
3015
2222
1147
1342
2591
3066
2038
1126
1537
2706
2913
1952
1075
1597
2838
2910
1805
1067
1792
2876
2794
1560
1065
1942
3055
2738
1480
1116
2092
3043
2456
1332
1142
2259
3059
2368
1234
1213
2483
3051
2262
1166
1295
2490
3005
2090
1140
1480
2584
2928
1934
1089
1549
2731
2954
1831
1041
1620
2939
2830
1661
1060
1962
2992
2686
1502
1028
2093
3084
2606
1292
1129
2221
3021
2376
1267
1206
2313
3041
2228
1166
1275
2587
3054
2098
1116
1449
2638
2885
1973
1035
1528
2732
2916
1776
980
1701
2849
2881
1668
1067
1788
2920
2771
1589
1043
1957
3031
2616
1373
1086
2208
3045
2420
1260
1192
2386
3034
2285
1153
1266
2436
3140
2201
1024
1390
2721
3006
1909
1165
1593
2687
2849
1862
1092
1666
2895
2858
1700
1064
1902
2893
2718
1569
1092
1957
2930
2600
1408
1160
2123
3025
2514
1366
1188
2238
2992
2286
1271
1270
2508
3059
2213
1176
1382
2587
3008
2034
991
1445
2766
2992
1819
1054
1691
2802
2809
1676
1074
1758
2941
2762
1559
1040
1998
3044
2613
1422
1066
2142
2944
2421
1333
1191
2235
3001
2401
1239
1265
2378
3067
2242
1192
1350
2559
3049
2060
1129
1443
2667
2974
1995
1059
1531
2734
2918
1804
969
1750
2930
2803
1566
1063
1901
2987
2687
1383
1126
2119
2969
2472
1415
1124
2148
3054
2448
1269
1197
2413
3046
2294
1180
1363
2515
3035
2087
1047
1498
2725
2994
1845
1023
1543
2721
2869
1752
995
1648
2984
2851
1611
1017
1949
2981
2660
1539
1087
2012
2972
2540
1354
1135
2176
3034
2458
1326
1173
2249
3092
2323
1195
1248
2555
3077
2116
1087
1453
2676
2942
2012
1017
1527
2752
2912
1801
1069
1731
2751
2864
1752
1048
1785
3026
2764
1533
1088
2001
3065
2606
1431
1092
2146
3013
2423
1309
1247
2367
2985
2289
1250
1321
2397
3001
2190
1132
1349
2619
3086
2017
1035
1459
2768
2942
1835
1052
1670
2903
2850
1700
1018
1831
2920
2733
1573
1090
1974
2956
2624
1418
1077
2126
3062
2476
1349
1201
2249
3067
2348
1217
1240
2520
3045
2157
1124
1383
2610
2957
2048
1057
1434
2649
2990
1894
994
1589
2804
2830
1675
1037
1772
2981
2769
1533
1063
2030
2993
2588
1466
1066
2171
3052
2545
1274
1073
2258
3055
2393
1211
1308
2416
3121
2303
1166
1311
2587
3069
1988
1062
1498
2682
2939
2018
1062
1557
2791
2937
1807
981
1741
2915
2846
1556
1036
1940
3056
2688
1420
1117
2008
2973
2503
1434
1170
2177
3073
2477
1246
1158
2517
3123
2210
1082
1329
2609
3079
2079
1069
1479
2666
2990
1878
1067
1543
2746
2876
1777
1054
1679
2892
2820
1711
1055
1911
2951
2635
1505
1057
2013
2942
2525
1316
1138
2267
3047
2361
1270
1304
2347
3021
2271
1224
1244
2518
3104
2121
1017
1407
2710
2982
1957
1042
1566
2734
2868
1822
1044
1710
2842
2879
1676
1096
1886
2971
2686
1525
1109
2020
2997
2523
1390
1110
2185
3015
2429
1272
1199
2348
3027
2297
1191
1376
2464
3009
2178
1194
1409
2611
3055
1977
1041
1490
2743
2830
1784
1054
1665
2871
2805
1678
1057
1846
2867
2756
1614
1071
1923
2972
2649
1366
1060
2145
3082
2450
1312
1214
2312
3089
2284
1227
1253
2522
3068
2201
1157
1428
2601
2936
2081
1068
1416
2695
3033
1878
979
1684
2848
2812
1698
1137
1831
2923
2746
1595
1085
1981
2972
2678
1516
1082
2084
3002
2543
1302
1126
2316
3117
2359
1151
1239
2347
3061
2247
1202
1348
2577
3077
2030
1073
1430
2626
2931
1999
1065
1546
2875
2981
1727
973
1835
2953
2755
1592
1126
1911
2961
2741
1514
1121
2041
2992
2521
1437
1152
2155
3042
2433
1262
1240
2456
2994
2262
1183
1314
2490
3035
2106
1090
1497
2676
2979
1906
1083
1588
2789
2932
1810
1013
1620
2920
2841
1690
1050
1924
2991
2740
1513
1029
2076
2988
2525
1340
1145
2207
3020
2384
1265
1282
2348
3035
2281
1265
1279
2465
3027
2111
1081
1384
2667
3028
2012
986
1537
2764
2882
1756
1027
1771
2869
2853
1648
1098
1891
2967
2705
1560
1123
2058
3013
2537
1390
1105
2120
2983
2504
1323
1174
2345
3041
2334
1240
1371
2412
3038
2226
1167
1387
2591
3043
2028
1131
1541
2726
2868
1857
1109
1673
2853
2841
1660
976
1826
2916
2741
1520
1037
1967
2974
2615
1373
1139
2264
3109
2408
1306
1180
2225
2990
2295
1259
1234
2462
3083
2231
1101
1331
2652
3027
2006
1019
1522
2785
2971
1810
1048
1667
2778
2849
1756
1125
1745
2930
2762
1597
1084
1962
2943
2581
1526
1197
2110
2977
2532
1346
1133
2260
3094
2380
1206
1268
2363
3078
2248
1171
1375
2594
2987
1972
1126
1483
2709
2968
1946
981
1587
2854
2890
1725
1047
1801
2810
2774
1606
1122
1946
2965
2669
1423
1141
2094
3011
2396
1309
1159
2169
3031
2430
1271
1217
2386
2976
2177
1167
1390
2475
2953
2110
1163
1521
2665
2971
1886
1108
1581
2716
2805
1808
1129
1629
2873
2846
1690
1020
1907
2993
2697
1509
1021
2006
3018
2551
1307
1120
2225
3051
2411
1267
1253
2398
3084
2246
1249
1339
2550
3063
2075
1094
1449
2731
3017
1994
1004
1570
2720
2916
1846
1028
1678
2873
2937
1645
1026
1920
3045
2699
1464
1107
2023
3009
2551
1454
1134
2176
2975
2445
1281
1139
2333
3074
2366
1189
1311
2487
3093
2209
1141
1437
2630
3009
1976
1123
1570
2726
2861
1813
1071
1700
2879
2823
1732
1095
1866
2923
2741
1594
1062
1952
2977
2640
1381
1102
2105
2975
2454
1317
1136
2265
3099
2277
1196
1303
2482
2984
2203
1193
1411
2586
2989
2036
1049
1515
2743
3000
1814
1048
1714
2786
2837
1743
1067
1781
2968
2811
1632
1053
1971
3030
2626
1424
1093
2154
3002
2478
1308
1179
2236
2981
2372
1252
1210
2330
3116
2268
1172
1384
2611
3023
2001
1151
1497
2595
2801
1925
1105
1585
2790
2922
1812
1008
1761
2894
2747
1562
1077
1895
2983
2760
1509
1056
2046
3123
2494
1311
1126
2243
3091
2387
1256
1249
2441
3064
2281
1143
1323
2581
3029
2062
1098
1481
2624
3016
1960
1050
1504
2790
2953
1774
1007
1680
2950
2865
1688
1056
1925
2947
2680
1536
1067
2037
2993
2562
1352
1148
2175
3006
2411
1308
1237
2320
3081
2286
1194
1210
2515
3086
2129
1103
1424
2669
3000
2029
1003
1523
2797
2895
1729
1086
1778
2827
2870
1700
1073
1797
2952
2726
1559
1051
1990
3021
2480
1364
1074
2163
3048
2428
1206
1174
2449
3068
2291
1190
1371
2446
3076
2220
1033
1317
2612
3054
1941
1069
1525
2716
2856
1746
1038
1691
2918
2869
1687
1022
1830
2941
2759
1496
1041
1957
3007
2689
1356
1093
2160
3101
2439
1285
1180
2249
3068
2372
1246
1190
2411
3018
2223
1187
1396
2588
2969
2092
1118
1450
2605
2946
1823
1004
1672
2905
2874
1681
1087
1820
2960
2723
1578
1088
1978
2996
2675
1484
989
2059
3014
2539
1332
1128
2219
3042
2409
1227
1285
2391
3125
2273
1105
1323
2640
3035
1983
1120
1496
2645
2894
1935
1074
1579
2816
2907
1776
1013
1758
2847
2768
1567
1097
1911
2958
2670
1466
1127
2033
2996
2479
1368
1108
2177
3026
2413
1241
1183
2470
3027
2244
1217
1357
2446
2947
2126
1093
1419
2673
3018
1905
1021
1503
2772
2896
1788
1073
1679
2892
2776
1627
988
1938
2993
2679
1524
1044
1993
2969
2611
1400
1141
2184
3016
2438
1314
1231
2336
3084
2291
1219
1276
2585
3086
2125
1156
1452
2643
2927
2057
1101
1513
2680
2926
1814
1028
1751
2896
2880
1646
1090
1901
3010
2724
1505
1119
2074
3011
2523
1441
1140
2156
3076
2484
1281
1199
2354
3004
2284
1217
1324
2428
3070
2174
1133
1438
2636
3012
1974
1145
1493
2667
2903
1824
1027
1588
2850
2897
1727
995
1851
2962
2753
1551
1074
1957
3028
2658
1382
1194
2234
3027
2357
1248
1143
2246
3079
2324
1267
1269
2473
3016
2246
1193
1345
2574
3000
2040
991
1493
2785
2969
1783
1035
1672
2773
2872
1810
1081
1692
2927
2828
1619
1042
1949
3031
2683
1470
1044
2140
3067
2564
1308
1133
2249
3053
2401
1258
1319
2338
3045
2281
1153
1328
2597
3004
1971
1177
1548
2650
2887
1957
1116
1622
2821
2909
1795
1069
1765
2860
2860
1679
1032
1868
3046
2772
1421
999
2055
3092
2498
1345
1157
2238
3049
2419
1294
1247
2492
3002
2145
1110
1286
2498
3005
2057
1059
1486
2669
2996
1936
1099
1556
2735
2900
1844
1035
1602
2936
2904
1678
971
1944
3033
2669
1484
1014
2017
3008
2648
1438
1141
2119
2984
2451
1297
1201
2316
3063
2307
1194
1308
2577
3006
2082
1152
1518
2657
2922
1993
1008
1543
2739
2898
1824
1041
1670
2796
2813
1621
1119
1819
2926
2746
1522
1015
1971
3071
2560
1365
1098
2198
3005
2378
1317
1278
2401
3002
2256
1206
1367
2464
3022
2180
1111
1319
2631
3063
1963
1076
1522
2750
2928
1884
1067
1609
2864
2883
1735
1037
1835
2891
2773
1599
1082
1932
2954
2652
1442
1119
2055
2995
2491
1361
1148
2245
3103
2342
1230
1273
2498
2986
2225
1235
1421
2542
2936
2113
1100
1465
2707
2977
1846
1036
1633
2828
2905
1720
1020
1760
2964
2749
1610
1099
1931
2886
2594
1545
1079
2055
3000
2574
1266
1093
2368
3090
2273
1105
1263
2407
3047
2208
1099
1346
2634
3044
2030
1126
1458
2630
2954
2009
1056
1591
2792
2908
1795
1019
1811
2889
2830
1637
1079
1941
3046
2740
1458
1169
2114
2998
2426
1316
1125
2192
3108
2428
1290
1239
2474
3037
2211
1212
1404
2435
2934
2114
1121
1433
2564
2957
1939
1087
1532
2740
2936
1866
1088
1631
2880
2860
1713
1069
1963
2996
2706
1484
1076
2131
3056
2594
1254
1084
2233
3053
2378
1211
1256
2410
3068
2240
1206
1334
2541
3038
2131
1157
1424
2677
3023
2030
1000
1563
2763
2863
1773
1079
1765
2859
2881
1678
1032
1828
2992
2754
1525
1117
2053
3018
2565
1444
1065
2127
3026
2475
1274
1156
2325
3009
2316
1201
1275
2432
3089
2178
1077
1412
2653
2994
1921
1081
1474
2649
2880
1858
1031
1642
2874
2867
1720
1017
1850
2930
2719
1535
1071
1949
2987
2657
1378
1114
2126
2999
2360
1300
1211
2220
2971
2297
1257
1265
2505
3013
2167
1158
1353
2574
2984
2059
1036
1475
2718
2966
1849
1041
1643
2762
2857
1791
1077
1776
3012
2840
1611
1051
2007
3015
2654
1504
1104
2082
3034
2569
1297
1115
2265
3058
2377
1246
1302
2374
2981
2236
1203
1329
2601
3069
2011
1123
1475
2652
2911
1909
1001
1557
2831
2940
1748
983
1730
2886
2824
1519
1063
1955
2991
2643
1430
1134
2042
3003
2455
1373
1196
2211
3112
2508
1284
1172
2501
3102
2179
1074
1354
2612
3028
2025
1121
1572
2643
2927
1919
1117
1597
2764
2883
1806
982
1601
2928
2841
1701
1065
1929
3014
2755
1485
1000
2089
3056
2558
1330
1179
2269
3029
2347
1285
1248
2303
3031
2241
1188
1272
2548
3065
2087
1080
1434
2654
2959
2034
1093
1556
2755
2940
1790
1026
1717
2806
2852
1750
1122
1816
2957
2752
1525
1041
1992
3046
2518
1317
1127
2235
3022
2430
1265
1192
2391
3037
2279
1197
1400
2484
3065
2170
1103
1425
2665
3028
1958
1085
1521
2763
2922
1834
1075
1718
2867
2772
1764
1191
1946
2910
2772
1600
949
1854
3006
2679
1384
1121
2181
3085
2480
1334
1171
2274
3093
2250
1185
1259
2482
3006
2193
1187
1421
2601
2932
1988
1079
1484
2731
3073
1894
995
1652
2874
2898
1711
1094
1818
2980
2762
1617
1050
2004
3045
2638
1426
1010
2111
3043
2579
1297
1085
2292
3089
2362
1210
1346
2483
3115
2246
1161
1359
2578
3022
1989
1115
1504
2726
2916
1931
1057
1635
2802
2842
1828
1057
1704
2862
2808
1569
1051
1984
3039
2694
1433
1084
2045
2994
2479
1427
1194
2164
3035
2455
1305
1159
2394
3056
2250
1088
1341
2628
3020
2026
1115
1497
2702
3035
1974
1085
1523
2730
2866
1743
998
1596
2972
2898
1630
998
1959
3021
2703
1545
1055
2051
3070
2602
1324
1118
2179
3004
2433
1279
1150
2261
3059
2306
1207
1277
2578
3056
2082
1079
1433
2691
2939
1916
1013
1611
2754
2847
1796
1069
1739
2791
2866
1726
1101
1762
2959
2824
1547
999
1921
3018
2571
1374
1099
2153
2990
2431
1288
1212
2364
3022
2320
1241
1351
2440
3098
2289
1199
1393
2592
2972
1969
1131
1473
2701
2934
1886
1050
1619
2897
2881
1739
1048
1838
2889
2720
1597
1123
1942
2941
2648
1394
1091
2103
3051
2481
1284
1119
2256
3108
2348
1303
1279
2431
2996
2238
1221
1435
2608
2917
2038
1100
1473
2692
2961
1879
1017
1633
2786
2855
1730
1043
1777
2973
2772
1550
1092
2016
2975
2613
1557
1091
2043
2949
2580
1343
1101
2278
3089
2383
1153
1269
2432
3083
2226
1187
1387
2606
3005
2012
1126
1492
2634
2935
2003
1018
1544
2860
2950
1740
978
1769
2907
2848
1612
1052
1928
2970
2634
1470
1178
2068
2935
2457
1376
1142
2106
3045
2506
1267
1167
2459
3068
2246
1143
1353
2590
3091
2044
1096
1554
2728
2966
1866
1169
1623
2645
2811
1856
1094
1624
2927
2872
1623
977
1982
3041
2642
1481
1146
2124
2999
2561
1396
1180
2183
3020
2425
1333
1252
2310
3101
2324
1174
1202
2551
3067
2087
1119
1435
2659
2940
1977
1038
1575
2755
2912
1801
1034
1761
2891
2837
1629
1067
1876
3005
2739
1481
1044
2045
3057
2534
1365
1092
2187
3074
2500
1256
1119
2353
3098
2296
1143
1284
2414
3071
2215
1091
1330
2609
3042
2018
1106
1414
2664
2901
1862
1033
1622
2893
2895
1728
1022
1870
2953
2723
1491
1051
1959
2967
2680
1429
1119
2176
3077
2500
1319
1116
2194
3076
2387
1229
1194
2485
3051
2170
1155
1405
2614
2962
2010
1074
1512
2661
2909
1893
1084
1609
2754
2851
1764
1129
1800
2909
2747
1643
1083
1961
3053
2648
1430
1069
2185
2981
2444
1255
1130
2329
3011
2316
1223
1327
2442
3058
2245
1194
1365
2593
2982
2028
1156
1487
2633
2874
1942
1086
1608
2815
2911
1741
992
1780
2908
2819
1599
1035
1928
3030
2729
1495
1123
2023
3020
2481
1341
1153
2205
3079
2446
1241
1218
2488
3039
2230
1150
1243
2457
3058
2104
1059
1462
2730
3008
1839
1050
1606
2762
2852
1799
1016
1647
2967
2838
1639
1017
1927
2962
2717
1539
1037
2103
3069
2533
1286
1166
2262
2999
2426
1307
1188
2325
3073
2316
1186
1235
2572
3077
2040
1075
1536
2721
2923
2009
1053
1561
2746
2878
1736
997
1773
2849
2838
1667
1118
1872
2911
2714
1564
1094
1977
2971
2551
1432
1098
2168
3020
2422
1225
1155
2428
3062
2246
1183
1329
2392
3059
2239
1122
1361
2608
3038
1959
1053
1513
2785
2904
1880
1141
1713
2894
2873
1700
1026
1879
2898
2658
1559
1123
1940
2927
2635
1417
1137
2187
3117
2480
1280
1146
2303
3121
2299
1224
1285
2500
3005
2219
1251
1414
2553
2945
2057
1054
1413
2677
3017
1896
1038
1685
2825
2765
1678
1106
1792
2911
2776
1676
1117
1899
2912
2670
1549
1067
2084
3043
2571
1246
1057
2239
3045
2329
1154
1271
2408
3077
2222
1155
1346
2586
3083
2049
1091
1465
2669
2957
1918
1013
1587
2836
2914
1723
986
1764
2870
2783
1589
1076
1928
2991
2731
1499
1107
2012
2997
2476
1359
1133
2176
3039
2392
1272
1242
2479
3037
2192
1156
1364
2466
2957
2129
1140
1458
2689
3039
1899
1050
1589
2784
2842
1720
1093
1721
2902
2809
1689
1097
1989
2957
2664
1618
1081
1962
2983
2652
1345
1089
2192
3078
2434
1277
1211
2355
3108
2268
1188
1265
2619
3066
1967
1051
1468
2613
2852
1996
1093
1504
2730
2949
1793
961
1701
2909
2889
1649
1113
1903
2963
2718
1544
1137
2114
3028
2541
1456
1114
2124
3018
2528
1256
1118
2359
3055
2293
1166
1356
2434
3085
2236
1176
1462
2648
3010
1927
1098
1539
2720
2900
1866
1071
1649
2890
2829
1705
1081
1881
2914
2741
1564
1078
1963
2999
2669
1399
1141
2151
3004
2401
1362
1223
2266
3073
2385
1237
1243
2505
3040
2216
1173
1382
2616
2989
2032
1052
1513
2711
2959
1804
1037
1709
2818
2865
1740
1095
1736
2945
2781
1566
1001
1916
3030
2649
1441
1071
2138
3065
2554
1247
1132
2302
3045
2372
1221
1237
2321
3120
2276
1167
1334
2619
3066
1988
1106
1508
2736
2936
1891
1063
1612
2792
2839
1760
1040
1812
2874
2690
1522
1086
1904
2933
2687
1518
1145
2086
3080
2522
1355
1108
2193
3046
2380
1309
1241
2405
2989
2184
1150
1367
2513
3006
2088
1117
1503
2642
3029
1940
1070
1588
2859
2925
1750
1054
1688
2948
2838
1696
1058
1864
2949
2760
1575
1065
2041
3000
2615
1313
1092
2195
3042
2479
1302
1202
2270
3032
2248
1232
1301
2507
3028
2143
1196
1441
2596
2936
1994
1028
1555
2767
2862
1736
1010
1772
2871
2810
1644
1112
1830
2899
2701
1466
999
2026
3041
2536
1362
1065
2129
3021
2449
1245
1109
2295
3058
2349
1164
1304
2470
3040
2120
1067
1380
2689
3042
1963
1135
1560
2703
2861
1839
1038
1670
2930
2862
1639
1004
1882
2907
2698
1541
1093
2000
2994
2594
1398
1158
2136
2998
2444
1348
1125
2209
3098
2366
1213
1212
2509
3046
2211
1178
1374
2571
2911
1998
1085
1524
2688
2936
1832
1029
1683
2813
2824
1688
1017
1785
2955
2741
1624
1117
1955
2958
2675
1474
1067
2134
2992
2532
1294
1113
2192
3028
2435
1199
1278
2409
3082
2203
1121
1366
2612
3070
2000
1077
1499
2725
3012
1953
996
1582
2858
2883
1706
1023
1814
2847
2763
1615
1097
1896
2994
2744
1459
1073
2100
3113
2485
1303
1131
2208
3101
2458
1270
1168
2407
3062
2210
1088
1272
2507
3059
2097
1027
1437
2680
3030
1894
1019
1543
2802
2905
1771
1057
1721
2911
2814
1693
1047
1925
3048
2680
1449
1052
2090
3042
2525
1254
1130
2285
3073
2361
1218
1221
2330
3090
2297
1184
1251
2498
3016
2099
1103
1388
2629
2986
2007
1000
1516
2774
2887
1725
1068
1742
2740
2783
1708
1143
1865
2973
2719
1511
1042
1942
2997
2618
1414
1012
2102
3051
2467
1203
1181
2382
2974
2255
1181
1411
2474
3042
2204
1197
1416
2600
3027
1925
1058
1503
2694
2879
1803
1052
1665
2862
2783
1690
1067
1888
2883
2711
1627
1096
1935
2939
2714
1498
1118
2134
3080
2436
1245
1184
2311
3072
2299
1235
1281
2545
3048
2185
1195
1487
2591
2935
2104
1135
1458
2678
3001
1842
974
1611
2857
2890
1640
1000
1779
3023
2792
1603
1068
1948
2957
2634
1552
1090
2027
2943
2506
1335
1144
2260
3089
2444
1144
1200
2470
3141
2171
1131
1378
2576
3006
1973
1108
1456
2620
2912
1975
1101
1599
2830
2936
1743
1033
1823
2916
2810
1581
1103
1987
3001
2666
1449
1182
2127
2999
2463
1395
1114
2150
3088
2433
1255
1214
2483
3113
2278
1149
1274
2497
2997
2058
1106
1503
2666
2961
1856
1071
1601
2794
2890
1824
1049
1666
2968
2871
1637
997
1964
3003
2634
1477
1076
2056
2972
2549
1369
1202
2194
2976
2442
1334
1203
2278
3061
2280
1243
1296
2491
3025
2099
1111
1389
2634
3006
2052
1029
1477
2794
3013
1771
973
1744
2885
2869
1668
1075
1836
2949
2773
1590
1074
1988
3020
2534
1369
1072
2165
3027
2508
1278
1192
2373
3022
2350
1216
1317
2455
3081
2191
1071
1343
2655
3082
1950
1039
1459
2731
2919
1780
964
1590
2886
2867
1710
1011
1785
2847
2750
1635
1105
1907
2954
2655
1442
1111
2089
3015
2434
1268
1149
2292
3030
2240
1212
1318
2530
2990
2140
1158
1457
2594
2939
2016
1023
1465
2703
2988
1847
957
1627
2840
2855
1685
1031
1800
2964
2759
1609
1087
1884
2860
2677
1584
1032
2025
3055
2637
1276
1061
2282
3083
2362
1163
1339
2456
3039
2194
1100
1296
2597
3064
1980
1095
1463
2654
2958
1970
1014
1540
2870
3008
1719
879
1756
2953
2854
1595
1072
1924
2975
2710
1452
1157
2069
2940
2435
1394
1187
2181
3046
2488
1286
1135
2439
3148
2255
1116
1357
2542
2984
2078
1082
1475
2692
2946
1823
1093
1596
2708
2835
1830
1098
1659
2963
2927
1628
932
1948
3066
2677
1461
1028
2020
2996
2547
1297
1115
2198
3030
2368
1288
1310
2308
3032
2295
1213
1209
2530
3165
2192
1047
1337
2683
3013
1997
1036
1573
2741
2874
1802
1154
1792
2727
2821
1796
1144
1771
2947
2842
1586
1039
1965
3030
2530
1364
1092
2184
3030
2417
1238
1246
2354
2932
2306
1239
1284
2349
3118
2321
1118
1288
2635
3124
1943
979
1478
2829
2894
1712
1014
1684
2834
2737
1693
1081
1828
2829
2730
1619
1043
1884
2961
2691
1406
1026
2145
3119
2441
1247
1142
2344
3153
2331
1196
1309
2586
3040
2147
1187
1435
2546
2943
2110
1049
1387
2730
3057
1857
981
1666
2840
2843
1692
1029
1738
2980
2776
1582
1098
2044
2996
2609
1537
1107
2094
2958
2548
1381
1161
2246
3052
2407
1191
1251
2406
3087
2273
1222
1376
2578
3057
2070
1155
1476
2630
2924
1999
1036
1542
2828
2931
1749
996
1794
2896
2816
1615
1078
1893
3001
2748
1473
1128
2043
2973
2468
1426
1175
2164
3018
2405
1317
1176
2397
3076
2275
1175
1365
2552
3000
2053
1059
1495
2670
2953
1977
1134
1535
2754
2906
1786
1033
1674
2946
2821
1645
1055
1983
2984
2691
1565
1094
2051
2983
2572
1371
1170
2167
3013
2447
1309
1225
2328
3123
2249
1077
1236
2613
3062
2049
1119
1494
2639
2878
2006
1135
1598
2737
2911
1844
1064
1760
2863
2897
1682
1052
1878
3037
2758
1458
1049
2117
3069
2463
1352
1120
2143
2950
2431
1252
1149
2392
3054
2288
1157
1314
2458
3089
2194
1122
1381
2626
3045
2025
1083
1490
2724
2970
1886
1068
1611
2869
2921
1725
980
1835
2947
2735
1506
1064
1951
2951
2619
1385
1123
2197
3061
2394
1294
1178
2223
3058
2364
1269
1298
2519
3032
2202
1185
1350
2562
3011
2100
1073
1520
2768
2940
1767
1069
1746
2824
2814
1717
1119
1785
2864
2758
1647
1058
1979
3077
2670
1448
1074
2104
2955
2499
1341
1146
2218
3016
2362
1185
1230
2368
3088
2259
1155
1337
2629
3092
2051
1145
1466
2659
2893
1938
1093
1604
2791
2846
1738
1026
1758
2832
2834
1670
1063
1912
2972
2678
1417
1103
2089
3041
2485
1340
1172
2205
3040
2431
1280
1229
2446
3004
2239
1222
1285
2428
3040
2143
1140
1467
2623
3000
1946
1060
1539
2820
2914
1716
1045
1741
2940
2732
1678
1153
1930
2961
2699
1522
1110
2125
2963
2544
1368
1156
2201
3031
2441
1291
1188
2322
3111
2270
1195
1268
2529
3110
2203
1133
1384
2648
2976
2046
1092
1543
2733
2917
1845
1039
1704
2836
2829
1678
1112
1879
2919
2703
1526
1097
2024
3008
2535
1445
1118
2119
3012
2495
1301
1184
2350
3004
2328
1227
1340
2396
3027
2240
1154
1391
2675
3022
1887
1039
1556
2769
2858
1841
1112
1690
2841
2802
1762
1100
1840
2938
2738
1541
1110
2033
3046
2646
1369
1145
2186
3020
2401
1284
1169
2259
3081
2370
1213
1227
2518
3051
2190
1173
1383
2517
2898
2073
1148
1488
2638
2916
1871
1095
1694
2785
2811
1718
1056
1759
2924
2715
1561
1051
1961
2954
2638
1483
1090
2143
2973
2489
1278
1143
2296
3052
2359
1221
1283
2390
3107
2289
1136
1281
2560
3040
2044
1118
1454
2642
2942
1930
1008
1575
2861
2900
1768
1021
1743
2844
2843
1639
1015
1840
3016
2782
1417
1029
2098
3070
2507
1370
1195
2204
3018
2412
1281
1220
2426
3076
2273
1142
1284
2503
3013
2078
1071
1424
2704
3016
1898
1096
1534
2697
2857
1871
1133
1644
2883
2817
1667
1014
1929
2984
2675
1523
1090
2033
3021
2593
1297
1067
2191
3086
2458
1306
1278
2337
3112
2304
1181
1230
2557
3071
2073
1117
1470
2653
2948
2044
1057
1477
2738
2951
1801
1043
1756
2838
2822
1722
1175
1862
2996
2739
1486
1037
1976
3066
2617
1373
1030
2201
3067
2456
1312
1176
2332
2992
2306
1248
1302
2368
2974
2204
1136
1355
2573
3050
2004
1073
1521
2791
2878
1808
1048
1634
2843
2851
1752
1033
1808
2881
2705
1544
1038
1915
2951
2656
1436
1089
2073
3052
2442
1290
1162
2303
3084
2262
1189
1314
2596
3064
2195
1160
1322
2563
2984
2083
1085
1487
2721
2974
1826
1033
1708
2829
2882
1749
1062
1729
2950
2820
1669
1076
1973
2987
2693
1537
1059
2085
3058
2615
1284
1051
2215
3022
2375
1166
1300
2442
3161
2317
1144
1320
2562
3061
2074
1090
1418
2649
2962
1963
1005
1606
2907
2906
1695
1005
1814
2831
2766
1641
1158
1910
2932
2776
1520
1042
1989
3062
2536
1372
1155
2218
3105
2423
1239
1212
2492
3088
2196
1134
1408
2528
2933
2124
1180
1465
2654
2995
1895
1108
1596
2764
2893
1778
1090
1690
2899
2804
1642
1097
1985
2977
2662
1487
1059
2101
2985
2501
1321
1193
2314
3069
2369
1258
1318
2399
3034
2216
1262
1326
2450
3042
2208
1118
1328
2599
2963
1977
1036
1506
2704
2957
1851
1003
1660
2783
2869
1686
1074
1803
2978
2796
1497
1033
1986
2990
2573
1438
1091
2088
2961
2438
1285
1189
2362
3030
2262
1174
1377
2461
3033
2201
1184
1366
2578
3048
1926
1024
1494
2746
2909
1819
1094
1698
2847
2863
1813
1080
1753
2869
2838
1657
1043
1940
3016
2661
1445
1162
2156
3053
2386
1286
1202
2265
3018
2300
1237
1268
2516
3018
2135
1147
1423
2604
2983
2043
1043
1520
2717
2961
1830
1048
1646
2761
2830
1709
1078
1822
3011
2739
1562
1088
1914
2920
2593
1501
1042
2102
3068
2583
1287
1104
2315
3063
2308
1170
1257
2398
3023
2173
1187
1377
2516
2996
2037
1139
1420
2647
2951
1973
1010
1542
2872
2950
1723
1003
1836
2928
2768
1587
1120
1906
2940
2726
1468
1144
2089
2982
2476
1439
1158
2148
3040
2466
1330
1183
2371
3065
2282
1148
1328
2551
3041
2036
1060
1519
2653
2921
1894
1151
1583
2717
2812
1775
1084
1698
2938
2826
1681
1012
1919
2953
2689
1564
1111
2067
2985
2563
1331
1163
2304
3070
2403
1299
1235
2256
3073
2330
1188
1186
2546
3096
2137
1077
1396
2686
3025
2008
991
1555
2745
2853
1783
1085
1773
2811
2839
1738
1089
1782
2971
2762
1503
1031
2034
3048
2563
1378
1105
2195
2975
2437
1352
1205
2306
3001
2316
1173
1302
2442
3057
2154
1079
1353
2615
3067
1986
1074
1509
2774
2914
1768
1022
1688
2902
2822
1725
1138
1892
2869
2670
1571
1067
1935
3046
2705
1321
1059
2155
3043
2426
1327
1199
2284
3027
2278
1231
1269
2517
3035
2193
1165
1352
2547
2978
2120
1059
1401
2730
3061
1835
956
1640
2859
2830
1660
1098
1840
2940
2695
1591
1092
1952
2924
2671
1545
1041
2085
3029
2544
1302
1106
2256
3071
2397
1197
1348
2495
3069
2220
1165
1347
2638
3057
2035
1115
1461
2671
2999
2002
1027
1548
2864
2984
1802
1008
1796
2900
2743
1519
1075
1991
3070
2677
1477
1181
2038
2988
2494
1413
1143
2168
2995
2414
1339
1226
2423
3070
2334
1169
1328
2541
3011
2051
1056
1454
2633
2962
1921
1106
1515
2692
2871
1843
1062
1609
2903
2890
1661
994
1954
3026
2646
1453
1047
2111
3031
2559
1259
1108
2248
3027
2428
1333
1183
2223
3093
2361
1142
1220
2559
3139
2200
1144
1432
2649
3000
2078
1034
1510
2775
2898
1739
1056
1834
2808
2763
1732
1147
1774
2893
2815
1618
1047
1953
3042
2614
1425
1063
2158
3077
2452
1283
1209
2362
3005
2294
1226
1334
2372
3023
2257
1244
1376
2594
3081
1998
1061
1447
2713
2903
1805
1078
1731
2930
2820
1699
1073
1826
2836
2715
1609
1092
1903
2980
2741
1456
1091
2102
3038
2476
1308
1131
2229
3094
2373
1231
1237
2549
3057
2127
1176
1402
2558
2968
2099
1057
1434
2740
3017
1818
988
1716
2903
2882
1691
1008
1758
2960
2725
1556
1109
1979
2899
2584
1534
1120
2075
3014
2607
1317
1080
2343
3123
2299
1127
1301
2446
3095
2216
1183
1422
2624
2960
1931
1203
1552
2623
2908
2040
1051
1516
2821
2972
1805
964
1698
2920
2872
1591
1054
1985
3088
2711
1416
1124
2078
2969
2477
1390
1161
2201
3059
2431
1308
1217
2421
3037
2244
1137
1362
2565
3042
2110
1154
1494
2628
2980
1926
1079
1492
2705
2937
1822
1045
1646
2900
2837
1729
1068
1915
2998
2721
1515
1071
2024
2977
2622
1420
1192
2151
2995
2423
1257
1206
2334
3038
2221
1156
1245
2593
3096
2094
1110
1434
2675
2893
1959
1063
1533
2691
2902
1842
1043
1682
2820
2857
1696
1114
1869
3002
2732
1492
1103
2030
2987
2556
1468
1118
2115
2988
2525
1332
1122
2309
3051
2322
1191
1335
2420
3012
2188
1207
1490
2593
2960
1942
1108
1495
2697
2920
1865
1035
1607
2887
2931
1742
985
1833
3004
2754
1458
1083
2060
3042
2586
1344
1181
2173
2962
2448
1385
1145
2148
3033
2378
1238
1191
2501
3108
2262
1111
1356
2647
3049
2005
984
1539
2738
2874
1787
1093
1671
2663
2786
1816
1121
1710
2929
2840
1620
1025
1981
2993
2602
1459
1147
2208
2978
2479
1346
1267
2291
2952
2328
1206
1291
2358
3052
2285
1218
1313
2516
3089
2029
1018
1472
2797
2968
1835
1027
1692
2885
2894
1798
1090
1753
2797
2837
1688
1032
1807
3025
2785
1466
1055
2049
3114
2501
1330
1179
2292
3079
2399
1241
1243
2517
3036
2185
1130
1362
2469
3012
2218
1159
1387
2591
3048
1966
1040
1548
2825
2907
1729
1066
1783
2963
2789
1648
1150
1994
2862
2654
1636
1070
1958
3030
2672
1408
1136
2206
3121
2422
1165
1194
2442
3120
2169
1192
1387
2501
2961
2143
1151
1424
2653
2976
2028
1023
1504
2682
2910
1806
990
1716
2916
2907
1636
1030
1845
3010
2699
1461
1167
2000
2869
2531
1496
1100
2082
2982
2534
1340
1134
2315
3079
2322
1139
1286
2476
3131
2191
1055
1410
2650
2976
1918
1135
1484
2649
2899
1910
1057
1542
2848
2944
1822
1015
1757
2916
2764
1574
1147
2023
3011
2635
1381
1124
2145
3001
2433
1380
1182
2154
3041
2401
1196
1163
2496
3126
2233
1102
1342
2614
3010
2025
1077
1498
2697
3001
1835
1025
1683
2748
2825
1764
1083
1715
2963
2841
1598
978
1913
3030
2662
1477
1052
2138
3066
2462
1228
1166
2347
3034
2366
1247
1262
2337
3073
2280
1197
1295
2582
3086
2017
1052
1488
2803
2991
1882
1003
1664
2904
2869
1766
1080
1821
2902
2851
1658
1079
1862
2980
2755
1480
1118
2020
3004
2554
1384
1125
2195
3073
2388
1245
1288
2486
2987
2273
1244
1354
2476
3023
2132
1056
1463
2688
2971
1872
1054
1592
2761
2897
1782
1023
1689
2995
2882
1623
1045
1995
2992
2697
1570
1060
2005
2989
2622
1349
1123
2217
3058
2432
1290
1220
2326
3051
2300
1302
1327
2486
3023
2153
1127
1431
2699
2951
1986
1076
1564
2727
2870
1791
1040
1708
2870
2893
1668
1009
1795
3007
2826
1573
1078
1993
3017
2590
1459
1108
2106
3048
2533
1328
1151
2313
3061
2330
1183
1311
2463
3106
2182
1093
1370
2604
3021
1971
1096
1535
2830
2936
1777
1042
1724
2927
2849
1713
1063
1867
2897
2714
1575
1110
1955
2930
2657
1409
1076
2082
3031
2517
1354
1148
2240
3070
2326
1245
1280
2503
2995
2241
1245
1388
2587
2994
2096
1072
1483
2782
2986
1773
1003
1714
2776
2758
1738
1082
1715
2938
2759
1558
1050
2019
2977
2572
1491
1057
2053
2934
2559
1374
1114
2252
3068
2379
1212
1265
2405
3110
2212
1152
1354
2588
3017
2025
1122
1509
2715
2958
1893
997
1643
2873
2844
1682
1035
1813
2861
2819
1642
1029
1828
3054
2795
1422
1032
2055
3081
2479
1352
1137
2202
3029
2417
1318
1219
2474
3101
2310
1198
1320
2506
3030
2086
1056
1433
2674
2985
1921
1084
1570
2772
2906
1834
1075
1669
2909
2797
1640
1065
1964
2938
2653
1532
1067
2076
2978
2569
1368
1113
2122
2997
2456
1252
1173
2323
3046
2210
1169
1319
2565
3008
2083
1131
1409
2623
2964
2063
1064
1509
2731
2908
1769
1009
1748
2881
2878
1693
1091
1841
2978
2764
1539
1050
1993
3058
2572
1391
1092
2182
3026
2486
1252
1151
2346
3012
2284
1182
1370
2464
3038
2156
1108
1414
2647
3016
1929
1085
1538
2760
2945
1884
1055
1623
2848
2853
1792
1127
1906
2947
2734
1598
1138
1992
2958
2605
1348
1107
2193
3015
2390
1322
1147
2235
3049
2328
1202
1271
2543
3021
2216
1173
1423
2582
2954
2118
1105
1472
2627
2932
1833
1040
1692
2778
2831
1691
1042
1766
2963
2760
1600
1052
1936
2960
2620
1481
1040
2070
2978
2532
1364
1120
2236
3052
2381
1191
1280
2351
3019
2252
1150
1334
2589
3024
2026
1118
1478
2672
2902
1911
1036
1603
2800
2863
1822
1074
1741
2816
2800
1652
1100
1940
2971
2677
1451
1135
2102
3028
2450
1349
1135
2215
3073
2421
1293
1241
2436
3023
2250
1204
1322
2482
3055
2166
1164
1494
2644
2962
1869
1091
1639
2781
2811
1749
1073
1686
2918
2843
1717
1071
1938
3026
2710
1533
1078
2104
3011
2589
1296
1161
2349
3097
2430
1317
1243
2308
3108
2327
1186
1257
2593
3115
2080
1077
1429
2649
2923
1984
1020
1577
2835
2888
1707
1015
1777
2778
2765
1716
1118
1793
2954
2792
1528
1074
2069
3000
2518
1403
1117
2199
3018
2446
1289
1233
2373
2997
2274
1203
1327
2354
3023
2246
1161
1371
2612
3018
1962
1103
1563
2819
2915
1773
1009
1696
2898
2819
1674
1035
1853
2893
2719
1618
1096
1923
2935
2686
1480
1120
2114
3090
2410
1226
1180
2325
3094
2313
1224
1262
2488
3023
2258
1213
1405
2629
3026
2094
1058
1417
2626
3001
1900
994
1625
2851
2918
1723
1033
1742
2937
2746
1572
1076
1973
2935
2599
1526
1129
2044
2987
2628
1354
1099
2257
3096
2384
1168
1346
2501
3033
2146
1180
1415
2583
2992
2062
1203
1529
2674
2948
1978
1016
1532
2788
2930
1773
939
1720
2950
2892
1539
1014
1967
3051
2703
1404
1133
2085
3010
2477
1400
1179
2192
3030
2442
1282
1228
2453
3048
2257
1169
1339
2502
3030
2130
1047
1429
2726
3033
1897
1052
1526
2768
2927
1820
1101
1741
2947
2850
1651
981
1935
3066
2725
1467
1038
2109
3025
2521
1278
1087
2221
3095
2408
1226
1206
2370
3082
2257
1199
1256
2516
3067
2116
1132
1444
2681
2949
2006
1046
1541
2753
2927
1778
1000
1725
2840
2832
1640
1093
1869
3001
2752
1515
1075
2059
3042
2506
1388
1128
2158
3009
2459
1247
1132
2358
3052
2347
1216
1321
2413
3058
2176
1139
1449
2648
3026
1961
1073
1435
2698
2934
1896
1031
1640
2893
2833
1727
1085
1851
2928
2760
1547
1105
2005
2985
2640
1413
1137
2130
3035
2467
1362
1179
2242
3031
2303
1222
1220
2442
3046
2274
1150
1389
2622
3011
2056
1021
1469
2717
2984
1863
1035
1674
2859
2828
1651
1089
1821
2945
2718
1540
1059
2002
3015
2584
1420
1091
2169
3036
2490
1289
1142
2252
3022
2323
1225
1314
2384
3086
2300
1185
1291
2495
3025
2070
1168
1443
2617
2951
1954
1010
1603
2833
2893
1724
1015
1855
2934
2774
1593
1058
1881
3009
2737
1451
1084
2107
3105
2478
1325
1155
2243
3147
2430
1271
1231
2442
3059
2242
1156
1287
2461
3030
2193
1064
1363
2718
3038
1877
1097
1597
2704
2774
1771
1110
1712
2907
2854
1698
1001
1895
2982
2694
1531
1069
2055
2977
2581
1335
1130
2248
3047
2410
1246
1191
2324
3075
2270
1196
1257
2484
3055
2219
1134
1358
2641
2983
2022
1033
1510
2726
2902
1800
1004
1715
2865
2916
1723
1056
1835
3013
2743
1551
1106
1961
2970
2579
1443
1105
2191
3019
2416
1343
1273
2365
3001
2300
1190
1357
2514
3078
2179
1111
1413
2641
2998
1937
1099
1484
2773
2993
1818
968
1628
2926
2842
1686
1056
1908
2905
2683
1631
1121
1885
2971
2733
1416
1074
2125
3072
2467
1343
1211
2245
3029
2314
1272
1332
2558
3057
2221
1196
1364
2535
2981
2110
1097
1469
2726
3039
1898
1055
1666
2820
2842
1703
1056
1747
2968
2759
1526
1041
2015
2994
2623
1536
1101
2074
2991
2595
1362
1127
2255
3049
2429
1241
1211
2361
3095
2303
1177
1297
2606
3016
2018
1188
1547
2663
2944
1999
1067
1556
2854
2942
1738
997
1806
2878
2792
1604
1061
1877
2971
2751
1468
1082
2013
2956
2494
1401
1156
2193
3071
2444
1306
1208
2441
3091
2296
1129
1303
2544
3072
2090
1082
1498
2690
3006
1946
1080
1538
2756
2887
1801
1143
1749
2901
2818
1703
1096
1961
2980
2709
1537
1089
2065
2921
2481
1348
1212
2174
2943
2425
1325
1243
2282
3110
2375
1238
1232
2553
3155
2106
1020
1425
2721
2936
1911
1050
1615
2799
2908
1749
1019
1726
2879
2889
1661
1080
1855
3020
2798
1545
1039
1967
3059
2587
1379
1059
2184
3072
2455
1286
1212
2319
2987
2387
1288
1308
2409
3098
2239
1044
1292
2668
3112
1975
1029
1516
2819
2916
1775
1031
1682
2908
2840
1709
1064
1886
2955
2746
1565
1089
1994
3068
2680
1409
1118
2086
3041
2528
1356
1157
2247
3084
2345
1197
1220
2489
3043
2244
1180
1366
2608
3022
2020
1018
1491
2721
2980
1877
1056
1602
2768
2893
1723
1041
1745
2897
2742
1554
1072
2052
3012
2532
1459
1075
2049
2950
2561
1321
1089
2261
3098
2388
1109
1264
2438
3134
2291
1131
1332
2533
2989
2054
1138
1468
2640
3002
1994
1008
1571
2857
2941
1740
982
1787
2865
2790
1577
1052
1902
3016
2761
1527
1159
2079
3005
2539
1400
1134
2139
3074
2498
1246
1166
2440
3039
2280
1169
1354
2520
3038
2140
1166
1503
2658
3019
1930
1085
1572
2720
2855
1856
1135
1652
2884
2843
1661
1010
1894
2909
2706
1562
1052
2071
3007
2586
1328
1165
2244
2985
2398
1321
1221
2297
3087
2327
1282
1304
2572
3096
2140
1122
1416
2707
2952
1992
1030
1525
2771
2905
1766
1030
1782
2892
2875
1689
1055
1824
3004
2822
1489
987
2013
3083
2557
1393
1173
2207
3019
2460
1261
1185
2433
3030
2233
1238
1353
2368
3014
2251
1176
1371
2631
3039
1940
1041
1510
2800
2984
1841
989
1633
2895
2880
1681
997
1898
2922
2687
1611
1135
1924
2969
2679
1401
1096
2187
3109
2429
1282
1188
2319
3104
2292
1236
1295
2522
3044
2202
1170
1427
2630
2958
2076
1091
1454
2708
2996
1825
1035
1683
2805
2836
1707
1065
1818
2928
2662
1571
1133
1985
2920
2657
1526
992
2024
3095
2629
1249
1024
2303
3154
2414
1147
1218
2425
3110
2199
1143
1455
2664
3020
2040
1159
1446
2641
2995
1993
1005
1558
2842
2916
1818
1073
1806
2862
2747
1561
1137
1945
2916
2682
1539
1122
2010
3015
2458
1301
1107
2206
3041
2364
1311
1252
2434
3040
2320
1184
1264
2496
3106
2088
1018
1457
2648
2960
1927
1068
1576
2754
2842
1766
1052
1690
2967
2834
1682
1061
1863
2878
2652
1512
1091
2040
3004
2615
1322
1078
2182
3097
2461
1261
1297
2410
3069
2285
1223
1291
2524
3032
2080
1098
1450
2632
2951
1999
1013
1498
2780
2980
1807
997
1749
2838
2822
1718
1091
1772
2982
2786
1485
1019
2017
3038
2521
1427
1173
2219
3009
2457
1327
1222
2298
2984
2320
1282
1386
2432
3030
2214
1120
