2978
2892
1716
961
1609
2795
3042
1995
1034
1293
2544
3105
2310
1180
1163
2296
3044
2613
1470
1002
1777
3016
2968
1685
899
1559
2825
3007
2054
1012
1255
2481
3148
2309
1129
1116
2167
3205
2742
1454
897
1823
2999
2997
1811
929
1525
2715
3056
2041
1055
1185
2389
3145
2388
1236
1041
2060
3003
2839
1607
961
1754
3008
2957
1749
1013
1451
2570
3077
2278
1010
1080
2410
3209
2499
1224
1009
2035
3123
2760
1576
973
1714
2867
3004
1992
900
1340
2688
3199
2173
1078
1101
2212
3129
2557
1366
1029
2002
2936
2804
1758
1012
1579
2826
3160
1976
955
1219
2546
3169
2294
1086
1104
2303
3110
2640
1410
1043
1880
2960
2900
1691
909
1516
2790
3072
2101
977
1277
2556
3156
2351
1194
1138
2192
3117
2634
1447
932
1866
2987
2912
1732
960
1560
2730
3109
2073
1050
1189
2374
3157
2515
1317
976
2074
3137
2769
1468
1064
1822
2879
2959
1872
1017
1313
2616
3067
2161
1070
1160
2366
3103
2508
1304
1022
1966
3049
2816
1639
997
1673
2831
2934
1916
979
1373
2567
3086
2188
1126
1141
2251
3186
2651
1400
1033
2018
2998
2834
1672
917
1530
2811
3132
1973
1018
1380
2579
3087
2359
1225
1156
2237
3052
2672
1470
950
1744
3024
2944
1681
948
1587
2807
2992
2031
1006
1257
2492
3118
2284
1144
1102
2162
3149
2661
1484
1013
1872
2893
2928
1857
923
1410
2733
3099
1989
1083
1280
2345
3038
2482
1313
1006
2167
3118
2767
1501
903
1704
2952
2987
1840
1038
1447
2590
2996
2225
1132
1135
2364
3139
2493
1266
1065
2025
3021
2746
1604
975
1666
2870
3091
1952
887
1388
2694
3121
2174
1160
1172
2226
3198
2600
1340
953
2012
3040
2806
1632
975
1653
2858
3083
1983
1075
1327
2491
3082
2300
1107
1078
2280
3079
2630
1434
953
1847
3128
2943
1625
923
1579
2819
2917
1993
1044
1309
2490
3136
2439
1240
1070
2088
3142
2737
1442
937
1895
3011
2929
1731
940
1486
2703
3089
2130
1116
1145
2331
3157
2490
1212
941
2123
3108
2756
1467
1006
1757
2917
2982
1804
998
1427
2667
3103
2207
1078
1175
2379
3090
2452
1248
1044
2010
3145
2842
1560
966
1658
2842
3035
1993
934
1325
2666
3162
2194
1073
1077
2264
3210
2580
1325
1037
2042
2980
2811
1656
950
1595
2846
3081
1900
971
1333
2615
3107
2272
1163
1155
2301
3059
2631
1439
1008
1825
3041
2952
1748
996
1535
2793
3077
2129
1032
1351
2534
3065
2331
1234
1098
2076
3142
2756
1444
892
1897
2978
2905
1819
979
1529
2754
3101
2067
1065
1243
2371
3131
2446
1201
966
2189
3098
2734
1584
1027
1746
2901
2973
1823
1022
1403
2613
3079
2238
1115
1187
2365
3126
2539
1316
1068
1985
3105
2868
1583
884
1669
2922
3029
1933
978
1423
2613
3149
2260
1136
1075
2304
3265
2585
1308
1026
2100
3007
2784
1672
980
1559
2815
3127
1961
961
1297
2616
3149
2277
1138
1145
2244
3042
2698
1465
979
1835
3071
2995
1701
916
1526
2819
3041
2057
1039
1309
2502
3105
2397
1256
1083
2087
3152
2751
1501
940
1860
2997
2996
1809
977
1591
2754
3084
2075
1131
1254
2344
3117
2523
1243
895
2005
3089
2813
1443
946
1835
2994
2950
1873
1109
1391
2574
3087
2300
1084
1085
2385
3203
2488
1188
1068
2089
3083
2725
1581
1009
1708
2854
2982
1983
997
1365
2526
3106
2231
1084
1122
2287
3140
2552
1388
983
1916
2977
2884
1711
964
1585
2852
3145
1952
982
1278
2535
3111
2303
1206
1128
2134
3009
2665
1484
1023
1868
3109
3006
1712
896
1521
2853
3095
2032
925
1318
2579
3080
2283
1229
1171
2076
3085
2770
1515
901
1806
2992
2973
1807
898
1531
2813
3078
1987
999
1210
2392
3139
2461
1267
1012
2100
3086
2789
1491
903
1740
3004
2963
1756
1042
1486
2596
3013
2228
1108
1142
2374
3159
2487
1211
1075
2069
3066
2725
1641
1054
1697
2816
3068
2086
907
1277
2702
3245
2140
981
1138
2389
3188
2499
1314
1013
2073
3029
2817
1665
949
1602
2869
3105
1943
986
1329
2591
3046
2255
1193
1128
2281
3102
2673
1438
959
1842
3081
2993
1637
874
1586
2810
3008
2043
1016
1287
2490
3114
2353
1212
1127
2208
3170
2664
1434
951
1892
3001
2895
1777
913
1492
2751
3074
2049
1070
1234
2439
3131
2426
1241
998
2160
3111
2759
1484
985
1770
2966
3027
1827
1033
1437
2675
3079
2244
1113
1135
2327
3127
2560
1254
1026
2079
3152
2787
1532
1008
1715
2778
2920
1988
986
1308
2571
3140
2230
1106
1145
2311
3168
2522
1327
1013
2022
2991
2852
1758
954
1554
2875
3167
1941
951
1274
2576
3121
2286
1132
1129
2284
3069
2603
1447
1017
1825
3020
2909
1718
1003
1575
2798
3031
2066
954
1251
2519
3158
2350
1208
1101
2091
3169
2788
1473
874
1801
2978
2909
1761
937
1516
2720
3078
2058
1126
1187
2346
3196
2544
1269
976
2195
3118
2691
1520
1030
1761
2861
2995
1835
959
1425
2677
3114
2243
1020
1085
2398
3157
2461
1246
994
1975
3126
2762
1530
959
1785
2958
2968
1920
964
1393
2627
3122
2144
1071
1187
2331
3140
2519
1363
1005
2002
2988
2865
1738
1021
1682
2827
3039
1914
997
1293
2562
3125
2293
1154
1110
2243
3085
2643
1410
1074
1921
2992
2885
1785
1003
1458
2783
3076
2045
979
1315
2527
3132
2403
1240
1089
2159
3136
2677
1502
959
1824
2933
2928
1808
933
1535
2714
3072
2064
1076
1238
2388
3139
2421
1245
1031
2115
3057
2753
1545
954
1715
2976
3027
1845
993
1395
2631
3109
2277
1051
1088
2354
3141
2488
1262
1067
1993
3076
2827
1692
1020
1641
2855
3036
1978
931
1332
2609
3112
2218
1166
1153
2216
3152
2633
1419
1011
1964
3007
2866
1683
952
1608
2807
3086
2012
1029
1353
2632
3160
2310
1147
1137
2260
3114
2663
1447
1063
1885
3012
2880
1769
986
1597
2857
3051
2086
1014
1291
2484
3103
2401
1252
1067
2036
3108
2701
1447
913
1880
3031
2926
1758
913
1543
2749
3109
2049
1087
1267
2408
3090
2449
1288
1035
2162
3061
2791
1599
1003
1756
2899
2970
1819
1035
1479
2638
3095
2282
1077
1092
2352
3209
2601
1294
1012
2042
3168
2786
1597
995
1665
2817
3022
2018
932
1357
2649
3144
2166
1074
1150
2245
3167
2574
1353
999
1946
2928
2844
1718
969
1523
2811
3116
1941
973
1244
2518
3104
2320
1128
1060
2285
3140
2642
1328
940
1888
3108
2979
1685
891
1515
2820
3054
1992
929
1292
2534
3081
2344
1247
1077
2085
3123
2708
1461
891
1876
3052
2927
1783
945
1471
2716
3130
2132
1087
1144
2461
3205
2461
1208
984
2166
3078
2768
1521
938
1715
3032
3137
1859
987
1406
2629
3082
2236
1080
1145
2373
3102
2528
1345
1040
1965
3071
2770
1570
976
1669
2836
3013
2008
928
1339
2631
3129
2202
1131
1180
2254
3162
2602
1319
909
2019
3082
2817
1613
945
1635
2887
3046
1908
1048
1363
2529
3055
2341
1173
1045
2157
3107
2674
1327
978
1954
3064
2875
1707
1052
1607
2730
2987
2096
1042
1248
2485
3162
2340
1149
1109
2178
3174
2661
1460
1028
1916
2916
2930
1877
977
1489
2746
3163
2075
1009
1181
2454
3127
2392
1273
1093
2103
2964
2743
1560
932
1643
2974
3097
1784
936
1474
2720
3096
2202
1068
1229
2483
3154
2502
1298
1048
1991
3082
2796
1633
970
1716
2920
3004
1873
927
1446
2659
3056
2136
1162
1168
2245
3148
2633
1390
943
2000
3051
2819
1612
988
1746
2874
2973
1905
1097
1359
2508
3045
2309
1170
1083
2290
3153
2691
1369
956
1891
3084
2912
1696
994
1555
2777
3017
2078
1008
1212
2454
3167
2447
1214
1006
2113
3203
2702
1435
982
1895
2900
2890
1878
1002
1447
2701
3216
2087
976
1146
2485
3122
2323
1199
1057
2153
3073
2791
1539
939
1708
2983
3034
1867
1000
1394
2657
3038
2142
1029
1188
2442
3139
2475
1287
1063
1965
3069
2806
1582
956
1733
2905
2944
1937
941
1358
2555
3096
2246
1133
1125
2173
3148
2644
1374
949
1984
3092
2887
1630
937
1638
2902
3071
1959
1095
1325
2472
3074
2387
1227
1137
2271
3128
2672
1398
1004
1890
3031
2862
1656
987
1593
2771
3071
2176
1004
1190
2476
3191
2334
1146
1086
2106
3134
2703
1494
977
1865
2921
2887
1831
964
1489
2707
3133
2114
1069
1157
2367
3155
2430
1257
1041
2141
3075
2767
1542
957
1730
2924
2975
1789
1005
1457
2690
3100
2191
1032
1173
2473
3141
2468
1338
1082
1954
3114
2851
1552
925
1642
2864
2981
1967
1034
1407
2639
3142
2191
1120
1126
2217
3097
2613
1458
973
1990
3112
2948
1667
949
1675
2879
3040
1974
1083
1298
2530
3133
2332
1157
1139
2290
3064
2624
1406
962
1871
3104
2984
1725
915
1521
2832
3046
1997
963
1316
2519
3132
2351
1167
1093
2170
3171
2684
1438
879
1803
3018
2949
1720
858
1520
2787
3091
2067
1105
1227
2409
3151
2474
1230
962
2091
3121
2770
1479
978
1796
2953
2964
1857
1059
1411
2670
3117
2227
1079
1173
2370
3143
2546
1326
1085
2000
3091
2833
1593
966
1751
2931
2933
1926
993
1391
2594
3087
2221
1129
1198
2293
3165
2613
1357
960
1980
3027
2854
1658
910
1608
2870
3011
1888
1069
1331
2509
3126
2411
1197
1118
2267
3152
2675
1419
1016
1878
3031
2894
1754
1063
1572
2695
2969
2083
1028
1299
2541
3144
2360
1217
1111
2157
3147
2666
1511
1002
1842
2931
2966
1905
999
1457
2681
3149
2103
1031
1191
2435
3177
2464
1260
1069
2188
3056
2754
1532
954
1745
2941
2986
1812
984
1393
2626
3158
2266
1032
1101
2418
3181
2484
1304
1011
1902
3061
2830
1588
938
1677
2859
3010
1920
972
1438
2635
3094
2217
1151
1164
2284
3131
2518
1358
1050
2048
3010
2881
1730
1003
1606
2852
3104
1903
989
1348
2579
3069
2326
1216
1124
2250
3035
2678
1452
911
1830
3027
2897
1701
1015
1615
2796
3023
2035
979
1265
2501
3131
2406
1246
1117
2209
3170
2679
1444
922
1876
3008
2899
1751
958
1528
2726
3121
2122
1076
1251
2431
3119
2480
1300
1009
2094
3076
2795
1505
987
1766
3033
3055
1782
990
1394
2637
3100
2278
1078
1137
2417
3143
2529
1260
1007
2013
3136
2840
1573
951
1727
2935
3037
1954
931
1341
2643
3140
2235
1152
1175
2247
3166
2659
1428
980
1966
3021
2830
1705
971
1571
2824
3078
2029
1062
1280
2538
3137
2380
1227
1156
2283
3098
2625
1413
1024
1837
3026
2897
1739
969
1540
2781
3000
2080
1019
1331
2513
3068
2322
1233
1137
2090
3157
2745
1474
909
1833
2946
2882
1808
1016
1523
2665
3117
2123
1094
1256
2451
3212
2484
1271
1028
2171
3095
2785
1516
944
1757
2965
2962
1747
1013
1430
2631
3122
2272
1012
1125
2484
3166
2418
1258
1061
1951
3062
2854
1663
953
1688
2944
2996
1932
960
1417
2673
3147
2220
1110
1064
2186
3156
2552
1340
992
1958
3001
2899
1708
949
1626
2835
3072
2009
1079
1257
2485
3107
2323
1130
1061
2294
3148
2631
1401
1027
1950
3034
2830
1650
1005
1619
2768
3000
2065
1018
1303
2538
3139
2375
1206
1113
2172
3176
2686
1513
984
1799
2935
2904
1787
986
1550
2713
3085
2123
1093
1198
2428
3162
2370
1174
1031
2178
3079
2735
1450
965
1770
2950
3023
1795
946
1425
2723
3102
2181
1049
1174
2406
3101
2485
1275
1039
2004
3137
2796
1578
965
1698
2906
2987
1931
973
1329
2543
3131
2254
1101
1131
2262
3206
2653
1359
948
1971
3056
2853
1637
968
1629
2859
3067
1917
1020
1340
2534
3093
2338
1145
1068
2245
3115
2662
1423
982
1830
3031
2916
1737
993
1547
2803
3070
2074
983
1313
2517
3102
2296
1148
1074
2146
3218
2720
1448
932
1863
2984
2917
1808
918
1488
2770
3102
2017
1076
1227
2352
3159
2530
1258
982
2156
3099
2710
1524
1015
1780
2953
2968
1770
1019
1475
2627
3087
2265
1055
1123
2421
3173
2523
1277
1030
1993
3121
2821
1554
913
1709
2912
2983
1940
976
1392
2574
3079
2267
1163
1093
2227
3212
2539
1323
1026
2065
3051
2823
1697
994
1666
2879
3032
1896
1030
1343
2567
3082
2263
1143
1121
2267
3076
2645
1416
1023
1900
3076
2928
1735
1015
1574
2798
3079
2079
959
1284
2570
3123
2328
1271
1138
2090
3157
2781
1460
853
1805
3000
2964
1765
951
1508
2723
3141
2115
1005
1145
2474
3183
2431
1284
1087
2166
3005
2679
1560
924
1633
2964
3091
1838
970
1423
2684
3083
2222
1083
1142
2362
3135
2513
1309
1099
1986
3072
2831
1615
970
1673
2920
2999
1905
883
1305
2628
3147
2223
1152
1169
2228
3162
2657
1373
939
2015
3075
2882
1637
897
1625
2865
3092
1941
992
1293
2586
3152
2300
1191
1156
2213
3048
2652
1439
1015
1893
3060
2887
1641
989
1671
2829
3052
2089
990
1319
2536
3088
2304
1271
1125
1984
3137
2776
1435
916
1914
3047
2933
1799
966
1534
2769
3149
2084
1015
1206
2433
3238
2476
1175
943
2155
3103
2747
1504
949
1752
2964
2987
1776
973
1505
2677
2997
2146
1104
1212
2414
3141
2486
1273
1004
1978
3128
2791
1553
990
1741
2814
3030
2007
939
1354
2614
3145
2191
1094
1162
2299
3145
2508
1413
1074
2031
2998
2867
1748
970
1614
2892
3108
1912
977
1323
2587
3115
2262
1154
1142
2256
3093
2674
1460
990
1853
3087
2945
1687
936
1561
2815
3088
2037
952
1271
2601
3161
2291
1203
1112
2092
3117
2740
1463
837
1790
3019
2968
1745
941
1535
2785
3150
2033
1101
1302
2443
3120
2519
1338
974
2142
3147
2781
1477
1025
1799
2863
2933
1875
1036
1427
2600
3072
2281
1053
1089
2339
3109
2490
1260
1011
1972
3139
2836
1523
931
1772
2898
2965
1933
956
1295
2607
3219
2266
1076
1131
2281
3153
2550
1413
1041
1931
2959
2907
1714
912
1594
2941
3161
1932
1030
1385
2598
3106
2288
1225
1190
2246
3001
2611
1508
1021
1795
3068
2967
1667
940
1611
2787
2967
2084
1047
1228
2467
3157
2366
1179
1074
2112
3146
2728
1484
928
1841
2983
2947
1844
958
1519
2750
3153
2082
1041
1234
2441
3200
2482
1261
1076
2182
3080
2748
1542
911
1678
2961
3032
1774
965
1416
2662
3129
2248
1035
1163
2456
3163
2501
1345
1068
1999
3163
2828
1525
934
1751
2878
2948
1942
1000
1416
2614
3149
2189
1085
1245
2341
3121
2502
1321
1010
1984
2953
2845
1717
1016
1663
2885
3040
1886
1008
1290
2551
3082
2259
1140
1126
2281
3071
2629
1433
1044
1922
3054
2875
1648
995
1680
2825
2971
2078
1074
1295
2534
3197
2370
1188
1096
2171
3165
2697
1463
930
1787
2946
2908
1782
990
1520
2719
3112
2120
1044
1116
2422
3213
2455
1227
1011
2208
3105
2718
1455
990
1789
2957
2979
1771
967
1400
2638
3080
2191
1010
1110
2400
3140
2464
1251
1064
2016
3134
2824
1543
967
1786
2876
2922
1970
991
1334
2590
3132
2213
1073
1143
2297
3181
2551
1320
1009
2006
2990
2802
1666
1001
1622
2850
3069
1924
1021
1326
2535
3109
2358
1169
1084
2229
3047
2592
1411
1049
1800
3034
2965
1658
914
1524
2749
3011
2074
980
1212
2533
3157
2336
1235
1123
2116
3146
2716
1442
958
1867
2940
2895
1792
984
1558
2740
3117
2078
1085
1238
2392
3097
2475
1278
1019
2130
3102
2779
1511
989
1788
2912
2996
1814
953
1434
2718
3113
2180
1035
1184
2428
3155
2537
1292
981
1950
3065
2795
1588
974
1667
2864
3061
1998
948
1361
2635
3218
2262
1095
1099
2276
3155
2578
1359
943
1973
3036
2888
1664
949
1659
2865
3115
1967
984
1318
2623
3155
2290
1187
1165
2311
3062
2614
1419
1053
1879
3024
2952
1701
905
1499
2788
3098
2058
981
1312
2544
3128
2385
1233
1055
2082
3126
2740
1497
920
1844
2984
2941
1807
937
1526
2797
3121
2095
1158
1302
2454
3182
2461
1215
968
2135
3104
2686
1438
1065
1879
2901
2930
1855
1062
1447
2660
3097
2237
1069
1135
2363
3154
2499
1233
1011
2009
3097
2795
1578
1015
1734
2849
2919
1981
992
1366
2600
3139
2231
1122
1183
2254
3138
2605
1319
957
2006
3022
2823
1689
1010
1587
2868
3107
1949
960
1301
2583
3124
2338
1125
1063
2279
3127
2567
1364
1002
1852
3072
2976
1690
924
1580
2825
3029
2113
1013
1250
2434
3100
2408
1210
1062
2124
3176
2693
1432
970
1885
2940
2881
1812
950
1473
2767
3106
2032
1092
1261
2434
3172
2485
1254
1024
2183
3105
2758
1536
961
1716
2941
3059
1870
966
1349
2652
3082
2179
1057
1204
2434
3142
2479
1257
1022
2006
3125
2792
1541
959
1698
2881
3062
2015
969
1346
2627
3204
2235
1121
1147
2291
3171
2582
1352
966
2026
3058
2847
1640
918
1606
2928
3114
1912
980
1303
2535
3044
2326
1158
1066
2231
3111
2705
1436
987
1882
3075
2930
1674
975
1616
2820
3002
2062
1014
1327
2559
3127
2295
1158
1127
2141
3092
2677
1494
955
1841
2992
2913
1691
960
1587
2748
3095
2057
1066
1242
2363
3110
2504
1268
982
2212
3177
2735
1483
994
1756
2980
3019
1835
1015
1402
2710
3161
2187
1033
1192
2438
3101
2524
1342
1045
1994
3079
2803
1565
1013
1745
2809
2890
1945
1010
1366
2522
3169
2351
1123
1019
2259
3263
2609
1348
1007
2016
3004
2863
1719
1000
1600
2828
3161
1950
982
1369
2596
3103
2296
1147
1117
2235
3047
2654
1488
1067
1858
3006
2935
1728
961
1558
2805
3016
2018
1024
1357
2483
3025
2334
1255
1085
2048
3159
2760
1462
892
1913
3050
2910
1765
937
1564
2759
3061
2022
1114
1278
2390
3142
2499
1251
1002
2177
3078
2800
1576
1006
1817
2995
2967
1748
981
1440
2676
3112
2229
1091
1186
2462
3130
2427
1271
1012
2026
3158
2753
1609
1014
1663
2826
3027
2023
998
1385
2614
3139
2193
1093
1162
2293
3122
2509
1386
1034
2038
2985
2828
1688
904
1608
2926
3119
1893
1031
1410
2581
3062
2283
1169
1135
2297
3116
2650
1420
992
1851
3068
2933
1692
976
1548
2760
3037
2028
982
1313
2502
3067
2331
1251
1093
2098
3132
2756
1540
904
1765
2973
2910
1740
913
1516
2787
3114
2076
1057
1198
2399
3155
2441
1251
1028
2153
3066
2774
1517
980
1790
3005
3020
1794
1003
1477
2723
3086
2213
1056
1135
2484
3221
2500
1256
1099
2080
3088
2786
1588
977
1641
2795
2982
1976
957
1302
2596
3141
2237
1113
1092
2235
3197
2586
1312
962
2022
3076
2866
1625
951
1631
2799
3053
2015
1032
1289
2597
3214
2324
1125
1160
2329
3064
2603
1450
992
1838
3087
2940
1695
1023
1672
2836
3053
2117
1019
1272
2538
3108
2272
1197
1154
2159
3155
2668
1423
965
1906
2933
2925
1858
882
1436
2751
3123
2010
1067
1222
2335
3149
2501
1328
1068
2140
2983
2615
1540
1066
1781
2870
2975
1848
1041
1420
2630
3135
2275
1052
1118
2395
3178
2538
1338
1016
1945
3124
2825
1473
890
1770
2896
2907
1911
1008
1363
2535
3108
2216
1157
1180
2227
3128
2558
1335
925
1964
3011
2884
1646
864
1637
2866
3015
1960
1055
1253
2518
3161
2363
1130
1041
2302
3138
2633
1394
967
1888
3054
2864
1716
981
1473
2678
3057
2129
1015
1280
2521
3173
2370
1193
1098
2157
3166
2691
1531
992
1803
2947
2901
1785
943
1495
2717
3117
2095
1053
1189
2448
3209
2465
1222
1007
2138
3064
2788
1543
1002
1763
3015
3057
1846
993
1410
2693
3168
2218
1028
1143
2336
3067
2509
1296
1075
2008
3101
2834
1591
952
1704
2880
2970
1943
1012
1410
2605
3139
2250
1127
1151
2266
3121
2571
1397
994
1983
3003
2835
1657
993
1665
2887
3093
1882
962
1345
2582
3130
2352
1179
1085
2188
3083
2673
1426
979
1855
3078
2921
1704
981
1636
2837
3020
2080
1050
1297
2489
3188
2402
1191
1131
2156
3187
2711
1428
879
1861
3063
2945
1755
919
1520
2789
3179
2056
995
1164
2421
3167
2457
1228
1026
2174
3064
2719
1541
974
1711
2968
2986
1756
961
1456
2716
3100
2148
1044
1190
2409
3112
2518
1298
979
1963
3129
2863
1615
917
1670
2867
3010
1939
963
1439
2721
3164
2141
1055
1162
2277
3141
2541
1312
948
2054
3014
2798
1684
1014
1622
2809
3043
1923
1045
1317
2566
3164
2311
1164
1134
2306
3081
2646
1446
978
1858
3038
2938
1695
941
1567
2761
3009
2093
1040
1249
2432
3079
2384
1279
1121
2076
3138
2753
1457
893
1814
3001
2958
1815
981
1491
2676
3105
2138
1110
1197
2397
3165
2483
1221
1020
2202
3093
2735
1483
942
1754
3063
3066
1782
1002
1425
2676
3056
2167
1050
1164
2383
3103
2476
1275
1043
1979
3075
2827
1625
922
1665
2930
3028
1905
943
1422
2620
3038
2180
1162
1194
2250
3140
2639
1423
968
1940
3006
2761
1618
967
1598
2805
3059
1956
1018
1359
2569
3103
2340
1162
1089
2245
3074
2658
1426
997
1831
3079
2935
1626
956
1618
2756
3010
2156
1011
1211
2518
3185
2289
1139
1107
2120
3149
2677
1439
983
1924
2943
2914
1863
944
1477
2736
3128
2105
1113
1231
2421
3158
2434
1305
1070
2132
3030
2772
1613
1028
1685
2839
2985
1826
960
1433
2691
3075
2232
1058
1161
2397
3117
2455
1266
1076
1997
3084
2799
1557
908
1700
2916
3005
1930
933
1362
2654
3149
2198
1104
1104
2294
3249
2593
1306
973
2066
3057
2861
1696
993
1661
2876
3039
1918
1060
1332
2533
3118
2357
1171
1101
2258
3107
2675
1408
936
1830
3031
2891
1660
945
1565
2755
3035
2077
1018
1237
2480
3132
2365
1192
1074
2146
3146
2674
1429
922
1880
2990
2949
1785
884
1405
2700
3117
2092
1058
1184
2446
3236
2487
1240
1013
2065
3021
2812
1608
979
1706
2956
3041
1879
1064
1466
2662
3074
2230
1086
1151
2350
3107
2528
1313
996
1949
3156
2860
1557
939
1703
2905
2969
1948
1002
1403
2603
3111
2208
1120
1108
2222
3178
2652
1368
930
1977
3083
2879
1635
910
1640
2940
3098
1938
1038
1300
2554
3148
2377
1131
1010
2205
3143
2690
1387
985
1846
3013
2893
1683
972
1599
2802
3010
2069
1009
1274
2481
3108
2282
1136
1069
2117
3161
2664
1459
990
1879
2949
2952
1906
978
1421
2659
3160
2097
1045
1215
2414
3183
2477
1296
1003
2070
3030
2796
1560
940
1704
2932
3004
1803
1032
1403
2599
3055
2232
1095
1164
2405
3139
2483
1292
1132
2060
2979
2715
1606
978
1697
2931
3036
1910
888
1374
2714
3139
2131
1071
1187
2315
3131
2526
1302
955
2082
3121
2879
1639
920
1622
2920
3124
2002
1054
1242
2543
3126
2313
1141
1061
2201
3091
2734
1428
962
1893
3059
2869
1688
1012
1567
2756
3024
2123
1062
1336
2494
3106
2338
1212
1119
2168
3180
2697
1465
984
1882
2936
2933
1809
929
1549
2751
3039
2024
1112
1289
2408
3136
2410
1226
1061
2121
3019
2774
1576
1016
1704
2938
3052
1779
945
1441
2736
3046
2142
1050
1174
2413
3121
2459
1292
1082
1996
3107
2863
1586
944
1729
2900
2961
1997
1031
1357
2622
3187
2244
1093
1095
2278
3170
2565
1318
976
2020
2982
2762
1654
1028
1639
2838
3042
1943
1053
1335
2534
3093
2351
1117
1081
2238
3030
2592
1438
1065
1875
3001
2871
1694
995
1603
2758
2978
2086
1060
1308
2541
3128
2329
1187
1074
2101
3138
2706
1532
1002
1834
2948
2975
1857
933
1496
2732
3105
2032
1015
1230
2424
3135
2470
1283
1033
2112
3030
2760
1567
990
1741
2972
3007
1812
953
1376
2683
3165
2205
1013
1167
2426
3160
2477
1279
1044
1966
3118
2814
1586
972
1672
2830
2981
1935
928
1366
2634
3094
2192
1146
1215
2292
3136
2566
1377
972
1994
3017
2834
1652
997
1611
2823
3067
1896
972
1284
2542
3117
2310
1166
1107
2192
3027
2614
1418
950
1847
3079
2908
1656
959
1546
2812
3061
2079
985
1271
2477
3117
2408
1196
1058
2144
3160
2790
1508
900
1818
2951
2923
1790
903
1488
2820
3102
2043
1103
1232
2405
3097
2455
1259
974
2047
3081
2823
1467
910
1783
3051
3065
1799
966
1489
2738
3009
2095
1074
1221
2357
3035
2479
1311
1044
1993
3123
2792
1533
1012
1782
2857
2951
1946
963
1361
2604
3134
2165
1075
1146
2304
3150
2502
1283
980
2044
2980
2785
1709
954
1542
2842
3135
1900
939
1337
2548
3090
2383
1206
1071
2260
3197
2649
1324
932
1866
3056
2883
1693
940
1523
2778
3014
2022
929
1246
2490
3117
2390
1232
1090
2090
3210
2748
1417
981
1971
2984
2885
1840
997
1563
2726
3094
2080
1080
1218
2403
3151
2448
1264
1027
2125
3049
2739
1585
1031
1731
2935
3017
1792
948
1437
2736
3062
2100
1009
1196
2379
3084
2499
1311
988
1956
3121
2815
1528
903
1701
2940
3074
1917
926
1397
2631
3153
2199
1060
1103
2307
3184
2560
1303
977
2082
3022
2825
1653
924
1610
2857
3063
1901
999
1270
2521
3137
2338
1154
1055
2238
3127
2645
1392
1049
1885
2982
2947
1755
952
1539
2801
3020
2020
1022
1313
2489
3158
2447
1236
1024
2111
3161
2735
1456
915
1814
2926
2883
1744
944
1537
2754
3102
2039
989
1179
2427
3132
2366
1211
1052
2126
3049
2753
1508
976
1762
2955
2989
1831
1014
1466
2729
3056
2159
1065
1183
2366
3079
2516
1334
1073
1978
3088
2769
1579
1017
1717
2868
2924
1936
981
1384
2617
3123
2228
1139
1159
2262
3111
2583
1461
1030
1975
2987
2851
1719
922
1595
2893
3060
1896
1028
1359
2498
3088
2431
1224
1090
2243
3108
2636
1326
947
1906
3080
2837
1657
1040
1669
2764
2962
2103
1019
1235
2487
3152
2392
1167
1080
2176
3191
2658
1394
938
1925
2981
2932
1825
918
1454
2756
3181
2092
1051
1205
2407
3204
2459
1258
1038
2109
2984
2744
1608
1019
1735
2955
3022
1818
1000
1444
2653
3095
2257
1083
1145
2377
3149
2508
1294
1015
1990
3162
2861
1546
859
1678
2965
3040
1912
925
1394
2645
3143
2230
1126
1117
2274
3188
2541
1329
1013
2027
3018
2903
1728
975
1641
2826
3033
1965
1037
1271
2538
3093
2289
1145
1113
2292
3124
2654
1384
964
1888
3090
2834
1644
1027
1546
2732
3054
2104
988
1279
2516
3120
2359
1220
1153
2186
3112
2702
1500
948
1838
2998
2958
1777
910
1531
2732
3094
2091
1141
1277
2402
3161
2509
1190
954
2173
3095
2699
1447
968
1756
2953
3000
1819
986
1435
2655
3071
2208
1068
1142
2375
3152
2527
1262
1055
2057
3139
2811
1568
971
1719
2863
2974
2006
946
1288
2590
3180
2197
1088
1214
2308
3154
2581
1407
1035
2003
3004
2849
1721
928
1531
2823
3096
1924
984
1384
2572
3053
2260
1176
1159
2225
3029
2596
1442
1027
1771
2950
2927
1742
933
1586
2811
2976
2047
1005
1236
2465
3129
2350
1190
1110
2148
3190
2721
1432
907
1861
3010
3004
1799
849
1509
2830
3179
2056
1040
1197
2414
3119
2470
1308
1023
2118
3063
2743
1505
957
1795
2930
2913
1742
1074
1560
2672
3034
2215
1084
1165
2361
3145
2510
1284
1039
2020
3119
2813
1561
973
1703
2842
3045
2007
917
1311
2645
3131
2196
1156
1126
2216
3137
2629
1376
954
2001
3008
2874
1751
949
1553
2854
3127
1938
1002
1306
2579
3077
2255
1138
1147
2348
3063
2610
1452
1006
1867
3037
2900
1624
966
1644
2832
3029
2053
993
1285
2515
3156
2420
1228
1131
2209
3204
2745
1398
865
1890
3040
2901
1735
955
1551
2726
3076
2043
1123
1263
2373
3088
2446
1289
1040
2154
3068
2761
1509
952
1713
2951
3040
1813
998
1441
2686
3006
2128
1036
1192
2412
3118
2492
1282
1077
2037
3140
2810
1514
971
1691
2826
2905
2007
1050
1347
2607
3132
2146
1110
1200
2335
3176
2565
1324
972
1999
2993
2760
1677
1028
1640
2869
3093
1926
1026
1416
2609
3128
2358
1131
1077
2313
3132
2600
1347
980
1875
3063
2925
1649
853
1506
2872
3087
2022
977
1286
2509
3102
2320
1207
1115
2118
3113
2670
1438
976
1970
2982
2849
1770
942
1530
2766
3055
2017
1095
1209
2351
3175
2495
1192
954
2144
3127
2793
1563
1038
1825
2998
3017
1762
994
1451
2688
3160
2231
1019
1142
2383
3116
2482
1304
1069
2019
3104
2806
1610
963
1677
2838
3016
1984
939
1372
2637
3169
2213
1079
1112
2276
3185
2529
1344
983
1978
2999
2802
1667
988
1642
2875
3083
1882
982
1359
2590
3019
2198
1139
1139
2272
3082
2659
1422
995
1882
3036
2952
1774
982
1443
2719
3045
2095
1021
1273
2571
3228
2400
1193
1055
2147
3186
2709
1412
897
1835
2985
2945
1762
946
1521
2717
3102
2122
1158
1227
2452
3214
2451
1196
999
2138
3063
2824
1586
1005
1704
2925
3058
1868
981
1351
2676
3112
2221
1084
1161
2323
3069
2552
1353
1028
2023
3128
2826
1545
972
1739
2881
2975
1954
999
1324
2543
3163
2232
1089
1149
2319
3162
2524
1423
1074
1979
2963
2864
1747
928
1542
2819
3105
1957
985
1321
2571
3113
2314
1148
1089
2228
3141
2685
1418
964
1848
3096
2926
1653
968
1691
2860
3026
2096
994
1230
2455
3132
2334
1166
1114
2152
3155
2650
1483
1016
1875
2891
2886
1849
1008
1565
2770
3047
2040
1135
1241
2382
3183
2526
1331
1060
2164
3067
2751
1519
983
1797
2962
2970
1829
1066
1479
2654
3076
2277
1141
1149
2324
3117
2522
1258
1017
2021
3178
2839
1538
924
1690
2895
3007
2004
1004
1401
2619
3142
2265
1147
1130
2288
3123
2537
1363
1002
2046
3077
2870
1639
944
1685
2880
3035
1920
1051
1332
2558
3104
2279
1130
1051
2269
3113
2654
1453
1002
1862
3014
2880
1647
927
1567
2792
2985
2023
1030
1332
2453
3131
2472
1256
1007
2070
3201
2711
1406
968
1865
2934
2887
1827
988
1478
2725
3164
2106
1064
1154
2404
3120
2482
1263
970
2076
3080
2807
1546
967
1722
2942
2985
1801
1034
1437
2651
3110
2267
1034
1122
2377
3158
2512
1238
1041
2064
3178
2826
1502
903
1696
2883
3010
2001
995
1310
2584
3180
2160
1024
1173
2334
3118
2530
1391
1008
1959
2997
2870
1680
948
1567
2819
3098
1990
983
1286
2618
3155
2329
1124
1076
2262
3079
2659
1416
989
1831
3068
2914
1689
937
1470
2682
2984
2060
968
1271
2494
3040
2343
1292
1153
2040
3094
2757
1526
896
1847
3018
2898
1739
929
1569
2737
3056
2046
1109
1237
2335
3133
2497
1262
978
2182
3131
2758
1524
1002
1756
2897
2934
1804
1041
1428
2612
3094
2253
1098
1142
2334
3115
2498
1265
1050
2048
3174
2785
1532
999
1690
2802
3020
2039
979
1364
2668
3163
2188
1108
1162
2292
3178
2554
1376
1003
1981
2988
2822
1684
1000
1615
2840
3066
1937
1044
1363
2603
3154
2340
1157
1102
2264
3068
2658
1449
918
1876
3130
2893
1608
924
1569
2732
2997
2115
995
1214
2487
3162
2376
1180
1056
2110
3153
2718
1500
951
1842
2960
2974
1849
921
1437
2757
3159
2072
1098
1295
2433
3098
2452
1253
939
2078
3091
2797
1491
948
1747
2963
3004
1821
1046
1443
2626
3068
2194
1085
1194
2341
3132
2497
1256
1061
2027
3086
2802
1638
979
1624
2855
3065
1947
892
1368
2666
3147
2198
1080
1096
2196
3114
2559
1354
1005
1983
2962
2861
1710
952
1586
2868
3112
1967
1035
1287
2499
3057
2329
1129
1107
2272
3059
2613
1448
1037
1804
3017
2950
1659
916
1592
2808
3018
2010
937
1315
2613
3115
2270
1203
1161
2110
3128
2704
1462
936
1885
2987
2896
1781
942
1481
2667
3044
2077
1122
1216
2322
3171
2509
1254
949
2079
3128
2827
1540
944
1754
2915
2919
1807
1075
1505
2590
3029
2281
1132
1155
2372
3128
2440
1231
1058
2042
3068
2700
1545
1018
1739
2813
3002
2032
927
1287
2593
3192
2254
1108
1124
2292
3146
2519
1326
1026
2057
3041
2901
1726
996
1598
2787
3076
1992
1012
1271
2604
3169
2278
1123
1109
2230
2993
2635
1507
993
1803
2998
2935
1743
953
1479
2798
3075
1995
955
1357
2567
2998
2285
1316
1163
2036
3095
2796
1500
841
1803
3017
2960
1727
896
1526
2783
3143
2033
1061
1176
2345
3147
2569
1330
946
2100
3134
2803
1471
962
1787
2973
2962
1822
1057
1401
2578
3062
2271
1032
1079
2421
3197
2470
1247
1079
2051
3093
2787
1607
970
1697
2887
2906
1894
972
1415
2684
3162
2212
1122
1230
2309
3098
2581
1425
1029
1992
3021
2817
1663
999
1617
2829
3045
1938
1049
1306
2530
3096
2316
1133
1039
2266
3143
2611
1374
1061
1922
2998
2835
1672
1026
1616
2729
2950
2101
1086
1235
2466
3179
2334
1165
1104
2155
3211
2728
1484
964
1881
2989
2931
1785
937
1518
2694
3036
2086
1096
1215
2382
3199
2496
1197
1039
2175
3033
2759
1581
1016
1728
2923
2972
1786
1033
1482
2685
3067
2203
1092
1159
2396
3137
2448
1281
1048
2007
3115
2790
1540
958
1784
2933
2955
1870
961
1457
2625
3076
2186
1195
1181
2234
3166
2585
1318
985
2075
3085
2853
1592
954
1689
2839
3005
1947
1061
1270
2531
3125
2327
1161
1049
2180
3102
2707
1380
936
1882
3103
2878
1676
1050
1585
2726
3020
2123
1023
1293
2517
3147
2351
1210
1106
2116
3111
2688
1482
958
1854
2961
2925
1795
959
1489
2682
3116
2113
1112
1212
2375
3202
2510
1244
1007
2154
3090
2713
1507
1054
1796
2965
3002
1811
982
1412
2630
3090
2236
1125
1182
2305
3092
2584
1292
1025
2073
3160
2764
1607
1033
1734
2872
2974
1907
949
1380
2650
3156
2181
1099
1168
2280
3146
2584
1362
957
2051
3056
2798
1573
964
1660
2904
3068
1868
999
1378
2579
3094
2305
1152
1075
2288
3155
2631
1383
1021
1910
3036
2907
1727
990
1586
2775
3051
2136
1020
1304
2550
3153
2364
1234
1050
2061
3184
2743
1479
980
1878
2960
2970
1855
930
1491
2738
3086
2073
1175
1294
2336
3162
2573
1266
975
2132
3072
2733
1524
998
1766
2951
3032
1842
948
1391
2706
3121
2164
1062
1208
2438
3113
2480
1334
1064
1975
3091
2794
1551
908
1702
2905
3010
1985
1022
1424
2605
3145
2237
1129
1110
2286
3195
2548
1337
1017
2074
3019
2837
1713
973
1583
2847
3117
1924
953
1268
2559
3130
2289
1167
1146
2227
3084
2742
1471
1014
1891
3062
2938
1702
962
1571
2791
2996
2092
1033
1250
2540
3177
2398
1203
1101
2169
3109
2683
1507
945
1832
2996
2944
1779
930
1539
2772
3066
2073
1140
1222
2363
3049
2456
1332
1003
2112
3153
2793
1443
1003
1841
2930
2956
1854
1046
1441
2669
3102
2241
1041
1091
2402
3233
2520
1179
985
2085
3209
2810
1586
1010
1714
2851
3030
1976
871
1271
2619
3183
2210
1057
1118
2306
3181
2570
1376
1048
2053
3007
2841
1725
930
1556
2869
3142
1952
963
1310
2572
3135
2321
1110
1089
2249
3034
2570
1449
1061
1796
2981
2987
1772
922
1534
2838
3007
2007
1022
1360
2450
3022
2311
1270
1107
2039
3139
2766
1465
890
1861
3055
2958
1738
875
1525
2758
3040
2016
1150
1254
2321
3144
2576
1278
906
2152
3171
2756
1482
952
1813
2968
2963
1782
1021
1487
2641
3045
2257
1122
1120
2350
3182
2496
1227
1013
2009
3131
2791
1529
905
1711
2887
2962
1962
990
1354
2640
3180
2178
1099
1179
2357
3149
2555
1397
1048
1983
2955
2949
1795
956
1545
2832
3170
1937
928
1251
2592
3167
2347
1164
1138
2287
3054
2642
1472
1011
1843
3085
2988
1700
936
1536
2794
3024
2050
1003
1275
2520
3131
2407
1257
1081
2104
3089
2702
1508
923
1800
2967
2955
1777
855
1461
2764
3115
2024
1050
1252
2444
3092
2464
1264
913
2095
3112
2774
1507
1011
1774
2880
2936
1863
1059
1370
2564
3066
2271
1066
1091
2349
3179
2550
1222
1029
2064
3062
2722
1634
1079
1697
2858
3002
1994
991
1352
2608
3213
2245
1060
1096
2279
3203
2569
1332
1004
2027
3021
2812
1702
945
1517
2839
3151
1939
938
1328
2610
3056
2272
1180
1183
2301
3024
2646
1529
1061
1812
3015
3011
1782
960
1503
2802
3032
2020
1012
1333
2526
3070
2348
1288
1113
2039
3114
2754
1483
887
1822
2994
2922
1797
925
1462
2730
3141
2102
1065
1191
2364
3139
2487
1276
981
2141
3138
2812
1510
958
1796
2983
2935
1754
1047
1526
2630
2997
2241
1131
1138
2335
3128
2535
1326
1056
1990
3122
2801
1571
975
1684
2809
2989
2013
976
1321
2625
3171
2181
1093
1136
2245
3157
2577
1379
1014
1973
2964
2867
1736
914
1572
2861
3127
1972
985
1318
2648
3171
2280
1126
1188
2295
3012
2642
1489
1036
1841
3072
2927
1686
978
1498
2766
3057
2069
1010
1302
2545
3136
2384
1234
1036
2141
3211
2712
1450
976
1890
2948
2917
1808
928
1505
2771
3110
2113
1097
1128
2327
3176
2539
1250
947
2155
3103
2709
1456
1011
1787
2939
3016
1847
1007
1415
2713
3050
2133
1077
1221
2372
3091
2502
1319
1078
2012
3127
2852
1573
897
1717
2923
2943
1911
930
1315
2608
3164
2195
1118
1161
2243
3116
2545
1347
999
1948
2958
2832
1716
943
1523
2817
3110
1979
977
1279
2528
3121
2388
1161
999
2192
3094
2671
1426
1032
1856
3058
2948
1686
965
1585
2792
3034
2075
1048
1318
2497
3149
2395
1240
1064
2071
3215
2784
1463
904
1851
3003
2892
1768
937
1499
2751
3126
2083
1049
1243
2455
3188
2423
1224
1069
2191
3071
2747
1579
1021
1721
2986
3070
1841
979
1440
2749
3106
2202
1023
1152
2401
3112
2523
1371
1040
1911
3107
2919
1668
931
1696
2891
3023
1982
992
1384
2571
3125
2252
1143
1122
2264
3254
2643
1345
951
2034
3038
2822
1641
970
1635
2857
3103
1970
1014
1236
2506
3117
2262
1143
1140
2261
3068
2648
1421
1001
1887
3031
2863
1601
946
1604
2769
3008
2102
1044
1278
2507
3165
2410
1255
1117
2165
3118
2686
1497
948
1784
2918
2960
1813
883
1444
2776
3140
2051
1102
1200
2362
3174
2541
1241
938
2106
3130
2724
1451
1052
1851
2918
2935
1909
1074
1336
2587
3146
2305
1086
1156
2395
3166
2507
1301
1095
1990
3065
2825
1561
969
1784
2906
2934
1933
983
1345
2602
3160
2238
1056
1055
2298
3230
2556
1314
970
2044
3009
2862
1722
954
1611
2875
3138
1978
1000
1311
2575
3133
2323
1174
1143
2242
3061
2713
1523
1008
1794
3077
2992
1678
898
1567
2882
3076
2020
967
1316
2531
3075
2301
1244
1104
2083
3173
2713
1406
882
1855
2974
2953
1773
907
1569
2800
3059
2034
1109
1225
2368
3135
2512
1283
979
2123
3087
2703
1472
920
1758
3015
2979
1734
936
1439
2674
3076
2258
1072
1112
2366
3205
2539
1187
955
2046
3172
2806
1584
952
1608
2843
3033
1997
988
1356
2608
3132
2149
1057
1121
2269
3162
2549
1361
967
1954
3004
2914
1732
965
1580
2854
3125
1996
1018
1257
2521
3126
2290
1127
1152
2312
3079
2680
1493
984
1822
3084
2974
1619
934
1618
2800
2991
2024
1017
1360
2538
3045
2313
1252
1082
2056
3139
2771
1518
930
1816
2942
2975
1824
944
1446
2727
3204
2118
1053
1197
2467
3171
2434
1261
1010
2102
3053
2747
1530
972
1784
2999
2989
1783
1020
1468
2637
3051
2207
1056
1148
2356
3120
2527
1261
1065
2029
3119
2821
1535
926
1670
2890
2965
1904
952
1368
2637
3133
2240
1187
1196
2287
3171
2595
1352
974
1941
2940
2847
1784
976
1554
2874
3179
1991
956
1313
2608
3185
2340
1119
1118
2265
3117
2644
1443
1031
1832
2989
2894
1750
1001
1553
2787
3043
2124
1032
1300
2504
3131
2371
1219
1111
2131
3225
2769
1474
957
1870
2981
2856
1799
997
1542
2699
3084
2068
1064
1267
2398
3131
2425
1194
1014
2126
2996
2749
1553
945
1716
2980
3005
1812
985
1403
2664
3086
2209
1084
1166
2382
3141
2518
1268
1047
1978
3057
2800
1585
939
1679
2888
3032
1961
940
1365
2619
3107
2165
1100
1120
2230
3145
2586
1361
942
2025
3068
2885
1662
890
1632
2918
3068
1881
1023
1374
2564
3073
2296
1173
1120
2226
3119
2718
1470
1007
1894
3063
2939
1714
941
1499
2765
3069
2068
955
1273
2518
3112
2360
1293
1130
2125
3129
2687
1452
946
1810
2949
2914
1791
992
1508
2704
3098
2117
1132
1212
2375
3106
2448
1255
1009
2171
3088
2742
1510
994
1771
2922
2971
1828
997
1407
2686
3133
2230
1084
1134
2331
3108
2505
1276
1028
1996
3112
2834
1676
992
1677
2895
3015
1984
995
1391
2631
3148
2250
1154
1176
2301
3220
2671
1371
975
2011
3025
2848
1673
942
1593
2840
3083
1909
999
1324
2576
3157
2361
1136
1075
2299
3141
2619
1419
1001
1846
3012
2899
1671
957
1567
2782
3080
2109
988
1256
2494
3158
2425
1221
1067
2111
3120
2694
1492
987
1846
2972
2913
1843
971
1508
2749
3098
2080
1095
1241
2403
3191
2531
1239
967
2093
3086
2804
1546
907
1712
2997
3027
1855
1043
1421
2635
3086
2212
1057
1188
2397
3117
2511
1264
983
1943
3130
2829
1566
885
1690
2918
2976
1914
957
1434
2667
3110
2190
1131
1154
2262
3134
2612
1421
934
1983
3050
2884
1665
970
1661
2791
3020
1936
1037
1319
2589
3186
2344
1108
1052
2322
3153
2682
1365
936
1926
3164
2897
1620
948
1510
2765
3091
2120
1008
1212
2449
3174
2398
1192
1126
2167
3095
2663
1553
987
1835
2989
2903
1744
1021
1517
2695
3121
2062
1042
1199
2359
3115
2510
1302
972
2090
3055
2769
1528
964
1729
2937
2996
1839
967
1356
2692
3129
2196
1018
1131
2408
3097
2445
1264
1047
1966
3092
2854
1580
935
1736
2899
2969
1934
975
1370
2593
3121
2156
1065
1163
2278
3091
2530
1366
965
1944
2989
2854
1644
908
1625
2923
3133
1971
1004
1350
2616
3074
2299
1173
1120
2269
3071
2651
1452
988
1831
3069
2964
1723
978
1585
2795
3022
2100
1045
1282
2521
3155
2361
1249
1091
2082
3148
2717
1467
961
1874
2948
2930
1838
930
1506
2764
3109
2039
1061
1259
2454
3159
2436
1232
1024
2200
3083
2710
1541
1021
1772
2933
2928
1789
1025
1404
2635
3138
2292
1082
1158
2423
3183
2481
1237
1038
2015
3123
2785
1611
1011
1692
2851
3038
2026
944
1355
2603
3075
2151
1105
1147
2256
3226
2573
1321
978
1974
2977
2862
1697
962
1567
2842
3066
1892
1000
1355
2574
3064
2242
1118
1092
2293
3119
2628
1320
941
1891
3100
2947
1689
942
1480
2739
3114
2151
993
1219
2496
3142
2347
1205
1086
2102
3110
2734
1494
882
1808
2994
2943
1793
1022
1596
2685
3056
2096
1067
1134
2401
3188
2493
1262
987
2149
3089
2770
1522
1022
1793
2949
2980
1788
1050
1493
2663
3051
2185
1125
1151
2350
3175
2570
1288
1022
2034
3154
2876
1607
974
1756
2932
2990
1940
950
1377
2639
3134
2222
1140
1170
2243
3139
2622
1352
866
1953
3084
2875
1614
982
1653
2865
3112
1963
1015
1297
2589
3154
2359
1181
1085
2199
3076
2683
1422
968
1845
3103
2904
1633
1027
1602
2699
2976
2143
974
1188
2509
3169
2333
1195
1123
2166
3151
2671
1451
998
1930
2989
2958
1878
990
1469
2672
3100
2108
1089
1184
2363
3166
2489
1241
1048
2163
3013
2699
1552
1019
1719
2888
3027
1835
965
1429
2715
3119
2220
1102
1193
2393
3138
2499
1295
1088
2029
3110
2777
1581
991
1700
2892
2997
1906
941
1416
2673
3169
2243
1128
1132
2216
3081
2536
1316
962
2032
3034
2880
1706
952
1585
2826
3081
1944
998
1302
2567
3159
2331
1161
1132
2260
3067
2660
1412
975
1866
3062
2916
1652
955
1558
2717
3039
2154
1026
1225
2473
3142
2373
1239
1111
2150
3153
2731
1500
920
1807
2973
2981
1774
884
1531
2729
3102
2123
1116
1184
2368
3140
2473
1235
979
2172
3138
2715
1443
992
1812
2963
3006
1812
986
1413
2636
3085
2255
1100
1137
2308
3123
2544
1272
1000
2035
3172
2835
1597
994
1699
2889
3004
1950
976
1367
2643
3201
2261
1098
1197
2314
3110
2564
1385
1007
1956
3003
2857
1654
975
1614
2772
3045
1993
1036
1222
2522
3186
2301
1112
1173
2275
3042
2591
1425
1056
1785
3001
2934
1681
939
1556
2783
3019
2055
968
1280
2548
3164
2332
1183
1062
2065
3181
2745
1477
957
1879
3000
2929
1827
994
1509
2710
3081
2004
1040
1226
2362
3168
2517
1275
999
2122
3081
2754
1515
932
1749
2956
2971
1787
994
1449
2626
3081
2249
1098
1147
2397
3176
2558
1279
1004
1987
3130
2796
1641
1025
1680
2823
2982
1993
1044
1382
2600
3200
2257
1085
1106
2314
3234
2540
1326
998
2026
3039
2864
1658
864
1593
2898
3074
1869
988
1356
2557
3056
2260
1183
1109
2261
3141
2724
1423
923
1876
3142
2980
1645
910
1576
2804
3032
2027
964
1291
2532
3117
2303
1157
1088
2135
3083
2617
1507
987
1788
2917
2940
1803
932
1524
2748
3087
2077
1098
1221
2369
3085
2460
1280
1014
2072
3046
2791
1562
949
1753
3003
3041
1843
1013
1398
2685
3047
2167
1128
1196
2306
3112
2579
1301
1006
2041
3175
2823
1522
952
1710
2881
3000
1932
950
1406
2628
3110
2178
1096
1153
2262
3135
2596
1445
1015
1976
3056
2894
1648
872
1606
2885
3055
1891
996
1306
2548
3118
2309
1154
1053
2182
3115
2730
1383
933
1854
3089
2890
1669
995
1566
2714
3054
2100
980
1208
2438
3122
2354
1168
1067
2104
3159
2702
1468
968
1925
2967
2904
1844
966
1440
2711
3151
2031
953
1177
2433
3172
2401
1257
1052
2154
3082
2765
1528
984
1755
2980
3017
1741
937
1500
2777
3097
2121
1038
1229
2390
3062
2521
1361
1040
1928
3072
2820
1599
955
1749
2947
2985
1900
989
1479
2662
3094
2200
1178
1136
2187
3175
2681
1353
872
1944
3060
2892
1625
930
1655
2836
3001
1944
1075
1267
2478
3124
2394
1157
1038
2278
3134
2616
1352
997
1898
3013
2893
1755
997
1500
2793
3104
2113
979
1239
2536
3164
2331
1160
1111
2209
3172
2625
1434
978
1837
2872
2890
1872
1045
1462
2632
3165
2180
1060
1149
2436
3161
2394
1209
989
2147
3019
2743
1594
992
1680
2939
3093
1881
947
1386
2709
3104
2214
1041
1143
2358
3094
2541
1341
1024
1933
3113
2885
1606
888
1667
2914
3007
1957
924
1351
2624
3097
2164
1144
1206
2232
3145
2696
1354
871
1938
3100
2876
1608
987
1698
2900
3037
1875
1051
1320
2446
3064
2357
1196
1063
2260
3205
2729
1347
959
1951
3140
2876
1671
1016
1570
2704
2979
2093
961
1191
2488
3199
2377
1149
1104
2130
3134
2684
1489
996
1890
2961
2933
1849
944
1441
2734
3150
2046
1002
1221
2434
3175
2446
1246
1084
2165
3016
2731
1561
962
1688
2971
3025
1763
962
1394
2606
3033
2190
1085
1225
2408
3085
2522
1315
990
2015
3180
2802
1501
933
1738
2905
2991
1917
956
1464
2652
3106
2246
1158
1119
2263
3169
2585
1362
945
2026
3022
2797
1679
1011
1673
2850
3043
1958
1016
1296
2555
3067
2299
1162
1099
2252
3112
2692
1425
948
1894
3076
2888
1748
1021
1579
2826
3027
2075
1035
1310
2469
3097
2417
1254
1085
2099
3188
2753
1487
913
1777
2961
2894
1766
932
1460
2674
3094
2137
1061
1148
2400
3160
2442
1224
1015
2113
3050
2784
1578
999
1736
2973
2972
1833
1028
1440
2678
3089
2206
1009
1077
2338
3139
2541
1270
1073
2043
3129
2775
1594
1041
1755
2890
2975
1958
1023
1376
2593
3194
2193
1052
1181
2309
3161
2601
1448
1035
1939
2959
2845
1711
940
1545
2876
3151
1935
950
1327
2589
3074
2277
1149
1120
2314
3079
2570
1439
1078
1841
3040
2939
1680
923
1559
2824
3105
2082
898
1284
2541
3087
2278
1255
1216
2100
3071
2715
1483
966
1903
3019
2936
1766
874
1462
2725
3122
2062
1049
1195
2368
3148
2442
1228
992
2190
3112
2729
1499
956
1745
2965
3007
1808
989
1514
2713
3078
2225
1135
1213
2387
3106
2492
1277
1032
2040
3133
2745
1518
966
1782
2883
2961
1941
946
1375
2693
3178
2155
1090
1171
2276
3120
2581
1445
992
1889
2976
2963
1719
882
1617
2887
3075
1868
1059
1369
2531
3124
2350
1164
1065
2245
3129
2664
1376
997
1909
3011
2859
1717
965
1469
2793
3090
2052
953
1248
2529
3162
2310
1147
1087
2207
3195
2667
1425
949
1890
2957
2911
1743
840
1425
2748
3117
2075
1030
1137
2425
3155
2409
1234
1071
2180
3021
2775
1594
1012
1672
2928
3126
1889
919
1414
2772
3080
2085
1021
1273
2423
3014
2480
1394
1112
1925
3142
2948
1585
846
1733
3034
3011
1864
882
1357
2660
3119
2222
1193
1202
2224
3132
2636
1433
935
1985
3130
2873
1599
941
1649
2829
3000
1934
1064
1348
2535
3129
2398
1144
1045
2331
3177
2625
1392
1026
1868
3064
2924
1723
979
1569
2813
3002
2048
1012
1245
2480
3181
2323
1096
1128
2226
3149
2604
1428
1031
1877
2864
2853
1841
987
1503
2711
3157
2087
989
1170
2467
3159
2383
1173
1028
2258
3111
2719
1544
966
1712
2904
2977
1833
1013
1429
2688
3171
2196
1006
1179
2494
3155
2454
1282
1075
1982
3087
2795
1568
943
1750
2894
2951
1902
948
1366
2611
3156
2175
1101
1129
2280
3220
2609
1359
970
2027
3044
2891
1677
914
1622
2893
3097
1923
998
1322
2594
3122
2295
1125
1125
2317
3083
2633
1350
1011
1987
3083
2829
1643
1016
1585
2785
2991
2022
1025
1313
2558
3125
2327
1171
1056
2123
3153
2668
1459
988
1856
2953
2874
1737
971
1523
2705
3145
2157
1063
1112
2388
3184
2458
1251
1036
2127
3036
2742
1547
1061
1763
2933
3078
1878
973
1407
2724
3126
2189
1069
1214
2381
3132
2571
1291
989
1982
3202
2848
1565
982
1734
2867
2954
1931
1004
1406
2663
3147
2167
1102
1174
2282
3167
2641
1338
953
2029
2971
2799
1714
1004
1563
2811
3083
1929
1022
1345
2588
3161
2345
1126
1054
2142
3046
2698
1469
1027
1828
3096
2969
1649
933
1639
2875
2994
2093
1077
1307
2522
3147
2372
1200
1097
2138
3155
2696
1463
995
1914
2973
2940
1864
964
1517
2768
3107
2030
1077
1215
2370
3196
2553
1179
903
2189
3204
2770
1506
1009
1757
2907
2936
1808
1022
1403
2588
3082
2285
1086
1118
2386
3203
2563
1253
954
2021
3131
2748
1615
1031
1711
2794
2980
2003
961
1334
2620
3129
2199
1131
1149
2223
3148
2618
1356
972
2027
3015
2893
1708
910
1614
2902
3089
1930
1032
1294
2550
3140
2304
1151
1110
2287
3057
2663
1448
1022
1894
3098
2935
1658
913
1526
2837
3058
2027
1011
1335
2528
3110
2377
1266
1101
2094
3131
2723
1461
903
1823
3017
2965
1733
938
1588
2742
3105
2027
1058
1267
2458
3117
2442
1252
946
2064
3067
2736
1468
948
1773
2957
3001
1809
980
1345
2620
3055
2233
1122
1098
2330
3150
2477
1258
1025
2010
3092
2792
1670
1034
1662
2797
3014
2053
916
1275
2666
3234
2262
1112
1192
2319
3091
2538
1404
987
1923
2969
2834
1696
994
1638
2856
3089
1927
997
1323
2552
3106
2300
1200
1178
2292
3025
2583
1446
1041
1837
2970
2926
1776
935
1503
2767
3059
2061
952
1261
2499
3085
2322
1232
1096
2054
3143
2758
1485
880
1854
3053
2948
1738
883
1523
2779
3108
2020
1025
1197
2348
3120
2455
1242
1014
2195
3072
2732
1550
944
1700
2967
3041
1832
970
1363
2643
3081
2204
1101
1175
2365
3182
2546
1250
1000
2073
3168
2759
1514
1031
1702
2781
2977
2015
975
1299
2587
3173
2211
1075
1083
2289
3141
2467
1350
1010
1964
2985
2852
1677
929
1586
2907
3094
1934
1026
1358
2588
3094
2282
1130
1083
2334
3133
2606
1383
1054
1965
3063
2953
1749
990
1559
2766
3035
2058
948
1225
2537
3136
2311
1246
1205
2134
3070
2724
1541
955
1783
2979
2932
1733
927
1479
2675
3098
2070
1009
1186
2403
3170
2453
1185
961
2110
3060
2713
1483
960
1711
2910
2982
1866
999
1350
2609
3108
2237
1044
1131
2325
3089
2516
1270
1048
1956
3100
2846
1607
967
1671
2872
3047
1991
901
1289
2580
3143
2256
1090
1121
2250
3075
2523
1404
1036
1984
3038
2874
1674
966
1634
2865
3032
1910
979
1277
2519
3093
2308
1187
1125
2268
3076
2615
1430
995
1792
3007
2947
1693
945
1607
2810
3052
2091
913
1205
2564
3159
2274
1176
1174
2168
3057
2688
1605
979
1829
3003
2992
1845
915
1477
2758
3127
2049
1065
1247
2413
3143
2502
1333
1043
2100
3064
2828
1568
912
1756
2987
2987
1786
954
1449
2718
3083
2148
1066
1208
2387
3095
2460
1204
1020
2022
3085
2779
1610
998
1714
2891
2977
1966
945
1339
2619
3147
2142
1074
1146
2272
3091
2525
1397
1030
1942
3003
2942
1692
912
1608
2858
3073
1895
1024
1331
2524
3119
2321
1143
1078
2306
3144
2639
1417
993
1872
2981
2856
1753
995
1500
2736
3034
2076
1005
1262
2491
3124
2343
1195
1079
2110
3140
2736
1502
927
1822
3013
2961
1784
985
1549
2697
3100
2146
1076
1204
2456
3132
2403
1281
1055
2100
2985
2808
1627
1000
1712
2952
2999
1828
1007
1447
2720
3083
2147
1036
1219
2397
3019
2475
1368
1156
1988
3008
2803
1580
927
1694
2868
2938
1955
981
1334
2614
3175
2247
1038
1133
2316
3160
2583
1344
937
1961
3047
2898
1655
948
1661
2867
2997
1897
1090
1385
2541
3113
2418
1204
1075
2268
3102
2596
1337
1029
1912
3060
2872
1673
1012
1583
2769
2999
2087
973
1218
2508
3127
2356
1235
1108
2116
3199
2700
1402
975
1903
2922
2912
1862
973
1470
2707
3138
2101
1009
1208
2487
3251
2410
1186
1054
2147
2973
2733
1612
958
1656
2965
3027
1804
972
1383
2645
3130
2239
1082
1140
2377
3176
2521
1227
987
2076
3201
2746
1499
944
1738
2897
3018
1977
912
1376
2640
3089
2150
1163
1207
2220
3108
2607
1373
967
1966
3027
2890
1641
947
1650
2817
3010
1882
1047
1319
2512
3098
2310
1154
1064
2259
3103
2656
1437
1016
1830
3039
3011
1734
935
1544
2791
3035
2048
994
1272
2480
3106
2431
1255
1096
2167
3188
2695
1467
942
1859
3012
2973
1758
958
1575
2780
3131
2058
1066
1236
2384
3120
2474
1274
998
2136
3125
2778
1512
991
1797
2977
2996
1842
1025
1397
2605
3093
2224
1019
1110
2410
3159
2540
1301
1086
2051
3113
2794
1565
976
1758
2890
2988
2000
985
1372
2631
3168
2232
1114
1194
2295
3078
2545
1381
1008
2010
3025
2844
1662
949
1575
2809
3076
1986
1049
1294
2556
3108
2309
1166
1158
2325
3093
2584
1413
1051
1849
2992
2934
1741
942
1562
2888
3051
2017
955
1264
2520
3149
2362
1212
1111
2152
3210
2714
1454
938
1845
2973
2905
1850
971
1511
2683
3114
2084
1030
1226
2421
3167
2477
1250
995
2163
3101
2693
1452
910
1751
2960
2948
1826
1089
1459
2622
3100
2268
1091
1155
2375
3116
2494
1309
1087
2019
3058
2756
1576
982
1723
2878
2952
1947
950
1357
2665
3162
2140
1080
1155
2288
3178
2652
1372
944
1975
3032
2939
1692
928
1656
2930
3083
1896
1016
1283
2508
3070
2341
1175
1078
2263
3107
2631
1343
969
1893
3104
2973
1661
923
1536
2775
3014
2082
976
1221
2509
3142
2284
1137
1117
2161
3063
2588
1436
942
1825
2924
2926
1831
926
1448
2764
3188
2118
1042
1158
2426
3201
2439
1200
1051
2208
3053
2745
1567
971
1730
2996
3048
1799
964
1416
2685
3095
2218
1028
1161
2410
3094
2457
1279
1103
1967
3036
2823
1622
933
1660
2922
3056
1988
968
1358
2666
3168
2146
1107
1237
2247
3102
2609
1396
959
1991
3069
2894
1648
911
1634
2905
3021
1896
1047
1293
2530
3099
2318
1148
1083
2322
3132
2607
1400
1037
1850
3000
2864
1611
1007
1648
2761
2947
2065
1041
1230
2486
3214
2392
1126
1043
2164
3152
2662
1435
957
1908
2949
2835
1795
958
1470
2678
3167
2158
1029
1183
2427
3189
2411
1204
1109
2251
3057
2690
1572
1012
1707
2894
3046
1869
975
1391
2679
3132
2170
962
1116
2382
3147
2527
1282
1039
2007
3091
2763
1548
944
1706
2886
2997
1949
893
1374
2673
3105
2149
1170
1205
2238
3086
2585
1355
957
2017
3044
2875
1651
948
1701
2933
3020
1892
1108
1325
2434
3046
2389
1145
1005
2239
3116
2648
1398
963
1837
3039
2918
1702
957
1544
2844
3104
2055
980
1291
2547
3126
2318
1223
1084
2082
3163
2748
1472
915
1825
2982
2957
1838
933
1489
2737
3105
2048
1061
1257
2451
3092
2383
1269
1044
2070
3057
2805
1511
945
1705
2976
3077
1804
934
1391
2691
3131
2206
982
1065
2405
3166
2506
1267
999
2002
3148
2858
1584
942
1625
2870
2995
1913
917
1335
2620
3132
2199
1068
1136
2307
3188
2556
1280
929
2021
3052
2768
1590
977
1654
2859
3063
1935
1058
1303
2488
3120
2350
1125
1112
2265
3013
2544
1432
1025
1790
3000
2935
1661
857
1604
2915
3013
2033
1052
1321
2406
3089
2373
1197
1082
2099
3179
2720
1445
928
1893
3033
2919
1760
883
1516
2809
3092
2040
1073
1217
2368
3123
2482
1306
1051
2162
3067
2728
1516
997
1800
3026
2994
1752
1046
1477
2574
3028
2271
1102
1117
2385
3192
2565
1260
995
1963
3126
2789
1529
961
1744
2860
2984
2007
974
1351
2636
3170
2224
1045
1029
2296
3203
2522
1334
1017
2019
2979
2897
1728
970
1630
2892
3126
1905
977
1262
2491
3123
2370
1170
1031
2230
3191
2670
1321
931
1893
3083
2963
1678
883
1508
2870
3099
1999
917
1296
2546
3077
2349
1276
1124
2077
3107
2740
1472
905
1884
3027
2895
1703
961
1599
2745
3078
2114
1154
1219
2353
3151
2497
1232
970
2091
3115
2772
1429
927
1764
2934
2934
1808
1039
1385
2619
3085
2265
1086
1147
2350
3148
2521
1235
1044
2028
3094
2742
1521
938
1733
2914
2958
1925
998
1398
2604
3117
2220
1093
1107
2313
3195
2564
1356
1005
2012
3000
2882
1704
924
1573
2869
3118
1968
986
1280
2571
3150
2325
1155
1096
2258
3066
2608
1466
1060
1827
3008
2979
1713
900
1551
2799
3049
2066
975
1211
2515
3123
2297
1198
1136
2082
3105
2750
1444
898
1906
3066
2949
1788
906
1500
2759
3108
2081
1124
1277
2423
3167
2521
1274
977
2209
3143
2727
1506
998
1813
2958
2923
1761
1004
1459
2661
3042
2225
1127
1215
2399
3073
2423
1285
1084
2018
3092
2794
1618
1014
1691
2861
3005
1923
928
1351
2574
3133
2193
1079
1155
2300
3141
2535
1360
963
1950
2983
2942
1709
894
1622
2837
3020
1919
1076
1304
2470
3101
2347
1151
1088
2299
3130
2663
1395
1000
1905
3050
2913
1729
968
1505
2827
3078
2031
997
1280
2537
3145
2408
1237
1055
2110
3206
2723
1452
975
1900
2982
2928
1794
978
1531
2732
3136
2157
1062
1200
2453
3093
2364
1232
1047
2185
3049
2706
1538
1016
1752
2929
3036
1829
967
1454
2695
3053
2204
1127
1162
2293
3090
2573
1322
1017
2024
3165
2886
1603
906
1656
2908
3026
1939
967
1343
2593
3146
2181
1077
1101
2306
3200
2549
1313
1034
2049
2960
2838
1731
938
1546
2804
3056
1954
1043
1324
2557
3120
2331
1148
1122
2254
3063
2603
1452
985
1772
3065
2975
1653
870
1562
2828
3036
2042
979
1263
2547
3122
2373
1298
1147
2144
3161
2678
1425
921
1863
2989
2941
1783
901
1498
2819
3123
1987
1090
1313
2389
3137
2524
1245
970
2211
3140
2749
1506
976
1787
2995
2940
1760
1047
1511
2585
3002
2302
1154
1119
2331
3203
2584
1247
1075
2103
3082
2704
1617
1063
1662
2774
2993
2060
1009
1297
2626
3196
2195
1097
1116
2299
3165
2523
1336
1005
2027
3009
2858
1720
960
1614
2844
3078
1907
985
1335
2542
3061
2294
1183
1186
2279
3059
2676
1470
999
1837
3042
2956
1681
876
1455
2791
3102
2050
927
1305
2624
3135
2273
1254
1144
2070
3140
2842
1494
775
1762
3084
2990
1696
915
1592
2796
3085
2073
1132
1176
2348
3159
2522
1271
997
2087
3060
2842
1528
919
1756
2967
2989
1811
1054
1391
2542
3069
2307
1123
1105
2305
3164
2596
1276
1036
2043
3158
2810
1541
943
1706
2910
2999
1947
947
1322
2574
3139
2257
1069
1138
2317
3097
2456
1354
1061
2037
3026
2831
1653
900
1541
2908
3158
1917
932
1313
2627
3139
2321
1154
1111
2341
3147
2605
1408
1026
1854
3055
2941
1672
907
1607
2855
3041
2041
1054
1355
2452
3031
2390
1324
1093
1995
3124
2809
1504
915
1899
2987
2908
1789
914
1532
2742
3008
2003
1144
1276
2321
3087
2527
1335
980
2043
3110
2881
1510
881
1732
2968
2929
1754
1030
1428
2584
3057
2260
1093
1144
2406
3145
2531
1354
1092
2030
3089
2762
1582
980
1692
2867
3012
2004
1014
1350
2581
3143
2251
1134
1090
2261
3217
2541
1296
1015
2009
2962
2894
1754
943
1532
2919
3197
1935
954
1249
2549
3139
2331
1146
1092
2265
3089
2672
1469
1041
1833
3011
2937
1690
916
1594
2855
3050
2029
954
1210
2486
3129
2371
1222
1070
2091
3170
2792
1491
883
1855
3039
2983
1751
885
1477
2731
3136
2139
1083
1165
2398
3210
2478
1187
1026
2145
3021
2717
1546
1010
1725
2952
3036
1854
1013
1427
2640
2998
2202
1077
1123
2380
3222
2603
1314
1037
2012
3072
2821
1654
950
1717
2939
2941
1837
932
1422
2586
3078
2262
1176
1112
2238
3124
2613
1449
1006
1919
2993
2935
1690
887
1547
2815
3081
1916
1016
1335
2550
3121
2373
1145
1024
2254
3147
2650
1374
1017
1878
3019
2869
1722
1013
1551
2743
3041
2094
946
1243
2568
3172
2317
1165
1079
2085
3192
2761
1490
951
1830
2958
2962
1831
942
1511
2750
3120
2084
1032
1151
2366
3158
2466
1280
1064
2189
3046
2709
1529
988
1718
2938
3050
1851
967
1342
2642
3080
2173
1066
1193
2440
3145
2476
1231
1004
1984
3096
2780
1566
999
1731
2878
3039
1928
961
1447
2680
3088
2152
1192
1178
2179
3119
2603
1393
934
1956
3035
2898
1636
892
1653
2907
3100
1971
1087
1328
2561
3106
2314
1160
1110
2247
3097
2686
1388
968
1955
3126
2873
1631
1008
1592
2719
3050
2159
1024
1220
2456
3145
2360
1117
1048
2175
3141
2614
1470
976
1814
2901
2943
1859
993
1452
2686
3219
2236
1076
1159
2472
3199
2360
1168
1078
2192
2989
2777
1646
919
1611
2971
3108
1819
918
1355
2788
3107
2131
1072
1238
2443
3076
2474
1366
1154
1952
3062
2917
1573
908
1710
2995
3040
1854
938
1455
2668
3089
2159
1182
1153
2169
3151
2663
1355
912
2011
3056
2823
1616
943
1620
2790
2995
1938
1083
1348
2446
3037
2352
1193
1036
2241
3164
2659
1348
966
1907
3093
2862
1623
1048
1645
2735
2974
2139
1021
1207
2484
3239
2391
1120
1085
2209
3211
2642
1455
1064
1902
2885
2938
1921
963
1436
2691
3194
2112
1001
1179
2493
3279
2391
1216
1166
2144
2871
2682
1649
978
1663
2889
3048
1805
933
1464
2789
3106
2072
1045
1283
2426
3019
2465
1417
1093
1934
3074
2857
1582
904
1699
2958
3041
1881
924
1461
2676
3066
2201
1204
1111
2180
3215
2673
1313
872
2014
3134
2931
1630
942
1679
2872
3038
1958
1090
1344
2536
3106
2363
1181
1016
2217
3199
2720
1359
974
1907
3041
2870
1672
1036
1610
2699
2962
2156
1023
1186
2480
3169
2392
1136
1090
2223
3108
2646
1544
1061
1805
2869
2947
1862
984
1506
2723
3119
2098
1104
1259
2459
3196
2428
1202
1056
2200
3034
2691
1597
1041
1648
2867
3043
1831
918
1378
2725
3120
2173
1062
1160
2364
3113
2547
1292
1052
2002
3095
2837
1637
932
1659
2922
3001
1888
912
1371
2586
3085
2245
1167
1085
2142
3118
2647
1399
917
1995
3128
2857
1579
955
1731
2921
3027
1898
1035
1293
2486
3132
2367
1119
1040
2294
3161
2641
1399
936
1787
3044
2938
1673
957
1545
2734
3072
2180
1002
1178
2499
3218
2370
1172
1072
2148
3132
2612
1484
1003
1916
2996
2940
1845
937
1446
2700
3123
2102
1084
1236
2450
3222
2464
1237
1082
2231
3023
2715
1613
991
1656
2932
3053
1812
918
1413
2728
3108
2126
1057
1251
2419
3121
2546
1298
978
1968
3090
2819
1607
916
1692
2905
2986
1912
1003
1497
2657
3054
2170
1198
1182
2211
3156
2581
1325
918
2031
3111
2914
1692
933
1633
2833
3032
1944
1028
1343
2558
3118
2353
1141
1052
2265
3134
2660
1435
1037
1874
3046
2932
1711
979
1564
2800
3062
2110
990
1236
2511
3179
2354
1104
1058
2151
3140
2701
1491
947
1827
2985
2919
1747
945
1561
2744
3059
2065
1096
1177
2396
3112
2391
1205
1074
2192
3000
2664
1529
1034
1752
2878
2929
1788
1023
1437
2687
3068
2232
1090
1186
2388
3102
2460
1306
1110
1991
3080
2824
1621
1005
1682
2836
3018
1979
966
1343
2614
3116
2249
1179
1150
2243
3192
2668
1411
959
1979
3034
2826
1649
993
1604
2798
3040
1961
1044
1317
2536
3103
2321
1139
1111
2324
3100
2540
1436
1076
1823
2996
2928
1743
976
1570
2823
3061
2027
942
1284
2582
3159
2322
1235
1096
2058
3167
2728
1452
932
1897
3003
2982
1843
954
1545
2702
3057
2068
1138
1231
2341
3168
2559
1280
970
2169
3096
2682
1449
982
1833
2962
2953
1810
1001
1403
2651
3131
2247
1025
1111
2425
3214
2505
1257
1094
2090
3110
2738
1582
1006
1746
2865
2976
1980
949
1318
2636
3185
2241
1093
1098
2291
3164
2516
1325
1024
2065
2980
2869
1740
956
1570
2863
3124
1944
985
1232
2507
3165
2313
1125
1120
2290
3063
2620
1443
1018
1804
2995
2939
1710
953
1585
2867
2987
1969
983
1303
2478
3040
2322
1223
1091
2101
3114
2679
1503
937
1808
2983
2939
1758
939
1556
2767
3035
2047
1127
1216
2314
3141
2542
1287
960
2061
3054
2767
1477
929
1765
3011
3010
1765
1005
1479
2708
3042
2199
1100
1109
2305
3173
2561
1261
1008
1956
3098
2881
1634
959
1659
2883
3015
1984
931
1308
2626
3225
2265
1089
1136
2238
3101
2578
1446
1031
1933
3021
2949
1706
923
1623
2884
3110
1919
974
1278
2534
3105
2344
1236
1105
2235
3111
2653
1443
1063
1860
2995
2949
1686
930
1517
2786
3066
2105
1033
1273
2457
3106
2374
1188
1024
2120
3239
2697
1397
964
1897
2960
2894
1769
906
1461
2734
3163
2138
1038
1175
2428
3120
2407
1284
1031
2100
3043
2772
1510
903
1768
3006
2946
1774
1081
1475
2640
3067
2226
1053
1152
2397
3107
2460
1293
1093
2053
3050
2771
1595
955
1750
2933
3023
1954
960
1445
2711
3142
2196
1164
1180
2277
3141
2552
1377
1026
1992
2960
2824
1671
936
1604
2890
3107
1874
1012
1378
2588
3082
2328
1187
1043
2230
3167
2713
1401
958
1822
2998
2898
1743
936
1462
2786
3099
2094
984
1281
2540
3209
2422
1194
1040
2103
3205
2740
1473
970
1820
2923
2901
1854
1011
1488
2759
3172
2135
1093
1184
2413
3160
2486
1255
1003
2126
3067
2778
1528
952
1754
2958
2982
1870
1059
1356
2591
3045
2197
1102
1222
2397
3089
2503
1323
1069
1942
3121
2899
1635
933
1685
2948
3037
1914
887
1363
2650
3139
2233
1132
1156
2304
3187
2604
1332
970
2025
3054
2833
1628
930
1661
2888
3060
1885
1021
1378
2560
3123
2356
1179
1109
2251
3150
2677
1371
977
1916
3107
2877
1653
1039
1674
2765
2941
2104
1048
1237
2405
3135
2369
1145
1087
2175
3145
2598
1387
991
1904
2944
2909
1842
947
1470
2768
3202
2078
1009
1194
2429
3204
2447
1268
1049
2140
3044
2740
1541
961
1681
2877
3032
1855
942
1343
2672
3188
2200
1008
1192
2419
3071
2451
1292
1073
1936
3080
2846
1636
966
1666
2872
3052
1946
949
1415
2707
3117
2146
1129
1166
2243
3168
2667
1432
934
1961
3071
2873
1651
940
1658
2890
3027
1900
1080
1267
2453
3067
2366
1210
1071
2240
3162
2697
1356
962
1826
2971
2884
1712
1008
1531
2735
3049
2107
1021
1247
2503
3218
2366
1134
1060
2128
3110
2648
1467
989
1845
2924
2919
1855
983
1456
2704
3154
2112
1067
1203
2492
3198
2404
1255
1074
2136
3044
2720
1518
1018
1747
2932
3064
1893
968
1323
2703
3117
2170
992
1179
2455
3073
2432
1315
1080
1977
3066
2865
1637
945
1724
2922
2943
1914
963
1384
2596
3150
2230
1132
1144
2212
3191
2656
1337
909
1982
3120
2886
1627
945
1654
2833
3027
1976
1031
1335
2571
3167
2339
1137
1093
2252
3075
2618
1406
1023
1849
3045
2896
1671
977
1609
2785
2968
2055
1020
1256
2526
3232
2434
1214
1065
2144
3195
2679
1451
996
1869
2919
2902
1804
945
1496
2753
3161
2086
1037
1189
2459
3230
2430
1224
1051
2164
3015
2698
1567
967
1654
2903
3014
1789
943
1463
2707
3065
2198
1098
1155
2387
3137
2500
1306
1022
1932
3107
2857
1540
903
1722
2895
2993
1920
957
1409
2669
3181
2242
1127
1146
2233
3064
2532
1366
979
1969
3025
2927
1692
907
1594
2890
3046
1883
1059
1365
2540
3075
2303
1133
1054
2265
3147
2692
1405
984
1891
3041
2890
1657
933
1526
2741
2987
2062
1056
1271
2480
3137
2391
1236
1088
2128
3146
2704
1489
960
1889
2950
2912
1858
1033
1479
2683
3168
2125
1086
1170
2370
3185
2443
1238
1091
2133
2962
2727
1613
964
1629
2941
3049
1823
977
1452
2724
3062
2210
1096
1149
2339
3081
2545
1297
1043
2003
3082
2796
1572
992
1708
2893
3042
1993
968
1340
2637
3151
2147
1105
1234
2239
3086
2629
1373
945
1990
3069
2883
1627
934
1644
2902
3074
1856
1009
1359
2512
3031
2328
1129
1022
2262
3142
2646
1374
1016
1894
3047
2888
1649
1019
1641
2771
3003
2107
1005
1248
2476
3116
2319
1159
1039
2078
3128
2659
1450
972
1897
2985
2956
1863
995
1523
2761
3131
2091
1085
1222
2431
3173
2461
1263
1027
2145
3037
2730
1576
1029
1751
2869
2946
1872
1005
1400
2672
3111
2212
1088
1188
2400
3089
2476
1312
1070
2000
3117
2825
1610
1015
1747
2888
3017
1970
981
1413
2670
3121
2146
1094
1135
2231
3186
2570
1352
962
2012
3116
2985
1697
931
1673
2919
3079
1895
981
1350
2596
3076
2299
1180
1116
2235
3074
2700
1466
996
1859
3064
2971
1740
972
1530
2772
3044
2092
1032
1226
2425
3118
2427
1261
1100
2157
3136
2671
1488
1015
1849
2871
2892
1864
983
1484
2714
3123
2074
1072
1196
2392
3173
2493
1235
932
2148
3159
2799
1508
990
1791
2965
3034
1835
973
1363
2652
3132
2229
1030
1130
2349
3107
2484
1297
1029
2022
3125
2817
1575
949
1704
2845
2992
2032
1018
1350
2563
3129
2197
1095
1162
2253
3161
2592
1346
986
2014
2997
2782
1708
995
1579
2829
3108
1957
989
1354
2571
3096
2280
1097
1046
2248
3153
2617
1319
1022
1949
3063
2917
1714
957
1523
2788
3025
2077
1011
1278
2514
3096
2299
1189
1059
2062
3146
2724
1472
946
1847
2928
2899
1826
921
1448
2740
3144
2067
1051
1198
2435
3155
2417
1227
1026
2180
3071
2752
1552
1010
1793
2970
2937
1752
1043
1526
2651
2998
2222
1094
1164
2397
3106
2457
1290
1049
1983
3083
2801
1585
965
1670
2851
3038
1957
941
1379
2645
3114
2234
1164
1129
2233
3113
2552
1376
1013
2018
3029
2845
1629
987
1665
2795
3037
1973
1034
1231
2529
3221
2337
1087
1033
2311
3149
2652
1439
1024
1895
3035
2917
1661
883
1542
2803
3004
2033
1040
1318
2571
3182
2384
1217
1087
2155
3167
2655
1438
965
1844
2933
2956
1836
944
1456
2689
3132
2076
1044
1170
2477
3217
2430
1201
990
2189
3086
2749
1551
1019
1765
2931
2983
1856
1041
1424
2649
3082
2226
1091
1142
2382
3145
2548
1295
1025
1996
3110
2855
1616
952
1676
2934
3013
1918
929
1370
2649
3124
2185
1131
1182
2286
3160
2610
1369
975
2044
3081
2786
1608
1001
1657
2836
3064
1946
1007
1244
2512
3198
2358
1085
1118
2348
3120
2541
1361
1083
1861
2949
2847
1738
965
1544
2824
3044
2065
1029
1362
2473
3064
2386
1281
1151
2041
3054
2697
1498
1036
1911
2888
2861
1865
1019
1492
2720
3121
2057
1070
1253
2409
3095
2418
1275
1024
2181
3095
2694
1463
992
1835
2969
2957
1840
1081
1493
2673
3090
2199
1047
1159
2361
3129
2503
1254
1037
2034
3113
2768
1556
950
1731
2910
3021
1970
947
1340
2599
3140
2188
1124
1196
2301
3178
2592
1350
970
2028
3032
2857
1710
929
1579
2854
3118
1965
999
1296
2567
3166
2325
1121
1097
2299
3061
2633
1456
1011
1851
3115
2975
1678
967
1539
2764
3071
2106
978
1252
2552
3177
2345
1213
1125
2130
3084
2693
1466
908
1823
2961
2922
1823
955
1486
2720
3126
2121
1104
1174
2426
3144
2464
1248
1028
2161
3081
2754
1454
961
1746
2934
2961
1848
1019
1384
2643
3097
2256
1035
1075
2395
3210
2495
1283
1110
2069
3120
2830
1621
940
1680
2896
2973
1945
999
1381
2574
3115
2251
1149
1171
2262
3146
2627
1376
957
2032
3086
2851
1645
929
1598
2853
3136
1957
935
1316
2616
3144
2271
1104
1129
2254
3040
2647
1451
922
1728
3064
2930
1657
945
1637
2823
3015
2072
998
1221
2486
3124
2356
1195
1122
2164
3145
2625
1452
972
1834
2932
2948
1876
943
1504
2790
3148
2088
1096
1272
2382
3109
2496
1348
1085
2092
3027
2776
1555
1014
1812
2951
2925
1744
1038
1510
2662
3072
2234
1098
1198
2481
3187
2449
1293
1098
2021
3005
2726
1637
1015
1683
2888
3157
2051
917
1350
2598
3107
2165
1143
1145
2243
3165
2572
1432
994
1985
3003
2807
1648
895
1575
2830
3089
1942
940
1248
2544
3110
2291
1132
1051
2190
3081
2686
1412
998
1884
3010
2894
1714
1020
1555
2738
2995
2027
976
1237
2577
3145
2335
1199
1083
2141
3133
2692
1437
929
1800
2893
2923
1847
963
1481
2724
3157
2133
1071
1192
2371
3076
2455
1345
1040
2048
3044
2809
1541
991
1740
2944
3016
1826
995
1401
2715
3137
2213
1033
1177
2430
3075
2463
1316
1077
1953
3087
2842
1596
952
1689
2889
2996
1933
1008
1387
2574
3132
2255
1179
1142
2204
3122
2677
1399
909
1960
3063
2887
1648
946
1664
2887
3058
1911
1059
1368
2542
3154
2423
1148
1012
2280
3175
2618
1336
1005
1913
3050
2859
1631
978
1582
2721
3029
2129
1004
1236
2517
3155
2379
1223
1074
2093
3163
2723
1521
982
1929
2960
2892
1845
941
1420
2719
3158
2049
1078
1245
2410
3092
2469
1314
1053
2206
3088
2817
1616
975
1676
2916
3051
1871
983
1382
2681
3125
2188
1059
1236
2425
3059
2507
1347
1020
1945
3079
2865
1621
934
1737
2959
2991
1884
996
1463
2646
3109
2199
1213
1177
2179
3172
2697
1430
910
1902
3052
2982
1658
919
1705
2882
2994
1906
1054
1275
2472
3114
2402
1208
1097
2267
3175
2746
1436
994
1890
3033
2854
1709
1021
1515
2714
3093
2151
1036
1204
2422
3194
2417
1137
1051
2167
3138
2626
1453
1018
1872
2909
2909
1843
949
1463
2751
3186
2131
1046
1137
2420
3205
2420
1173
1053
2184
3035
2710
1534
927
1649
2958
3030
1817
941
1376
2679
3098
2181
1041
1197
2404
3055
2428
1280
1107
2021
3104
2878
1627
931
1656
2949
3002
1861
939
1437
2663
3138
2188
1104
1148
2262
3180
2607
1286
911
2030
3068
2828
1628
967
1689
2861
3030
1902
1021
1333
2541
3113
2344
1121
1007
2202
3143
2715
1351
920
1904
3099
2839
1613
1020
1648
2760
3033
2158
991
1244
2518
3149
2343
1178
1153
2190
3148
2680
1507
976
1797
2935
3011
1895
923
1435
2727
3178
2093
1036
1188
2414
3149
2422
1180
1017
2204
3033
2678
1509
1003
1743
2930
2982
1769
1001
1460
2681
3133
2152
1029
1225
2439
3074
2492
1379
1057
1916
3081
2866
1635
935
1722
2928
2932
1874
1008
1470
2685
3099
2197
1216
1183
2210
3136
2579
1377
991
2061
3084
2863
1654
959
1694
2898
3077
1946
1048
1310
2512
3146
2327
1152
1096
2261
3090
2648
1423
1015
1901
3079
2958
1708
980
1605
2764
3043
2144
1022
1189
2486
3211
2346
1159
1056
2113
3120
2647
1511
989
1736
2889
2981
1829
929
1515
2740
3091
2040
1096
1191
2304
3082
2485
1290
975
2105
3086
2756
1453
938
1738
2941
3002
1816
1012
1418
2657
3098
2292
1117
1155
2354
3097
2502
1284
1098
1990
3069
2827
1626
958
1659
2869
2935
1913
989
1446
2631
3139
2231
1070
1168
2332
3187
2597
1359
980
1995
3063
2889
1649
887
1593
2881
3114
1913
969
1346
2624
3120
2310
1207
1136
2200
3054
2671
1462
978
1831
3086
2959
1660
945
1575
2773
2981
2027
998
1263
2499
3174
2296
1105
1055
2103
3114
2657
1489
989
1895
3001
2961
1832
987
1537
2740
3076
2057
1061
1195
2327
3140
2515
1216
930
2140
3155
2787
1424
943
1806
2910
2890
1776
1075
1479
2646
3081
2252
1085
1167
2401
3129
2456
1244
1002
1982
3117
2762
1580
1022
1700
2791
3002
2048
976
1355
2668
3213
2219
1092
1143
2326
3156
2490
1352
1091
2019
2947
2876
1752
990
1626
2889
3102
1924
1009
1329
2631
3155
2297
1158
1133
2331
3088
2602
1410
1006
1838
3034
2983
1707
893
1531
2842
3066
1994
1012
1378
2556
3040
2342
1256
1110
2077
3117
2760
1438
834
1823
3060
3000
1799
909
1522
2778
3084
2037
1100
1243
2341
3062
2517
1329
949
2067
3093
2773
1476
930
1793
3035
2989
1743
984
1484
2639
3047
2290
1078
1064
2367
3220
2575
1258
998
2022
3204
2871
1576
960
1651
2865
2985
1951
952
1360
2622
3136
2203
1053
1158
2340
3148
2551
1362
1018
1987
2969
2820
1675
992
1622
2840
3079
1944
1039
1330
2504
3008
2267
1160
1155
2283
3045
2670
1488
1014
1809
3028
2967
1686
903
1577
2894
3094
2057
1002
1312
2507
3120
2366
1197
1075
2139
3211
2735
1460
942
1888
3008
2918
1786
940
1509
2742
3102
2062
1063
1184
2397
3206
2452
1267
1060
2190
3043
2761
1632
1029
1719
2915
2996
1814
1006
1490
2705
3113
2240
1089
1179
2401
3162
2512
1273
1028
1999
3106
2806
1544
904
1733
2928
2991
1950
1010
1421
2583
3103
2198
1077
1083
2268
3175
2595
1300
901
2014
3063
2867
1658
919
1625
2873
3035
1876
993
1293
2558
3142
2336
1167
1059
2262
3111
2641
1433
1007
1844
3045
2947
1655
914
1536
2765
3040
2061
1047
1304
2497
3146
2448
1239
1023
2140
3192
2641
1396
978
1919
2933
2862
1800
916
1402
2713
3137
2083
1131
1240
2384
3095
2460
1254
1027
2132
3016
2731
1586
1031
1690
2986
3129
1831
927
1426
2766
3036
2107
1054
1223
2409
3054
2512
1347
1091
1987
3051
2829
1605
938
1698
2922
2990
1975
997
1348
2575
3116
2240
1186
1200
2203
3129
2618
1361
981
1992
3043
2889
1639
938
1655
2920
3072
1907
1042
1316
2561
3154
2356
1165
1109
2282
3072
2631
1438
1013
1859
3039
2957
1692
878
1591
2847
3021
2036
1016
1352
2487
3092
2374
1259
1076
2076
3159
2710
1535
1065
1941
3003
2921
1837
956
1519
2723
3083
2061
1062
1194
2339
3153
2459
1203
1029
2214
3059
2632
1492
959
1699
2990
3015
1756
945
1422
2665
3117
2219
1041
1103
2355
3145
2492
1289
1023
1974
3114
2838
1559
865
1733
2962
2988
1948
932
1296
2544
3208
2267
1071
1085
2281
3231
2526
1330
1022
1996
3017
2930
1711
916
1648
2877
3031
1886
1016
1260
2471
3142
2370
1115
1035
2281
3073
2625
1493
1028
1866
3034
2955
1729
931
1548
2764
2970
2062
1034
1282
2458
3083
2382
1229
1058
2103
3091
2628
1511
971
1725
2858
2987
1835
907
1469
2713
3117
2068
1039
1179
2397
3094
2430
1334
1071
2117
3091
2793
1511
970
1745
3012
3060
1817
987
1405
2709
3139
2215
1042
1161
2406
3155
2482
1280
1100
2014
3153
2886
1566
900
1681
2920
2961
1978
1033
1309
2532
3182
2319
1062
1047
2305
3249
2585
1285
957
2038
3047
2834
1688
942
1583
2837
3035
1899
1015
1288
2514
3084
2340
1155
1090
2246
3064
2595
1414
1060
1904
3078
2900
1688
977
1597
2815
2975
2037
997
1288
2468
3077
2360
1240
1062
2022
3131
2762
1521
900
1782
3026
3006
1776
920
1591
2759
2975
1978
1145
1258
2316
3165
2595
1323
948
2130
3167
2785
1439
881
1789
3044
2960
1749
1054
1486
2661
3042
2222
1101
1161
2389
3197
2521
1227
998
2006
3144
2801
1523
928
1730
2906
3019
1967
945
1347
2624
3196
2199
1053
1103
2312
3201
2517
1354
1042
1982
2960
2853
1729
1013
1558
2780
3079
1970
1022
1247
2526
3178
2341
1109
1060
2264
3120
2674
1437
971
1879
3048
2943
1733
951
1503
2763
3052
2064
1007
1325
2519
3124
2362
1208
1099
2166
3118
2661
1496
1012
1909
2980
2862
1737
960
1545
2742
3102
2107
1117
1223
2435
3147
2428
1249
1037
2121
3025
2735
1541
1016
1803
3002
2981
1734
1023
1557
2701
3033
2229
1093
1139
2386
3195
2548
1281
1063
2015
3069
2788
1576
934
1644
2814
2956
1963
987
1358
2622
3154
2193
1122
1112
2230
3156
2600
1387
992
2007
3014
2876
1719
914
1580
2802
3042
1950
1053
1311
2505
3145
2409
1194
1075
2250
3099
2630
1378
997
1890
3034
2893
1657
1014
1591
2759
3057
2093
970
1249
2511
3177
2349
1143
1045
2163
3236
2708
1437
977
1899
2981
2879
1773
1002
1565
2638
3035
2068
1046
1213
2442
3169
2368
1210
1107
2219
3025
2715
1586
941
1735
2984
3018
1806
949
1438
2691
3063
2169
1063
1172
2385
3168
2535
1297
1051
1996
3124
2851
1570
909
1708
2924
2967
1864
924
1429
2664
3106
2214
1140
1074
2218
3169
2589
1370
962
1979
3042
2910
1653
876
1587
2886
3037
1900
1049
1346
2529
3117
2368
1126
1057
2330
3124
2643
1419
968
1866
3034
2857
1711
1008
1576
2769
3049
2069
1004
1286
2501
3089
2368
1224
1161
2111
3063
2697
1499
996
1840
2927
2917
1816
982
1449
2679
3143
2113
1003
1092
2420
3170
2406
1256
1065
2165
3043
2749
1527
956
1755
2990
2982
1794
1014
1453
2691
3083
2180
1036
1187
2391
3092
2457
1273
1068
1960
3055
2831
1618
967
1678
2868
2988
1992
909
1287
2583
3105
2188
1064
1164
2270
3085
2560
1344
958
1949
3023
2848
1666
954
1568
2795
3047
1952
1051
1330
2519
3068
2334
1131
1030
2251
3153
2638
1359
1013
1910
3058
2868
1694
993
1576
2815
3045
2099
983
1243
2518
3109
2369
1183
1065
2068
3113
2701
1487
963
1909
3005
2883
1761
949
1515
2715
3072
2041
1058
1172
2349
3166
2488
1227
978
2159
3135
2753
1463
934
1812
2991
2974
1811
1038
1396
2630
3141
2257
1095
1162
2360
3126
2515
1322
1060
1992
3122
2853
1604
938
1707
2910
3057
1986
929
1389
2652
3149
2214
1111
1142
2316
3188
2578
1367
1035
2043
2993
2859
1716
944
1601
2868
3060
1895
1051
1301
2481
3115
2340
1118
1078
2261
3035
2600
1437
1029
1822
3042
2942
1723
994
1518
2784
3039
2055
959
1244
2512
3123
2395
1275
1164
2142
3070
2705
1561
986
1765
2946
2940
1777
969
1555
2759
3095
2021
1071
1219
2393
3138
2505
1321
1007
2051
3077
2754
1446
939
1750
2950
2972
1841
1066
1346
2559
3129
2320
1077
1070
2384
3264
2510
1202
1077
2115
3129
2774
1661
1025
1658
2852
2989
1979
948
1305
2584
3150
2205
1101
1179
2305
3177
2559
1354
965
1964
3004
2865
1702
974
1628
2842
3094
2004
1033
1269
2546
3170
2336
1112
1125
2304
3030
2547
1438
1025
1810
3033
2959
1666
904
1513
2774
3012
2086
977
1241
2500
3143
2402
1180
1037
2136
3209
2742
1435
924
1887
3004
2886
1758
979
1541
2742
3112
2003
1003
1278
2428
3050
2382
1327
1108
2166
3028
2779
1575
948
1762
3013
2996
1732
1005
1499
2664
3038
2197
1112
1179
2345
3140
2545
1284
1054
1985
3095
2786
1490
948
1710
2821
2974
2005
964
1292
2560
3121
2213
1097
1131
2273
3130
2488
1376
1031
2051
3012
2817
1726
968
1613
2913
3115
1908
981
1350
2558
3112
2292
1139
1078
2226
3108
2717
1438
990
1918
3111
2934
1659
908
1528
2796
2994
2032
1073
1346
2483
3108
2399
1198
1029
2132
3146
2709
1524
988
1849
2943
2943
1829
919
1478
2786
3143
2013
1046
1205
2426
3140
2444
1253
970
2178
3106
2728
1495
950
1755
2954
2981
1808
1036
1427
2628
3110
2254
1033
1150
2483
3212
2486
1289
1087
2019
3089
2849
1605
928
1760
2956
2995
1932
1005
1403
2590
3202
2275
1097
1152
2321
3212
2620
1384
1012
2028
2971
2782
1752
1059
1553
2812
3136
2033
1039
1207
2514
3136
2331
1149
1095
2343
3127
2531
1367
1042
1882
3073
2899
1639
1006
1644
2760
2987
2090
970
1224
2510
3197
2345
1158
1090
2159
3221
2699
1405
959
1896
2952
2886
1851
902
1465
2779
3147
2021
1042
1304
2399
3129
2487
1322
1049
2123
3084
2770
1557
983
1753
2939
2999
1882
1024
1418
2708
3136
2205
1022
1237
2505
3128
2485
1275
995
2012
3144
2780
1529
939
1703
2874
2987
1946
978
1395
2623
3189
2242
1090
1159
2319
3209
2539
1343
1048
2026
2956
2809
1714
1016
1665
2877
3068
1890
982
1306
2597
3152
2295
1153
1126
2245
3061
2742
1458
959
1872
3088
2916
1659
980
1563
2797
3063
2074
954
1247
2533
3126
2387
1203
1042
2137
3255
2772
1441
943
1847
2975
2952
1807
897
1466
2770
3151
2036
1008
1224
2460
3103
2409
1256
1033
2083
3045
2772
1475
919
1701
2985
3049
1866
1027
1424
2678
3024
2142
1070
1206
2408
3137
2512
1300
1093
2007
3094
2843
1602
927
1682
2907
2965
1882
902
1381
2669
3069
2163
1167
1181
2268
3209
2647
1369
960
2012
3048
2793
1627
960
1578
2803
3098
1955
972
1294
2620
3167
2343
1080
1024
2287
3157
2662
1332
979
1927
3080
2877
1622
975
1563
2763
3004
2078
1020
1267
2532
3091
2337
1233
1004
2034
3200
2801
1488
941
1887
2989
2942
1850
992
1524
2685
3084
2058
1061
1219
2389
3180
2505
1230
935
2084
3085
2815
1541
957
1771
2984
2965
1808
1035
1481
2671
3020
2218
1096
1150
2411
3180
2518
1261
1083
2057
3072
2719
1566
1006
1755
2927
2943
1871
913
1417
2660
3113
2204
1141
1182
2322
3173
2519
1356
1035
2031
2997
2840
1692
966
1639
2959
3097
1862
1018
1340
2512
3059
2322
1191
1107
2263
3079
2642
1379
964
1856
3051
2938
1666
953
1566
2791
3081
2081
967
1275
2494
3074
2313
1193
1067
2112
3174
2738
1457
947
1876
2940
2859
1830
981
1466
2692
3099
2077
1086
1218
2384
3106
2451
1301
1024
2144
3076
2741
1507
955
1736
3012
3049
1800
980
1438
2683
3117
2242
1095
1134
2375
3141
2523
1293
1060
2002
3140
2860
1619
979
1709
2893
3034
1961
926
1313
2671
3214
2210
1100
1175
2292
3150
2609
1400
965
2010
3055
2879
1660
902
1609
2863
3099
1979
1032
1302
2576
3155
2352
1179
1075
2208
3098
2655
1380
994
1891
3052
2880
1649
954
1604
2772
2974
2059
976
1208
2535
3209
2337
1147
1069
2100
3141
2685
1478
968
1863
2966
2935
1814
977
1490
2728
3160
2050
1007
1189
2404
3184
2458
1213
1035
2170
3063
2737
1530
958
1747
2994
3033
1776
963
1435
2685
3066
2202
1152
1223
2405
3122
2549
1314
1008
1976
3090
2807
1623
1008
1715
2868
3011
1984
961
1376
2661
3187
2256
1142
1142
2222
3147
2583
1367
1014
2088
3116
2875
1617
920
1640
2856
3088
1971
1033
1288
2558
3208
2341
1124
1114
2304
3074
2609
1453
1072
1855
2953
2891
1749
989
1491
2728
3035
2127
1048
1272
2506
3141
2366
1221
1095
2101
3145
2740
1468
882
1815
2945
2962
1820
929
1452
2720
3134
2079
1078
1193
2354
3151
2542
1275
961
2210
3136
2790
1533
923
1710
3002
3108
1839
959
1384
2641
3058
2191
1097
1115
2334
3136
2538
1286
1044
2024
3088
2846
1603
936
1663
2866
3014
1962
932
1354
2610
3157
2267
1150
1131
2214
3133
2630
1401
970
1984
3042
2825
1643
991
1657
2863
3110
1970
1018
1289
2501
3131
2369
1185
1080
2247
3128
2634
1394
960
1817
3037
2889
1656
920
1507
2744
3067
2125
984
1197
2427
3119
2352
1196
1079
2117
3131
2717
1500
1006
1907
2879
2837
1895
1008
1419
2647
3224
2120
983
1243
2469
3170
2464
1275
1080
2190
3039
2715
1560
990
1729
3018
3031
1766
1012
1445
2616
3032
2204
1084
1203
2442
3119
2427
1295
1088
1963
3062
2844
1605
905
1667
2954
3009
1921
983
1453
2667
3094
2216
1168
1138
2265
3180
2575
1302
961
2043
3023
2826
1649
955
1623
2844
3089
1963
1031
1261
2526
3103
2303
1164
1058
2202
3135
2734
1381
967
1875
3004
2844
1696
953
1541
2803
3079
2073
958
1245
2540
3147
2350
1166
1080
2134
3161
2727
1521
980
1883
2963
2944
1826
975
1513
2699
3100
2124
1076
1211
2454
3178
2462
1242
1001
2078
3024
2831
1608
960
1695
2990
3064
1753
938
1468
2736
3019
2160
1109
1148
2344
3132
2482
1240
1040
2088
3139
2793
1589
973
1682
2871
2994
1968
985
1322
2556
3119
2219
1081
1136
2292
3136
2575
1373
981
2004
3015
2845
1648
941
1563
2857
3135
1952
986
1353
2626
3129
2308
1186
1176
2307
3103
2674
1509
1107
1824
2957
2923
1761
1016
1639
2819
3021
2098
989
1235
2514
3177
2374
1210
1119
2100
3180
2733
1500
1000
1881
2918
2857
1797
944
1527
2714
3055
2086
1118
1189
2278
3071
2439
1261
995
2125
3005
2667
1521
1009
1725
2902
2961
1792
1027
1458
2609
3033
2257
1105
1161
2456
3214
2488
1249
1035
2062
3174
2831
1602
1009
1739
2885
3019
1992
991
1395
2597
3126
2182
1064
1100
2279
3163
2566
1326
981
2042
3051
2889
1655
889
1610
2898
3093
1904
984
1252
2506
3111
2320
1187
1059
2225
3157
2682
1370
957
1896
3091
2986
1703
871
1512
2821
3057
1985
954
1377
2549
3088
2334
1227
1040
2053
3170
2733
1451
941
1837
2983
2977
1799
927
1557
2768
3050
2025
1110
1221
2313
3077
2490
1291
988
2142
3123
2803
1529
982
1764
2971
3032
1849
1036
1414
2603
3059
2297
1095
1083
2334
3175
2523
1168
1005
2111
3167
2769
1580
1048
1709
2872
3016
1977
898
1307
2667
3220
2225
1033
1142
2300
3194
2588
1328
981
1964
2993
2885
1684
902
1531
2816
3125
1966
999
1369
2614
3069
2296
1169
1129
2274
3045
2623
1472
1035
1830
3063
2980
1665
896
1582
2850
3069
2032
982
1322
2528
3122
2310
1232
1121
2080
3122
2775
1545
916
1814
2965
3010
1895
943
1532
2755
3087
2089
1136
1244
2332
3099
2506
1328
1018
2160
3170
2740
1420
956
1814
2945
2938
1824
1081
1453
2615
3059
2240
1093
1160
2439
3148
2458
1217
1006
2021
3132
2760
1543
927
1712
2888
2999
1976
983
1367
2595
3143
2193
1094
1188
2303
3157
2523
1380
1065
1990
2972
2886
1675
930
1615
2858
3088
1949
1017
1282
2580
3162
2259
1103
1140
2328
3080
2623
1495
1004
1777
3025
2946
1649
892
1571
2836
3026
2042
1026
1298
2541
3174
2394
1193
1035
2165
3213
2657
1434
1052
1898
2910
2932
1872
1001
1544
2698
3127
2096
1066
1136
2397
3189
2479
1280
997
2055
3092
2828
1546
946
1721
2978
3030
1787
975
1464
2707
3080
2193
1029
1129
2382
3108
2440
1242
1097
2016
3088
2840
1550
929
1776
2902
2953
1971
1003
1379
2620
3160
2275
1142
1162
2269
3144
2559
1386
996
1962
3028
2778
1592
1003
1672
2802
2978
1956
1111
1366
2542
3087
2358
1182
1130
2255
3104
2712
1471
1007
1842
2992
2890
1746
996
1550
2742
3072
2173
1042
1260
2505
3195
2397
1155
1042
2113
3143
2665
1509
989
1826
2906
2945
1892
934
1491
2746
3071
2007
1039
1238
2392
3140
2482
1259
954
2144
3118
2706
1465
941
1713
2894
2975
1771
969
1368
2619
3124
2205
1044
1188
2446
3103
2464
1324
1061
2012
3126
2827
1543
906
1699
2866
2991
1930
958
1450
2651
3097
2211
1157
1136
2245
3175
2578
1385
976
2009
3067
2870
1652
938
1630
2822
3020
1938
1075
1280
2516
3123
2336
1123
1017
2288
3179
2643
1364
971
1884
3081
2903
1715
990
1508
2771
3053
2067
1006
1261
2479
3085
2299
1185
1127
2182
3160
2700
1439
931
1870
2999
2921
1754
919
1489
2798
3169
2091
1056
1234
2410
3141
2469
1267
1010
2104
3076
2785
1479
907
1729
3009
3001
1787
1004
1460
2659
3002
2228
1170
1160
2371
3160
2575
1315
1060
1997
3096
2777
1597
993
1616
2844
3042
1988
1001
1382
2620
3190
2243
1152
1174
2238
3149
2641
1384
987
2024
2990
2763
1635
997
1608
2810
3128
2001
977
1274
2614
3132
2282
1148
1141
2267
3087
2639
1416
967
1820
3063
2920
1631
923
1566
2744
2997
2090
1014
1279
2533
3175
2334
1174
1113
2160
3149
2672
1443
931
1881
2994
2884
1752
924
1524
2675
3033
2082
1135
1240
2392
3164
2453
1225
1037
2233
3061
2698
1537
1004
1710
2882
2946
1720
924
1426
2661
3109
2186
1014
1115
2383
3113
2520
1291
976
1975
3106
2797
1594
951
1648
2866
3014
1929
957
1407
2672
3163
2212
1127
1094
2205
3186
2613
1406
998
2013
3004
2827
1727
1026
1637
2808
3065
1959
1065
1284
2469
3156
2392
1103
1025
2259
3140
2633
1376
967
1849
3016
2875
1698
1002
1533
2743
3076
2117
980
1241
2536
3152
2340
1179
1065
2171
3175
2667
1434
947
1861
2949
2890
1815
993
1531
2696
3094
2082
1075
1198
2399
3196
2501
1253
990
2162
3114
2739
1521
938
1665
2978
3073
1798
968
1422
2693
3067
2232
1108
1176
2397
3219
2564
1205
1062
2076
3122
2800
1573
955
1689
2913
3068
2001
939
1299
2585
3165
2206
1092
1187
2292
3121
2637
1416
952
1970
3091
2866
1619
896
1601
2877
3076
1910
990
1364
2614
3070
2255
1139
1100
2250
3101
2625
1383
999
1829
2993
2919
1680
954
1595
2781
3027
2097
1017
1243
2466
3164
2364
1166
1052
2142
3189
2713
1478
980
1871
2965
2937
1879
897
1433
2743
3144
2080
1038
1212
2398
3128
2447
1224
978
2149
3077
2745
1518
891
1712
3046
3029
1733
953
1442
2690
3095
2239
1064
1160
2443
3160
2483
1260
988
1948
3100
2843
1609
971
1665
2893
3014
1897
929
1393
2697
3162
2173
1137
1161
2250
3159
2593
1398
1025
2001
3046
2924
1700
950
1632
2913
3080
1923
1056
1363
2545
3107
2333
1144
1072
2311
3125
2605
1379
1034
1942
3015
2841
1690
966
1553
2851
3028
2011
968
1299
2487
3135
2457
1235
1105
2200
3200
2671
1417
991
1940
2960
2853
1813
1004
1505
2692
3112
2090
1085
1216
2432
3155
2444
1250
1005
2172
3111
2713
1523
998
1708
2901
3050
1886
994
1396
2717
3095
2151
1015
1165
2428
3122
2481
1301
1104
2006
3081
2895
1607
890
1668
2940
3007
1881
917
1409
2646
3116
2211
1104
1138
2247
3169
2602
1411
984
1956
3006
2836
1652
974
1638
2869
3040
1906
1051
1318
2466
3079
2385
1113
978
2239
3128
2590
1342
1036
1909
3015
2859
1706
1015
1621
2746
2947
2069
1057
1260
2431
3138
2362
1142
1034
2147
3177
2621
1435
988
1908
2960
2905
1813
988
1540
2669
3104
2095
1042
1212
2419
3191
2438
1170
991
2238
3113
2706
1562
1012
1685
2874
3031
1819
955
1414
2699
3083
2196
1067
1167
2429
3117
2537
1304
952
1952
3104
2790
1564
978
1715
2849
2946
1938
988
1407
2632
3060
2085
1102
1168
2259
3161
2590
1333
920
2017
3086
2886
1665
902
1631
2856
3049
1921
1074
1347
2515
3075
2305
1154
1076
2253
3129
2663
1440
1056
1916
3056
2862
1679
1003
1529
2722
3021
2120
995
1227
2470
3138
2370
1185
1074
2172
3201
2683
1448
964
1783
2970
2990
1801
982
1553
2765
3103
2098
1106
1171
2393
3223
2498
1201
955
2153
3132
2777
1482
939
1753
2994
3034
1843
979
1356
2706
3087
2203
1109
1200
2396
3124
2533
1279
1039
2019
3136
2764
1548
1033
1747
2842
2944
1988
1001
1350
2633
3174
2175
1059
1152
2297
3157
2577
1387
1007
1917
2933
2850
1718
952
1596
2883
3114
1970
1039
1325
2541
3093
2358
1163
1071
2260
3106
2608
1376
1036
1880
3010
2901
1698
990
1561
2712
3017
2166
1058
1242
2435
3170
2326
1161
1131
2131
3185
2689
1448
942
1893
3002
2883
1791
961
1529
2732
3091
2045
1059
1256
2377
3135
2498
1264
1018
2135
3061
2772
1559
1046
1822
2917
2944
1782
1014
1416
2636
3082
2184
1035
1153
2391
3171
2506
1272
996
1959
3097
2814
1509
938
1751
2889
2987
1967
957
1356
2646
3174
2211
1118
1143
2281
3154
2541
1314
1004
2082
3055
2900
1720
951
1630
2905
3078
1894
1016
1313
2576
3101
2339
1214
1165
2325
3125
2672
1447
1045
1911
2986
2876
1758
1002
1573
2821
3036
2034
1021
1276
2449
3080
2464
1301
1019
2109
3180
2699
1453
949
1865
2984
2947
1796
936
1472
2751
3172
2095
1089
1194
2418
3147
2455
1255
998
2128
3039
2784
1497
961
1778
2916
2971
1843
1028
1402
2637
3134
2222
1040
1132
2393
3101
2429
1316
1149
2003
3009
2826
1618
922
1665
2885
2988
1946
984
1377
2595
3133
2197
1108
1179
2303
3113
2530
1356
1012
1982
3006
2917
1699
863
1536
2863
3076
1858
1008
1286
2497
3149
2366
1140
1052
2344
3158
2637
1411
988
1824
3058
3013
1734
907
1564
2876
3111
2087
980
1269
2501
3110
2358
1250
1086
2057
3150
2706
1430
980
1958
2972
2919
1848
950
1511
2742
3095
2049
1103
1267
2405
3157
2452
1300
1120
2174
2979
2695
1586
990
1674
2899
3056
1866
986
1411
2670
3106
2223
1030
1194
2416
3116
2489
1314
1092
2008
3082
2794
1579
981
1693
2882
3097
2017
930
1318
2603
3141
2213
1167
1153
2201
3178
2566
1314
917
2026
3035
2776
1675
1017
1636
2867
3128
1950
1012
1376
2598
3089
2260
1073
1088
2318
3107
2640
1443
999
1883
3080
2957
1688
963
1565
2764
2983
2077
1055
1294
2518
3118
2409
1253
1076
2147
3166
2719
1487
985
1867
2945
2905
1832
981
1504
2734
3135
2109
1096
1193
2429
3149
2391
1203
1009
2133
3043
2731
1533
999
1761
2960
3018
1863
1018
1436
2689
3129
2184
1028
1197
2453
3142
2456
1271
1104
2010
3097
2836
1646
984
1705
2849
2919
1941
1008
1377
2595
3103
2235
1152
1103
2229
3180
2596
1348
985
1998
3027
2810
1698
965
1560
2813
3106
1978
951
1278
2588
3178
2344
1134
1142
2255
3063
2705
1491
915
1763
3114
3059
1708
871
1503
2790
3051
2046
954
1217
2465
3141
2378
1204
1102
2098
3148
2703
1438
914
1939
3078
2942
1772
872
1471
2715
3033
2098
1155
1199
2339
3201
2525
1265
955
2154
3145
2727
1438
933
1781
3001
2986
1768
1018
1454
2625
3113
2305
1067
1095
2416
3212
2503
1214
990
2075
3206
2769
1515
1012
1784
2874
3017
1986
979
1365
2636
3201
2274
1098
1085
2273
3182
2540
1371
1020
1964
2919
2853
1809
1004
1498
2811
3188
1967
955
1327
2615
3086
2223
1113
1175
2313
3076
2698
1489
989
1848
3076
2984
1682
881
1532
2877
3082
1995
956
1327
2525
3066
2370
1325
1098
2015
3112
2792
1499
898
1876
3094
2926
1679
978
1617
2740
3046
2047
1157
1311
2377
3093
2505
1223
886
2095
3191
2850
1465
935
1834
3016
2955
1770
1033
1467
2603
2997
2271
1147
1116
2347
3164
2539
1224
1052
2110
3161
2774
1594
1072
1713
2821
2996
2063
985
1278
2584
3228
2276
1038
1132
2397
3222
2470
1252
1012
2118
3004
2803
1715
915
1523
2873
3152
1892
924
1313
2576
3112
2268
1156
1146
2292
3074
2595
1445
1049
1795
2973
2981
1763
936
1528
2797
3019
2020
1011
1344
2505
3050
2357
1269
1059
2069
3202
2802
1534
965
1861
2996
2951
1788
918
1539
2766
3051
2030
1086
1155
2294
3202
2577
1253
1001
2174
3134
2764
1508
972
1767
2952
2970
1797
1032
1465
2619
3061
2265
1084
1116
2416
3216
2513
1253
1052
2044
3152
2782
1561
990
1688
2836
2979
1950
963
1333
2637
3219
2205
1030
1152
2311
3123
2517
1403
1051
1977
2990
2949
1737
900
1619
2884
3117
1961
981
1245
2580
3188
2314
1170
1170
2284
3070
2649
1461
1004
1871
3029
2906
1685
934
1509
2843
3092
2053
978
1275
2554
3127
2293
1187
1097
2152
3197
2781
1478
879
1839
3034
3011
1796
908
1512
2854
3205
2058
1073
1255
2403
3074
2473
1295
970
2103
3130
2819
1514
940
1773
2982
2986
1824
1079
1420
2579
3081
2258
1066
1142
2371
3150
2504
1247
1038
2002
3015
2741
1586
1015
1807
2897
2962
1991
993
1317
2598
3186
2165
1028
1165
2343
3135
2499
1343
1051
2007
2959
2813
1720
991
1615
2860
3087
1930
918
1288
2647
3181
2314
1179
1143
2201
3073
2696
1467
940
1760
3075
2982
1655
902
1560
2802
3023
2034
1015
1314
2499
3110
2405
1253
1066
2051
3137
2724
1463
929
1890
3048
2921
1754
908
1561
2806
3064
1989
1056
1234
2405
3254
2571
1247
986
2161
3115
2722
1490
1001
1786
2926
2902
1777
1015
1438
2638
3060
2203
1099
1225
2393
3123
2538
1257
1055
2070
3096
2730
1549
1026
1716
2828
3079
2039
990
1403
2662
3182
2240
1107
1145
2298
3210
2556
1351
1018
2002
3041
2905
1711
936
1639
2911
3080
1922
981
1272
2551
3089
2267
1066
1085
2358
3107
2613
1370
999
1878
3044
2956
1765
1002
1527
2787
3042
2006
984
1291
2481
3086
2401
1307
1077
2050
3163
2780
1456
899
1790
2930
2932
1815
987
1483
2675
3111
2088
1051
1161
2418
3195
2437
1263
1122
2194
3042
2748
1581
969
1676
2918
3021
1831
970
1382
2696
3100
2199
1058
1167
2351
3098
2516
1325
1020
1960
3142
2819
1569
965
1696
2912
3025
1909
990
1429
2661
3116
2160
1097
1183
2258
3124
2596
1419
947
1936
3054
2863
1648
948
1664
2886
3032
1879
1030
1369
2546
3073
2325
1165
1082
2252
3107
2650
1430
1014
1878
3041
2909
1679
983
1613
2738
2996
2099
1002
1226
2467
3141
2384
1165
1133
2166
3119
2692
1470
976
1835
2948
2959
1845
953
1511
2758
3171
2138
1116
1275
2444
3232
2469
1189
962
2131
3062
2715
1491
964
1782
3005
2986
1810
968
1431
2703
3139
2190
1058
1228
2420
3085
2498
1346
1050
1956
3054
2776
1547
943
1708
2872
2970
1962
929
1386
2657
3117
2172
1131
1169
2270
3147
2646
1395
944
1993
3049
2891
1719
943
1628
2917
3099
1917
1016
1329
2564
3092
2269
1127
1104
2288
3101
2664
1378
992
1909
3012
2917
1762
1006
1522
2741
3076
2128
1063
1232
2442
3147
2390
1254
1101
2080
3131
2776
1539
905
1835
3009
2935
1739
927
1529
2761
3118
2093
1099
1179
2349
3107
2467
1248
1008
2127
3081
2795
1537
982
1676
2940
3077
1833
979
1379
2670
3067
2208
1080
1106
2361
3158
2538
1272
1024
1975
3116
2826
1573
969
1667
2803
2928
1980
1002
1360
2621
3183
2244
1087
1145
2310
3197
2553
1286
985
1976
2997
2894
1699
944
1608
2852
3036
1895
1012
1364
2613
3122
2295
1163
1148
2275
3050
2588
1446
1059
1822
3017
2981
1745
931
1495
2806
3066
2059
1018
1317
2508
3081
2322
1230
1092
2082
3132
2763
1552
936
1837
3036
2980
1769
840
1509
2736
3052
2028
1077
1126
2286
3157
2464
1211
988
2148
3066
2741
1556
1008
1760
2918
3006
1844
1002
1451
2667
3123
2272
1073
1163
2386
3121
2498
1313
1039
1988
3091
2771
1585
991
1754
2814
2933
2009
990
1294
2579
3165
2293
1116
1069
2244
3186
2523
1310
1030
2039
2976
2810
1732
993
1570
2850
3150
1969
955
1247
2557
3162
2291
1113
1100
2256
3123
2690
1388
986
1894
3055
2924
1681
941
1533
2713
3033
2142
1029
1232
2488
3171
2338
1187
1102
2152
3147
2687
1471
962
1834
2959
2943
1833
973
1561
2760
3107
2084
1084
1245
2428
3168
2487
1209
977
2164
3070
2717
1509
1030
1774
2919
2994
1812
997
1457
2718
3095
2182
1026
1153
2414
3115
2506
1285
1057
1994
3103
2852
1604
960
1690
2893
2986
1912
932
1309
2596
3161
2241
1112
1181
2360
3112
2511
1361
1009
1999
3022
2882
1686
895
1580
2885
3121
1928
964
1341
2616
3083
2284
1148
1141
2279
3093
2684
1483
992
1824
3042
2937
1688
952
1585
2833
3063
2037
992
1311
2496
3060
2297
1219
1107
2094
3117
2675
1477
1017
1908
3010
2958
1786
921
1525
2726
3088
2005
1046
1193
2349
3169
2461
1194
981
2146
3072
2756
1519
902
1686
2969
3031
1800
1005
1428
2622
3070
2251
1075
1105
2333
3178
2625
1245
938
1988
3141
2751
1517
984
1743
2868
2987
2006
972
1348
2614
3170
2240
1078
1102
2298
3242
2536
1319
1084
2043
2943
2861
1777
928
1479
2819
3136
1985
972
1302
2595
3120
2312
1138
1064
2249
3104
2667
1396
1007
1901
3039
2898
1716
986
1578
2802
3022
2072
994
1287
2530
3101
2305
1232
1163
2122
3098
2696
1506
939
1835
2976
2965
1716
850
1554
2798
3052
2025
1130
1235
2341
3106
2519
1278
953
2131
3101
2752
1462
928
1736
2954
3014
1868
1042
1356
2594
3097
2278
1095
1070
2337
3191
2535
1277
1065
2093
3145
2772
1554
1062
1806
2828
2911
2008
1032
1289
2505
3188
2317
1093
1124
2337
3139
2489
1389
1079
1929
2904
2828
1740
997
1587
2841
3116
1986
1070
1360
2552
3141
2404
1187
1081
2236
3072
2645
1453
1046
1840
3022
2914
1736
962
1521
2785
3030
2024
992
1333
2549
3088
2362
1284
1093
2070
3160
2732
1460
926
1844
2999
2952
1802
975
1498
2697
3118
2090
1083
1188
2337
3197
2499
1263
985
2173
3152
2777
1532
957
1770
2936
2937
1769
985
1466
2652
3109
2233
1021
1114
2379
3162
2485
1253
1026
2030
3071
2722
1596
1007
1728
2843
2992
2002
964
1341
2603
3149
2189
1127
1163
2259
3168
2585
1416
1013
2003
3023
2906
1738
975
1648
2897
3180
1973
966
1289
2596
3171
2265
1111
1146
2252
3080
2640
1449
1011
1822
3052
2979
1717
923
1562
2877
3073
2035
996
1303
2497
3134
2387
1197
1081
2113
3132
2758
1454
872
1828
3008
3000
1785
888
1528
2820
3130
2049
1062
1237
2405
3095
2448
1234
959
2124
3084
2734
1479
964
1750
2986
3013
1832
1024
1407
2638
3073
2203
1100
1187
2344
3107
2537
1270
1033
1992
3105
2811
1558
1000
1733
2813
2959
2015
1018
1305
2589
3199
2253
1046
1029
2290
3234
2570
1342
1028
2073
3016
2815
1672
965
1597
2834
3121
1943
986
1339
2602
3087
2256
1108
1146
2297
3039
2599
1481
994
1756
3063
2973
1667
906
1517
2813
3085
2085
930
1294
2520
3069
2335
1252
1101
2019
3080
2826
1580
900
1785
3005
3007
1805
861
1514
2780
3086
2025
1088
1240
2368
3144
2508
1236
905
2121
3146
2766
1484
992
1815
2973
2931
1734
1046
1494
2605
3061
2266
1084
1119
2405
3215
2477
1196
1075
2088
3082
2686
1573
1065
1733
2756
2927
2045
975
1343
2607
3197
2271
1075
1098
2332
3181
2497
1375
1066
2010
2981
2831
1729
1022
1580
2828
3085
1940
981
1283
2590
3111
2187
1101
1173
2314
3017
2612
1481
1031
1855
3048
2971
1704
916
1565
2819
3017
2002
1041
1352
2524
3094
2308
1241
1134
2083
3110
2737
1459
847
1817
3014
2905
1732
969
1550
2723
3093
2093
1106
1221
2351
3153
2569
1249
935
2173
3121
2718
1479
958
1790
2988
3009
1871
1068
1398
2578
3031
2249
1177
1132
2292
3126
2510
1256
1075
2042
3058
2783
1603
978
1679
2858
2978
1942
981
1350
2583
3162
2290
1142
1142
2300
3196
2548
1355
1016
1978
3004
2861
1716
985
1665
2864
3084
1922
1009
1367
2548
3064
2312
1152
1109
2296
3085
2620
1484
1078
1860
2973
2908
1706
946
1603
2827
3001
2051
1060
1367
2465
3060
2325
1230
1107
2054
3097
2756
1534
968
1912
3001
2871
1763
936
1558
2733
3016
2047
1123
1240
2354
3133
2499
1256
1021
2113
3050
2769
1546
956
1707
2972
3030
1797
967
1384
2686
3061
2161
1018
1128
2393
3184
2563
1282
1009
2021
3170
2852
1563
934
1743
2972
3039
1915
908
1392
2577
3059
2214
1126
1098
2257
3196
2538
1316
965
1962
2986
2852
1676
929
1614
2914
3076
1887
1013
1294
2466
3071
2397
1220
1075
2181
3059
2703
1443
1005
1833
3001
2955
1749
964
1482
2817
3032
2027
1010
1267
2532
3130
2388
1281
1100
2123
3179
2724
1430
908
1870
2996
2927
1780
973
1540
2675
3083
2090
1054
1190
2412
3131
2380
1269
1096
2134
2992
2717
1580
976
1687
2949
3078
1881
964
1410
2731
3090
2207
1041
1105
2433
3184
2471
1206
1031
2032
3084
2800
1596
924
1683
2962
2994
1881
985
1463
2631
3056
2122
1114
1187
2251
3118
2594
1412
962
1970
2988
2837
1691
968
1580
2797
3044
1980
1112
1334
2453
3093
2394
1237
1100
2245
3147
2639
1345
971
1869
3061
2891
1661
1033
1653
2716
2996
2120
932
1214
2521
3182
2355
1137
1145
2120
3007
2599
1570
1036
1826
2945
2983
1841
939
1538
2767
3115
2000
1033
1264
2429
3179
2463
1260
1054
2147
3030
2781
1648
974
1642
2893
3063
1924
983
1338
2661
3137
2199
1029
1171
2460
3106
2451
1336
1021
1922
3072
2790
1536
954
1742
2904
2980
1917
978
1355
2616
3179
2289
1142
1047
2218
3208
2587
1384
991
2030
3032
2842
1630
946
1671
2834
2978
1901
1086
1360
2529
3065
2261
1094
1038
2318
3153
2683
1434
993
1893
3023
2926
1752
974
1535
2795
3113
2066
963
1221
2506
3146
2339
1198
1092
2185
3151
2631
1470
1006
1917
2954
2918
1809
995
1514
2753
3159
2112
1095
1143
2400
3258
2473
1193
1000
2191
3082
2671
1415
992
1820
2978
3056
1819
973
1361
2628
3160
2246
1035
1117
2372
3161
2540
1284
1035
1949
3069
2855
1618
934
1705
2929
2927
1917
968
1315
2590
3159
2247
1126
1177
2300
3123
2524
1352
1032
1970
2971
2844
1666
948
1602
2866
3057
1925
1028
1324
2521
3141
2416
1164
1089
2313
3114
2619
1424
1017
1819
3031
2990
1783
983
1479
2782
3051
2078
1033
1341
2515
3100
2397
1250
1121
2089
3159
2724
1512
973
1851
2989
2975
1782
899
1525
2728
3073
2021
1075
1240
2422
3161
2476
1254
1031
2180
3069
2710
1512
956
1786
3036
2992
1762
1083
1524
2575
3051
2284
1094
1105
2368
3170
2526
1240
1016
2023
3090
2770
1619
994
1721
2890
2936
1918
945
1363
2667
3221
2226
1059
1108
2307
3169
2523
1391
1070
2034
2990
2871
1772
973
1543
2839
3080
1942
1047
1381
2554
3092
2312
1176
1118
2213
3059
2735
1479
949
1856
3150
2962
1622
901
1568
2824
2989
2056
1047
1261
2479
3181
2441
1187
1022
2119
3204
2737
1413
899
1787
2927
2975
1816
925
1521
2775
3154
2069
1032
1227
2462
3151
2429
1211
1021
2162
3094
2775
1506
1035
1801
2901
2973
1900
1079
1401
2637
3078
2201
1064
1156
2357
3104
2479
1272
1114
2067
3078
2798
1613
968
1691
2921
2968
1895
969
1419
2645
3132
2228
1173
1128
2143
3086
2595
1391
995
2016
3064
2844
1626
940
1632
2856
3067
2001
1036
1278
2530
3176
2366
1120
1030
2268
3140
2618
1381
1009
1894
3074
2945
1745
1012
1563
2749
3107
2171
940
1147
2455
3177
2340
1140
1087
2127
3116
2690
1500
950
1893
3035
2899
1771
940
1517
2788
3118
1999
1028
1307
2457
3112
2426
1238
1000
2125
3056
2786
1548
979
1748
2937
2953
1790
1023
1418
2639
3138
2246
1082
1180
2415
3153
2480
1285
1083
2025
3151
2849
1564
947
1678
2869
3016
1959
922
1344
2670
3193
2213
1147
1137
2251
3166
2576
1371
987
2047
3047
2818
1649
971
1659
2844
3082
1918
1015
1322
2529
3094
2311
1112
1006
2246
3109
2635
1375
963
1853
2979
2850
1648
965
1557
2758
3074
2123
1029
1221
2486
3154
2362
1193
1073
2140
3120
2674
1472
965
1928
3030
2943
1787
909
1483
2730
3073
2086
1150
1263
2395
3089
2434
1299
1046
2079
3019
2836
1569
926
1716
2935
2980
1807
1039
1487
2654
3022
2210
1142
1175
2346
3134
2575
1320
1094
1967
3093
2866
1589
935
1651
2847
2977
1890
939
1360
2597
3144
2208
1121
1152
2307
3197
2585
1393
999
1936
2964
2829
1686
951
1560
2841
3161
2005
975
1274
2524
3140
2393
1158
1087
2227
3091
2677
1432
959
1805
3073
2964
1667
906
1543
2777
3019
2067
1021
1277
2491
3152
2370
1194
1083
2080
3123
2669
1490
996
1907
2988
2942
1832
955
1487
2764
3126
2049
1078
1202
2326
3110
2505
1291
1009
2142
3026
2738
1523
937
1786
3006
2996
1851
1059
1376
2534
3042
2282
1142
1133
2331
3147
2579
1248
970
2035
3187
2751
1528
973
1725
2867
3025
2006
934
1341
2697
3217
2221
1047
1104
2315
3233
2595
1280
954
2121
3082
2822
1710
1027
1619
2806
3080
1967
1041
1301
2562
3136
2305
1130
1116
2332
3119
2624
1389
998
1901
3096
2944
1716
983
1548
2782
3102
2110
1011
1246
2548
3192
2405
1210
1024
2098
3216
2768
1432
913
1890
2943
2886
1800
984
1561
2839
3140
2031
1070
1252
2437
3128
2458
1309
1034
2079
2999
2736
1498
988
1778
2984
3022
1827
1012
1451
2784
3142
2166
1061
1194
2431
3128
2456
1275
1124
2050
3059
2776
1606
931
1677
2902
3020
1964
957
1355
2696
3222
2224
1086
1133
2317
3187
2528
1318
1010
2051
3013
2867
1726
980
1569
2808
3112
1944
956
1277
2583
3110
2303
1176
1079
2243
3120
2613
1376
1030
1826
2936
2844
1735
997
1562
2757
2965
2056
1018
1276
2471
3130
2393
1186
1047
2073
3153
2695
1426
928
1871
3024
2960
1764
879
1558
2815
3069
2033
1076
1262
2410
3120
2447
1308
1056
2109
3059
2776
1547
923
1714
3028
3024
1772
1012
1466
2624
3078
2268
1108
1141
2386
3135
2459
1272
1063
2019
3095
2742
1579
1042
1737
2817
2952
2026
981
1301
2578
3192
2254
1085
1150
2365
3186
2476
1336
1061
2059
2968
2878
1736
930
1567
2912
3173
1912
963
1333
2619
3095
2237
1169
1152
2246
3050
2690
1498
1013
1817
3062
2988
1675
913
1524
2781
2990
2020
990
1275
2503
3134
2418
1218
1082
2158
3110
2613
1466
1049
1939
2957
2895
1801
1053
1592
2652
3121
2167
1059
1145
2378
3103
2434
1314
1053
2118
3073
2755
1496
976
1788
2945
2972
1803
1027
1404
2666
3130
2210
1021
1165
2442
3155
2428
1238
1090
2055
3166
2899
1597
936
1638
2853
3008
2017
978
1281
2542
3153
2225
1097
1181
2327
3221
2621
1278
960
2053
3001
2821
1705
1024
1582
2740
3074
2029
991
1293
2569
3115
2386
1169
1073
2218
3059
2607
1370
967
1871
3093
2908
1629
949
1601
2790
2995
2078
1041
1248
2449
3138
2396
1202
1074
2130
3138
2623
1422
1015
1839
2908
2956
1811
854
1455
2800
3185
2100
1046
1191
2382
3161
2492
1240
945
2133
3138
2765
1449
905
1801
3049
2999
1795
1039
1430
2617
3131
2303
1099
1114
2359
3152
2508
1250
1072
2088
3105
2695
1568
999
1673
2867
3038
2000
938
1390
2663
3141
2226
1117
1125
2268
3213
2611
1363
1003
2035
3017
2826
1714
977
1602
2864
3102
1938
988
1313
2563
3090
2277
1225
1170
2224
3060
2727
1461
959
1845
3059
2971
1733
995
1609
2802
3034
2115
990
1188
2483
3151
2358
1193
1032
2098
3170
2674
1431
903
1828
2962
2868
1766
972
1509
2738
3124
2078
1046
1182
2423
3158
2450
1253
998
2139
3032
2731
1542
950
1656
2880
3007
1807
955
1400
2681
3070
2190
1060
1105
2372
3177
2540
1297
1027
1942
3100
2855
1597
986
1712
2833
2930
1985
1001
1372
2560
3095
2233
1141
1213
2320
3132
2539
1368
1012
2009
