1109
1879
3162
1924
1020
2453
2987
1358
1362
2940
2384
1047
2007
3128
1718
1068
2646
2788
1172
1571
3129
2304
996
2143
3086
1505
1128
2787
2759
1093
1616
3066
2028
1022
2263
3018
1546
1288
2805
2526
1120
1914
3070
1820
1039
2518
2974
1225
1317
3007
2450
1003
1918
3166
1853
1111
2570
2814
1237
1541
3097
2256
928
2148
3135
1517
1077
2771
2781
1000
1495
3127
2124
992
2286
3051
1460
1272
2902
2616
1038
1818
3143
1889
1031
2463
2930
1255
1354
3019
2402
957
1928
3186
1834
1096
2600
2769
1187
1510
3037
2210
944
2183
3143
1541
1070
2770
2802
1058
1540
3123
2092
1028
2307
3019
1467
1267
2876
2560
1030
1865
3181
1888
947
2419
2994
1291
1335
2954
2405
1009
1936
3156
1781
1079
2631
2845
1193
1479
3047
2333
1046
2167
3113
1553
1121
2747
2743
1109
1578
3117
2123
1050
2265
2985
1516
1303
2809
2512
1051
1872
3097
1875
1028
2449
2940
1313
1359
2981
2414
993
1940
3121
1753
1077
2641
2878
1243
1526
3047
2219
961
2122
3087
1529
1117
2789
2744
1098
1703
3184
2062
945
2287
3086
1514
1249
2869
2634
1119
1851
3142
1910
1002
2440
2990
1266
1314
2968
2456
995
1875
3120
1805
1063
2602
2898
1261
1501
3074
2293
968
2079
3075
1605
1170
2713
2699
1095
1621
3106
2061
1050
2341
2967
1424
1334
2926
2555
987
1796
3161
1921
949
2416
3038
1290
1226
2970
2500
1023
1909
3167
1837
1113
2619
2837
1221
1504
3061
2281
938
2117
3109
1528
1086
2763
2816
1095
1548
3058
2098
1017
2282
3036
1436
1149
2822
2617
1079
1773
3101
1905
978
2438
3018
1299
1331
3000
2431
976
1883
3148
1812
1091
2554
2796
1272
1572
3029
2248
1031
2153
3056
1514
1130
2815
2780
1120
1641
3109
2036
990
2351
3095
1441
1192
2892
2614
1015
1842
3200
1892
952
2505
3051
1284
1301
2981
2463
1038
1943
3100
1753
1087
2606
2836
1217
1544
3090
2280
980
2083
3047
1583
1175
2785
2752
1081
1613
3138
2121
1013
2282
3035
1493
1276
2872
2608
1035
1770
3107
1889
1003
2426
2907
1270
1348
2992
2501
983
1838
3122
1853
1124
2576
2807
1254
1569
3042
2216
969
2111
3106
1608
1095
2718
2768
1127
1624
3140
2116
1031
2261
3035
1484
1214
2849
2584
1027
1801
3112
1837
938
2475
3001
1326
1387
2953
2363
949
1935
3184
1753
1089
2648
2826
1191
1507
3050
2189
984
2215
3128
1503
1154
2819
2740
1077
1645
3141
2057
945
2279
3065
1505
1258
2864
2584
1090
1824
3076
1867
1039
2498
2978
1233
1294
2993
2449
1015
1927
3170
1800
1077
2653
2900
1227
1524
3089
2225
955
2199
3153
1555
1093
2746
2774
1105
1569
3053
2128
1082
2268
3010
1543
1349
2813
2481
1097
1915
3097
1830
1073
2520
2922
1290
1394
3027
2383
993
2002
3165
1724
1060
2651
2835
1150
1535
3122
2270
931
2137
3180
1580
1098
2760
2734
1060
1555
3156
2143
981
2254
3065
1567
1237
2756
2588
1106
1827
3100
1878
956
2427
2988
1277
1316
2989
2457
1003
1870
3153
1845
1087
2621
2808
1152
1492
3116
2272
955
2118
3157
1597
1109
2755
2790
1188
1629
3085
2085
1041
2309
3023
1476
1248
2870
2534
1045
1882
3081
1841
1040
2538
2964
1250
1359
2965
2388
969
1966
3220
1748
1049
2667
2891
1212
1494
3046
2290
982
2079
3054
1537
1126
2762
2729
1083
1596
3155
2125
1024
2208
2961
1500
1219
2787
2624
1131
1867
3109
1881
962
2449
2991
1276
1298
2956
2459
987
1841
3152
1823
1048
2568
2852
1277
1530
3041
2258
1010
2148
3065
1520
1129
2747
2710
1106
1609
3100
2075
995
2249
2974
1465
1324
2936
2581
999
1787
3163
1955
943
2377
2991
1333
1302
2928
2451
1014
1901
3129
1776
1020
2568
2903
1284
1500
3024
2263
1005
2082
3081
1567
1081
2715
2733
1146
1671
3169
2090
999
2353
3075
1430
1213
2859
2591
1033
1817
3190
1898
902
2466
3075
1314
1281
2969
2506
1059
1859
3144
1900
1173
2611
2812
1244
1530
3038
2228
981
2177
3092
1564
1134
2745
2748
1110
1542
3102
2106
991
2214
3061
1554
1285
2894
2574
1044
1844
3154
1888
953
2420
2996
1299
1319
2952
2462
990
1840
3112
1858
1103
2535
2816
1269
1551
3032
2244
1035
2104
3039
1591
1198
2758
2704
1134
1683
3126
2050
980
2256
3060
1484
1268
2951
2536
946
1796
3140
1867
967
2480
2986
1252
1300
3008
2538
996
1821
3146
1880
1088
2574
2837
1252
1565
3021
2215
1025
2193
3128
1525
1120
2835
2752
1086
1625
3097
2053
1067
2321
3000
1494
1224
2841
2612
1063
1797
3109
1892
993
2461
3025
1333
1304
2947
2424
1064
1955
3134
1787
1054
2628
2894
1239
1488
3047
2302
1012
2089
3085
1624
1097
2744
2780
1096
1557
3093
2086
1048
2341
3045
1477
1202
2848
2629
1089
1854
3145
1881
1011
2519
3004
1262
1290
2993
2506
1031
1871
3095
1837
1099
2575
2842
1266
1502
2991
2255
1064
2187
3014
1459
1122
2735
2666
1088
1651
3147
2067
1001
2356
3095
1415
1156
2861
2608
1038
1842
3167
1925
988
2418
3022
1331
1297
2979
2488
1017
1905
3161
1768
999
2611
2934
1250
1460
3045
2280
979
2110
3062
1506
1124
2763
2769
1099
1584
3124
2127
1037
2228
3002
1573
1306
2815
2503
1080
1943
3150
1854
972
2436
3017
1303
1286
3022
2531
1026
1867
3134
1855
1092
2568
2864
1223
1530
3075
2294
990
2095
3097
1620
1174
2698
2710
1105
1599
3101
2099
1016
2263
3001
1471
1276
2862
2489
1054
1889
3111
1849
1034
2410
2878
1267
1386
2998
2428
1034
1976
3124
1784
1088
2616
2806
1217
1552
3031
2235
932
2180
3170
1530
1098
2846
2848
1071
1562
3117
2149
1009
2242
3036
1516
1275
2793
2503
1104
1856
3082
1838
1038
2515
2939
1207
1348
3055
2425
960
1955
3179
1781
1018
2604
2876
1173
1562
3144
2315
920
2128
3180
1569
1054
2724
2785
1098
1561
3145
2120
1021
2260
3070
1542
1213
2806
2621
1086
1861
3109
1875
972
2463
3033
1341
1325
2908
2421
1061
1963
3164
1771
1062
2626
2875
1198
1568
3106
2247
941
2155
3187
1519
1074
2788
2843
1107
1520
3079
2066
946
2258
3035
1467
1243
2871
2625
1109
1805
3079
1883
1002
2418
2971
1349
1395
2967
2395
1012
1978
3178
1801
1090
2631
2894
1229
1509
3071
2212
950
2199
3166
1539
1117
2803
2766
1108
1579
3064
2072
1047
2288
3035
1474
1217
2836
2539
1029
1911
3121
1809
959
2477
2980
1358
1401
2986
2413
959
1886
3193
1865
1086
2603
2870
1222
1500
3139
2352
968
2061
3088
1602
1140
2683
2700
1157
1643
3149
2050
922
2271
3064
1473
1246
2922
2591
1023
1864
3147
1887
1012
2464
2969
1222
1329
2994
2381
1014
1930
3126
1757
1109
2676
2805
1169
1601
3105
2158
923
2192
3152
1506
1078
2783
2752
1064
1590
3157
2082
954
2277
3028
1443
1266
2895
2590
1063
1859
3182
1867
975
2510
3027
1273
1326
2992
2414
949
1888
3198
1807
1063
2542
2757
1221
1510
2987
2245
992
2156
3094
1568
1136
2785
2740
1049
1621
3188
2120
1005
2269
3050
1540
1236
2804
2623
1143
1859
3146
1887
951
2355
2963
1344
1314
2956
2448
1036
1869
3154
1832
1069
2561
2797
1216
1526
3061
2320
1042
2156
3087
1566
1188
2827
2756
1100
1654
3138
2085
1018
2286
3098
1545
1239
2840
2641
1126
1866
3128
1836
986
2488
2993
1275
1328
2981
2467
1070
1946
3134
1806
1126
2622
2889
1258
1458
3000
2255
1011
2134
3097
1585
1180
2756
2759
1093
1527
3027
2114
1078
2328
3066
1478
1185
2864
2595
992
1810
3163
1878
978
2409
2923
1254
1369
3015
2413
986
1916
3153
1830
1139
2580
2723
1211
1558
3007
2197
967
2157
3056
1507
1134
2797
2782
1125
1624
3119
2097
988
2288
3041
1463
1222
2873
2543
1012
1869
3175
1874
985
2500
3014
1234
1258
2985
2457
969
1922
3189
1785
1087
2640
2804
1208
1546
3041
2253
972
2134
3112
1541
1072
2742
2769
1156
1618
3112
2108
995
2253
2999
1470
1298
2936
2602
1030
1825
3161
1922
1044
2416
2949
1303
1392
3047
2422
981
1929
3169
1797
1055
2599
2828
1216
1541
3026
2201
967
2132
3081
1556
1138
2744
2754
1133
1594
3115
2092
981
2274
3063
1507
1296
2876
2576
1028
1852
3172
1916
1003
2396
2957
1314
1386
3026
2454
1041
1903
3124
1853
1144
2580
2798
1261
1543
3033
2191
938
2154
3101
1538
1146
2743
2716
1086
1610
3164
2105
924
2288
3099
1501
1307
2931
2534
988
1870
3191
1835
943
2451
3009
1271
1348
3023
2434
945
1838
3092
1864
1168
2584
2795
1216
1523
3056
2313
1026
2059
3046
1549
1116
2733
2754
1082
1608
3169
2068
945
2298
3057
1478
1208
2862
2622
1041
1775
3146
1896
975
2459
3025
1262
1251
2962
2481
1012
1883
3113
1798
1134
2559
2755
1249
1503
2946
2285
1070
2140
3021
1497
1158
2737
2725
1171
1629
3058
2022
1039
2308
3029
1491
1278
2887
2581
1033
1827
3161
1859
932
2446
2997
1323
1351
3027
2459
981
1870
3163
1834
1055
2555
2789
1227
1561
2995
2198
1044
2178
3004
1495
1179
2789
2688
1074
1649
3149
2083
993
2279
3061
1465
1216
2878
2602
1007
1842
3179
1856
977
2477
3009
1273
1262
2999
2476
955
1862
3112
1775
1076
2592
2788
1174
1550
3068
2295
1038
2160
3107
1584
1188
2776
2686
1067
1636
3189
2063
951
2311
3066
1409
1239
2933
2589
1004
1887
3201
1840
961
2493
3018
1267
1291
3001
2502
987
1959
3261
1868
1036
2594
2918
1310
1558
3062
2257
994
2174
3133
1574
1130
2770
2823
1095
1600
3200
2138
937
2275
3096
1461
1231
2925
2590
987
1814
3188
1887
974
2421
2975
1289
1336
3006
2482
998
1952
3185
1792
1088
2645
2808
1164
1505
3102
2274
931
2119
3141
1552
1057
2656
2742
1124
1599
3103
2152
1097
2274
2989
1530
1350
2871
2579
1035
1802
3131
1922
1047
2451
2921
1316
1398
2987
2429
1019
1941
3085
1788
1144
2577
2783
1295
1619
3046
2207
989
2148
3095
1500
1055
2807
2858
1128
1588
3077
2095
1030
2238
2981
1486
1239
2810
2540
1028
1807
3174
1831
918
2480
3058
1324
1300
2960
2430
1011
1949
3177
1814
1044
2562
2838
1268
1534
2982
2243
1029
2179
3103
1505
1111
2796
2752
1088
1621
3160
2058
977
2299
3108
1509
1227
2888
2609
976
1773
3178
1932
971
2441
3024
1281
1294
2966
2483
1030
1902
3154
1807
1120
2647
2893
1263
1515
3001
2205
1029
2206
3099
1596
1186
2757
2694
1150
1709
3105
2048
1022
2301
3055
1475
1261
2926
2542
1016
1863
3187
1918
976
2435
3009
1338
1327
2990
2504
1044
1899
3115
1818
1034
2511
2829
1281
1628
3040
2203
1046
2206
3077
1583
1201
2778
2727
1077
1619
3178
2039
930
2349
3129
1451
1272
2933
2584
1011
1809
3200
1888
913
2439
3010
1313
1333
3020
2484
967
1838
3163
1910
1102
2459
2779
1289
1563
2988
2203
1029
2185
3109
1591
1142
2700
2729
1140
1592
3134
2084
950
2254
3045
1520
1265
2828
2502
1024
1880
3159
1841
971
2510
3025
1213
1273
3017
2500
949
1856
3221
1856
1039
2602
2847
1233
1485
3049
2304
1028
2139
3078
1543
1176
2831
2710
1066
1629
3151
2083
1046
2337
3055
1512
1317
2830
2481
1073
1920
3175
1882
976
2467
3039
1289
1326
2986
2449
995
1915
3134
1765
1042
2624
2919
1253
1493
3026
2232
1012
2166
3128
1572
1101
2694
2757
1121
1586
3107
2151
1079
2316
3034
1489
1293
2896
2555
1004
1770
3107
1900
1032
2481
2926
1292
1388
2940
2369
997
1978
3136
1754
1095
2616
2858
1229
1474
3021
2283
987
2136
3102
1531
1117
2806
2826
1062
1496
3140
2174
1006
2220
3080
1541
1281
2849
2565
1077
1847
3100
1834
1013
2549
3016
1307
1334
2989
2437
980
1910
3156
1830
1080
2591
2855
1199
1464
3082
2305
925
2033
3124
1628
1080
2691
2811
1174
1516
3058
2110
987
2205
3023
1521
1279
2806
2545
1083
1868
3104
1875
985
2493
2972
1246
1399
3083
2435
915
1945
3245
1809
1072
2631
2828
1178
1577
3089
2185
929
2115
3135
1582
1124
2738
2751
1120
1600
3120
2107
992
2218
3039
1567
1293
2791
2547
1126
1904
3103
1822
955
2431
2977
1281
1318
2963
2415
1026
1964
3069
1689
1067
2691
2893
1198
1489
3062
2251
991
2174
3109
1560
1092
2729
2741
1070
1562
3141
2170
996
2231
3023
1539
1298
2824
2544
1054
1852
3186
1902
976
2388
2972
1285
1326
2964
2454
1026
1900
3149
1807
1102
2627
2797
1248
1570
3051
2210
936
2157
3149
1630
1122
2767
2774
1104
1621
3087
2097
1023
2273
3077
1562
1292
2856
2582
1059
1861
3178
1840
939
2432
2998
1349
1314
2917
2431
1046
1922
3092
1799
1077
2615
2862
1221
1547
3092
2326
1010
2081
3081
1568
1115
2742
2786
1127
1579
3106
2121
1055
2297
2992
1464
1255
2825
2476
1027
1866
3176
1838
933
2448
3011
1304
1339
2976
2423
959
1889
3146
1808
1108
2617
2845
1237
1495
3015
2311
1021
2134
3122
1593
1127
2782
2801
1073
1531
3096
2089
963
2270
3084
1470
1222
2906
2598
1021
1820
3186
1892
989
2521
3027
1276
1334
2994
2409
980
1939
3162
1781
1089
2609
2818
1235
1583
3107
2285
1035
2150
3051
1498
1100
2797
2799
1152
1615
3125
2118
1027
2317
3008
1484
1276
2871
2619
1067
1789
3098
1889
1020
2494
2980
1260
1303
2971
2412
1013
1994
3165
1752
1089
2674
2829
1176
1542
3084
2250
1001
2107
3035
1511
1130
2751
2706
1054
1608
3167
2097
936
2263
3063
1445
1295
2921
2550
1005
1815
3197
1889
907
2432
3040
1337
1342
3025
2478
975
1886
3190
1832
1079
2617
2825
1187
1513
3060
2298
982
2095
3102
1612
1079
2677
2755
1130
1539
3072
2104
1003
2251
3006
1478
1242
2863
2618
1053
1842
3197
1955
1017
2449
2981
1309
1372
2960
2409
958
1887
3187
1835
1066
2601
2852
1233
1504
3056
2289
1016
2104
3082
1581
1190
2764
2709
1062
1547
3070
2111
966
2259
3043
1465
1244
2928
2615
1043
1821
3167
1904
989
2518
3065
1266
1304
2972
2468
992
1833
3112
1837
1118
2556
2797
1205
1495
3056
2257
973
2136
3141
1596
1130
2784
2821
1135
1604
3114
2042
991
2346
3037
1432
1229
2874
2597
987
1813
3204
1876
901
2438
3072
1288
1215
2987
2549
1048
1883
3129
1807
1073
2586
2864
1284
1529
3012
2257
1042
2084
3009
1537
1170
2773
2732
1081
1596
3135
2062
1004
2307
3104
1521
1204
2883
2584
1018
1801
3099
1876
970
2489
2995
1239
1358
3069
2465
965
1881
3169
1833
1175
2663
2799
1235
1550
3039
2206
1011
2175
3092
1518
1132
2760
2702
1095
1650
3138
2042
963
2292
3065
1475
1162
2825
2684
1063
1731
3103
1889
1023
2456
2982
1313
1276
2980
2450
988
1894
3159
1795
1103
2640
2844
1274
1628
3093
2232
955
2143
3118
1578
1152
2751
2714
1021
1582
3154
2085
1023
2326
3039
1469
1238
2885
2591
1038
1844
3192
1909
906
2398
3021
1305
1303
2967
2454
985
1891
3179
1854
1097
2629
2863
1246
1505
2988
2258
995
2091
3020
1508
1168
2742
2676
1066
1623
3111
2094
1057
2312
3036
1480
1301
2882
2543
996
1841
3158
1893
985
2455
3023
1294
1264
2965
2474
997
1880
3107
1831
1087
2615
2852
1207
1487
3043
2302
1020
2183
3100
1521
1123
2820
2811
1067
1562
3160
2126
987
2277
3064
1485
1219
2839
2625
1108
1861
3117
1849
1002
2488
3033
1246
1238
2967
2482
1026
1895
3154
1851
1097
2602
2776
1193
1508
3042
2275
1038
2124
3055
1577
1191
2756
2729
1085
1619
3185
2139
967
2233
3061
1536
1205
2758
2595
1123
1816
3092
1887
1018
2515
3020
1231
1315
3058
2436
962
1925
3214
1812
1076
2623
2874
1239
1491
3026
2267
1022
2175
3093
1559
1154
2759
2733
1095
1611
3121
2127
989
2214
3028
1531
1264
2824
2584
1070
1807
3095
1896
977
2387
2979
1336
1384
2977
2418
1000
1959
3177
1765
1068
2642
2826
1235
1581
3109
2256
965
2112
3127
1570
1112
2748
2765
1121
1595
3099
2080
1029
2291
3050
1522
1220
2803
2588
1058
1778
3132
1895
981
2472
2991
1311
1343
2962
2437
1029
1963
3177
1764
998
2652
2911
1158
1461
3118
2304
909
2082
3147
1584
1093
2750
2778
1084
1610
3115
2117
1065
2296
3021
1500
1218
2814
2545
1016
1821
3070
1820
1018
2511
2988
1274
1386
3038
2398
954
1940
3204
1794
1054
2608
2844
1156
1535
3135
2329
936
2034
3092
1604
1091
2666
2747
1129
1525
3022
2111
1061
2281
3051
1560
1284
2834
2574
1064
1832
3158
1872
961
2434
2956
1291
1345
2981
2411
979
1881
3164
1793
1081
2632
2838
1203
1503
3122
2327
986
2123
3087
1561
1121
2781
2796
1111
1535
3100
2174
1007
2149
3029
1611
1301
2815
2557
1101
1913
3122
1828
1027
2511
2966
1254
1360
3006
2452
1010
1900
3127
1795
1086
2639
2850
1170
1464
3099
2317
948
2122
3148
1537
1101
2803
2791
1128
1595
3164
2148
930
2182
3080
1594
1215
2835
2607
1053
1845
3174
1914
977
2449
2987
1320
1348
2998
2409
946
1923
3196
1788
1047
2602
2855
1182
1528
3096
2255
926
2097
3116
1587
1111
2722
2801
1180
1598
3089
2096
1008
2290
3049
1504
1270
2876
2612
1129
1857
3115
1841
927
2455
3027
1343
1338
2919
2427
1009
1833
3114
1871
1117
2533
2844
1270
1472
2961
2246
968
2126
3089
1547
1133
2755
2765
1135
1614
3106
2040
1004
2298
3038
1439
1209
2857
2608
1052
1792
3156
1929
982
2425
3004
1330
1352
2958
2420
1058
1920
3091
1840
1126
2531
2833
1345
1612
3021
2222
1036
2155
3071
1496
1098
2758
2728
1091
1638
3162
2055
946
2297
3127
1506
1209
2813
2577
1077
1835
3064
1814
959
2500
3055
1335
1344
3024
2439
974
1888
3191
1873
1140
2633
2865
1269
1482
2953
2257
1024
2129
3044
1575
1141
2771
2761
1114
1607
3052
2054
1067
2310
3048
1467
1225
2882
2580
1034
1888
3211
1913
996
2488
3007
1305
1371
3046
2458
989
1920
3209
1795
1045
2622
2879
1230
1526
3027
2249
1016
2175
3080
1481
1153
2845
2756
1044
1551
3133
2105
1018
2311
3007
1406
1219
2839
2548
999
1842
3187
1926
995
2414
2960
1272
1299
3012
2461
957
1851
3194
1837
1046
2521
2838
1301
1538
3000
2308
1063
2178
3064
1580
1177
2747
2740
1125
1635
3120
2103
1031
2288
3060
1507
1212
2888
2606
1039
1868
3169
1855
934
2527
3103
1288
1269
2938
2437
1024
1951
3169
1811
1069
2620
2915
1264
1489
3054
2310
1025
2172
3082
1559
1176
2785
2763
1069
1573
3167
2144
931
2245
3132
1535
1222
2806
2659
1086
1785
3166
1922
925
2438
3069
1315
1222
2851
2429
1016
1833
3107
1884
1108
2571
2833
1262
1487
2971
2252
1042
2138
3012
1510
1169
2791
2768
1120
1601
3103
2021
953
2326
3123
1443
1225
2932
2615
972
1773
3194
1973
953
2431
3062
1315
1247
2990
2534
979
1763
3106
1858
1142
2569
2809
1267
1556
3038
2246
1032
2137
3087
1576
1157
2769
2727
1163
1723
3121
1999
1025
2400
3050
1423
1236
2938
2626
999
1834
3215
1888
908
2426
3021
1284
1287
3012
2517
1010
1828
3144
1864
1110
2562
2808
1251
1553
3001
2256
1042
2120
3050
1562
1178
2743
2661
1062
1582
3103
2090
1040
2352
3059
1484
1238
2868
2600
1034
1863
3244
1878
836
2420
3128
1319
1270
2948
2492
1027
1903
3196
1879
1113
2564
2833
1261
1520
2989
2214
1035
2188
3081
1551
1131
2733
2717
1078
1576
3092
2082
1012
2286
3002
1486
1342
2899
2556
1060
1889
3201
1944
956
2461
3058
1267
1257
3004
2514
967
1822
3102
1830
1101
2542
2790
1257
1568
2965
2227
1039
2169
3135
1557
1103
2750
2777
1110
1521
3068
2122
1070
2297
3090
1531
1286
2894
2547
1035
1839
3166
1880
922
2446
3063
1351
1274
2965
2525
997
1893
3197
1837
1035
2595
2839
1224
1512
3017
2328
1096
2161
3063
1555
1176
2775
2720
1070
1618
3112
2090
1026
2301
3026
1466
1284
2849
2530
1000
1873
3218
1872
908
2483
3077
1283
1276
2964
2484
1023
1916
3208
1840
1066
2618
2869
1283
1518
2991
2209
1018
2174
3094
1525
1112
2786
2749
1046
1571
3134
2097
986
2294
3105
1534
1221
2793
2595
1044
1787
3096
1829
946
2417
3028
1313
1275
2968
2503
963
1871
3213
1853
1067
2599
2865
1275
1504
3001
2284
1064
2159
3009
1524
1225
2795
2724
1118
1694
3142
1959
939
2313
3068
1456
1285
2931
2630
1066
1796
3153
1935
996
2448
2980
1309
1378
3044
2457
999
1877
3120
1826
1069
2543
2866
1301
1599
3061
2169
965
2232
3095
1505
1145
2771
2741
1154
1715
3062
1960
1063
2416
3042
1438
1327
2972
2574
988
1903
3252
1904
935
2420
3038
1315
1244
2960
2519
1072
1877
3113
1823
1068
2569
2836
1238
1498
2994
2215
975
2101
3079
1581
1112
2719
2723
1075
1561
3068
2083
953
2226
3047
1533
1251
2895
2614
1039
1796
3188
1974
950
2393
3010
1302
1315
2952
2493
1009
1853
3140
1831
1090
2617
2875
1264
1519
3002
2256
1004
2143
3066
1553
1141
2761
2710
1048
1562
3066
2042
983
2269
3015
1446
1243
2857
2555
1013
1856
3202
1886
939
2410
3032
1324
1240
2928
2447
960
1834
3192
1855
1025
2530
2768
1204
1504
3011
2261
1018
2205
3081
1501
1165
2865
2738
1058
1652
3146
2078
968
2302
3123
1467
1143
2823
2637
1046
1779
3187
1924
927
2405
3030
1342
1282
2983
2537
1031
1914
3116
1852
1099
2626
2841
1229
1511
3017
2234
984
2139
3093
1590
1177
2803
2711
1052
1642
3138
2041
975
2306
3045
1475
1225
2855
2625
1073
1851
3158
1859
972
2530
3086
1268
1260
3047
2567
1017
1861
3165
1863
1086
2588
2861
1265
1516
2981
2284
1047
2159
3076
1557
1118
2782
2785
1092
1574
3130
2072
947
2344
3137
1456
1255
2905
2543
1002
1899
3239
1878
966
2481
3025
1314
1364
2975
2402
982
1902
3151
1840
1129
2549
2827
1307
1503
2971
2203
1027
2167
3059
1523
1149
2799
2722
1040
1583
3136
1998
954
2368
3072
1389
1212
2899
2505
960
1886
3228
1945
966
2412
3001
1302
1332
2975
2434
1001
1889
3166
1836
1081
2513
2841
1333
1584
2990
2287
1095
2194
3062
1506
1181
2832
2720
1033
1599
3112
2072
1039
2349
3038
1464
1266
2875
2545
984
1872
3271
1891
901
2463
3039
1229
1240
3005
2538
960
1803
3132
1840
1063
2565
2798
1215
1529
3047
2289
1007
2099
3063
1553
1163
2762
2750
1053
1605
3198
2072
922
2265
3040
1465
1235
2907
2575
1018
1835
3171
1844
936
2494
3042
1293
1290
3008
2518
1033
1864
3149
1908
1176
2573
2784
1275
1586
2991
2175
1031
2216
3074
1522
1204
2824
2714
1123
1727
3164
2036
985
2283
3029
1473
1279
2902
2561
1017
1895
3178
1862
985
2489
3041
1334
1304
2921
2441
1060
1916
3123
1793
1067
2576
2870
1304
1496
2951
2223
1072
2178
3011
1525
1185
2818
2685
1073
1700
3157
1978
974
2347
3034
1395
1245
2947
2632
1016
1840
3230
1902
897
2441
3063
1308
1324
3045
2509
978
1873
3197
1833
1063
2578
2847
1294
1521
3010
2333
1040
2079
3083
1546
1097
2771
2825
1085
1529
3127
2126
1003
2303
3028
1458
1239
2903
2643
1060
1745
3129
1957
1033
2381
2926
1352
1403
2993
2451
983
1878
3176
1860
1143
2603
2803
1213
1529
3049
2264
1014
2150
3097
1548
1083
2732
2751
1067
1538
3075
2077
1016
2309
3048
1468
1209
2813
2562
1061
1918
3135
1860
976
2509
3081
1277
1295
2932
2453
1097
1941
3103
1789
1080
2562
2826
1230
1458
3025
2261
1012
2091
3090
1618
1175
2769
2734
1127
1625
3117
2071
994
2315
3062
1484
1245
2871
2580
1028
1841
3167
1908
958
2364
2969
1366
1411
3003
2462
1050
1954
3151
1797
1067
2563
2832
1249
1535
3050
2253
1012
2146
3054
1554
1213
2846
2723
1081
1650
3130
2050
1003
2311
3084
1466
1250
2891
2616
1118
1865
3121
1827
952
2520
3030
1292
1327
2992
2448
991
1892
3161
1849
1090
2594
2827
1258
1515
2986
2264
1045
2091
3011
1507
1160
2777
2653
1094
1705
3148
2008
981
2321
3073
1483
1239
2876
2566
994
1883
3240
1886
923
2467
3095
1332
1274
2977
2532
1004
1790
3167
1933
1116
2511
2825
1276
1520
3004
2263
1019
2121
3077
1558
1171
2792
2703
1036
1654
3178
2048
949
2334
3063
1396
1203
2926
2622
1046
1832
3172
1856
914
2495
3120
1342
1275
2965
2509
1054
1901
3158
1857
1062
2560
2863
1311
1561
2991
2271
1089
2117
2989
1553
1216
2756
2671
1083
1643
3142
2047
959
2286
3066
1468
1245
2864
2603
1055
1824
3213
1879
875
2442
3071
1351
1278
2915
2457
1012
1845
3108
1868
1151
2581
2803
1283
1631
3038
2170
1010
2262
3091
1495
1197
2874
2738
1094
1669
3099
2001
1042
2462
3086
1358
1227
2954
2590
996
1813
3158
1917
969
2428
3006
1320
1333
2945
2425
1005
1903
3101
1801
1076
2573
2905
1278
1476
2956
2240
1041
2188
3077
1546
1193
2737
2662
1093
1613
3118
2061
1040
2333
3065
1470
1227
2922
2610
1014
1796
3183
1945
961
2449
3043
1382
1321
2969
2491
986
1879
3137
1860
1128
2560
2802
1272
1611
3058
2228
1045
2205
3074
1598
1239
2738
2676
1105
1663
3232
2126
961
2266
3024
1441
1250
2925
2590
1015
1854
3209
1837
874
2406
3001
1307
1253
2935
2458
1014
1885
3121
1836
1094
2623
2843
1275
1518
2993
2279
1076
2160
3060
1606
1186
2774
2749
1071
1651
3225
2153
1046
2339
3038
1466
1218
2886
2542
1008
1853
3173
1833
938
2467
3001
1291
1320
2979
2443
962
1863
3162
1837
1074
2567
2836
1234
1498
3009
2294
1048
2161
3050
1521
1145
2743
2697
1030
1566
3124
2060
1028
2327
3015
1400
1203
2919
2648
1021
1787
3179
1901
935
2394
3021
1369
1284
2887
2452
1039
1880
3128
1874
1063
2525
2792
1255
1569
3016
2229
946
2094
3109
1625
1170
2740
2741
1116
1611
3096
2056
1024
2330
3057
1437
1265
2929
2533
984
1861
3183
1863
961
2462
2967
1253
1250
2968
2475
976
1878
3079
1814
1075
2521
2805
1257
1514
2974
2254
1005
2163
3123
1586
1139
2755
2740
1097
1643
3151
2078
1002
2270
3054
1530
1254
2813
2595
1130
1874
3115
1828
968
2471
3001
1293
1333
2963
2484
1052
1901
3122
1834
1065
2538
2798
1244
1554
3018
2233
1015
2153
3067
1573
1169
2703
2632
1042
1659
3190
2047
953
2267
3081
1518
1274
2864
2568
1050
1778
3092
1892
948
2446
3003
1267
1304
3025
2554
1082
1850
3051
1823
1147
2576
2826
1263
1497
2976
2277
1093
2180
3106
1536
1130
2764
2699
1103
1623
3117
2028
1045
2418
3053
1412
1272
2919
2543
1025
1868
3173
1827
926
2495
3039
1221
1224
3017
2472
968
1915
3189
1838
1090
2598
2851
1294
1605
3051
2154
977
2211
3082
1572
1203
2839
2704
1019
1601
3118
2041
997
2303
3008
1404
1245
2895
2589
1019
1786
3148
1906
942
2444
3031
1332
1310
2962
2445
1023
1936
3159
1779
1065
2662
2828
1201
1529
3092
2255
967
2069
3051
1558
1163
2786
2728
1108
1631
3137
2026
979
2351
3071
1497
1244
2903
2609
1025
1838
3200
1936
1014
2492
3005
1269
1346
3018
2444
932
1892
3230
1888
1016
2490
2800
1263
1505
2971
2300
1066
2136
3040
1591
1195
2745
2743
1176
1652
3101
2139
1073
2284
2981
1487
1259
2829
2553
1109
1877
3121
1871
1012
2453
2943
1287
1390
3047
2461
980
1915
3173
1803
1110
2636
2874
1286
1590
3029
2203
970
2192
3098
1528
1164
2797
2730
1084
1657
3147
2062
976
2328
3110
1459
1187
2898
2593
972
1831
3211
1900
925
2422
3057
1329
1260
2979
2512
1002
1862
3186
1883
1044
2555
2857
1284
1535
2996
2217
1024
2177
3046
1506
1145
2820
2737
1066
1635
3113
2029
971
2342
3110
1449
1250
2957
2581
992
1894
3271
1870
860
2447
3123
1345
1245
2974
2525
1039
1951
3179
1839
1107
2573
2801
1258
1538
3049
2303
1063
2152
3053
1548
1175
2753
2679
1096
1649
3101
2054
994
2327
3100
1448
1191
2893
2673
998
1820
3240
1938
909
2428
3058
1296
1244
2987
2511
1007
1878
3191
1879
1096
2574
2795
1198
1515
3027
2211
991
2188
3083
1572
1161
2753
2732
1143
1694
3127
2051
985
2341
3049
1404
1226
2906
2567
984
1880
3216
1874
918
2410
2991
1313
1298
3035
2543
986
1783
3123
1859
1121
2587
2823
1272
1600
3097
2233
1003
2183
3087
1536
1213
2811
2695
1087
1685
3139
2028
996
2335
2994
1398
1220
2878
2643
1034
1807
3202
1991
991
2417
3083
1410
1328
2961
2518
996
1829
3170
1880
1082
2580
2916
1318
1466
2933
2242
996
2131
3091
1563
1142
2756
2714
1119
1714
3096
2024
1028
2316
3004
1493
1299
2867
2540
1040
1867
3194
1899
993
2454
2987
1314
1337
2960
2459
1010
1897
3119
1803
1047
2541
2834
1288
1580
3029
2204
1014
2162
3036
1531
1164
2770
2754
1121
1620
3089
2083
1025
2299
3055
1497
1261
2856
2538
1021
1870
3183
1912
964
2429
2973
1284
1349
3038
2517
1031
1893
3152
1831
1142
2640
2834
1225
1573
3091
2239
991
2148
3043
1471
1126
2771
2696
1061
1577
3115
2087
980
2263
3070
1543
1318
2810
2485
1035
1779
3070
1894
1032
2504
3002
1281
1360
3030
2479
991
1874
3194
1886
1050
2542
2807
1192
1507
3052
2254
1008
2131
3053
1532
1112
2798
2793
1110
1575
3077
2096
1007
2320
3100
1507
1221
2865
2603
1019
1774
3159
1950
963
2402
3017
1321
1275
2963
2428
963
1914
3194
1795
1069
2644
2897
1290
1502
2995
2298
1024
2073
3039
1567
1159
2782
2718
1101
1653
3073
2036
1010
2357
3014
1434
1274
2907
2620
1053
1819
3132
1915
1008
2459
2975
1242
1310
2965
2470
1013
1909
3136
1827
1111
2620
2872
1254
1458
2974
2217
1002
2124
3032
1572
1173
2781
2738
1086
1637
3151
2082
1028
2313
3042
1426
1269
2941
2586
1006
1908
3211
1879
1004
2521
2988
1275
1338
2977
2474
1064
1944
3183
1782
1007
2610
2882
1183
1535
3106
2212
927
2144
3127
1527
1114
2806
2775
1031
1544
3150
2108
945
2267
3084
1489
1159
2838
2615
1046
1799
3124
1869
1011
2435
2946
1284
1310
2992
2462
961
1855
3117
1697
993
2637
2907
1187
1465
3063
2327
1000
2130
3102
1570
1147
2777
2769
1112
1543
3156
2187
921
2181
3057
1539
1270
2861
2604
1061
1781
3133
1941
1013
2417
2945
1299
1364
3004
2406
954
1932
3164
1725
1035
2626
2859
1222
1509
3018
2300
1023
2115
3091
1548
1135
2746
2737
1162
1679
3134
2083
1040
2285
3028
1478
1237
2807
2451
1031
1930
3189
1883
1015
2417
2879
1271
1341
3002
2406
948
1892
3164
1837
1096
2621
2884
1244
1509
3067
2313
985
2130
3107
1560
1107
2701
2748
1108
1617
3119
2073
1046
2329
3031
1473
1221
2777
2535
1064
1884
3096
1815
1024
2544
3000
1238
1327
2988
2444
1006
1888
3099
1843
1130
2559
2792
1209
1517
3074
2257
1003
2212
3161
1534
1105
2826
2792
1061
1556
3137
2096
987
2293
3083
1516
1250
2852
2602
1079
1814
3170
1955
988
2374
2977
1361
1372
2899
2333
1017
1966
3160
1775
1105
2688
2854
1223
1574
3110
2227
962
2212
3157
1508
1110
2776
2761
1101
1665
3172
2077
982
2332
3080
1469
1260
2928
2603
1037
1883
3188
1885
997
2516
2980
1282
1375
2996
2440
1008
1903
3196
1835
1032
2548
2844
1221
1527
3052
2255
949
2129
3131
1572
1087
2727
2792
1168
1567
3063
2127
1070
2274
2943
1483
1308
2819
2525
1061
1877
3184
1884
959
2453
2987
1296
1354
2968
2421
982
1899
3161
1826
1048
2533
2801
1252
1536
3036
2256
1033
2133
3054
1520
1113
2761
2753
1151
1641
3100
2025
986
2300
3070
1463
1214
2881
2593
1036
1893
3220
1835
932
2461
3013
1299
1354
3032
2434
942
1922
3224
1865
1044
2554
2850
1253
1532
3022
2191
972
2155
3101
1560
1114
2743
2786
1105
1544
3132
2115
1007
2310
3094
1483
1230
2870
2628
1076
1810
3158
1872
982
2461
3025
1333
1347
2927
2374
1020
1947
3165
1800
1109
2696
2851
1200
1508
3099
2326
992
2091
3125
1548
1080
2754
2800
1129
1551
3115
2130
1040
2293
3039
1493
1233
2841
2566
1089
1852
3127
1884
1026
2442
2944
1318
1357
2950
2355
1011
2012
3229
1793
1053
2643
2860
1215
1568
3108
2206
913
2189
3201
1571
1117
2817
2788
1052
1574
3145
2116
1014
2279
3055
1472
1238
2895
2558
1041
1883
3160
1868
1061
2494
2924
1242
1354
2993
2371
943
1937
3218
1792
1027
2671
2842
1150
1535
3165
2276
876
2050
3084
1579
1140
2735
2808
1153
1568
3160
2199
997
2218
3085
1589
1294
2849
2555
1078
1859
3116
1865
1021
2482
2924
1188
1320
3033
2454
967
1914
3166
1815
1057
2605
2828
1223
1546
3059
2198
924
2184
3164
1528
1056
2743
2773
1094
1555
3127
2171
1010
2253
3083
1493
1297
2856
2549
1035
1873
3139
1860
1004
2502
2964
1226
1355
3021
2390
962
1923
3208
1796
1048
2678
2904
1212
1469
3096
2357
934
2046
3150
1638
1076
2691
2780
1138
1620
3094
2106
981
2270
3054
1483
1208
2789
2542
1061
1850
3148
1858
1008
2414
2974
1394
1410
2953
2378
1017
1991
3177
1770
1051
2646
2894
1206
1534
3093
2279
945
2118
3208
1591
1018
2705
2819
1144
1563
3111
2146
1069
2306
3044
1529
1270
2858
2582
1070
1850
3129
1921
1064
2474
2936
1237
1358
3051
2400
964
1998
3177
1699
1008
2665
2914
1178
1499
3095
2315
984
2150
3159
1561
1043
2730
2812
1147
1525
3027
2091
1039
2230
3056
1569
1248
2782
2524
1127
1880
3066
1884
1006
2400
2930
1325
1335
2966
2432
1031
1951
3118
1767
1091
2604
2789
1214
1526
2988
2201
1005
2139
3104
1544
1057
2694
2742
1140
1610
3104
2118
1027
2241
3036
1501
1302
2879
2526
1023
1880
3148
1864
1014
2518
3002
1275
1342
2978
2448
1027
1880
3057
1829
1131
2576
2777
1213
1531
3051
2260
959
2125
3105
1535
1140
2819
2788
1022
1550
3202
2130
971
2285
3099
1481
1216
2863
2554
1050
1838
3182
1877
927
2452
3048
1339
1338
2977
2468
945
1854
3163
1793
979
2553
2878
1240
1486
2964
2286
1048
2163
3072
1549
1182
2784
2742
1083
1561
3098
2145
1037
2256
3060
1545
1257
2885
2594
1025
1774
3150
1928
969
2430
3018
1300
1282
3054
2545
908
1789
3157
1827
1041
2577
2839
1237
1507
3022
2262
980
2081
3027
1529
1165
2796
2698
1025
1601
3210
2104
999
2265
2994
1470
1253
2869
2587
1029
1858
3177
1909
925
2390
3020
1293
1301
2965
2454
1027
1904
3111
1774
1123
2546
2763
1251
1542
3001
2207
1008
2192
3057
1487
1139
2789
2718
1068
1607
3107
2031
985
2327
3126
1498
1157
2820
2628
1007
1791
3206
1894
942
2515
3028
1227
1269
2994
2449
970
1915
3186
1787
1081
2623
2870
1234
1613
3082
2224
964
2133
3094
1542
1179
2802
2709
1118
1684
3116
2025
995
2314
3028
1392
1263
2950
2554
977
1901
3251
1903
956
2475
3001
1322
1354
2978
2461
1031
1866
3118
1796
1064
2642
2848
1186
1501
3026
2269
993
2123
3105
1564
1124
2759
2761
1110
1608
3114
2087
953
2244
3045
1490
1273
2919
2613
1036
1847
3172
1870
984
2438
2962
1334
1408
3006
2428
995
1970
3207
1812
1053
2582
2813
1213
1532
3034
2262
995
2134
3083
1572
1150
2752
2740
1153
1584
3112
2094
984
2263
3086
1553
1224
2829
2566
1015
1819
3143
1874
999
2567
3042
1275
1312
3020
2510
996
1879
3145
1822
1071
2599
2845
1226
1517
3057
2236
959
2087
3079
1586
1151
2711
2665
1114
1679
3124
2038
1030
2349
3067
1471
1239
2903
2576
980
1828
3169
1869
986
2481
3037
1266
1258
2961
2431
982
1933
3131
1739
1021
2544
2773
1214
1554
3008
2234
1009
2156
3082
1525
1121
2795
2788
1097
1548
3088
2080
1062
2317
3006
1422
1238
2913
2558
963
1797
3147
1902
998
2440
2970
1311
1309
2973
2467
996
1845
3101
1829
1133
2489
2735
1300
1575
2978
2267
1062
2113
3009
1572
1204
2736
2685
1173
1684
3111
2079
1028
2281
3081
1478
1229
2907
2632
1019
1811
3222
1960
970
2415
2993
1342
1267
2953
2542
1043
1806
3097
1876
1041
2479
2819
1347
1560
2943
2237
1047
2133
3029
1552
1164
2699
2673
1130
1646
3183
2133
988
2269
3015
1480
1323
2908
2572
996
1788
3148
1896
949
2464
3102
1374
1262
2923
2507
1046
1854
3156
1850
1122
2598
2803
1296
1530
2913
2237
1092
2182
3000
1478
1185
2795
2715
1112
1667
3123
2047
1007
2383
3100
1461
1202
2912
2596
938
1834
3234
1868
940
2484
3046
1290
1283
3022
2545
979
1813
3157
1843
1081
2532
2776
1245
1539
2976
2210
1009
2203
3105
1565
1145
2747
2696
1054
1608
3169
2099
936
2316
3101
1436
1193
2943
2618
962
1806
3224
1905
952
2488
3067
1325
1313
2973
2448
1017
1926
3176
1745
1041
2578
2849
1255
1572
3053
2273
1019
2148
3061
1518
1125
2777
2680
1095
1666
3153
2008
975
2333
3107
1462
1241
2941
2626
944
1770
3205
1910
893
2397
3052
1319
1257
3028
2542
968
1846
3190
1906
1068
2485
2847
1302
1493
3017
2336
1039
2115
3076
1571
1162
2792
2690
1084
1701
3132
2033
994
2361
3032
1398
1214
2876
2565
1006
1879
3200
1883
949
2417
2955
1286
1316
3003
2517
1025
1853
3106
1880
1077
2490
2803
1300
1563
2964
2243
1059
2094
3052
1618
1186
2733
2743
1086
1577
3116
2063
1007
2348
3100
1491
1240
2887
2568
1063
1891
3150
1840
950
2492
3002
1294
1284
2958
2447
1002
1868
3155
1822
1062
2560
2842
1254
1519
3000
2153
962
2156
3060
1553
1178
2817
2699
1000
1642
3248
2081
937
2305
3096
1453
1218
2862
2620
1043
1825
3217
1965
942
2383
3031
1337
1308
2970
2477
1061
1918
3157
1881
1093
2532
2866
1290
1477
2918
2234
1070
2165
3066
1561
1105
2725
2757
1122
1629
3104
2052
1002
2248
2986
1453
1244
2863
2547
989
1837
3241
1890
939
2479
3072
1343
1320
2898
2372
1004
1931
3149
1819
1131
2668
2815
1209
1553
3052
2261
1004
2142
3068
1557
1164
2765
2703
1114
1658
3091
2021
1063
2391
3047
1388
1202
2918
2658
997
1800
3186
1888
937
2444
3024
1276
1255
3029
2538
946
1809
3168
1855
1033
2526
2908
1331
1572
3041
2268
1101
2221
3023
1467
1180
2890
2773
1064
1670
3187
2043
985
2372
3081
1401
1193
2971
2602
956
1831
3259
1897
882
2499
3081
1315
1308
2974
2460
948
1866
3182
1849
1024
2561
2906
1288
1495
2977
2301
1044
2141
3086
1572
1170
2742
2667
1095
1660
3167
2031
981
2353
3109
1469
1223
2904
2662
1019
1852
3220
1942
974
2429
2975
1358
1384
2957
2417
1023
1866
3111
1851
1108
2579
2899
1327
1561
3001
2264
1039
2155
3120
1525
1109
2785
2735
1095
1638
3144
2068
947
2276
3045
1451
1258
2887
2561
1031
1873
3223
1904
963
2491
3028
1284
1289
2989
2483
1011
1931
3202
1821
1005
2533
2841
1278
1511
2981
2284
1021
2137
3064
1584
1153
2728
2743
1133
1620
3102
2075
1048
2301
3008
1458
1223
2839
2611
1068
1822
3188
1869
897
2416
3029
1256
1253
2967
2530
1029
1856
3103
1819
1103
2550
2778
1216
1504
2963
2247
1049
2080
2994
1587
1189
2732
2723
1079
1668
3101
1983
1015
2329
3017
1412
1269
2887
2582
1004
1776
3185
1890
900
2429
3066
1319
1312
2997
2487
992
1856
3149
1855
1095
2526
2714
1206
1555
2990
2226
1039
2149
3028
1468
1126
2811
2730
1122
1657
3075
2063
1097
2333
2975
1419
1297
2887
2568
1040
1880
3209
1906
919
2418
3022
1328
1304
2948
2469
1025
1901
3155
1818
1115
2635
2828
1263
1492
2968
2261
1086
2058
2949
1563
1248
2768
2709
1136
1708
3146
2023
1021
2399
3106
1446
1254
2960
2589
971
1793
3188
1873
971
2444
2982
1308
1357
2984
2453
949
1848
3149
1822
1090
2578
2849
1227
1467
3034
2312
1028
2096
3023
1520
1124
2802
2751
1047
1535
3077
2061
1006
2288
3088
1484
1222
2839
2624
1050
1768
3109
1877
958
2427
2983
1277
1313
3066
2524
998
1872
3164
1883
1056
2551
2883
1276
1544
3036
2232
974
2072
3072
1582
1133
2738
2724
1158
1626
3142
2100
958
2231
3005
1516
1309
2858
2533
1050
1891
3159
1926
1046
2489
3000
1289
1319
2996
2467
968
1812
3140
1855
1096
2605
2877
1258
1503
2986
2266
1008
2149
3083
1550
1143
2803
2776
1080
1582
3159
2089
989
2299
3034
1448
1209
2916
2671
1036
1854
3141
1916
1027
2505
3026
1260
1318
2968
2435
964
1834
3131
1820
1138
2637
2853
1250
1542
3046
2253
1034
2129
3034
1585
1176
2777
2749
1088
1644
3157
2089
996
2324
3066
1482
1249
2866
2576
1068
1859
3158
1896
1031
2456
2926
1313
1365
2966
2378
936
1938
3217
1822
1011
2552
2788
1227
1526
3025
2229
1007
2168
3062
1499
1095
2761
2807
1075
1569
3113
2028
957
2311
3104
1509
1212
2861
2561
1030
1838
3131
1813
934
2464
3021
1320
1316
2917
2438
986
1832
3134
1871
1067
2483
2827
1328
1569
3006
2224
1063
2172
3032
1595
1221
2764
2713
1123
1644
3097
2034
970
2295
2989
1418
1249
2920
2591
968
1807
3200
1847
912
2479
3027
1289
1325
3016
2455
968
1921
3223
1830
1022
2554
2837
1219
1548
3056
2233
955
2162
3095
1531
1176
2788
2716
1129
1652
3136
2109
1070
2327
3074
1485
1206
2832
2557
1086
1853
3153
1895
984
2466
2994
1271
1303
2936
2400
982
1900
3184
1826
1097
2615
2828
1244
1554
3065
2240
975
2161
3138
1546
1100
2778
2759
1072
1620
3140
2072
939
2300
3094
1433
1196
2890
2702
1038
1790
3139
1898
981
2444
3002
1303
1347
2993
2470
972
1828
3169
1844
1092
2594
2859
1263
1519
3014
2253
982
2173
3112
1517
1112
2787
2809
1168
1606
3139
2088
984
2278
3049
1516
1278
2872
2583
1061
1897
3159
1871
954
2437
2986
1304
1353
3006
2462
982
1878
3195
1834
1079
2587
2802
1183
1538
3070
2274
986
2105
3100
1577
1107
2690
2728
1149
1674
3152
2089
1018
2308
3028
1448
1192
2863
2606
1060
1849
3139
1834
994
2434
2915
1283
1341
2966
2423
999
1922
3115
1753
1115
2661
2836
1237
1555
3064
2271
1026
2125
3104
1574
1111
2727
2756
1159
1589
3093
2137
1074
2294
3020
1506
1334
2873
2483
1012
1859
3129
1967
1026
2406
2925
1355
1417
2968
2418
1077
2014
3170
1749
1048
2662
2899
1183
1488
3077
2297
960
2120
3133
1534
1061
2735
2799
1126
1538
3087
2152
1019
2254
3083
1530
1223
2804
2566
1068
1866
3155
1874
949
2433
2983
1264
1335
3012
2452
1010
1918
3169
1782
1055
2591
2864
1195
1490
3046
2224
959
2176
3143
1568
1155
2845
2799
1092
1602
3125
2125
1040
2269
3069
1555
1339
2844
2572
1114
1893
3154
1859
1025
2501
2907
1275
1383
2992
2391
993
1929
3215
1835
1055
2570
2877
1282
1516
3027
2271
1017
2157
3049
1499
1136
2831
2782
1072
1630
3148
2094
974
2238
3030
1502
1243
2807
2562
1088
1886
3124
1892
1048
2419
2961
1316
1350
2974
2411
1023
1971
3196
1822
1030
2611
2850
1215
1462
3067
2291
961
2095
3141
1569
1033
2717
2871
1170
1518
3011
2072
1040
2347
3096
1517
1271
2864
2598
1029
1800
3135
1894
1004
2451
2965
1261
1304
2950
2444
978
1882
3180
1804
1080
2594
2800
1180
1502
3075
2248
944
2106
3140
1575
1102
2752
2747
1125
1594
3105
2078
1003
2325
3052
1428
1236
2886
2568
1002
1873
3206
1861
954
2467
3009
1254
1319
3052
2474
968
1916
3225
1861
1097
2587
2839
1227
1502
3019
2300
1027
2098
3044
1558
1153
2797
2761
1094
1635
3150
2090
990
2287
3036
1520
1271
2870
2554
1033
1855
3158
1873
915
2398
3040
1329
1313
2967
2420
957
1876
3182
1854
1070
2553
2864
1269
1522
3018
2257
1033
2158
3060
1563
1171
2745
2713
1117
1585
3090
2068
1004
2260
3071
1533
1275
2869
2581
1029
1835
3213
1882
885
2440
3048
1285
1250
2961
2422
946
1854
3155
1808
1103
2603
2773
1172
1531
3017
2303
1034
2161
3071
1512
1123
2776
2724
1037
1613
3070
2000
1009
2307
3044
1458
1186
2856
2655
1101
1842
3213
1920
928
2465
3056
1282
1232
3021
2506
1006
1921
3195
1871
1072
2616
2832
1202
1520
3041
2333
1032
2094
3015
1501
1186
2778
2645
1060
1694
3141
2033
1045
2374
3052
1466
1247
2919
2572
1014
1876
3209
1880
956
2456
2977
1291
1305
2993
2475
960
1814
3124
1814
1067
2539
2792
1267
1597
3042
2269
1033
2162
3082
1527
1169
2786
2662
1092
1679
3150
2078
958
2287
3055
1449
1238
2900
2625
980
1801
3200
1937
956
2445
3033
1284
1291
2996
2455
990
1937
3260
1846
1072
2648
2867
1217
1527
3030
2265
1028
2169
3082
1500
1129
2819
2761
1074
1628
3119
2071
1008
2268
3081
1488
1252
2866
2608
999
1814
3199
1936
985
2447
3007
1311
1344
2990
2454
1010
1896
3093
1796
1111
2575
2785
1232
1528
3017
2284
1019
2137
3089
1546
1105
2744
2775
1099
1595
3124
2124
1007
2316
3077
1418
1197
2908
2642
1047
1827
3155
1875
1013
2481
2992
1323
1392
3006
2458
1015
1958
3121
1803
1145
2652
2799
1217
1525
3040
2208
953
2127
3118
1639
1196
2712
2680
1152
1673
3060
2043
1050
2317
3000
1442
1318
2921
2573
1038
1888
3192
1858
938
2483
3012
1284
1332
2986
2426
998
1953
3177
1806
1078
2608
2809
1171
1497
3066
2317
1034
2149
3091
1547
1092
2758
2801
1028
1537
3134
2150
1066
2268
2986
1506
1302
2848
2577
1126
1885
3131
1908
1046
2498
2974
1279
1316
2927
2390
980
1971
3182
1771
1054
2646
2858
1224
1527
3042
2232
953
2123
3103
1542
1098
2746
2797
1135
1509
3057
2203
1034
2186
2960
1553
1333
2815
2526
1076
1866
3141
1905
1027
2457
2952
1322
1380
2915
2340
998
1969
3135
1759
1116
2604
2821
1211
1526
3078
2313
1007
2106
3120
1588
1048
2697
2849
1203
1574
3113
2175
1019
2207
3037
1559
1197
2790
2601
1078
1856
3148
1920
1017
2426
2960
1295
1320
2936
2372
996
1951
3198
1757
1039
2663
2872
1202
1497
3121
2317
943
2059
3085
1548
1118
2796
2782
1037
1507
3120
2157
989
2224
3015
1586
1296
2768
2566
1129
1852
3101
1855
1028
2505
2987
1297
1384
3008
2410
975
1950
3182
1800
1051
2615
2868
1160
1512
3081
2276
953
2176
3196
1552
1036
2766
2864
1107
1507
3115
2166
1050
2264
3050
1539
1240
2812
2608
1151
1841
3085
1889
1002
2416
2914
1257
1363
2994
2418
1000
1969
3204
1782
1109
2683
2856
1148
1477
3075
2284
1001
2127
3094
1559
1077
2684
2757
1159
1635
3091
2107
1036
2277
3020
1519
1331
2896
2512
1060
1885
3103
1847
1032
2494
2967
1302
1412
3004
2372
970
1966
3167
1790
1126
2683
2874
1228
1469
3044
2277
1002
2126
3106
1552
1128
2818
2822
1094
1541
3123
2126
1004
2253
2988
1482
1318
2839
2530
1077
1874
3117
1814
954
2454
2955
1226
1302
2994
2418
947
1861
3146
1787
1075
2628
2856
1222
1501
3061
2228
896
2106
3170
1593
1056
2733
2819
1164
1592
3136
2177
1012
2223
3032
1506
1205
2791
2513
1048
1868
3121
1936
1126
2549
2920
1287
1392
3007
2367
933
1946
3200
1775
1092
2659
2826
1133
1543
3129
2280
912
2077
3134
1537
1049
2713
2821
1127
1551
3121
2124
1008
2248
3024
1515
1209
2802
2569
1107
1840
3098
1905
1044
2385
2851
1330
1466
2982
2335
992
1984
3158
1786
1092
2643
2850
1202
1535
3068
2287
968
2089
3090
1564
1147
2770
2790
1069
1550
3162
2195
956
2189
3089
1570
1251
2789
2548
1119
1912
3130
1861
1001
2500
2976
1193
1323
3003
2400
1005
1925
3140
1779
1047
2548
2828
1263
1485
3002
2265
1032
2150
3091
1564
1142
2760
2738
1122
1611
3052
2097
1073
2301
3027
1473
1290
2858
2535
1025
1824
3121
1861
957
2406
2962
1333
1405
3009
2356
898
1902
3173
1801
1033
2587
2821
1220
1551
3078
2270
937
2171
3147
1483
1044
2796
2794
1042
1550
3193
2147
964
2281
3119
1474
1215
2883
2599
1044
1853
3220
1979
960
2466
3065
1256
1256
3012
2512
1040
1902
3106
1790
1085
2607
2868
1252
1486
3060
2320
1006
2177
3104
1535
1087
2757
2776
1077
1512
3172
2154
939
2239
3110
1525
1186
2861
2664
1070
1773
3146
1893
957
2433
3010
1300
1291
2996
2468
940
1836
3134
1826
1085
2605
2854
1246
1487
3012
2295
1022
2080
3028
1562
1127
2737
2736
1076
1574
3105
2089
1042
2326
3039
1419
1238
2876
2579
1079
1852
3178
1874
937
2466
3042
1243
1220
2957
2471
1034
1886
3133
1829
1062
2543
2838
1215
1439
3012
2303
1021
2146
3088
1543
1145
2735
2736
1079
1597
3123
2067
1019
2287
3073
1500
1255
2924
2612
1045
1802
3128
1925
1030
2469
2999
1307
1323
2965
2417
964
1889
3095
1743
1089
2634
2839
1182
1515
3039
2248
952
2133
3108
1543
1105
2775
2766
1143
1655
3127
2092
928
2281
3114
1516
1208
2898
2645
1008
1778
3137
1898
1007
2479
2982
1288
1416
3063
2458
966
1885
3144
1810
1103
2620
2784
1203
1570
3094
2190
930
2181
3094
1553
1210
2798
2698
1058
1659
3140
2062
924
2247
3069
1458
1192
2871
2620
1004
1795
3177
1922
957
2492
3066
1377
1314
2966
2511
1050
1925
3127
1830
1146
2611
2845
1245
1581
3044
2207
971
2148
3117
1521
1121
2752
2685
1087
1636
3142
2060
988
2331
3088
1486
1256
2892
2577
1018
1855
3175
1829
919
2506
3042
1264
1309
3071
2505
956
1908
3225
1823
1031
2609
2880
1247
1531
3025
2156
934
2197
3071
1492
1181
2792
2685
1079
1615
3174
2124
991
2268
3060
1527
1253
2866
2591
1087
1830
3127
1870
938
2422
3003
1297
1275
2952
2450
989
1890
3120
1821
1090
2556
2824
1298
1591
3051
2296
1081
2152
3026
1562
1178
2737
2742
1079
1565
3138
2122
1039
2284
3000
1476
1282
2870
2507
991
1856
3162
1898
982
2407
2974
1302
1333
3026
2440
926
1895
3217
1874
1120
2562
2842
1319
1610
2997
2201
1066
2146
2993
1525
1191
2758
2707
1158
1677
3089
2046
1062
2348
3016
1461
1291
2851
2540
1041
1872
3202
1846
919
2479
3019
1237
1287
2998
2532
1057
1942
3156
1808
1119
2575
2840
1270
1528
3006
2238
997
2118
3054
1530
1119
2728
2783
1174
1604
3120
2085
924
2197
3028
1498
1263
2863
2591
1031
1822
3168
1873
942
2478
3062
1269
1280
3025
2503
977
1862
3154
1858
1073
2557
2868
1281
1547
3018
2199
965
2164
3094
1535
1129
2724
2709
1130
1632
3121
2066
998
2296
3041
1474
1239
2815
2615
1078
1830
3125
1941
1044
2463
2980
1341
1334
3021
2462
999
1878
3126
1809
1041
2566
2888
1236
1502
3055
2295
937
2062
3108
1598
1089
2757
2786
1066
1554
3117
2114
1001
2228
2920
1434
1255
2852
2584
1094
1853
3117
1783
963
2539
3053
1283
1341
2950
2395
1002
1926
3171
1814
1084
2619
2842
1187
1544
3096
2256
1008
2159
3075
1525
1120
2787
2776
1079
1508
3040
2115
1039
2252
3077
1533
1221
2841
2614
1088
1782
3135
1894
948
2394
2989
1333
1357
2921
2395
1065
1995
3162
1754
1063
2653
2940
1254
1514
3088
2271
994
2215
3150
1535
1132
2768
2743
1145
1660
3139
2113
934
2236
3102
1619
1289
2752
2488
1126
1940
3075
1766
999
2547
3003
1271
1361
2970
2428
1038
1941
3161
1822
1089
2600
2882
1224
1458
3072
2308
970
2108
3110
1540
1020
2731
2852
1191
1562
3063
2157
1024
2256
3084
1565
1208
2769
2593
1123
1835
3122
1851
1002
2403
2960
1373
1360
2914
2413
1045
1974
3137
1812
1119
2631
2794
1196
1507
3021
2201
920
2132
3154
1652
1099
2754
2842
1091
1530
3139
2157
995
2230
3044
1470
1213
2873
2670
1099
1772
3129
1935
1044
2399
2940
1326
1366
2959
2406
979
1956
3255
1837
1051
2633
2862
1198
1502
3075
2291
975
2108
3169
1609
1053
2733
2803
1122
1502
3029
2145
1070
2242
3008
1584
1267
2777
2522
1099
1884
3132
1873
1026
2502
2957
1255
1341
2988
2388
965
1960
3166
1756
1110
2681
2849
1170
1454
3028
2235
964
2126
3133
1554
1121
2779
2787
1081
1550
3106
2108
1005
2273
3115
1549
1245
2824
2572
1083
1907
3155
1844
1010
2473
2990
1374
1417
2950
2375
999
1912
3133
1832
1113
2597
2773
1219
1547
3006
2198
963
2158
3133
1575
1150
2814
2767
1088
1612
3172
2124
950
2196
3095
1578
1222
2845
2602
1062
1857
3138
1860
934
2420
2965
1278
1312
3024
2491
1014
1918
3159
1778
1103
2681
2879
1212
1536
3047
2237
961
2119
3031
1505
1129
2723
2718
1150
1600
3142
2134
982
2234
3089
1528
1195
2827
2629
1094
1832
3075
1892
1038
2434
2955
1341
1361
2940
2441
1030
1886
3145
1817
1074
2553
2856
1268
1564
3065
2258
964
2058
3119
1622
1113
2718
2781
1152
1583
3085
2098
1013
2294
3074
1532
1275
2881
2580
1058
1863
3159
1920
1007
2450
2956
1249
1386
3080
2454
942
1889
3181
1845
1094
2608
2863
1292
1535
3029
2248
973
2114
3132
1584
1051
2683
2819
1153
1574
3108
2103
988
2317
3103
1503
1221
2831
2633
1078
1794
3078
1864
1001
2502
2979
1210
1311
3041
2381
912
1937
3232
1777
1076
2649
2871
1250
1603
3107
2272
967
2171
3129
1516
1132
2800
2787
1034
1537
3123
2117
978
2270
3109
1519
1212
2840
2542
1009
1871
3182
1886
1022
2464
2938
1277
1354
2886
2334
984
1925
3186
1798
1024
2574
2857
1235
1554
3054
2222
975
2095
3098
1579
1120
2758
2725
1040
1534
3094
2093
1011
2254
3068
1509
1218
2886
2653
1015
1790
3177
1917
1003
2463
3013
1339
1350
2980
2468
1058
1987
3158
1778
1097
2697
2885
1182
1467
3063
2314
998
2108
3068
1571
1160
2738
2694
1084
1653
3118
1985
975
2320
3056
1453
1215
2809
2546
1048
1854
3105
1809
953
2485
3029
1321
1324
2964
2417
1011
1950
3155
1810
1079
2566
2801
1221
1578
3068
2307
1060
2161
3041
1494
1123
2774
2748
1081
1577
3120
2082
1042
2328
3026
1434
1201
2862
2601
1041
1839
3217
1921
977
2487
3077
1363
1320
3041
2497
1001
1934
3191
1847
1071
2610
2852
1250
1594
3035
2205
990
2176
3087
1551
1156
2723
2715
1100
1590
3053
2047
1031
2279
3016
1466
1320
2966
2572
963
1867
3264
1866
859
2490
3135
1260
1202
2962
2510
1006
1842
3127
1880
1111
2565
2805
1290
1518
2993
2303
1079
2110
3043
1592
1221
2745
2669
1101
1642
3173
2079
974
2286
3009
1455
1200
2862
2570
1021
1890
3165
1869
959
2450
2991
1304
1356
3015
2458
976
1902
3141
1797
1045
2561
2850
1268
1563
2958
2161
1010
2208
3045
1499
1165
2766
2713
1114
1640
3113
2108
1021
2305
3040
1419
1246
2942
2615
993
1755
3155
1929
1016
2463
2963
1262
1322
2981
2474
1036
1963
3195
1814
1062
2586
2854
1302
1538
2999
2288
1035
2134
3025
1553
1184
2770
2719
1108
1665
3157
2048
955
2322
3080
1446
1147
2865
2615
991
1807
3191
1947
1039
2499
2987
1213
1290
3067
2501
973
1879
3175
1856
1032
2523
2872
1294
1498
2967
2273
1059
2123
3040
1599
1210
2698
2647
1135
1689
3107
2042
991
2306
3069
1454
1210
2862
2625
1034
1804
3147
1944
1012
2487
3016
1334
1337
2978
2435
947
1870
3157
1836
1105
2546
2831
1232
1504
3043
2228
963
2115
3081
1541
1148
2789
2727
1088
1624
3159
2092
965
2269
3094
1460
1176
2892
2640
1001
1791
3223
1970
993
2432
3022
1303
1257
2991
2528
978
1794
3143
1893
1114
2547
2756
1223
1569
2996
2159
983
2150
3076
1508
1127
2784
2715
1046
1600
3155
2034
983
2260
3036
1439
1255
2900
2554
1024
1844
3157
1861
972
2454
3001
1269
1337
3059
2469
1026
1922
3168
1830
1098
2585
2818
1237
1520
3025
2214
1010
2144
3069
1536
1123
2764
2726
1084
1633
3104
2065
1027
2306
3037
1468
1249
2854
2503
994
1864
3136
1848
998
2497
3023
1301
1341
3025
2458
962
1882
3154
1811
1081
2640
2857
1243
1510
3013
2264
1027
2152
3029
1485
1139
2788
2752
1122
1595
3082
2083
1045
2312
3059
1501
1231
2826
2580
1074
1907
3163
1845
1011
2491
3006
1308
1382
3055
2459
988
1904
3192
1833
1071
2568
2854
1274
1511
3024
2309
980
2077
3110
1623
1152
2737
2732
1114
1613
3099
2071
994
2274
2981
1393
1280
2943
2565
1030
1868
3157
1931
948
2482
3075
1312
1254
2957
2532
1032
1834
3110
1867
1126
2588
2869
1323
1537
2969
2233
1055
2190
3076
1490
1151
2798
2740
1112
1608
3125
2104
1003
2283
3037
1474
1224
2894
2668
1056
1787
3174
1902
927
2454
3086
1349
1280
2938
2463
1015
1907
3182
1877
1093
2520
2777
1264
1631
3038
2197
985
2156
3058
1517
1178
2807
2757
1102
1635
3126
2048
1005
2270
3043
1530
1323
2848
2526
1061
1857
3146
1880
963
2420
3002
1310
1325
2981
2450
964
1838
3124
1803
1059
2577
2861
1245
1511
3084
2307
934
2078
3134
1576
1111
2684
2705
1129
1689
3169
2053
1008
2325
3061
1461
1246
2865
2611
1082
1863
3152
1854
946
2476
3002
1247
1294
2995
2413
974
1960
3254
1867
1085
2624
2895
1246
1555
3097
2253
981
2155
3152
1559
1070
2786
2882
1180
1552
3092
2142
1048
2319
3086
1529
1219
2868
2596
1051
1793
3146
1930
987
2443
2984
1337
1372
3000
2430
951
1898
3217
1764
1021
2629
2846
1162
1492
3054
2309
1033
2154
3035
1481
1075
2773
2775
1031
1551
3122
2120
1051
2281
3080
1530
1221
2855
2616
1094
1831
3093
1870
996
2425
2956
1303
1371
2991
2482
1000
1863
3112
1794
1084
2575
2785
1218
1568
3064
2260
1012
2160
3098
1567
1184
2772
2753
1143
1576
3089
2108
1031
2241
3051
1527
1192
2856
2612
1053
1816
3168
1926
959
2422
2997
1318
1337
2962
2451
980
1834
3103
1773
1040
2591
2859
1221
1525
3023
2197
956
2111
3101
1593
1148
2754
2737
1123
1616
3068
2076
1059
2303
3019
1499
1292
2894
2542
1000
1870
3185
1867
983
2507
3035
1253
1284
2972
2486
1019
1899
3177
1801
1060
2606
2852
1246
1510
2990
2223
1013
2221
3180
1557
1141
2779
2758
1123
1660
3112
2044
1009
2330
3069
1464
1218
2891
2535
1005
1837
3179
1840
931
2457
3033
1329
1298
2972
2503
982
1826
3141
1853
1108
2601
2807
1194
1581
3036
2198
1001
2194
3085
1527
1180
2839
2762
1076
1624
3196
2136
940
2268
3115
1496
1253
2908
2615
1038
1798
3130
1939
1009
2421
2963
1343
1322
2939
2456
1001
1909
3121
1793
1122
2611
2855
1281
1564
2965
2235
1088
2163
3007
1529
1220
2796
2681
1042
1628
3202
2054
918
2265
3027
1438
1241
2910
2585
1040
1890
3193
1884
949
2468
3006
1295
1342
2975
2411
951
1918
3176
1787
1048
2580
2873
1243
1519
3014
2230
985
2121
3083
1549
1111
2768
2770
1130
1611
3082
2080
1016
2332
3051
1473
1268
2872
2590
1041
1885
3239
1927
952
2436
3028
1316
1302
2951
2413
978
1879
3135
1829
1069
2523
2885
1317
1560
3025
2262
1011
2180
3121
1515
1118
2772
2765
1055
1592
3159
2033
918
2286
3137
1483
1197
2898
2574
1016
1873
3153
1838
988
2507
2988
1276
1287
2934
2427
1055
1919
3088
1813
1143
2591
2844
1263
1552
2977
2229
1029
2145
3022
1480
1166
2778
2714
1119
1624
3103
2039
1040
2315
3032
1463
1223
2883
2540
1022
1951
3260
1874
891
2444
3033
1348
1324
2958
2419
980
1893
3159
1868
1113
2547
2815
1298
1572
2993
2196
983
2150
3101
1548
1192
2714
2691
1096
1642
3143
2007
978
2328
3052
1427
1181
2880
2597
1032
1823
3165
1923
924
2414
3041
1329
1268
2999
2576
985
1737
3082
1908
1136
2544
2781
1256
1566
3020
2261
1054
2162
3068
1585
1173
2776
2753
1111
1632
3128
2114
978
2267
3076
1483
1262
2871
2584
1006
1869
3200
1871
930
2424
3035
1302
1281
3014
2510
999
1825
3101
1873
1168
2565
2763
1278
1534
2951
2206
1003
2116
2998
1555
1164
2716
2683
1111
1668
3099
2027
1039
2352
3065
1489
1214
2809
2575
1097
1841
3125
1864
999
2434
2950
1318
1368
3000
2445
966
1873
3139
1848
1148
2610
2815
1239
1560
3069
2286
970
2108
3111
1577
1105
2754
2805
1157
1607
3078
2097
1006
2235
3027
1521
1292
2833
2517
1067
1876
3149
1871
981
2449
2989
1316
1349
2974
2425
995
1978
3164
1788
1062
2595
2876
1244
1535
3054
2268
963
2065
3098
1581
1081
2771
2872
1137
1544
3124
2121
988
2224
3052
1563
1301
2852
2526
1064
1899
3111
1847
1087
2563
2971
1245
1331
3031
2450
932
1896
3224
1816
1077
2638
2875
1220
1471
3023
2261
1004
2078
3127
1642
1085
2732
2758
1080
1588
3152
2170
1029
2301
3080
1536
1227
2837
2564
1057
1869
3164
1887
1019
2535
3028
1244
1334
3007
2450
950
1897
3123
1758
1100
2667
2853
1153
1466
3089
2312
1034
2147
3120
1595
1120
2693
2739
1117
1601
3073
2078
1072
2271
3018
1518
1249
2832
2585
1097
1904
3136
1841
1031
2493
2989
1318
1348
2959
2392
966
1856
3169
1858
1090
2591
2817
1241
1546
3027
2235
978
2204
3118
1583
1156
2753
2753
1134
1590
3068
2141
1032
2281
3054
1491
1275
2884
2545
1030
1853
3163
1877
946
2427
3020
1358
1316
2973
2487
1005
1869
3129
1836
1067
2587
2862
1212
1510
3067
2303
981
2087
3082
1564
1122
2806
2797
1071
1595
3117
2067
1003
2268
3056
1476
1174
2822
2605
1040
1815
3168
1903
1000
2471
2969
1313
1370
2977
2461
1017
1893
3200
1846
1044
2565
2821
1219
1471
3025
2251
992
2129
3088
1541
1108
2787
2739
1049
1651
3211
2049
890
2317
3155
1508
1173
2832
2593
1049
1843
3227
1913
908
2432
3031
1354
1314
2968
2493
1001
1866
3173
1821
1004
2584
2943
1234
1481
3060
2311
1030
2142
3086
1497
1081
2732
2717
1139
1633
3092
2063
1019
2313
3061
1490
1235
2859
2574
1092
1867
3120
1879
1005
2439
2943
1310
1363
2941
2374
1014
1966
3085
1707
1066
2598
2896
1254
1437
2973
2232
1001
2140
3115
1558
1096
2740
2794
1139
1588
3130
2123
1022
2265
3051
1534
1258
2821
2575
1133
1897
3093
1855
1025
2429
2981
1346
1362
2996
2462
999
1878
3107
1753
1060
2641
2831
1216
1545
3049
2233
1004
2120
3117
1591
1118
2729
2799
1143
1559
3102
2140
1058
2280
3028
1491
1178
2810
2556
1070
1806
3083
1917
1024
2428
2959
1283
1252
2900
2452
1065
1890
3086
1818
1128
2566
2800
1220
1537
3053
2231
993
2182
3125
1517
1115
2782
2800
1115
1538
3110
2100
1009
2275
3048
1524
1214
2839
2567
1057
1827
3120
1851
995
2462
2978
1258
1307
2968
2395
952
1908
3127
1769
1039
2564
2831
1277
1517
2991
2298
1088
2147
3049
1550
1206
2846
2772
1118
1625
3136
2069
1008
2324
3041
1467
1277
2869
2541
1056
1879
3098
1809
1007
2516
2973
1276
1365
2984
2409
964
1893
3206
1887
1083
2591
2831
1202
1527
3066
2251
920
2123
3165
1598
1100
2729
2768
1156
1596
3148
2127
972
2271
3089
1524
1242
2912
2636
1009
1805
3212
1929
941
2424
3008
1274
1320
2986
2424
964
1897
3183
1808
1038
2585
2857
1248
1579
3066
2220
948
2143
3106
1506
1082
2779
2805
1105
1578
3136
2076
1006
2322
3056
1439
1201
2826
2568
1049
1811
3136
1919
943
2374
2957
1279
1336
2995
2440
1012
1876
3047
1762
1103
2577
2826
1292
1573
3031
2235
973
2116
3085
1586
1162
2788
2796
1154
1622
3136
2089
1086
2338
3046
1467
1293
2882
2539
1069
1870
3105
1842
988
2460
2970
1295
1366
2999
2408
1007
1976
3114
1754
1116
2692
2825
1220
1538
3047
2254
986
2166
3104
1507
1125
2777
2756
1065
1546
3116
2060
987
2270
3050
1502
1229
2841
2643
1057
1806
3124
1907
1017
2452
2952
1294
1370
3027
2463
1024
1922
3136
1783
1046
2634
2893
1238
1526
3049
2318
1024
2130
3159
1622
1106
2703
2837
1186
1585
3131
2132
1053
2293
3025
1483
1231
2851
2609
1085
1791
3041
1876
1072
2509
2952
1274
1387
2967
2381
1067
1971
3124
1791
1139
2685
2822
1169
1488
3098
2277
916
2077
3091
1567
1113
2769
2772
1074
1573
3140
2136
1033
2246
2957
1496
1308
2844
2520
1027
1831
3130
1838
990
2501
2945
1221
1373
3028
2401
997
1933
3162
1793
1093
2631
2871
1239
1489
3055
2181
874
2150
3199
1565
1041
2711
2794
1137
1549
3080
2095
989
2245
3118
1589
1188
2795
2686
1124
1826
3081
1859
1026
2421
2924
1305
1344
2901
2396
1036
1928
3140
1789
1077
2559
2787
1184
1527
3052
2176
954
2191
3110
1559
1137
2676
2647
1077
1601
3113
2094
972
2229
3087
1579
1257
2798
2579
1097
1821
3040
1907
1093
2494
2912
1286
1392
2965
2408
1057
1990
3157
1794
1116
2644
2809
1201
1549
3076
2294
1030
2110
3042
1575
1156
2705
2747
1065
1533
3138
2117
1045
2308
3047
1507
1306
2907
2562
1017
1825
3124
1884
1010
2415
2937
1255
1370
3074
2441
939
1910
3154
1767
1120
2598
2813
1209
1531
3000
2203
1001
2175
3128
1541
1082
2800
2841
1136
1531
3156
2185
1000
2214
3043
1517
1210
2749
2532
1076
1856
3156
1902
984
2468
2988
1280
1392
3022
2426
982
1909
3124
1818
1123
2659
2846
1172
1504
3080
2306
963
2054
3045
1606
1159
2748
2756
1176
1612
3099
2159
1082
2273
3003
1549
1244
2794
2508
1081
1928
3117
1824
1043
2525
2963
1258
1393
3066
2414
977
1988
3212
1764
1094
2685
2799
1102
1543
3089
2205
955
2146
3109
1575
1142
2805
2776
1068
1549
3104
2124
978
2225
3118
1574
1205
2791
2589
1078
1841
3116
1941
1032
2392
2917
1280
1366
2981
2396
946
1919
3211
1795
1033
2579
2848
1161
1474
3086
2309
1000
2132
3125
1557
1096
2750
2774
1082
1532
3143
2174
1039
2249
3011
1522
1242
2778
2605
1116
1812
3116
1991
1048
2388
2921
1304
1382
2961
2392
1035
1964
3164
1796
1104
2618
2815
1204
1537
3047
2234
983
2141
3094
1542
1129
2785
2783
1087
1553
3096
2154
1044
2264
3028
1489
1319
2851
2476
1039
1808
3089
1868
1029
2518
2986
1298
1408
2999
2441
992
1892
3181
1825
1087
2609
2871
1230
1471
3063
2309
941
2101
3136
1580
1090
2757
2836
1158
1590
3114
2154
1039
2269
3051
1512
1255
2848
2578
1091
1859
3100
1904
1060
2495
2947
1287
1360
2963
2454
1016
1913
3146
1756
996
2588
2824
1203
1549
3104
2246
939
2115
3144
1555
1074
2752
2765
1081
1569
3164
2158
1019
2247
3056
1562
1247
2750
2585
1132
1825
3071
1914
1094
2390
2854
1298
1368
2942
2391
995
1958
3184
1761
1017
2612
2971
1266
1460
3061
2334
987
2094
3117
1568
1125
2809
2781
1097
1555
3126
2156
1021
2217
3031
1561
1243
2804
2543
1104
1911
3121
1912
1045
2457
3000
1285
1333
2995
2491
1030
1921
3175
1784
1061
2616
2857
1215
1544
3078
2228
935
2087
3114
1572
1086
2727
2815
1139
1560
3081
2120
1016
2267
3058
1500
1280
2891
2611
1125
1910
3131
1892
1051
2489
2962
1238
1331
2989
2384
975
1913
3156
1809
1076
2635
2868
1198
1514
3050
2266
978
2118
3101
1577
1088
2685
2782
1183
1589
3061
2069
1029
2273
3047
1535
1241
2794
2548
1089
1917
3162
1785
964
2530
2996
1293
1427
2987
2361
995
1978
3137
1757
1094
2640
2824
1154
1521
3084
2217
918
2224
3239
1521
1028
2782
2818
1106
1571
3125
2146
983
2242
3077
1529
1171
2790
2600
1080
1905
3183
1894
994
2428
2933
1268
1353
2984
2364
1003
1989
3150
1706
1002
2642
2903
1174
1417
3051
2368
1009
2100
3123
1637
1133
2713
2841
1170
1525
3033
2129
1076
2208
2995
1545
1294
2770
2521
1089
1863
3130
1886
1002
2460
2943
1300
1444
2993
2363
1041
1988
3135
1742
1112
2642
2809
1171
1516
3102
2250
891
2145
3196
1578
1036
2724
2834
1144
1559
3099
2137
1010
2199
2995
1512
1290
2807
2584
1100
1873
3087
1886
1074
2510
2958
1225
1332
3005
2431
967
1882
3154
1756
1064
2630
2860
1184
1488
3039
2242
943
2129
3160
1558
1096
2740
2791
1139
1585
3113
2152
1003
2203
3023
1549
1273
2805
2550
1102
1900
3139
1872
986
2466
3007
1283
1287
2995
2476
975
1943
3239
1812
997
2530
2824
1230
1550
3069
2333
994
2143
3157
1599
1083
2701
2823
1144
1557
3121
2151
1048
2248
2978
1553
1366
2847
2535
1073
1855
3098
1922
1065
2422
2972
1369
1385
2932
2394
997
1945
3138
1791
1139
2616
2805
1241
1604
3111
2238
988
2141
3144
1547
1039
2717
2776
1146
1618
3136
2107
969
2226
3031
1489
1163
2774
2564
1008
1819
3146
1920
992
2425
2957
1252
1344
3012
2363
989
2026
3224
1803
1062
2653
2869
1215
1443
3022
2313
1001
2129
3072
1561
1170
2744
2691
1065
1604
3117
2102
1015
2272
3076
1525
1199
2810
2645
1084
1846
3170
1881
967
2487
3048
1316
1337
2961
2426
979
1901
3169
1801
1076
2650
2856
1206
1507
3086
2323
1005
2112
3087
1547
1089
2742
2768
1089
1577
3126
2113
952
2246
3117
1552
1258
2814
2548
1092
1914
3097
1797
1068
2536
2929
1236
1358
3007
2380
1006
1993
3138
1763
1084
2664
2804
1209
1556
3068
2286
948
2114
3108
1520
1063
2723
2776
1112
1605
3162
2119
1008
2302
3111
1495
1237
2867
2600
1070
1843
3100
1850
998
2489
2983
1252
1279
2969
2487
936
1821
3132
1842
1105
2537
2798
1237
1531
3046
2273
1026
2183
3111
1547
1136
2794
2760
1094
1627
3165
2072
1007
2304
3054
1462
1251
2868
2557
1040
1829
3114
1889
1002
2471
3011
1272
1283
2998
2511
995
1841
3104
1840
1143
2613
2788
1238
1563
2981
2219
1033
2202
3072
1543
1114
2723
2751
1120
1605
3144
2137
1010
2324
3116
1506
1227
2899
2643
1050
1831
3187
1965
994
2426
2999
1320
1305
3005
2477
973
1866
3141
1867
1147
2560
2792
1236
1553
3007
2215
1058
2181
3003
1499
1207
2762
2668
1082
1668
3134
2081
1057
2357
3075
1443
1187
2909
2611
991
1858
3271
1908
944
2374
2954
1298
1293
2961
2455
949
1832
3159
1838
1074
2575
2854
1275
1510
2985
2285
1010
2075
3025
1522
1135
2749
2722
1054
1618
3125
2067
1004
2371
3133
1499
1210
2862
2589
1041
1863
3168
1886
969
2420
2996
1341
1364
2964
2480
1050
1881
3072
1787
1093
2549
2823
1290
1521
3069
2324
1018
2071
3070
1583
1167
2760
2712
1104
1637
3118
2088
1030
2288
3028
1478
1219
2852
2608
1042
1827
3195
1884
900
2419
2996
1294
1308
2976
2501
1041
1864
3144
1881
1110
2568
2868
1298
1529
3045
2258
969
2149
3094
1520
1098
2773
2806
1089
1585
3101
2099
1030
2215
3027
1569
1299
2806
2524
1081
1877
3145
1917
1060
2487
3007
1263
1266
2994
2491
1035
1910
3137
1817
1068
2621
2843
1191
1516
3086
2279
990
2094
3079
1546
1134
2766
2736
1135
1610
3113
2094
936
2262
3073
1491
1222
2846
2549
1033
1877
3174
1916
981
2403
2942
1301
1348
2980
2454
1040
1894
3085
1805
1156
2594
2810
1292
1652
3064
2186
971
2194
3093
1526
1134
2814
2783
1079
1608
3191
2118
977
2260
3025
1482
1301
2923
2587
995
1817
3169
1862
1023
2544
3005
1282
1382
3069
2449
960
1906
3202
1790
1071
2679
2891
1206
1528
3075
2233
963
2161
3122
1549
1042
2719
2789
1157
1615
3133
2148
1034
2269
3069
1515
1295
2865
2561
1050
1841
3138
1885
966
2424
3008
1292
1324
2970
2420
1022
1972
3176
1748
1053
2642
2907
1224
1469
3028
2263
1011
2200
3124
1515
1146
2798
2739
1068
1617
3158
2087
972
2277
3050
1469
1259
2865
2512
1029
1900
3198
1876
928
2486
3050
1252
1247
3005
2474
973
1846
3134
1835
1124
2584
2788
1236
1531
3019
2225
1014
2179
3084
1578
1193
2776
2740
1152
1650
3091
2083
1016
2248
3072
1570
1307
2848
2535
1072
1887
3148
1919
975
2397
2966
1308
1297
2966
2494
1041
1871
3105
1822
1057
2514
2855
1271
1547
3053
2256
1006
2203
3112
1520
1115
2764
2737
1093
1625
3113
2069
1044
2308
3055
1496
1204
2812
2574
1033
1836
3136
1875
942
2406
2969
1309
1266
2927
2507
1073
1870
3108
1858
1098
2552
2798
1242
1537
3016
2257
1027
2174
3080
1530
1124
2754
2711
1043
1631
3190
2084
1003
2338
3118
1495
1233
2856
2615
1071
1815
3134
1860
977
2517
3010
1262
1238
2968
2528
991
1834
3123
1833
1096
2531
2874
1259
1525
3034
2312
1038
2088
3055
1586
1184
2782
2743
1073
1603
3140
2107
1049
2320
3022
1471
1288
2865
2546
1051
1844
3170
1874
976
2483
3020
1256
1307
3035
2466
960
1908
3187
1831
1044
2568
2786
1174
1520
3068
2241
960
2141
3147
1586
1115
2754
2728
1072
1562
3107
2037
954
2315
3086
1449
1155
2807
2581
1048
1805
3183
1983
992
2439
2960
1302
1335
2979
2460
973
1846
3151
1873
1071
2525
2864
1324
1582
3010
2242
1009
2193
3170
1537
1116
2776
2763
1115
1643
3172
2075
921
2309
3104
1525
1235
2842
2606
1069
1878
3195
1902
929
2471
3059
1289
1303
3008
2490
990
1833
3162
1873
1129
2561
2792
1245
1537
3061
2215
964
2109
3150
1557
1053
2745
2798
1103
1546
3120
2127
997
2295
3029
1454
1319
2942
2525
995
1835
3153
1862
987
2446
3024
1327
1282
2979
2489
1020
1879
3173
1885
1043
2542
2858
1296
1531
2993
2273
1040
2120
3039
1567
1172
2789
2743
1118
1594
3108
2110
1068
2354
3042
1474
1256
2888
2544
1006
1864
3150
1835
915
2488
3067
1291
1357
3042
2522
985
1839
3154
1854
1090
2577
2891
1297
1460
2993
2300
984
2090
3090
1533
1111
2748
2720
1115
1639
3132
2057
962
2313
3100
1513
1237
2809
2556
1043
1824
3090
1811
958
2426
2959
1268
1252
2953
2479
1038
1875
3123
1850
1075
2568
2848
1218
1519
3062
2268
986
2100
3049
1528
1128
2799
2735
1002
1541
3189
2133
960
2218
3068
1526
1249
2862
2609
1043
1846
3206
1874
952
2424
3029
1315
1255
2993
2471
959
1876
3211
1862
1079
2555
2750
1187
1548
3050
2242
967
2114
3061
1565
1170
2766
2762
1119
1615
3111
2071
1009
2271
3019
1527
1263
2798
2516
1071
1875
3082
1832
1005
2484
2961
1274
1364
3017
2438
954
1895
3205
1839
1081
2645
2908
1180
1456
3060
2277
947
2118
3151
1577
1093
2759
2783
1061
1574
3157
2128
1036
2336
3027
1494
1311
2891
2563
1060
1865
3090
1811
1003
2509
2934
1189
1312
3014
2402
954
1888
3157
1794
1110
2628
2880
1270
1528
3090
2326
982
2120
3127
1609
1115
2777
2816
1120
1566
3048
2110
1092
2298
3042
1490
1236
2862
2647
1120
1862
3103
1767
954
2514
3010
1287
1325
2969
2440
1021
1931
3073
1739
1171
2695
2802
1198
1563
3034
2254
988
2127
3092
1568
1130
2769
2804
1135
1592
3135
2157
1017
2223
3062
1585
1258
2800
2640
1116
1816
3088
1875
1022
2422
2908
1298
1373
2976
2394
1031
1947
3154
1786
1065
2592
2811
1209
1536
3069
2219
990
2179
3145
1585
1088
2706
2763
1115
1541
3126
2126
983
2250
3005
1471
1236
2846
2598
1052
1830
3094
1797
957
2525
3044
1269
1293
2987
2437
981
1951
3227
1812
1103
2612
2814
1203
1493
3020
2279
986
2117
3125
1568
1136
2756
2743
1120
1585
3112
2066
1000
2329
3041
1491
1195
2822
2612
1010
1819
3178
1886
962
2401
2911
1258
1384
3031
2417
951
1898
3184
1830
1079
2631
2797
1153
1491
3018
2230
978
2143
3086
1507
1145
2804
2780
1092
1597
3124
2092
1028
2350
3048
1448
1286
2889
2603
1075
1832
3078
1836
1011
2438
2947
1288
1343
2988
2453
992
1910
3168
1798
1075
2585
2851
1216
1470
3048
2335
1012
2088
3061
1614
1183
2768
2781
1105
1603
3110
2058
1018
2293
3069
1500
1252
2877
2576
1074
1924
3181
1808
965
2532
2979
1281
1348
3012
2439
1039
2011
3134
1781
1122
2588
2771
1201
1576
3047
2218
1000
2130
3091
1612
1157
2757
2726
1085
1600
3076
2075
978
2210
3071
1524
1258
2837
2559
1005
1787
3168
1948
960
2360
3000
1357
1307
2880
2442
1069
1893
3106
1822
1086
2524
2813
1264
1480
2977
2264
1025
2161
3130
1585
1146
2780
2740
1126
1607
3070
2056
1017
2304
3043
1458
1259
2898
2563
1053
1868
3219
1903
972
2455
3031
1278
1233
2947
2500
1045
1849
3104
1815
1087
2534
2835
1280
1513
3020
2287
1041
2130
3057
1544
1159
2780
2730
1097
1656
3138
2059
1001
2309
3022
1451
1196
2817
2585
1046
1871
3199
1856
932
2454
3032
1261
1318
3023
2497
988
1879
3202
1866
1090
2578
2859
1272
1545
3071
2219
960
2150
3072
1480
1130
2805
2734
1075
1648
3175
2063
1003
2351
3111
1427
1218
2900
2586
1069
1878
3200
1895
983
2469
2984
1306
1365
3021
2510
1022
1853
3134
1874
1126
2542
2786
1267
1573
3057
2217
1003
2219
3111
1523
1103
2721
2778
1138
1579
3082
2088
1021
2294
3008
1459
1287
2847
2524
1039
1862
3146
1920
1032
2417
2930
1333
1385
2996
2440
998
1883
3151
1849
1113
2555
2823
1229
1535
3032
2206
975
2192
3099
1461
1120
2802
2753
1074
1571
3112
2082
968
2272
3058
1482
1252
2873
2558
1080
1812
3097
1887
1033
2502
2955
1264
1337
2943
2397
1025
1976
3123
1737
1114
2681
2816
1096
1505
3118
2242
894
2099
3210
1567
1011
2752
2884
1152
1519
3070
2122
1024
2293
3038
1480
1261
2848
2523
1039
1889
3124
1747
937
2524
3022
1272
1332
2989
2457
1004
1908
3147
1784
1072
2632
2834
1156
1530
3118
2296
942
2160
3200
1610
1079
2667
2718
1096
1581
3173
2181
1039
2280
3034
1548
1313
2808
2518
1116
1866
3049
1833
1010
2471
2930
1263
1372
3066
2423
961
1924
3174
1809
1070
2638
2889
1208
1527
3106
2300
948
2196
3221
1547
1060
2768
2853
1129
1519
3119
2213
1011
2209
3064
1585
1293
2802
2531
1080
1871
3077
1848
1053
2446
2917
1289
1395
3007
2403
1034
1976
3168
1763
1056
2653
2901
1214
1442
3030
2205
938
2145
3075
1539
1126
2825
2827
1037
1542
3166
2158
947
2205
3086
1579
1224
2761
2571
1102
1817
3075
1875
1004
2411
2965
1304
1333
3021
2456
958
1916
3212
1793
1051
2612
2889
1245
1542
3054
2243
980
2183
3140
1602
1109
2702
2775
1198
1623
3075
2090
998
2226
3002
1537
1307
2810
2565
1111
1829
3073
1863
970
2445
3009
1298
1328
3002
2494
942
1876
3229
1878
985
2528
2923
1302
1481
3012
2245
934
2134
3146
1524
1039
2717
2794
1090
1547
3164
2150
1019
2257
3037
1526
1250
2833
2615
1091
1780
3094
1939
1015
2433
2934
1269
1337
2968
2420
1005
1949
3102
1764
1111
2592
2788
1224
1579
3112
2229
946
2137
3124
1565
1117
2770
2784
1148
1600
3050
2063
1016
2346
3075
1470
1189
2844
2630
1026
1801
3174
1932
978
2437
3013
1311
1336
2957
2465
1031
1940
3229
1841
1042
2552
2824
1284
1593
3057
2230
1043
2131
3033
1505
1148
2759
2714
1135
1674
3095
2012
1004
2393
3046
1399
1243
2897
2502
1005
1893
3186
1839
960
2484
3004
1284
1321
3022
2499
970
1856
3158
1818
1071
2623
2828
1186
1515
3054
2243
981
2195
3147
1531
1111
2813
2786
1042
1602
3162
2066
953
2320
3194
1517
1185
2828
2607
1091
1791
3104
1883
970
2372
2953
1318
1369
3003
2427
981
1862
3105
1787
1091
2618
2802
1207
1529
3024
2235
966
2181
3125
1526
1129
2822
2763
1053
1596
3158
2090
1031
2361
3039
1428
1283
2920
2623
1063
1865
3215
1907
918
2417
3029
1350
1336
3038
2498
991
1866
3170
1888
1089
2584
2825
1254
1505
3000
2251
1068
2142
3050
1578
1184
2765
2739
1115
1664
3115
2004
976
2301
3011
1458
1325
2938
2563
1019
1894
3217
1910
972
2432
3000
1314
1342
3010
2508
985
1923
3311
1931
1023
2613
2923
1271
1481
3037
2282
968
2122
3129
1543
1108
2705
2762
1144
1591
3064
2066
1027
2307
3011
1470
1276
2856
2545
1040
1879
3160
1844
924
2477
3042
1321
1313
2938
2467
1039
1902
3119
1866
1115
2559
2835
1258
1507
2995
2267
1041
2104
3036
1514
1152
2799
2719
1015
1575
3066
2031
1034
2323
3001
1439
1261
2908
2613
1045
1819
3145
1962
987
2400
3006
1327
1312
2986
2432
1013
1922
3166
1833
1094
2610
2828
1238
1556
3047
2253
996
2133
3084
1615
1120
2671
2762
1138
1579
3088
2109
1011
2285
3087
1524
1263
2824
2536
1037
1896
3200
1913
1038
2463
2947
1294
1395
2980
2385
981
1929
3193
1810
1087
2667
2872
1236
1538
3016
2214
1011
2186
3093
1537
1128
2732
2700
1022
1554
3098
2052
1014
2364
3086
1467
1228
2906
2651
1034
1843
3154
1883
999
2438
2983
1300
1284
2937
2481
1030
1867
3144
1825
1102
2622
2831
1229
1478
2970
2273
1048
2119
3045
1575
1165
2758
2765
1102
1566
3070
2106
1014
2279
3042
1489
1189
2801
2563
1039
1835
3127
1876
1042
2493
2963
1263
1390
2969
2365
1016
1939
3126
1809
1132
2613
2851
1259
1557
2997
2189
1008
2195
3051
1518
1163
2702
2668
1124
1689
3132
2022
1025
2390
3090
1452
1222
2915
2638
1068
1860
3147
1884
1025
2519
3029
1295
1323
2976
2445
1005
1873
3137
1848
1091
2579
2880
1299
1532
3049
2255
989
2118
3047
1535
1168
2766
2774
1123
1607
3101
2116
1057
2337
3038
1478
1247
2898
2600
1023
1851
3201
1880
921
2419
3007
1272
1293
3005
2495
1018
1895
3168
1841
1078
2583
2813
1247
1561
3073
2292
1044
2143
3067
1530
1173
2768
2689
1109
1659
3135
2034
1003
2332
3039
1468
1250
2887
2579
1016
1830
3170
1832
919
2466
3019
1296
1292
2983
2520
1076
1907
3093
1819
1069
2601
2886
1266
1528
3065
2278
990
2112
3089
1581
1150
2736
2731
1127
1635
3092
2016
963
2334
3081
1448
1200
2834
2561
1000
1855
3169
1890
1015
2471
3001
1357
1401
3001
2452
1042
1924
3172
1815
1073
2596
2834
1247
1529
2980
2283
1055
2181
3064
1525
1165
2775
2747
1091
1618
3162
2121
1050
2324
3049
1474
1229
2815
2584
1062
1828
3168
1898
943
2401
2980
1327
1329
2940
2453
1029
1882
3134
1804
1079
2584
2811
1277
1603
3041
2237
958
2053
3051
1593
1125
2777
2769
1087
1632
3140
2091
1043
2340
3066
1430
1220
2868
2627
1090
1815
3124
1877
982
2443
2961
1249
1338
3056
2472
912
1829
3256
1929
1067
2555
2854
1273
1529
3035
2310
986
2101
3124
1576
1117
2768
2761
1115
1589
3129
2108
1000
2248
3092
1576
1284
2858
2539
1030
1854
3185
1857
928
2425
2982
1283
1325
3021
2476
1034
1898
3183
1875
1095
2504
2775
1300
1594
3003
2214
1029
2136
3072
1590
1145
2746
2760
1167
1610
3017
2021
1076
2358
3088
1473
1238
2910
2606
1033
1820
3192
1935
964
2441
3038
1384
1339
2965
2488
1073
1887
3114
1833
1080
2516
2841
1293
1483
2912
2254
1046
2187
3115
1553
1104
2722
2744
1147
1623
3145
2082
1030
2350
3059
1451
1287
2962
2610
1045
1822
3108
1864
939
2433
3034
1268
1273
2997
2518
990
1879
3155
1814
1126
2577
2756
1227
1623
3070
2236
1014
2155
3060
1519
1195
2799
2633
1064
1703
3154
1992
989
2424
3088
1407
1190
2957
2636
979
1801
3195
1901
957
2472
3083
1288
1285
2980
2470
992
1853
3138
1864
1065
2550
2855
1312
1504
2974
2287
1042
2147
3087
1639
1206
2814
2811
1076
1566
3091
2090
979
2250
3019
1461
1287
2935
2604
1037
1807
3195
1877
902
2459
3051
1311
1298
2988
2509
1048
1871
3099
1827
1128
2563
2804
1257
1487
2973
2194
1016
2184
3041
1510
1165
2702
2692
1150
1625
3062
2089
1050
2271
3025
1465
1223
2872
2546
970
1817
3163
1897
937
2384
3015
1355
1320
3040
2544
967
1850
3161
1850
1101
2579
2837
1225
1526
3079
2268
996
2169
3132
1565
1140
2795
2735
1033
1617
3132
2078
990
2254
3043
1504
1261
2910
2621
1014
1828
3228
1964
950
2469
3096
1325
1267
2958
2521
1022
1817
3097
1861
1129
2557
2813
1263
1530
3000
2259
1064
2163
3089
1553
1151
2820
2807
1116
1595
3106
2095
1032
2282
2998
1489
1308
2882
2535
993
1823
3155
1874
977
2513
3051
1273
1228
2930
2508
991
1858
3231
1901
1032
2529
2840
1281
1561
3011
2233
1018
2104
3060
1559
1140
2780
2749
1075
1585
3163
2143
1019
2290
3054
1459
1230
2865
2520
999
1866
3160
1886
975
2469
3027
1279
1266
2967
2499
1017
1893
3210
1866
1098
2577
2837
1230
1505
3034
2249
967
2147
3165
1607
1101
2754
2761
1110
1661
3143
2009
941
2385
3169
1477
1220
2899
2685
1057
1833
3207
2013
1016
2370
3029
1365
1369
3016
2462
999
1893
3168
1784
1115
2654
2909
1307
1505
3074
2347
1009
2130
3117
1597
1153
2767
2759
1101
1637
3135
2056
1015
2362
3097
1467
1201
2881
2666
1055
1803
3157
1884
957
2438
3001
1306
1326
3009
2484
1023
1894
3192
1846
1063
2637
2873
1183
1506
3084
2315
975
2132
3136
1569
1146
2784
2755
1098
1573
3087
2085
1034
2346
3010
1413
1276
2930
2591
1000
1795
3159
1939
1005
2489
3047
1352
1346
2933
2443
1055
1926
3164
1870
1067
2556
2895
1267
1542
3028
2275
995
2206
3160
1537
1077
2799
2814
1093
1629
3174
2044
991
2337
3036
1462
1280
2862
2566
1064
1832
3157
1872
987
2489
2973
1310
1379
3021
2419
964
1918
3210
1821
1043
2565
2858
1264
1568
3073
2241
1005
2204
3072
1483
1121
2792
2761
1091
1607
3123
2091
1028
2295
3029
1524
1378
2925
2568
1055
1890
3180
1900
964
2426
2975
1282
1355
2991
2437
1014
1952
3237
1851
1074
2600
2843
1196
1479
3000
2210
979
2094
3106
1607
1116
2782
2788
1124
1612
3074
2037
1000
2286
3060
1462
1207
2833
2535
1020
1834
3173
1854
925
2395
3000
1306
1273
2948
2437
1040
1939
3076
1741
1043
2640
2861
1209
1538
3033
2224
980
2161
3143
1517
1101
2785
2782
1143
1637
3093
2039
940
2298
3146
1496
1201
2876
2619
1057
1840
3167
1902
983
2451
2978
1342
1380
2959
2446
1013
1898
3158
1816
1052
2574
2829
1240
1569
3072
2282
993
2059
3078
1617
1177
2746
2758
1091
1598
3094
2089
1050
2244
3054
1519
1222
2808
2576
1100
1794
3103
1934
1053
2428
2949
1310
1342
2944
2362
995
1941
3151
1709
1041
2693
2873
1165
1500
3092
2261
914
2095
3121
1593
1109
2737
2821
1155
1592
3073
2081
998
2288
3074
1496
1248
2806
2606
1126
1874
3102
1832
1016
2499
2940
1267
1381
3001
2403
995
2003
3159
1726
1037
2639
2878
1201
1505
3078
2291
971
2151
3193
1594
1075
2739
2795
1136
1592
3125
2176
1017
2237
2994
1555
1285
2832
2551
1062
1885
3143
1840
1042
2500
2952
1275
1349
2981
2431
1010
1942
3175
1771
1070
2635
2789
1169
1562
3103
2228
898
2170
3150
1534
1049
2719
2789
1128
1580
3110
2143
989
2235
3056
1512
1211
2870
2602
1080
1825
3153
1895
1005
2452
2905
1214
1369
3051
2427
969
1972
3190
1817
1073
2608
2796
1220
1620
3056
2156
993
2221
3105
1524
1146
2823
2764
1068
1572
3108
2118
1025
2305
3069
1515
1230
2818
2589
1052
1830
3084
1809
988
2537
3017
1265
1345
2981
2408
939
1893
3150
1740
1059
2650
2859
1237
1562
3092
2259
940
2073
3171
1634
1113
2739
2788
1083
1522
3112
2159
1062
2208
3016
1551
1323
2842
2535
1102
1913
3119
1817
1022
2469
2910
1254
1381
2987
2366
1007
1998
3196
1768
1051
2654
2916
1249
1475
3029
2254
979
2167
3167
1591
1087
2745
2823
1120
1526
3151
2105
934
2278
3105
1533
1257
2871
2550
1026
1863
3161
1898
994
2490
3037
1272
1269
2972
2490
1000
1856
3156
1837
1057
2556
2835
1251
1485
3010
2313
1010
2074
3079
1600
1109
2653
2764
1170
1575
3116
2121
976
2271
3034
1516
1312
2887
2593
1095
1914
3217
1914
1004
2444
2985
1315
1336
3035
2479
975
1940
3160
1764
1083
2646
2839
1168
1501
3110
2266
905
2051
3159
1654
1079
2670
2805
1177
1566
3082
2168
1013
2198
3037
1513
1226
2832
2543
1042
1791
3097
1897
1059
2430
2940
1319
1378
2972
2427
1017
1930
3142
1854
1054
2549
2851
1259
1533
3039
2252
995
2122
3113
1589
1089
2722
2792
1102
1534
3102
2126
1009
2235
3039
1565
1303
2782
2554
1082
1777
3078
1913
1064
2455
2931
1312
1338
2921
2444
1046
1894
3124
1819
1140
2627
2797
1224
1594
3112
2260
946
2085
3093
1515
1096
2725
2774
1150
1633
3128
2083
952
2273
3063
1479
1270
2899
2554
1037
1893
3109
1806
974
2475
2979
1316
1409
2998
2410
1059
2003
3181
1721
1024
2611
2859
1219
1519
3033
2286
991
2083
3101
1617
1110
2732
2801
1082
1540
3137
2146
1020
2302
3075
1401
1201
2921
2677
1091
1772
3120
1904
987
2426
2984
1298
1367
3011
2427
988
1892
3157
1875
1086
2570
2838
1173
1454
3066
2315
948
2019
3118
1625
1075
2727
2820
1136
1522
3053
2096
991
2254
3071
1526
1283
2864
2580
1066
1880
3162
1868
956
2381
2966
1348
1310
2930
2446
1053
1897
3177
1936
1122
2525
2782
1293
1602
3042
2235
972
2143
3157
1576
1105
2727
2751
1139
1610
3176
2117
905
2259
3067
1496
1289
2883
2538
1025
1848
3150
1861
955
2440
3011
1305
1316
2981
2483
994
1828
3172
1900
1035
2503
2849
1304
1585
3035
2209
974
2156
3154
1585
1141
2732
2724
1117
1637
3102
2072
971
2304
3049
1486
1300
2910
2551
1039
1829
3113
1938
1034
2418
2932
1305
1365
2953
2442
1006
1888
3136
1817
1134
2584
2783
1230
1560
3052
2224
953
2133
3087
1541
1105
2787
2773
1038
1570
3114
2048
1001
2336
3057
1490
1255
2872
2562
1049
1836
3152
1874
995
2477
2979
1270
1290
2972
2477
1008
1884
3195
1867
1052
2539
2839
1292
1547
3057
2240
996
2112
3052
1520
1136
2817
2721
1075
1655
3147
2033
995
2370
3103
1465
1197
2844
2589
1039
1840
3187
1854
945
2497
3042
1323
1316
2955
2471
1007
1904
3168
1807
1028
2600
2857
1210
1511
3052
2239
954
2093
3071
1577
1129
2760
2756
1077
1613
3146
2100
994
2279
3055
1518
1270
2881
2589
1024
1839
3206
1921
949
2381
3017
1319
1271
2956
2471
1017
1913
3186
1885
1092
2556
2812
1238
1563
3047
2271
1075
2200
3092
1504
1177
2809
2702
1077
1621
3098
2052
983
2288
3045
1478
1305
2900
2543
1016
1867
3158
1877
1001
2448
2955
1269
1364
3009
2404
978
1871
3124
1808
1153
2641
2794
1189
1553
3092
2273
964
2106
3084
1563
1140
2755
2738
1106
1666
3108
2067
1045
2299
3027
1475
1240
2825
2563
1066
1828
3088
1839
1022
2454
2960
1287
1329
2978
2424
981
1913
3162
1812
1115
2609
2759
1177
1581
3106
2223
958
2159
3112
1536
1141
2786
2715
1049
1602
3112
2034
955
2285
3063
1460
1184
2821
2570
1057
1807
3084
1856
975
2417
2997
1342
1314
2893
2437
1069
1927
3162
1818
1092
2597
2852
1298
1537
3021
2282
1070
2152
3047
1549
1138
2738
2745
1113
1563
3088
2166
990
2192
3092
1582
1286
2881
2577
1030
1909
3254
1893
920
2413
3037
1348
1285
2952
2466
949
1871
3145
1801
1071
2617
2914
1229
1469
3031
2316
1026
2074
3057
1570
1157
2735
2724
1116
1640
3178
2130
988
2260
3012
1511
1300
2887
2562
983
1821
3161
1910
1023
2412
2925
1297
1376
3017
2448
921
1891
3176
1780
1098
2619
2850
1199
1476
3047
2283
971
2111
3079
1587
1115
2758
2790
1046
1485
3114
2093
953
2290
3046
1431
1213
2853
2609
1020
1810
3151
1949
1085
2473
2943
1271
1399
3023
2408
988
1922
3187
1820
1039
2525
2851
1258
1465
2998
2277
1016
2061
2988
1497
1155
2805
2751
1052
1587
3198
2124
922
2265
3080
1453
1172
2846
2616
1060
1794
3147
1907
975
2435
3008
1292
1347
3059
2477
966
1836
3153
1852
1045
2534
2836
1296
1577
3057
2215
966
2106
3067
1522
1085
2746
2772
1116
1595
3144
2133
1004
2268
3076
1502
1237
2884
2595
983
1790
3173
1909
998
2486
3010
1299
1352
2955
2429
1020
1932
3210
1823
1114
2634
2772
1185
1529
3041
2205
932
2125
3101
1502
1034
2758
2798
1102
1504
3118
2148
948
2245
3101
1514
1210
2805
2589
1018
1808
3124
1838
953
2479
2991
1262
1329
2968
2406
997
1942
3145
1814
1102
2543
2768
1253
1635
3035
2188
1008
2117
3041
1553
1156
2772
2719
1118
1649
3108
2068
1039
2326
2968
1465
1269
2893
2557
1039
1855
3126
1793
924
2484
3046
1312
1308
2905
2407
1046
1982
3155
1859
1080
2541
2816
1290
1529
2914
2182
1063
2200
3059
1504
1097
2762
2752
1128
1588
3141
2208
1036
2227
3005
1505
1256
2824
2581
1088
1864
3144
1883
1007
2490
3004
1284
1308
2998
2451
1054
1955
3129
1770
1128
2630
2849
1257
1516
2994
2278
992
2098
3068
1539
1126
2773
2751
1083
1553
3124
2117
977
2285
3024
1436
1232
2935
2587
1009
1800
3177
1954
934
2387
2997
1268
1280
2990
2494
989
1875
3185
1857
1034
2471
2791
1341
1596
3005
2257
1007
2116
3021
1560
1184
2726
2689
1100
1639
3110
2079
1004
2223
3002
1489
1247
2855
2590
1004
1804
3191
1913
934
2444
2965
1205
1261
2993
2446
1000
1929
3167
1837
1067
2566
2841
1244
1590
3062
2246
995
2177
3131
1559
1132
2754
2807
1115
1568
3102
2092
1044
2350
3090
1498
1195
2869
2639
1087
1864
3186
1927
904
2390
3054
1297
1246
2941
2505
1055
1915
3103
1807
1132
2597
2796
1253
1555
2983
2221
1022
2127
3063
1553
1127
2819
2814
1069
1603
3131
2083
1003
2316
2991
1420
1263
2927
2726
1118
1859
3167
1882
953
2465
3025
1294
1313
2956
2492
1035
1837
3115
1836
1086
2577
2819
1222
1497
3030
2302
1024
2128
3038
1488
1135
2771
2703
1013
1541
3122
2060
1007
2296
3037
1454
1216
2815
2562
1030
1868
3193
1832
930
2494
3058
1301
1309
3045
2517
947
1847
3183
1864
1025
2550
2885
1265
1545
3049
2227
940
2132
3136
1552
1107
2720
2722
1111
1640
3127
2096
1010
2295
3073
1495
1216
2838
2625
1065
1783
3181
1971
978
2414
2998
1257
1297
3003
2481
976
1875
3158
1840
1054
2577
2839
1218
1516
3027
2208
962
2102
3047
1536
1145
2737
2669
1137
1720
3109
2010
1010
2330
3037
1461
1241
2889
2611
1034
1781
3157
1893
930
2399
3000
1268
1267
2993
2520
991
1815
3102
1821
1107
2576
2784
1213
1512
3006
2263
1041
2193
3081
1502
1114
2774
2775
1040
1563
3129
2089
1039
2321
3034
1416
1271
2992
2613
992
1847
3225
1861
875
2468
3124
1324
1225
2938
2485
991
1816
3132
1855
1065
2539
2859
1278
1504
2961
2290
1056
2103
3022
1601
1205
2750
2696
1098
1631
3090
2061
1036
2321
3105
1482
1226
2839
2622
1083
1893
3178
1913
991
2456
3013
1327
1351
2979
2462
997
1842
3189
1908
1044
2500
2818
1296
1555
3010
2268
1006
2116
3071
1519
1131
2792
2761
1139
1628
3164
2119
957
2261
3015
1455
1231
2876
2601
997
1787
3160
1931
937
2483
3086
1251
1241
3014
2494
956
1861
3169
1822
1083
2606
2872
1249
1482
3073
2371
1037
2119
3081
1608
1147
2768
2781
1079
1583
3136
2086
984
2311
3082
1418
1226
2940
2616
962
1821
3222
1880
905
2447
3058
1324
1303
2976
2472
1014
1918
3132
1817
1105
2585
2756
1231
1602
3050
2179
961
2154
3041
1450
1131
2791
2714
1073
1628
3133
2029
960
2351
3086
1413
1200
2949
2627
980
1806
3183
1845
954
2496
2982
1241
1316
2981
2479
1026
1865
3118
1856
1128
2607
2858
1236
1505
2989
2222
1024
2174
3072
1549
1136
2752
2746
1057
1624
3221
2088
939
2338
3169
1543
1263
2883
2621
1079
1805
3160
1847
869
2445
3066
1333
1280
2968
2526
1034
1816
3090
1841
1057
2517
2829
1294
1492
2935
2230
1030
2143
3046
1555
1155
2723
2746
1117
1563
3089
2104
1010
2298
3057
1477
1249
2911
2604
1007
1820
3180
1938
1000
2389
3010
1326
1289
2913
2428
979
1856
3127
1826
1039
2529
2808
1247
1553
3023
2270
1054
2151
3018
1521
1143
2735
2699
1076
1609
3118
2074
976
2276
3036
1431
1219
2862
2526
996
1878
3209
1918
975
2473
3030
1310
1331
2930
2440
1018
1864
3115
1799
1113
2587
2809
1266
1502
3014
2239
959
2142
3131
1505
1038
2735
2796
1129
1621
3131
2085
1028
2274
3031
1471
1246
2822
2545
1020
1834
3124
1843
976
2526
3086
1240
1250
3027
2489
936
1809
3171
1851
1029
2578
2917
1255
1447
2995
2247
1036
2205
3125
1550
1141
2767
2716
1051
1609
3153
2121
1030
2312
3059
1506
1328
2893
2584
1079
1879
3128
1840
980
2452
2969
1246
1316
2969
2432
1009
1924
3220
1842
1057
2597
2854
1219
1458
3033
2277
954
2180
3165
1483
1086
2820
2819
1112
1613
3152
2094
1019
2339
3065
1455
1242
2915
2639
1007
1813
3181
1909
969
2481
3015
1308
1317
2943
2427
1013
1935
3131
1806
1133
2643
2815
1218
1602
3153
2311
959
2065
3102
1593
1093
2767
2818
1120
1573
3105
2112
1045
2305
3043
1530
1250
2859
2601
1041
1735
3081
1929
1003
2361
2927
1271
1304
3004
2483
1002
1925
3139
1783
1053
2591
2842
1256
1471
2982
2249
953
2104
3047
1478
1095
2786
2753
1098
1574
3096
2108
1062
2334
2988
1493
1273
2806
2507
1058
1892
3139
1844
960
2465
3026
1346
1336
2965
2472
1013
1900
3185
1780
998
2570
2841
1184
1536
3089
2241
969
2201
3173
1536
1052
2740
2750
1067
1559
3066
2045
1011
2296
3025
1453
1268
2927
2586
974
1801
3163
1848
935
2472
3031
1275
1289
2953
2409
1006
1904
3192
1822
1052
2576
2844
1255
1503
2988
2226
1055
2163
3027
1514
1236
2864
2751
1091
1620
3173
2110
1020
2319
3052
1490
1271
2903
2550
1073
1901
3157
1901
997
2479
3038
1335
1332
2968
2493
1060
1909
3104
1810
1171
2655
2825
1257
1565
3029
2210
1022
2136
3069
1557
1162
2745
2741
1145
1658
3044
2000
1006
2344
3073
1525
1210
2802
2551
1074
1887
3172
1859
983
2427
2970
1362
1375
2973
2431
975
1892
3176
1879
1080
2537
2830
1291
1551
2959
2238
1078
2127
3038
1585
1200
2753
2724
1102
1585
3128
2116
1003
2283
3020
1482
1264
2866
2624
1062
1859
3189
1894
911
2403
3007
1313
1311
2929
2440
964
1849
3174
1852
1078
2539
2843
1302
1521
2971
2307
1079
2092
3011
1575
1168
2720
2673
1029
1574
3113
2131
1060
2313
3031
1472
1229
2844
2581
1009
1873
3226
1888
897
2406
3028
1406
1369
2941
2435
1030
1870
3131
1814
1060
2588
2846
1251
1544
3032
2233
1025
2215
3066
1536
1134
2784
2746
1034
1597
3167
2079
978
2288
3052
1448
1228
2903
2624
1067
1809
3195
1901
882
2429
3036
1311
1286
2974
2457
1024
1947
3107
1769
1084
2604
2797
1231
1540
3021
2239
1031
2135
3043
1534
1159
2758
2725
1080
1629
3133
2053
986
2333
3057
1428
1195
2881
2594
981
1788
3186
1961
934
2330
2983
1368
1296
2947
2462
1024
1896
3229
1887
1020
2520
2810
1217
1510
3100
2336
1025
2120
3095
1565
1163
2838
2758
1064
1579
3065
2081
1035
2249
3007
1511
1237
2833
2585
1047
1866
3207
1891
966
2474
3024
1281
1308
3063
2497
950
1867
3205
1842
1024
2571
2883
1216
1474
3057
2265
969
2150
3124
1569
1157
2727
2663
1058
1615
3139
2082
967
2247
3058
1544
1324
2889
2552
1035
1849
3172
1867
936
2473
3077
1323
1287
2940
2373
996
1978
3212
1760
1038
2676
2895
1209
1520
3116
2212
886
2173
3213
1531
1020
2724
2787
1133
1557
3037
2097
1030
2292
3023
1510
1267
2842
2590
1079
1802
3098
1922
1045
2449
2909
1283
1435
2995
2366
988
2015
3224
1811
1096
2643
2856
1214
1537
3082
2215
941
2148
3149
1563
1094
2752
2742
1107
1650
3152
2129
1010
2240
3045
1535
1275
2869
2543
1065
1879
3128
1825
974
2464
2975
1295
1336
3051
2481
931
1902
3188
1806
1034
2644
2907
1165
1504
3121
2311
954
2097
3099
1528
1110
2748
2746
1105
1587
3114
2133
967
2248
3080
1520
1264
2842
2556
1113
1855
3120
1919
1034
2423
2999
1319
1345
2965
2438
991
1903
3151
1804
1088
2617
2856
1217
1516
3037
2250
991
2137
3102
1582
1118
2742
2763
1102
1594
3172
2178
1104
2339
3000
1457
1257
2860
2594
1114
1869
3109
1934
1067
2441
2973
1307
1347
2984
2445
1017
1922
3156
1791
1072
2561
2819
1227
1546
3044
2210
973
2170
3145
1528
1100
2746
2784
1157
1573
3092
2100
999
2272
3097
1532
1272
2879
2550
1059
1874
3118
1879
1007
2497
2997
1283
1346
2999
2468
991
1936
3171
1837
1039
2586
2828
1237
1546
3065
2250
945
2155
3110
1515
1127
2770
2754
1088
1614
3168
2140
986
2237
3073
1555
1236
2830
2532
1033
1837
3169
1893
974
2440
2966
1255
1332
2986
2439
997
1941
3198
1791
1077
2633
2832
1197
1548
3049
2220
991
2160
3142
1592
1124
2792
2806
1155
1593
3047
2082
1058
2279
2978
1497
1248
2760
2517
1082
1892
3100
1887
1121
2484
2916
1284
1364
2948
2394
1053
1966
3120
1775
1095
2666
2835
1148
1496
3080
2242
970
2183
3163
1530
1044
2736
2820
1088
1528
3130
2156
972
2178
2969
1536
1231
2776
2562
1109
1849
3061
1863
1072
2516
2948
1250
1359
2948
2395
1028
1978
3196
1788
1106
2704
2841
1162
1501
3098
2291
900
2078
3162
1610
1059
2724
2778
1087
1564
3066
2117
1067
2228
2969
1541
1332
2833
2509
1060
1871
3136
1875
1008
2470
2938
1254
1376
2987
2356
968
1999
3240
1750
1003
2680
2890
1134
1477
3147
2265
890
2123
3188
1561
1066
2788
2842
1096
1530
3110
2160
1035
2268
3044
1589
1189
2686
2541
1157
1888
3072
1850
1072
2516
2910
1219
1343
2947
2333
950
2001
3178
1696
1053
2637
2909
1246
1527
3099
2330
1044
2185
3149
1522
1089
2800
2784
1040
1531
3135
2154
998
2189
3052
1577
1278
2803
2575
1091
1869
3135
1862
1009
2504
2955
1267
1392
3019
2401
975
1969
3162
1680
1023
2684
2842
1107
1469
3134
2350
915
2029
3140
1598
1080
2705
2776
1147
1513
3056
2165
993
2172
3111
1556
1178
2814
2653
1141
1900
3114
1855
1023
2474
2969
1361
1411
2974
2387
970
1934
3196
1810
1087
2687
2888
1166
1497
3088
2262
898
2122
3217
1610
1028
2690
2797
1125
1531
3123
2097
962
2222
3059
1527
1244
2899
2574
1054
1862
3164
1904
978
2426
2950
1329
1392
3036
2443
1000
1976
3199
1786
1020
2619
2900
1249
1459
3013
2303
978
2095
3172
1652
1129
2774
2839
1137
1573
3103
2126
998
2237
3005
1479
1268
2843
2557
1061
1809
3079
1921
1031
2380
2912
1318
1393
2920
2355
1041
1996
3147
1744
1099
2684
2855
1160
1529
3105
2243
877
2066
3122
1594
1144
2758
2785
1095
1519
3133
2176
1010
2188
3016
1566
1286
2768
2521
1112
1893
3098
1904
1107
2484
2918
1290
1355
3008
2458
1005
1962
3152
1764
1057
2674
2895
1155
1512
3140
2322
999
2184
3147
1514
1116
2822
2815
1071
1586
3201
2143
1053
2328
2974
1440
1277
2920
2582
1020
1788
3105
1894
1012
2467
2970
1290
1330
2974
2383
948
1925
3161
1759
1026
2611
2913
1226
1486
3069
2231
928
2149
3124
1528
1052
2751
2811
1104
1536
3077
2113
981
2229
3079
1554
1265
2840
2584
1110
1877
3151
1850
968
2500
3011
1281
1344
2975
2395
987
1971
3221
1807
1048
2615
2869
1223
1502
3047
2225
968
2135
3115
1564
1066
2736
2812
1108
1519
3126
2171
1029
2234
3023
1537
1260
2755
2544
1130
1869
3113
1926
1051
2440
3008
1313
1352
2960
2368
972
1954
3199
1805
1091
2633
2852
1203
1554
3081
2254
964
2112
3107
1566
1041
2700
2771
1127
1618
3144
2096
1022
2326
3096
1459
1198
2826
2554
1089
1890
3089
1842
1035
2493
2968
1256
1324
2994
2478
1022
1881
3134
1814
1082
2628
2834
1170
1470
3039
2245
958
2154
3085
1516
1076
2814
2868
1105
1521
3093
2117
999
2220
2997
1490
1255
2903
2594
1034
1830
3152
1922
980
2428
2985
1276
1320
2966
2447
970
1866
3209
1860
1009
2524
2884
1257
1533
3025
2222
989
2091
3081
1606
1128
2759
2779
1092
1535
3092
2089
968
2301
3090
1457
1139
2829
2661
1038
1754
3144
1913
911
2425
3009
1306
1292
2990
2520
979
1834
3156
1818
1078
2610
2833
1218
1528
3033
2208
929
2081
3094
1579
1071
2720
2724
1124
1634
3094
2049
987
2250
3032
1493
1246
2881
2531
949
1845
3217
1865
897
2487
3042
1226
1273
2998
2486
966
1830
3103
1843
1115
2611
2860
1252
1545
3028
2271
1018
2189
3088
1496
1140
2750
2717
1107
1626
3077
2050
1023
2340
3081
1467
1285
2897
2574
979
1791
3213
1927
930
2450
3030
1336
1299
2925
2440
1086
1987
3089
1768
1083
2544
2822
1304
1568
2934
2180
1056
2222
3062
1483
1115
2755
2758
1050
1586
3170
2087
942
2250
3112
1482
1186
2874
2640
1038
1754
3137
1989
1047
2441
2954
1319
1335
2928
2440
998
1868
3140
1853
1102
2597
2883
1251
1492
3007
2285
1014
2130
3058
1615
1178
2737
2766
1111
1622
3121
2066
973
2316
3077
1490
1275
2884
2567
1034
1858
3177
1920
993
2483
2989
1238
1305
2992
2407
951
1911
3221
1866
1048
2564
2870
1269
1499
3052
2292
1052
2130
3039
1501
1191
2841
2680
1021
1619
3122
2023
985
2348
3117
1475
1186
2873
2580
1001
1859
3221
1892
933
2489
3074
1270
1326
2978
2391
969
1927
3180
1815
1080
2582
2849
1230
1501
3007
2242
979
2098
3115
1549
1077
2781
2807
1048
1549
3166
2149
974
2258
3132
1507
1222
2907
2631
1037
1853
3210
1925
941
2450
3010
1307
1304
2942
2462
1061
1895
3095
1789
1071
2575
2874
1248
1569
3075
2239
998
2132
3095
1527
1101
2780
2805
1148
1571
3094
2154
1024
2224
3027
1556
1290
2820
2533
1054
1926
3208
1888
980
2469
3016
1314
1337
3000
2481
1000
1894
3157
1817
1055
2556
2865
1274
1545
3010
2216
1000
2144
3019
1517
1178
2749
2682
1113
1652
3084
2048
986
2315
3095
1473
1252
2884
2532
958
1801
3172
1865
956
2470
3046
1294
1265
2937
2449
1011
1855
3124
1848
1116
2571
2769
1274
1611
3024
2167
982
2161
3044
1473
1142
2748
2724
1074
1618
3116
2042
1058
2362
3124
1490
1258
2881
2569
1023
1799
3178
1918
964
2462
3008
1289
1302
2950
2447
1038
1888
3106
1840
1075
2534
2893
1355
1545
2932
2258
1100
2145
3003
1562
1197
2731
2686
1114
1652
3107
2070
1028
2284
3018
1499
1269
2851
2622
1091
1826
3187
1983
999
2361
3034
1398
1305
2904
2528
1064
1839
3101
1881
1122
2549
2764
1295
1535
2993
2274
1057
2143
3027
1563
1185
2785
2697
1115
1675
3092
1988
972
2368
3070
1458
1239
2864
2515
1006
1846
3139
1869
906
2390
3056
1308
1229
2950
2478
985
1826
3158
1876
1129
2558
2865
1333
1620
3008
2202
1025
2145
3066
1554
1147
2786
2787
1040
1552
3155
2133
951
2225
3059
1499
1239
2872
2628
1049
1800
3162
1908
923
2446
3086
1255
1154
2906
2498
966
1843
3148
1884
1163
2580
2794
1240
1500
2995
2272
1010
2124
3060
1553
1127
2743
2679
1058
1611
3081
2053
976
2334
3073
1463
1200
2873
2601
966
1755
3203
1965
937
2429
3122
1359
1245
2940
2496
1018
1871
3177
1913
1113
2530
2813
1314
1633
3021
2239
1030
2153
3064
1586
1202
2744
2695
1157
1663
3038
2035
1025
2361
3098
1503
1185
2843
2646
1047
1857
3191
1848
951
2489
3011
1268
1280
3001
2493
1037
1826
3059
1858
1170
2589
2768
1260
1568
3003
2198
1008
2178
3058
1509
1167
2816
2753
1069
1661
3164
2012
952
2349
3083
1442
1201
2856
2635
1058
1874
3237
1858
844
2417
3079
1331
1251
2952
2522
1015
1864
3131
1831
1085
2616
2871
1273
1503
3036
2286
1047
2146
3115
1586
1129
2762
2767
1128
1624
3094
2048
997
2317
3092
1478
1193
2890
2620
997
1847
3217
1935
970
2436
3067
1381
1277
2951
2507
1007
1867
3216
1927
1100
2581
2894
1301
1542
3018
2244
1013
2179
3114
1556
1152
2834
2734
1047
1584
3093
2095
1017
2258
3036
1481
1243
2873
2594
1040
1797
3115
1935
1009
2438
2948
1217
1330
3103
2522
929
1852
3181
1812
1019
2570
2849
1237
1525
3049
2237
995
2157
3094
1542
1142
2763
2701
1053
1606
3100
2072
1053
2305
3004
1472
1239
2856
2616
1094
1926
3210
1864
956
2449
3009
1304
1319
3024
2453
1003
1959
3173
1784
1045
2589
2799
1176
1512
3095
2273
999
2187
3097
1518
1179
2809
2695
1056
1621
3088
2074
999
2265
3055
1503
1258
2879
2619
1088
1860
3177
1935
1012
2451
3024
1313
1298
2950
2469
1043
1883
3147
1839
1066
2607
2860
1227
1538
3051
2268
992
2091
3093
1633
1134
2669
2791
1197
1585
3040
2109
1082
2261
3010
1540
1302
2820
2536
1091
1853
3121
1867
1010
2492
2978
1264
1315
3010
2407
921
1905
3170
1766
1043
2647
2872
1217
1534
3101
2204
901
2089
3126
1555
1094
2705
2750
1098
1587
3082
2031
1035
2354
3032
1440
1183
2848
2620
1066
1853
3154
1858
940
2432
2971
1227
1314
3033
2438
1040
1997
3154
1741
1072
2698
2897
1193
1480
3085
2249
916
2130
3154
1527
1054
2741
2808
1076
1540
3110
2101
984
2244
3074
1525
1250
2838
2575
1052
1829
3137
1909
956
2361
2959
1310
1334
2976
2384
993
1916
3133
1785
1078
2664
2894
1183
1483
3065
2261
932
2156
3173
1584
1081
2761
2812
1087
1577
3149
2148
1021
2259
3066
1535
1269
2831
2543
1036
1856
3174
1906
1013
2433
2950
1304
1359
3038
2467
898
1859
3206
1805
1005
2601
2889
1216
1493
3057
2243
930
2135
3143
1600
1124
2735
2747
1086
1584
3215
2198
958
2199
3066
1516
1150
2752
2578
1085
1870
3087
1829
979
2500
3045
1315
1273
2898
2462
1067
1928
3171
1847
1116
2603
2906
1273
1521
2998
2230
1021
2143
3063
1545
1165
2766
2720
1137
1658
3074
2044
997
2284
3012
1458
1257
2866
2545
994
1836
3173
1911
980
2440
3009
1314
1373
2990
2403
1006
1913
3138
1818
1154
2618
2818
1217
1598
3075
2219
934
2119
3103
1543
1126
2749
2728
1062
1574
3157
2103
989
2311
3088
1473
1228
2904
2625
1026
1813
3186
1921
968
2464
3031
1321
1312
3003
2557
1036
1860
3110
1844
1093
2582
2801
1234
1565
3009
2144
956
2184
3112
1529
1136
2778
2729
1096
1677
3142
2022
1008
2348
3038
1428
1261
2896
2548
1023
1849
3180
1921
979
2410
3006
1308
1338
3039
2478
1018
1882
3119
1822
1108
2557
2829
1229
1458
2996
2258
969
2058
3043
1540
1068
2713
2788
1137
1596
3063
2056
1011
2244
3028
1492
1165
2799
2632
1123
1868
3102
1903
1052
2448
3011
1313
1304
2952
2476
1013
1870
3131
1869
1165
2629
2786
1206
1507
3030
2271
1006
2106
3055
1578
1160
2708
2717
1142
1597
3091
2099
1015
2277
3024
1466
1272
2855
2533
1065
1913
3188
1890
1009
2498
2961
1286
1366
2958
2415
1053
1924
3118
1804
1091
2601
2807
1217
1571
3049
2187
961
2176
3086
1533
1125
2736
2733
1046
1613
3158
2050
969
2274
3078
1532
1265
2874
2579
1054
1824
3162
1844
933
2515
3041
1274
1285
3002
2446
908
1856
3174
1829
1045
2604
2880
1238
1513
2993
2244
974
2120
3109
1551
1105
2767
2722
1051
1619
3206
2111
956
2266
3106
1520
1252
2901
2624
1078
1855
3172
1870
960
2449
2983
1274
1314
3009
2464
1005
1913
3203
1845
1070
2638
2892
1175
1427
3073
2339
962
2132
3165
1530
1042
2782
2794
1013
1554
3137
2170
1012
2243
3038
1502
1248
2855
2619
1098
1820
3075
1898
1035
2418
2985
1334
1292
2962
2432
967
1921
3197
1788
1050
2613
2872
1227
1540
3129
2342
980
2084
3166
1643
1085
2771
2798
1134
1557
3079
2108
1067
2309
3074
1562
1270
2904
2586
1082
1879
3151
1871
1002
2482
2967
1273
1351
3048
2454
975
1909
3181
1847
1082
2658
2885
1153
1452
3145
2325
908
2139
3209
1573
1031
2682
2825
1089
1494
3147
2193
1003
2193
3018
1536
1182
2775
2604
1125
1846
3116
1867
1024
2479
2941
1282
1428
3049
2391
957
1989
3207
1753
988
2612
2942
1232
1491
3101
2262
935
2186
3180
1517
1012
2719
2840
1108
1495
3061
2130
1061
2249
3012
1528
1303
2823
2538
1095
1897
3167
1901
966
2454
3041
1318
1296
2955
2428
960
1906
3144
1739
1094
2683
2836
1176
1543
3148
2306
940
2049
3136
1642
1080
2703
2825
1130
1522
3037
2139
1071
2253
2950
1478
1336
2888
2498
1018
1857
3114
1806
1001
2481
2996
1266
1363
2988
2414
1032
1964
3204
1815
1033
2612
2908
1254
1538
3107
2336
948
2081
3132
1624
1122
2782
2848
1135
1572
3132
2182
973
2173
3017
1477
1235
2893
2603
997
1744
3101
1943
1056
2484
2994
1275
1316
2974
2449
1004
1919
3134
1797
1106
2684
2865
1226
1500
3067
2291
978
2091
3097
1582
1101
2798
2815
1110
1547
3112
2120
977
2195
3010
1525
1237
2823
2628
1105
1792
3110
1925
1058
2454
2920
1274
1318
2967
2430
953
1843
3167
1869
1108
2533
2755
1190
1434
2982
2284
1008
2079
3078
1628
1153
2757
2801
1121
1542
3074
2116
1007
2240
3002
1503
1243
2840
2570
1028
1832
3129
1830
941
2457
2981
1279
1367
2986
2395
999
1968
3206
1871
1119
2556
2861
1297
1515
2968
2214
1045
2177
3095
1607
1161
2693
2704
1156
1614
3122
2096
1005
2318
3127
1497
1221
2866
2572
1013
1862
3180
1901
984
2426
2999
1347
1359
2876
2388
1117
1947
3035
1761
1174
2557
2747
1246
1598
3054
2252
1001
2201
3104
1552
1114
2725
2690
1062
1556
3099
2102
1053
2292
3039
1468
1243
2893
2638
1055
1874
3209
1927
946
2419
2996
1290
1346
3030
2395
965
1924
3215
1801
1085
2675
2860
1243
1526
3043
2346
1038
2118
3040
1561
1176
2774
2759
1110
1604
3166
2099
966
2281
3084
1473
1264
2904
2608
1021
1802
3136
1845
980
2481
2932
1244
1377
3082
2464
869
1833
3264
1897
1038
2573
2831
1186
1536
3064
2231
947
2181
3203
1631
1115
2719
2824
1151
1580
3145
2144
951
2236
3084
1504
1202
2838
2649
1076
1770
3101
1867
977
2482
2973
1258
1381
3003
2330
1000
2001
3199
1795
1072
2609
2863
1221
1542
3158
2328
953
2083
3177
1622
1097
2713
2810
1188
1608
3110
2119
1046
2292
3085
1539
1235
2798
2600
1033
1847
3172
1856
983
2479
2934
1261
1388
3025
2391
999
1974
3175
1795
1038
2614
2853
1198
1544
3075
2271
1005
2138
3142
1548
1071
2758
2799
1101
1564
3075
2073
970
2259
3053
1505
1231
2839
2533
1020
1866
3137
1869
1013
2554
3005
1276
1347
2962
2380
990
1928
3137
1769
1130
2641
2882
1260
1517
3051
2288
980
2083
3077
1536
1092
2732
2807
1160
1549
3061
2107
1042
2323
3059
1504
1217
2838
2632
1082
1861
3147
1877
927
2421
3014
1305
1346
2950
2425
1002
1877
3144
1838
1061
2608
2805
1191
1580
3033
2293
1091
2162
3066
1516
1172
2813
2769
1074
1573
3126
2114
1032
2275
3023
1509
1297
2859
2590
1032
1846
3173
1867
948
2471
3031
1288
1312
2964
2415
981
1887
3155
1814
1100
2605
2857
1247
1531
3043
2267
990
2141
3117
1564
1146
2774
2773
1138
1614
3152
2115
1027
2300
3032
1509
1255
2908
2604
