2940
2198
1391
1077
1500
2538
3095
2697
1662
1062
1289
2141
2879
2923
2202
1260
1066
1654
2593
2994
2577
1674
1081
1321
2201
3037
2914
2146
1282
1126
1821
2821
3078
2451
1664
1057
1333
2284
3066
2841
1944
1169
1132
1917
2708
3032
2499
1546
998
1522
2449
3017
2768
1922
1221
1143
1955
2813
2981
2255
1394
1048
1561
2543
3025
2707
1798
1144
1223
2106
2912
2959
2229
1347
1071
1603
2565
3060
2657
1657
1008
1231
2128
2971
2882
2143
1306
1080
1682
2738
3078
2496
1589
1049
1363
2208
3009
2831
2027
1187
1062
1792
2691
3083
2446
1550
1065
1443
2258
3018
2889
1979
1106
1052
1936
2891
3044
2320
1519
1048
1475
2410
3011
2759
1845
1200
1204
2015
2848
3042
2330
1388
1059
1555
2542
3030
2675
1754
1150
1252
2064
2954
2987
2204
1309
1117
1673
2695
3072
2613
1709
1087
1400
2271
2926
2826
2132
1275
1115
1685
2642
3062
2537
1550
1025
1442
2289
3023
2848
2008
1158
1016
1844
2849
3068
2375
1510
1036
1442
2387
3026
2856
1972
1116
1069
2004
2869
3027
2337
1464
1065
1533
2499
3071
2767
1748
1102
1155
2058
2881
2920
2215
1413
1126
1536
2583
3078
2729
1711
1039
1291
2219
2933
2903
2262
1295
1054
1645
2633
3033
2533
1659
1136
1404
2180
3022
2926
2049
1211
1117
1778
2726
3046
2479
1623
1042
1355
2216
2943
2878
2018
1076
1051
1973
2780
3007
2416
1479
997
1550
2445
3017
2797
1863
1159
1112
1971
2936
3098
2223
1319
1039
1593
2577
2935
2656
1879
1136
1169
2182
2952
2915
2225
1320
1063
1592
2533
3004
2660
1673
990
1277
2199
2976
2847
2088
1309
1077
1610
2692
3127
2557
1590
995
1400
2296
2947
2742
2071
1228
1047
1789
2766
3097
2411
1508
1046
1487
2340
3013
2834
1978
1191
1127
1946
2787
2965
2357
1552
1020
1429
2455
3030
2701
1768
1143
1197
1988
2842
3043
2298
1306
1025
1607
2516
3017
2730
1730
1118
1205
2043
2908
3005
2263
1279
1109
1740
2722
3041
2602
1760
1036
1234
2238
3033
2865
2103
1232
1092
1769
2679
3014
2502
1549
1018
1435
2296
3030
2867
2001
1191
1184
1857
2665
3018
2463
1558
1014
1424
2401
2983
2738
1940
1210
1072
1952
2874
3107
2317
1370
1058
1573
2423
2940
2748
1804
1109
1172
2056
2855
2916
2231
1334
1067
1608
2632
3041
2654
1745
1099
1247
2152
2932
2944
2198
1181
992
1720
2642
3049
2589
1571
1029
1332
2170
3006
2950
2056
1167
1135
1785
2708
3058
2478
1574
1004
1372
2306
3013
2828
1991
1170
1084
1943
2812
2989
2379
1584
1054
1474
2417
3086
2814
1812
1152
1183
1985
2842
3046
2330
1374
996
1565
2588
3001
2658
1795
1120
1159
2070
2966
3032
2203
1263
1140
1715
2559
2930
2687
1737
1037
1259
2146
2937
2837
2094
1335
1168
1688
2677
3133
2595
1607
993
1375
2219
2944
2878
2101
1152
1057
1872
2802
3021
2384
1578
1111
1443
2276
3003
2850
1966
1149
1134
1963
2815
3014
2355
1528
1053
1448
2469
3075
2733
1795
1130
1237
2111
2845
2972
2343
1355
966
1562
2575
3050
2690
1682
1088
1229
2092
2990
3008
2126
1207
1122
1697
2652
2961
2626
1804
1094
1236
2188
3042
2858
2053
1204
1130
1728
2604
3041
2541
1540
954
1429
2378
3045
2775
1914
1180
1128
1794
2756
3121
2426
1454
1015
1502
2312
2917
2837
1989
1180
1098
1943
2860
3046
2279
1329
1085
1609
2436
3018
2808
1773
1072
1165
2042
2885
2964
2204
1333
997
1526
2587
3068
2702
1697
1068
1286
2217
2947
2937
2247
1309
1053
1645
2709
3031
2461
1619
1146
1405
2202
2959
2889
2084
1211
1116
1806
2711
2995
2416
1589
1004
1313
2322
3073
2790
1895
1175
1145
1925
2729
3047
2438
1447
892
1487
2536
3114
2742
1842
1177
1129
1942
2856
3079
2276
1307
1037
1627
2620
2982
2712
1892
1138
1097
2051
2981
2997
2160
1256
1174
1729
2578
3066
2746
1700
993
1248
2136
2968
2850
2107
1304
1086
1638
2679
3136
2598
1621
1010
1358
2245
2943
2806
2088
1202
1015
1831
2774
3090
2417
1542
1048
1424
2277
3001
2815
1937
1153
1100
1919
2884
3046
2319
1486
1062
1479
2402
3008
2794
1884
1141
1189
2037
2817
3045
2391
1345
1001
1631
2612
3000
2601
1697
1121
1231
2039
2964
3006
2165
1221
1087
1702
2662
3023
2664
1758
1023
1262
2225
2975
2888
2172
1196
1029
1818
2739
3023
2504
1561
1008
1447
2332
2998
2798
2061
1253
1085
1797
2787
3104
2378
1490
1067
1472
2320
2911
2800
1994
1177
1062
1964
2877
3068
2334
1436
1062
1536
2483
2997
2751
1803
1140
1188
2041
2920
2972
2186
1343
1062
1543
2589
3076
2707
1778
1102
1260
2131
2908
2931
2213
1317
1090
1654
2568
3031
2583
1649
1131
1364
2200
2978
2914
2100
1176
1082
1842
2837
3051
2409
1613
1071
1391
2272
3071
2857
1922
1192
1210
1899
2681
3092
2497
1468
967
1516
2499
3054
2762
1915
1228
1131
1919
2845
3058
2339
1426
1013
1560
2627
3028
2639
1801
1194
1228
2113
2918
2981
2245
1330
1091
1635
2553
2985
2653
1701
1053
1334
2160
2941
2985
2232
1304
1026
1670
2676
3052
2538
1608
1079
1422
2222
2970
2913
2110
1175
1022
1763
2707
3031
2450
1520
1031
1566
2385
2990
2825
1975
1178
1062
1891
2812
3004
2332
1539
1105
1464
2389
3009
2780
1829
1088
1169
2072
2857
2994
2276
1365
1064
1577
2502
2997
2716
1722
1097
1198
2041
2920
2960
2237
1317
1086
1669
2683
3059
2616
1677
1117
1390
2181
2925
2928
2171
1162
1083
1774
2664
3053
2544
1590
1004
1372
2324
3041
2785
2019
1287
1129
1809
2793
3102
2394
1433
980
1506
2455
2996
2736
1915
1153
1115
2038
2844
3002
2302
1441
1064
1526
2484
3035
2740
1714
1096
1165
1998
2854
2965
2265
1341
1016
1597
2648
3060
2654
1700
1144
1318
2127
2901
2958
2214
1223
1046
1713
2660
3087
2640
1633
1000
1258
2212
3013
2881
2126
1251
1076
1722
2757
3097
2429
1556
1061
1412
2292
2957
2826
1976
1185
1142
1917
2699
3018
2414
1513
1034
1510
2389
3024
2833
1863
1113
1104
2004
2836
2925
2218
1409
1015
1471
2482
3020
2727
1768
1092
1210
2029
2824
2993
2283
1263
987
1633
2637
3019
2592
1628
1019
1295
2186
2964
2917
2144
1210
1068
1788
2776
3007
2456
1633
1021
1294
2247
3034
2838
2038
1196
1113
1846
2703
3096
2508
1491
989
1435
2328
3054
2815
1942
1172
1124
1899
2805
3086
2322
1417
994
1522
2513
3014
2717
1875
1185
1157
1964
2896
3005
2233
1392
1126
1620
2503
3049
2718
1699
1085
1296
2199
2944
2880
2163
1367
1090
1573
2664
3085
2604
1669
1053
1370
2172
2871
2884
2202
1184
980
1697
2734
3070
2487
1577
1078
1438
2256
3006
2888
1923
1100
1109
1920
2799
3017
2384
1578
1071
1440
2415
3033
2750
1904
1182
1121
1967
2771
2963
2358
1464
981
1484
2549
3096
2752
1757
1142
1212
1975
2779
2983
2279
1348
1022
1568
2599
3023
2667
1743
1132
1246
2148
2989
3004
2201
1228
1096
1774
2656
3023
2605
1701
1056
1278
2188
3022
2852
2059
1302
1129
1719
2677
3115
2544
1574
975
1392
2366
3031
2812
2017
1199
1097
1973
2820
3047
2390
1463
1024
1547
2428
2999
2784
1847
1106
1214
2060
2786
2929
2287
1480
1032
1482
2521
3030
2731
1816
1102
1176
2135
2938
2974
2298
1317
1024
1620
2623
3016
2619
1701
1076
1292
2144
3043
2954
2058
1210
1145
1793
2725
3025
2505
1648
998
1282
2219
2992
2819
2029
1151
1092
1841
2752
3073
2485
1548
992
1411
2319
3088
2832
1921
1206
1155
1901
2816
3090
2342
1407
907
1450
2521
2992
2714
1868
1192
1166
2051
2934
2988
2228
1406
1110
1603
2492
3045
2730
1654
1047
1299
2114
2891
2931
2242
1336
1112
1626
2666
3105
2640
1662
1053
1344
2235
2909
2834
2161
1264
1084
1759
2709
3051
2517
1579
1041
1410
2225
2947
2841
2039
1177
1109
1909
2822
3016
2377
1567
1028
1381
2423
3063
2727
1893
1177
1112
1986
2870
3088
2332
1359
1060
1619
2523
3008
2693
1773
1174
1207
2021
2912
2987
2190
1351
1067
1538
2589
3042
2588
1683
1140
1267
2126
2924
2949
2177
1227
1060
1664
2586
3061
2676
1631
977
1378
2271
2997
2896
2110
1266
1146
1816
2745
3029
2421
1592
1026
1362
2300
3021
2807
1968
1196
1125
1906
2734
3085
2437
1499
1038
1527
2432
3027
2776
1858
1127
1087
2018
2877
3031
2287
1413
1044
1505
2535
3040
2769
1796
1071
1228
2197
2941
2924
2249
1311
1033
1650
2628
2992
2624
1720
1079
1261
2095
2978
2923
2126
1237
1102
1813
2745
2995
2508
1690
1075
1320
2222
2994
2845
2036
1170
1130
1815
2687
3072
2469
1502
983
1491
2357
3022
2807
1944
1173
1058
1903
2843
3050
2383
1475
1016
1535
2504
3019
2729
1933
1157
1136
2052
2943
3016
2205
1324
1090
1630
2544
2992
2663
1685
1064
1276
2147
2925
2857
2165
1387
1099
1534
2654
3179
2634
1640
1055
1313
2189
2966
2883
2120
1200
1060
1758
2713
3054
2463
1595
1067
1396
2279
3011
2839
2021
1218
1078
1825
2809
3021
2359
1563
1020
1388
2382
3036
2752
1874
1178
1195
2008
2776
3043
2388
1490
1007
1390
2477
3090
2718
1744
1107
1166
2036
2890
2996
2224
1259
989
1577
2589
3034
2676
1757
1082
1219
2192
3002
2969
2197
1288
1116
1692
2618
3093
2662
1600
1022
1402
2213
2965
2897
2092
1229
1093
1785
2758
3055
2438
1587
997
1358
2329
3023
2792
1985
1215
1111
1939
2792
3042
2382
1480
1074
1549
2387
3037
2883
1898
1080
1147
2087
2874
2960
2267
1476
1064
1506
2524
3031
2703
1775
1108
1209
2070
2876
3023
2350
1288
995
1711
2660
2990
2621
1704
1056
1299
2188
3008
2867
2076
1318
1197
1713
2657
3046
2627
1700
1005
1296
2186
2997
2880
2060
1189
1096
1836
2726
3058
2436
1526
1026
1413
2313
3054
2850
1916
1123
1181
2012
2849
3040
2340
1498
1075
1525
2425
3031
2754
1825
1146
1193
2047
2913
3029
2268
1359
1067
1575
2515
3052
2718
1689
1102
1295
2087
2844
2937
2190
1276
1087
1676
2679
3044
2596
1679
1035
1314
2201
2934
2870
2157
1236
1067
1731
2691
3028
2470
1589
1035
1386
2256
3037
2836
1960
1207
1168
1829
2664
3039
2440
1442
955
1445
2397
2919
2740
1951
1176
1127
2008
2865
3039
2315
1474
1149
1518
2396
3061
2807
1793
1145
1209
2037
2891
2976
2256
1352
1025
1520
2577
3055
2704
1759
1118
1303
2226
2950
2928
2242
1296
1072
1673
2689
3074
2563
1621
1089
1332
2152
2987
2913
2080
1204
1065
1749
2711
3092
2461
1595
1052
1378
2309
3040
2831
1903
1105
1192
2057
2696
2944
2456
1528
991
1515
2476
3056
2775
1841
1179
1131
1918
2834
3058
2304
1361
960
1575
2610
3027
2710
1802
1093
1146
2130
2947
2928
2206
1297
1117
1628
2495
2999
2680
1704
1015
1299
2198
3024
2907
2101
1287
1123
1691
2658
3044
2572
1629
999
1362
2290
2978
2812
2070
1135
1022
1879
2767
3041
2415
1578
1064
1400
2257
3022
2881
1995
1190
1090
1884
2800
3101
2445
1493
1000
1481
2537
3075
2743
1850
1126
1211
2065
2818
3016
2313
1343
1030
1595
2538
2993
2703
1769
1115
1226
2097
2933
2935
2190
1306
1066
1655
2705
3050
2616
1755
1138
1332
2215
3015
2908
2138
1178
1068
1779
2712
3066
2592
1631
971
1425
2399
3081
2871
2034
1233
1152
1831
2741
3101
2440
1465
960
1484
2416
2958
2761
1951
1195
1113
1970
2859
3069
2345
1447
1130
1582
2478
3044
2790
1787
1123
1129
1965
2897
3003
2233
1368
1113
1529
2523
3060
2693
1663
1088
1362
2224
2952
2933
2214
1305
1104
1698
2619
3042
2636
1676
1057
1342
2194
3035
2915
2098
1232
1156
1847
2707
3056
2486
1586
970
1297
2330
3097
2819
1928
1217
1157
1879
2693
3015
2437
1499
963
1429
2389
3050
2782
1838
1125
1107
1955
2802
3004
2264
1403
1081
1530
2498
3047
2724
1762
1062
1207
2189
2940
2966
2273
1359
1057
1614
2661
3070
2648
1704
1061
1330
2168
2987
2929
2150
1292
1065
1666
2679
3046
2559
1678
953
1241
2278
2993
2694
1995
1258
1121
1844
2728
3070
2446
1552
1062
1487
2312
3010
2883
1977
1162
1105
1902
2809
3016
2361
1520
1048
1476
2424
3008
2742
1857
1131
1142
2055
2873
2996
2238
1404
1100
1574
2493
3006
2700
1709
1112
1243
1997
2871
2989
2216
1252
1093
1722
2720
3058
2584
1690
1106
1296
2160
2993
2932
2144
1138
1021
1782
2682
3030
2548
1596
998
1415
2316
3019
2841
2015
1228
1141
1826
2755
3070
2424
1549
1014
1438
2406
3028
2841
1955
1123
1099
2047
2840
3026
2384
1488
1073
1468
2479
3069
2736
1768
1140
1179
2012
2881
2992
2168
1315
1086
1594
2609
3048
2599
1653
1060
1266
2204
2949
2978
2241
1216
1023
1755
2720
2982
2512
1602
1053
1311
2192
3035
2923
2111
1197
1133
1814
2746
3062
2470
1629
1033
1362
2297
3044
2819
1927
1182
1158
1907
2735
3041
2392
1485
1035
1552
2441
3005
2772
1893
1153
1103
1972
2847
3010
2293
1455
1040
1481
2565
3111
2720
1756
1083
1193
2141
2918
2930
2215
1289
1066
1649
2576
3005
2697
1644
958
1293
2205
2947
2823
2142
1295
1098
1714
2716
3101
2524
1585
1007
1354
2258
2987
2891
2085
1197
1137
1856
2671
2976
2494
1627
1040
1441
2369
3117
2842
1957
1205
1077
1853
2838
3104
2338
1453
1074
1539
2471
3015
2767
1847
1106
1191
2063
2821
3007
2373
1375
964
1615
2604
2979
2592
1736
1190
1307
2059
2882
2951
2239
1325
1112
1663
2647
3025
2648
1754
1103
1294
2239
2989
2835
2086
1195
1111
1765
2637
3006
2487
1554
1009
1420
2268
2990
2842
2001
1212
1142
1855
2751
3096
2428
1475
1006
1461
2434
3050
2821
1955
1180
1119
2022
2846
2975
2327
1462
1038
1519
2458
2994
2767
1784
1074
1180
2091
2859
2897
2210
1404
1080
1555
2620
3075
2639
1674
1092
1321
2187
2848
2897
2280
1332
1082
1665
2689
3014
2482
1600
1124
1375
2140
2966
2924
2105
1192
1053
1828
2801
2996
2433
1652
1105
1361
2280
3095
2796
1845
1146
1209
1931
2664
3025
2472
1519
979
1520
2460
3043
2787
1854
1205
1210
2036
2888
3036
2286
1376
995
1520
2559
3031
2719
1836
1185
1229
2062
2912
2978
2201
1309
1106
1606
2506
3041
2755
1753
1008
1266
2208
2987
2847
2091
1309
1100
1652
2715
3125
2537
1602
1062
1413
2188
2909
2862
2144
1168
1026
1854
2716
3034
2461
1514
1005
1475
2383
3049
2788
1905
1157
1127
1926
2810
2998
2326
1528
1041
1414
2425
3101
2816
1816
1108
1232
2098
2853
2971
2318
1434
1023
1552
2576
3077
2691
1707
1128
1196
1970
2919
3009
2171
1239
1132
1706
2657
3016
2618
1709
1097
1384
2275
2937
2858
2195
1345
1154
1727
2625
3038
2590
1647
964
1286
2275
3118
2840
1970
1242
1159
1771
2726
3142
2461
1450
922
1440
2452
3017
2782
1942
1161
1104
2049
2875
3038
2311
1439
1136
1533
2373
3016
2819
1811
1118
1191
2054
2931
3003
2212
1327
1084
1596
2585
3036
2728
1762
1113
1303
2193
2934
2927
2264
1268
1027
1657
2703
3068
2538
1557
1038
1310
2148
2972
2864
2061
1218
1056
1743
2660
2993
2435
1588
1051
1374
2318
3072
2796
1885
1041
1124
2054
2769
2939
2414
1562
995
1488
2484
3091
2757
1789
1168
1233
2029
2837
3025
2267
1343
1011
1536
2524
3036
2790
1869
1126
1170
2103
2917
2957
2241
1310
1001
1592
2597
3064
2632
1643
1060
1307
2177
3039
2953
2151
1286
1111
1694
2744
3154
2582
1642
1046
1373
2263
3005
2846
2097
1167
1020
1793
2801
3110
2431
1465
979
1456
2339
3054
2831
1877
1168
1181
1944
2771
3033
2389
1498
969
1446
2508
3051
2760
1888
1196
1159
2023
2902
2999
2262
1372
1101
1648
2594
2997
2665
1712
1119
1262
2071
2939
2978
2148
1221
1084
1671
2653
3017
2614
1733
1063
1309
2208
2952
2796
2113
1267
1094
1705
2669
3093
2539
1526
993
1437
2248
2981
2848
2021
1185
1062
1855
2808
3055
2376
1493
1022
1434
2397
3053
2769
1859
1127
1141
2036
2817
3000
2360
1479
1066
1501
2445
3009
2737
1827
1158
1135
1951
2861
2985
2224
1369
1055
1514
2562
3018
2672
1725
1112
1251
2114
2921
3003
2237
1249
1057
1695
2618
2986
2603
1695
1079
1305
2189
3031
2903
2123
1237
1051
1753
2778
3096
2486
1551
930
1362
2361
3012
2787
1993
1208
1125
1883
2750
3052
2449
1512
956
1466
2435
3109
2844
1856
1112
1109
2046
2845
2967
2222
1324
987
1521
2581
3026
2668
1786
1179
1254
2097
2901
2992
2267
1303
1057
1622
2562
3056
2687
1654
1015
1311
2154
2970
2964
2190
1266
1050
1657
2693
3074
2548
1584
913
1307
2268
2977
2801
2043
1162
1069
1848
2708
3049
2461
1581
1032
1426
2324
3026
2838
1941
1150
1124
1935
2843
3062
2325
1526
1084
1464
2409
3025
2779
1802
1100
1213
2063
2782
2974
2370
1397
1034
1615
2572
2980
2663
1763
1133
1214
2034
2920
3009
2187
1229
1093
1708
2692
3003
2571
1726
1038
1253
2257
3008
2813
2048
1281
1152
1747
2623
3032
2542
1582
1009
1411
2305
3025
2817
2018
1257
1126
1828
2794
3108
2388
1470
1028
1481
2431
2991
2784
1970
1154
1105
2014
2835
3027
2364
1458
1105
1563
2463
3040
2733
1734
1130
1173
2025
2893
2996
2220
1349
1105
1562
2599
3106
2685
1639
1021
1255
2168
2905
2918
2229
1323
1104
1670
2614
3026
2536
1590
1085
1345
2129
2974
2892
2075
1177
1117
1821
2687
3050
2548
1638
936
1341
2416
3075
2790
1923
1194
1174
1901
2664
3044
2452
1462
982
1515
2454
3070
2783
1885
1220
1202
1954
2795
3044
2288
1355
996
1561
2568
2951
2647
1828
1123
1156
2082
2934
2994
2234
1290
1115
1686
2578
3053
2713
1695
1004
1281
2221
3029
2903
2138
1307
1079
1686
2710
3040
2500
1605
1048
1358
2246
3010
2810
2071
1228
1083
1819
2781
3120
2447
1541
1118
1569
2274
2993
2895
1932
1092
1110
2005
2822
2961
2289
1510
1052
1443
2521
3101
2766
1789
1153
1245
2030
2772
2981
2391
1369
952
1588
2610
2962
2564
1680
1124
1230
2006
2877
2950
2131
1296
1171
1702
2670
3072
2656
1751
1111
1250
2167
3023
2922
2106
1152
1081
1758
2676
3026
2513
1578
1052
1462
2305
2938
2804
2076
1218
1109
1875
2752
3050
2399
1496
996
1471
2415
3021
2797
1894
1152
1112
2001
2878
3075
2359
1438
1112
1564
2484
3058
2802
1771
1068
1169
2061
2845
2926
2209
1326
1020
1592
2653
3051
2682
1734
1074
1235
2165
2969
2934
2229
1306
1056
1723
2690
3039
2557
1596
1021
1306
2198
2969
2890
2134
1228
1086
1841
2765
3021
2430
1613
991
1320
2349
3051
2749
1881
1146
1160
1896
2633
2959
2454
1543
975
1469
2463
3028
2751
1827
1183
1181
1948
2797
2957
2236
1415
1067
1516
2511
3033
2694
1773
1111
1165
2125
2927
2960
2255
1311
1048
1672
2666
3059
2590
1680
1109
1263
2084
2974
2958
2126
1246
1154
1779
2679
3030
2552
1644
1039
1365
2273
3007
2814
2001
1142
1113
1908
2756
3037
2454
1545
1003
1421
2331
3045
2858
1913
1113
1175
1939
2758
3060
2380
1439
944
1450
2488
3032
2725
1856
1132
1159
2049
2882
3031
2311
1364
1031
1564
2553
3022
2693
1744
1118
1220
2097
2920
2887
2185
1321
1129
1692
2641
3040
2636
1682
990
1299
2266
2956
2811
2191
1296
1032
1641
2700
3070
2383
1486
1056
1443
2235
3032
2908
1999
1099
1061
1884
2763
2980
2408
1561
1022
1373
2365
3024
2817
1899
1080
1159
2086
2815
2988
2418
1512
1030
1469
2505
3128
2743
1740
1143
1177
1982
2801
2995
2322
1349
1002
1586
2657
2996
2615
1800
1177
1272
2132
2936
2964
2232
1298
1069
1604
2609
3086
2631
1554
984
1384
2277
2976
2799
2071
1321
1110
1698
2722
3089
2462
1555
974
1422
2382
3002
2784
1973
1153
1078
1962
2778
2959
2312
1511
1129
1572
2357
2942
2816
1925
1182
1191
2100
2922
3007
2259
1468
1095
1486
2550
3079
2671
1749
1203
1263
2024
2830
2974
2285
1275
994
1689
2692
3051
2603
1649
1100
1366
2159
2907
2921
2217
1255
1062
1728
2773
3081
2488
1606
1045
1401
2271
2978
2858
2049
1096
1027
1881
2743
3021
2501
1603
977
1372
2334
3043
2788
1948
1251
1216
1881
2733
3071
2394
1456
931
1430
2534
3061
2705
1828
1172
1205
2060
2816
2915
2267
1420
1077
1585
2529
2989
2681
1740
1048
1184
2091
2938
2922
2228
1340
1066
1599
2709
3095
2570
1645
1073
1336
2242
2980
2826
2120
1218
1056
1750
2674
2993
2455
1612
1061
1361
2223
3029
2876
1957
1144
1160
1889
2780
3075
2397
1520
1042
1476
2401
3018
2793
1925
1109
1064
2021
2833
3080
2409
1382
995
1546
2517
3035
2721
1712
1097
1222
2053
2852
2940
2235
1335
1006
1532
2614
3032
2631
1705
1073
1273
2156
2917
2986
2194
1237
1070
1702
2620
2973
2576
1709
1093
1299
2222
3069
2892
2034
1220
1127
1771
2731
3056
2442
1593
1063
1411
2268
2993
2853
1975
1107
1100
1930
2766
2998
2358
1523
1029
1557
2454
3047
2791
1898
1160
1093
1956
2871
3041
2240
1367
1032
1570
2557
3002
2772
1816
1097
1187
2091
2873
2923
2237
1324
1029
1579
2602
3128
2674
1634
1002
1305
2169
3003
2974
2171
1271
1115
1696
2688
3083
2575
1645
1014
1315
2255
3018
2842
2069
1179
1033
1788
2705
3060
2413
1506
1070
1431
2265
3098
2932
2007
1177
1146
1946
2801
3012
2339
1523
1030
1448
2458
3058
2843
1919
1139
1185
2106
2889
3004
2350
1468
1044
1485
2587
3129
2649
1682
1169
1235
1935
2936
3112
2196
1163
1071
1732
2694
3019
2641
1773
1064
1219
2211
3064
2862
2015
1144
1142
1830
2631
2996
2687
1629
855
1316
2387
3080
2747
1989
1337
1191
1770
2767
3123
2378
1423
1038
1473
2339
2935
2761
1985
1211
1059
1941
2896
3097
2328
1426
1134
1578
2382
2995
2845
1819
1021
1203
2114
2848
2898
2263
1432
1011
1452
2553
3057
2651
1673
1091
1338
2202
2886
2915
2299
1317
1011
1620
2639
3101
2604
1615
1087
1377
2185
2956
2920
2163
1179
1037
1800
2743
3027
2485
1644
1019
1309
2296
3086
2881
1950
1093
1182
1976
2691
2991
2454
1593
995
1467
2537
3112
2685
1796
1243
1154
1910
2822
3093
2324
1355
1022
1522
2450
2954
2804
1901
1114
1157
2107
2951
2944
2172
1337
1107
1615
2546
2983
2680
1719
999
1213
2159
3028
2894
2103
1292
1068
1676
2747
3095
2496
1623
1095
1415
2217
2939
2947
2160
1086
964
1892
2829
3000
2334
1522
1093
1460
2262
3052
2911
1956
1074
1113
2012
2846
2988
2281
1515
1017
1409
2489
3092
2773
1845
1191
1233
2062
2793
2998
2336
1376
991
1541
2560
3029
2653
1693
1113
1228
2057
2986
2989
2180
1257
1093
1705
2597
2958
2652
1745
1045
1302
2174
2997
2932
2122
1193
1134
1781
2688
3073
2548
1529
979
1383
2279
3003
2833
1981
1180
1169
1855
2713
3043
2369
1496
990
1428
2415
3018
2762
1915
1155
1094
1971
2844
3017
2266
1343
1019
1557
2492
3032
2763
1747
1100
1155
2044
2826
2914
2248
1355
1083
1609
2582
3052
2738
1725
1084
1288
2194
2887
2843
2218
1271
1003
1632
2637
3041
2560
1650
1060
1302
2171
3099
2959
1999
1156
1110
1837
2727
3024
2400
1530
1033
1411
2323
2972
2770
1991
1180
1150
1895
2722
3123
2466
1481
990
1503
2457
3045
2751
1844
1145
1064
2004
2889
2992
2275
1430
1065
1517
2576
3043
2698
1784
1129
1225
2053
2856
2934
2232
1313
1057
1657
2581
3051
2689
1700
1021
1235
2136
2962
2852
2125
1290
1095
1698
2739
3038
2487
1661
1026
1323
2229
2996
2883
2124
1202
1072
1825
2769
3083
2429
1510
1036
1472
2340
3031
2797
1935
1241
1219
1937
2712
3034
2390
1454
969
1506
2464
2952
2706
1885
1175
1124
2003
2911
3000
2228
1328
1088
1650
2569
3067
2760
1696
1030
1214
2100
2855
2904
2220
1264
1001
1627
2703
3015
2590
1712
1003
1225
2274
3105
2867
2050
1214
1104
1748
2667
3034
2506
1529
1009
1439
2289
3044
2814
1978
1233
1141
1832
2754
3031
2362
1509
1054
1451
2400
3053
2829
1905
1144
1162
2086
2859
3043
2402
1392
1000
1595
2536
3045
2725
1799
1116
1086
2000
2923
2993
2192
1348
1072
1520
2556
3061
2709
1686
1077
1319
2175
2965
2952
2202
1290
1072
1679
2635
3035
2550
1589
1067
1361
2176
3007
2937
2048
1198
1166
1816
2718
3044
2477
1602
1013
1383
2363
3060
2801
1946
1117
1050
1929
2762
2993
2410
1548
989
1438
2401
3091
2792
1801
1161
1243
2011
2803
3025
2309
1378
1016
1494
2478
2994
2711
1786
1103
1197
2111
2906
2966
2200
1297
1042
1550
2518
3024
2721
1736
987
1211
2118
2938
2889
2124
1252
1087
1696
2727
3080
2545
1619
994
1329
2339
3036
2765
1996
1208
1056
1783
2755
3063
2413
1506
1063
1472
2271
3032
2918
2009
1121
1119
1999
2809
3019
2347
1480
1027
1488
2463
3065
2744
1837
1141
1193
2058
2830
2984
2324
1372
1001
1530
2539
3029
2696
1755
1159
1238
2013
2961
3087
2239
1257
1053
1684
2690
3034
2640
1727
1053
1256
2246
3034
2870
2089
1164
1090
1786
2625
3036
2557
1550
1008
1461
2298
2996
2806
2016
1244
1101
1761
2749
3129
2478
1470
959
1478
2426
2985
2809
1994
1184
1105
2028
2852
3007
2314
1456
1100
1490
2380
3005
2817
1814
1064
1132
2051
2863
2886
2225
1409
1047
1484
2620
3166
2687
1614
1043
1339
2200
2874
2964
2337
1317
991
1634
2707
3072
2467
1539
1109
1382
2153
2967
2971
2148
1193
1123
1859
2758
2992
2457
1652
1036
1345
2262
3009
2820
1916
1183
1197
2015
2725
2940
2426
1609
939
1408
2503
3101
2717
1787
1201
1231
1896
2748
3052
2308
1392
1032
1546
2567
3014
2684
1775
1070
1111
2126
2994
3002
2165
1244
1127
1717
2601
3014
2707
1676
998
1306
2225
2998
2844
2111
1338
1145
1686
2740
3169
2558
1540
977
1396
2273
2919
2722
2090
1242
1043
1802
2754
3090
2468
1499
967
1459
2347
3044
2847
1900
1125
1215
2012
2785
3017
2395
1491
1025
1485
2461
3049
2758
1846
1110
1150
2028
2808
2974
2282
1364
1001
1571
2608
2994
2617
1702
1080
1220
2041
2903
2961
2253
1295
1080
1684
2682
3014
2604
1717
1057
1267
2238
2965
2844
2107
1275
1132
1711
2625
3030
2502
1574
1037
1417
2261
3050
2877
2033
1195
1085
1813
2778
3091
2424
1499
1016
1447
2389
2977
2766
1915
1199
1174
1988
2782
3030
2380
1402
1031
1494
2489
3071
2750
1733
1066
1183
2074
2901
3015
2261
1356
1086
1635
2616
3004
2610
1783
1157
1189
2078
2981
2970
2135
1238
1129
1697
2592
3066
2679
1649
974
1329
2258
2969
2802
2049
1271
1177
1801
2746
3131
2456
1549
1045
1490
2379
2939
2746
2015
1223
1085
1893
2797
3116
2384
1466
1115
1601
2381
2993
2882
1892
1091
1088
2057
2962
3033
2242
1415
1069
1458
2452
3084
2802
1727
1055
1270
2084
2767
2985
2381
1307
922
1610
2686
3075
2616
1656
1095
1285
2083
2981
3010
2175
1203
1039
1720
2700
3004
2561
1684
990
1295
2272
3010
2774
2019
1215
1076
1819
2716
3056
2464
1584
1014
1471
2421
3085
2817
1947
1259
1161
1828
2776
3138
2385
1398
1013
1620
2521
2948
2714
1949
1175
1094
2035
2970
3045
2211
1357
1097
1613
2491
3015
2801
1768
1048
1208
2146
2995
2943
2189
1345
1105
1567
2678
3175
2661
1625
973
1315
2226
2975
2916
2169
1228
1093
1737
2673
3069
2532
1618
1055
1416
2298
3068
2899
2024
1137
1094
1872
2807
3001
2351
1585
1084
1425
2366
3045
2842
1899
1128
1179
2034
2761
3051
2453
1455
1004
1561
2575
3080
2752
1761
1163
1196
1996
2879
3058
2284
1306
1044
1630
2605
3044
2743
1798
1086
1190
2161
2972
2929
2182
1222
1096
1724
2617
2965
2624
1735
1065
1319
2248
3009
2817
2069
1254
1079
1758
2757
3091
2441
1521
964
1415
2392
2926
2709
2025
1230
1053
1900
2829
3060
2364
1481
1083
1540
2357
2988
2855
1915
1108
1071
2002
2829
2918
2257
1447
1021
1504
2615
3094
2667
1721
1147
1238
2088
2830
2962
2330
1351
957
1601
2685
3128
2617
1636
1097
1265
2098
3006
2948
2148
1268
1078
1678
2685
3079
2563
1636
1064
1417
2326
3012
2864
2112
1201
1108
1814
2653
2994
2472
1601
1035
1395
2337
3071
2787
1954
1281
1196
1851
2771
3105
2333
1448
1081
1615
2478
2962
2771
1929
1138
1144
2092
2945
3041
2349
1414
1039
1507
2547
3110
2714
1678
1070
1253
2124
2927
2902
2178
1330
1136
1646
2615
3054
2673
1702
979
1286
2232
2919
2877
2197
1227
1048
1728
2717
3032
2475
1590
1029
1401
2248
3037
2866
1985
1191
1146
1851
2814
3103
2388
1484
977
1447
2438
3047
2806
1953
1157
1146
2024
2840
3028
2363
1451
1053
1548
2520
3044
2712
1771
1163
1166
1973
2812
2944
2257
1340
1016
1580
2626
3024
2677
1757
1113
1285
2193
2960
2917
2138
1237
1096
1728
2664
3066
2620
1645
1047
1354
2194
2989
2923
2110
1264
1090
1782
2768
3074
2439
1600
1078
1363
2279
3016
2875
1976
1098
1118
2021
2794
2976
2373
1528
1060
1527
2371
3041
2829
1885
1178
1158
1979
2836
2970
2272
1450
1062
1457
2494
3086
2668
1713
1114
1278
2116
2817
2927
2291
1342
1041
1682
2641
2998
2616
1654
1057
1349
2218
2971
2887
2114
1300
1106
1679
2709
3089
2508
1565
1019
1427
2284
2958
2827
2073
1187
1072
1853
2719
3051
2480
1520
988
1485
2366
3050
2835
1915
1158
1167
1941
2782
3049
2408
1499
966
1451
2490
3024
2705
1862
1152
1122
2005
2857
2973
2262
1385
1044
1546
2532
3036
2676
1711
1115
1263
2115
2945
2922
2174
1249
1108
1657
2656
3062
2654
1742
1038
1277
2276
3024
2848
2160
1295
1037
1655
2712
3150
2496
1552
1068
1472
2284
2970
2829
2043
1206
1112
1821
2763
3047
2399
1544
1040
1393
2412
3068
2720
1842
1163
1131
1987
2758
3002
2322
1445
1103
1571
2458
2983
2788
1812
1094
1160
2061
2939
2993
2200
1328
1022
1531
2655
3131
2712
1714
1048
1229
2161
2914
2937
2256
1266
1025
1634
2597
3038
2591
1665
1078
1327
2207
3038
2887
2071
1220
1124
1801
2699
3041
2513
1595
1010
1396
2347
2981
2767
2001
1207
1115
1872
2730
3117
2463
1486
1021
1543
2429
3053
2839
1908
1180
1171
1953
2759
2966
2308
1427
1012
1505
2500
3040
2771
1790
1063
1163
2151
2928
2928
2197
1287
1046
1574
2587
3073
2668
1669
1082
1323
2151
2936
2820
2101
1282
1076
1668
2681
3088
2501
1563
1031
1359
2213
2946
2795
2072
1171
1010
1770
2652
3016
2538
1564
942
1369
2367
3117
2812
1890
1216
1208
1902
2760
3054
2400
1492
989
1477
2477
2978
2780
1845
1128
1167
2047
2893
2998
2278
1363
1062
1573
2482
3039
2736
1692
1044
1196
2072
2876
2905
2204
1278
1125
1711
2711
3014
2540
1740
1073
1211
2169
3017
2898
2115
1255
1102
1786
2691
3023
2526
1664
1022
1374
2285
2983
2840
2023
1207
1120
1847
2764
3043
2389
1463
1025
1490
2360
2943
2753
1946
1161
1125
1996
2798
3019
2352
1443
1059
1558
2449
2961
2796
1845
1096
1098
2013
2854
2944
2221
1390
1093
1526
2565
3083
2717
1723
1137
1325
2166
2897
2922
2235
1267
1008
1723
2748
3098
2548
1622
1110
1390
2242
2973
2860
2056
1197
1127
1781
2700
3081
2541
1564
955
1333
2291
2995
2799
1943
1145
1163
1986
2700
2952
2428
1599
1016
1422
2424
3072
2816
1906
1234
1212
1993
2854
3030
2285
1413
994
1551
2602
3029
2695
1823
1186
1208
2062
2928
3061
2240
1294
1151
1659
2511
3019
2749
1724
995
1252
2210
2997
2901
2119
1299
1161
1727
2720
3063
2476
1578
986
1364
2268
2977
2846
2054
1131
1114
1949
2768
3022
2443
1591
1051
1423
2267
3036
2918
1906
1038
1121
1961
2820
2995
2337
1500
1011
1472
2486
3092
2743
1771
1149
1206
1969
2776
3030
2394
1351
985
1587
2570
3047
2676
1708
1144
1224
2038
2919
2963
2184
1257
1034
1653
2685
3028
2617
1766
1057
1226
2195
3062
2962
2133
1152
1085
1764
2702
3062
2518
1569
974
1365
2323
3052
2771
1945
1223
1185
1845
2722
3029
2379
1520
1043
1465
2394
2995
2755
1960
1224
1103
1918
2807
3084
2361
1448
1130
1581
2464
2999
2755
1814
1130
1155
1997
2779
2914
2240
1374
1082
1564
2586
3049
2676
1700
1092
1266
2135
2889
2953
2267
1266
988
1668
2703
3008
2514
1619
1101
1383
2171
2995
2926
2081
1185
1079
1794
2707
2993
2437
1612
1014
1327
2283
3030
2819
1935
1196
1163
1934
2767
3011
2373
1530
1036
1532
2456
3047
2762
1895
1217
1145
1936
2842
3077
2310
1380
1072
1546
2451
2969
2730
1814
1118
1200
2186
2962
2956
2239
1380
1091
1645
2604
2999
2617
1670
1061
1276
2139
2984
2916
2135
1265
1160
1709
2663
3115
2586
1572
962
1393
2286
2989
2820
2117
1216
1028
1850
2778
3068
2436
1524
1082
1541
2328
3023
2867
1995
1167
1094
1943
2831
2970
2280
1522
1036
1369
2396
3051
2842
1882
1090
1152
2127
2889
2957
2318
1444
1031
1521
2586
3076
2618
1661
1167
1270
2007
2839
2997
2288
1241
1062
1724
2640
2950
2574
1786
1125
1268
2167
3027
2932
2076
1174
1163
1791
2626
3060
2615
1565
921
1354
2355
3056
2821
2024
1301
1131
1758
2793
3168
2356
1394
1033
1564
2431
2966
2763
1956
1138
1072
2014
2862
2990
2244
1419
1124
1599
2422
2993
2831
1816
1063
1168
2130
2901
2902
2258
1403
1048
1501
2613
3184
2755
1631
1002
1328
2209
2868
2901
2193
1274
1077
1688
2633
3021
2577
1671
1069
1303
2178
3072
2966
2053
1160
1102
1875
2755
2961
2448
1682
1059
1336
2307
3082
2792
1922
1157
1137
1952
2689
2980
2449
1553
969
1478
2491
3098
2769
1843
1184
1151
1954
2892
3134
2262
1311
1040
1594
2546
2969
2724
1858
1105
1167
2166
2991
2968
2219
1351
1110
1646
2575
3082
2710
1726
1049
1287
2202
2982
2891
2167
1334
1085
1654
2720
3108
2531
1555
1024
1437
2292
2931
2819
2101
1176
1055
1852
2768
3055
2446
1526
1054
1453
2280
3092
2857
1883
1172
1206
1916
2786
3050
2403
1511
969
1443
2478
3035
2741
1851
1175
1235
2051
2833
2992
2342
1446
1001
1543
2605
3090
2667
1691
1184
1286
2036
2853
2983
2288
1303
1105
1645
2641
3001
2550
1717
1020
1218
2231
3001
2926
2152
1186
1054
1788
2726
2970
2485
1662
1073
1370
2262
3054
2820
2002
1248
1084
1751
2786
3169
2443
1461
983
1460
2388
3012
2856
1974
1127
1083
2025
2864
3044
2341
1387
1033
1551
2475
3017
2791
1795
1083
1170
2056
2861
2944
2220
1402
1070
1505
2573
3088
2713
1675
1017
1260
2170
2909
2947
2221
1198
1015
1773
2714
2997
2591
1712
1084
1291
2156
3051
2970
2105
1185
1053
1787
2693
3009
2462
1565
1019
1345
2212
2981
2854
1967
1161
1124
1908
2748
3057
2373
1472
1074
1533
2362
3000
2822
1883
1105
1109
1975
2849
3013
2228
1360
1052
1540
2487
3058
2814
1842
1104
1164
2144
2972
2975
2241
1277
1078
1649
2530
2993
2675
1664
987
1294
2214
2982
2878
2142
1316
1153
1690
2639
3074
2589
1645
996
1311
2255
2988
2827
2037
1183
1116
1875
2739
3086
2467
1525
1032
1468
2308
3045
2876
1939
1114
1141
1981
2784
2992
2383
1518
1039
1489
2413
3003
2777
1861
1112
1173
2076
2834
2961
2301
1409
1063
1579
2564
3110
2691
1672
1078
1239
2096
2923
2977
2157
1275
1102
1619
2643
3054
2634
1689
1086
1302
2198
2995
2887
2119
1198
1084
1798
2704
3060
2542
1560
1014
1397
2304
3054
2869
2057
1269
1096
1827
2812
3107
2443
1514
1025
1466
2341
2998
2850
1914
1058
1160
2059
2783
3003
2401
1467
1033
1541
2539
3043
2701
1746
1140
1193
1996
2845
3016
2286
1314
1019
1588
2604
3053
2731
1707
1004
1226
2219
2960
2903
2215
1282
1094
1748
2672
3013
2520
1619
1126
1385
2173
2999
2961
2104
1138
1038
1806
2787
3075
2405
1552
1068
1437
2343
3028
2848
2030
1179
1058
1863
2764
3095
2408
1465
1021
1542
2470
3081
2793
1872
1208
1195
1977
2801
3017
2320
1377
1019
1546
2567
3015
2676
1787
1154
1203
2064
2890
3029
2232
1238
1032
1634
2561
3098
2689
1596
1008
1350
2195
2995
2955
2190
1293
1090
1692
2720
3158
2577
1574
1050
1473
2287
2913
2771
2081
1219
1038
1817
2765
2989
2396
1552
1051
1444
2279
2989
2808
1982
1186
1108
1914
2837
3092
2338
1499
1053
1473
2449
3056
2815
1810
1119
1269
2111
2825
3029
2413
1376
961
1540
2627
3058
2623
1679
1121
1305
2090
2928
2961
2197
1274
1062
1675
2708
3087
2647
1729
1133
1293
2135
2960
2974
2205
1229
1094
1725
2631
3014
2529
1599
986
1394
2341
3053
2832
2037
1255
1103
1808
2772
3069
2426
1535
1018
1469
2386
2976
2801
1918
1173
1178
1971
2790
3098
2380
1393
1040
1537
2483
3057
2809
1847
1094
1120
2018
2857
2956
2237
1293
1002
1579
2613
3051
2678
1738
1167
1284
2162
2931
2948
2232
1180
1021
1722
2654
3054
2646
1651
1052
1385
2237
2964
2891
2124
1243
1065
1807
2738
3006
2481
1620
995
1346
2307
3036
2767
1917
1158
1107
1922
2780
3091
2420
1486
1039
1505
2346
3021
2821
1885
1183
1173
2018
2791
2926
2236
1460
1055
1434
2491
3072
2764
1741
1084
1274
2133
2820
2938
2262
1309
1057
1601
2555
3060
2633
1679
1127
1301
2098
2956
2925
2170
1216
1070
1726
2726
3086
2570
1660
1033
1387
2317
3034
2835
2058
1224
1112
1866
2753
3042
2438
1519
1085
1512
2298
3016
2882
1925
1136
1194
1959
2788
3074
2404
1481
976
1516
2514
2985
2697
1875
1204
1182
1966
2875
3033
2236
1365
1110
1609
2513
3007
2686
1675
1086
1241
2041
2878
2951
2265
1319
1051
1641
2678
3091
2620
1658
1041
1351
2262
2868
2758
2141
1298
1092
1721
2671
3005
2519
1632
1026
1345
2301
3076
2835
2045
1287
1136
1767
2739
3091
2428
1500
1006
1491
2380
2976
2831
1939
1143
1077
1986
2863
3027
2291
1415
1082
1494
2442
3049
2786
1780
1135
1229
2038
2814
2937
2236
1321
1003
1545
2623
3037
2611
1718
1152
1333
2136
2876
2935
2257
1220
1020
1734
2672
2999
2607
1679
1064
1284
2198
3063
2926
2107
1226
1057
1808
2768
3051
2436
1617
1073
1391
2285
2997
2818
2020
1170
1071
1912
2745
3080
2473
1524
985
1456
2411
3031
2769
1815
1146
1136
1997
2875
3012
2258
1402
1022
1523
2532
3014
2681
1824
1105
1128
2121
2968
2986
2204
1325
1106
1636
2570
3028
2686
1693
1034
1316
2190
2991
2912
2130
1301
1122
1688
2680
3091
2568
1618
1008
1379
2285
2954
2773
2108
1264
1033
1785
2758
3114
2449
1463
968
1475
2342
3010
2849
1967
1123
1153
1982
2796
3032
2414
1524
955
1428
2508
3069
2758
1809
1107
1152
2011
2815
3008
2370
1419
978
1532
2571
3015
2636
1698
1131
1235
2016
2902
2954
2188
1274
1083
1647
2647
3071
2621
1711
1055
1250
2219
3022
2882
2094
1223
1121
1739
2638
3034
2572
1596
984
1356
2312
3091
2860
2050
1284
1164
1792
2721
3129
2430
1470
947
1518
2458
2940
2744
1976
1186
1086
1969
2864
3030
2326
1484
1141
1480
2385
3078
2850
1761
1057
1139
2052
2929
2959
2240
1376
1050
1551
2632
3106
2668
1673
1110
1351
2126
2823
2911
2270
1315
1041
1648
2645
3027
2567
1596
1075
1374
2243
3028
2915
2089
1121
1076
1868
2732
2959
2439
1636
976
1255
2343
3092
2746
1913
1218
1166
1902
2786
3125
2425
1518
1066
1554
2438
2986
2809
1967
1211
1091
1963
2840
3058
2299
1359
981
1533
2533
2957
2655
1802
1129
1131
2081
2965
2995
2203
1262
1058
1658
2610
3019
2640
1704
1074
1247
2146
3027
2923
2138
1285
1125
1701
2682
3112
2601
1652
1043
1374
2258
3002
2863
2074
1165
1063
1857
2723
3041
2462
1570
1077
1421
2242
3061
2916
1996
1183
1077
1892
2808
3074
2355
1422
1050
1561
2450
2969
2750
1920
1114
1119
2052
2858
3019
2298
1384
1045
1552
2515
3072
2741
1685
1039
1184
2079
2938
2940
2206
1316
1113
1626
2671
3097
2616
1650
990
1299
2237
2949
2868
2134
1196
993
1675
2713
3086
2512
1536
1005
1407
2242
2981
2822
2060
1220
1096
1853
2741
3012
2368
1545
1035
1469
2416
2971
2818
1984
1159
1111
2035
2871
3034
2366
1475
1040
1455
2480
3104
2749
1730
1135
1231
2011
2843
3057
2318
1307
1037
1678
2663
2992
2621
1791
1104
1227
2154
2976
2955
2171
1257
1085
1683
2622
3030
2554
1593
1071
1378
2240
3003
2878
2090
1243
1094
1771
2748
3062
2483
1616
1022
1376
2277
3032
2828
1928
1151
1120
1953
2771
3041
2397
1493
1010
1436
2378
3074
2833
1863
1174
1179
1978
2768
3006
2354
1428
942
1502
2557
2993
2722
1848
1112
1114
2082
2976
3007
2208
1270
1146
1687
2571
3057
2752
1680
960
1264
2187
2990
2902
2205
1330
1087
1695
2689
3055
2517
1594
1059
1476
2268
2892
2838
2181
1190
1008
1892
2813
3034
2404
1559
1092
1442
2288
3024
2872
1928
1113
1078
1972
2888
3051
2349
1513
1013
1410
2491
3111
2762
1840
1173
1215
2071
2850
3003
2330
1369
1003
1576
2604
3045
2674
1781
1187
1244
2026
2916
3028
2210
1216
1033
1700
2737
3005
2576
1785
1068
1204
2202
3062
2922
2079
1226
1157
1756
2647
3045
2560
1573
994
1434
2281
2984
2812
2038
1270
1094
1790
2787
3145
2390
1436
984
1515
2507
2995
2687
1917
1195
1071
1956
2935
3066
2283
1446
1090
1481
2396
3030
2853
1789
1104
1229
2087
2841
2860
2197
1381
1062
1542
2585
3091
2697
1691
1066
1242
2133
2917
2910
2194
1317
1115
1704
2643
2989
2549
1604
1053
1332
2178
3003
2891
2092
1231
1131
1769
2739
3036
2376
1563
1106
1389
2236
2975
2798
2012
1212
1086
1833
2711
3068
2379
1498
1027
1438
2324
2998
2796
1845
1137
1174
1997
2833
3001
2286
1415
1029
1516
2536
3069
2687
1754
1119
1241
2174
2908
2974
2290
1338
1078
1704
2634
3040
2659
1690
1031
1293
2202
2964
2901
2155
1321
1096
1704
2774
3113
2520
1622
1027
1307
2163
2986
2863
2038
1144
1068
1857
2724
3020
2447
1584
1022
1448
2391
3086
2804
1920
1237
1173
1854
2752
3092
2376
1426
987
1508
2462
2983
2760
1906
1136
1142
2031
2817
2993
2324
1412
1017
1529
2616
3052
2590
1665
1143
1269
2056
2888
2939
2180
1308
1199
1656
2610
3117
2625
1609
1011
1355
2271
2977
2858
2125
1254
1126
1773
2628
3013
2541
1571
991
1330
2236
3044
2842
1947
1144
1171
1914
2766
3062
2432
1539
998
1452
2426
3003
2773
1935
1125
1107
2034
2801
2998
2342
1425
1075
1536
2483
3032
2725
1775
1110
1149
1958
2795
2982
2262
1352
1053
1575
2621
3055
2634
1698
1092
1209
2126
2936
2945
2243
1237
1054
1714
2635
3015
2608
1626
970
1290
2274
3047
2882
2099
1220
1088
1801
2719
3015
2492
1646
982
1314
2349
3073
2758
1868
1192
1173
1894
2650
3029
2503
1521
919
1441
2492
3061
2734
1829
1198
1113
1920
2852
3082
2327
1420
1029
1550
2491
2991
2758
1808
1066
1177
2089
2852
2953
2258
1269
1050
1626
2564
2999
2629
1642
995
1293
2174
2940
2877
2177
1317
1119
1678
2697
3151
2599
1556
983
1412
2340
2976
2787
2097
1206
1056
1788
2776
3106
2407
1520
1123
1569
2321
3017
2857
1894
1104
1141
1945
2748
3005
2349
1492
1001
1467
2520
3060
2726
1824
1101
1154
2057
2830
2959
2328
1370
1004
1608
2588
2994
2630
1708
1146
1248
2011
2920
3038
2210
1246
1090
1686
2712
3019
2625
1803
1099
1235
2166
3047
2922
2066
1162
1132
1797
2548
2982
2670
1634
941
1353
2327
3050
2811
1949
1217
1118
1829
2804
3023
2311
1504
1004
1407
2327
2939
2716
1864
1162
1160
1993
2768
3019
2379
1461
1044
1557
2499
3027
2769
1807
1119
1173
2050
2899
2932
2164
1358
1082
1525
2569
3065
2690
1735
1109
1287
2178
2916
2947
2281
1289
1020
1676
2686
3064
2524
1639
1150
1381
2157
2979
2929
2142
1256
1089
1809
2784
3078
2422
1591
1012
1338
2293
3043
2800
1952
1173
1189
1960
2719
3073
2508
1488
950
1510
2479
3021
2751
1847
1185
1210
1987
2767
2941
2329
1466
1004
1504
2526
2986
2625
1805
1197
1189
2044
2921
3017
2204
1291
1145
1682
2578
2995
2628
1705
1081
1289
2178
3014
2903
2129
1304
1074
1638
2699
3131
2560
1569
1038
1414
2274
2908
2809
2143
1277
1064
1814
2726
3020
2406
1551
1111
1470
2256
3050
2935
1936
1039
1095
1974
2842
3052
2363
1496
939
1449
2564
3114
2742
1817
1145
1171
2071
2900
2954
2245
1359
1084
1593
2530
3003
2658
1773
1171
1250
2060
2904
2974
2219
1315
1063
1605
2669
3045
2541
1661
1081
1324
2207
3011
2901
2117
1181
1081
1740
2614
2987
2533
1625
996
1356
2287
3036
2838
1990
1246
1203
1804
2756
3147
2419
1431
977
1505
2450
2987
2783
1979
1218
1161
1988
2786
3012
2354
1455
1083
1481
2339
3008
2829
1759
1009
1170
2098
2870
2870
2165
1372
1038
1447
2560
3077
2698
1663
1070
1311
2162
2865
2934
2271
1255
996
1723
2742
3048
2522
1603
1076
1387
2192
3010
2932
2071
1173
1089
1806
2724
3066
2495
1635
1048
1386
2349
3015
2807
1971
1161
1139
1923
2695
3030
2469
1542
984
1454
2446
3030
2731
1829
1204
1206
1965
2789
3039
2356
1416
957
1469
2514
2971
2617
1795
1162
1161
2076
2940
2946
2161
1258
1073
1680
2573
2964
2679
1690
1002
1284
2214
3017
2868
2171
1302
1064
1635
2671
3096
2522
1644
1064
1444
2303
2918
2808
2129
1199
989
1788
2803
3080
2396
1492
1054
1454
2266
3081
2889
1923
1146
1146
1934
2826
3026
2289
1489
1066
1511
2511
3066
2768
1779
1081
1242
2105
2746
2931
2428
1414
985
1575
2608
3104
2682
1660
1079
1213
2038
2919
2919
2175
1325
1057
1630
2669
3045
2629
1696
1061
1310
2202
2978
2844
2107
1231
1121
1755
2672
2985
2587
1681
977
1412
2405
3061
2773
2002
1249
1134
1800
2813
3154
2358
1418
1042
1483
2355
2969
2814
2002
1161
1043
2014
2918
3093
2313
1416
1084
1552
2475
3021
2744
1742
1033
1126
2080
2913
2894
2161
1372
1103
1557
2597
3083
2708
1732
1107
1231
2060
2895
2948
2220
1277
1055
1637
2592
3003
2544
1635
1071
1337
2152
2978
2941
2101
1183
1030
1771
2757
3034
2466
1562
948
1393
2405
3017
2730
1934
1147
1083
1902
2745
3062
2414
1509
1000
1487
2446
3062
2801
1926
1211
1106
2015
2881
2990
2286
1409
976
1444
2528
3034
2689
1818
1172
1213
2072
2908
3007
2266
1297
1085
1683
2597
2996
2628
1659
1040
1303
2156
2944
2880
2170
1327
1093
1692
2718
3124
2533
1577
978
1319
2240
2993
2864
2063
1147
1029
1811
2711
3070
2444
1489
999
1483
2364
3087
2893
1955
1115
1086
1933
2827
3018
2326
1514
959
1432
2522
3044
2676
1807
1171
1250
2094
2833
2968
2311
1372
996
1548
2535
3055
2708
1748
1173
1238
1982
2869
2985
2191
1216
1071
1738
2688
3034
2644
1720
1040
1277
2182
2949
2855
2132
1251
1075
1760
2699
3005
2474
1610
1045
1368
2246
3004
2833
2062
1232
1098
1830
2791
3129
2423
1522
979
1379
2410
3106
2852
1936
1162
1111
1972
2818
3082
2354
1301
1006
1628
2505
2963
2724
1795
1123
1134
2031
2926
2963
2203
1328
1138
1595
2580
3069
2678
1704
1133
1338
2122
2812
2921
2280
1319
1011
1674
2694
3090
2577
1581
1042
1326
2160
2979
2936
2133
1251
1166
1855
2736
2993
2439
1623
1107
1398
2281
3041
2843
1961
1127
1127
1948
2779
3091
2443
1511
1032
1497
2435
3049
2781
1892
1182
1108
1946
2795
3021
2309
1374
1001
1549
2560
3005
2684
1860
1153
1190
2118
2952
2981
2203
1280
1095
1718
2575
2952
2659
1726
1057
1294
2136
2918
2916
2219
1306
1007
1690
2814
3060
2472
1636
1041
1322
2270
2984
2768
2021
1173
1082
1780
2693
2990
2390
1599
1102
1462
2309
3081
2858
1929
1186
1129
1902
2831
3097
2386
1458
977
1501
2544
3056
2780
1910
1139
1112
2009
2924
3044
2253
1369
1063
1507
2441
3003
2734
1762
1116
1196
2043
2973
2957
2194
1326
1137
1645
2629
3054
2625
1681
991
1308
2250
2987
2868
2120
1230
1066
1738
2691
2995
2489
1602
1086
1357
2187
3064
2961
1987
1122
1130
1901
2734
2981
2398
1588
1043
1416
2391
3050
2763
1863
1194
1229
2042
2779
3031
2419
1472
1017
1518
2566
3048
2729
1780
1127
1156
1967
2884
3029
2266
1361
1075
1601
2616
3023
2620
1728
1127
1246
2163
3017
3008
2229
1236
1084
1688
2582
3008
2641
1671
986
1273
2222
3003
2868
2095
1230
1091
1747
2709
3033
2482
1630
1034
1388
2349
3010
2835
1995
1187
1101
1896
2787
3140
2445
1452
972
1524
2442
3011
2835
1882
1102
1107
2008
2867
3008
2261
1434
1043
1518
2555
3075
2760
1783
1112
1213
2099
2870
2933
2263
1343
1134
1674
2589
3075
2706
1675
1029
1301
2194
2914
2856
2170
1265
1103
1739
2719
3013
2572
1693
1017
1295
2229
3018
2844
2056
1205
1092
1762
2647
3086
2537
1552
999
1459
2344
3061
2816
1873
1152
1169
1922
2808
3051
2307
1459
1033
1444
2491
3123
2737
1718
1090
1271
2135
2810
2974
2397
1428
1035
1605
2594
3047
2656
1749
1170
1262
2047
2905
2971
2182
1301
1114
1661
2651
2989
2595
1777
1135
1298
2160
2944
2832
2089
1210
1077
1645
2632
3075
2539
1563
1001
1403
2233
3021
2904
1993
1136
1120
1932
2764
2995
2406
1536
980
1468
2430
2987
2757
1991
1226
1105
2007
2865
3024
2334
1451
1044
1524
2466
3009
2769
1812
1113
1121
2061
2932
2959
2267
1428
1099
1519
2574
3138
2743
1675
1084
1366
2194
2824
2890
2335
1342
982
1624
2709
3105
2524
1590
1119
1368
2183
2986
2937
2134
1151
1042
1832
2773
3008
2396
1644
1043
1293
2330
3142
2809
1818
1118
1181
1945
2651
3016
2500
1507
940
1486
2529
3116
2760
1881
1269
1207
1936
2809
3067
2258
1343
1083
1656
2517
2932
2735
1876
1122
1122
2137
2950
2973
2221
1275
1119
1664
2586
3095
2762
1756
1041
1305
2209
3020
2898
2112
1319
1122
1700
2669
3059
2588
1657
1037
1353
2181
2947
2888
2160
1201
1073
1847
2748
3054
2409
1540
1056
1480
2312
3022
2887
1969
1086
1032
1948
2856
2978
2300
1561
1084
1420
2439
3099
2766
1812
1155
1228
1998
2763
2984
2304
1323
999
1586
2571
2963
2572
1701
1165
1246
1957
2838
2977
2228
1247
1085
1696
2639
2966
2560
1757
1103
1218
2136
2994
2930
2124
1238
1125
1730
2626
3030
2569
1625
1032
1363
2263
3059
2875
1955
1165
1189
1894
2716
3047
2430
1524
970
1384
2384
2992
2774
1902
1132
1147
2018
2787
3040
2385
1446
1093
1585
2507
3064
2789
1778
1092
1172
2086
2858
2932
2248
1337
1052
1624
2625
3048
2701
1765
1101
1231
2134
2955
2937
2176
1221
1071
1750
2693
3018
2564
1635
1090
1390
2198
2974
2896
2146
1251
1033
1758
2781
3091
2422
1547
1080
1402
2283
3004
2779
1920
1145
1102
1868
2712
3056
2438
1531
989
1484
2466
3012
2711
1863
1235
1123
1893
2827
3050
2268
1330
972
1518
2564
3096
2800
1821
1108
1218
2080
2842
3000
2351
1336
1024
1600
2600
2998
2604
1694
1126
1290
2048
2965
2964
2090
1234
1124
1731
2690
3105
2624
1670
993
1304
2302
3038
2826
2041
1167
1082
1832
2730
3079
2500
1534
1012
1435
2355
3094
2829
1867
1125
1226
1948
2784
3031
2322
1417
959
1448
2450
3031
2732
1869
1206
1133
2000
2847
3043
2288
1296
1057
1655
2552
2996
2711
1744
1103
1227
2092
2976
2947
2191
1305
1106
1625
2653
3091
2587
1645
1042
1284
2198
2984
2872
2163
1297
1055
1686
2661
3093
2527
1501
978
1395
2250
3028
2952
2080
1165
1078
1863
2814
3080
2372
1539
1027
1387
2340
2990
2796
1883
1142
1156
1982
2750
2988
2433
1512
979
1469
2548
3105
2734
1754
1155
1246
2012
2827
2993
2246
1312
1057
1595
2614
3035
2687
1795
1130
1200
2087
2925
2928
2147
1223
1089
1726
2619
2947
2541
1677
1022
1266
2183
3050
2899
2029
1215
1121
1799
2679
3014
2480
1611
982
1350
2360
2995
2784
2024
1215
1043
1836
2791
3139
2451
1491
998
1511
2446
3036
2777
1848
1189
1200
2022
2790
2940
2297
1474
1064
1505
2518
3070
2709
1802
1136
1217
2158
2909
2928
2206
1340
1120
1687
2574
2986
2672
1678
1037
1272
2183
2949
2847
2185
1299
1096
1682
2712
3065
2564
1684
1001
1348
2325
3070
2816
2037
1229
1094
1829
2713
3022
2437
1529
1052
1470
2347
3070
2808
1964
1247
1135
1912
2831
3043
2357
1500
1038
1470
2459
3018
2826
1928
1102
1066
2027
2915
2989
2256
1378
1073
1612
2542
3049
2708
1710
1116
1260
2056
2898
2971
2194
1242
1123
1719
2629
2982
2646
1754
1090
1230
2186
3009
2886
2100
1163
1113
1772
2615
2984
2520
1578
983
1432
2341
3037
2822
2047
1251
1109
1860
2800
3026
2346
1489
1015
1430
2316
2953
2834
1993
1196
1111
1973
2846
3050
2339
1471
1073
1533
2501
3034
2758
1784
1143
1234
2059
2859
2924
2183
1381
1086
1531
2561
3056
2703
1728
1107
1283
2168
2908
2970
2280
1225
997
1733
2734
3027
2469
1621
1129
1324
2190
3072
2909
2038
1235
1128
1793
2701
3041
2529
1648
1011
1343
2295
3018
2825
2023
1178
1057
1898
2776
3083
2433
1522
1021
1514
2446
3093
2841
1843
1206
1225
2018
2867
3034
2320
1407
1036
1571
2543
3014
2696
1793
1113
1210
2099
2899
3043
2302
1295
1038
1618
2572
3060
2763
1753
1054
1261
2165
2944
2871
2171
1321
1095
1681
2719
3108
2560
1662
1010
1369
2296
2973
2773
2018
1191
1055
1814
2718
2993
2459
1557
1027
1404
2262
3014
2905
1973
1060
1089
1963
2820
3001
2326
1534
985
1423
2490
3059
2790
1824
1126
1201
2066
2873
2989
2349
1405
1037
1571
2497
2988
2671
1716
1071
1167
2071
2964
2962
2238
1298
1051
1657
2712
3035
2560
1705
1097
1264
2199
3045
2911
2073
1169
1100
1732
2623
3031
2591
1520
877
1444
2358
3009
2837
2015
1220
1052
1769
2767
3117
2460
1549
1020
1448
2436
3038
2817
1964
1192
1127
2051
2931
3074
2325
1440
1126
1548
2441
3005
2769
1799
1165
1207
2033
2916
2965
2148
1291
1075
1572
2576
3083
2692
1678
1076
1303
2231
2942
2920
2214
1310
1098
1649
2676
3103
2539
1622
1175
1422
2112
3032
3016
2085
1201
1168
1833
2684
2982
2494
1666
968
1331
2334
3030
2792
1969
1247
1197
1934
2727
3076
2485
1514
984
1504
2470
3062
2759
1838
1221
1216
1954
2819
3062
2338
1442
1086
1546
2495
2981
2737
1871
1123
1136
2028
2933
3013
2232
1319
1106
1642
2525
3018
2704
1650
1010
1314
2236
3015
2877
2173
1342
1095
1683
2698
3050
2499
1582
1024
1381
2257
2960
2825
2115
1224
1072
1837
2740
3087
2479
1494
975
1471
2309
2940
2783
1974
1169
1062
1859
2769
3033
2281
1432
1015
1443
2447
3063
2768
1828
1097
1164
2067
2853
2968
2315
1400
988
1479
2532
3062
2696
1699
1092
1211
2053
2905
2986
2187
1295
1118
1638
2643
3057
2604
1683
1063
1309
2254
3035
2905
2161
1247
1043
1673
2699
3107
2499
1560
1039
1367
2248
2996
2833
1973
1204
1151
1832
2769
3055
2395
1494
1012
1462
2435
2983
2712
1938
1209
1143
1981
2882
3099
2403
1495
1033
1521
2535
3050
2722
1715
1107
1200
2052
2838
2897
2247
1395
1017
1508
2605
3104
2737
1763
1111
1237
2081
2926
2950
2197
1250
1086
1710
2612
2986
2625
1707
1044
1299
2231
3031
2833
2034
1260
1191
1822
2684
3001
2480
1637
1005
1321
2270
2999
2818
2000
1167
1066
1906
2778
3028
2367
1530
1054
1450
2364
3058
2811
1860
1193
1131
1955
2850
3008
2208
1334
1043
1570
2588
3042
2677
1785
1124
1203
2166
2914
2929
2259
1341
1050
1590
2575
3044
2689
1727
1030
1319
2208
2979
2893
2187
1326
1024
1636
2707
3119
2597
1678
1068
1386
2266
2990
2831
2071
1226
1085
1848
2787
3055
2425
1560
1047
1457
2336
3059
2834
1948
1160
1095
1915
2858
3084
2393
1520
1041
1441
2421
3049
2753
1778
1064
1241
2132
2800
2943
2373
1461
1031
1512
2549
3083
2669
1684
1145
1274
2053
2894
2969
2189
1197
1035
1692
2682
3008
2593
1751
1106
1267
2196
3042
2954
2129
1156
1075
1774
2672
3025
2566
1623
973
1360
2345
3084
2746
1952
1248
1155
1802
2759
3108
2420
1469
1009
1467
2353
2954
2839
2005
1144
1043
2015
2872
3049
2291
1431
1117
1515
2420
3046
2756
1780
1139
1187
1986
2831
2978
2247
1393
1072
1508
2638
3132
2691
1663
1066
1334
2180
2856
2872
2270
1298
979
1623
2633
3075
2575
1633
1071
1319
2193
3023
2933
2109
1198
1082
1842
2740
3001
2495
1638
1007
1366
2310
3013
2790
1909
1160
1131
1864
2673
3092
2481
1498
1017
1527
2461
3069
2809
1850
1173
1180
1978
2833
3024
2300
1364
982
1562
2628
3040
2606
1732
1166
1246
2119
2896
2944
2260
1351
1086
1628
2571
3019
2672
1691
1044
1341
2212
2933
2887
2221
1325
1050
1673
2719
3123
2588
1647
977
1268
2252
2994
2772
2040
1213
1027
1787
2811
3122
2411
1491
1066
1472
2262
3022
2899
1915
1090
1136
1976
2866
3025
2262
1456
1035
1458
2458
3059
2716
1783
1111
1187
2010
2783
3020
2355
1370
1000
1611
2617
3027
2607
1668
1168
1254
2022
2904
3011
2221
1262
1141
1747
2631
2945
2603
1786
1053
1219
2147
2984
2899
2176
1264
1080
1700
2680
3068
2481
1551
1047
1413
2284
3013
2841
2029
1201
1060
1788
2795
3119
2396
1472
999
1472
2391
3044
2830
1954
1169
1115
2034
2869
3045
2358
1516
1062
1491
2453
3077
2830
1730
1019
1181
2112
2886
2890
2222
1397
1118
1556
2560
3008
2663
1724
1076
1235
2166
2946
2944
2254
1278
996
1655
2705
3046
2521
1569
1077
1378
2156
2954
2882
2119
1198
1040
1755
2729
3068
2450
1645
1050
1332
2322
3035
2804
1932
1090
1100
2003
2757
3009
2435
1501
989
1521
2474
3103
2790
1888
1225
1190
1962
2823
3046
2232
1316
1037
1550
2523
3005
2764
1837
1100
1146
2084
2911
2957
2194
1297
1116
1709
2590
3030
2703
1720
1044
1295
2164
2977
2883
2101
1300
1128
1680
2693
3113
2528
1590
1037
1408
2307
2976
2819
2109
1212
1074
1871
2783
3052
2460
1617
1082
1439
2319
3022
2836
1970
1156
1131
1975
2872
3082
2329
1494
1045
1508
2437
2972
2729
1851
1169
1184
2009
2803
2967
2362
1450
1028
1517
2540
3086
2700
1731
1140
1256
2056
2905
3006
2262
1290
1073
1667
2665
3052
2698
1772
1048
1264
2193
2998
2920
2126
1230
1096
1707
2670
3069
2567
1602
988
1374
2277
2991
2800
2065
1295
1122
1769
2679
3055
2456
1573
1063
1466
2378
3021
2806
1910
1147
1153
2039
2873
3046
2337
1449
1026
1560
2501
3050
2770
1830
1115
1135
2067
2877
2931
2235
1334
1076
1601
2591
2989
2692
1795
1072
1216
2209
2997
2906
2136
1253
1086
1695
2625
3041
2627
1607
990
1323
2243
3023
2848
2058
1256
1141
1801
2767
3086
2405
1535
1011
1406
2317
2973
2787
1970
1158
1109
1989
2815
3015
2346
1507
1042
1482
2376
3016
2835
1917
1142
1094
1986
2865
3035
2282
1361
1026
1537
2549
3066
2722
1772
1173
1251
2116
2905
3001
2292
1324
1057
1655
2624
3071
2660
1686
1075
1339
2170
2948
2921
2180
1295
1119
1757
2718
3029
2517
1668
1054
1295
2226
3037
2812
1999
1211
1100
1763
2632
3021
2472
1558
1000
1418
2314
3037
2834
1918
1130
1136
1859
2722
3055
2407
1432
950
1473
2508
3003
2737
1885
1114
1133
2038
2840
3048
2365
1443
1052
1541
2511
3058
2764
1685
1053
1232
2123
2916
2863
2122
1301
1122
1646
2696
3069
2488
1613
1137
1383
2170
2929
2898
2190
1185
1004
1722
2728
3050
2457
1543
1060
1373
2231
3088
2878
1948
1146
1160
1896
2757
2968
2422
1582
997
1386
2349
3022
2849
1933
1129
1145
1985
2738
2993
2394
1471
1020
1474
2426
3119
2820
1781
1098
1168
2019
2828
2929
2235
1352
1044
1567
2618
3001
2598
1757
1176
1212
2097
2921
2964
2252
1236
1007
1703
2641
2981
2596
1730
1020
1290
2244
3055
2876
2072
1262
1179
1796
2718
3039
2425
1579
1074
1399
2282
2959
2760
1974
1201
1101
1953
2777
3029
2362
1446
1002
1506
2400
3071
2875
1892
1121
1148
2056
2890
2980
2231
1441
1064
1478
2546
3092
2698
1737
1154
1251
2128
2903
2944
2278
1356
1024
1607
2626
3052
2665
1701
1100
1303
2143
2974
2915
2120
1281
1081
1729
2692
3049
2601
1658
1011
1403
2326
2983
2736
2059
1226
1040
1761
2697
3060
2455
1505
984
1437
2312
3005
2806
1965
1190
1082
1895
2785
3027
2370
1524
1011
1446
2502
3056
2683
1827
1181
1164
2022
2846
2969
2246
1358
1083
1612
2460
2966
2731
1783
1109
1210
2110
2988
2998
2255
1281
990
1577
2717
3121
2654
1706
1048
1302
2247
2960
2821
2129
1239
1107
1753
2684
3028
2544
1646
1010
1365
2308
3103
2907
2022
1212
1105
1823
2792
3058
2331
1448
1033
1499
2431
3008
2706
1882
1185
1113
1913
2760
3059
2387
1476
1032
1445
2437
3058
2797
1810
1130
1203
2025
2844
2984
2236
1317
1047
1580
2592
3054
2678
1729
1077
1235
2182
2984
2948
2181
1317
1131
1683
2670
3094
2561
1643
1114
1306
2120
3029
2934
2056
1202
1093
1765
2726
3035
2406
1535
1012
1336
2254
3035
2845
1928
1093
1138
1955
2729
3006
2412
1561
987
1449
2427
3089
2825
1879
1177
1143
1955
2893
3105
2235
1307
1059
1599
2502
2970
2740
1840
1089
1151
2126
2901
2959
2290
1285
994
1608
2609
3035
2658
1666
991
1258
2193
2968
2865
2142
1297
1084
1709
2753
3124
2573
1648
1026
1338
2265
2995
2821
2033
1172
1085
1891
2733
2998
2460
1549
1024
1457
2319
3007
2839
1983
1157
1101
1945
2824
2983
2317
1556
1038
1408
2418
3028
2776
1865
1192
1245
2032
2788
3022
2392
1436
1023
1534
2563
3057
2644
1718
1173
1272
2038
2873
2975
2216
1283
1122
1705
2666
2966
2636
1807
1075
1222
2157
3016
2879
2055
1146
1079
1822
2690
3001
2548
1640
1005
1319
2272
3042
2819
1975
1255
1193
1829
2727
3089
2420
1505
1029
1496
2389
2964
2797
1986
1203
1077
1961
2855
3063
2320
1398
1091
1558
2416
2970
2801
1787
1061
1186
2051
2852
2983
2268
1366
994
1522
2625
3060
2707
1724
1023
1227
2208
2932
2920
2229
1240
979
1623
2684
3046
2525
1625
1047
1338
2216
2996
2878
2103
1269
1092
1764
2720
3019
2456
1637
1029
1350
2307
3033
2814
1956
1186
1161
1939
2734
3021
2424
1548
1035
1495
2439
3033
2752
1941
1276
1177
1961
2853
3044
2291
1407
1034
1544
2532
3018
2727
1810
1138
1231
2062
2846
3003
2237
1273
1044
1685
2656
3015
2595
1644
1085
1309
2137
2993
2990
2224
1260
1084
1770
2757
3039
2531
1637
1046
1396
2248
2952
2816
2059
1163
1005
1777
2743
3053
2436
1474
1014
1537
2347
2993
2892
1973
1101
1094
1968
2810
2999
2375
1526
995
1495
2535
3044
2679
1791
1133
1220
2101
2850
2934
2251
1371
1092
1563
2481
2980
2675
1731
1080
1180
2080
2939
2969
2163
1196
1104
1733
2717
2960
2584
1800
1079
1240
2231
3035
2868
2140
1208
1037
1761
2735
3070
2479
1555
1024
1409
2254
2998
2792
1953
1174
1114
1822
2779
3083
2391
1499
997
1430
2403
2983
2785
1975
1143
1070
1973
2854
3092
2396
1425
1011
1514
2474
3031
2785
1817
1089
1102
2011
2910
3001
2162
1313
1080
1540
2539
3031
2722
1753
1071
1249
2175
2952
2882
2183
1253
1080
1723
2630
3005
2564
1635
1076
1333
2225
3061
2908
2041
1192
1087
1788
2739
3077
2488
1545
995
1409
2325
3018
2785
1947
1175
1144
1907
2725
3056
2423
1477
995
1529
2446
3010
2762
1852
1192
1213
2005
2783
2966
2286
1410
1039
1512
2445
3003
2748
1773
1118
1240
2147
2866
2870
2255
1317
1020
1630
2575
2997
2648
1689
1026
1242
2134
2983
2893
2114
1276
1138
1704
2697
3063
2601
1711
1060
1411
2291
2997
2890
2079
1212
1116
1864
2761
3047
2429
1541
1025
1411
2329
3108
2851
1905
1234
1197
1886
2785
3120
2386
1452
1037
1524
2471
2990
2735
1927
1193
1146
2040
2921
3036
2217
1375
1100
1567
2520
3084
2713
1688
1168
1254
1966
2910
3057
2201
1244
1105
1670
2647
3046
2640
1707
1013
1274
2210
2927
2834
2147
1256
1093
1829
2745
3029
2487
1609
1070
1385
2225
3058
2922
2024
1208
1188
1859
2711
3046
2431
1526
1031
1395
2351
2976
2758
1890
1176
1168
1984
2773
3029
2350
1440
1089
1594
2492
3053
2809
1794
1109
1211
2081
2899
2981
2260
1387
1094
1579
2618
3007
2621
1751
1132
1251
2153
2960
2920
2172
1334
1111
1630
2587
3041
2640
1687
1066
1317
2198
3077
2934
2066
1222
1143
1827
2743
3064
2448
1573
982
1343
2333
3075
2846
1998
1212
1119
1868
2741
3087
2410
1501
1025
1535
2382
2973
2779
1895
1176
1147
2025
2788
2929
2280
1429
1080
1521
2500
3043
2740
1793
1118
1224
2081
2878
2997
2233
1256
1072
1672
2543
3019
2689
1702
1023
1204
2106
3002
2940
2156
1300
1114
1701
2695
3089
2601
1710
1009
1291
2232
3018
2870
2058
1189
1077
1862
2746
3045
2456
1529
1001
1419
2364
3049
2777
1917
1191
1151
1904
2821
3071
2326
1458
982
1447
2477
3019
2714
1827
1158
1186
2053
2888
3024
2299
1383
1072
1583
2543
3061
2727
1704
1073
1232
2106
2927
2937
2243
1310
1112
1703
2674
3017
2579
1713
1096
1371
2212
2934
2892
2170
1226
1100
1767
2642
3056
2599
1604
1026
1406
2243
2994
2853
2022
1176
1046
1816
2768
3016
2404
1548
998
1376
2399
3039
2753
1899
1233
1126
1956
2811
3049
2365
1422
1102
1615
2451
2950
2781
1864
1103
1172
2083
2892
2934
2208
1386
1069
1529
2624
3119
2679
1705
1123
1292
2157
2960
3025
2225
1205
1026
1729
2644
2995
2597
1643
1062
1353
2181
3014
2910
2105
1234
1116
1795
2708
3050
2495
1639
1042
1371
2357
3064
2805
1948
1188
1147
1935
2740
3060
2455
1563
1014
1502
2410
2975
2732
1845
1230
1220
1984
2818
3059
2292
1320
989
1544
2528
3020
2685
1780
1143
1190
2072
2921
3006
2199
1252
1120
1679
2528
3019
2726
1671
988
1291
2219
3040
2914
2159
1351
1127
1663
2745
3148
2577
1624
1023
1405
2263
2960
2879
2086
1163
1065
1867
2792
3035
2378
1497
1109
1538
2335
2986
2806
1983
1143
1081
1956
2810
2964
2319
1517
991
1434
2439
2997
2784
1908
1197
1174
2029
2803
2963
2321
1342
973
1527
2581
3087
2649
1672
1114
1217
1994
2891
3058
2241
1191
1032
1715
2696
2974
2589
1757
1084
1269
2180
2986
2900
2128
1214
1070
1722
2663
3074
2572
1555
952
1367
2269
3016
2823
1996
1239
1145
1823
2747
3101
2442
1475
966
1464
2480
2996
2726
1976
1221
1064
2006
2900
3012
2269
1346
1089
1587
2424
2995
2825
1814
1040
1112
2117
2893
2936
2252
1341
1031
1551
2608
3002
2635
1750
1136
1287
2140
2877
2889
2240
1257
1018
1711
2702
3067
2568
1621
1053
1360
2268
2998
2836
2087
1252
1109
1796
2742
3042
2436
1581
1039
1351
2287
2993
2785
1932
1219
1122
1830
2737
3141
2483
1478
971
1517
2459
3040
2743
1898
1250
1148
1930
2808
3016
2257
1363
1024
1509
2511
3054
2740
1792
1177
1244
2061
2869
2988
2273
1316
1033
1606
2599
3008
2605
1684
1045
1253
2127
2959
2869
2090
1258
1174
1763
2705
3053
2582
1689
965
1264
2268
3022
2845
2015
1173
1067
1839
2731
3017
2404
1538
1014
1433
2347
3069
2801
1955
1204
1135
1909
2785
3004
2316
1507
989
1418
2458
3047
2775
1816
1106
1213
2076
2776
2963
2362
1375
987
1532
2581
3097
2686
1657
1105
1232
2040
2914
3031
2258
1258
1075
1680
2666
3041
2677
1772
1039
1243
2206
2974
2819
2083
1237
1138
1751
2666
3065
2521
1537
1014
1428
2290
2997
2814
2071
1249
1066
1795
2760
3099
2428
1510
988
1400
2402
3008
2780
1950
1129
1086
1997
2925
3130
2359
1386
1024
1499
2455
3043
2810
1802
1118
1122
2014
2956
2994
2136
1302
1105
1580
2616
3116
2671
1684
1066
1279
2138
2853
2893
2246
1269
1014
1676
2672
3065
2510
1564
1112
1425
2174
3009
2968
2098
1209
1130
1817
2755
3064
2473
1617
1020
1381
2298
2938
2764
2039
1201
1106
1912
2811
3065
2407
1555
1047
1481
2452
3024
2702
1762
1197
1193
1972
2886
3037
2251
1355
1038
1600
2549
2936
2640
1822
1118
1109
2081
2936
2938
2234
1343
1054
1594
2601
3056
2625
1649
1013
1255
2142
2988
2918
2132
1313
1156
1714
2711
3096
2559
1613
1007
1345
2226
2944
2826
2094
1184
1040
1834
2753
3082
2440
1445
944
1423
2358
3069
2795
1914
1163
1157
1931
2757
3000
2375
1540
1061
1423
2400
3016
2762
1859
1124
1173
2060
2870
3037
2297
1322
1039
1667
2626
3036
2640
1687
1153
1290
2077
2877
2959
2230
1242
1035
1643
2678
3071
2671
1714
991
1223
2157
2940
2934
2188
1175
1031
1753
2710
2991
2453
1582
1027
1376
2250
3003
2850
2049
1241
1087
1838
2790
3052
2375
1541
1022
1427
2409
2998
2768
1961
1158
1067
1974
2824
3036
2367
1406
988
1479
2506
3130
2751
1666
1082
1215
1954
2825
3025
2244
1302
1030
1607
2635
3058
2722
1747
1124
1311
2149
2877
2935
2228
1219
1048
1690
2622
3065
2617
1694
1061
1287
2186
3028
2897
2111
1264
1089
1792
2741
3050
2501
1656
1040
1332
2279
2988
2823
2038
1130
1040
1941
2782
3016
2371
1521
1057
1539
2426
3069
2791
1802
1120
1129
1968
2805
2963
2288
1417
1084
1519
2513
3040
2742
1797
1047
1164
2112
2918
3018
2327
1325
1016
1661
2610
3077
2713
1654
1074
1338
2145
2957
2912
2183
1252
1104
1732
2724
3053
2494
1637
1045
1360
2306
3007
2809
2043
1267
1141
1770
2637
3028
2477
1559
1065
1523
2325
3001
2811
1926
1153
1159
1961
2786
3061
2376
1466
997
1477
2450
2984
2727
1834
1156
1162
2025
2853
2990
2318
1378
1061
1560
2521
3042
2698
1773
1068
1104
2042
2976
2950
2220
1319
1079
1635
2685
3035
2582
1726
1062
1247
2207
3026
2894
2096
1150
1030
1723
2651
3040
2527
1580
1014
1381
2250
2959
2791
2033
1227
1062
1790
2784
3068
2402
1537
1035
1398
2352
3033
2805
1903
1182
1179
2011
2804
3042
2367
1413
1020
1534
2471
3029
2726
1772
1160
1141
1977
2899
3015
2267
1346
1031
1592
2614
3083
2722
1757
1067
1267
2239
2983
2861
2179
1350
1076
1670
2655
2972
2516
1619
1077
1344
2208
3077
2950
2085
1228
1159
1804
2655
2968
2455
1604
1040
1368
2312
3015
2825
1972
1173
1124
1919
2771
3110
2395
1504
1044
1558
2489
3041
2797
1868
1161
1189
1985
2824
2997
2296
1404
1037
1564
2586
3055
2661
1729
1117
1243
2140
2888
2949
2238
1315
1081
1621
2540
3027
2710
1669
939
1205
2157
3021
2893
2139
1328
1096
1684
2740
3111
2537
1592
1059
1398
2214
2969
2838
2036
1145
1028
1795
2740
3101
2416
1461
1022
1498
2370
3094
2827
1875
1144
1185
1945
2803
3035
2347
1515
1035
1447
2460
3056
2768
1775
1130
1235
2071
2814
3030
2336
1374
1042
1609
2544
3017
2734
1706
1090
1290
2104
2913
2948
2166
1252
1098
1688
2668
3025
2628
1722
1033
1284
2239
2978
2825
2158
1280
1115
1749
2667
3018
2527
1633
986
1314
2253
3073
2871
1999
1216
1123
1809
2773
3097
2422
1469
989
1465
2415
2997
2788
1969
1141
1068
1925
2800
3072
2346
1391
1023
1551
2463
2982
2767
1829
1105
1104
1989
2914
3009
2224
1314
1045
1587
2628
3001
2660
1750
1097
1245
2178
2953
2920
2188
1266
1080
1699
2630
3003
2590
1649
1052
1378
2207
3004
2902
2131
1267
1155
1816
2713
3033
2430
1598
1050
1361
2342
3027
2790
1948
1209
1186
1935
2716
2972
2433
1572
1011
1464
2453
3102
2837
1837
1148
1174
2051
2857
3043
2331
1401
1051
1554
2544
3030
2745
1852
1129
1177
2074
2872
2984
2232
1257
1020
1631
2594
3079
2688
1695
1052
1293
2188
3003
2912
2147
1300
1128
1688
2714
3090
2521
1603
1067
1427
2279
3036
2860
2073
1165
1033
1814
2732
3069
2476
1546
1038
1446
2289
3066
2891
1958
1186
1110
1938
2875
3030
2280
1474
1039
1475
2441
2977
2746
1861
1141
1151
2003
2861
3053
2334
1362
1025
1576
2549
2978
2585
1666
1149
1221
1983
2887
3039
2268
1298
1094
1683
2680
3027
2625
1742
1104
1295
2206
3021
2944
2144
1224
1102
1745
2677
3077
2618
1614
1011
1429
2302
3044
2838
2028
1254
1111
1828
2749
3107
2446
1501
934
1399
2475
3046
2776
1976
1177
1003
1894
2876
3101
2333
1398
1062
1592
2469
2970
2744
1785
1069
1219
2091
2839
2932
2256
1402
1043
1521
2621
3101
2647
1685
1153
1305
2151
2948
2989
2235
1243
1046
1668
2636
3044
2618
1636
1046
1354
2187
3051
2967
2115
1195
1131
1808
2685
3075
2594
1632
939
1355
2430
3014
2685
1936
1227
1113
1897
2733
3061
2431
1515
1035
1500
2391
3082
2824
1806
1149
1148
1942
2852
3067
2265
1296
998
1621
2555
2949
2716
1839
1085
1158
2086
2918
2990
2212
1357
1100
1577
2546
3033
2694
1719
1039
1280
2169
2966
2912
2252
1378
1092
1678
2718
3067
2527
1641
1017
1320
2239
2991
2816
2079
1218
1064
1840
2752
3072
2445
1498
998
1470
2322
3037
2899
1925
1123
1145
1915
2764
3031
2395
1514
1023
1482
2466
3028
2703
1840
1181
1167
2020
2871
3082
2326
1311
991
1583
2577
3001
2647
1698
1113
1242
2064
2968
2975
2161
1275
1128
1639
2652
3092
2623
1662
1078
1341
2227
2949
2777
2063
1198
1072
1744
2677
3056
2542
1587
996
1407
2326
3010
2809
2022
1222
1122
1813
2782
3122
2388
1474
1021
1521
2444
2980
2787
1967
1155
1123
2013
2854
3043
2392
1429
1021
1564
2497
3029
2718
1784
1160
1154
2020
2935
3001
2198
1392
1052
1507
2653
3131
2671
1677
1177
1349
2117
2875
2903
2217
1245
1066
1677
2654
3048
2567
1620
1056
1296
2112
2964
2959
2129
1164
1043
1811
2743
3019
2479
1648
1009
1310
2316
3105
2855
1939
1187
1146
1931
2746
3084
2447
1469
981
1505
2418
2993
2821
1908
1129
1147
2014
2849
2996
2308
1402
1012
1517
2545
3076
2771
1806
1124
1246
2134
2888
2956
2262
1304
1072
1623
2537
3062
2707
1649
989
1281
2156
3003
2951
2172
1322
1135
1717
2696
3100
2632
1636
991
1400
2332
3004
2846
2086
1151
1073
1827
2676
3011
2420
1569
1083
1504
2344
3034
2871
1949
1176
1093
1820
2750
3053
2396
1526
1023
1443
2447
3075
2780
1844
1108
1159
2051
2893
3040
2280
1286
1043
1621
2531
3032
2728
1724
1073
1192
2072
2924
2917
2181
1294
1087
1690
2647
3016
2684
1755
1048
1283
2222
2957
2884
2226
1269
1061
1708
2691
3089
2533
1601
1063
1412
2234
3016
2913
2061
1139
1085
1912
2761
2994
2394
1536
990
1403
2409
3082
2793
1873
1134
1145
2054
2817
3017
2361
1494
1101
1499
2437
3012
2726
1784
1152
1205
1944
2853
3079
2309
1290
974
1613
2676
3029
2660
1747
1066
1208
2227
3022
2942
2174
1292
1093
1690
2626
3048
2575
1552
983
1350
2221
2970
2817
2079
1304
1098
1738
2747
3071
2438
1623
1089
1399
2311
3067
2904
1980
1126
1163
1961
2737
3025
2444
1523
1036
1533
2388
3016
2798
1875
1152
1169
2013
2875
2987
2150
1374
1119
1543
2477
3010
2723
1754
1133
1276
2145
2834
2925
2297
1293
1013
1654
2634
3038
2610
1642
1067
1299
2092
2920
2948
2176
1255
1048
1701
2723
3053
2519
1669
1040
1327
2348
3042
2768
2012
1223
1164
1805
2648
3046
2459
1570
1002
1405
2317
3041
2784
1855
1166
1179
1913
2749
3029
2347
1428
994
1524
2500
2989
2720
1877
1133
1121
2055
2908
2953
2217
1418
1107
1531
2501
3120
2802
1701
1065
1263
2123
2899
2878
2195
1326
1113
1654
2722
3069
2637
1712
1046
1308
2260
2962
2852
2181
1306
1073
1678
2732
3080
2440
1531
1031
1417
2272
3038
2823
2011
1247
1129
1823
2771
3129
2385
1476
1052
1450
2375
3054
2817
1914
1148
1179
1991
2702
3035
2484
1462
958
1503
2483
3022
2739
1785
1169
1222
2031
2849
2931
2258
1340
1011
1597
2669
3038
2622
1727
1102
1199
2138
3035
2993
2155
1185
1103
1751
2564
2974
2636
1657
1010
1307
2240
3001
2862
2117
1254
1128
1779
2703
3041
2497
1545
942
1371
2326
2965
2822
2035
1123
1071
1988
2796
3008
2362
1507
1053
1462
2392
3077
2831
1878
1174
1100
1954
2856
3040
2272
1401
1032
1461
2490
3073
2789
1779
1114
1249
2126
2840
2932
2267
1287
1010
1660
2616
3002
2608
1672
1107
1316
2115
2933
2941
2184
1231
1080
1747
2683
3030
2534
1654
1032
1339
2258
3051
2854
1966
1151
1133
1833
2619
2981
2509
1596
1004
1444
2331
3019
2819
1971
1199
1149
1890
2759
3097
2388
1430
949
1523
2546
2977
2674
1913
1177
1082
1979
2876
2996
2267
1368
1061
1539
2514
3079
2753
1717
1074
1239
2128
2971
2931
2222
1359
1006
1542
2663
3087
2560
1611
1083
1371
2228
2933
2924
2214
1271
1046
1686
2704
3055
2494
1588
1105
1445
2277
3019
2913
2085
1154
1111
1908
2820
3036
2376
1548
1059
1439
2365
2995
2748
1890
1169
1214
2050
2763
3018
2462
1537
1047
1467
2480
3109
2820
1769
1076
1169
2111
2859
2907
2281
1400
1009
1532
2655
3088
2676
1687
1057
1281
2237
2959
2903
2193
1290
1140
1684
2586
3020
2641
1657
1021
1339
2236
3045
2876
2128
1245
1022
1749
2778
3091
2446
1558
1009
1417
2376
3023
2850
2016
1132
1142
2039
2798
2998
2438
1543
1028
1558
2476
3030
2760
1873
1157
1101
1996
2902
3045
2228
1339
1039
1552
2548
2999
2684
1822
1122
1170
2191
2999
2979
2225
1358
1153
1679
2562
3051
2733
1699
1026
1308
2170
2912
2819
2157
1345
1145
1657
2677
3073
2561
1620
1021
1378
2230
2954
2865
2104
1192
996
1812
2777
3094
2462
1501
1002
1440
2316
3084
2910
1946
1100
1106
1944
2838
3016
2317
1555
1058
1414
2402
3063
2823
1780
1079
1171
2008
2805
3014
2382
1398
1036
1588
2529
3021
2743
1697
1019
1272
2163
2913
2926
2280
1393
1080
1616
2689
3104
2603
1673
1048
1333
2190
2904
2893
2158
1245
1084
1704
2652
3016
2526
1583
1039
1416
2228
3001
2896
2005
1180
1159
1858
2781
3110
2477
1521
991
1511
2469
3054
2763
1928
1195
1114
2029
2837
3004
2375
1504
1048
1505
2529
3063
2732
1791
1210
1224
1932
2860
3124
2300
1305
1063
1628
2638
3071
2668
1713
1071
1257
2218
2998
2933
2152
1230
1082
1672
2627
3074
2668
1669
1002
1318
2248
3043
2877
2037
1255
1143
1783
2681
3026
2472
1592
1037
1431
2340
2986
2790
2018
1195
1108
1914
2736
3055
2408
1444
1008
1529
2412
3017
2827
1870
1166
1148
1961
2793
2952
2278
1370
1020
1535
2503
3044
2731
1814
1136
1190
2127
2921
2992
2272
1297
1080
1657
2618
3083
2722
1672
1041
1310
2174
2982
2935
2194
1320
1122
1672
2651
3024
2579
1687
968
1292
2326
3041
2789
2042
1165
1001
1805
2768
3074
2420
1536
1070
1511
2336
3042
2866
1930
1146
1107
1956
2843
2981
2253
1527
1085
1407
2394
3070
2814
1827
1109
1263
2108
2812
2965
2326
1402
998
1526
2555
3069
2672
1651
1079
1262
2083
2941
2985
2234
1265
1086
1687
2700
3033
2581
1688
1063
1280
2200
3013
2839
2035
1204
1098
1719
2659
3031
2538
1595
1018
1339
2233
3005
2797
2012
1217
1099
1821
2776
3116
2417
1512
1058
1437
2335
2966
2807
1934
1193
1190
2007
2780
3021
2429
1451
975
1478
2486
3059
2741
1753
1146
1231
2033
2843
2990
2227
1298
1012
1575
2610
3015
2574
1627
1119
1269
2136
2914
2936
2193
1264
1085
1697
2645
3020
2583
1640
1054
1363
2233
2985
2854
2080
1245
1085
1744
2767
3094
2428
1544
1005
1387
2334
3015
2805
1925
1143
1122
1900
2738
3020
2402
1516
1057
1573
2382
3027
2886
1903
1112
1118
2044
2783
2853
2257
1473
1017
1420
2547
3089
2712
1775
1120
1189
2060
2889
2959
2278
1260
950
1627
2678
3054
2569
1657
1134
1325
2140
2921
2905
2202
1271
1025
1710
2749
3011
2474
1649
1045
1280
2186
2999
2851
2037
1170
1077
1827
2692
3082
2491
1493
987
1520
2385
2982
2818
2014
1243
1186
1877
2746
3073
2387
1402
1014
1565
2542
2962
2627
1867
1224
1111
2001
2973
3044
2201
1327
1125
1643
2498
2984
2748
1772
1075
1215
2051
2840
2944
2326
1362
1080
1594
2611
3087
2641
1648
1023
1326
2256
2963
2862
2169
1174
1019
1768
2766
3055
2490
1583
1078
1457
2228
3009
2910
1988
1170
1114
1867
2732
3055
2528
1615
992
1391
2463
3085
2786
1916
1126
1136
2034
2785
2972
2368
1461
1035
1512
2517
3059
2728
1792
1177
1212
2022
2893
3003
2213
1270
994
1572
2638
3015
2670
1765
1120
1249
2179
2966
2879
2163
1310
1117
1707
2634
3016
2582
1635
1023
1401
2272
2951
2815
2113
1312
1120
1713
2734
3114
2500
1535
968
1415
2323
2943
2828
2038
1169
1050
1876
2749
3067
2395
1507
1058
1509
2372
3042
2864
1904
1151
1096
1958
2837
2990
2263
1443
1068
1466
2458
3074
2822
1766
1077
1233
2106
2898
2995
2292
1336
1051
1604
2525
3045
2655
1656
1047
1327
2208
2959
2870
2166
1245
1072
1733
2772
3076
2504
1650
1026
1324
2237
2979
2841
2073
1238
1069
1777
2753
3085
2443
1537
1072
1504
2311
3052
2898
1993
1183
1185
1964
2795
2999
2275
1458
1022
1454
2472
3058
2771
1857
1139
1173
1998
2760
3020
2352
1343
992
1621
2605
2987
2637
1749
1161
1250
2023
2942
3015
2210
1220
1022
1676
2716
3011
2561
1713
1100
1277
2203
3012
2892
2110
1223
1088
1726
2671
3024
2548
1646
1058
1397
2259
2989
2788
2006
1254
1110
1780
2718
3102
2433
1492
1013
1443
2426
3046
2808
1939
1139
1180
2082
2816
3022
2390
1437
990
1560
2486
2995
2751
1870
1162
1140
2034
2899
2992
2252
1361
1006
1537
2646
3074
2707
1769
1094
1221
2189
2951
2934
2241
1279
1016
1645
2609
3036
2608
1616
1037
1370
2240
2990
2836
2034
1237
1149
1783
2730
3095
2470
1518
1034
1444
2264
2941
2761
1950
1203
1167
1956
2752
3035
2413
1555
1089
1485
2402
3065
2857
1886
1146
1138
1991
2825
2952
2269
1412
1020
1479
2516
3042
2748
1810
1083
1190
2143
2973
3009
2285
1373
1087
1630
2630
3044
2619
1663
1116
1335
2108
2929
3016
2293
1280
1045
1713
2745
3039
2542
1699
1028
1303
2294
3060
2867
2040
1164
1099
1887
2727
3009
2454
1523
1010
1459
2362
3011
2784
1932
1195
1144
1967
2835
3003
2308
1473
1050
1497
2472
3023
2738
1925
1222
1164
1982
2857
3026
2253
1353
1074
1574
2466
2999
2708
1665
1033
1223
2107
2935
2951
2192
1278
1086
1639
2650
3085
2643
1667
1007
1294
2254
2918
2862
2177
1229
1047
1751
2732
3045
2513
1623
1059
1419
2264
3064
2896
2006
1165
1142
1878
2789
3049
2403
1503
947
1410
2473
3049
2700
1875
1184
1117
1963
2809
3036
2345
1452
1077
1574
2502
3057
2757
1701
1089
1255
2044
2823
2975
2296
1322
1012
1653
2670
2997
2634
1791
1095
1205
2138
2991
2984
2197
1267
1046
1649
2656
3061
2626
1661
1042
1344
2245
3007
2867
2121
1269
1115
1818
2768
3087
2430
1574
1059
1406
2326
3054
2914
2008
1107
1087
1941
2761
2963
2334
1468
1032
1531
2407
2994
2757
1905
1157
1154
2053
2864
2962
2249
1471
1031
1423
2490
3043
2729
1758
1129
1213
2105
2871
2981
2283
1282
1055
1667
2608
3010
2592
1675
1148
1309
2045
2971
3019
2190
1230
1127
1716
2621
3063
2575
1652
1006
1360
2253
2967
2825
2040
1174
1111
1846
2675
3006
2520
1596
1000
1437
2388
3082
2820
1942
1245
1136
1824
2793
3067
2334
1476
1034
1435
2463
3087
2760
1772
1057
1194
2103
2847
2997
2312
1334
1012
1656
2597
2946
2634
1766
1149
1217
2089
2996
3000
2161
1281
1098
1624
2674
3098
2674
1669
1011
1338
2297
3003
2822
2084
1205
1072
1738
2703
3035
2492
1568
1046
1425
2231
2981
2834
1978
1228
1126
1796
2745
3063
2414
1496
1037
1475
2436
2984
2726
1916
1210
1199
1957
2736
3005
2381
1470
1049
1538
2457
2993
2768
1786
1089
1160
2049
2825
2956
2239
1388
1112
1565
2595
3087
2749
1743
1073
1254
2182
2939
2868
2181
1246
1025
1669
2597
3031
2581
1656
1071
1298
2147
3003
2946
2124
1192
1086
1817
2701
2979
2475
1628
1007
1357
2339
3078
2790
1911
1207
1124
1856
2713
3074
2413
1471
998
1541
2481
3086
2820
1858
1150
1139
1982
2817
2985
2281
1355
982
1532
2557
2996
2686
1828
1161
1109
2027
2996
3041
2170
1258
1111
1641
2503
3020
2690
1669
1018
1303
2193
2972
2892
2130
1295
1056
1660
2699
3049
2496
1607
1011
1378
2271
2950
2853
2139
1243
1053
1787
2762
3143
2488
1442
972
1536
2343
3003
2869
2042
1205
1098
1936
2856
3008
2314
1512
1017
1399
2402
3053
2769
1783
1132
1229
2045
2798
2987
2350
1383
1028
1634
2596
2974
2617
1738
1113
1174
2057
2936
2969
2218
1308
1100
1660
2701
3083
2614
1720
1021
1215
2189
3043
2937
2126
1226
1134
1727
2604
3015
2566
1624
990
1361
2292
3036
2774
1989
1324
1134
1726
2713
3114
2436
1458
994
1467
2408
2990
2741
1903
1181
1151
1989
2850
3041
2298
1425
1130
1604
2424
3003
2838
1819
1062
1124
2058
2899
2942
2243
1382
1083
1493
2551
3127
2761
1676
1022
1316
2198
2836
2867
2263
1298
983
1710
2732
3047
2554
1657
1164
1379
2130
3027
2978
2117
1184
1089
1788
2641
2951
2469
1643
1041
1363
2346
3043
2778
1931
1166
1124
1911
2684
3054
2492
1505
934
1546
2553
2994
2683
1896
1283
1193
1946
2838
3049
2309
1405
1045
1556
2543
2993
2707
1908
1177
1119
2021
3010
3065
2158
1247
1149
1664
2502
2987
2712
1716
1038
1303
2173
2975
2953
2269
1355
1070
1653
2702
3136
2540
1551
1017
1414
2317
2984
2849
2125
1194
1046
1847
2763
3070
2419
1526
1108
1517
2263
3026
2892
1918
1071
1159
2034
2827
2965
2302
1512
1022
1487
2497
3022
2733
1848
1148
1204
1982
2797
3037
2349
1414
1061
1643
2601
3015
2629
1718
1135
1208
2068
2968
3048
2237
1258
1061
1680
2711
2990
2537
1730
1084
1258
2179
3025
2935
2157
1159
1029
1777
2694
2969
2510
1636
1015
1358
2243
3021
2855
2038
1282
1142
1840
2802
3103
2334
1416
1021
1476
2371
3020
2806
1912
1169
1129
1891
2761
3128
2370
1381
1047
1560
2448
3049
2806
1772
1111
1193
2061
2915
2954
2221
1397
1128
1520
2538
3107
2721
1685
998
1239
2201
2913
2875
2185
1320
1055
1637
2632
2979
2499
1644
1171
1412
2126
2966
2944
2089
1171
1132
1881
2776
3049
2473
1632
995
1355
2361
3042
2767
1914
1171
1093
1915
2775
3080
2453
1478
1005
1529
2461
3033
2764
1861
1183
1133
1949
2846
3066
2325
1414
1048
1600
2616
2991
2693
1893
1164
1126
2073
2994
3012
2218
1330
1095
1636
2558
3012
2690
1686
1021
1244
2124
2980
2921
2135
1310
1121
1672
2742
3117
2533
1624
1058
1398
2200
2893
2832
2110
1196
1036
1774
2674
3065
2475
1510
968
1407
2318
3032
2816
1963
1223
1109
1886
2818
3047
2275
1382
1015
1510
2502
3019
2722
1826
1170
1217
2009
2795
2986
2320
1361
998
1585
2511
3016
2672
1681
1118
1228
2034
2952
3015
2169
1189
1118
1769
2673
2974
2605
1796
1095
1228
2197
3084
2925
2108
1212
1086
1715
2672
3008
2495
1556
993
1404
2279
2958
2786
2081
1251
1050
1797
2833
3100
2391
1514
960
1366
2360
3056
2791
1875
1188
1172
1999
2820
3043
2312
1374
1028
1547
2471
3060
2853
1835
1113
1156
2060
2941
2967
2204
1357
1133
1568
2543
3045
2712
1739
1091
1326
2140
2846
2903
2232
1272
1020
1635
2627
3001
2505
1560
1054
1338
2153
2944
2904
2133
1235
1128
1827
2703
3002
2453
1587
1010
1358
2309
3030
2837
1956
1170
1138
1935
2737
3046
2437
1503
987
1547
2472
2984
2748
1887
1174
1131
1956
2829
3029
2298
1408
1029
1569
2601
3068
2728
1853
1104
1124
2115
2962
2979
2213
1304
1070
1636
2589
3059
2665
1634
1033
1309
2184
2972
2892
2170
1302
1112
1753
2745
3072
2559
1644
982
1340
2345
3017
2802
2053
1220
1070
1785
2725
3048
2466
1589
1068
1422
2294
3060
2854
1930
1190
1188
1898
2704
3012
2411
1501
978
1451
2458
2998
2708
1900
1207
1170
2016
2859
3065
2360
1422
1049
1553
2560
3080
2734
1680
1077
1255
2063
2845
2907
2246
1266
1010
1664
2686
3018
2568
1695
1062
1290
2211
2940
2902
2183
1188
1044
1762
2746
3053
2459
1538
1090
1492
2248
2966
2800
1991
1195
1102
1823
2745
3065
2359
1480
1049
1470
2406
3041
2788
1913
1141
1090
2040
2825
3022
2420
1444
968
1488
2530
3063
2686
1749
1143
1180
1991
2898
3026
2245
1360
1044
1502
2597
3052
2654
1694
1069
1254
2111
2917
2922
2171
1206
1049
1702
2618
3023
2620
1658
978
1291
2253
3025
2851
2029
1218
1122
1796
2748
3077
2457
1581
1044
1390
2268
2987
2783
1963
1113
1070
1981
2789
3028
2439
1543
984
1470
2423
3057
2737
1850
1199
1097
1899
2835
3018
2243
1378
1050
1487
2516
3042
2658
1709
1121
1255
2116
2850
2922
2267
1341
1012
1594
2657
3041
2553
1623
1107
1382
2102
2894
2963
2177
1177
1041
1751
2759
3048
2566
1702
1050
1281
2258
3059
2831
2033
1170
1057
1778
2703
3143
2510
1525
1005
1499
2372
3051
2861
1934
1154
1114
1898
2788
2968
2350
1543
1004
1452
2486
3038
2712
1836
1219
1223
2001
2865
3028
2281
1351
1032
1631
2550
2964
2658
1736
1116
1210
2077
2907
2876
2140
1314
1117
1599
2660
3121
2656
1665
1074
1336
2169
2909
2875
2167
1229
1050
1697
2681
3043
2489
1587
1050
1395
2271
3037
2819
1996
1205
1132
1821
2781
3067
2403
1587
1067
1419
2340
3048
2897
1981
1130
1140
2038
2778
2984
2403
1444
949
1495
2553
3056
2723
1744
1101
1202
2013
2817
2958
2224
1324
1076
1603
2621
3035
2639
1728
1116
1281
2192
2912
2844
2187
1292
1108
1742
2616
3012
2634
1625
1018
1334
2222
3001
2813
2061
1287
1097
1669
2685
3074
2415
1565
1014
1378
2297
2993
2767
1946
1181
1101
1899
2769
3048
2401
1524
1066
1520
2412
3020
2799
1889
1139
1135
1998
2822
2978
2294
1399
1027
1484
2474
2948
2696
1858
1182
1172
2035
2909
2991
2273
1345
1076
1610
2525
3089
2760
1710
1073
1268
2110
2950
2911
2147
1230
1050
1664
2709
3110
2551
1546
998
1392
2240
2938
2839
2050
1183
1094
1817
2715
3012
2441
1593
1071
1429
2242
3030
2919
1933
1107
1093
1934
2807
3048
2399
1517
978
1448
2474
3009
2724
1877
1163
1167
2104
2906
3007
2354
1374
974
1518
2569
3050
2630
1761
1195
1178
1997
2938
2989
2149
1231
1121
1680
2600
2987
2606
1759
1075
1258
2226
3075
2936
2106
1186
1115
1781
2615
3011
2573
1630
1050
1396
2305
3048
2861
2021
1201
1081
1804
2776
3066
2384
1490
994
1466
2388
2955
2808
1995
1174
1105
1996
2848
3062
2317
1407
1076
1513
2420
3016
2731
1774
1148
1196
2023
2884
2981
2238
1355
1005
1526
2648
3081
2657
1711
1145
1311
2148
2888
2892
2235
1264
1046
1690
2658
3057
2626
1667
1061
1338
2238
3050
2907
2049
1198
1132
1832
2683
3024
2499
1626
1014
1358
2310
3025
2813
1934
1166
1150
1960
2747
3037
2437
1555
1051
1486
2392
3025
2840
1893
1174
1126
1936
2847
3075
2307
1391
1055
1534
2462
3002
2785
1836
1070
1158
2164
2964
2910
2171
1346
1129
1643
2554
3050
2714
1712
1035
1269
2199
3032
2908
2120
1327
1201
1750
2676
3052
2596
1681
1030
1322
2216
2983
2876
2101
1139
1018
1825
2727
3044
2418
1506
1036
1543
2360
3030
2841
1935
1154
1117
1931
2786
3025
2337
1481
1003
1429
2431
3076
2841
1842
1100
1209
2083
2836
2989
2365
1381
954
1557
2609
3033
2647
1728
1136
1202
2066
2986
3004
2198
1234
1096
1675
2670
3055
2600
1745
1098
1300
2241
2974
2849
2157
1307
1078
1720
2677
3027
2537
1614
1057
1382
2200
2976
2838
2058
1237
1134
1856
2770
3057
2463
1604
1072
1425
2378
3026
2773
1926
1232
1143
2007
2861
3057
2383
1434
1015
1505
2421
3032
2835
1835
1129
1127
2043
2911
2980
2240
1396
1081
1525
2569
3043
2676
1807
1149
1231
2125
2943
2958
2191
1203
1012
1708
2680
3030
2544
1620
1040
1280
2195
3126
2952
2029
1193
1137
1802
2708
3066
2498
1538
1037
1443
2278
2951
2809
1969
1104
1100
1899
2701
3027
2476
1555
979
1446
2452
3125
2853
1809
1177
1252
2008
2790
2997
2324
1449
960
1492
2589
3015
2667
1804
1143
1183
2076
2907
3030
2253
1273
1046
1628
2589
3043
2682
1618
979
1328
2174
2954
2884
2198
1274
1057
1709
2741
3044
2449
1631
1027
1324
2270
2988
2836
2056
1226
1044
1771
2796
3156
2414
1481
1057
1491
2311
3048
2922
1938
1083
1124
1962
2771
2943
2355
1565
1017
1356
2421
3087
2740
1775
1097
1182
2083
2867
3004
2282
1324
1039
1555
2494
2999
2747
1764
1071
1213
2064
2918
2975
2181
1250
1055
1609
2693
3086
2576
1659
1091
1322
2212
3010
2893
2153
1216
1066
1739
2701
3063
2516
1596
1003
1367
2294
3048
2808
1970
1216
1146
1890
2760
3016
2447
1574
1017
1362
2360
3048
2781
1882
1139
1136
2019
2862
3045
2329
1445
1097
1557
2425
2957
2780
1820
1094
1165
2057
2837
2955
2232
1330
1102
1599
2612
3019
2675
1745
1094
1299
2211
2962
2942
2226
1259
1065
1719
2657
2996
2572
1676
1117
1343
2206
2944
2826
2109
1315
1163
1778
2743
3096
2455
1586
992
1390
2316
2979
2805
2000
1150
1023
1948
2810
2982
2381
1525
1043
1472
2391
3063
2832
1879
1146
1129
1990
2832
3009
2286
1409
1019
1451
2464
3022
2734
1812
1161
1230
2113
2906
2954
2223
1288
1054
1625
2516
3051
2720
1669
1022
1298
2194
2976
2883
2182
1310
1094
1656
2643
3050
2552
1666
1044
1359
2219
2945
2778
2037
1203
1067
1803
2676
3045
2520
1566
1002
1443
2362
3065
2784
1918
1197
1149
1916
2825
3091
2321
1435
974
1432
2460
3044
2763
1835
1170
1203
2021
2775
2994
2420
1369
970
1561
2571
3032
2639
1683
1121
1279
2049
2888
2973
2192
1249
1029
1659
2663
3020
2585
1686
1047
1271
2246
3009
2869
2095
1169
1097
1752
2611
2983
2540
1559
963
1349
2312
3131
2881
1961
1208
1154
1783
2718
3138
2489
1497
919
1431
2376
2915
2789
1997
1148
1034
1995
2883
3053
2322
1427
1047
1460
2352
3057
2851
1795
1037
1173
2118
2906
2930
2253
1408
974
1438
2660
3109
2632
1665
1082
1302
2185
2881
2912
2255
1345
1048
1576
2623
3083
2581
1617
1057
1366
2220
2950
2867
2137
1219
1070
1825
2711
2930
2396
1707
1091
1280
2319
3106
2784
1886
1199
1153
1870
2721
3099
2500
1499
1033
1634
2474
3062
2856
1901
1170
1076
1961
2929
3048
2235
1374
1113
1567
2526
3002
2682
1813
1193
1217
2087
2842
2987
2318
1319
1078
1673
2565
2988
2691
1700
999
1251
2187
2980
2842
2080
1292
1082
1631
2670
3119
2547
1564
1045
1412
2190
2903
2864
2133
1133
991
1887
2774
3022
2463
1585
1045
1458
2366
3143
2872
1967
1207
1061
1835
2845
3112
2366
1473
988
1495
2540
3035
2728
1866
1137
1120
2012
2876
3047
2317
1342
1017
1566
2543
3013
2662
1692
1064
1221
2096
2884
2887
2188
1294
1096
1633
2669
3118
2624
1677
1081
1342
2221
2921
2788
2152
1293
1086
1675
2676
3039
2472
1569
1023
1378
2215
2962
2879
2064
1200
1066
1838
2829
3066
2357
1510
1033
1447
2427
3038
2785
1895
1199
1178
1933
2755
3020
2378
1445
1011
1545
2484
2980
2733
1832
1136
1147
1990
2853
2981
2209
1312
1076
1619
2624
3038
2676
1736
1093
1221
2178
2971
2859
2164
1313
1072
1662
2604
3043
2588
1602
1024
1299
2251
3017
2804
2043
1261
1110
1778
2799
3098
2453
1588
1029
1383
2263
2944
2806
2037
1201
1059
1925
2830
3083
2366
1499
1041
1516
2433
3018
2824
1918
1121
1094
1981
2851
2989
2264
1436
1078
1493
2505
3078
2732
1726
1104
1263
2162
2876
2930
2308
1340
975
1593
2616
3010
2598
1689
1125
1314
2055
2893
2968
2236
1256
1008
1668
2697
3080
2630
1690
975
1352
2350
3024
2846
2057
1196
1085
1755
2653
3050
2463
1520
1037
1479
2322
3045
2890
1977
1126
1045
1896
2815
3010
2280
1455
1062
1469
2415
3066
2795
1813
1130
1155
2074
2871
2985
2325
1410
1101
1566
2457
3004
2735
1752
1070
1141
2038
2937
2941
2162
1272
1073
1612
2654
3068
2608
1686
1085
1324
2212
2969
2911
2185
1212
1033
1766
2685
2995
2519
1589
1011
1405
2298
3053
2819
2007
1208
1100
1821
2799
3085
2420
1539
1028
1423
2363
3062
2803
1900
1206
1194
2082
2802
3049
2417
1430
1036
1574
2525
3048
2736
1773
1124
1174
1994
2854
2968
2229
1351
1064
1583
2605
3007
2655
1749
1121
1270
2177
2952
2918
2149
1231
1063
1681
2625
3023
2593
1619
1049
1343
2199
3043
2852
2080
1257
1110
1720
2756
3139
2450
1542
1013
1412
2257
2915
2877
2039
1125
1079
1970
2707
2962
2444
1497
947
1512
2452
3021
2766
1840
1210
1180
1983
2893
3060
2318
1395
1029
1573
2562
2998
2754
1804
1048
1215
2198
2920
2939
2235
1357
1096
1608
2587
3091
2644
1621
1102
1346
2144
3021
3001
2146
1255
1146
1803
2723
3028
2541
1679
1044
1372
2265
3048
2843
1957
1168
1148
1826
2661
3070
2525
1486
963
1484
2356
2967
2755
1926
1175
1093
1902
2852
3062
2307
1469
1051
1483
2488
3058
2778
1885
1122
1191
2098
2863
2983
2345
1407
1024
1581
2554
3030
2657
1701
1131
1234
2031
2912
3002
2186
1191
1041
1719
2688
2986
2592
1690
984
1271
2221
2940
2848
2171
1307
1081
1696
2723
3079
2512
1589
1040
1455
2269
2992
2849
1962
1150
1129
1895
2816
3051
2402
1561
1042
1392
2364
3046
2793
1900
1111
1156
2085
2872
3009
2354
1445
1012
1493
2447
3034
2771
1772
1108
1182
2049
2921
3034
2230
1245
1063
1614
2548
2990
2663
1719
1070
1236
2144
2921
2854
2148
1351
1118
1651
2570
3034
2619
1654
1076
1313
2178
3060
2901
2047
1227
1171
1788
2675
3053
2554
1645
901
1333
2375
3031
2753
1945
1210
1120
1917
2788
3090
2415
1540
1102
1507
2384
3034
2889
1944
1134
1159
2047
2838
2970
2333
1511
1046
1452
2500
3069
2732
1818
1125
1171
2097
2862
2923
2244
1370
1078
1561
2534
3090
2667
1678
1092
1315
2122
2955
2950
2151
1264
1078
1690
2717
3081
2584
1694
1037
1301
2213
3021
2901
2048
1152
1138
1920
2712
3018
2506
1568
1023
1454
2328
3033
2812
1962
1208
1149
1909
2796
3074
2358
1485
1074
1452
2354
2978
2768
1821
1097
1158
2076
2868
2980
2308
1450
1098
1557
2502
3031
2728
1666
1064
1287
2127
2953
2942
2199
1308
1122
1635
2616
3100
2711
1719
1010
1303
2278
2956
2816
2098
1231
1118
1731
2659
3041
2489
1553
1019
1442
2295
3073
2917
2004
1200
1137
1817
2812
3157
2375
1428
983
1494
2453
3009
2809
1982
1139
1124
2019
2822
3067
2390
1434
1077
1551
2442
2995
2787
1788
1099
1206
2077
2889
2975
2294
1407
1035
1563
2642
3040
2693
1771
1139
1274
2164
2948
2919
2227
1276
1074
1685
2658
3044
2603
1665
1079
1327
2186
3026
2922
2075
1177
1070
1790
2786
3079
2468
1622
1049
1413
2279
2967
2843
2005
1153
1091
1941
2766
3051
2429
1532
1079
1547
2396
3063
2835
1863
1169
1136
1934
2846
3065
2323
1366
1008
1579
2640
3007
2600
1810
1220
1168
1978
2892
3072
2269
1312
1062
1598
2598
3080
2665
1649
1040
1274
2187
2986
2806
2133
1377
1169
1687
2696
3107
2552
1652
1046
1378
2232
2926
2821
2135
1246
1046
1801
2741
3081
2449
1495
1008
1428
2267
3042
2831
1935
1146
1149
1939
2827
3063
2279
1459
1089
1486
2403
3009
2710
1779
1127
1235
2062
2777
2900
2294
1386
1027
1551
2584
3079
2678
1670
1105
1205
2013
2932
3003
2180
1216
1058
1703
2657
2958
2593
1782
1038
1219
2233
3059
2898
2074
1150
1064
1827
2728
2984
2534
1623
981
1332
2276
3027
2809
2024
1271
1157
1794
2702
3069
2381
1467
1030
1470
2384
3000
2793
1943
1165
1114
2027
2837
3005
2346
1474
1069
1528
2450
3008
2825
1852
1015
1101
2106
2943
2925
2175
1387
1070
1487
2622
3127
2685
1658
1118
1326
2146
2875
2855
2204
1309
1108
1725
2664
3014
2540
1624
1123
1354
2118
2969
2937
2125
1230
1095
1754
2707
3067
2508
1598
936
1307
2269
2992
2838
1969
1137
1075
1880
2664
3039
2488
1530
962
1462
2410
3006
2770
1887
1140
1036
1907
2866
3048
2275
1344
962
1531
2598
3025
2629
1760
1164
1203
2103
2984
3049
2212
1246
1092
1701
2589
2994
2671
1737
1045
1238
2173
2993
2868
2174
1286
1081
1678
2701
3118
2552
1569
987
1389
2223
2905
2864
2126
1177
1039
1857
2755
3000
2379
1604
1100
1362
2212
3090
2904
1942
1160
1133
1929
2808
3086
2383
1447
968
1512
2530
3003
2721
1862
1200
1196
2030
2890
3033
2260
1344
1065
1548
2511
3076
2697
1652
1128
1323
2023
2812
2970
2257
1263
1073
1636
2597
3032
2654
1733
1042
1328
2267
2976
2909
2144
1219
1098
1751
2662
3066
2613
1633
1003
1355
2273
3078
2862
1974
1227
1200
1853
2708
3006
2454
1588
1008
1438
2402
3007
2746
1887
1126
1087
1994
2814
2999
2372
1519
1093
1553
2483
3028
2744
1789
1175
1201
1999
2862
2989
2172
1325
1075
1542
2610
3049
2660
1700
1108
1295
2149
2893
2972
2237
1213
1060
1701
2602
3018
2606
1667
1054
1344
2227
3040
2886
2080
1227
1095
1762
2736
3043
2433
1574
1043
1411
2259
2946
2808
2027
1131
1050
1954
2776
3020
2390
1475
980
1539
2440
3041
2792
1875
1180
1200
2006
2847
3054
2308
1412
1056
1541
2570
3031
2765
1869
1116
1169
2097
2945
2971
2219
1304
1104
1670
2556
2985
2658
1705
1076
1251
2087
2992
2942
2090
1246
1092
1709
2704
3158
2592
1620
1028
1340
2240
3007
2837
2043
1168
1082
1858
2760
3037
2413
1561
1094
1485
2267
3023
2881
1977
1140
1125
1983
2822
3020
2345
1443
972
1489
2444
2981
2773
1849
1159
1221
2047
2852
3017
2284
1371
1099
1599
2490
3009
2740
1727
1074
1223
2070
2894
2969
2232
1265
1053
1640
2661
3034
2668
1769
1036
1252
2228
3044
2883
2120
1196
1022
1748
2723
3053
2475
1584
1077
1405
2264
3023
2877
2073
1270
1133
1805
2744
3045
2462
1520
976
1473
2345
2918
2801
1966
1129
1120
2082
2844
2939
2277
1441
1044
1517
2495
3005
2714
1823
1166
1240
2021
2856
2974
2206
1319
1056
1605
2633
2991
2672
1774
1118
1227
2157
3008
2954
2174
1277
1108
1662
2602
3010
2583
1654
1094
1360
2128
2983
2957
2138
1227
1098
1745
2739
3097
2437
1569
1030
1351
2224
2984
2823
1900
1099
1135
1953
2706
3025
2441
1514
1002
1458
2428
3097
2772
1834
1222
1197
1977
2824
3030
2231
1292
1074
1654
2533
2952
2745
1886
1133
1167
2111
2909
2928
2210
1378
1098
1602
2575
3056
2660
1691
1081
1341
2146
2974
2952
2168
1284
1111
1751
2750
3081
2561
1661
1058
1392
2325
3010
2782
2089
1225
1090
1834
2708
3032
2413
1532
1012
1440
2361
3062
2790
1944
1206
1120
1932
2827
3041
2295
1475
1108
1497
2434
3071
2762
1818
1085
1127
2003
2856
2975
2264
1403
1030
1544
2539
3056
2671
1663
1124
1221
2052
2931
2967
2243
1347
1079
1566
2601
3088
2684
1704
1016
1297
2247
2987
2882
2182
1289
1107
1700
2580
2995
2559
1627
1035
1358
2214
3033
2846
1985
1214
1128
1800
2745
3102
2347
1414
1000
1462
2416
2995
2799
1943
1193
1185
2009
2786
3049
2419
1459
1092
1544
2430
3029
2801
1796
1097
1122
2004
2903
2968
2196
1327
1028
1553
2594
3071
2657
1669
1034
1198
2136
2915
2918
2237
1293
1084
1711
2636
3031
2628
1642
1009
1307
2228
3045
2866
2069
1237
1155
1778
2695
3063
2497
1586
942
1346
2358
3007
2797
2024
1233
1053
1821
2733
3074
2425
1484
1006
1500
2439
3058
2804
1858
1127
1129
2025
2934
3016
2212
1413
1059
1479
2464
3033
2727
1771
1167
1259
2072
2824
2985
2286
1310
1033
1610
2620
3033
2591
1685
1097
1290
2096
2971
2934
2100
1253
1113
1689
2634
3032
2530
1621
1047
1370
2220
2966
2834
2097
1215
1086
1847
2731
3032
2470
1530
994
1508
2374
3021
2804
1919
1156
1089
1874
2807
3035
2283
1412
1023
1464
2440
3054
2762
1829
1129
1221
2132
2831
2958
2306
1416
1070
1626
2590
3021
2700
1784
1097
1234
2107
2934
2903
2196
1341
1087
1610
2724
3190
2686
1656
1095
1387
2276
2939
2829
2188
1262
1027
1759
2785
3062
2477
1562
1070
1453
2285
3036
2899
2009
1187
1146
1898
2828
3086
2407
1547
1025
1449
2357
2965
2816
1971
1160
1088
1972
2786
3011
2366
1514
1059
1464
2504
3099
2753
1716
1119
1203
2035
2847
2991
2266
1328
1031
1633
2604
2938
2618
1788
1152
1196
2149
3004
2925
2182
1264
1064
1665
2613
2977
2573
1704
1055
1282
2194
3009
2858
2099
1247
1102
1747
2650
3028
2492
1580
987
1411
2327
2966
2766
1978
1177
1039
1873
2779
3081
2380
1479
1014
1440
2363
3039
2861
1908
1098
1083
2026
2885
2964
2219
1414
1093
1531
2525
3065
2726
1794
1151
1229
2032
2823
2997
2285
1304
1000
1592
2595
3050
2644
1660
1100
1264
2073
2960
2935
2159
1238
1026
1723
2796
3095
2483
1621
1038
1363
2244
3011
2829
2051
1218
1121
1849
2669
3062
2598
1619
947
1434
2427
3098
2795
1952
1268
1198
1931
2788
3082
2375
1446
992
1528
2472
2904
2719
1955
1199
1091
1974
2891
2999
2253
1391
1121
1590
2508
3043
2778
1731
1058
1251
2086
2913
2957
2183
1269
1045
1617
2639
3036
2641
1673
1060
1362
2275
2959
2847
2123
1213
1070
1776
2698
3023
2525
1595
1045
1450
2276
2974
2792
2017
1247
1136
1831
2791
3089
2426
1529
1050
1451
2410
3008
2752
1910
1168
1156
1988
2788
3056
2408
1444
1016
1540
2547
3045
2740
1784
1197
1200
1947
2854
3056
2288
1334
1044
1516
2561
3047
2658
1708
1122
1279
2142
2921
2936
2182
1261
1076
1712
2632
3053
2613
1620
1046
1341
2197
2984
2838
2055
1234
1067
1761
2760
3088
2471
1578
1045
1414
2369
3056
2818
1952
1164
1129
1846
2686
3080
2464
1460
1001
1567
2417
3014
2799
1886
1156
1147
2010
2860
2982
2235
1382
1099
1574
2529
3069
2760
1811
1150
1216
2104
2909
3015
2253
1312
1076
1645
2642
3067
2644
1672
1031
1282
2184
2996
2914
2204
1346
1149
1786
2712
3015
2527
1646
1048
1330
2238
3024
2792
2046
1306
1090
1766
2754
3112
2438
1510
1019
1477
2322
3016
2847
1944
1194
1188
1966
2805
2981
2330
1513
1055
1494
2412
3004
2824
1897
1100
1182
2108
2796
2931
2344
1403
1000
1599
2643
3026
2648
1736
1069
1219
2115
3005
2941
2199
1341
1099
1626
2663
3105
2602
1683
1045
1286
2213
2944
2813
2084
1238
1103
1724
2625
3056
2571
1579
1033
1413
2278
3003
2818
2058
1268
1161
1846
2757
3023
2405
1598
1020
1427
2420
3008
2752
1869
1161
1128
1965
2819
3049
2362
1424
1053
1504
2430
2995
2723
1840
1176
1153
1972
2863
2999
2225
1314
1076
1578
2534
3024
2747
1748
1015
1173
2155
2930
2889
2211
1230
1024
1730
2665
3037
2633
1672
1040
1308
2206
3014
2898
2075
1188
1051
1713
2732
3082
2515
1648
1035
1294
2221
3008
2830
1960
1205
1124
1847
2649
3037
2476
1502
967
1492
2482
3088
2812
1857
1180
1180
1973
2786
2965
2279
1375
990
1556
2537
2951
2683
1828
1164
1190
2125
2929
2969
2217
1294
1081
1631
2599
3073
2684
1658
1051
1360
2183
2922
2878
2122
1240
1111
1784
2717
3002
2549
1665
1042
1355
2263
3045
2873
2038
1161
1080
1839
2721
3083
2458
1547
1081
1469
2296
3020
2847
1958
1159
1146
1934
2807
3054
2345
1467
993
1430
2433
3065
2796
1871
1143
1194
2066
2861
2961
2320
1423
1046
1552
2516
3031
2699
1719
1079
1209
2073
2839
2893
2184
1288
1101
1657
2673
3047
2619
1719
1086
1310
2147
2969
2887
2122
1262
1137
1757
2658
3094
2576
1598
995
1369
2323
3038
2793
1965
1207
1130
1836
2772
3044
2350
1481
1017
1461
2408
2991
2788
1975
1182
1120
1943
2773
3104
2450
1485
1013
1481
2485
3023
2719
1792
1136
1104
1980
2875
2945
2195
1321
1080
1536
2534
3052
2699
1734
1073
1291
2194
2886
2907
2229
1273
1053
1671
2623
3031
2575
1671
1110
1327
2182
2987
2867
2039
1155
1148
1862
2720
3039
2422
1561
1052
1420
2292
2933
2813
2007
1201
1110
1893
2745
3096
2494
1561
1004
1444
2384
3042
2803
1942
1210
1137
2021
2852
3009
2304
1424
997
1459
2504
3049
2716
1742
1041
1195
2182
2919
2938
2261
1348
1115
1683
2592
3038
2685
1659
1019
1283
2183
2968
2894
2108
1249
1083
1723
2722
3017
2468
1608
1056
1385
2270
2987
2777
2062
1188
1048
1778
2667
3028
2387
1506
1066
1467
2267
2993
2825
1914
1153
1111
1936
2845
3038
2360
1488
1035
1504
2465
3076
2791
1802
1098
1177
2042
2805
2987
2346
1378
1014
1542
2565
3079
2653
1659
1093
1225
2018
2902
2972
2186
1211
1045
1678
2655
2949
2571
1735
1130
1309
2232
3022
2862
2091
1221
1139
1751
2656
3084
2554
1530
904
1386
2297
3008
2830
2048
1226
1052
1773
2777
3068
2384
1501
1030
1424
2389
3016
2838
1996
1133
1075
2006
2841
3024
2344
1455
1065
1500
2437
3009
2819
1837
1098
1165
2069
2874
2933
2202
1382
1075
1504
2550
3058
2710
1739
1078
1270
2168
2919
2954
2271
1315
1027
1708
2711
3018
2500
1585
1067
1339
2168
3006
2869
2041
1228
1156
1747
2690
3036
2431
1605
999
1296
2315
3077
2830
1943
1139
1083
1903
2741
3007
2378
1517
1042
1501
2399
3028
2770
1870
1210
1151
1933
2813
3048
2288
1369
985
1501
2551
3015
2685
1837
1134
1163
2089
2912
2955
2173
1294
1097
1578
2467
3091
2751
1664
984
1186
2124
3046
2918
2107
1300
1115
1643
2708
3135
2510
1536
1000
1382
2191
2911
2915
2136
1136
1011
1879
2795
3058
2408
1543
1086
1507
2308
3000
2812
1970
1181
1093
1901
2827
3072
2349
1444
987
1479
2484
3051
2757
1809
1105
1230
2081
2828
2987
2335
1405
1033
1561
2531
3042
2695
1715
1125
1217
2021
2895
2970
2217
1300
1105
1640
2640
3065
2648
1726
1061
1293
2230
2979
2905
2182
1250
1082
1707
2633
3039
2570
1511
945
1454
2354
3049
2813
1998
1244
1105
1809
2772
3115
2435
1515
996
1441
2450
3035
2771
1913
1199
1125
1916
2805
3072
2337
1400
1069
1516
2409
3044
2810
1807
1085
1166
2053
2911
3029
2198
1254
1085
1645
2675
3062
2654
1749
1178
1320
2153
2919
2950
2245
1286
1074
1685
2656
3037
2529
1686
1112
1307
2167
3038
2928
2091
1235
1085
1784
2758
3048
2466
1638
1041
1311
2314
3057
2812
1986
1207
1072
1824
2751
3055
2384
1500
1062
1499
2392
3076
2784
1788
1126
1157
1972
2824
3053
2273
1323
969
1512
2569
3002
2683
1815
1148
1177
2112
2934
2924
2214
1356
1076
1616
2601
3095
2645
1601
1039
1274
2106
2960
2933
2185
1271
1102
1696
2648
3036
2587
1655
1026
1373
2264
2954
2802
2053
1144
1060
1870
2761
3029
2407
1540
1064
1446
2264
2978
2867
1995
1148
1116
1967
2815
2998
2391
1499
939
1463
2483
3051
2774
1843
1126
1173
2025
2805
2963
2305
1368
997
1560
2532
3045
2692
1713
1117
1259
2138
2918
2895
2199
1346
1091
1584
2657
3139
2709
1714
1029
1291
2204
3002
2949
2154
1193
1067
1728
2690
3009
2512
1596
1011
1351
2234
3016
2853
1994
1176
1136
1890
2748
3000
2370
1523
1027
1426
2336
2991
2827
1952
1131
1103
1971
2772
3001
2352
1446
1095
1549
2439
2988
2729
1775
1132
1208
2039
2866
2935
2194
1414
1092
1485
2528
3078
2673
1664
1078
1277
2148
2897
2925
2222
1252
991
1664
2683
3045
2595
1665
1064
1338
2214
3011
2900
2122
1212
1085
1800
2761
3035
2389
1551
1007
1364
2304
2994
2799
2028
1201
1080
1845
2754
3058
2357
1440
1014
1553
2455
3077
2799
1834
1161
1139
1945
2843
3064
2323
1404
989
1568
2588
2952
2675
1834
1172
1202
2126
2911
2888
2188
1400
1124
1587
2545
3011
2642
1697
1081
1300
2171
2959
2847
2137
1331
1133
1717
2731
3131
2554
1609
1079
1413
2207
2921
2782
2099
1246
1045
1750
2742
3103
2416
1478
1059
1466
2243
2988
2913
2006
1132
1067
1963
2795
2995
2351
1470
952
1449
2500
3058
2742
1835
1080
1180
2065
2783
2959
2311
1383
1051
1557
2513
3049
2696
1660
1034
1261
2085
2886
2989
2269
1244
974
1651
2755
3027
2561
1735
1097
1259
2186
3049
2940
2077
1174
1119
1755
2609
3001
2540
1600
1033
1476
2332
2993
2774
2011
1286
1112
1721
2718
3097
2419
1449
917
1463
2471
3010
2817
2019
1158
1073
1999
2872
3061
2332
1422
1048
1526
2481
3052
2736
1759
1142
1219
2089
2881
2967
2197
1355
1092
1567
2609
3112
2720
1726
1132
1295
2132
2914
2972
2274
1293
1118
1712
2617
3039
2622
1661
1030
1351
2286
3042
2866
2044
1277
1115
1740
2749
3119
2501
1594
1018
1345
2245
2971
2797
1963
1131
1041
1941
2770
3011
2378
1472
1019
1536
2384
2990
2838
1893
1156
1140
1997
2895
3036
2287
1405
1090
1555
2514
3032
2726
1768
1087
1163
2107
2917
2935
2225
1292
1043
1630
2556
3021
2625
1678
1058
1314
2167
2960
2918
2168
1300
1100
1699
2648
3022
2547
1659
1035
1355
2278
2957
2816
2098
1201
1018
1801
2781
3102
2433
1556
1092
1491
2308
3038
2889
1939
1122
1108
1940
2870
3080
2345
1450
1004
1467
2474
3039
2745
1884
1185
1155
2043
2925
3025
2277
1373
1054
1545
2532
3045
2686
1663
1087
1290
2072
2859
2893
2165
1275
1063
1645
2633
3016
2599
1681
1063
1305
2219
3005
2881
2066
1179
1108
1772
2628
3003
2570
1578
961
1432
2332
3014
2837
2075
1279
1092
1800
2806
3107
2385
1538
1068
1423
2389
3019
2852
1963
1101
1103
2014
2790
2997
2327
1397
1017
1506
2488
3038
2744
1811
1124
1118
2013
2978
3051
2232
1344
1077
1555
2576
3070
2759
1773
1084
1296
2209
2944
2948
2244
1251
1051
1744
2680
3056
2613
1676
1033
1306
2224
3026
2832
2025
1197
1105
1788
2712
3035
2435
1548
1021
1427
2310
2993
2833
1955
1132
1095
1917
2752
3084
2449
1530
1014
1566
2510
3047
2744
1889
1275
1126
1856
2848
3067
2331
1356
967
1550
2591
3003
2665
1864
1130
1124
2045
2897
2977
2204
1274
1083
1654
2564
3041
2710
1682
968
1239
2176
2945
2822
2128
1312
1120
1683
2711
3103
2541
1637
1041
1348
2272
2961
2811
2103
1188
1028
1815
2714
3045
2445
1546
1049
1492
2299
3014
2900
1986
1160
1125
2019
2890
2975
2294
1509
1028
1433
2422
3062
2819
1831
1114
1206
2094
2829
2962
2301
1393
1046
1549
2507
3029
2731
1732
1072
1187
2009
2967
3004
2141
1187
1083
1699
2664
3030
2596
1750
1088
1282
2179
2991
2920
2120
1173
1043
1773
2710
3045
2561
1576
1008
1379
2305
3078
2830
2012
1254
1127
1770
2766
3112
2425
1501
966
1445
2432
3017
2767
1904
1227
1182
1963
2794
3038
2372
1482
1100
1494
2435
3063
2794
1823
1124
1195
2060
2796
