2902
1823
1065
1690
2767
2811
1846
1095
1716
2793
2892
1817
1118
1671
2738
2883
1812
1121
1684
2846
2850
1845
1177
1669
2766
2866
1833
1030
1667
2778
2805
1750
1120
1764
2766
2834
1764
1052
1641
2847
2885
1800
1076
1677
2849
2884
1782
1054
1729
2755
2842
1756
1032
1672
2745
2820
1767
1083
1641
2824
2879
1824
1101
1666
2743
2855
1850
1007
1586
2824
2947
1736
1017
1641
2718
2881
1841
1117
1625
2747
2851
1859
1079
1682
2805
2868
1796
1016
1764
2862
2830
1687
1080
1713
2730
2763
1735
1153
1673
2807
2886
1799
1018
1674
2862
2834
1774
1035
1689
2772
2850
1813
1127
1732
2740
2861
1837
1117
1645
2811
2845
1760
1063
1684
2782
2900
1835
1024
1728
2780
2825
1720
1058
1710
2728
2824
1812
1107
1643
2836
2925
1853
1038
1628
2799
2798
1746
1003
1672
2772
2860
1714
1047
1735
2793
2854
1798
1145
1673
2877
2900
1764
1032
1705
2844
2866
1771
1060
1712
2786
2832
1753
1132
1677
2690
2811
1805
1135
1635
2825
2879
1852
1144
1659
2724
2854
1821
1086
1723
2774
2874
1818
1110
1667
2738
2931
1911
1135
1537
2808
2928
1807
1086
1742
2814
2824
1805
1024
1691
2761
2859
1787
1060
1682
2782
2867
1774
1074
1587
2788
2917
1803
1050
1711
2847
2854
1773
1041
1750
2812
2814
1730
1088
1729
2769
2901
1841
1063
1600
2844
2871
1800
1084
1698
2836
2861
1845
1052
1663
2780
2901
1740
1030
1642
2713
2836
1826
1145
1601
2743
2849
1832
1097
1657
2817
2855
1814
1052
1684
2783
2870
1805
1121
1677
2809
2926
1805
1094
1634
2799
2827
1809
1067
1631
2761
2874
1847
1076
1700
2717
2840
1788
1083
1695
2772
2890
1859
1139
1605
2793
2870
1814
1151
1740
2789
2860
1881
1028
1606
2792
2930
1747
1022
1717
2827
2869
1796
1054
1651
2818
2848
1852
1149
1666
2793
2903
1858
1061
1654
2736
2899
1782
1041
1676
2800
2873
1737
1110
1688
2849
2851
1807
1129
1663
2680
2755
1840
1041
1581
2784
2947
1815
1055
1686
2798
2839
1822
1131
1619
2794
2905
1852
1075
1657
2783
2887
1907
1124
1699
2753
2871
1805
1101
1589
2687
2891
1812
1104
1672
2837
2874
1819
1117
1728
2790
2803
1847
1053
1650
2799
2913
1758
1051
1731
2789
2854
1756
1129
1617
2723
2862
1829
1025
1628
2818
2939
1825
989
1707
2827
2823
1706
1119
1727
2739
2798
1757
1088
1625
2825
2873
1843
1102
1689
2813
2779
1801
1084
1653
2759
2874
1799
1069
1700
2788
2865
1817
1078
1632
2870
2833
1740
1104
1708
2730
2878
1876
1004
1644
2842
2917
1690
1018
1696
2767
2801
1779
1164
1643
2762
2846
1844
1098
1651
2842
2887
1863
1103
1721
2738
2864
1809
1092
1684
2746
2864
1827
1083
1624
2822
2900
1782
1054
1709
2814
2847
1848
1073
1635
2722
2857
1785
1021
1563
2757
2930
1820
1057
1607
2850
2899
1783
1031
1662
2770
2812
1843
1092
1690
2790
2827
1761
1086
1725
2746
2875
1814
1062
1615
2851
2927
1826
1027
1655
2810
2922
1846
999
1619
2825
2924
1774
1065
1682
2728
2881
1866
1132
1559
2766
2939
1883
1065
1659
2784
2862
1883
1161
1700
2741
2884
1790
1073
1694
2764
2841
1802
1123
1637
2777
2870
1808
1067
1729
2797
2774
1784
1091
1737
2776
2882
1809
1126
1613
2656
2815
1827
1124
1610
2824
2914
1813
1088
1694
2802
2798
1802
1034
1641
2738
2875
1783
1034
1746
2798
2836
1830
1192
1683
2789
2804
1792
1121
1698
2746
2789
1814
1053
1685
2775
2799
1743
1126
1685
2680
2831
1830
1132
1633
2760
2834
1820
1082
1739
2834
2817
1805
1076
1719
2803
2795
1760
1122
1686
2706
2821
1844
1127
1579
2841
2864
1737
1073
1759
2750
2832
1925
1107
1640
2756
2898
1787
1072
1693
2724
2813
1833
1189
1614
2720
2873
1860
1065
1666
2811
2783
1720
1043
1731
2756
2788
1714
1089
1664
2677
2857
1881
1129
1545
2805
2921
1776
1034
1748
2873
2836
1828
1093
1689
2765
2919
1805
1017
1621
2816
2922
1763
1098
1671
2928
2963
1858
1082
1645
2782
2845
1812
1009
1664
2849
2885
1759
1052
1761
2805
2821
1809
1127
1709
2819
2826
1817
1074
1654
2752
2819
1801
1040
1691
2775
2828
1710
1088
1733
2758
2889
1827
1046
1587
2864
2897
1774
1049
1642
2801
2872
1789
1042
1688
2818
2832
1777
1168
1708
2714
2837
1826
1156
1614
2787
2910
1817
1047
1680
2767
2853
1863
1102
1676
2752
2811
1701
1059
1661
2727
2908
1841
1062
1563
2835
2912
1772
1072
1719
2839
2830
1808
1073
1668
2801
2898
1711
1030
1728
2765
2829
1760
1142
1696
2796
2824
1836
1094
1662
2799
2860
1826
1107
1753
2759
2779
1830
1187
1668
2736
2902
1805
1088
1621
2782
2881
1800
1039
1708
2830
2805
1777
1102
1715
2781
2878
1762
1074
1709
2757
2842
1806
1124
1654
2863
2858
1782
1116
1764
2819
2870
1851
1043
1709
2795
2874
1832
1077
1633
2786
2893
1773
1039
1655
2849
2869
1806
1115
1702
2767
2814
1850
1084
1625
2783
2959
1777
1025
1715
2791
2803
1736
1088
1658
2836
2890
1839
1096
1678
2747
2792
1846
1111
1664
2769
2870
1756
1080
1705
2802
2866
1790
1136
1662
2726
2764
1788
1113
1700
2749
2804
1816
1015
1574
2739
2886
1752
1053
1676
2732
2814
1791
1172
1641
2751
2836
1823
1121
1712
2801
2799
1787
1048
1688
2762
2875
1850
1059
1635
2773
2846
1776
1182
1696
2778
2855
1839
1113
1634
2747
2847
1831
1040
1652
2775
2869
1742
1046
1733
2803
2832
1813
1134
1624
2816
2866
1775
1108
1731
2787
2857
1853
1067
1696
2807
2875
1778
1091
1648
2709
2856
1827
1115
1613
2761
2865
1897
1097
1639
2784
2899
1869
1039
1691
2826
2899
1794
1092
1642
2719
2888
1807
1122
1664
2852
2893
1828
1084
1684
2786
2838
1851
1068
1674
2765
2897
1782
1030
1693
2834
2849
1754
1169
1686
2715
2770
1862
1135
1661
2813
2828
1736
1062
1752
2781
2825
1753
1075
1722
2732
2817
1821
1139
1594
2763
2935
1876
1059
1604
2825
2958
1862
988
1630
2811
2871
1742
1070
1672
2730
2865
1846
1110
1616
2805
2881
1875
1136
1650
2733
2864
1858
1058
1644
2731
2869
1816
1094
1675
2779
2861
1786
1094
1628
2800
2861
1802
1085
1703
2824
2857
1830
1128
1709
2711
2866
1820
1085
1615
2706
2885
1838
1135
1655
2871
2929
1800
1076
1665
2798
2816
1841
1110
1633
2699
2851
1797
1073
1736
2761
2818
1775
1163
1690
2765
2864
1898
1147
1653
2725
2860
1907
1109
1657
2817
2969
1798
1009
1645
2794
2914
1835
1160
1655
2796
2874
1846
1084
1663
2769
2878
1860
1076
1635
2746
2881
1798
1060
1656
2749
2880
1836
1121
1667
2836
2842
1785
1075
1671
2728
2807
1885
1130
1661
2715
2884
1791
1029
1699
2818
2804
1670
1093
1720
2821
2812
1827
1134
1684
2744
2820
1840
1092
1673
2749
2897
1793
1046
1708
2860
2912
1775
1068
1708
2868
2835
1767
1116
1711
2717
2813
1887
1144
1698
2777
2921
1772
1029
1654
2789
2858
1738
1133
1704
2858
2820
1813
1145
1719
2775
2830
1847
1025
1630
2800
2925
1771
1052
1695
2781
2848
1760
1107
1659
2835
2861
1834
1135
1697
2747
2801
1870
1112
1663
2798
2894
1744
1062
1697
2771
2818
1801
1104
1635
2802
2908
1862
1092
1659
2742
2796
1862
1121
1651
2707
2843
1791
1082
1705
2778
2795
1753
1170
1690
2806
2853
1799
1047
1672
2780
2867
1833
1040
1672
2772
2918
1795
1027
1637
2787
2854
1730
1066
1657
2831
2845
1813
1135
1718
2732
2807
1870
1081
1625
2725
2881
1806
1090
1687
2745
2859
1842
1165
1659
2807
2898
1852
1122
1730
2822
2826
1850
1115
1707
2759
2875
1818
1075
1620
2773
2914
1780
1137
1719
2832
2872
1824
1080
1638
2740
2861
1857
1042
1605
2775
2945
1760
1040
1719
2783
2820
1744
1118
1667
2772
2840
1889
1181
1622
2654
2805
1818
1042
1648
2781
2930
1811
1046
1651
2760
2866
1798
1116
1681
2826
2847
1826
1134
1747
2783
2755
1810
1101
1684
2743
2892
1776
1053
1718
2831
2895
1738
1066
1679
2861
2827
1790
1128
1633
2698
2903
1973
1085
1585
2745
2892
1779
1045
1665
2747
2808
1783
1170
1695
2836
2905
1801
1110
1735
2795
2817
1791
1048
1645
2730
2870
1823
1090
1649
2774
2935
1827
1095
1650
2863
2901
1822
1083
1659
2756
2902
1946
1118
1650
2756
2920
1865
1068
1586
2789
2906
1710
1112
1740
2821
2832
1832
1126
1658
2756
2886
1916
1085
1621
2738
2901
1790
1070
1675
2731
2839
1777
1103
1638
2848
2852
1781
1122
1688
2750
2856
1850
1083
1749
2806
2859
1767
1072
1626
2705
2825
1802
1151
1693
2826
2896
1819
1065
1621
2757
2862
1865
1059
1683
2812
2858
1758
1085
1697
2711
2853
1819
1090
1612
2813
2867
1797
1064
1671
2784
2850
1824
1091
1727
2830
2879
1724
1014
1726
2816
2796
1739
1166
1697
2800
2815
1826
1147
1705
2758
2817
1831
1037
1653
2829
2945
1775
1034
1651
2770
2870
1776
1112
1661
2788
2858
1820
1092
1677
2748
2831
1845
1067
1677
2789
2898
1764
1051
1641
2795
2913
1765
1112
1709
2806
2833
1871
1121
1586
2736
2849
1842
1091
1704
2774
2885
1778
1086
1744
2764
2835
1795
1146
1644
2751
2803
1821
1132
1713
2778
2835
1833
1080
1676
2724
2852
1794
1004
1592
2775
2952
1778
1061
1673
2830
2839
1849
1174
1712
2724
2795
1898
1144
1602
2742
2975
1812
974
1637
2808
2904
1799
1110
1641
2778
2869
1841
1104
1667
2819
2891
1826
1012
1681
2803
2887
1798
1073
1640
2738
2884
1778
1141
1716
2806
2859
1874
1147
1670
2736
2769
1855
1141
1680
2772
2853
1773
1100
1684
2699
2811
1829
1178
1678
2793
2831
1805
1116
1735
2794
2840
1799
976
1638
2807
2900
1770
1026
1669
2820
2879
1729
1059
1657
2883
2907
1872
1142
1725
2793
2833
1879
1083
1628
2783
2897
1806
1073
1708
2808
2886
1750
1115
1716
2787
2796
1844
1172
1691
2751
2858
1851
1073
1717
2780
2912
1810
1092
1655
2742
2858
1798
1143
1661
2804
2906
1855
1076
1642
2804
2883
1831
1034
1617
2804
2905
1803
1087
1726
2819
2794
1724
1110
1690
2862
2882
1791
1091
1743
2803
2877
1845
1039
1661
2819
2959
1784
1016
1639
2790
2867
1783
1129
1658
2857
2941
1811
1056
1712
2847
2823
1810
1052
1673
2816
2964
1805
993
1624
2820
2889
1763
1075
1718
2927
2871
1778
1140
1727
2690
2789
1888
1074
1613
2766
2901
1778
1058
1619
2716
2837
1771
1164
1719
2776
2829
1844
1110
1699
2817
2836
1799
1027
1655
2769
2865
1752
1065
1688
2733
2869
1834
1109
1641
2821
2834
1774
1089
1726
2795
2818
1872
1103
1689
2801
2940
1821
1001
1566
2763
2914
1787
1065
1649
2858
2913
1794
1053
1659
2812
2856
1813
1013
1647
2726
2885
1831
1109
1698
2785
2889
1800
1083
1658
2864
2872
1823
1107
1681
2759
2829
1840
993
1644
2818
2898
1764
1110
1685
2716
2844
1830
1113
1617
2822
2894
1810
1121
1684
2770
2825
1862
1050
1589
2773
2941
1784
1038
1721
2835
2866
1840
1112
1645
2817
2840
1787
1077
1711
2843
2892
1835
1027
1697
2836
2872
1759
1072
1657
2805
2919
1737
1075
1671
2783
2871
1882
1093
1636
2761
2869
1851
1097
1630
2715
2914
1824
1060
1711
2796
2882
1843
1164
1641
2823
2855
1838
1140
1678
2748
2833
1871
1082
1693
2774
2867
1828
1078
1669
2769
2838
1769
1103
1709
2857
2836
1845
1167
1662
2666
2848
1897
1052
1651
2805
2931
1750
1036
1706
2776
2882
1829
1103
1641
2822
2840
1799
1138
1704
2744
2870
1922
1052
1639
2834
2948
1787
1011
1619
2748
2881
1817
1104
1659
2835
2895
1865
1110
1648
2759
2844
1854
1064
1636
2711
2853
1845
1080
1624
2776
2890
1811
1114
1682
2896
2838
1716
1134
1786
2736
2792
1925
1096
1621
2725
2874
1743
1025
1718
2788
2851
1772
1134
1630
2788
2867
1832
1114
1683
2798
2815
1823
1069
1637
2741
2884
1770
1012
1717
2857
2861
1739
1007
1658
2899
2846
1779
1125
1692
2750
2850
1839
1055
1696
2743
2839
1759
1061
1679
2794
2889
1812
1113
1679
2822
2829
1807
1154
1649
2684
2832
1903
1092
1557
2737
2966
1791
1009
1645
2786
2891
1782
1131
1705
2806
2766
1829
1166
1670
2718
2877
1950
1067
1578
2702
2926
1853
1065
1662
2772
2882
1789
1075
1704
2891
2797
1735
1124
1703
2707
2761
1849
1078
1627
2783
2933
1835
1043
1667
2778
2862
1733
1129
1782
2815
2742
1881
1242
1692
2700
2856
1860
1064
1672
2795
2880
1814
1081
1588
2741
2929
1817
1164
1706
2806
2822
1850
1197
1729
2778
2827
1853
1060
1604
2738
2889
1853
1091
1694
2782
2845
1819
1181
1698
2809
2851
1814
1093
1650
2700
2821
1859
1075
1633
2744
2929
1838
1044
1606
2808
2961
1756
1095
1725
2913
2840
1755
1137
1713
2723
2834
1901
1105
1630
2775
2950
1769
980
1689
2762
2810
1779
1127
1708
2815
2805
1780
1151
1732
2730
2815
1841
1052
1693
2764
2863
1781
1070
1686
2787
2878
1804
1120
1671
2790
2842
1777
1067
1739
2841
2806
1779
1031
1662
2861
2947
1788
1086
1700
2762
2827
1741
1146
1708
2815
2838
1813
1137
1691
2689
2840
1889
1074
1650
2763
2872
1782
1087
1612
2667
2815
1820
1150
1642
2751
2858
1865
1157
1698
2739
2792
1881
1077
1584
2698
2884
1795
1057
1673
2729
2849
1834
1126
1660
2856
2874
1740
1039
1679
2764
2869
1858
1094
1681
2765
2868
1790
1110
1675
2769
2866
1755
1106
1659
2849
2901
1797
1044
1647
2840
2917
1844
1017
1633
2834
2875
1759
1116
1720
2748
2849
1845
1179
1659
2763
2800
1772
1130
1710
2739
2815
1849
1091
1678
2730
2850
1773
1064
1649
2794
2891
1791
1136
1653
2869
2922
1864
1134
1706
2791
2838
1860
1120
1642
2765
2927
1822
1094
1718
2799
2902
1816
1053
1652
2897
2814
1766
1155
1800
2774
2788
1818
1071
1703
2759
2856
1823
1108
1634
2743
2929
1790
1063
1702
2932
2922
1837
1170
1813
2833
2778
1810
1107
1673
2753
2912
1815
1054
1690
2818
2926
1820
1096
1656
2855
2805
1745
1099
1708
2749
2834
1895
1052
1579
2754
2976
1863
1013
1602
2798
2886
1715
1068
1697
2843
2834
1840
1189
1692
2723
2829
1891
1079
1599
2817
2977
1773
967
1652
2852
2860
1684
1037
1698
2855
2802
1823
1151
1656
2689
2881
1907
1064
1639
2770
2869
1745
1053
1640
2741
2916
1790
1103
1658
2823
2846
1812
1154
1681
2748
2817
1854
1089
1642
2749
2932
1889
1083
1606
2763
2875
1734
1109
1740
2881
2862
1765
1082
1704
2745
2859
1925
1032
1640
2854
2940
1676
965
1700
2820
2846
1674
1055
1701
2904
2937
1816
1117
1695
2835
2881
1807
1041
1610
2743
2887
1787
1080
1681
2775
2877
1800
1074
1674
2891
2874
1771
1108
1720
2804
2857
1894
1181
1720
2740
2871
1766
1016
1622
2742
2811
1773
1137
1709
2807
2854
1842
1117
1631
2714
2833
1872
1095
1598
2713
2929
1836
1037
1613
2741
2870
1809
1082
1633
2850
2840
1761
1123
1689
2699
2821
1881
1065
1641
2796
2883
1777
1051
1620
2778
2866
1779
1136
1668
2848
2878
1833
1138
1690
2763
2853
1834
1037
1652
2808
2905
1757
1028
1655
2752
2826
1819
1124
1608
2855
2878
1750
1072
1761
2814
2788
1812
1086
1670
2737
2885
1817
1037
1632
2727
2891
1834
1116
1638
2846
2931
1848
1101
1660
2782
2854
1856
1068
1649
2790
2904
1776
1035
1636
2813
2907
1734
1042
1680
2828
2782
1748
1083
1689
2713
2811
1897
1097
1623
2723
2933
1800
999
1635
2814
2920
1799
1118
1684
2834
2907
1874
1123
1675
2808
2838
1806
1052
1660
2794
2911
1765
1017
1659
2800
2889
1794
1085
1650
2817
2851
1833
1095
1717
2794
2865
1852
1098
1724
2796
2888
1795
1105
1656
2748
2899
1862
1150
1598
2789
2980
1879
1019
1644
2892
2864
1788
1087
1710
2733
2794
1789
1162
1765
2762
2830
1801
1076
1630
2795
2865
1774
1079
1638
2764
2920
1846
1028
1687
2811
2850
1769
1096
1607
2668
2811
1818
1116
1601
2775
2909
1861
1070
1662
2801
2775
1744
1077
1709
2783
2855
1775
1091
1713
2790
2880
1813
1075
1603
2842
2920
1779
982
1587
2790
2889
1833
1088
1665
2754
2845
1796
1117
1649
2684
2818
1826
1140
1573
2761
2905
1860
1079
1645
2804
2837
1760
1076
1757
2776
2833
1830
1098
1714
2779
2821
1817
1082
1602
2853
2903
1812
1062
1709
2857
2882
1812
1041
1711
2819
2817
1728
1163
1747
2709
2876
1855
1140
1635
2865
2935
1872
1122
1644
2747
2857
1841
1042
1659
2790
2877
1705
1035
1738
2754
2804
1810
1126
1605
2806
2903
1844
1027
1595
2787
2956
1788
936
1687
2818
2831
1783
1134
1658
2702
2867
1892
1140
1590
2777
2915
1884
1085
1626
2782
2908
1859
1078
1665
2797
2874
1722
1073
1755
2830
2840
1799
1119
1679
2836
2772
1766
1131
1726
2778
2802
1885
1106
1660
2865
2975
1821
1074
1637
2788
2869
1747
1116
1645
2826
2912
1862
1082
1678
2831
2886
1832
1026
1654
2741
2858
1848
1125
1665
2714
2881
1855
1074
1638
2825
2858
1832
1112
1669
2763
2813
1823
1121
1677
2751
2872
1696
1004
1685
2828
2810
1698
1137
1721
2804
2751
1766
1140
1675
2711
2766
1849
1057
1598
2753
2941
1865
1038
1684
2866
2851
1730
1128
1711
2755
2799
1848
1101
1655
2770
2860
1833
1045
1680
2727
2812
1827
1119
1652
2737
2916
1802
1074
1668
2794
2818
1854
1186
1707
2765
2849
1850
1102
1675
2733
2827
1764
1116
1770
2809
2816
1774
1076
1627
2830
2844
1793
1109
1741
2789
2825
1867
1047
1678
2819
2912
1798
1094
1669
2813
2843
1721
1160
1737
2866
2820
1787
1103
1699
2808
2813
1805
1060
1656
2786
2900
1757
1020
1679
2777
2841
1742
1049
1664
2889
2884
1773
1097
1653
2684
2832
1899
1067
1598
2716
2947
1812
1031
1609
2809
2907
1770
1127
1651
2815
2845
1798
1093
1668
2736
2731
1822
1106
1610
2774
2950
1771
998
1647
2743
2875
1803
1112
1666
2810
2866
1798
1130
1706
2743
2839
1918
1104
1636
2805
2896
1810
1125
1682
2784
2873
1738
1078
1687
2879
2882
1796
1126
1740
2758
2781
1852
1090
1592
2687
2891
1840
1041
1637
2781
2877
1774
1088
1656
2814
2858
1842
1080
1682
2803
2869
1858
1027
1647
2794
2885
1790
1088
1664
2747
2838
1777
1146
1676
2796
2905
1856
1051
1677
2831
2809
1764
1097
1732
2768
2845
1798
1100
1631
2769
2906
1779
1033
1616
2887
2900
1777
1048
1728
2817
2820
1801
1002
1692
2821
2901
1757
1064
1685
2731
2823
1740
1104
1701
2796
2742
1733
1139
1670
2696
2828
1902
1083
1616
2748
2862
1764
1093
1751
2753
2769
1769
1081
1608
2821
2854
1744
1080
1719
2794
2830
1798
1040
1716
2807
2823
1749
1083
1674
2698
2807
1809
1134
1668
2842
2900
1787
1102
1691
2717
2805
1846
1125
1712
2728
2834
1771
1087
1731
2739
2802
1819
1104
1556
2745
2873
1867
1096
1622
2755
2897
1861
1094
1720
2822
2863
1782
1187
1705
2713
2910
1859
1096
1596
2825
2888
1821
1088
1676
2789
2788
1837
1105
1657
2750
2867
1830
1109
1652
2711
2886
1880
1162
1645
2813
2866
1836
1083
1671
2789
2847
1831
1091
1710
2777
2857
1762
1091
1713
2768
2894
1853
1104
1624
2835
2890
1807
1068
1678
2814
2840
1790
1116
1709
2765
2877
1851
1104
1701
2800
2896
1825
1076
1603
2846
2940
1881
1143
1719
2817
2892
1857
1054
1669
2744
2854
1801
1075
1685
2766
2855
1801
1129
1662
2847
2894
1842
1140
1684
2752
2891
1818
984
1658
2751
2760
1685
1093
1732
2744
2850
1820
1097
1587
2829
2907
1827
1061
1679
2819
2855
1809
1102
1713
2773
2848
1733
1040
1629
2700
2904
1836
1100
1582
2781
2911
1918
1074
1588
2828
2886
1789
1057
1769
2805
2787
1766
1195
1761
2708
2841
1919
1157
1590
2793
2925
1873
1032
1662
2862
2898
1782
1057
1783
2845
2785
1736
1151
1716
2681
2827
1833
1122
1627
2837
2924
1833
1032
1651
2852
2857
1754
1054
1739
2748
2765
1746
1145
1773
2730
2755
1804
1146
1558
2815
2952
1796
1021
1709
2865
2863
1793
1039
1711
2764
2820
1808
1145
1631
2667
2841
1857
1136
1598
2749
2844
1824
1065
1736
2868
2874
1827
1013
1632
2784
2906
1820
1068
1634
2751
2923
1902
1133
1651
2860
2886
1818
1045
1716
2864
2864
1800
1020
1677
2788
2918
1808
1055
1578
2687
2946
1848
1044
1594
2908
2941
1717
997
1697
2866
2863
1805
1038
1630
2732
2829
1770
1074
1721
2759
2787
1804
1175
1673
2807
2868
1839
1068
1663
2826
2910
1881
1127
1778
2773
2827
1796
1087
1700
2804
2877
1823
1135
1678
2817
2885
1798
1024
1652
2842
2860
1838
1049
1629
2771
2896
1814
1130
1776
2755
2841
1812
1087
1614
2799
2887
1831
1072
1727
2811
2797
1814
1088
1673
2731
2849
1774
1088
1686
2759
2829
1772
1101
1645
2846
2889
1824
1107
1676
2780
2840
1794
1004
1660
2795
2842
1779
1096
1717
2731
2742
1754
1086
1632
2806
2873
1860
1128
1666
2758
2864
1868
1092
1638
2727
2907
1826
1064
1646
2766
2939
1829
1126
1737
2876
2877
1891
1121
1636
2820
2887
1873
1111
1660
2786
2958
1851
1064
1688
2820
2861
1787
1114
1651
2817
2870
1787
1035
1688
2810
2819
1796
1084
1750
2814
2848
1774
1090
1652
2699
2874
1853
1084
1618
2839
2898
1820
1054
1710
2831
2831
1822
1093
1671
2734
2906
1835
1050
1671
2828
2866
1727
1069
1703
2896
2838
1786
1160
1716
2727
2839
1858
1057
1596
2739
2922
1786
1071
1708
2837
2863
1739
1179
1746
2823
2823
1779
1105
1714
2797
2751
1800
1030
1591
2739
2845
1773
1010
1609
2778
2938
1791
1102
1750
2867
2807
1757
1116
1714
2722
2866
1944
1111
1667
2755
2924
1811
1053
1664
2783
2893
1789
1161
1708
2788
2801
1911
1209
1644
2736
2889
1904
1039
1596
2784
2921
1788
1046
1752
2847
2849
1749
1145
1743
2822
2818
1849
1156
1666
2700
2903
1933
1104
1712
2812
2887
1722
1069
1700
2727
2893
1821
1097
1704
2857
2816
1790
1197
1723
2661
2815
1893
1091
1634
2770
2936
1779
1012
1680
2822
2916
1730
1031
1689
2813
2755
1708
1136
1787
2790
2745
1789
1114
1661
2714
2951
1825
1034
1680
2836
2881
1697
1031
1740
2906
2845
1828
1188
1743
2766
2785
1882
1144
1622
2716
2950
1827
1020
1668
2819
2886
1744
1090
1717
2883
2804
1773
1138
1726
2811
2859
1893
1100
1680
2789
2948
1859
1026
1571
2739
2871
1770
1107
1661
2764
2800
1780
1095
1743
2792
2825
1813
1070
1682
2775
2866
1749
1054
1693
2753
2854
1808
1154
1678
2840
2863
1872
1146
1689
2764
2881
1890
1068
1654
2782
2965
1789
979
1648
2837
2906
1730
1096
1709
2863
2863
1778
1055
1714
2792
2794
1821
1068
1632
2740
2895
1823
1054
1668
2803
2926
1801
1058
1661
2838
2825
1820
1096
1708
2775
2847
1888
1083
1652
2728
2890
1796
1020
1661
2754
2861
1823
1231
1723
2756
2814
1821
1122
1658
2708
2845
1904
1074
1609
2838
3002
1790
1009
1713
2850
2892
1778
1095
1680
2885
2850
1793
1158
1750
2725
2874
2003
1122
1644
2750
2952
1841
994
1623
2777
2869
1765
1153
1697
2811
2848
1823
1124
1709
2789
2822
1844
1090
1627
2719
2873
1836
1091
1681
2753
2831
1751
1094
1665
2809
2831
1786
1100
1741
2788
2843
1850
1082
1718
2829
2882
1739
1043
1712
2845
2857
1740
1113
1696
2828
2849
1834
1158
1678
2714
2786
1805
1042
1644
2744
2838
1791
1080
1626
2729
2848
1772
1073
1667
2811
2821
1800
1162
1721
2743
2804
1835
1093
1709
2781
2863
1773
1076
1634
2753
2872
1779
1052
1649
2880
2889
1855
1170
1698
2720
2845
1901
1052
1573
2716
2933
1817
1001
1693
2851
2923
1765
1109
1689
2812
2853
1883
1176
1645
2700
2840
1940
1138
1685
2798
2948
1824
1079
1676
2812
2917
1779
1121
1701
2826
2806
1828
1122
1666
2758
2801
1781
1025
1696
2767
2827
1730
1086
1735
2698
2814
1864
1134
1622
2822
2831
1791
1083
1666
2784
2889
1850
1046
1695
2768
2856
1810
1092
1627
2739
2912
1767
1057
1658
2863
2855
1757
1086
1688
2788
2854
1864
1051
1609
2771
2926
1820
1056
1642
2752
2876
1818
1110
1631
2778
2807
1806
1107
1680
2789
2854
1876
1071
1627
2734
2901
1808
1034
1623
2778
2904
1770
1111
1711
2811
2825
1882
1163
1664
2770
2851
1834
1064
1680
2805
2854
1751
1080
1708
2793
2889
1753
1074
1712
2862
2754
1798
1185
1712
2733
2856
1866
1061
1691
2874
2919
1755
1117
1699
2755
2867
1777
1101
1670
2867
2862
1831
1125
1641
2775
2815
1871
1048
1614
2777
2875
1796
1060
1703
2769
2818
1789
1145
1728
2870
2859
1746
1058
1703
2770
2866
1880
1069
1616
2771
2962
1801
939
1582
2792
2918
1745
1095
1679
2850
2855
1801
1109
1673
2741
2771
1795
1076
1653
2745
2892
1842
1096
1679
2790
2836
1787
1090
1598
2803
2840
1736
1051
1732
2822
2812
1819
1075
1683
2766
2875
1769
1052
1620
2761
2850
1732
1114
1700
2847
2840
1805
1119
1656
2766
2844
1865
1095
1644
2716
2879
1790
1049
1669
2729
2808
1762
1084
1664
2832
2829
1778
1140
1665
2700
2860
1877
1009
1620
2756
2849
1734
1034
1646
2747
2900
1765
1082
1639
2807
2835
1817
1114
1712
2812
2818
1844
1034
1611
2785
2928
1740
999
1760
2872
2830
1735
1040
1648
2874
2860
1812
1184
1761
2752
2825
1883
1090
1670
2765
2864
1763
1080
1683
2740
2837
1747
1123
1682
2819
2876
1827
1115
1701
2787
2790
1839
1095
1651
2729
2861
1815
1047
1648
2778
2923
1845
1103
1624
2768
2814
1758
1056
1670
2764
2825
1843
1088
1640
2758
2925
1808
1037
1672
2843
2834
1696
1128
1728
2783
2785
1802
1137
1670
2711
2836
1851
1051
1653
2792
2892
1753
1069
1720
2745
2875
1853
1141
1677
2834
2843
1820
1104
1720
2758
2822
1891
1084
1641
2768
2861
1760
1135
1737
2792
2881
1777
1110
1675
2825
2830
1768
1107
1670
2737
2750
1777
1074
1680
2777
2842
1719
1042
1702
2746
2807
1799
1159
1685
2832
2847
1813
1090
1656
2751
2833
1829
1074
1661
2762
2886
1805
1074
1660
2774
2922
1823
1119
1655
2851
2898
1842
1098
1642
2761
2849
1898
1120
1661
2798
2932
1781
994
1675
2813
2902
1780
1073
1661
2824
2831
1794
1120
1720
2761
2869
1934
1127
1630
2758
2908
1780
1073
1697
2737
2791
1814
1164
1638
2823
2902
1826
1071
1674
2802
2850
1863
1056
1619
2761
2936
1869
1093
1643
2737
2872
1778
1102
1697
2784
2838
1813
1153
1731
2726
2877
1876
1055
1624
2783
2890
1718
1005
1616
2778
2880
1763
1061
1636
2866
2850
1793
1086
1645
2769
2786
1809
1127
1690
2736
2880
1802
1084
1703
2755
2840
1768
1083
1679
2801
2815
1855
1133
1639
2718
2912
1919
1054
1675
2808
2870
1728
1050
1655
2750
2903
1813
1042
1608
2835
2873
1784
1069
1740
2799
2805
1811
1045
1672
2793
2866
1717
1082
1821
2827
2825
1753
1121
1746
2813
2767
1723
1138
1738
2722
2799
1897
1087
1626
2796
2936
1746
1015
1724
2825
2825
1806
1197
1653
2753
2852
1828
1084
1670
2766
2820
1876
1060
1626
2720
2885
1850
1061
1665
2829
2892
1728
1056
1638
2857
2850
1744
1083
1717
2739
2843
1907
1084
1667
2793
2877
1767
1087
1674
2731
2875
1835
1126
1649
2806
2844
1796
1127
1698
2753
2769
1862
1069
1561
2689
2887
1812
1094
1665
2731
2841
1826
1178
1691
2769
2835
1849
1171
1747
2713
2791
1899
1111
1663
2700
2870
1802
1061
1671
2735
2844
1773
1105
1682
2826
2833
1873
1188
1581
2671
2861
1884
1052
1658
2770
2871
1789
1110
1716
2729
2844
1891
1134
1603
2797
2891
1804
1082
1640
2729
2855
1878
1053
1672
2824
2900
1769
1038
1663
2754
2865
1819
1126
1602
2818
2904
1806
1048
1682
2811
2839
1846
1127
1711
2803
2905
1806
1131
1704
2725
2876
1814
1120
1667
2782
2823
1808
1131
1733
2751
2845
1928
1123
1639
2708
2883
1817
1070
1628
2711
2856
1830
1113
1590
2793
2893
1854
1105
1711
2804
2799
1819
1075
1626
2796
2948
1819
1057
1620
2751
2850
1775
1122
1650
2787
2832
1806
1082
1643
2785
2847
1808
1050
1686
2809
2917
1766
1048
1706
2813
2859
1794
1120
1662
2872
2961
1808
1042
1717
2811
2786
1844
1102
1571
2728
2950
1802
969
1626
2824
2851
1729
1115
1670
2804
2811
1836
1080
1637
2771
2858
1854
1068
1707
2794
2848
1763
1093
1710
2734
2882
1834
1103
1602
2829
2942
1764
1062
1730
2786
2843
1907
1099
1585
2744
2936
1753
1017
1684
2827
2831
1759
1154
1705
2764
2862
1921
1169
1615
2680
2844
1890
1121
1681
2730
2867
1767
1093
1684
2725
2832
1784
1126
1668
2858
2902
1755
1098
1739
2747
2737
1817
1075
1616
2754
2913
1765
1049
1701
2786
2821
1785
1157
1668
2785
2865
1889
1160
1716
2793
2889
1861
1054
1641
2804
2926
1794
1041
1622
2821
2935
1781
1087
1688
2791
2846
1892
1151
1645
2779
2880
1866
1072
1665
2755
2875
1756
1045
1640
2743
2850
1776
1128
1673
2845
2834
1748
1124
1752
2770
2825
1883
1083
1680
2833
2958
1782
1047
1691
2812
2870
1772
1093
1641
2825
2865
1794
1067
1724
2824
2794
1824
1049
1620
2777
2938
1727
929
1616
2817
2883
1725
1025
1645
2850
2809
1779
1119
1638
2707
2901
1918
1038
1665
2801
2910
1784
1021
1600
2726
2847
1805
1221
1726
2823
2858
1808
1107
1755
2844
2825
1852
1128
1670
2787
2924
1777
987
1610
2781
2887
1792
1061
1603
2805
2867
1849
1167
1701
2728
2852
1927
1092
1587
2700
2959
1863
1053
1633
2800
2908
1750
1075
1691
2846
2870
1854
1159
1684
2735
2815
1912
1113
1565
2716
2949
1813
981
1639
2853
2895
1737
1063
1701
2844
2863
1856
1104
1667
2783
2881
1888
1132
1681
2771
2943
1827
1092
1679
2782
2878
1773
1110
1649
2776
2855
1876
1086
1632
2734
2827
1837
1049
1654
2775
2909
1773
1048
1742
2771
2800
1769
1125
1655
2837
2835
1758
1107
1698
2723
2799
1868
1105
1671
2791
2940
1854
1050
1612
2796
2906
1775
1122
1691
2811
2811
1775
1139
1711
2739
2785
1857
1057
1576
2769
2984
1794
1024
1688
2830
2865
1761
1110
1688
2807
2751
1811
1184
1701
2728
2825
1848
1106
1702
2754
2838
1768
1130
1678
2708
2847
1826
1129
1636
2811
2897
1846
1096
1634
2746
2808
1815
1100
1690
2738
2851
1799
1110
1646
2723
2894
1828
1133
1651
2841
2935
1816
991
1607
2787
2848
1774
1037
1725
2769
2817
1770
1125
1679
2731
2834
1805
1147
1630
2817
2886
1844
1111
1699
2813
2800
1802
1051
1616
2741
2910
1835
1033
1710
2862
2939
1777
1113
1707
2899
2888
1761
1073
1728
2817
2846
1849
1072
1687
2793
2853
1753
1102
1666
2677
2847
1855
1101
1612
2823
2928
1886
1072
1649
2799
2842
1817
1068
1697
2792
2859
1819
1171
1710
2724
2875
1865
1111
1622
2864
2917
1834
1059
1642
2766
2875
1866
1042
1624
2748
2941
1837
999
1624
2770
2887
1738
1067
1681
2887
2882
1829
1112
1666
2716
2782
1834
1086
1622
2715
2903
1833
1047
1674
2783
2891
1857
1095
1587
2797
2886
1848
1102
1643
2767
2907
1886
1065
1646
2771
2934
1811
1043
1708
2854
2861
1722
1099
1753
2881
2859
1837
1124
1702
2779
2821
1836
1033
1623
2783
2894
1753
1076
1694
2747
2812
1781
1081
1626
2787
2796
1809
1143
1702
2746
2814
1850
1020
1637
2786
2917
1799
1086
1635
2734
2855
1798
1118
1702
2842
2849
1875
1119
1670
2806
2861
1841
1014
1618
2808
2890
1728
1044
1690
2795
2905
1821
1080
1673
2842
2793
1775
1165
1749
2749
2787
1888
1095
1603
2726
2896
1777
1068
1669
2778
2876
1814
1105
1670
2863
2901
1841
1139
1678
2792
2887
1869
1048
1666
2787
2880
1769
1028
1697
2757
2812
1824
1134
1660
2795
2838
1786
1041
1723
2861
2876
1839
1042
1668
2825
2935
1789
1060
1680
2779
2807
1758
1136
1678
2819
2876
1873
1126
1647
2759
2816
1851
1057
1619
2782
2890
1761
1029
1703
2813
2809
1775
1142
1679
2811
2888
1812
1036
1650
2782
2813
1786
1085
1758
2787
2820
1739
1078
1656
2785
2953
1848
1156
1678
2824
2879
1831
1115
1668
2754
2816
1872
1117
1674
2650
2774
1843
1100
1637
2738
2896
1821
1087
1664
2809
2817
1753
1080
1740
2824
2812
1735
1048
1735
2785
2810
1736
1144
1717
2712
2820
1819
1170
1593
2750
2905
1916
1106
1665
2825
2823
1765
1051
1689
2749
2804
1773
1137
1741
2707
2786
1830
1112
1578
2771
2908
1850
994
1634
2808
2858
1802
1057
1766
2826
2833
1737
1102
1730
2787
2873
1802
1162
1679
2790
2884
1841
1075
1607
2796
2878
1803
1056
1689
2791
2866
1764
1123
1719
2722
2811
1853
1180
1602
2772
2870
1801
1055
1674
2801
2790
1751
1080
1755
2779
2761
1762
1157
1694
2651
2802
1854
1136
1580
2785
2932
1859
1045
1688
2887
2853
1783
1142
1719
2694
2817
1831
1118
1698
2768
2888
1865
1064
1574
2834
2906
1802
1077
1663
2738
2840
1871
1066
1659
2782
2893
1813
1115
1669
2733
2905
1816
1132
1684
2845
2863
1844
1166
1688
2728
2849
1905
1090
1634
2731
2910
1833
1096
1686
2742
2830
1780
1124
1657
2855
2885
1803
1128
1696
2802
2913
1842
1014
1691
2804
2834
1686
1068
1694
2752
2860
1809
1072
1589
2803
2872
1873
1096
1610
2779
2905
1834
1019
1624
2808
2925
1783
1095
1739
2770
2825
1792
1117
1627
2803
2825
1806
1153
1669
2731
2837
1882
1091
1625
2694
2892
1822
1020
1603
2776
2909
1786
1098
1717
2856
2841
1825
1128
1726
2845
2872
1872
1059
1666
2853
2941
1784
1115
1704
2682
2845
1846
1105
1615
2822
2889
1844
1129
1688
2759
2835
1896
1116
1644
2700
2881
1813
1050
1628
2773
2884
1763
1120
1682
2814
2854
1850
1124
1674
2783
2862
1869
1012
1589
2817
2896
1711
1084
1730
2726
2830
1836
1111
1665
2876
2862
1746
1079
1745
2806
2840
1873
1087
1673
2785
2958
1803
1033
1633
2739
2910
1879
1139
1645
2860
2960
1841
1030
1651
2819
2858
1844
1076
1666
2767
2919
1763
975
1662
2856
2887
1712
1064
1705
2853
2813
1862
1172
1586
2684
2925
1920
997
1615
2855
2994
1747
1016
1734
2807
2846
1789
1096
1712
2868
2884
1772
1090
1699
2773
2781
1854
1130
1683
2742
2873
1800
1075
1657
2769
2850
1778
1125
1677
2789
2840
1850
1134
1640
2786
2931
1885
1069
1651
2788
2899
1778
1046
1687
2746
2827
1817
1177
1674
2818
2862
1851
1163
1705
2721
2815
1904
1088
1621
2794
2952
1761
990
1691
2798
2857
1780
1097
1661
2745
2833
1870
1113
1641
2790
2884
1851
1035
1627
2700
2867
1822
1051
1616
2771
2935
1768
1032
1661
2815
2860
1843
1133
1680
2764
2858
1813
1026
1659
2790
2877
1763
1062
1682
2759
2832
1749
1104
1659
2830
2803
1785
1155
1649
2666
2826
1902
1072
1654
2785
2913
1784
1040
1659
2758
2878
1750
1068
1673
2897
2882
1779
1138
1723
2710
2790
1874
1094
1638
2803
2955
1753
995
1738
2789
2805
1747
1090
1692
2860
2855
1833
1140
1707
2753
2860
1885
1060
1614
2766
2924
1755
996
1669
2809
2873
1765
1120
1676
2784
2782
1782
1147
1730
2744
2806
1882
1129
1603
2712
2896
1781
1020
1702
2854
2859
1709
1059
1738
2857
2780
1816
1148
1667
2748
2893
1842
1024
1631
2757
2892
1770
1020
1658
2759
2849
1765
1113
1727
2828
2785
1786
1140
1685
2769
2893
1840
1055
1641
2800
2940
1820
1082
1707
2827
2922
1815
1099
1688
2890
2844
1766
1157
1729
2679
2859
1929
1072
1617
2746
2923
1811
1018
1624
2814
2925
1725
1066
1721
2823
2764
1771
1163
1761
2715
2782
1883
1119
1595
2719
2980
1826
983
1669
2841
2848
1705
1096
1713
2846
2832
1773
1100
1730
2777
2870
1941
1126
1604
2679
2944
1815
971
1581
2818
2915
1712
1097
1746
2851
2786
1809
1182
1737
2738
2847
1894
1068
1624
2787
2959
1778
1029
1647
2770
2871
1797
1068
1656
2826
2805
1826
1188
1696
2718
2825
1888
1112
1680
2814
2945
1762
1022
1700
2849
2875
1746
1179
1758
2805
2832
1802
1151
1704
2743
2874
1964
1154
1638
2715
2926
1854
1044
1660
2807
2879
1733
1056
1695
2858
2833
1809
1175
1660
2681
2823
1901
1172
1697
2703
2895
1834
1037
1588
2745
2902
1766
1093
1715
2875
2834
1768
1154
1721
2695
2803
1917
1127
1581
2718
2992
1884
1000
1595
2805
2884
1713
1050
1697
2847
2837
1766
1123
1683
2701
2790
1861
1115
1667
2791
2927
1776
1023
1654
2799
2808
1695
1113
1728
2861
2803
1824
1191
1682
2697
2866
1939
1060
1584
2760
2919
1753
995
1717
2811
2827
1756
1179
1732
2794
2747
1795
1214
1750
2722
2820
1845
1057
1644
2722
2920
1825
1010
1620
2791
2877
1790
1121
1646
2815
2848
1814
1136
1729
2809
2811
1867
1081
1601
2732
2918
1813
1012
1677
2811
2817
1739
1072
1685
2850
2892
1816
1079
1711
2837
2907
1872
1059
1671
2811
2924
1785
1051
1649
2797
2878
1725
1004
1640
2891
2911
1808
1132
1722
2757
2753
1840
1101
1628
2727
2900
1832
1060
1640
2803
2920
1846
1098
1617
2822
2845
1797
1090
1689
2714
2785
1883
1099
1652
2801
2935
1789
1053
1686
2778
2903
1810
1088
1668
2820
2818
1798
1156
1724
2754
2822
1937
1099
1534
2745
3002
1833
1014
1686
2814
2863
1799
1089
1623
2840
2848
1739
1052
1689
2774
2827
1855
1108
1698
2764
2852
1807
1108
1657
2774
2893
1795
1071
1660
2843
2827
1833
1143
1707
2784
2835
1843
1076
1648
2812
2925
1776
1073
1670
2773
2903
1823
1102
1584
2755
2859
1886
1113
1600
2721
2881
1830
1024
1732
2775
2827
1783
1153
1672
2656
2864
1797
1053
1610
2896
2952
1785
1045
1692
2817
2804
1774
1069
1736
2857
2862
1789
1155
1657
2664
2857
1873
1074
1570
2848
2878
1805
1065
1694
2823
2833
1788
1027
1689
2842
2884
1753
1083
1699
2751
2852
1846
1133
1612
2770
2863
1808
1062
1670
2836
2848
1792
1050
1698
2787
2840
1782
1133
1670
2705
2844
1819
1128
1612
2832
2906
1759
1016
1732
2839
2770
1773
1122
1760
2709
2800
1856
1181
1709
2717
2834
1847
1142
1630
2814
2897
1822
1058
1665
2787
2841
1795
1009
1680
2859
2851
1724
1123
1703
2686
2782
1852
1193
1585
2742
2867
1860
1086
1717
2821
2818
1858
1083
1699
2762
2866
1828
1140
1711
2770
2880
1834
1107
1571
2819
2974
1872
1024
1645
2839
2877
1791
1014
1728
2816
2814
1792
1202
1766
2710
2843
1889
1139
1552
2781
2895
1815
1066
1689
2813
2906
1798
1027
1725
2828
2851
1723
1101
1762
2822
2794
1739
1177
1687
2772
2842
1827
1083
1706
2878
2837
1750
1014
1684
2779
2836
1769
1116
1734
2706
2803
1831
1174
1622
2772
2879
1812
1034
1613
2734
2858
1813
1017
1695
2806
2825
1718
1109
1729
2753
2814
1830
1206
1663
2773
2920
1885
1049
1651
2874
2863
1754
1050
1749
2806
2837
1769
1119
1711
2728
2874
1891
1122
1604
2819
2908
1814
1050
1668
2806
2859
1863
1114
1712
2778
2874
1776
1105
1677
2725
2860
1826
1110
1601
2793
2886
1816
1062
1672
2806
2799
1790
1092
1697
2779
2823
1719
1079
1729
2776
2901
1875
1136
1603
2819
2918
1810
1027
1654
2817
2828
1791
1043
1683
2754
2841
1829
1144
1590
2687
2898
1859
1133
1627
2800
2921
1841
1032
1633
2810
2897
1914
1095
1621
2752
2869
1812
1120
1692
2794
2884
1830
1079
1559
2820
2900
1820
1046
1634
2795
2843
1824
1038
1689
2791
2822
1735
1094
1714
2728
2817
1827
1181
1645
2752
2848
1827
1093
1650
2788
2862
1798
1021
1663
2785
2800
1788
1154
1763
2763
2833
1850
1073
1565
2833
2908
1812
1061
1681
2759
2813
1844
1114
1672
2720
2904
1804
1070
1630
2729
2841
1763
1104
1644
2770
2819
1831
1122
1679
2775
2800
1790
1057
1657
2724
2818
1766
1080
1689
2741
2899
1829
1090
1674
2887
2867
1778
1102
1772
2829
2827
1831
1041
1634
2783
2873
1771
1084
1681
2758
2901
1805
1093
1614
2866
2951
1843
1065
1631
2769
2810
1774
1026
1677
2824
2852
1731
1102
1784
2765
2752
1756
1149
1661
2745
2855
1841
1014
1676
2839
2849
1821
1011
1699
2888
2897
1713
1075
1694
2738
2895
1852
1071
1553
2757
2882
1812
1087
1692
2803
2867
1852
1085
1686
2712
2828
1837
1145
1688
2711
2835
1857
1121
1562
2795
2896
1798
1029
1664
2844
2869
1773
1000
1749
2805
2793
1765
1080
1591
2705
2890
1834
1080
1603
2828
2943
1769
1003
1725
2825
2769
1814
1097
1618
2697
2870
1792
1073
1680
2735
2850
1820
1134
1651
2795
2871
1799
1082
1705
2774
2836
1837
1101
1686
2739
2869
1824
1043
1611
2801
2894
1800
1097
1638
2813
2918
1882
1056
1697
2876
2830
1769
1030
1716
2818
2863
1759
1112
1731
2737
2851
1917
1162
1570
2771
2949
1906
1063
1674
2803
2867
1873
1075
1659
2761
2836
1755
1125
1721
2738
2810
1764
1125
1637
2822
2911
1753
968
1684
2910
2886
1769
994
1724
2833
2781
1723
1120
1773
2764
2795
1760
1114
1682
2820
2824
1777
1098
1739
2821
2829
1802
1108
1737
2797
2816
1730
1102
1683
2692
2847
1855
1170
1673
2848
2947
1799
1042
1686
2850
2808
1729
1008
1665
2795
2868
1749
1064
1697
2733
2883
1874
1105
1597
2839
2948
1849
1051
1701
2851
2871
1791
1056
1733
2759
2791
1735
1116
1662
2673
2838
1836
1127
1593
2789
2900
1873
1093
1595
2754
2905
1839
993
1637
2806
2871
1757
1091
1665
2653
2819
1880
1179
1573
2815
2927
1796
1028
1667
2823
2840
1814
1080
1738
2750
2794
1805
1157
1656
2686
2872
1851
1129
1659
2776
2904
1905
1125
1693
2790
2796
1773
1010
1707
2817
2800
1728
1109
1730
2722
2797
1840
1137
1602
2801
2863
1813
1073
1660
2775
2912
1876
997
1667
2839
2882
1738
1072
1658
2664
2845
1857
1138
1602
2818
2933
1856
1053
1661
2854
2858
1793
1073
1749
2875
2830
1690
1101
1735
2705
2801
1890
1155
1552
2761
2939
1913
1046
1605
2807
2917
1824
1062
1758
2817
2863
1773
1104
1653
2702
2912
1866
1090
1601
2871
2996
1851
999
1655
2867
2852
1746
1060
1734
2807
2822
1747
1088
1711
2746
2897
1882
1160
1668
2829
2937
1830
1000
1682
2898
2874
1758
1067
1784
2787
2806
1752
1135
1725
2713
2819
1860
1111
1570
2777
2915
1794
1002
1632
2875
2897
1770
1045
1722
2743
2802
1754
1121
1720
2697
2848
1875
1105
1582
2783
2899
1804
1052
1684
2832
2886
1881
1102
1703
2812
2851
1735
1088
1668
2698
2780
1812
1227
1641
2714
2879
1919
1108
1684
2806
2796
1786
1047
1663
2752
2820
1781
1092
1673
2710
2800
1872
1127
1544
2799
2964
1848
988
1615
2814
2857
1808
1053
1718
2787
2830
1787
1142
1673
2699
2880
1823
1093
1608
2835
2900
1813
1071
1687
2812
2801
1793
1071
1729
2832
2855
1732
1096
1720
2703
2802
1898
1192
1542
2727
2955
1924
1038
1607
2851
2901
1787
1024
1720
2735
2779
1778
1099
1587
2692
2873
1857
1134
1585
2752
2935
1918
1044
1627
2881
2873
1747
998
1710
2859
2838
1748
1140
1702
2710
2791
1804
1125
1603
2756
2835
1853
1102
1651
2790
2892
1827
1041
1739
2831
2848
1724
1106
1691
2705
2834
1797
1100
1635
2879
2921
1744
1009
1664
2858
2881
1805
1064
1675
2715
2782
1790
1144
1711
2761
2893
1888
1073
1536
2824
2922
1800
1068
1709
2845
2833
1790
1060
1722
2808
2871
1757
1081
1682
2720
2837
1805
1130
1624
2799
2934
1860
1059
1673
2814
2853
1802
1033
1660
2796
2858
1732
1111
1679
2677
2778
1837
1155
1577
2804
2963
1873
1056
1741
2872
2838
1840
1101
1686
2767
2892
1823
1066
1643
2731
2845
1787
1084
1636
2813
2864
1791
1095
1682
2783
2837
1848
1085
1640
2736
2926
1837
1039
1664
2789
2912
1847
1073
1654
2823
2838
1778
1099
1736
2787
2789
1776
1012
1650
2748
2853
1796
1056
1619
2732
2879
1797
1109
1685
2842
2855
1819
1090
1629
2786
2854
1787
1025
1693
2802
2828
1752
1122
1719
2753
2847
1788
1082
1621
2823
2823
1818
1042
1649
2806
2846
1810
1097
1728
2814
2895
1796
1071
1656
2791
2892
1795
1072
1614
2810
2917
1823
1057
1677
2783
2769
1818
1130
1666
2649
2831
1817
1050
1663
2787
2938
1777
1065
1642
2852
2893
1805
1098
1677
2788
2842
1835
1040
1679
2794
2854
1783
1078
1642
2767
2852
1803
1066
1630
2823
2902
1837
1099
1667
2753
2814
1832
1089
1712
2730
2855
1807
1062
1616
2717
2885
1881
1172
1640
2787
2854
1835
1110
1644
2748
2916
1909
1030
1647
2822
2838
1692
1065
1731
2786
2870
1794
1143
1663
2817
2834
1785
1137
1753
2778
2812
1839
1046
1631
2767
2859
1800
1086
1714
2749
2864
1818
1103
1688
2893
2912
1795
1078
1693
2804
2895
1815
1073
1697
2812
2937
1760
1044
1650
2777
2886
1773
1097
1658
2889
2914
1781
1054
1691
2792
2823
1846
1104
1676
2777
2901
1788
1055
1678
2773
2811
1783
1097
1620
2814
2815
1821
1182
1741
2729
2804
1915
1165
1717
2698
2827
1765
1035
1648
2746
2900
1841
1124
1594
2813
2904
1790
1081
1703
2800
2894
1901
1100
1685
2808
2873
1772
1109
1691
2694
2862
1812
1150
1648
2772
2855
1830
1063
1619
2791
2908
1860
1025
1660
2818
2895
1773
1068
1695
2804
2845
1749
1105
1635
2807
2878
1782
1057
1673
2796
2838
1843
1075
1611
2737
2919
1857
1127
1694
2774
2904
1844
1155
1622
2767
2839
1832
1132
1707
2807
2827
1818
1081
1702
2798
2939
1762
1040
1636
2724
2864
1790
1095
1682
2840
2906
1804
1061
1697
2844
2882
1889
1088
1645
2733
2920
1882
1105
1640
2786
2878
1771
1090
1668
2826
2804
1755
1127
1797
2791
2800
1882
1108
1685
2813
2941
1785
1060
1659
2804
2874
1770
1110
1668
2874
2898
1813
1107
1695
2752
2785
1917
1167
1611
2675
2920
1854
1044
1679
2800
2905
1809
1113
1658
2809
2833
1840
1126
1635
2706
2879
1940
1028
1538
2772
2973
1795
990
1690
2833
2888
1742
1075
1682
2824
2819
1811
1110
1676
2775
2803
1847
1133
1630
2757
2964
1829
1028
1690
2790
2821
1785
1164
1699
2825
2842
1763
1118
1739
2776
2810
1816
1075
1647
2740
2893
1816
1071
1642
2820
2902
1759
1162
1720
2825
2794
1770
1144
1722
2737
2789
1936
1123
1556
2721
2977
1785
985
1665
2803
2884
1741
1076
1694
2876
2838
1742
1113
1731
2761
2783
1839
1056
1656
2804
2950
1792
1005
1662
2877
2877
1669
1085
1745
2835
2768
1776
1146
1692
2761
2803
1880
1112
1611
2757
2933
1785
1026
1694
2839
2803
1682
1085
1746
2827
2781
1805
1147
1776
2791
2827
1891
1084
1671
2777
2912
1757
1050
1660
2788
2889
1704
1053
1729
2857
2823
1794
1158
1710
2736
2803
1870
1085
1600
2750
2910
1805
1063
1711
2787
2830
1809
1166
1647
2810
2880
1854
1151
1715
2721
2823
1903
1090
1656
2748
2846
1769
1119
1675
2724
2898
1793
1046
1609
2834
2852
1803
1100
1680
2775
2804
1854
1088
1584
2718
2915
1843
1056
1655
2774
2895
1787
1069
1673
2838
2827
1791
1162
1743
2786
2849
1846
1083
1662
2747
2907
1710
1009
1664
2750
2837
1747
1122
1662
2783
2847
1850
1090
1609
2831
2862
1791
1034
1671
2741
2846
1794
1093
1692
2735
2865
1863
1127
1643
2866
2842
1793
1117
1669
2785
2916
1872
1032
1641
2717
2830
1814
1086
1614
2732
2927
1808
1140
1691
2755
2810
1821
1120
1693
2804
2884
1892
1073
1587
2757
2954
1770
991
1610
2764
2843
1806
1100
1615
2846
2885
1789
1094
1725
2814
2805
1839
1095
1668
2773
2920
1826
1008
1565
2799
2922
1751
1110
1703
2796
2866
1836
1074
1712
2791
2765
1811
1099
1631
2712
2897
1822
1057
1660
2775
2883
1835
1127
1603
2769
2864
1812
1100
1713
2789
2844
1859
1120
1701
2746
2876
1781
1053
1625
2709
2807
1796
1190
1667
2801
2890
1878
1116
1645
2759
2843
1769
1006
1691
2831
2843
1754
1085
1697
2755
2803
1793
1148
1676
2824
2895
1848
1077
1673
2782
2860
1828
1064
1690
2755
2833
1788
1127
1716
2762
2820
1761
1163
1662
2818
2877
1807
1082
1662
2785
2810
1817
1099
1643
2788
2893
1737
1052
1711
2750
2785
1785
1126
1655
2835
2899
1764
1082
1725
2786
2848
1793
1004
1671
2837
2854
1741
1096
1650
2686
2903
1832
1084
1651
2848
2919
1836
1098
1695
2817
2852
1782
1043
1689
2820
2838
1741
1080
1782
2810
2815
1808
1166
1613
2782
2886
1788
1006
1649
2811
2864
1822
1054
1690
2816
2882
1745
1034
1625
2726
2835
1776
1095
1644
2817
2891
1852
1137
1724
2775
2807
1907
1144
1628
2717
2914
1833
1057
1633
2743
2883
1817
1128
1655
2826
2865
1829
1144
1665
2735
2849
1884
1083
1658
2706
2828
1824
1144
1715
2740
2855
1830
1092
1609
2853
2916
1810
1092
1707
2811
2839
1859
1077
1657
2735
2895
1783
1029
1622
2738
2860
1830
1119
1657
2807
2861
1835
1088
1687
2748
2847
1931
1071
1561
2768
2975
1815
1045
1665
2706
2784
1798
1185
1710
2810
2847
1870
1109
1630
2767
2818
1866
1098
1667
2753
2895
1749
982
1699
2824
2835
1767
1159
1718
2833
2854
1806
1094
1679
2721
2891
1892
1054
1671
2804
2906
1807
1105
1656
2755
2891
1810
1095
1649
2843
2880
1828
1104
1684
2731
2781
1814
1085
1696
2742
2863
1831
1109
1705
2779
2855
1724
1083
1745
2923
2811
1756
1108
1742
2795
2807
1824
1097
1700
2782
2895
1819
1050
1601
2773
2867
1731
1062
1651
2849
2843
1793
1136
1671
2707
2820
1871
1068
1642
2794
2909
1738
1045
1734
2812
2811
1770
1170
1695
2763
2800
1821
1137
1651
2759
2858
1769
1030
1721
2769
2825
1811
1073
1636
2782
2901
1746
1058
1705
2891
2801
1777
1184
1751
2760
2844
1875
997
1556
2762
2899
1817
1093
1695
2777
2912
1835
1108
1668
2816
2821
1820
1152
1713
2775
2896
1910
1125
1674
2730
2867
1841
1092
1659
2812
2866
1702
1135
1775
2832
2741
1797
1169
1678
2765
2787
1834
1092
1660
2781
2869
1791
1135
1781
2822
2829
1765
1075
1693
2860
2832
1819
1134
1755
2786
2812
1868
1112
1673
2746
2934
1767
987
1624
2763
2904
1763
1090
1666
2841
2883
1789
1039
1611
2775
2869
1829
1030
1612
2756
2866
1729
1035
1678
2763
2890
1805
1116
1682
2837
2873
1889
1144
1566
2718
2937
1943
1018
1630
2821
2888
1772
1056
1684
2785
2874
1827
1142
1624
2744
2816
1845
1114
1655
2756
2831
1891
1072
1609
2805
2979
1837
1056
1618
2791
2893
1793
1049
1626
2864
2918
1800
1083
1660
2745
2815
1875
1069
1643
2784
2911
1778
1038
1620
2746
2902
1759
1118
1682
2841
2830
1806
1150
1736
2788
2778
1842
1081
1626
2742
2873
1791
1064
1701
2783
2837
1755
1125
1714
2872
2834
1821
1154
1675
2753
2811
1826
1069
1689
2773
2902
1813
1086
1730
2800
2860
1806
1137
1687
2814
2853
1853
1130
1743
2850
2821
1794
1064
1651
2754
2862
1841
1150
1670
2764
2951
1815
1062
1647
2852
2854
1798
1129
1719
2755
2816
1860
1065
1640
2789
2898
1809
1036
1633
2792
2849
1738
1094
1722
2888
2838
1844
1145
1653
2747
2885
1888
1070
1620
2752
2878
1734
1070
1769
2821
2880
1821
1103
1619
2793
2889
1866
1093
1717
2790
2847
1855
1096
1644
2719
2902
1801
1083
1645
2763
2885
1767
1156
1744
2797
2823
1866
1211
1750
2842
2850
1864
1100
1687
2861
2924
1767
1069
1712
2806
2875
1782
1146
1712
2853
2871
1834
1153
1722
2811
2884
1896
1102
1681
2813
2921
1737
1026
1754
2861
2827
1729
1121
1727
2849
2837
1814
1165
1681
2721
2810
1903
1126
1636
2749
2927
1832
1085
1674
2747
2870
1801
1123
1662
2834
2868
1776
1086
1758
2817
2828
1858
1054
1640
2752
2907
1795
1030
1681
2803
2831
1774
1183
1682
2714
2819
1925
1154
1651
2749
2803
1849
1094
1679
2766
2896
1855
1088
1623
2714
2824
1807
1093
1661
2877
2827
1715
1072
1737
2763
2789
1869
1148
1678
2749
2930
1794
1000
1654
2830
2858
1681
1098
1773
2853
2777
1816
1181
1713
2758
2853
1884
1075
1654
2787
2898
1753
1031
1720
2836
2884
1755
1083
1687
2854
2822
1788
1102
1704
2749
2851
1868
1078
1656
2767
2908
1802
1076
1669
2705
2821
1799
1167
1716
2800
2880
1916
1168
1656
2760
2856
1874
1059
1611
2779
2934
1785
1081
1760
2795
2868
1831
1116
1629
2781
2872
1882
1131
1669
2761
2911
1875
1017
1644
2740
2897
1787
1046
1661
2761
2909
1790
1070
1661
2867
2884
1770
1080
1689
2702
2814
1928
1067
1589
2725
2900
1804
1021
1649
2734
2806
1781
1087
1595
2814
2899
1789
1046
1678
2817
2819
1825
1125
1701
2733
2904
1840
1037
1647
2799
2830
1704
1118
1711
2809
2847
1855
1140
1691
2746
2785
1837
1099
1651
2741
2875
1775
1097
1753
2772
2817
1822
1138
1636
2829
2881
1804
1069
1653
2765
2860
1887
1058
1648
2761
2859
1799
1077
1639
2759
2859
1816
1168
1627
2782
2907
1891
1074
1592
2799
2912
1854
1044
1695
2818
2915
1822
1087
1644
2741
2942
1867
1041
1577
2867
2894
1825
1125
1614
2723
2874
1873
1055
1656
2787
2907
1792
1049
1666
2749
2862
1809
1144
1644
2813
2947
1871
1104
1646
2821
2840
1786
1089
1718
2768
2871
1804
1090
1661
2759
2911
1807
1065
1683
2864
2839
1765
1089
1708
2727
2858
1908
1013
1598
2790
2915
1857
1118
1593
2712
2899
1829
1099
1605
2777
2858
1827
1058
1649
2801
2857
1782
1010
1695
2835
2880
1720
1045
1754
2824
2843
1792
1193
1640
2797
2933
1858
1051
1658
2839
2873
1788
1082
1792
2841
2749
1696
1172
1729
2726
2789
1789
1145
1679
2786
2837
1866
1121
1675
2872
2890
1767
1043
1719
2860
2903
1758
1109
1692
2731
2864
1859
1138
1623
2805
2859
1841
1086
1677
2827
2864
1785
1047
1732
2841
2871
1742
1018
1597
2769
2860
1742
1051
1664
2866
2838
1827
1118
1677
2734
2807
1819
1070
1675
2754
2861
1807
1101
1746
2730
2829
1859
1125
1608
2808
2908
1790
1021
1688
2855
2906
1854
1105
1701
2743
2836
1760
1106
1701
2715
2835
1843
1168
1600
2817
2958
1844
1064
1689
2845
2844
1775
1041
1717
2776
2795
1750
1138
1732
2726
2771
1781
1150
1641
2806
2890
1861
1069
1682
2864
2859
1811
1086
1794
2872
2841
1787
1173
1769
2753
2830
1862
1167
1612
2796
2954
1911
1055
1654
2885
2849
1758
1029
1734
2838
2848
1724
1047
1690
2749
2868
1910
1141
1567
2765
2884
1858
1051
1642
2819
2864
1818
1076
1756
2844
2856
1760
1152
1706
2664
2804
1823
1123
1580
2773
2931
1856
1060
1678
2826
2824
1799
1031
1674
2816
2892
1769
1066
1652
2725
2866
1851
1131
1598
2756
2908
1881
1063
1644
2806
2917
1825
1012
1699
2747
2825
1816
1166
1613
2658
2896
1853
1110
1572
2806
2923
1859
1100
1703
2828
2792
1763
1092
1726
2801
2874
1786
1105
1742
2772
2822
1850
1135
1607
2787
2874
1829
1112
1695
2765
2884
1895
1079
1641
2756
2890
1766
1084
1630
2648
2836
1870
1189
1632
2795
2894
1833
1053
1621
2782
2891
1865
1016
1583
2746
2854
1778
1077
1666
2735
2872
1844
1100
1569
2793
2861
1797
1095
1685
2797
2849
1787
1054
1730
2761
2804
1814
1175
1673
2683
2856
1842
1167
1633
2804
2921
1862
1110
1742
2860
2774
1771
1093
1697
2744
2848
1801
1098
1711
2764
2912
1869
1089
1595
2782
2859
1837
1089
1667
2827
2873
1816
1065
1671
2687
2778
1772
1115
1652
2667
2825
1836
1124
1590
2717
2860
1883
1101
1610
2794
2895
1796
1028
1753
2854
2831
1749
1146
1706
2672
2876
1885
1079
1564
2797
2898
1839
1062
1646
2755
2870
1870
1033
1606
2766
2893
1782
1079
1712
2779
2886
1781
1085
1660
2843
2907
1852
1095
1708
2875
2916
1839
1026
1668
2821
2930
1837
1137
1673
2722
2918
1868
1094
1595
2838
2932
1804
1033
1733
2877
2840
1753
1063
1739
2848
2880
1673
1031
1748
2797
2875
1823
1176
1643
2797
2895
1797
1034
1647
2794
2857
1868
1117
1659
2725
2884
1777
1073
1737
2729
2770
1798
1224
1717
2827
2914
1817
1072
1662
2782
2853
1830
1031
1679
2827
2838
1743
1122
1675
2694
2842
1873
1186
1653
2855
2919
1797
1031
1681
2831
2768
1753
1058
1702
2810
2893
1799
1113
1710
2741
2888
1873
1136
1643
2777
2824
1827
1133
1735
2802
2840
1884
1104
1707
2753
2858
1839
1150
1650
2688
2823
1768
1144
1684
2779
2837
1818
1120
1702
2752
2841
1885
1021
1586
2797
2968
1824
1049
1700
2802
2882
1791
1104
1670
2869
2868
1775
1078
1662
2790
2892
1839
971
1628
2870
2912
1758
1086
1631
2730
2862
1795
1123
1668
2877
2894
1853
1149
1664
2784
2841
1877
1124
1623
2656
2874
1838
1026
1652
2788
2860
1718
1063
1643
2795
2861
1860
1104
1640
2740
2844
1868
1067
1645
2812
2954
1818
1003
1608
2804
2952
1809
1042
1605
2812
2828
1835
1151
1710
2740
2804
1868
1050
1601
2768
2967
1839
1008
1664
2797
2923
1828
1069
1653
2881
2846
1813
1201
1753
2723
2757
1837
1052
1666
2809
2926
1789
983
1639
2845
2860
1708
1135
1751
2809
2820
1834
1153
1696
2776
2882
1835
1020
1589
2741
2865
1758
1088
1679
2715
2838
1807
1122
1656
2846
2852
1772
1135
1697
2745
2895
1937
1078
1592
2757
2930
1827
1064
1633
2750
2885
1815
1097
1667
2895
2932
1823
1053
1663
2767
2840
1878
1075
1643
2774
2872
1777
1020
1694
2802
2871
1801
1123
1650
2748
2871
1867
1057
1641
2779
2885
1867
1051
1720
2811
2896
1755
1036
1685
2783
2892
1813
1084
1621
2795
2853
1846
1168
1659
2702
2778
1835
1073
1642
2832
2957
1793
1055
1720
2833
2868
1772
1113
1686
2797
2800
1805
1111
1688
2724
2834
1880
1018
1599
2784
2943
1764
1023
1662
2802
2898
1769
1069
1651
2833
2883
1829
1133
1663
2766
2846
1862
1092
1709
2782
2871
1871
1096
1662
2755
2851
1815
1115
1640
2797
2838
1805
1076
1696
2804
2820
1843
1082
1647
2781
2885
1768
1040
1666
2808
2868
1762
1086
1665
2839
2855
1820
1110
1694
2753
2859
1895
1116
1622
2769
2933
1778
1003
1669
2732
2863
1905
1176
1617
2813
2889
1829
1054
1710
2836
2813
1790
1106
1776
2774
2841
1828
1150
1640
2713
2892
1830
1097
1634
2817
2879
1908
1147
1659
2785
2831
1858
1041
1606
2826
2942
1745
1058
1776
2810
2793
1781
1104
1646
2796
2891
1862
1073
1655
2785
2844
1864
1096
1695
2746
2854
1791
1078
1628
2711
2909
1859
1126
1642
2781
2868
1889
1144
1643
2769
2815
1815
1075
1712
2816
2855
1730
1087
1735
2728
2853
1891
1148
1589
2800
2926
1819
1046
1700
2820
2879
1870
1072
1628
2777
2883
1769
1065
1652
2747
2840
1790
1179
1636
2797
2903
1902
1130
1650
2769
2845
1822
1056
1702
2781
2849
1801
1102
1665
2728
2840
1865
1210
1668
2784
2857
1841
1124
1728
2802
2888
1824
1046
1708
2778
2889
1790
1063
1651
2754
2880
1826
1072
1602
2876
2964
1846
1046
1640
2820
2895
1807
998
1632
2774
2902
1764
1036
1643
2714
2888
1900
1160
1627
2783
2895
1835
1048
1655
2793
2836
1819
1054
1694
2772
2844
1779
1120
1620
2648
2840
1866
1066
1505
2773
2920
1767
1003
1693
2852
2821
1785
1115
1692
2781
2901
1771
1044
1656
2744
2867
1792
1068
1637
2841
2854
1826
1134
1692
2754
2905
1894
1062
1681
2792
2871
1769
1136
1671
2675
2843
1800
1097
1650
2862
2909
1834
1085
1635
2752
2828
1847
1102
1655
2746
2904
1814
1082
1646
2735
2853
1856
1187
1657
2786
2863
1843
1085
1661
2778
2877
1875
1036
1668
2804
2877
1737
1058
1776
2774
2785
1838
1209
1649
2760
2933
1860
1011
1637
2871
2869
1798
1102
1755
2814
2855
1743
1095
1681
2740
2862
1882
1172
1643
2793
2905
1857
1065
1589
2795
2916
1859
1057
1717
2803
2897
1816
1122
1633
2730
2927
1834
1097
1614
2865
2963
1853
1052
1688
2911
2823
1769
1077
1647
2759
2886
1812
1097
1691
2813
2907
1822
1100
1651
2868
2890
1824
1097
1698
2821
2882
1815
1023
1699
2820
2872
1741
1064
1677
2703
2855
1868
1125
1603
2786
2906
1899
1116
1695
2822
2823
1769
1061
1721
2750
2750
1778
1160
1686
2718
2868
1856
1098
1570
2794
2892
1810
1060
1717
2855
2848
1757
1041
1752
2787
2775
1700
1070
1621
2750
2914
1788
1112
1650
2836
2896
1825
1074
1622
2768
2816
1832
1065
1628
2799
2890
1777
1069
1687
2752
2831
1804
1155
1649
2787
2886
1811
1048
1643
2820
2877
1739
1083
1814
2838
2830
1729
1050
1681
2791
2852
1771
1127
1702
2854
2906
1855
1086
1665
2763
2789
1780
1085
1743
2790
2864
1818
1091
1707
2770
2785
1737
1139
1665
2829
2896
1802
1060
1673
2775
2843
1839
1123
1716
2722
2787
1782
1128
1697
2733
2832
1804
1175
1671
2769
2821
1816
1140
1706
2775
2855
1840
1045
1660
2739
2851
1813
1105
1738
2801
2838
1743
1096
1685
2869
2825
1800
1177
1733
2773
2884
1886
1015
1621
2810
2908
1743
1067
1656
2736
2896
1791
1145
1724
2896
2872
1741
1089
1741
2793
2797
1799
1135
1688
2714
2831
1830
1148
1704
2744
2899
1850
1102
1629
2842
2871
1782
1084
1755
2752
2760
1847
1129
1674
2707
2860
1851
1162
1641
2678
2829
1862
1183
1643
2756
2857
1843
1130
1693
2767
2794
1842
1101
1627
2771
2882
1740
1035
1666
2776
2846
1784
1105
1632
2795
2834
1829
1108
1674
2776
2887
1848
1063
1695
2763
2905
1778
1076
1690
2792
2873
1750
1084
1661
2855
2905
1848
1084
1614
2787
2873
1881
1078
1621
2783
2959
1840
1021
1639
2816
2908
1778
1046
1660
2871
2863
1778
1134
1695
2705
2848
1940
1119
1630
2764
2941
1774
1062
1703
2781
2841
1747
1107
1644
2841
2926
1822
1106
1722
2793
2792
1838
1083
1577
2753
2976
1782
1016
1669
2826
2893
1771
1055
1604
2865
2902
1798
1127
1697
2741
2804
1940
1147
1622
2771
2979
1830
1050
1654
2804
2894
1738
1083
1689
2900
2915
1823
1115
1729
2831
2785
1831
1066
1608
2831
2991
1799
996
1667
2810
2858
1763
1138
1743
2842
2817
1799
1117
1709
2782
2866
1836
1056
1699
2853
2944
1778
1049
1666
2788
2852
1777
1133
1642
2819
2864
1805
1108
1656
2750
2797
1816
1103
1646
2758
2926
1873
1074
1643
2778
2898
1789
1086
1665
2839
2879
1812
1134
1738
2797
2830
1838
1041
1705
2806
2835
1770
1070
1658
2703
2828
1831
1151
1669
2805
2852
1755
1093
1748
2829
2787
1759
1039
1671
2745
2819
1770
1098
1662
2700
2862
1824
1118
1663
2804
2835
1793
1098
1709
2716
2858
1916
1103
1604
2721
2882
1759
1057
1636
2747
2837
1755
1129
1691
2868
2882
1815
1103
1668
2789
2872
1876
1046
1623
2832
2973
1813
994
1681
2859
2908
1751
1056
1731
2867
2834
1803
1110
1677
2753
2879
1917
1106
1627
2725
2865
1752
1055
1653
2763
2876
1790
1153
1721
2843
2867
1836
1188
1649
2706
2839
1898
1120
1628
2771
2920
1800
1073
1684
2766
2893
1853
1076
1631
2851
2853
1742
1093
1800
2812
2753
1790
1099
1728
2768
2863
1789
1046
1635
2779
2899
1728
1106
1689
2811
2855
1849
1143
1675
2767
2837
1858
1063
1641
2826
2923
1759
1041
1698
2758
2827
1776
1067
1634
2814
2868
1814
1101
1682
2746
2821
1839
1062
1622
2707
2887
1833
1079
1643
2750
2858
1737
1057
1649
2851
2889
1863
1145
1720
2793
2749
1810
1155
1711
2774
2911
1845
1085
1725
2836
2884
1779
1066
1657
2807
2809
1789
1125
1703
2720
2843
1919
1050
1593
2833
2927
1733
982
1643
2740
2797
1781
1179
1676
2788
2836
1899
1173
1646
2746
2862
1870
1084
1676
2785
2892
1771
1041
1690
2797
2892
1759
1015
1654
2815
2756
1755
1112
1677
2724
2789
1876
1110
1655
2747
2907
1779
1019
1661
2787
2871
1759
1081
1652
2818
2848
1821
1143
1700
2682
2710
1864
1169
1618
2699
2929
1791
1014
1671
2774
2871
1801
1133
1721
2824
2731
1762
1201
1748
2683
2804
1917
1095
1622
2777
2929
1842
1075
1625
2784
2837
1742
1134
1691
2882
2871
1803
1122
1724
2818
2843
1862
1067
1628
2802
2956
1789
1071
1706
2764
2890
1857
1118
1671
2836
2817
1813
1173
1701
2687
2785
1894
1097
1670
2808
2879
1806
1124
1715
2773
2830
1826
1188
1653
2776
2837
1855
1132
1641
2732
2922
1942
1028
1611
2854
2919
1729
1095
1739
2665
2779
1815
1152
1643
2841
2904
1788
1052
1696
2801
2841
1807
1066
1741
2813
2835
1783
1128
1629
2674
2885
1856
1102
1629
2847
2860
1813
1080
1637
2767
2829
1896
1086
1629
2778
2920
1773
1030
1710
2821
2869
1755
1112
1672
2823
2843
1832
1089
1630
2773
2921
1881
1032
1662
2784
2846
1838
1136
1630
2693
2864
1844
1108
1616
2795
2884
1855
1113
1686
2778
2820
1895
1127
1648
2821
2960
1802
1001
1655
2751
2849
1817
1175
1696
2769
2826
1874
1106
1644
2718
2838
1875
1066
1697
2803
2887
1724
1032
1629
2719
2820
1793
1091
1602
2830
2920
1807
1046
1716
2880
2847
1764
1031
1693
2806
2880
1819
1113
1668
2757
2863
1829
1114
1629
2779
2904
1861
1061
1668
2785
2874
1863
1069
1657
2772
2895
1757
1019
1654
2792
2841
1737
1103
1683
2890
2900
1818
1122
1720
2813
2811
1858
1110
1621
2697
2888
1809
1055
1706
2831
2876
1763
1074
1680
2863
2877
1794
1091
1714
2822
2838
1845
1102
1703
2713
2799
1770
1030
1600
2787
2899
1744
1091
1705
2815
2785
1772
1156
1698
2743
2855
1891
1113
1687
2709
2779
1764
1044
1611
2738
2913
1865
1110
1617
2767
2844
1838
1166
1777
2795
2853
1911
1131
1680
2769
2961
1800
973
1568
2777
2919
1758
1068
1687
2838
2833
1799
1124
1744
2807
2841
1877
1054
1607
2779
2933
1736
1016
1686
2790
2879
1768
1059
1628
2816
2831
1818
1130
1689
2748
2811
1860
1108
1669
2784
2929
1752
998
1700
2806
2801
1723
1133
1710
2803
2854
1827
1090
1650
2759
2819
1843
1052
1630
2776
2941
1830
1067
1698
2815
2834
1698
1137
1795
2870
2733
1729
1187
1718
2693
2829
1848
1004
1629
2785
2917
1772
992
1582
2776
2899
1776
1136
1729
2877
2897
1824
1098
1668
2774
2815
1853
1093
1636
2731
2889
1839
1101
1700
2794
2833
1736
1070
1720
2817
2767
1816
1173
1723
2744
2831
1844
1093
1703
2755
2895
1785
1024
1652
2782
2903
1744
1072
1747
2885
2852
1757
1109
1754
2778
2826
1803
1046
1639
2753
2912
1761
980
1655
2840
2885
1726
1072
1676
2810
2842
1842
1122
1674
2775
2833
1845
1088
1623
2688
2840
1808
1113
1673
2704
2873
1849
1148
1668
2818
2859
1818
1109
1671
2785
2824
1853
1118
1680
2748
2885
1828
1111
1734
2781
2812
1800
1132
1622
2803
2883
1833
1074
1665
2809
2883
1828
1039
1688
2828
2908
1780
1074
1701
2815
2897
1812
1105
1625
2855
2945
1822
1006
1700
2878
2779
1743
1080
1721
2780
2831
1800
1158
1768
2736
2761
1781
1212
1722
2788
2871
1923
1109
1668
2828
2903
1822
1026
1717
2820
2885
1780
1051
1673
2772
2902
1862
1148
1662
2763
2888
1881
1091
1672
2842
2880
1843
1067
1674
2835
2944
1764
1037
1640
2751
2890
1861
1139
1602
2797
2877
1792
1032
1727
2886
2856
1832
1127
1752
2783
2811
1704
1089
1715
2733
2815
1795
1116
1633
2819
2922
1865
1060
1689
2849
2805
1796
1118
1688
2733
2834
1811
1119
1695
2728
2886
1877
1138
1654
2825
2877
1839
1113
1685
2752
2865
1875
1107
1695
2731
2804
1792
1185
1695
2727
2867
1785
1101
1634
2822
2897
1806
1106
1737
2798
2846
1875
1097
1628
2756
2947
1815
1033
1652
2733
2828
1782
1148
1667
2784
2831
1790
1045
1655
2797
2876
1885
1123
1642
2787
2918
1749
1036
1705
2786
2878
1877
1170
1627
2750
2895
1887
1059
1654
2845
2856
1796
1049
1678
2835
2922
1769
1062
1674
2724
2782
1766
1150
1684
2760
2815
1899
1146
1608
2723
2821
1869
1092
1686
2742
2854
1831
1084
1633
2741
2886
1792
1038
1626
2813
2899
1864
1118
1664
2802
2823
1825
1092
1625
2744
2908
1798
1064
1697
2809
2913
1783
1101
1704
2887
2865
1786
1094
1702
2758
2847
1908
1081
1640
2750
2865
1765
1064
1660
2737
2859
1864
1116
1530
2753
2933
1898
1050
1683
2872
2876
1783
1024
1683
2787
2885
1806
1087
1693
2739
2808
1845
1195
1600
2759
2892
1800
997
1676
2840
2841
1815
1040
1650
2726
2867
1804
1115
1700
2760
2884
1846
1136
1644
2799
2889
1819
1049
1628
2787
2854
1826
1087
1694
2765
2814
1731
1122
1752
2742
2813
1843
1117
1584
2790
2939
1852
1008
1621
2776
2903
1883
1084
1636
2743
2905
1770
1062
1694
2746
2888
1853
1087
1552
2813
2942
1817
1009
1674
2878
2820
1766
1008
1657
2791
2859
1773
1057
1733
2817
2844
1787
1132
1684
2773
2837
1874
1133
1691
2766
2836
1864
1126
1677
2787
2931
1833
1084
1635
2782
2896
1749
1090
1664
2888
2905
1788
1040
1701
2860
2849
1797
1042
1628
2808
2931
1844
1089
1624
2726
2813
1797
1081
1599
2823
2911
1844
1093
1681
2818
2870
1849
1091
1715
2745
2857
1759
1062
1681
2734
2862
1826
1139
1648
2765
2861
1796
1072
1716
2831
2839
1821
1091
1682
2795
2906
1747
1016
1727
2832
2808
1792
1147
1617
2809
2869
1790
1113
1664
2770
2894
1882
1040
1698
2844
2924
1758
1033
1656
2738
2802
1755
1169
1744
2847
2878
1811
1109
1712
2836
2817
1811
1128
1678
2770
2904
1803
1063
1696
2822
2885
1776
1043
1616
2871
2846
1770
1101
1685
2744
2792
1846
1047
1635
2746
2856
1778
1024
1556
2672
2874
1799
1056
1589
2819
2882
1782
1076
1747
2817
2812
1875
1101
1636
2781
2974
1863
1046
1640
2832
2921
1783
1083
1644
2845
2835
1752
1108
1692
2746
2901
1894
1002
1571
2810
2980
1723
999
1718
2815
2796
1740
1140
1706
2850
2861
1811
1119
1698
2780
2839
1832
1088
1633
2721
2863
1797
1083
1688
2764
2862
1767
1073
1659
2816
2825
1795
1136
1719
2739
2787
1893
1101
1686
2722
2855
1819
1128
1691
2729
2821
1783
1175
1692
2779
2835
1792
1085
1637
2716
2815
1879
1069
1583
2723
2921
1782
1015
1681
2791
2807
1743
1099
1666
2816
2797
1859
1143
1664
2758
2844
1890
1070
1648
2761
2887
1808
1069
1684
2787
2858
1766
1093
1645
2788
2868
1864
1123
1669
2740
2838
1856
1071
1663
2761
2864
1828
1138
1717
2753
2829
1802
1143
1649
2817
2878
1857
1143
1704
2748
2816
1852
1111
1706
2738
2879
1859
1074
1648
2785
2920
1778
1099
1702
2842
2827
1815
1156
1758
2792
2824
1840
1061
1631
2739
2921
1819
1037
1660
2731
2874
1828
1118
1614
2789
2887
1859
1078
1640
2728
2831
1867
1069
1647
2725
2870
1810
1061
1589
2718
2876
1735
1078
1705
2885
2869
1793
1148
1750
2800
2859
1866
1022
1606
2793
2907
1739
1056
1707
2754
2766
1775
1192
1685
2804
2902
1854
1073
1641
2798
2876
1817
1063
1641
2726
2875
1817
1086
1665
2734
2814
1799
1203
1695
2714
2772
1858
1111
1633
2735
2799
1807
1064
1678
2781
2829
1723
1082
1719
2740
2871
1853
1113
1668
2841
2873
1848
1082
1638
2724
2840
1869
1108
1696
2731
2858
1784
1127
1726
2770
2897
1831
1171
1695
2831
2868
1820
1125
1696
2791
2842
1827
1061
1609
2772
2950
1849
1045
1636
2770
2919
1842
1081
1663
2888
2894
1849
1086
1615
2786
2885
1779
1004
1729
2869
2892
1741
1069
1650
2757
2917
1823
1110
1655
2814
2866
1854
1134
1661
2806
2856
1812
1057
1685
2803
2850
1759
1050
1749
2764
2838
1845
1087
1582
2775
2862
1846
1075
1626
2723
2856
1842
1083
1690
2758
2856
1827
1131
1637
2719
2906
1830
1087
1638
2829
2849
1804
1148
1706
2746
2852
1887
1103
1666
2772
2912
1787
1077
1668
2770
2901
1800
1060
1586
2834
2900
1763
1046
1669
2799
2884
1863
1027
1590
2786
2868
1753
1077
1659
2757
2823
1772
1125
1614
2771
2907
1877
1041
1629
2827
2803
1746
1068
1710
2816
2910
1827
1126
1715
2733
2801
1790
1125
1605
2703
2832
1870
1112
1638
2793
2894
1822
1055
1724
2816
2874
1734
1086
1688
2737
2829
1848
1170
1664
2798
2862
1850
1100
1680
2849
2909
1822
1043
1700
2816
2898
1786
1096
1722
2738
2832
1841
1121
1627
2813
2896
1811
1065
1627
2769
2907
1838
1086
1706
2761
2863
1728
1085
1681
2725
2854
1854
1149
1619
2755
2881
1846
1053
1654
2830
2846
1833
1096
1653
2727
2902
1852
1083
1640
2716
2858
1835
1150
1653
2822
2857
1790
1119
1701
2772
2864
1886
1088
1675
2817
2944
1803
1051
1674
2776
2871
1819
1111
1610
2826
2941
1892
1087
1598
2753
2815
1791
1066
1686
2798
2874
1787
1103
1683
2781
2919
1802
1049
1637
2870
2852
1798
1096
1677
2794
2891
1891
1036
1633
2798
2879
1742
1056
1677
2754
2853
1770
1089
1641
2847
2928
1849
1080
1643
2828
2857
1778
1006
1698
2871
2845
1666
1055
1746
2784
2858
1798
1092
1663
2828
2818
1799
1081
1683
2787
2866
1874
1063
1718
2810
2888
1770
1063
1692
2750
2899
1868
1136
1633
2799
2889
1844
1143
1753
2789
2819
1916
1151
1660
2722
2923
1848
1053
1683
2788
2864
1805
1157
1706
2766
2780
1860
1135
1661
2753
2932
1912
1013
1712
2862
2873
1765
1135
1712
2730
2882
1807
1144
1649
2791
2917
1841
1068
1683
2835
2803
1763
1071
1758
2821
2805
1762
1142
1712
2765
2837
1773
1084
1643
2842
2869
1801
1111
1722
2812
2794
1783
1116
1753
2751
2875
1800
1086
1676
2798
2857
1740
1115
1733
2854
2841
1810
1117
1650
2755
2865
1860
1089
1648
2766
2870
1753
1101
1692
2683
2805
1866
1191
1600
2740
2847
1840
1080
1629
2739
2823
1828
1078
1611
2720
2900
1821
1067
1627
2719
2843
1787
1194
1685
2768
2832
1882
1148
1657
2747
2818
1843
1007
1567
2760
2940
1802
1055
1698
2755
2825
1780
1080
1620
2869
2968
1867
1016
1651
2856
2948
1865
1075
1708
2817
2915
1773
1063
1679
2785
2896
1782
1132
1673
2825
2892
1889
1143
1692
2821
2843
1841
1071
1648
2775
2928
1852
1059
1676
2847
2954
1842
1133
1675
2755
2820
1809
1103
1628
2730
2910
1913
1118
1723
2838
2928
1766
1048
1695
2797
2851
1767
1111
1666
2865
2838
1757
1092
1714
2786
2780
1781
1088
1660
2737
2853
1778
1042
1643
2787
2913
1838
1113
1707
2871
2828
1809
1129
1730
2753
2821
1926
1105
1587
2746
2951
1818
1020
1589
2744
2889
1826
1157
1710
2848
2909
1821
1089
1714
2795
2779
1828
1082
1612
2743
2908
1766
1019
1676
2814
2875
1773
1091
1673
2846
2866
1778
1046
1696
2834
2840
1828
1050
1624
2755
2997
1866
1036
1676
2868
2939
1729
1081
1700
2841
2835
1840
1112
1666
2814
2798
1862
1112
1647
2737
2912
1819
1028
1636
2798
2898
1814
1106
1674
2829
2868
1845
1101
1630
2705
2812
1918
1108
1621
2790
2921
1737
1072
1720
2706
2785
1791
1092
1630
2855
2933
1845
1096
1619
2767
2850
1861
1090
1629
2719
2913
1798
1052
1678
2787
2816
1779
1171
1686
2781
2837
1837
1142
1685
2756
2863
1908
1067
1645
2750
2890
1826
1082
1651
2787
2928
1820
1122
1667
2839
2900
1828
1100
1713
2782
2812
1855
1094
1662
2779
2888
1778
1076
1728
2778
2805
1795
1129
1632
2757
2865
1814
1075
1717
2858
2916
1840
1052
1671
2785
2926
1791
1021
1682
2829
2793
1680
1163
1707
2775
2807
1839
1122
1636
2778
2817
1809
1051
1630
2742
2879
1824
1071
1617
2712
2897
1838
1062
1594
2836
2913
1804
1045
1674
2821
2844
1791
1028
1675
2758
2834
1794
1067
1626
2737
2904
1835
1086
1618
2832
2915
1876
1124
1684
2779
2818
1817
1069
1700
2735
2812
1751
1143
1761
2775
2885
1863
1135
1634
2827
2880
1786
1092
1699
2775
2795
1794
1009
1646
2809
2861
1721
1037
1720
2767
2828
1802
1146
1652
2813
2888
1789
1058
1654
2785
2818
1850
1106
1633
2751
2892
1767
1094
1709
2723
2790
1799
1129
1618
2821
2892
1745
1034
1715
2790
2857
1897
1073
1643
2800
2916
1778
1032
1672
2766
2838
1749
1108
1693
2866
2868
1832
1154
1711
2768
2822
1849
1092
1602
2727
2942
1817
1040
1662
2807
2929
1828
1039
1595
2845
2861
1773
1065
1644
2774
2881
1874
1076
1656
2801
2899
1739
1041
1664
2765
2913
1787
1119
1710
2847
2867
1797
1087
1719
2783
2811
1838
1094
1648
2787
2946
1785
1039
1679
2786
2850
1745
1092
1695
2851
2820
1759
1120
1650
2680
2863
1932
1090
1586
2737
2930
1820
1087
1656
2728
2824
1807
1121
1598
2825
2912
1856
1077
1672
2793
2870
1896
1088
1675
2806
2892
1777
1085
1724
2739
2824
1870
1147
1646
2829
2908
1804
1083
1707
2797
2828
1844
1071
1644
2775
2889
1772
1079
1691
2773
2811
1737
1147
1739
2868
2827
1756
1151
1754
2761
2831
1931
1060
1527
2748
2959
1819
1041
1728
2815
2803
1816
1206
1671
2751
2855
1851
1096
1669
2790
2896
1832
1033
1726
2839
2877
1733
1063
1693
2823
2909
1752
1067
1674
2875
2864
1801
1129
1689
2762
2805
1816
1091
1627
2713
2881
1821
1042
1683
2842
2874
1745
1069
1702
2803
2763
1795
1188
1744
2726
2857
1881
1054
1649
2755
2915
1845
1087
1602
2736
2876
1785
1190
1722
2796
2810
1801
1131
1661
2751
2868
1931
1093
1601
2743
2903
1791
1083
1732
2751
2807
1818
1215
1705
2798
2865
1836
1171
1765
2731
2773
1926
1172
1620
2709
2937
1835
1036
1643
2781
2865
1780
1154
1680
2802
2903
1900
1103
1633
2778
2823
1820
1080
1640
2735
2882
1813
1023
1653
2796
2886
1758
1042
1686
2852
2863
1779
1053
1719
2769
2753
1846
1146
1658
2723
2949
1822
1020
1668
2812
2872
1783
1090
1693
2835
2868
1893
1131
1628
2782
2834
1835
1066
1628
2707
2870
1818
1029
1642
2786
2864
1808
1147
1679
2828
2833
1808
1126
1754
2803
2839
1874
1111
1678
2792
2924
1798
1060
1632
2754
2932
1845
1155
1652
2838
2906
1850
1156
1672
2758
2826
1882
1090
1619
2803
2942
1772
1027
1763
2869
2808
1770
1201
1747
2817
2837
1782
1071
1751
2811
2801
1842
1071
1658
2809
2916
1812
1055
1671
2760
2838
1824
1183
1654
2821
2915
1845
1080
1653
2782
2800
1801
1064
1647
2740
2897
1857
1108
1703
2767
2848
1809
1100
1647
2837
2854
1856
1194
1740
2699
2768
1867
1091
1634
2808
2937
1775
999
1631
2850
2909
1788
1142
1665
2855
2916
1786
1097
1734
2803
2818
1878
1121
1637
2760
2925
1869
1077
1636
2739
2862
1822
1173
1708
2844
2861
1815
1156
1698
2692
2860
1894
1042
1664
2850
2913
1746
1083
1691
2726
2774
1753
1160
1633
2762
2876
1862
1065
1615
2793
2812
1824
1078
1630
2801
2948
1752
1030
1714
2787
2834
1745
1122
1723
2839
2826
1796
1167
1749
2745
2828
1934
1159
1624
2696
2896
1822
1064
1630
2747
2862
1775
1088
1663
2815
2853
1822
1161
1676
2681
2806
1901
1128
1663
2788
2963
1781
1001
1747
2848
2830
1779
1103
1624
2814
2900
1845
1099
1622
2750
2896
1824
1027
1719
2835
2900
1779
1077
1665
2769
2868
1780
1079
1661
2867
2880
1833
1124
1750
2766
2757
1814
1145
1672
2636
2870
1905
1120
1581
2704
2919
1782
1043
1611
2836
2827
1764
1135
1698
2750
2878
1913
1105
1656
2748
2888
1827
1074
1656
2779
2911
1824
1104
1654
2845
2850
1774
1121
1717
2781
2875
1861
1079
1627
2788
2919
1813
1073
1682
2807
2885
1786
1087
1646
2850
2850
1717
1045
1702
2738
2831
1902
1083
1617
2763
2926
1737
987
1643
2802
2898
1738
1078
1683
2790
2868
1901
1143
1643
2784
2868
1841
1073
1641
2728
2867
1804
1042
1667
2758
2877
1803
1084
1625
2771
2861
1806
1083
1670
2773
2926
1855
1017
1714
2777
2847
1764
1068
1665
2752
2883
1800
1046
1646
2864
2872
1840
1122
1640
2780
2854
1818
1044
1589
2744
2956
1760
944
1641
2818
2903
1800
1064
1619
2799
2835
1807
1115
1699
2741
2901
1923
1055
1655
2761
2889
1827
1082
1622
2687
2832
1795
1157
1695
2787
2854
1823
1084
1678
2755
2866
1886
1060
1655
2776
2858
1753
1079
1723
2742
2805
1782
1113
1668
2830
2841
1790
1118
1725
2783
2864
1865
1046
1646
2756
2863
1765
1100
1683
2701
2883
1836
1066
1565
2828
2909
1808
1106
1719
2822
2814
1791
1030
1613
2786
2872
1768
1036
1649
2781
2835
1764
1106
1683
2814
2827
1836
1182
1712
2711
2872
1957
1085
1637
2745
2889
1834
1061
1683
2792
2837
1798
1150
1639
2783
2889
1833
1056
1704
2822
2786
1775
1092
1741
2774
2833
1846
1157
1638
2706
2873
1839
1084
1629
2800
2872
1887
1102
1667
2766
2900
1866
1064
1691
2760
2873
1816
1106
1672
2762
2907
1811
1060
1640
2878
2875
1760
1075
1693
2808
2823
1819
1094
1637
2778
2899
1779
1095
1708
2757
2846
1828
1137
1600
2739
2849
1869
1118
1634
2755
2902
1805
975
1687
2805
2801
1701
1069
1681
2718
2851
1829
1145
1656
2782
2856
1881
1081
1620
2788
2829
1779
1065
1662
2728
2843
1781
1101
1704
2743
2816
1797
1119
1627
2742
2861
1837
1055
1666
2814
2890
1809
1053
1730
2750
2835
1798
1140
1677
2739
2855
1782
1140
1666
2790
2824
1827
1077
1605
2834
2845
1752
1114
1740
2811
2859
1800
1114
1626
2654
2848
1903
1140
1589
2804
2902
1848
1119
1698
2794
2860
1841
1050
1667
2745
2894
1822
1078
1694
2807
2890
1788
1093
1674
2825
2859
1763
1108
1708
2790
2843
1849
1144
1687
2731
2859
1815
1120
1631
2729
2898
1842
1127
1657
2846
2862
1813
1094
1699
2806
2896
1868
1101
1717
2752
2874
1790
1032
1610
2757
2870
1754
1099
1670
2782
2876
1905
1115
1620
2755
2844
1868
1092
1657
2758
2876
1752
1075
1708
2725
2838
1839
1135
1691
2888
2908
1790
1104
1754
2746
2784
1875
1129
1651
2717
2934
1805
1021
1646
2842
2935
1750
1093
1713
2845
2833
1807
1137
1706
2787
2836
1863
1068
1602
2793
2890
1743
1024
1614
2753
2884
1771
1027
1646
2837
2846
1856
1131
1702
2754
2863
1855
1037
1669
2779
2883
1782
1046
1624
2779
2941
1790
1025
1680
2925
2895
1840
1114
1657
2770
2860
1858
1035
1637
2812
2951
1774
1063
1707
2762
2806
1759
1076
1642
2839
2887
1858
1124
1701
2767
2854
1843
1030
1680
2830
2892
1780
1108
1675
2696
2812
1894
1205
1584
2744
2909
1848
1091
1701
2839
2821
1793
1073
1673
2795
2901
1800
1035
1617
2739
2821
1746
1084
1688
2858
2841
1764
1071
1723
2807
2816
1810
1020
1612
2691
2847
1809
1087
1697
2753
2862
1760
1104
1703
2818
2806
1813
1133
1685
2753
2850
1882
1124
1674
2746
2860
1799
1122
1720
2756
2816
1801
1158
1702
2760
2765
1814
1145
1650
2732
2912
1951
1022
1605
2770
2879
1786
1087
1643
2759
2875
1783
1121
1683
2884
2871
1823
1133
1692
2787
2824
1815
1077
1602
2775
2974
1779
985
1635
2777
2930
1848
1118
1670
2831
2838
1817
1151
1704
2751
2874
1944
1149
1678
2715
2837
1800
1043
1610
2801
2910
1753
1118
1716
2860
2870
1791
1106
1709
2780
2761
1836
1081
1646
2807
2890
1742
1077
1714
2774
2830
1807
1111
1660
2826
2809
1794
1091
1670
2728
2817
1853
1011
1639
2730
2849
1782
1092
1648
2735
2864
1791
1102
1622
2839
2900
1805
1105
1676
2739
2770
1837
1097
1670
2737
2872
1786
1024
1645
2756
2881
1800
1087
1651
2859
2838
1726
1053
1669
2777
2875
1839
988
1654
2814
2913
1836
1101
1639
2750
2929
1821
1017
1592
2858
2913
1814
1142
1727
2750
2742
1805
1115
1669
2702
2842
1829
1086
1609
2742
2944
1808
1053
1676
2861
2842
1815
1131
1667
2695
2823
1899
1028
1574
2750
2925
1811
1042
1645
2797
2910
1769
1139
1735
2854
2882
1886
1191
1690
2695
2858
1922
1070
1630
2787
2899
1749
1071
1771
2753
2759
1758
1168
1694
2835
2876
1837
1133
1679
2760
2865
1850
1081
1720
2789
2842
1803
1102
1657
2766
2934
1819
1089
1618
2794
2810
1819
1173
1706
2738
2836
1882
1075
1670
2786
2873
1768
1079
1742
2784
2825
1789
1133
1680
2890
2915
1802
1077
1681
2774
2848
1864
1055
1686
2785
2864
1766
1071
1668
2766
2881
1797
1094
1627
2853
2930
1782
1049
1731
2830
2771
1787
1077
1676
2786
2896
1812
1004
1641
2818
2942
1797
998
1606
2913
2888
1825
1176
1719
2670
2778
1901
1087
1626
2751
2892
1805
1030
1661
2742
2853
1834
1139
1671
2781
2848
1886
1154
1658
2738
2876
1858
1097
1686
2774
2871
1774
1076
1721
2760
2838
1851
1116
1595
2868
2904
1846
1140
1671
2747
2836
1890
1097
1643
2744
2883
1779
1043
1659
2742
2887
1835
1092
1626
2854
2899
1847
1131
1697
2731
2781
1840
1077
1636
2738
2892
1759
1078
1737
2768
2846
1818
1140
1677
2856
2854
1797
1145
1710
2737
2841
1875
1102
1666
2780
2942
1818
1058
1641
2715
2889
1842
1072
1591
2868
2980
1817
1023
1667
2819
2794
1816
1125
1652
2707
2870
1796
1043
1664
2784
2915
1849
1071
1624
2803
2824
1811
1127
1710
2744
2858
1895
1084
1639
2725
2868
1768
1077
1696
2763
2806
1738
1158
1670
2819
2893
1836
1100
1688
2795
2872
1876
1055
1669
2826
2932
1811
1047
1676
2817
2931
1827
1049
1592
2770
2838
1813
1103
1712
2783
2871
1863
1083
1673
2705
2853
1775
1026
1608
2704
2850
1816
1165
1646
2775
2879
1830
1112
1674
2779
2830
1804
1022
1675
2826
2903
1781
1069
1727
2760
2847
1828
1068
1621
2811
2899
1857
1102
1672
2792
2847
1853
1081
1641
2759
2905
1833
1072
1576
2718
2890
1757
1114
1721
2855
2893
1914
1131
1650
2840
2908
1877
982
1601
2768
2865
1749
1014
1725
2819
2837
1783
1140
1630
2777
2885
1803
1036
1703
2873
2877
1777
1074
1770
2790
2808
1774
1132
1683
2719
2852
1837
1122
1656
2889
2935
1848
1085
1656
2786
2804
1820
1094
1654
2677
2834
1779
1079
1707
2770
2836
1797
1110
1633
2828
2846
1848
1124
1650
2791
2859
1848
1093
1675
2770
2892
1806
1073
1647
2734
2878
1837
1165
1680
2847
2885
1841
1096
1730
2836
2826
1866
1101
1697
2792
2959
1903
1093
1677
2818
2854
1767
1123
1695
2815
2864
1831
1103
1664
2785
2908
1853
1054
1725
2804
2875
1771
1089
1699
2780
2765
1732
1191
1705
2795
2850
1866
1093
1657
2807
2803
1814
1045
1653
2790
2911
1765
1009
1666
2805
2875
1784
1071
1683
2827
2775
1829
1168
1672
2680
2833
1937
1053
1577
2791
2947
1737
992
1680
2794
2850
1771
1144
1687
2829
2881
1904
1157
1643
2723
2801
1854
1036
1600
2756
2909
1774
1015
1623
2771
2923
1795
1136
1712
2780
2779
1777
1156
1734
2723
2784
1891
1102
1618
2715
2910
1852
1067
1580
2777
3001
1768
1072
1663
2851
2855
1779
1140
1725
2767
2767
1869
1105
1605
2731
2964
1834
997
1650
2797
2838
1772
1092
1648
2840
2833
1789
1113
1703
2754
2849
1905
1111
1639
2771
2938
1789
1033
1619
2770
2883
1772
1018
1612
2816
2832
1802
1144
1746
2753
2791
1835
1015
1640
2810
2832
1694
1041
1700
2779
2825
1791
1113
1652
2839
2868
1785
1103
1717
2743
2785
1879
1104
1699
2824
2918
1808
1067
1645
2795
2894
1749
1098
1736
2898
2828
1751
1153
1708
2723
2809
1853
1072
1645
2779
2847
1765
1092
1705
2750
2868
1828
1091
1673
2859
2794
1797
1175
1743
2809
2844
1859
1092
1673
2745
2890
1726
1020
1704
2796
2880
1766
1105
1714
2893
2860
1737
1083
1711
2816
2810
1804
1067
1654
2731
2840
1817
1076
1627
2737
2851
1804
1106
1680
2848
2854
1816
1100
1672
2743
2816
1847
1059
1672
2763
2894
1745
980
1678
2844
2873
1709
1063
1659
2824
2835
1788
1114
1698
2789
2851
1863
1050
1645
2789
2886
1784
1096
1685
2742
2860
1824
1092
1612
2800
2883
1846
1126
1699
2772
2869
1852
1032
1658
2760
2876
1772
1080
1655
2741
2884
1835
1166
1633
2808
2936
1886
1102
1722
2865
2888
1860
1077
1691
2855
2890
1728
1074
1650
2687
2814
1824
1142
1626
2806
2891
1892
1136
1650
2780
2869
1820
1043
1763
2848
2799
1693
1108
1724
2711
2803
1874
1182
1567
2785
2974
1841
1014
1643
2839
2904
1839
1044
1678
2798
2855
1775
1095
1651
2721
2896
1824
1092
1680
2834
2812
1820
1081
1685
2796
2854
1839
1075
1749
2762
2809
1758
1139
1675
2715
2861
1824
1109
1614
2852
2935
1826
1099
1715
2843
2816
1832
1069
1652
2771
2861
1798
1165
1705
2688
2832
1888
1140
1578
2803
2922
1838
1088
1652
2785
2943
1880
1037
1706
2750
2824
1822
1167
1589
2634
2906
1873
1114
1590
2857
2979
1854
1057
1635
2837
2887
1835
1045
1681
2806
2877
1774
1072
1657
2729
2838
1847
1143
1585
2791
2896
1791
1039
1703
2830
2839
1764
1024
1697
2766
2873
1861
1140
1610
2654
2864
1854
1130
1618
2850
2909
1843
1095
1657
2772
2814
1825
1055
1647
2805
2933
1787
1009
1675
2804
2935
1842
1060
1606
2828
2882
1842
1123
1685
2760
2888
1873
1065
1676
2764
2927
1831
1065
1664
2795
2873
1745
1125
1688
2814
2880
1907
1141
1668
2776
2864
1829
1040
1658
2742
2897
1785
1047
1645
2763
2921
1795
1055
1613
2817
2872
1791
1081
1646
2758
2890
1820
1036
1708
2799
2885
1783
1074
1618
2748
2880
1774
1147
1664
2811
2885
1824
1037
1638
2825
2842
1779
1080
1696
2693
2832
1809
1100
1686
2691
2853
1838
1107
1679
2857
2851
1763
1115
1764
2797
2865
1873
1068
1636
2810
2944
1754
1044
1710
2809
2864
1796
1129
1700
2855
2869
1908
1195
1644
2755
2905
1886
992
1610
2781
2859
1772
1129
1694
2681
2906
1886
1050
1575
2856
2936
1790
1030
1710
2823
2797
1766
1108
1754
2781
2855
1765
1099
1652
2744
2837
1762
1084
1637
2841
2851
1819
1125
1698
2751
2765
1825
1069
1616
2731
2931
1824
1059
1656
2766
2907
1847
1150
1679
2797
2840
1840
1123
1718
2734
2837
1934
1098
1635
2772
2900
1705
970
1628
2783
2852
1761
1122
1658
2808
2870
1881
1113
1643
2764
2819
1864
1058
1595
2734
2950
1858
1001
1618
2789
2917
1775
1065
1713
2886
2814
1723
1076
1704
2773
2870
1885
1089
1613
2761
2931
1779
1012
1653
2838
2917
1765
1120
1704
2781
2838
1880
1205
1730
2753
2789
1862
1109
1668
2750
2879
1735
990
1723
2849
2813
1703
1081
1650
2796
2855
1860
1119
1692
2785
2931
1915
1048
1677
2755
2890
1853
1066
1608
2738
2976
1854
1126
1659
2861
2909
1780
1127
1724
2790
2871
1900
1095
1664
2792
2951
1846
1080
1624
2788
2932
1798
1042
1648
2897
2917
1827
1089
1728
2830
2909
1874
1012
1663
2851
2912
1754
1056
1615
2733
2875
1815
1156
1648
2818
2873
1806
1081
1650
2788
2873
1864
1087
1639
2763
2889
1754
1053
1724
2777
2833
1820
1145
1626
2737
2867
1879
1097
1606
2773
2912
1882
1058
1630
2738
2873
1806
1097
1684
2767
2845
1779
1128
1672
2893
2922
1865
1140
1681
2782
2847
1850
992
1591
2810
2935
1762
1034
1695
2781
2845
1772
1107
1658
2796
2879
1828
1106
1699
2833
2931
1850
1037
1697
2773
2825
1783
1095
1613
2724
2912
1858
1132
1617
2824
2919
1837
1071
1644
2750
2817
1878
1071
1620
2727
2860
1796
1089
1674
2705
2872
1850
1102
1587
2825
2974
1832
1030
1686
2807
2853
1812
1032
1686
2799
2884
1837
1140
1616
2686
2840
1849
1122
1588
2766
2855
1867
1098
1659
2820
2838
1826
1056
1650
2812
2908
1787
1059
1668
2773
2894
1847
1099
1606
2823
2908
1860
1094
1616
2742
2894
1876
1026
1690
2850
2897
1747
1071
1707
2716
2751
1768
1188
1686
2735
2849
1836
1047
1666
2845
2889
1766
986
1726
2864
2855
1702
1069
1692
2703
2801
1742
1068
1658
2844
2878
1787
1102
1724
2787
2869
1887
1081
1696
2806
2868
1805
1109
1626
2697
2848
1850
1164
1619
2829
2911
1819
1077
1699
2772
2851
1910
1093
1644
2758
2900
1740
1002
1678
2775
2836
1788
1143
1638
2780
2923
1834
1060
1636
2747
2856
1864
1082
1716
2772
2822
1757
1102
1709
2704
2771
1776
1170
1664
2795
2890
1854
1124
1694
2784
2846
1854
1019
1613
2749
2819
1732
1063
1726
2726
2764
1817
1190
1658
2734
2810
1786
1089
1637
2733
2905
1849
1062
1732
2829
2862
1738
1080
1674
2721
2869
1831
1113
1606
2804
2871
1833
1130
1685
2722
2739
1845
1125
1651
2724
2856
1818
1051
1673
2783
2831
1786
1096
1605
2793
2820
1793
1083
1646
2785
2902
1884
1071
1681
2764
2853
1780
1083
1652
2699
2834
1817
1079
1618
2853
2952
1842
1048
1642
2815
2807
1743
1047
1717
2835
2853
1751
1096
1667
2704
2835
1838
1121
1611
2836
2887
1791
1080
1632
2722
2877
1889
1037
1660
2803
2865
1710
1094
1715
2667
2725
1807
1183
1607
2745
2908
1815
1059
1681
2797
2843
1808
1049
1661
2799
2877
1752
1087
1719
2735
2767
1820
1151
1600
2760
2885
1832
1028
1655
2827
2841
1813
1110
1731
2744
2778
1745
1159
1731
2694
2834
1852
1107
1619
2834
2894
1860
1099
1666
2784
2838
1826
1093
1681
2707
2813
1763
1088
1691
2694
2793
1862
1189
1599
2780
2937
1812
1006
1673
2831
2912
1796
1021
1670
2765
2872
1767
1109
1712
2729
2853
1842
1229
1642
2740
2905
1912
1131
1670
2806
2876
1911
1045
1631
2804
2851
1766
1107
1719
2703
2801
1870
1127
1558
2773
2913
1834
1053
1681
2847
2906
1817
1077
1746
2847
2847
1699
1106
1715
2737
2839
1848
1191
1629
2785
2916
1806
1017
1657
2834
2803
1798
1052
1623
2755
2868
1740
1083
1735
2752
2802
1774
1068
1621
2833
2875
1812
1093
1716
2832
2839
1807
1014
1672
2833
2877
1732
1053
1748
2794
2836
1830
1167
1653
2815
2931
1859
1063
1710
2848
2806
1744
1010
1659
2843
2897
1779
1096
1729
2736
2778
1849
1132
1624
2832
2919
1783
1031
1709
2841
2870
1843
1110
1686
2683
2837
1787
1065
1638
2751
2910
1828
1139
1628
2820
2945
1819
1014
1656
2838
2848
1778
988
1634
2805
2880
1713
1037
1730
2771
2857
1866
1177
1564
2712
2937
1911
1091
1696
2783
2810
1856
1109
1652
2808
2967
1789
1004
1621
2838
2936
1807
1083
1602
2871
2961
1875
1090
1637
2774
2828
1885
1124
1654
2769
2861
1748
1076
1717
2754
2868
1860
1115
1617
2814
2862
1814
1125
1682
2750
2851
1894
1025
1614
2761
2884
1806
1092
1705
2744
2833
1790
1120
1675
2831
2888
1816
1080
1675
2776
2806
1825
1125
1672
2754
2918
1775
1054
1697
2758
2801
1781
1117
1675
2867
2900
1784
1037
1680
2827
2802
1813
1146
1714
2749
2896
1762
1024
1665
2832
2887
1752
1064
1682
2837
2823
1818
1146
1721
2806
2868
1848
1007
1653
2822
2967
1826
1014
1605
2788
2898
1767
1061
1707
2898
2882
1757
1111
1735
2732
2842
1941
1059
1595
2747
2923
1832
1103
1671
2763
2836
1781
1121
1670
2837
2905
1854
1138
1650
2744
2830
1869
1105
1606
2737
2957
1805
1014
1712
2848
2836
1738
1110
1719
2815
2804
1872
1170
1680
2733
2890
1921
1086
1661
2757
2906
1787
1016
1646
2775
2907
1793
1102
1700
2837
2851
1803
1103
1680
2758
2851
1841
1042
1628
2780
2918
1783
1064
1716
2839
2929
1784
1083
1689
2807
2807
1879
1170
1663
2754
2879
1860
1045
1681
2787
2874
1740
1034
1692
2772
2792
1733
1120
1682
2837
2839
1801
1098
1666
2772
2862
1880
1079
1655
2759
2887
1756
1042
1638
2748
2914
1837
1111
1643
2856
2871
1737
1045
1712
2805
2813
1784
1049
1736
2797
2836
1773
1124
1700
2707
2774
1775
1188
1686
2806
2927
1898
1112
1626
2764
2853
1838
1053
1637
2748
2879
1769
1066
1705
2766
2819
1853
1215
1675
2757
2888
1896
1083
1673
2866
2927
1826
1047
1729
2881
2938
1757
1080
1676
2719
2874
1828
1158
1663
2785
2874
1869
1110
1622
2754
2760
1860
1141
1623
2697
2917
1831
1032
1659
2802
2909
1782
1072
1624
2809
2870
1761
1077
1716
2753
2823
1867
1127
1704
2775
2891
1789
1076
1685
2754
2800
1800
1176
1670
2821
2913
1855
1088
1644
2822
2838
1783
1066
1702
2804
2884
1813
1072
1625
2788
2936
1806
1006
1604
2830
2851
1800
1107
1681
2709
2805
1881
1117
1641
2729
2907
1819
1018
1572
2783
2939
1800
1101
1695
2816
2812
1803
1084
1688
2782
2822
1834
1036
1601
2758
2944
1811
986
1663
2826
2901
1777
1124
1744
2901
2820
1769
1177
1755
2747
2840
1900
1109
1659
2731
2927
1831
1026
1662
2847
2874
1665
1077
1731
2829
2765
1781
1163
1701
2749
2841
1855
1015
1606
2812
2937
1731
995
1678
2846
2863
1730
1066
1694
2813
2789
1849
1122
1635
2712
2898
1933
1063
1608
2753
2988
1809
965
1614
2796
2883
1734
1045
1679
2823
2822
1850
1168
1671
2704
2802
1893
1075
1568
2738
2966
1848
1063
1595
2730
2863
1762
1068
1714
2851
2813
1829
1162
1705
2737
2887
1964
1078
1621
2784
2941
1778
1009
1607
2810
2876
1675
1103
1743
2884
2879
1845
1138
1693
2770
2841
1889
1068
1610
2738
2916
1798
1052
1661
2743
2857
1757
1055
1624
2840
2838
1821
1145
1699
2698
2813
1891
1130
1619
2766
2947
1816
1049
1669
2768
2818
1752
1172
1658
2778
2845
1836
1170
1751
2736
2767
1923
1113
1583
2716
2974
1919
1047
1672
2839
2943
1827
1100
1628
2800
2876
1828
1085
1639
2745
2895
1903
1050
1618
2761
2867
1747
1076
1686
2769
2874
1800
1097
1650
2846
2853
1830
1140
1699
2775
2821
1861
1110
1644
2743
2864
1775
1074
1667
2759
2853
1832
1122
1629
2825
2921
1826
997
1611
2812
2916
1850
1080
1652
2754
2911
1791
1116
1689
2709
2870
1836
1093
1627
2853
2933
1867
1124
1661
2813
2891
1857
1048
1674
2795
2831
1780
1149
1750
2698
2780
1865
1136
1626
2806
2889
1857
1090
1641
2797
2924
1836
1009
1684
2787
2843
1819
1134
1622
2696
2910
1851
1090
1609
2827
2886
1819
1062
1658
2811
2859
1816
1049
1668
2754
2855
1739
1058
1784
2823
2808
1789
1138
1687
2782
2869
1837
1075
1646
2776
2842
1755
978
1683
2785
2876
1777
1125
1684
2686
2842
1881
1153
1619
2844
2940
1832
1066
1673
2852
2856
1787
977
1647
2795
2888
1755
1076
1727
2778
2855
1826
1127
1623
2764
2876
1818
1044
1650
2797
2875
1837
1061
1709
2774
2872
1845
1122
1680
2758
2910
1819
1138
1691
2856
2894
1822
1086
1642
2742
2827
1864
1127
1671
2746
2883
1801
1071
1631
2719
2882
1777
1072
1633
2804
2815
1749
1090
1675
2794
2894
1843
1078
1703
2771
2828
1716
1086
1708
2766
2862
1771
1135
1689
2859
2876
1803
1097
1713
2778
2835
1848
1104
1694
2757
2851
1799
1127
1671
2746
2898
1804
1119
1728
2859
2843
1867
1121
1668
2775
2793
1818
1153
1752
2658
2797
1892
1150
1655
2750
2944
1819
1034
1629
2857
2876
1870
1174
1654
2726
2852
1818
1022
1659
2794
2830
1775
1088
1696
2757
2869
1821
1093
1628
2849
2884
1837
1083
1633
2794
2922
1840
1030
1734
2791
2814
1804
1131
1660
2750
2882
1816
1082
1592
2841
2946
1804
990
1631
2836
2878
1756
1026
1670
2778
2867
1801
1095
1670
2720
2923
1896
1078
1594
2813
2896
1794
1014
1657
2832
2886
1859
1132
1759
2788
2900
1781
1055
1625
2716
2930
1881
1103
1596
2815
2927
1868
1087
1673
2790
2825
1842
1086
1647
2723
2873
1835
1099
1661
2702
2833
1818
1057
1616
2858
2889
1856
1136
1626
2706
2877
1918
1077
1655
2795
2932
1818
1096
1663
2717
2856
1808
1069
1633
2879
2879
1787
1097
1696
2771
2788
1860
1115
1651
2762
2913
1783
1057
1737
2820
2853
1770
1101
1692
2817
2839
1851
1134
1696
2771
2824
1833
1023
1702
2799
2837
1751
1112
1664
2680
2875
1843
1167
1649
2841
2939
1810
1063
1648
2741
2801
1868
1116
1639
2757
2910
1773
1027
1727
2807
2832
1778
1137
1674
2759
2796
1811
1091
1695
2810
2846
1793
1044
1705
2843
2866
1712
1067
1727
2764
2842
1829
1168
1659
2763
2902
1899
1121
1658
2747
2880
1849
1050
1581
2695
2927
1835
1038
1578
2767
2906
1766
1024
1613
2845
2852
1797
1118
1719
2797
2902
1892
1059
1647
2811
2949
1760
1023
1606
2731
2882
1809
1147
1650
2835
2917
1820
1048
1658
2739
2793
1836
1086
1632
2774
2948
1824
1063
1673
2825
2879
1727
1013
1660
2868
2833
1784
1168
1779
2785
2832
1878
1093
1652
2767
2899
1829
1050
1625
2798
2898
1743
1063
1646
2803
2879
1860
1092
1634
2735
2792
1828
1041
1626
2811
2915
1783
1100
1721
2724
2837
1862
1164
1646
2774
2810
1835
1193
1675
2674
2784
1889
1109
1672
2779
2871
1739
1099
1749
2755
2800
1790
1209
1717
2780
2818
1837
1128
1701
2800
2864
1844
1046
1632
2792
2885
1758
1025
1661
2768
2856
1808
1100
1661
2853
2869
1818
1102
1737
2815
2888
1865
1041
1694
2769
2898
1873
1137
1671
2766
2864
1782
1117
1657
2807
2898
1844
1096
1661
2804
2858
1827
1042
1622
2772
2920
1801
1020
1633
2783
2892
1829
1101
1623
2766
2879
1806
1045
1711
2792
2821
1860
1027
1658
2834
2886
1782
1122
1678
2665
2836
1850
1118
1625
2793
2900
1864
1065
1690
2825
2804
1816
1091
1697
2775
2839
1816
1147
1673
2712
2884
1819
1035
1640
2880
2887
1799
1083
1699
2780
2875
1847
1029
1617
2754
2895
1719
1025
1669
2724
2904
1837
1075
1576
2813
2880
1819
1131
1699
2792
2821
1820
1061
1640
2736
2845
1805
1050
1656
2774
2871
1777
1060
1661
2818
2833
1814
1107
1673
2757
2853
1846
1012
1644
2840
2935
1763
1011
1696
2785
2898
1845
1144
1711
2813
2811
1879
1154
1657
2768
2895
1879
1052
1676
2769
2878
1819
1066
1674
2757
2878
1822
1116
1639
2785
2830
1827
1139
1728
2799
2878
1835
1067
1686
2755
2885
1787
1047
1646
2777
2899
1788
1131
1627
2736
2895
1868
1041
1654
2815
2856
1858
1047
1611
2761
2900
1819
1098
1683
2732
2827
1793
1064
1592
2817
2912
1843
1057
1673
2779
2867
1834
1042
1715
2780
2853
1806
1122
1623
2661
2899
1852
1108
1593
2786
2868
1802
1105
1683
2763
2804
1833
1097
1624
2788
2862
1724
1087
1719
2747
2779
1801
1151
1619
2756
2813
1853
1137
1703
2762
2862
1906
1065
1704
2847
2865
1725
1086
1754
2757
2832
1774
1125
1672
2877
2880
1814
1143
1709
2804
2883
1866
1050
1636
2776
2876
1820
1130
1680
2710
2886
1875
1126
1608
2780
2873
1817
1090
1713
2769
2827
1809
1018
1622
2817
2923
1786
1092
1705
2768
2865
1807
1160
1653
2781
2841
1834
1133
1650
2770
2810
1828
1067
1627
2764
2870
1813
1147
1723
2727
2837
1827
1094
1619
2800
2849
1816
1088
1692
2787
2865
1883
1051
1663
2793
2931
1826
1085
1633
2771
2936
1811
1123
1681
2836
2832
1766
1135
1664
2703
2820
1880
1082
1596
2802
2935
1744
1000
1682
2805
2865
1796
1092
1608
2871
2934
1824
1027
1641
2815
2909
1863
1069
1699
2793
2873
1808
1103
1668
2753
2848
1789
1115
1668
2833
2822
1829
1203
1714
2721
2834
1898
1059
1577
2801
2983
1715
973
1766
2872
2826
1764
1168
1658
2769
2839
1853
1113
1627
2756
2894
1862
1026
1713
2843
2830
1738
1125
1746
2769
2801
1844
1193
1608
2758
2921
1897
1091
1722
2835
2840
1818
1095
1697
2702
2808
1801
1098
1640
2676
2857
1849
1091
1627
2831
2862
1792
1077
1689
2826
2843
1815
1117
1715
2769
2867
1798
1124
1649
2714
2873
1789
1164
1704
2844
2887
1811
1100
1674
2821
2847
1826
1121
1683
2774
2884
1757
1103
1679
2711
2904
1844
1078
1557
2784
2878
1817
1034
1650
2833
2903
1844
1081
1717
2791
2861
1810
1113
1648
2676
2870
1855
1076
1586
2843
2962
1843
1060
1681
2811
2843
1816
1081
1645
2717
2831
1817
1138
1664
2704
2856
1846
1117
1626
2849
2918
1821
1057
1709
2807
2876
1833
1046
1664
2786
2887
1757
1046
1637
2749
2873
1795
1141
1657
2802
2848
1819
1102
1678
2815
2912
1845
1106
1720
2797
2880
1807
1096
1730
2829
2870
1821
1105
1598
2807
2923
1907
1145
1657
2766
2912
1899
1061
1708
2817
2867
1796
1091
1673
2689
2820
1835
1141
1613
2813
2875
1841
1112
1711
2814
2793
1793
1075
1668
2715
2780
1807
1156
1663
2668
2781
1835
1121
1647
2854
2868
1775
1130
1769
2784
2808
1808
1080
1718
2781
2873
1793
1099
1668
2766
2895
1830
1078
1608
2856
2933
1854
1088
1680
2844
2850
1801
1080
1686
2781
2891
1791
1113
1690
2722
2850
1837
1133
1661
2842
2893
1816
1042
1699
2846
2865
1819
1068
1694
2768
2880
1776
1079
1687
2769
2841
1801
1111
1594
2791
2911
1879
1071
1576
2776
2867
1840
1042
1645
2753
2899
1801
1110
1690
2684
2872
1862
1077
1575
2816
2886
1802
1079
1668
2737
2876
1915
1120
1656
2725
2897
1747
1013
1702
2765
2837
1832
1116
1634
2850
2956
1939
1131
1635
2759
2894
1849
1002
1633
2854
2970
1795
1018
1682
2800
2800
1702
1104
1658
2791
2796
1785
1112
1712
2761
2790
1877
1006
1572
2828
2971
1785
1031
1657
2761
2861
1791
1135
1622
2796
2898
1845
1141
1710
2777
2818
1828
1096
1610
2696
2862
1881
1121
1656
2750
2878
1816
1099
1697
2895
2913
1762
1064
1731
2783
2849
1830
1016
1671
2816
2883
1713
1031
1650
2757
2951
1764
1036
1719
2898
2873
1863
1202
1680
2664
2804
1924
1117
1600
2750
2961
1893
1095
1681
2743
2868
1785
1016
1626
2832
2833
1786
1117
1761
2759
2770
1855
1090
1648
2722
2844
1785
1096
1590
2686
2921
1877
1078
1552
2903
2964
1756
1080
1779
2787
2731
1831
1103
1631
2739
2878
1769
1059
1738
2798
2838
1758
1087
1699
2871
2827
1795
1183
1691
2716
2851
1884
1072
1657
2796
2917
1739
1014
1658
2795
2842
1768
1183
1740
2812
2827
1886
1146
1634
2788
2886
1829
997
1637
2856
2913
1727
1018
1686
2794
2858
1782
1066
1651
2824
2865
1837
1150
1693
2752
2867
1865
1034
1620
2755
2933
1810
1052
1644
2770
2878
1784
1105
1693
2875
2899
1823
1153
1726
2811
2896
1844
1009
1632
2832
2960
1731
979
1662
2753
2895
1814
1079
1625
2827
2867
1802
1111
1695
2725
2818
1924
1115
1612
2770
2958
1761
1040
1696
2814
2833
1716
1117
1690
2813
2829
1818
1131
1694
2758
2799
1882
1119
1646
2756
2891
1791
1048
1677
2824
2916
1806
1113
1642
2803
2862
1839
1103
1722
2792
2842
1836
1036
1656
2800
2904
1765
981
1581
2787
2947
1762
1072
1685
2838
2841
1846
1165
1709
2766
2859
1836
1068
1634
2781
2942
1805
1089
1700
2741
2806
1736
1143
1661
2690
2758
1844
1158
1705
2749
2842
1892
1055
1602
2726
2872
1812
1072
1632
2780
2880
1727
1112
1717
2851
2814
1787
1141
1711
2737
2759
1858
1136
1669
2758
2884
1797
1098
1686
2722
2837
1826
1118
1663
2818
2875
1815
1094
1714
2759
2860
1877
1082
1669
2797
2944
1830
1086
1684
2783
2862
1722
1118
1693
2803
2849
1796
1112
1761
2786
2768
1850
1121
1677
2788
2909
1770
1051
1725
2831
2882
1771
1084
1669
2845
2849
1789
1095
1689
2789
2859
1848
1050
1642
2722
2857
1768
1015
1621
2759
2875
1757
1102
1697
2818
2816
1799
1159
1703
2726
2826
1877
1110
1626
2738
2875
1772
1071
1679
2737
2844
1809
1098
1623
2831
2876
1796
1119
1723
2735
2802
1885
1111
1676
2759
2900
1847
1138
1670
2715
2861
1810
1106
1664
2829
2826
1798
1094
1660
2743
2775
1783
1041
1634
2776
2928
1784
1009
1651
2774
2838
1761
1112
1660
2779
2804
1820
1117
1657
2767
2885
1867
1038
1662
2856
2930
1759
1019
1638
2763
2861
1799
1126
1648
2788
2852
1814
1064
1699
2788
2849
1839
1067
1669
2781
2919
1807
1053
1684
2798
2863
1763
1092
1664
2862
2875
1802
1084
1713
2819
2845
1800
1042
1679
2720
2825
1777
1063
1695
2792
2874
1837
1192
1670
2783
2859
1845
1083
1647
2780
2842
1853
1029
1643
2741
2849
1840
1105
1685
2759
2862
1828
1154
1683
2808
2881
1805
1081
1714
2787
2781
1771
1094
1696
2717
2828
1836
1085
1612
2789
2935
1776
1073
1631
2829
2912
1906
1157
1643
2749
2858
1863
1067
1615
2767
2933
1856
1058
1615
2778
2908
1803
1090
1677
2832
2824
1844
1119
1628
2732
2872
1838
1007
1637
2779
2881
1780
1044
1588
2713
2843
1766
1107
1652
2837
2929
1867
1108
1706
2843
2870
1835
1038
1606
2770
2908
1805
1046
1687
2784
2863
1836
1107
1619
2826
2882
1832
1092
1701
2801
2852
1847
1074
1678
2748
2879
1769
1064
1646
2745
2867
1755
1109
1690
2889
2904
1775
1061
1622
2803
2830
1792
1057
1696
2821
2903
1739
1040
1686
2776
2872
1807
1164
1666
2826
2864
1825
1170
1787
2799
2800
1897
1129
1576
2693
2921
1799
1030
1656
2800
2887
1789
1107
1669
2841
2872
1781
1048
1638
2753
2863
1937
1094
1557
2707
2915
1798
995
1658
2801
2840
1779
1125
1688
2794
2834
1825
1113
1674
2731
2872
1886
1032
1608
2774
2948
1802
1073
1677
2750
2869
1808
1085
1689
2849
2842
1792
1112
1719
2753
2849
1847
1034
1627
2811
2920
1749
1056
1720
2833
2893
1789
1083
1689
2883
2845
1799
1163
1686
2702
2807
1926
1115
1640
2720
2907
1825
1039
1616
2797
2849
1757
1104
1696
2831
2829
1829
1135
1748
2807
2835
1860
1064
1639
2810
2997
1830
998
1633
2783
2951
1797
1052
1682
2820
2835
1776
1104
1688
2725
2855
1945
1107
1589
2771
2994
1861
1023
1666
2819
2861
1677
1067
1713
2796
2768
1807
1137
1630
2686
2854
1912
1016
1521
2770
2987
1831
1019
1662
2805
2869
1748
1115
1726
2777
2762
1790
1152
1707
2688
2824
1946
1017
1562
2782
2919
1762
1030
1673
2774
2819
1730
1123
1702
2837
2815
1802
1149
1701
2808
2838
1907
1159
1621
2698
2884
1861
1111
1696
2807
2877
1745
1056
1698
2845
2786
1835
1215
1647
2653
2888
1994
1063
1556
2761
2998
1830
996
1634
2801
2881
1764
1130
1652
2759
2865
1862
1129
1615
2670
2783
1916
1172
1618
2693
2937
1905
1069
1636
2769
2833
1724
1079
1668
2853
2778
1749
1186
1813
2688
2758
1921
1077
1574
2795
2976
1870
1077
1628
2740
2892
1800
1124
1722
2817
2773
1810
1197
1688
2701
2780
1864
1080
1619
2716
2952
1873
991
1626
2842
2925
1805
1068
1677
2844
2861
1767
1109
1729
2760
2853
1921
1049
1555
2739
2997
1816
959
1596
2807
2879
1727
1054
1670
2803
2818
1839
1157
1657
2708
2871
1894
989
1587
2777
2941
1796
1074
1719
2744
2830
1805
1111
1640
2814
2859
1861
1161
1700
2752
2836
1881
1061
1604
2756
2879
1694
1000
1713
2817
2801
1712
1126
1678
2813
2862
1852
1123
1645
2794
2907
1897
1099
1638
2727
2889
1867
1148
1665
2686
2874
1883
1088
1633
2869
2869
1814
1160
1669
2685
2779
1863
1088
1629
2821
2932
1738
1031
1727
2769
2814
1745
1161
1719
2819
2860
1787
1053
1655
2801
2844
1752
1055
1716
2755
2850
1824
1146
1715
2745
2854
1824
1106
1627
2865
2939
1819
1039
1660
2822
2862
1843
1043
1700
2815
2900
1784
1066
1705
2764
2846
1763
1148
1716
2833
2886
1885
1150
1695
2759
2841
1928
1112
1603
2727
2905
1775
1028
1677
2796
2888
1824
1088
1603
2784
2897
1808
1070
1679
2767
2880
1859
1074
1670
2763
2858
1715
1084
1741
2788
2758
1719
1098
1684
2806
2786
1803
1129
1725
2772
2845
1913
1084
1591
2758
2882
1779
1113
1725
2732
2871
1873
1117
1575
2803
2942
1839
1020
1625
2766
2853
1813
1062
1693
2768
2861
1825
1098
1651
2729
2820
1812
1184
1633
2753
2955
1929
1093
1647
2839
2910
1812
1035
1672
2797
2842
1769
1139
1726
2721
2783
1804
1141
1593
2784
2881
1786
1042
1717
2829
2860
1844
1059
1665
2752
2874
1794
1075
1652
2722
2896
1845
1113
1578
2849
2961
1849
1084
1677
2814
2885
1861
1096
1677
2843
2933
1794
1106
1719
2727
2772
1859
1202
1635
2785
2909
1858
1070
1652
2772
2853
1816
1032
1726
2815
2872
1719
1072
1716
2721
2805
1810
1167
1644
2777
2892
1806
1075
1724
2807
2801
1771
1134
1715
2803
2893
1776
1141
1749
2765
2845
1868
1144
1610
2848
2853
1782
1102
1718
2796
2731
1719
1093
1815
2788
2780
1790
1131
1627
2717
2880
1778
1067
1649
2855
2826
1818
1168
1760
2834
2866
1844
1089
1691
2738
2826
1789
1149
1708
2729
2819
1800
1150
1618
2783
2851
1822
1052
1652
2751
2835
1864
1147
1711
2696
2841
1792
1089
1665
2723
2832
1781
1146
1709
2788
2849
1893
1136
1649
2712
2817
1895
1105
1620
2707
2929
1844
1082
1628
2729
2917
1797
1099
1694
2870
2868
1858
1162
1683
2723
2843
1919
1130
1635
2772
2928
1797
1045
1640
2808
2852
1739
1153
1689
2771
2829
1926
1175
1625
2723
2845
1875
1086
1653
2766
2934
1790
1042
1732
2805
2800
1766
1091
1665
2882
2880
1737
1050
1787
2887
2802
1768
1107
1765
2729
2854
1816
1087
1695
2836
2938
1811
1086
1648
2845
2883
1866
1157
1691
2764
2839
1852
1022
1637
2783
2867
1781
1108
1690
2761
2867
1847
1142
1647
2802
2827
1745
1067
1722
2781
2831
1882
1131
1682
2739
2887
1815
1045
1608
2793
2945
1763
1045
1660
2886
2875
1783
1106
1789
2781
2738
1826
1102
1649
2731
2881
1836
1096
1682
2797
2835
1739
1097
1682
2779
2778
1790
1120
1725
2750
2825
1868
1090
1690
2829
2870
1690
1035
1649
2746
2871
1817
1143
1630
2758
2876
1914
1099
1633
2841
2780
1735
1073
1734
2787
2824
1780
1154
1728
2745
2882
1826
1051
1643
2895
2910
1769
1047
1669
2780
2889
1866
1046
1697
2761
2810
1753
1114
1663
2715
2880
1822
1125
1647
2841
2909
1836
1128
1664
2711
2858
1930
1105
1618
2748
2874
1766
1065
1713
2760
2816
1835
1148
1625
2801
2892
1822
1083
1670
2779
2888
1877
1068
1673
2666
2819
1863
1126
1581
2707
2914
1808
1095
1692
2860
2826
1752
1112
1710
2701
2751
1849
1064
1610
2708
2857
1769
1101
1752
2769
2883
1883
1149
1641
2784
2881
1846
1069
1650
2759
2830
1801
1042
1694
2807
2877
1760
1063
1637
2751
2924
1821
1106
1650
2822
2887
1817
1068
1660
2779
2907
1851
1050
1651
2801
2925
1847
1109
1660
2724
2902
1806
1064
1609
2856
2893
1797
1032
1616
2832
2939
1856
1116
1767
2819
2842
1732
1039
1655
2729
2835
1788
1162
1640
2769
2846
1861
1154
1666
2764
2844
1849
1066
1656
2731
2855
1796
1092
1678
2728
2809
1787
1122
1644
2803
2887
1828
1064
1673
2796
2875
1816
1029
1712
2792
2786
1723
1117
1694
2725
2871
1850
1176
1690
2800
2866
1833
1075
1675
2780
2831
1828
1088
1695
2795
2857
1766
1111
1733
2774
2902
1839
1088
1615
2856
2906
1766
1032
1712
2857
2816
1766
1062
1711
2793
2821
1779
1149
1680
2687
2820
1874
1203
1652
2763
2894
1849
981
1613
2877
2878
1731
1041
1694
2735
2789
1793
1122
1669
2727
2822
1810
1182
1657
2803
2887
1802
1032
1670
2813
2805
1817
1051
1654
2793
2878
1816
1088
1652
2687
2791
1800
1121
1610
2775
2874
1862
1095
1678
2819
2836
1820
1048
1708
2775
2843
1827
1195
1768
2703
2798
1854
1176
1613
2818
2943
1839
1092
1694
2799
2863
1852
1128
1745
2718
2782
1778
1120
1656
2684
2810
1835
1183
1645
2760
2896
1892
1097
1630
2775
2847
1829
1134
1698
2701
2782
1755
1120
1710
2715
2786
1816
1172
1628
2817
2910
1793
1021
1646
2818
2856
1795
1029
1699
2787
2840
1746
1109
1710
2719
2858
1870
1126
1585
2831
2980
1849
987
1621
2838
2928
1812
1020
1755
2817
2804
1787
1147
1645
2633
2836
1890
1164
1579
2748
