100000000 -0.0377
200000000 0.0039
300000000 -0.2046
400000000 -0.2263
500000000 -0.3192
600000000 -0.3996
700000000 -0.4304
800000000 -0.4655
900000000 -0.5008
1000000000 -0.6
1100000000 -0.5708
1200000000 -0.6152
1300000000 -0.5864
1400000000 -0.6865
1500000000 -0.7386
1600000000 -0.8238
1700000000 -0.8012
1800000000 -0.8826
1900000000 -0.8746
2000000000 -0.8398
2100000000 -0.8816
2200000000 -0.9129
2300000000 -0.9459
2400000000 -0.983
2600000000 -1.0424
2700000000 -1.1024
2800000000 -1.1151
2900000000 -1.1544
3000000000 -1.1854
3100000000 -1.2202
3200000000 -1.2567
3300000000 -1.3118
3400000000 -1.3424
3500000000 -1.3836
3600000000 -1.3796
3700000000 -1.3971
3800000000 -1.4448
3900000000 -1.4968
4000000000 -1.4868
4100000000 -1.5522
4200000000 -1.565
4300000000 -1.6074
4400000000 -1.6385
4500000000 -1.6709
4600000000 -1.6919
4700000000 -1.7231
4800000000 -1.7473
4900000000 -1.8123
5100000000 -1.8372
5200000000 -1.857
5300000000 -1.9014
5400000000 -1.9344
5500000000 -1.9564
5600000000 -1.9807
5700000000 -2.0312
5800000000 -2.0619
5900000000 -2.0843
6000000000 -2.1268
6100000000 -2.1319
6200000000 -2.1653
6300000000 -2.2442
6400000000 -2.2399
6500000000 -2.2727
6600000000 -2.2736
6700000000 -2.3074
6800000000 -2.3657
6900000000 -2.3696
7000000000 -2.3834
7100000000 -2.4712
7200000000 -2.5081
7300000000 -2.5613
7400000000 -2.5455
7600000000 -2.5686
7700000000 -2.5786
7800000000 -2.6125
7900000000 -2.612
8000000000 -2.696
8100000000 -2.739
8200000000 -2.7728
8300000000 -2.7814
8400000000 -2.7684
8500000000 -2.8124
9000000000 -21.9318
