1.00E+08 0
2.00E+08 0
3.00E+08 0
4.00E+08 0
5.00E+08 0
6.00E+08 0
7.00E+08 0
8.00E+08 0
9.00E+08 0
1.00E+09 0
1.10E+09 0
1.20E+09 0
1.30E+09 0
1.40E+09 0
1.50E+09 0
1.60E+09 0
1.70E+09 0
1.80E+09 0
1.90E+09 0
2.00E+09 0
2.10E+09 0
2.20E+09 0
2.30E+09 0
2.40E+09 0
2.48E+09 0
2.60E+09 0
2.70E+09 0
2.80E+09 0
2.90E+09 0
3.00E+09 0
3.10E+09 0
3.20E+09 0
3.30E+09 0
3.40E+09 0
3.50E+09 0
3.60E+09 0
3.70E+09 0
3.80E+09 0
3.90E+09 0
4.00E+09 0
4.10E+09 0
4.20E+09 0
4.30E+09 0
4.40E+09 0
4.50E+09 0
4.60E+09 0
4.70E+09 0
4.80E+09 0
4.90E+09 0
4.98E+09 0
5.10E+09 0
5.20E+09 0
5.30E+09 0
5.40E+09 0
5.50E+09 0
5.60E+09 0
5.70E+09 0
5.80E+09 0
5.90E+09 0
6.00E+09 0
6.10E+09 0
6.20E+09 0
6.30E+09 0
6.40E+09 0
6.50E+09 0
6.60E+09 0
6.70E+09 0
6.80E+09 0
6.90E+09 0
7.00E+09 0
7.10E+09 0
7.20E+09 0
7.30E+09 0
7.40E+09 0
7.48E+09 0
7.60E+09 0
7.70E+09 0
7.80E+09 0
7.90E+09 0
8.00E+09 0
9.00E+09 -20

