1.00E+08 0
2.00E+08 -0.025
3.00E+08 -0.05
4.00E+08 -0.075
5.00E+08 -0.1
6.00E+08 -0.125
7.00E+08 -0.15
8.00E+08 -0.175
9.00E+08 -0.2
1.00E+09 -0.225
1.10E+09 -0.25
1.20E+09 -0.275
1.30E+09 -0.3
1.40E+09 -0.325
1.50E+09 -0.35
1.60E+09 -0.375
1.70E+09 -0.4
1.80E+09 -0.425
1.90E+09 -0.45
2.00E+09 -0.475
2.10E+09 -0.5
2.20E+09 -0.525
2.30E+09 -0.55
2.40E+09 -0.575
2.48E+09 -0.6
2.60E+09 -0.625
2.70E+09 -0.65
2.80E+09 -0.675
2.90E+09 -0.7
3.00E+09 -0.725
3.10E+09 -0.75
3.20E+09 -0.775
3.30E+09 -0.8
3.40E+09 -0.825
3.50E+09 -0.85
3.60E+09 -0.875
3.70E+09 -0.9
3.80E+09 -0.925
3.90E+09 -0.95
4.00E+09 -0.975
4.10E+09 -1
5.00E+09 -20
