2384
2410
2366
2374
2440
2387
2310
2407
2483
2401
2347
2364
2402
2375
2340
2369
2423
2412
2382
2387
2387
2376
2389
2371
2349
2380
2404
2412
2421
2373
2368
2416
2410
2390
2373
2366
2428
2426
2365
2408
2456
2445
2428
2391
2392
2399
2387
2417
2406
2385
2431
2444
2420
2392
2387
2420
2388
2360
2453
2418
2327
2444
2441
2321
2421
2455
2332
2367
2475
2401
2325
2410
2474
2394
2360
2430
2426
2413
2425
2370
2368
2463
2442
2357
2367
2388
2373
2397
2389
2394
2468
2421
2376
2457
2449
2380
2388
2386
2345
2376
2421
2403
2389
2392
2381
2410
2411
2358
2408
2443
2367
2364
2443
2380
2359
2438
2402
2336
2358
2406
2410
2344
2358
2431
2430
2404
2448
2411
2369
2420
2430
2359
2348
2407
2383
2362
2394
2416
2394
2397
2402
2381
2439
2420
2376
2451
2415
2353
2462
2451
2354
2397
2409
2384
2444
2467
2385
2385
2405
2384
2413
2421
2389
2394
2424
2436
2354
2365
2428
2362
2332
2421
2432
2361
2385
2407
2382
2405
2393
2401
2427
2376
2347
2427
2390
2311
2387
2424
2364
2360
2397
2428
2407
2390
2415
2397
2393
2383
2375
2401
2383
2376
2430
2432
2375
2424
2439
2386
2392
2425
2420
2395
2399
2445
2426
2397
2418
2368
2380
2457
2436
2352
2383
2421
2343
2327
2380
2406
2385
2360
2379
2423
2409
2386
2410
2425
2372
2369
2416
2366
2349
2415
2392
2388
2411
2381
2415
2467
2413
2383
2417
2412
2402
2394
2399
2392
2348
2390
2427
2370
2404
2506
2457
2361
2394
2438
2401
2384
2426
2410
2391
2411
2376
2388
2434
2397
2406
2427
2389
2384
2420
2411
2392
2400
2378
2387
2401
2348
2374
2423
2398
2394
2420
2408
2380
2403
2381
2397
2453
2427
2391
2423
2386
2342
2422
2438
2355
2400
2453
2366
2367
2462
2428
2375
2418
2415
2396
2404
2397
2404
2385
2408
2436
2370
2372
2428
2403
2396
2439
2367
2326
2413
2445
2385
2391
2430
2400
2408
2452
2400
2354
2416
2412
2380
2384
2397
2386
2379
2415
2440
2370
2356
2392
2397
2400
2407
2388
2359
2349
2369
2396
2388
2407
2439
2413
2358
2353
2447
2439
2355
2408
2415
2346
2377
2386
2408
2452
2394
2390
2433
2409
2426
2417
2380
2392
2417
2419
2376
2391
2463
2422
2379
2409
2404
2381
2395
2405
2402
2398
2398
2379
2386
2420
2419
2392
2407
2394
2366
2411
2429
2343
2363
2454
2396
2333
2426
2441
2351
2385
2499
2431
2344
2400
2395
2358
2417
2483
2431
2412
2436
2351
2357
2436
2367
2326
2435
2451
2349
2399
2447
2351
2379
2425
2396
2387
2365
2426
2478
2357
2362
2468
2402
2340
2410
2391
2374
2395
2372
2417
2373
2334
2395
2402
2375
2405
2422
2406
2414
2389
2389
2418
2392
2392
2437
2403
2379
2426
2379
2319
2404
2432
2383
2349
2386
2444
2363
2354
2475
2426
2338
2424
2434
2387
2416
2395
2372
2409
2410
2365
2415
2476
2394
2337
2396
2450
2394
2365
2427
2404
2333
2370
2421
2436
2455
2391
2372
2441
2418
2378
2431
2448
2380
2373
2432
2424
2382
2405
2434
2407
2388
2420
2450
2414
2361
2375
2410
2399
2402
2417
2415
2406
2429
2401
2402
2469
2423
2353
2432
2450
2365
2358
2418
2392
2368
2407
2461
2442
2390
2434
2426
2362
2379
2414
2437
2415
2343
2363
2414
2390
2375
2404
2390
2357
2366
2379
2400
2410
2431
2406
2351
2358
2429
2410
2322
2387
2442
2372
2354
2388
2398
2379
2387
2431
2419
2377
2411
2439
2384
2349
2394
2416
2381
2388
2433
2433
2386
2371
2428
2476
2412
2387
2440
2431
2373
2361
2412
2442
2377
2410
2483
2380
2371
2474
2389
2341
2454
2460
2398
2401
2354
2362
2429
2408
2425
2451
2348
2353
2443
2374
2335
2434
2416
2386
2457
2417
2381
2448
2416
2339
2400
2419
2398
2434
2355
2319
2428
2385
2358
2426
2440
2408
2399
2383
2376
2398
2423
2394
2389
2441
2446
2378
2369
2386
2350
2378
2412
2382
2376
2396
2386
2398
2445
2429
2366
2380
2433
2433
2470
2427
2365
2424
2415
2378
2436
2448
2366
2350
2435
2419
2367
2428
2465
2374
2383
2427
2411
2424
2415
2384
2419
2404
2353
2410
2443
2371
2369
2406
2380
2371
2443
2410
2381
2430
2389
2349
2370
2397
2402
2371
2371
2396
2420
2423
2395
2365
2365
2381
2383
2403
2419
2388
2375
2396
2420
2434
2412
2385
2347
2360
2418
2430
2380
2376
2427
2437
2411
2390
2398
2448
2437
2386
2375
2421
2442
2383
2381
2418
2404
2392
2423
2421
2405
2426
2439
2412
2406
2403
2386
2398
2398
2411
2434
2398
2375
2439
2402
2286
2354
2454
2407
2373
2369
2373
2398
2406
2413
2413
2396
2373
2402
2415
2373
2350
2441
2451
2360
2394
2455
2406
2405
2431
2390
2360
2369
2375
2392
2449
2458
2354
2358
2449
2423
2390
2389
2390
2432
2447
2355
2353
2477
2392
2298
2440
2441
2330
2376
2430
2399
2417
2438
2386
2381
2405
2410
2411
2416
2390
2379
2427
2428
2384
2409
2419
2364
2344
2380
2452
2397
2315
2411
2444
2376
2370
2377
2336
2349
2413
2421
2399
2406
2368
2365
2409
2412
2378
2377
2392
2382
2400
2403
2372
2418
2443
2358
2334
2432
2465
2404
2420
2402
2365
2407
2429
2403
2404
2391
2413
2439
2364
2344
2426
2407
2388
2399
2382
2406
2420
2380
2391
2422
2411
2373
2424
2470
2402
2362
2412
2377
2305
2376
2419
2370
2330
2349
2403
2414
2382
2385
2416
2409
2367
2346
2398
2429
2386
2420
2430
2395
2397
2406
2420
2395
2374
2404
2402
2414
2427
2397
2381
2397
2371
2391
2446
2409
2315
2317
2426
2429
2396
2458
2467
2423
2395
2361
2371
2400
2395
2384
2394
2417
2433
2437
2393
2378
2371
2379
2430
2407
2381
2412
2393
2348
2377
2412
2402
2364
2367
2425
2417
2330
2367
2438
2356
2367
2411
2367
2398
2426
2374
2431
2454
2384
2441
2473
2369
2365
2433
2401
2344
2354
2379
2388
2359
2375
2457
2433
2337
2395
2458
2390
2393
2439
2398
2409
2401
2364
2434
2429
2342
2402
2449
2422
2398
2384
2424
2441
2381
2369
2445
2440
2361
2400
2468
2405
2363
2439
2436
2374
2382
2422
2407
2373
2397
2406
2367
2351
2371
2382
2405
2411
2377
2380
2431
2424
2364
2404
2498
2450
2361
2402
2466
2406
2382
2397
2368
2361
2368
2391
2447
2428
2350
2402
2457
2400
2393
2441
2421
2353
2356
2435
2438
2375
2384
2424
2398
2377
2401
2407
2363
2393
2468
2425
2355
2389
2410
2405
2375
2371
2411
2393
2383
2426
2450
2370
2378
2434
2384
2352
2390
2447
2415
2340
2374
2469
2485
2406
2411
2488
2419
2379
2393
2408
2418
2377
2387
2435
2406
2377
2422
2402
2347
2387
2438
2432
2409
2378
2381
2402
2364
2346
2409
2370
2361
2466
2408
2300
2416
2467
2371
2381
2367
2363
2443
2420
2326
2410
2426
2358
2428
2451
2382
2382
2372
2384
2383
2404
2434
2387
2362
2423
2419
2372
2373
2426
2446
2350
2364
2469
2420
2371
2399
2359
2390
2420
2403
2415
2385
2411
2459
2437
2395
2360
2386
2441
2408
2393
2436
2406
2350
2350
2383
2417
2335
2307
2415
2398
2350
2453
2436
2355
2424
2430
2370
2411
2409
2409
2423
2347
2345
2432
2365
2374
2487
2386
2349
2435
2392
2384
2428
2381
2425
2463
2383
2397
2456
2391
2407
2456
2397
2411
2454
2404
2389
2417
2442
2411
2350
2349
2391
2430
2396
2358
2436
2496
2396
2348
2388
2412
2391
2361
2372
2413
2448
2442
2424
2432
2422
2416
2419
2359
2385
2447
2396
2366
2388
2374
2324
2337
2410
2409
2385
2423
2438
2370
2345
2384
2401
2400
2409
2407
2362
2365
2436
2400
2348
2417
2446
2389
2405
2417
2397
2402
2398
2381
2430
2423
2369
2395
2405
2371
2410
2391
2363
2411
2442
2404
2377
2397
2386
2431
2442
2396
2432
2441
2403
2374
2423
2435
2375
2409
2442
2385
2388
2418
2421
2431
2410
2388
2413
2431
2405
2350
2366
2443
2420
2374
2390
2401
2402
2404
2414
2389
2412
2443
2383
2357
2398
2409
2377
2390
2395
2382
2375
2365
2343
2400
2437
2388
2372
2422
2459
2415
2349
2389
2429
2379
2359
2422
2419
2377
2395
2364
2398
2417
2356
2393
2452
2418
2369
2391
2430
2354
2335
2424
2432
2363
2377
2421
2397
2357
2412
2449
2413
2399
2396
2387
2382
2377
2384
2411
2393
2320
2353
2395
2382
2408
2376
2362
2438
2400
2350
2418
2424
2376
2387
2390
2394
2411
2353
2362
2453
2390
2356
2424
2388
2334
2384
2421
2425
2430
2367
2322
2384
2426
2384
2393
2409
2417
2381
2356
2425
2451
2418
2369
2384
2430
2396
2357
2365
2379
2408
2407
2378
2386
2424
2389
2367
2401
2408
2428
2435
2383
2379
2395
2386
2391
2384
2390
2434
2421
2372
2398
2379
2374
2433
2387
2348
2439
2439
2390
2380
2401
2431
2438
2354
2377
2430
2374
2364
2389
2350
2415
2420
2332
2361
2386
2343
2363
2387
2378
2411
2446
2406
2368
2401
2438
2406
2376
2395
2408
2409
2422
2406
2407
2434
2377
2335
2410
2396
2348
2402
2425
2382
2361
2384
2404
2380
2378
2405
2382
2354
2388
2438
2392
2359
2433
2419
2359
2392
2425
2371
2369
2396
2432
2420
2370
2384
2383
2337
2403
2449
2354
2368
2470
2391
2329
2400
2405
2386
2393
2380
2390
2368
2368
2408
2406
2366
2392
2460
2401
2379
2449
2385
2304
2385
2443
2388
2418
2428
2400
2389
2374
2438
2438
2315
2346
2431
2346
2401
2474
2391
2348
2406
2382
2360
2410
2437
2398
2389
2408
2407
2384
2398
2452
2424
2353
2398
2452
2414
2373
2393
2405
2375
2368
2403
2430
2411
2390
2406
2386
2367
2397
2457
2464
2384
2386
2448
2432
2394
2420
2419
2371
2393
2426
2362
2391
2455
2398
2367
2434
2433
2388
2399
2411
2386
2365
2404
2425
2409
2397
2372
2370
2456
2449
2382
2403
2418
2405
2447
2442
2361
2379
2421
2347
2362
2461
2429
2342
2370
2430
2403
2366
2392
2404
2393
2367
2403
2421
2398
2405
2445
2392
2376
2440
2382
2343
2414
2433
2393
2410
2425
2385
2390
2424
2406
2362
2426
2447
2323
2369
2466
2384
2386
2420
2375
2400
2414
2357
2389
2418
2409
2383
2379
2430
2414
2358
2425
2484
2431
2377
2360
2384
2413
2437
2441
2363
2353
2423
2387
2360
2416
2383
2323
2425
2458
2357
2370
2433
2393
2381
2434
2417
2360
2403
2413
2355
2379
2392
2397
2430
2417
2361
2403
2441
2366
2425
2468
2382
2434
2435
2359
2380
2381
2380
2410
2375
2395
2456
2427
2370
2378
2407
2408
2390
2409
2437
2404
2379
2416
2404
2424
2458
2416
2384
2405
2418
2422
2418
2371
2385
2426
2399
2421
2403
2337
2404
2414
2364
2433
2448
2349
2356
2411
2418
2420
2369
2382
2443
2437
2399
2384
2392
2408
2396
2393
2389
2359
2392
2405
2357
2388
2477
2449
2358
2369
2430
2381
2350
2391
2377
2408
2454
2407
2412
2435
2389
2407
2441
2398
2398
2416
2376
2377
2441
2429
2374
2413
2465
2376
2356
2434
2430
2430
2386
2347
2427
2415
2343
2379
2403
2401
2408
2393
2397
2398
2379
2395
2439
2408
2414
2411
2358
2413
2463
2370
2396
2436
2341
2364
2420
2340
2365
2465
2418
2369
2411
2392
2334
2383
2448
2404
2406
2444
2417
2407
2436
2402
2357
2387
2387
2365
2424
2462
2464
2454
2413
2426
2434
2359
2361
2400
2369
2349
2382
2427
2438
2375
2343
2428
2463
2366
2380
2440
2401
2375
2405
2408
2400
2386
2340
2358
2385
2371
2407
2417
2352
2384
2437
2383
2348
2407
2417
2366
2376
2442
2414
2375
2439
2435
2374
2431
2457
2385
2372
2393
2391
2344
2361
2417
2359
2355
2435
2366
2362
2467
2424
2357
2378
2386
2375
2406
2461
2430
2388
2411
2393
2377
2403
2373
2390
2413
2396
2408
2398
2404
2436
2385
2365
2437
2431
2376
2397
2462
2456
2386
2365
2406
2405
2370
2383
2410
2408
2374
2394
2412
2377
2382
2429
2451
2395
2338
2393
2412
2371
2387
2422
2417
2391
2372
2414
2424
2415
2428
2418
2385
2401
2410
2362
2395
2425
2365
2348
2413
2394
2369
2447
2388
2338
2467
2447
2367
2406
2377
2366
2433
2408
2413
2458
2393
2377
2402
2405
2406
2357
2378
2433
2382
2375
2431
2413
2405
2394
2367
2412
2434
2376
2391
2426
2429
2452
2420
2370
2407
2397
2349
2404
2433
2412
2407
2392
2390
2394
2376
2400
2434
2386
2386
2434
2393
2358
2417
2443
2397
2382
2415
2425
2392
2370
2413
2416
2379
2380
2393
2412
2408
2383
2399
2391
2397
2448
2416
2373
2412
2434
2408
2409
2401
2395
2401
2403
2411
2405
2396
2395
2385
2382
2420
2418
2390
2421
2395
2376
2455
2386
2294
2417
2435
2365
2421
2390
2349
2436
2410
2344
2412
2434
2355
2372
2419
2388
2367
2392
2401
2375
2393
2418
2396
2420
2398
2321
2404
2455
2332
2378
2459
2392
2331
2355
2414
2447
2387
2382
2441
2380
2386
2451
2381
2344
2393
2396
2391
2427
2412
2383
2375
2392
2386
2384
2428
2450
2399
2401
2443
2389
2344
2420
2456
2390
2376
2407
2412
2371
2360
2442
2452
2376
2396
2447
2392
2368
2413
2424
2406
2375
2344
2407
2423
2347
2383
2399
2340
2362
2366
2393
2415
2354
2383
2406
2357
2405
2424
2379
2419
2407
2358
2428
2439
2397
2414
2430
2382
2378
2418
2403
2346
2363
2448
2410
2374
2363
2394
2435
2403
2379
2411
2398
2379
2399
2412
2412
2430
2389
2336
2382
2426
2373
2387
2429
2356
2339
2402
2437
2433
2365
2362
2446
2390
2364
2494
2444
2297
2354
2413
2363
2365
2378
2381
2401
2361
2345
2388
2415
2396
2394
2459
2443
2385
2401
2447
2432
2402
2393
2418
2384
2365
2400
2406
2413
2428
2394
2396
2391
2392
2430
2388
2370
2401
2405
2404
2422
2417
2400
2449
2475
2406
2384
2432
2438
2369
2395
2447
2402
2367
2376
2393
2387
2359
2343
2389
2450
2417
2347
2389
2446
2376
2324
2388
2401
2368
2384
2393
2413
2438
2454
2406
2392
2390
2381
2409
2435
2380
2396
2427
2374
2389
2403
2355
2356
2407
2447
2424
2368
2403
2422
2383
2418
2430
2363
2382
2393
2341
2371
2433
2381
2330
2404
2418
2349
2385
2427
2390
2371
2380
2402
2398
2413
2435
2417
2417
2440
2383
2340
2412
2429
2381
2392
2391
2382
2399
2400
2395
2417
2378
2397
2447
2371
2367
2392
2338
2411
2439
2332
2381
2468
2370
2341
2418
2381
2386
2444
2451
2410
2416
2430
2369
2356
2420
2411
2368
2382
2422
2362
2332
2428
2444
2374
2409
2464
2395
2386
2461
2415
2394
2453
2372
2358
2472
2404
2348
2455
2394
2369
2438
2379
2314
2392
2411
2350
2396
2435
2401
2366
2396
2435
2386
2330
2404
2408
2341
2385
2417
2357
2401
2431
2384
2399
2408
2349
2345
2380
2375
2400
2416
2396
2435
2412
2373
2382
2402
2430
2424
2386
2380
2426
2412
2387
2370
2380
2387
2349
2392
2427
2428
2497
2438
2362
2438
2418
2368
2410
2419
2398
2412
2416
2385
2387
2378
2386
2423
2412
2399
2405
2314
2332
2429
2387
2370
2439
2417
2352
2379
2379
2346
2392
2398
2396
2456
2422
2347
2415
2478
2397
2345
2387
2388
2384
2401
2418
2423
2413
2439
2424
2378
2398
2414
2453
2465
2385
2372
2405
2371
2380
2413
2406
2386
2378
2376
2385
2391
2378
2363
2380
2408
2394
2377
2389
2376
2383
2381
2356
2388
2445
2420
2371
2406
2426
2364
2343
2401
2419
2370
2380
2424
2410
2411
2410
2408
2420
2380
2415
2485
2390
2332
2430
2485
2450
2396
2408
2452
2422
2390
2419
2441
2429
2432
2378
2345
2409
2420
2354
2410
2471
2395
2391
2419
2388
2393
2401
2379
2383
2396
2387
2402
2416
2420
2370
2373
2434
2400
2358
2433
2460
2376
2368
2409
2389
2399
2427
2381
2352
2392
2392
2380
2380
2379
2375
2408
2421
2397
2404
2450
2442
2366
2389
2452
2402
2395
2424
2403
2397
2381
2351
2353
2380
2382
2396
2386
2403
2430
2396
2414
2434
2404
2373
2355
2378
2435
2444
2404
2405
2392
2357
2378
2412
2413
2397
2385
2393
2393
2373
2383
2374
2351
2430
2470
2371
2378
2424
2376
2378
2366
2321
2371
2442
2417
2396
2409
2402
2410
2406
2358
2344
2412
2418
2394
2420
2399
2391
2434
2372
2346
2446
2410
2381
2404
2330
2395
2453
2325
2388
2485
2342
2332
2468
2356
2338
2459
2382
2369
2448
2393
2357
2440
2431
2382
2401
2394
2361
2403
2428
2343
2366
2395
2365
2402
2460
2454
2395
2359
2413
2423
2365
2353
2434
2425
2365
2405
2453
2406
2380
2383
2357
2387
2452
2377
2368
2427
2384
2397
2414
2363
2415
2428
2385
2405
2396
2407
2462
2390
2345
2428
2424
2359
2391
2418
2398
2413
2387
2344
2400
2414
2372
2392
2391
2384
2420
2414
2393
2413
2371
2387
2425
2365
2381
2438
2408
2366
2365
2383
2387
2370
2375
2380
2341
2364
2410
2402
2405
2393
2356
2444
2448
2345
2404
2420
2397
2429
2409
2405
2450
2394
2372
2434
2421
2356
2354
2410
2418
2384
2385
2402
2395
2394
2385
2395
2399
2388
2411
2404
2385
2434
2431
2363
2444
2466
2390
2408
2398
2368
2403
2399
2365
2416
2387
2372
2455
2431
2349
2398
2424
2378
2429
2456
2354
2355
2435
2395
2382
2405
2395
2401
2386
2374
2379
2414
2441
2374
2351
2434
2418
2346
2393
2410
2383
2434
2453
2391
2396
2411
2389
2403
2386
2360
2418
2379
2324
2387
2403
2355
2364
2418
2429
2391
2370
2410
2408
2361
2369
2428
2426
2382
2396
2419
2416
2414
2382
2369
2405
2399
2379
2380
2394
2406
2379
2363
2391
2390
2372
2399
2403
2376
2404
2461
2411
2346
2390
2435
2448
2425
2365
2382
2418
2387
2366
2366
2410
2447
2390
2351
2403
2403
2378
2421
2434
2397
2376
2413
2407
2403
2417
2382
2398
2405
2380
2401
2415
2348
2319
2413
2444
2396
2357
2377
2452
2405
2366
2453
2438
2367
2399
2408
2377
2414
2425
2411
2407
2354
2345
2415
2379
2324
2377
2401
2389
2411
2410
2381
2387
2395
2381
2347
2371
2414
2369
2356
2428
2403
2336
2390
2406
2365
2411
2398
2352
2423
2471
2433
2378
2406
2428
2388
2398
2437
2413
2410
2417
2383
2421
2450
2359
2359
2416
2372
2360
2380
2399
2418
2371
2365
2421
2394
2372
2447
2448
2383
2436
2493
2394
2345
2419
2396
2390
2444
2404
2390
2394
2379
2405
2436
2369
2378
2443
2412
2367
2413
2417
2378
2413
2413
2336
2394
2471
2370
2340
2426
2391
2375
2413
2397
2407
2421
2406
2369
2366
2438
2452
2362
2363
2456
2431
2360
2423
2443
2349
2353
2424
2394
2328
2359
2444
2380
2334
2412
2413
2383
2384
2376
2406
2458
2411
2382
2358
2339
2417
2458
2407
2372
2407
2424
2385
2395
2465
2428
2356
2372
2413
2399
2390
2415
2436
2390
2413
2415
2390
2398
2379
2371
2429
2414
2388
2427
2397
2371
2412
2390
2360
2417
2402
2351
2382
2379
2370
2401
2396
2358
2404
2452
2352
2339
2417
2407
2439
2428
2320
2388
2482
2390
2358
2408
2400
2358
2361
2397
2375
2377
2447
2478
2408
2342
2404
2437
2358
2377
2452
2395
2377
2428
2399
2356
2445
2480
2393
2404
2432
2373
2399
2425
2407
2403
2365
2357
2452
2405
2345
2453
2428
2334
2394
2429
2376
2330
2359
2408
2390
2345
2366
2438
2433
2396
2403
2394
2395
2393
2378
2394
2406
2417
2428
2410
2380
2416
2468
2405
2361
2435
2462
2397
2409
2459
2377
2347
2430
2423
2373
2365
2385
2425
2426
2402
2404
2391
2397
2440
2445
2425
2430
2406
2403
2432
2394
2376
2424
2412
2364
2398
2414
2366
2388
2417
2426
2408
2362
2366
2392
2402
2415
2397
2396
2408
2382
2359
2401
2411
2369
2375
2371
2398
2404
2341
2353
2426
2396
2337
2392
2440
2404
2343
2336
2384
2415
2360
2364
2437
2409
2375
2434
2409
2349
2386
2412
2371
2411
2430
2380
2369
2385
2383
2382
2389
2391
2413
2404
2382
2407
2385
2385
2420
2406
2374
2407
2409
2383
2394
2424
2424
2398
2370
2414
2411
2383
2385
2390
2392
2387
2414
2432
2402
2394
2406
2399
2393
2396
2414
2396
2386
2406
2398
2395
2388
2410
2418
2395
2399
2413
2414
2428
2444
2424
2428
2434
2427
2408
2363
2368
2379
2402
2383
2375
2440
2410
2320
2368
2441
2390
2345
2419
2434
2380
2385
2442
2428
2375
2396
2455
2413
2378
2431
2385
2361
2465
2430
2312
2418
2473
2329
2366
2469
2390
2375
2418
2360
2357
2426
2401
2421
2447
2351
2336
2414
2392
2351
2351
2417
2436
2370
2390
2427
2383
2396
2407
2374
2397
2430
2407
2376
2360
2391
2443
2430
2347
2390
2428
2361
2383
2390
2399
2426
2382
2382
2428
2412
2402
2443
2387
2324
2350
2415
2443
2377
2377
2457
2430
2330
2392
2450
2404
2396
2417
2426
2414
2383
2396
2469
2433
2343
2420
2460
2378
2351
2418
2422
2377
2368
2390
2405
2397
2418
2390
2329
2390
2447
2369
2371
2437
2430
2394
2415
2441
2429
2402
2378
2393
2412
2379
2371
2433
2437
2367
2368
2374
2344
2393
2420
2379
2389
2403
2405
2411
2390
2376
2407
2409
2323
2337
2432
2415
2397
2401
2380
2396
2414
2389
2366
2411
2441
2416
2409
2412
2410
2418
2373
2361
2414
2409
2387
2373
2373
2407
2433
2396
2395
2426
2397
2359
2399
2435
2408
2390
2438
2417
2348
2366
2407
2368
2371
2406
2416
2428
2421
2424
2393
2367
2412
2418
2370
2383
2415
2414
2406
2420
2378
2357
2387
2406
2370
2382
2438
2419
2365
2394
2424
2405
2406
2447
2422
2408
2437
2383
2362
2425
2398
2359
2436
2418
2361
2420
2410
2371
2406
2405
2379
2353
2375
2404
2366
2368
2431
2427
2403
2416
2412
2419
2361
2362
2446
2412
2327
2459
2488
2339
2375
2435
2369
2373
2407
2409
2413
2398
2414
2409
2363
2363
2394
2402
2416
2403
2357
2437
2451
2353
2359
2413
2388
2410
2428
2389
2444
2446
2402
2439
2439
2392
2406
2405
2388
2437
2406
2349
2411
2411
2369
2411
2442
2412
2345
2332
2441
2443
2376
2403
2427
2392
2399
2440
2442
2396
2406
2414
2387
2405
2395
2357
2403
2401
2378
2438
2437
2357
2380
2426
2400
2398
2390
2375
2391
2425
2419
2394
2409
2428
2387
2339
2354
2410
2410
2367
2391
2424
2407
2381
2389
2391
2399
2437
2413
2383
2408
2405
2386
2369
2392
2439
2392
2346
2388
2419
2411
2413
2420
2415
2414
2419
2446
2459
2418
2417
2408
2375
2397
2401
2366
2402
2415
2381
2373
2413
2377
2342
2389
2376
2347
2393
2406
2382
2354
2364
2392
2397
2381
2401
2420
2379
2383
2427
2414
2371
2386
2406
2420
2423
2383
2355
2388
2428
2407
2386
2387
2412
2413
2399
2386
2393
2380
2371
2385
2406
2432
2392
2363
2418
2436
2398
2373
2440
2460
2418
2418
2372
2365
2416
2418
2403
2397
2400
2430
2372
2340
2398
2399
2372
2388
2407
2428
2426
2392
2414
2458
2408
2392
2441
2416
2392
2449
2388
2314
2407
2444
2363
2372
2393
2379
2390
2396
2389
2408
2377
2349
2412
2443
2409
2385
2345
2349
2427
2407
2354
2413
2448
2402
2402
2412
2413
2414
2421
2405
2388
2414
2430
2392
2398
2423
2380
2344
2398
2434
2404
2362
2418
2447
2380
2372
2415
2399
2397
2395
2392
2434
2433
2392
2377
2342
2368
2420
2433
2396
2373
2443
2456
2354
2400
2445
2371
2394
2414
2388
2422
2410
2361
2385
2396
2401
2434
2391
2384
2425
2405
2380
2408
2426
2412
2411
2399
2391
2392
2404
2437
2411
2368
2385
2391
2393
2404
2374
2403
2410
2357
2375
2432
2406
2396
2438
2438
2401
2377
2354
2398
2428
2398
2406
2423
2383
2405
2442
2415
2412
2392
2359
2448
2436
2329
2405
2425
2333
2448
2497
2323
2378
2511
2393
2382
2462
2399
2388
2440
2404
2375
2406
2411
2383
2390
2438
2423
2359
2360
2387
2425
2404
2374
2425
2427
2345
2348
2433
2429
2372
2410
2367
2376
2422
2398
2428
2454
2350
2370
2464
2396
2339
2405
2384
2370
2429
2380
2354
2434
2418
2366
2391
2416
2419
2420
2384
2425
2419
2385
2426
2407
2367
2410
2413
2413
2411
2366
2395
2451
2394
2374
2433
2392
2361
2449
2430
2363
2391
2415
2374
2405
2431
2393
2380
2396
2422
2395
2361
2426
2437
2355
2387
2453
2400
2387
2394
2405
2409
2403
2424
2432
2396
2333
2373
2459
2479
2419
2383
2414
2407
2404
2406
2373
2408
2453
2411
2390
2405
2363
2373
2390
2390
2407
2417
2419
2422
2403
2364
2412
2453
2382
2354
2417
2383
2385
2449
2409
2394
2405
2375
2414
2424
2386
2414
2406
2366
2422
2405
2365
2414
2386
2365
2457
2422
2360
2416
2436
2403
2460
2467
2362
2350
2415
2432
2396
2370
2385
2367
2357
2430
2424
2378
2382
2395
2399
2446
2385
2329
2428
2455
2328
2355
2423
2364
2326
2401
2470
2446
2389
2383
2427
2364
2373
2443
2399
2332
2352
2384
2402
2404
2396
2424
2448
2391
2369
2419
2446
2408
2423
2444
2398
2390
2406
2345
2328
2398
2449
2410
2389
2449
2443
2349
2400
2415
2355
2399
2415
2378
2373
2410
2431
2448
2411
2376
2383
2363
2369
2376
2345
2351
2391
2431
2415
2385
2408
2416
2365
2391
2461
2414
2408
2460
2419
2384
2412
2387
2381
2433
2402
2357
2386
2412
2380
2379
2389
2382
2371
2394
2447
2435
2409
2402
2416
2383
2353
2416
2405
2349
2399
2380
2362
2428
2423
2363
2380
2415
2383
2384
2432
2403
2332
2395
2448
2375
2373
2429
2406
2399
2411
2414
2366
2357
2429
2419
2381
2411
2399
2389
2418
2435
2414
2388
2367
2386
2398
2351
2384
2421
2408
2399
2389
2420
2415
2379
2390
2441
2451
2407
2398
2387
2378
2399
2396
2358
2383
2461
2455
2423
2400
2378
2399
2408
2373
2412
2403
2323
2375
2450
2404
2368
2388
2409
2378
2360
2397
2406
2360
2416
2428
2367
2410
2425
2343
2374
2426
2392
2390
2410
2374
2402
2422
2432
2465
2422
2376
2380
2401
2386
2351
2386
2432
2407
2423
2405
2361
2425
2428
2348
2374
2437
2388
2373
2436
2448
2357
2344
2443
2424
2339
2353
2413
2375
2362
2437
2383
2310
2389
2440
2375
2388
2441
2414
2394
2389
2386
2399
2414
2440
2428
2399
2398
2422
2381
2367
2445
2450
2383
2404
2415
2353
2405
2420
2317
2356
2427
2359
2367
2427
2387
2389
2426
2417
2393
2328
2338
2441
2447
2377
2382
2422
2435
2437
2365
2351
2426
2427
2370
2373
2400
2387
2385
2438
2417
2388
2415
2420
2409
2425
2430
2429
2438
2414
2376
2429
2490
2389
2301
2385
2427
2375
2382
2424
2409
2393
2415
2420
2393
2391
2408
2399
2404
2408
2416
2393
2354
2379
2410
2426
2404
2417
2427
2371
2389
2438
2378
2341
2419
2447
2386
2370
2421
2404
2352
2424
2409
2312
2361
2402
2353
2379
2410
2385
2392
2389
2395
2388
2347
2378
2413
2390
2388
2401
2404
2382
2388
2427
2397
2331
2388
2464
2419
2378
2398
2414
2421
2373
2342
2412
2419
2385
2391
2376
2413
2453
2409
2430
2451
2383
2393
2410
2395
2470
2456
2390
2411
2391
2385
2403
2383
2369
2380
2404
2428
2401
2395
2450
2411
2393
2436
2377
2324
2412
2421
2338
2373
2411
2392
2370
2349
2379
2418
2384
2373
2394
2395
2374
2386
2416
2379
2381
2431
2457
2408
2360
2355
2411
2417
2401
2435
2421
2389
2412
2437
2422
2388
2388
2396
2395
2412
2409
2408
2413
2405
2410
2377
2407
2458
2430
2402
2384
2376
2385
2411
2430
2397
2357
2450
2459
2352
2341
2397
2429
2431
2410
2392
2394
2379
2402
2424
2370
2357
2431
2432
2378
2412
2355
2347
2439
2390
2379
2454
2421
2409
2410
2376
2391
2366
2349
2401
2394
2415
2420
2370
2375
2398
2384
2394
2426
2443
2407
2398
2422
2422
2394
2384
2402
2413
2384
2391
2426
2408
2409
2422
2391
2406
2409
2371
2378
2429
2434
2378
2386
2413
2383
2387
2433
2435
2402
2384
2362
2380
2403
2387
2405
2421
2358
2323
2404
2422
2380
2401
2406
2388
2410
2453
2432
2366
2413
2443
2417
2437
2440
2357
2351
2428
2393
2395
2421
2401
2416
2410
2385
2413
2398
2368
2411
2428
2395
2390
2366
2333
2368
2405
2394
2423
2430
2384
2402
2408
2349
2389
2419
2351
2379
2427
2383
2403
2439
2386
2361
2399
2407
2364
2362
2436
2430
2386
2409
2416
2403
2424
2422
2406
2417
2421
2417
2399
2386
2385
2376
2430
2466
2426
2383
2411
2391
2355
2413
2418
2376
2463
2473
2370
2404
2471
2396
2364
2412
2416
2377
2372
2408
2424
2416
2429
2448
2404
2424
2425
2353
2397
2469
2407
2386
2414
2393
2376
2422
2437
2374
2344
2409
2429
2390
2400
2382
2373
2371
2397
2422
2412
2399
2396
2422
2412
2373
2432
2447
2375
2377
2431
2415
2400
2414
2418
2425
2419
2445
2423
2349
2361
2395
2387
2385
2394
2404
2377
2380
2387
2393
2404
2360
2340
2388
2392
2353
2353
2420
2425
2387
2421
2384
2327
2425
2438
2346
2420
2420
2341
2417
2459
2361
2375
2440
2440
2408
2356
2372
2440
2401
2322
2395
2488
2403
2322
2381
2417
2356
2395
2437
2359
2349
2411
2337
2328
2425
2369
2342
2420
2402
2355
2412
2405
2341
2405
2429
2366
2382
2413
2406
2401
2342
2339
2411
2433
2374
2374
2410
2404
2397
2425
2408
2399
2432
2376
2405
2472
2349
2348
2502
2448
2312
2403
2438
2352
2406
2400
2342
2392
2389
2366
2421
2417
2355
2388
2401
2357
2404
2428
2380
2389
2410
2420
2380
2362
2425
2422
2390
2428
2429
2338
2360
2433
2400
2365
2397
2399
2361
2368
2371
2407
2447
2421
2416
2404
2408
2404
2372
2415
2438
2352
2370
2410
2349
2352
2384
2367
2388
2387
2351
2418
2449
2376
2401
2428
2339
2337
2384
2370
2424
2405
2337
2387
2424
2399
2337
2327
2399
2403
2390
2430
2419
2407
2436
2423
2385
2403
2399
2396
2426
2407
2376
2406
2485
2448
2322
2397
2505
2370
2333
2468
2431
2342
2410
2413
2362
2377
2391
2379
2405
2408
2372
2390
2398
2405
2446
2411
2365
2405
2396
2346
2384
2396
2370
2410
2419
2401
2405
2372
2375
2424
2402
2365
2385
2406
2376
2362
2416
2399
2358
2428
2446
2366
2376
2396
2375
2407
2423
2375
2375
2440
2429
2367
2378
2423
2394
2362
2380
2390
2371
2433
2399
2320
2434
2491
2373
2346
2416
2437
2406
2393
2369
2358
2368
2388
2421
2391
2417
2459
2394
2361
2429
2438
2383
2407
2427
2356
2356
2389
2389
2394
2400
2378
2423
2468
2412
2378
2418
2395
2372
2401
2424
2412
2359
2348
2422
2416
2343
2403
2414
2354
2376
2377
2352
2393
2404
2360
2405
2443
2364
2367
2407
2386
2427
2417
2326
2386
2423
2364
2368
2442
2412
2371
2398
2424
2434
2406
2415
2427
2336
2356
2409
2354
2369
2426
2418
2399
2362
2376
2449
2401
2342
2411
2433
2375
2363
2398
2417
2453
2413
2361
2435
2438
2390
2438
2423
2389
2405
2418
2446
2443
2385
2379
2414
2418
2434
2384
2373
2443
2421
2400
2410
2385
2415
2459
2417
2404
2456
2436
2384
2378
2402
2417
2381
2398
2442
2398
2399
2404
2387
2383
2356
2376
2439
2419
2409
2416
2373
2403
2376
2356
2421
2334
2321
2433
2399
2382
2429
2381
2346
2421
2427
2441
2476
2390
2342
2425
2438
2356
2377
2438
2377
2389
2462
2406
2363
2404
2379
2398
2404
2378
2411
2438
2390
2391
2425
2427
2430
2430
2387
2392
2395
2408
2401
2379
2403
2452
2391
2353
2435
2412
2381
2433
2351
2325
2465
2448
2338
2387
2401
2332
2380
2429
2380
2391
2373
2362
2423
2411
2384
2411
2402
2386
2407
2444
2409
2330
2352
2394
2381
2418
2425
2390
2388
2355
2410
2484
2368
2310
2404
2392
2362
2402
2397
2408
2462
2414
2354
2338
2357
2373
2391
2394
2389
2393
2395
2371
2385
2427
2406
2383
2428
2401
2382
2453
2409
2359
2459
2448
2344
2403
2456
2363
2358
2440
2423
2394
2436
2443
2398
2409
2412
2408
2427
2396
2388
2413
2404
2417
2404
2435
2454
2403
2428
2419
2331
2408
2439
2349
2379
2429
2380
2407
2432
2417
2399
2395
2401
2392
2355
2377
2452
2403
2367
2428
2425
2420
2371
2352
2423
2414
2373
2407
2406
2393
2414
2398
2357
2388
2401
2371
2431
2463
2381
2381
2448
2394
2355
2386
2412
2389
2399
2413
2354
2387
2461
2411
2412
2429
2392
2403
2426
2416
2417
2395
2393
2406
2369
2404
2420
2369
2367
2433
2421
2351
2388
2459
2410
2355
2374
2372
2397
2421
2394
2374
2391
2416
2455
2389
2367
2424
2373
2359
2422
2433
2396
2360
2355
2413
2411
2342
2346
2378
2408
2381
2329
2386
2443
2367
2342
2434
2419
2364
2396
2396
2396
2426
2381
2346
2393
2400
2382
2407
2416
2441
2366
2300
2421
2433
2353
2378
2406
2387
2389
2373
2376
2429
2417
2362
2406
2453
2390
2388
2398
2397
2397
2394
2395
2388
2366
2389
2403
2381
2392
2380
2373
2420
2381
2358
2412
2399
2379
2426
2396
2382
2422
2402
2413
2416
2369
2378
2374
2366
2409
2410
2375
2337
2369
2426
2374
2370
2430
2384
2371
2449
2397
2336
2403
2385
2341
2403
2383
2328
2395
2407
2347
2409
2444
2360
2399
2461
2391
2353
2422
2450
2361
2336
2377
2386
2403
2391
2395
2440
2387
2360
2408
2389
2409
2457
2392
2359
2474
2401
2320
2385
2382
2375
2454
2447
2388
2424
2369
2336
2387
2361
2357
2465
2428
2384
2428
2391
2354
2393
2389
2384
2400
2374
2366
2374
2377
2365
2364
2397
2383
2392
2393
2394
2423
2425
2338
2341
2438
2395
2289
2326
2440
2423
2321
2379
2424
2388
2413
2401
2363
2403
2391
2331
2374
2459
2395
2372
2419
2385
2396
2435
2400
2417
2401
2338
2390
2410
2352
2390
2404
2315
2363
2443
2415
2412
2434
2372
2355
2394
2329
2359
2465
2380
2316
2438
2473
2413
2398
2377
2361
2386
2401
2401
2372
2381
2399
2386
2413
2428
2370
2388
2383
2334
2383
2400
2372
2433
2442
2366
2370
2381
2375
2450
2412
2361
2435
2445
2361
2402
2476
2420
2377
2375
2393
2414
2366
2368
2419
2392
2349
2389
2428
2388
2334
2399
2437
2369
2361
2445
2467
2363
2369
2437
2379
2343
2403
2429
2409
2404
2417
2371
2344
2383
2374
2374
2429
2414
2362
2401
2450
2417
2390
2421
2416
2389
2408
2386
2372
2426
2418
2316
2347
2432
2345
2361
2456
2390
2355
2444
2457
2390
2365
2352
2419
2464
2396
2382
2442
2420
2352
2413
2466
2402
2393
2431
2402
2351
2362
2419
2428
2383
2392
2423
2421
2372
2359
2412
2383
2370
2426
2413
2398
2412
2401
2407
2409
2419
2413
2408
2398
2413
2386
2348
2353
2345
2365
2402
2384
2424
2430
2367
2405
2460
2405
2361
2373
2388
2416
2407
2343
2391
2417
2363
2383
2397
2364
2384
2440
2434
2397
2357
2407
2480
2431
2369
2402
2430
2358
2366
2427
2427
2403
2401
2399
2371
2366
2427
2397
2348
2396
2384
2365
2432
2431
2388
2398
2428
2430
2402
2387
2392
2436
2452
2420
2386
2391
2414
2408
2413
2380
2394
2437
2398
2387
2440
2446
2393
2387
2448
2423
2385
2379
2413
2443
2429
2435
2413
2334
2368
2426
2369
2340
2431
2479
2380
2333
2393
2361
2358
2408
2397
2361
2395
2451
2453
2393
2379
2412
2420
2378
2383
2428
2401
2375
2410
2404
2411
2417
2388
2401
2446
2365
2360
2447
2394
2341
2428
2451
2348
2341
2449
2415
2313
2350
2417
2378
2335
2377
2384
2381
2432
2424
2362
2401
2428
2380
2378
2427
2377
2357
2407
2427
2397
2357
2392
2463
2388
2347
2420
2425
2396
2418
2397
2401
2445
2399
2375
2407
2368
2358
2409
2412
2403
2382
2375
2371
2354
2374
2402
2406
2395
2384
2394
2408
2379
2383
2409
2387
2407
2454
2467
2414
2384
2362
2363
2396
2402
2408
2436
2414
2407
2437
2422
2345
2380
2426
2392
2411
2418
2382
2417
2423
2372
2375
2391
2394
2381
2383
2400
2386
2409
2442
2412
2398
2443
2422
2367
2401
2435
2386
2385
2428
2376
2368
2393
2372
2407
2442
2407
2420
2465
2420
2376
2384
2368
2413
2436
2392
2378
2400
2417
2376
2366
2419
2405
2349
2338
2401
2435
2396
2390
2421
2381
2340
2408
2437
2346
2332
2402
2402
2381
2368
2368
2379
2392
2430
2410
2330
2334
2395
2404
2358
2378
2439
2430
2363
2350
2403
2407
2343
2367
2423
2342
2324
2442
2425
2340
2400
2456
2387
2356
2395
2409
2388
2429
2417
2342
2382
2429
2393
2393
2391
2349
2398
2415
2355
2358
2389
2393
2396
2395
2381
2373
2397
2419
2378
2374
2436
2417
2385
2405
2413
2444
2462
2393
2377
2436
2411
2368
2415
2420
2393
2406
2422
2399
2357
2396
2469
2388
2338
2417
2429
2404
2440
2436
2366
2376
2427
2402
2386
2410
2369
2388
2450
2392
2378
2418
2399
2381
2356
2387
2439
2344
2342
2482
2407
2339
2449
2413
2351
2431
2431
2443
2496
2394
2346
2411
2349
2361
2432
2373
2379
2445
2411
2393
2372
2336
2379
2376
2359
2377
2355
2370
2435
2388
2391
2460
2385
2336
2426
2418
2357
2384
2437
2395
2322
2387
2417
2382
2441
2451
2400
2390
2356
2362
2434
2418
2388
2390
2367
2372
2355
2346
2434
2446
2367
2393
2436
2402
2390
2444
2449
2397
2364
2419
2435
2385
2368
2386
2348
2358
2435
2415
2383
2404
2352
2377
2427
2411
2365
2386
2409
2413
2413
2409
2377
2392
2456
2407
2388
2476
2438
2369
2423
2417
2355
2414
2458
2370
2389
2482
2411
2380
2416
2363
2356
2383
2375
2391
2410
2345
2368
2441
2353
2362
2447
2401
2379
2394
2377
2407
2412
2356
2438
2487
2361
2388
2427
2343
2422
2476
2358
2393
2436
2370
2384
2396
2391
2423
2413
2406
2443
2402
2357
2439
2415
2366
2425
2410
2329
2388
2413
2372
2386
2420
2376
2359
2400
2394
2385
2430
2382
2322
2396
2404
2344
2388
2406
2398
2365
2388
2417
2391
2371
2392
2448
2391
2361
2467
2459
2371
2388
2385
2398
2417
2352
2391
2441
2353
2382
2450
2361
2377
2410
2349
2422
2482
2395
2361
2413
2433
2388
2371
2381
2391
2379
2366
2423
2454
2422
2363
2415
2463
2363
2347
2432
2418
2388
2401
2405
2406
2384
2405
2442
2388
2335
2383
2418
2389
2367
2380
2409
2401
2393
2394
2386
2380
2387
2412
2419
2401
2413
2384
2364
2448
2411
2350
2417
2401
2361
2425
2450
2399
2439
2431
2297
2341
2423
2354
2358
2434
2380
2349
2408
2395
2417
2446
2405
2366
2361
2366
2431
2435
2371
2392
2459
2401
2344
2449
2455
2374
2392
2418
2399
2388
2367
2362
2400
2368
2312
2390
2467
2402
2364
2417
2432
2384
2386
2432
2429
2383
2367
2414
2401
2376
2425
2411
2372
2412
2410
2360
2384
2382
2357
2405
2453
2448
2418
2389
2418
2417
2367
2429
2484
2369
2334
2428
2386
2367
2396
2389
2398
2396
2422
2427
2377
2370
2386
2420
2421
2381
2406
2429
2375
2378
2418
2408
2425
2427
2402
2402
2400
2361
2376
2434
2417
2384
2410
2401
2368
2362
2390
2437
2442
2395
2388
2424
2398
2392
2420
2393
2349
2395
2438
2388
2367
2436
2422
2359
2364
2392
2400
2388
2372
2371
2423
2437
2392
2376
2406
2406
2355
2387
2407
2383
2401
2402
2392
2425
2401
2353
2420
2405
2308
2353
2376
2367
2421
2361
2363
2432
2371
2342
2415
2401
2381
2403
2391
2364
2403
2441
2423
2392
2414
2389
2343
2376
2366
2386
2417
2353
2366
2420
2431
2426
2407
2394
2418
2401
2389
2407
2385
2420
2480
2417
2367
2367
2362
2393
2402
2368
2399
2448
2394
2356
2400
2391
2375
2439
2445
2391
2373
2405
2416
2391
2391
2416
2384
2363
2402
2419
2394
2392
2403
2431
2416
2388
2403
2387
2431
2460
2383
2370
2429
2405
2380
2414
2434
2413
2380
2392
2428
2437
2381
2369
2414
2405
2381
2363
2381
2404
2351
2382
2452
2415
2366
2433
2426
2313
2326
2412
2408
2396
2431
2395
2376
2382
2374
2422
2428
2397
2422
2451
2390
2361
2412
2424
2350
2384
2485
2401
2354
2443
2417
2381
2378
2361
2380
2388
2382
2401
2404
2410
2430
2389
2407
2458
2398
2363
2423
2421
2381
2414
2404
2376
2389
2381
2377
2405
2409
2428
2407
2386
2408
2424
2414
2409
2427
2432
2392
2403
2433
2361
2383
2447
2423
2397
2388
2408
2403
2398
2417
2437
2399
2392
2418
2395
2416
2444
2362
2378
2466
2398
2351
2401
2412
2346
2355
2423
2389
2368
2427
2419
2399
2407
2389
2406
2452
2385
2342
2390
2407
2423
2409
2317
2351
2427
2365
2380
2475
2389
2326
2404
2407
2390
2403
2386
2389
2392
2370
2430
2415
2375
2405
2417
2380
2403
2408
2389
2401
2412
2409
2389
2380
2410
2418
2392
2371
2397
2384
2372
2375
2400
2436
2412
2387
2392
2374
2358
2393
2416
2437
2472
2386
2359
2445
2421
2331
2378
2404
2374
2391
2412
2362
2350
2425
2419
2377
2410
2408
2354
2390
2379
2333
2450
2439
2315
2407
2460
2370
2363
2379
2377
2413
2380
2373
2407
2368
2365
2405
2389
2422
2460
2393
2371
2414
2385
2390
2386
2334
2403
2433
2365
2435
2462
2355
2385
2453
2396
2334
2342
2408
2437
2380
2367
2370
2384
2371
2348
2421
2487
2414
2363
2401
2407
2389
2384
2376
2386
2371
2381
2416
2396
2353
2385
2431
2387
2357
2402
2417
2403
2413
2447
2415
2358
2420
2422
2323
2369
2423
2329
2350
2450
2400
2384
2424
2404
2422
2411
2369
2410
2405
2364
2406
2442
2406
2385
2407
2401
2433
2439
2356
2404
2437
2333
2350
2482
2437
2344
2417
2463
2402
2397
2414
2323
2323
2396
2392
2392
2388
2395
2434
2404
2334
2395
2432
2345
2362
2439
2441
2402
2424
2422
2369
2364
2410
2430
2400
2361
2415
2421
2350
2402
2466
2412
2371
2375
2369
2444
2408
2318
2404
2443
2364
2391
2423
2368
2356
2380
2406
2396
2385
2423
2406
2360
2361
2392
2382
2359
2407
2399
2354
2358
2356
2389
2444
2368
2324
2378
2405
2398
2360
2369
2395
2405
2420
2394
2373
2427
2447
2389
2397
2425
2381
2356
2431
2454
2381
2406
2454
2395
2419
2447
2374
2367
2409
2419
2420
2404
2386
2404
2411
2373
2382
2425
2385
2371
2428
2447
2415
2420
2388
2371
2415
2418
2368
2364
2395
2395
2381
2394
2390
2371
2356
2391
2381
2352
2378
2412
2398
2404
2406
2405
2380
2347
2374
2438
2418
2347
2381
2428
2387
2354
2397
2421
2398
2394
2347
2322
2427
2420
2363
2426
2410
2366
2431
2423
2376
2431
2399
2364
2427
2415
2409
2412
2366
2416
2426
2325
2414
2455
2316
2362
2491
2396
2321
2419
2399
2359
2431
2420
2345
2366
2378
2356
2355
2375
2405
2437
2447
2388
2388
2419
2397
2380
2376
2397
2422
2396
2392
2377
2363
2389
2391
2381
2383
2421
2415
2374
2386
2367
2347
2390
2398
2359
2410
2422
2360
2417
2455
2385
2409
2434
2377
2385
2434
2409
2378
2377
2403
2422
2371
2360
2422
2439
2379
2420
2470
2381
2393
2438
2376
2370
2427
2419
2401
2410
2398
2399
2402
2374
2387
2405
2365
2357
2394
2421
2382
2375
2448
2416
2378
2440
2420
2372
2394
2376
2426
2468
2407
2389
2392
2390
2396
2386
2394
2404
2371
2393
2403
2372
2442
2444
2380
2395
2412
2389
2422
2414
2389
2396
2403
2418
2383
2323
2371
2424
2388
2401
2434
2415
2378
2375
2404
2358
2366
2464
2401
2359
2427
2426
2392
2415
2401
2368
2376
2406
2417
2445
2440
2417
2390
2395
2416
2424
2372
2366
2454
2415
2357
2395
2427
2428
2357
2363
2450
2421
2351
2409
2457
2408
2387
2407
2429
2377
2316
2403
2428
2339
2366
2453
2388
2369
2428
2379
2398
2474
2396
2387
2450
2375
2361
2442
2410
2358
2381
2401
2395
2397
2442
2409
2358
2382
2417
2374
2345
2404
2451
2395
2376
2404
2383
2395
2424
2396
2380
2373
2388
2413
2374
2372
2429
2374
2350
2433
2422
2376
2395
2379
2384
2447
2356
2328
2441
2455
2393
2384
2414
2416
2394
2358
2398
2438
2396
2373
2372
2365
2386
2369
2352
2401
2442
2398
2359
2351
2386
2448
2408
2368
2416
2418
2348
2381
2419
2401
2398
2421
2438
2392
2356
2424
2435
2367
2389
2440
2377
2361
2421
2396
2365
2408
2422
2388
2414
2446
2426
2441
2411
2366
2403
2446
2386
2361
2416
2447
2379
2395
2441
2393
2362
2397
2427
2428
2365
2386
2452
2421
2393
2395
2425
2424
2369
2372
2389
2391
2394
2421
2394
2338
2393
2441
2393
2410
2430
2388
2378
2416
2420
2384
2370
2422
2431
2359
2397
2464
2410
2407
2472
2433
2338
2361
2435
2414
2363
2410
2427
2392
2393
2394
2365
2374
2431
2436
2390
2390
2417
2424
2394
2358
2427
2473
2389
2372
2395
2425
2404
2398
2413
2390
2414
2441
2377
2388
2459
2424
2318
2344
2426
2417
2375
2379
2383
2380
2397
2400
2357
2359
2421
2396
2337
2418
2427
2329
2377
2439
2374
2396
2447
2418
2393
2365
2374
2401
2397
2401
2412
2416
2381
2417
2479
2363
2334
2455
2382
2341
2428
2365
2352
2430
2402
2358
2429
2412
2355
2441
2437
2351
2390
2449
2439
2418
2366
2360
2406
2406
2377
2367
2363
2356
2410
2401
2402
2424
2384
2379
2424
2421
2376
2408
2444
2382
2373
2425
2428
2380
2394
2402
2409
2398
2395
2434
2478
2413
2382
2442
2390
2352
2455
2402
2314
2428
2427
2314
2392
2425
2350
2392
2402
2365
2437
2405
2367
2414
2381
2389
2428
2364
2395
2428
2359
2371
2473
2418
2349
2419
2384
2366
2413
2365
2345
2409
2358
2360
2447
2411
2391
2443
2382
2366
2445
2378
2358
2472
2446
2371
2401
2419
2412
2445
2405
2367
2415
2364
2344
2462
2419
2326
2436
2443
2326
2372
2422
2337
2389
2440
2360
2388
2429
2339
2370
2433
2348
2370
2431
2415
2428
2418
2414
2419
2354
2371
2436
2420
2407
2417
2399
2366
2364
2400
2420
2385
2377
2402
2368
2412
2428
2371
2386
2399
2354
2374
2416
2361
2348
2394
2396
2405
2387
2385
2416
2373
2357
2408
2379
2383
2446
2382
2342
2439
2433
2367
2383
2448
2427
2411
2431
2418
2382
2395
2413
2388
2408
2445
2393
2387
2393
2401
2416
2367
2390
2409
2362
2410
2434
2373
2392
2439
2413
2415
2401
2354
2401
2417
2376
2418
2443
2355
2341
2442
2423
2370
2405
2396
2424
2469
2363
2334
2431
2419
2376
2367
2388
2394
2371
2377
2432
2429
2378
2384
2391
2404
2406
2405
2370
2382
2421
2420
2415
2375
2381
2414
2362
2350
2402
2385
2363
2416
2425
2397
2428
2426
2381
2404
2429
2410
2369
2452
2486
2390
2388
2439
2389
2359
2407
2420
2447
2414
2316
2394
2464
2404
2370
2420
2442
2404
2384
2415
2403
2427
2440
2345
2339
2455
2396
2333
2416
2424
2362
2358
2383
2383
2368
2394
2412
2407
2418
2404
2356
2332
2365
2383
2384
2381
2343
2404
2454
2386
2411
2412
2354
2374
2431
2436
2390
2354
2387
2419
2386
2398
2445
2406
2410
2448
2396
2370
2401
2404
2396
2373
2368
2405
2415
2383
2378
2392
2356
2353
2382
2361
2393
2455
2399
2332
2411
2466
2342
2335
2438
2408
2396
2455
2407
2365
2419
2431
2370
2406
2421
2365
2425
2471
2365
2406
2459
2345
2306
2423
2433
2338
2378
2457
2409
2372
2410
2373
2332
2398
2433
2422
2404
2381
2377
2405
2395
2382
2430
2441
2375
2377
2424
2398
2350
2391
2441
2412
2333
2391
2447
2370
2352
2394
2409
2395
2394
2386
2370
2413
2415
2391
2385
2380
2445
2453
2345
2374
2463
2378
2364
2460
2458
2409
2394
2382
2392
2391
2352
2408
2441
2375
2375
2386
2413
2415
2371
2396
2447
2354
2338
2430
2399
2422
2451
2370
2418
2450
2369
2407
2432
2369
2381
2412
2362
2381
2395
2381
2399
2384
2395
2423
2419
2387
2357
2354
2392
2420
2365
2341
2391
2418
2384
2373
2404
2401
2432
2470
2404
2354
2368
2435
2440
2374
2359
2419
2445
2393
2365
2430
2404
2361
2406
2411
2398
2407
2408
2419
2432
2439
2389
2367
2355
2434
2479
2389
2392
2441
2386
2382
2414
2375
2348
2410
2421
2374
2400
2401
2345
2400
2433
2400
2406
2410
2409
2403
2393
2406
2434
2429
2372
2369
2395
2373
2379
2399
2405
2410
2403
2373
2411
2438
2393
2403
2435
2386
2349
2404
2402
2408
2417
2374
2424
2438
2370
2413
2452
2390
2404
2428
2388
2387
2407
2410
2376
2412
2453
2388
2386
2452
2381
2369
2472
2376
2327
2426
2400
2324
2353
2393
2422
2405
2378
2401
2412
2384
2390
2372
2418
2493
2392
2395
2469
2371
2378
2448
2392
2409
2435
2396
2400
2419
2358
2358
2438
2399
2361
2384
2386
2391
2378
2338
2352
2450
2429
2371
2420
2444
2459
2399
2315
2371
2389
2374
2413
2414
2394
2411
2382
2382
2403
2368
2410
2460
2407
2393
2438
2429
2359
2405
2457
2389
2356
2416
2413
2423
2400
2331
2406
2476
2380
2369
2412
2380
2433
2438
2386
2429
2418
2361
2442
2444
2332
2363
2427
2381
2377
2398
2361
2392
2416
2382
2407
2399
2390
2423
2374
2371
2450
2406
2366
2412
2396
2380
2413
2436
2422
2426
2401
2422
2444
2366
2368
2415
2356
2367
2401
2407
2389
2353
2385
2389
2355
2450
2477
2363
2383
2460
2394
2384
2401
2337
2365
2435
2399
2356
2382
2392
2359
2387
2408
2431
2447
2371
2372
2476
2434
2352
2380
2416
2363
2372
2394
2368
2386
2433
2394
2370
2380
2346
2397
2450
2373
2355
2392
2404
2385
2369
2391
2401
2394
2421
2438
2367
2375
2458
2375
2383
2459
2375
2362
2439
2359
2344
2457
2413
2366
2428
2386
2374
2436
2391
2349
2417
2396
2329
2393
2479
2415
2326
2366
2410
2401
2389
2407
2417
2383
2339
2387
2436
2373
2345
2441
2468
2373
2341
2413
2457
2421
2336
2401
2486
2391
2336
2405
2368
2361
2447
2412
2345
2381
2438
2440
2347
2337
2447
2442
2362
2351
2427
2469
2377
2315
2417
2450
2385
2405
2408
2366
2441
2453
2382
2411
2482
2420
2341
2364
2406
2403
2369
2380
2408
2367
2369
2416
2426
2406
2396
2391
2372
2398
2396
2384
2403
2386
2382
2397
2396
2383
2406
2420
2426
2379
2381
2410
2407
2355
2363
2399
2419
2389
2370
2409
2392
2366
2406
2430
2386
2372
2404
2412
2407
2403
2432
2382
2354
2404
2405
2397
2424
2384
2356
2433
2388
2360
2416
2384
2363
2398
2423
2396
2413
2391
2345
2361
2381
2361
2373
2450
2407
2338
2398
2395
2362
2380
2402
2381
2368
2403
2396
2381
2416
2436
2435
2425
2432
2414
2389
2396
2388
2377
2410
2414
2375
2380
2423
2376
2358
2416
2402
2343
2379
2402
2393
2407
2413
2416
2403
2379
2422
2399
2361
2411
2434
2392
2393
2396
2388
2423
2416
2382
2403
2406
2384
2360
2341
2339
2362
2427
2444
2400
2414
2422
2361
2331
2342
2386
2410
2401
2401
2433
2395
2381
2417
2383
2356
2387
2394
2391
2406
2398
2412
2406
2383
2423
2395
2346
2391
2390
2352
2393
2420
2406
2391
2403
2425
2353
2351
2429
2394
2357
2428
2412
2394
2434
2397
2398
2453
2371
2391
2437
2384
2388
2413
2405
2390
2415
2430
2420
2380
2349
2410
2438
2415
2359
2331
2388
2427
2399
2395
2413
2417
2403
2382
2395
2417
2383
2387
2420
2416
2388
2400
2381
2375
2432
2465
2410
2390
2420
2376
2392
2402
2357
2376
2401
2413
2390
2381
2398
2413
2405
2441
2419
2313
2337
2431
2386
2374
2431
2399
2403
2429
2352
2372
2414
2376
2360
2364
2368
2422
2426
2367
2406
2451
2381
2412
2426
2382
2398
2428
2403
2411
2418
2400
2392
2395
2373
2368
2399
2452
2430
2392
2402
2382
2392
2431
2396
2369
2388
2408
2415
2417
2397
2395
2417
2412
2388
2420
2418
2394
2391
2377
2376
2405
2363
2357
2419
2406
2368
2360
2337
2361
2390
2388
2435
2410
2338
2350
2388
2370
2373
2382
2403
2437
2389
2366
2364
2351
2343
2371
2403
2425
2354
2328
2429
2429
2347
2403
2407
2360
2417
2421
2355
2377
2418
2379
2379
2424
2400
2367
2401
2422
2378
2366
2389
2364
2358
2402
2394
2357
2361
2360
2367
2421
2437
2386
2364
2361
2374
2410
2386
2381
2387
2369
2373
2417
2417
2410
2393
2395
2403
2408
2415
2445
2395
2335
2387
2414
2364
2397
2439
2416
2358
2338
2423
2426
2340
2359
2409
2402
2398
2388
2395
2388
2370
2389
2398
2397
2400
2404
2414
2412
2432
2411
2370
2355
2395
2416
2356
2375
2397
2377
2380
2383
2436
2429
2375
2398
2420
2411
2362
2331
2401
2421
2420
2450
2416
2380
2365
2393
2393
2394
2426
2423
2433
2397
2348
2405
2462
2395
2414
2455
2418
2391
2387
2388
2377
2356
2388
2408
2404
2437
2416
2356
2391
2396
2340
2387
2453
2392
2356
2420
2425
2404
2430
2426
2394
2383
2408
2408
2397
2388
2389
2376
2384
2414
2376
2373
2394
2379
2398
2405
2373
2351
2397
2452
2376
2350
2434
2399
2328
2380
2435
2419
2393
2360
2373
2397
2352
2348
2450
2418
2328
2393
2433
2392
2394
2424
2440
2439
2386
2370
2393
2406
2395
2386
2383
2364
2377
2393
2385
2365
2334
2361
2368
2361
2382
2403
2373
2335
2369
2452
2410
2335
2399
2434
2396
2383
2375
2390
2405
2369
2386
2398
2384
2428
2390
2328
2388
2418
2376
2355
2392
2432
2413
2403
2427
2421
2389
2381
2403
2453
2430
2398
2418
2404
2395
2401
2388
2423
2428
2362
2344
2433
2456
2396
2383
2376
2379
2399
2396
2404
2417
2406
2378
2401
2423
2413
2389
2401
2428
2362
2346
2422
2417
2359
2389
2415
2371
2390
2382
2376
2419
2408
2378
2399
2397
2373
2399
2424
2396
2410
2387
2357
2418
2410
2356
2383
2410
2379
2377
2412
2398
2406
2398
2383
2437
2415
2356
2395
2363
2368
2410
2394
2398
2416
2389
2377
2418
2408
2375
2403
2405
2363
2361
2390
2365
2344
2396
2428
2397
2361
2372
2388
2378
2370
2394
2407
2355
2381
2432
2407
2404
2398
2390
2416
2404
2375
2369
2352
2330
2383
2415
2387
2365
2412
2446
2414
2373
2405
2415
2360
2377
2478
2450
2350
2380
2420
2399
2393
2385
2361
2396
2391
2341
2389
2423
2365
2399
2422
2357
2397
2436
2391
2391
2411
2393
2377
2357
2380
2401
2365
2374
2423
2424
2430
2438
2404
2373
2382
2380
2384
2388
2391
2423
2409
2366
2360
2409
2388
2354
2423
2420
2393
2398
2437
2456
2403
2366
2438
2409
2362
2438
2415
2328
2389
2455
2427
2396
2402
2391
2399
2385
2364
2347
2355
2427
2419
2387
2420
2380
2362
2390
2350
2387
2408
2368
2412
2420
2361
2390
2431
2388
2421
2429
2358
2369
2419
2375
2345
2366
2392
2436
2424
2355
2381
2415
2365
2342
2404
2409
2404
2402
2374
2422
2441
2341
2389
2472
2414
2423
2428
2325
2332
2390
2409
2415
2382
2410
2423
2361
2393
2457
2397
2368
2443
2477
2417
2389
2395
2373
2427
2469
2388
2356
2424
2431
2392
2392
2418
2399
2386
2421
2401
2350
2389
2419
2362
2349
2404
2429
2393
2387
2409
2410
2401
2378
2382
2406
2392
2377
2410
2399
2354
2414
2432
2399
2426
2414
2363
2379
2398
2349
2370
2415
2384
2399
2425
2399
2408
2420
2402
2400
2431
2433
2401
2412
2434
2395
2371
2404
2420
2400
2365
2372
2425
2364
2308
2382
2417
2376
2399
2419
2403
2375
2371
2359
2412
2430
2383
2380
2405
2397
2396
2387
2395
2406
2393
2394
2413
2388
2420
2483
2412
2360
2455
2437
2325
2352
2454
2421
2393
2416
2424
2383
2359
2401
2382
2356
2380
2394
2411
2404
2410
2413
2357
2325
2393
2421
2362
2356
2430
2435
2400
2414
2427
2435
2396
2355
2405
2453
2412
2405
2447
2422
2415
2428
2402
2369
2407
2424
2368
2343
2374
2379
2396
2406
2403
2392
2372
2362
2399
2401
2341
2372
2445
2389
2343
2425
2427
2360
2408
2401
2398
2435
2394
2414
2437
2380
2424
2466
2329
2349
2482
2393
2319
2427
2427
2393
2436
2409
2366
2395
2451
2407
2363
2469
2465
2367
2395
2403
2367
2391
2384
2395
2418
2384
2370
2382
2422
2405
2337
2406
2445
2330
2371
2480
2416
2362
2396
2394
2399
2395
2362
2406
2423
2351
2364
2421
2440
2438
2397
2355
2361
2394
2354
2377
2428
2390
2397
2443
2399
2355
2381
2442
2461
2403
2394
2461
2444
2337
2396
2457
2382
2377
2398
2380
2389
2387
2385
2373
2390
2397
2409
2411
2372
2385
2414
2356
2311
2396
2444
2399
2384
2435
2435
2398
2389
2406
2417
2379
2398
2395
2370
2432
2463
2417
2337
2331
2412
2417
2399
2378
2353
2399
2435
2366
2360
2440
2428
2373
2380
2433
2402
2349
2384
2400
2398
2436
2340
2329
2443
2424
2355
2389
2418
2363
2361
2404
2397
2372
2383
2410
2411
2370
2386
2416
2408
2386
2395
2391
2390
2428
2419
2406
2395
2390
2404
2403
2426
2443
2387
2342
2385
2422
2388
2383
2419
2395
2328
2387
2455
2442
2408
2397
2362
2369
2368
2368
2443
2423
2366
2400
2402
2356
2367
2406
2374
2393
2425
2326
2352
2423
2372
2363
2405
2405
2406
2430
2419
2415
2418
2412
2384
2386
2400
2382
2340
2355
2427
2425
2340
2403
2466
2362
2376
2463
2385
2368
2429
2387
2354
2399
2408
2421
2461
2413
2357
2357
2383
2403
2367
2342
2375
2376
2375
2434
2436
2377
2369
2369
2396
2474
2431
2373
2388
2425
2417
2382
2380
2425
2402
2358
2410
2445
2381
2372
2405
2388
2391
2415
2399
2380
2391
2403
2388
2394
2415
2399
2365
2368
2385
2416
2358
2358
2441
2386
2310
2375
2418
2401
2442
2418
2394
2473
2457
2385
2411
2401
2364
2389
2430
2438
2413
2381
2364
2395
2397
2329
2382
2433
2347
2364
2439
2383
2342
2346
2362
2434
2441
2353
2378
2423
2382
2375
2421
2389
2374
2389
2370
2397
2413
2410
2444
2430
2376
2396
2419
2362
2365
2417
2412
2393
2398
2399
2398
2416
2456
2430
2370
2363
2385
2389
2391
2433
2449
2392
2388
2429
2384
2340
2413
2398
2345
2409
2420
2398
2453
2362
2353
2480
2406
2330
2437
2434
2388
2405
2392
2453
2444
2338
2334
2415
2414
2373
2389
2367
2400
2448
2360
2357
2460
2411
2327
2368
2408
2417
2432
2412
2398
2404
2337
2340
2459
2413
2363
2441
2404
2342
2382
2406
2420
2417
2346
2369
2425
2405
2415
2386
2350
2409
2454
2398
2357
2415
2410
2354
2378
2396
2386
2385
2388
2335
2343
2444
2421
2395
2435
2407
2375
2411
2391
2358
2391
2387
2353
2375
2400
2372
2361
2371
2392
2419
2366
2356
2451
2434
2345
2368
2415
2365
2353
2373
2372
2398
2429
2430
2401
2372
2386
2410
2419
2403
2407
2394
2395
2416
2365
2350
2424
2421
2405
2433
2427
2405
2423
2434
2411
2422
2386
2345
2421
2429
2371
2416
2397
2331
2387
2413
2363
2387
2427
2370
2322
2407
2409
2355
2421
2411
2399
2439
2394
2361
2442
2412
2324
2378
2434
2419
2403
2394
2408
2391
2366
2408
2394
2357
2425
2431
2399
2439
2416
2361
2381
2404
2399
2396
2377
2378
2387
2383
2384
2425
2437
2341
2356
2438
2372
2328
2418
2408
2348
2396
2408
