2670
2673
2444
2146
2114
2273
2442
2660
2730
2559
2229
2021
2151
2396
2613
2695
2562
2320
2137
2138
2311
2537
2715
2681
2418
2201
2144
2213
2439
2647
2676
2502
2246
2123
2163
2300
2553
2734
2620
2408
2188
2066
2206
2455
2653
2664
2510
2227
2035
2111
2393
2637
2725
2595
2308
2136
2129
2224
2522
2729
2638
2413
2206
2071
2168
2424
2659
2716
2529
2255
2079
2098
2339
2600
2735
2640
2400
2158
2095
2226
2470
2639
2678
2536
2262
2069
2147
2371
2611
2729
2635
2373
2173
2110
2208
2495
2714
2642
2426
2229
2119
2149
2381
2619
2668
2536
2314
2119
2112
2299
2543
2685
2605
2400
2181
2091
2236
2460
2635
2646
2480
2228
2067
2135
2353
2581
2711
2596
2297
2117
2152
2267
2464
2639
2676
2544
2214
2024
2191
2384
2537
2698
2601
2281
2105
2102
2309
2578
2706
2642
2426
2227
2140
2208
2449
2642
2639
2465
2250
2137
2167
2310
2579
2736
2617
2344
2156
2127
2252
2474
2718
2688
2424
2222
2149
2175
2374
2591
2684
2564
2307
2080
2099
2299
2509
2668
2669
2421
2180
2100
2201
2423
2662
2758
2580
2239
2104
2173
2311
2513
2719
2636
2375
2185
2131
2229
2468
2666
2662
2498
2253
2068
2140
2417
2630
2680
2571
2338
2150
2104
2265
2533
2686
2621
2445
2217
2046
2143
2461
2660
2700
2571
2266
2107
2165
2340
2607
2734
2597
2369
2186
2096
2193
2440
2618
2633
2496
2238
2091
2189
2368
2568
2714
2592
2320
2118
2078
2239
2521
2737
2666
2427
2229
2069
2148
2435
2662
2710
2549
2316
2154
2131
2303
2528
2691
2677
2434
2158
2102
2231
2464
2654
2667
2496
2308
2153
2143
2361
2607
2704
2603
2331
2100
2079
2257
2485
2658
2657
2522
2258
2061
2181
2431
2618
2705
2535
2267
2146
2139
2293
2586
2750
2612
2367
2215
2117
2169
2426
2686
2707
2516
2240
2064
2160
2394
2555
2696
2636
2279
2064
2114
2276
2527
2665
2627
2489
2234
2082
2169
2381
2642
2712
2566
2347
2128
2072
2303
2538
2711
2678
2417
2160
2122
2222
2427
2648
2713
2551
2256
2096
2192
2357
2554
2705
2638
2356
2135
2072
2207
2496
2704
2644
2468
2282
2104
2136
2409
2628
2720
2599
2331
2146
2132
2261
2570
2728
2584
2444
2263
2053
2178
2505
2596
2599
2558
2312
2110
2133
2328
2549
2673
2584
2377
2150
2050
2232
2548
2690
2674
2498
2219
2089
2172
2399
2642
2686
2547
2367
2128
2031
2335
2616
2611
2631
2516
2197
2081
2203
2409
2636
2731
2539
2303
2146
2117
2326
2590
2665
2615
2433
2165
2079
2236
2465
2650
2670
2466
2256
2142
2154
2351
2603
2707
2578
2331
2126
2094
2291
2521
2658
2697
2496
2149
2035
2186
2414
2647
2684
2530
2294
2054
2079
2408
2595
2656
2656
2423
2167
2138
2240
2481
2725
2693
2492
2289
2070
2076
2374
2645
2659
2576
2382
2137
2120
2292
2465
2697
2646
2389
2245
2106
2107
2421
2664
2654
2559
2338
2098
2133
2305
2530
2717
2658
2390
2185
2116
2166
2416
2695
2698
2491
2298
2127
2112
2325
2599
2714
2583
2379
2172
2077
2277
2546
2684
2688
2485
2218
2124
2184
2402
2634
2672
2547
2331
2107
2101
2323
2549
2684
2643
2417
2160
2074
2175
2429
2669
2706
2476
2257
2138
2145
2321
2583
2731
2624
2323
2159
2172
2229
2460
2726
2660
2460
2272
2122
2134
2374
2651
2715
2541
2318
2143
2099
2236
2556
2727
2605
2389
2241
2114
2185
2462
2677
2683
2502
2258
2129
2138
2340
2588
2701
2607
2347
2139
2115
2220
2473
2699
2672
2444
2237
2116
2180
2397
2554
2689
2595
2241
2097
2166
2272
2487
2727
2676
2416
2230
2106
2192
2438
2627
2704
2554
2232
2085
2177
2287
2513
2745
2652
2381
2175
2085
2236
2501
2656
2636
2504
2260
2082
2162
2388
2597
2715
2594
2319
2126
2117
2268
2499
2678
2677
2434
2184
2096
2190
2413
2644
2744
2574
2268
2152
2136
2255
2587
2767
2602
2372
2201
2101
2188
2486
2671
2649
2490
2248
2063
2170
2406
2585
2722
2628
2296
2117
2119
2274
2537
2687
2624
2461
2241
2070
2138
2405
2617
2671
2519
2289
2127
2118
2312
2525
2638
2625
2446
2152
2032
2214
2469
2658
2661
2491
2236
2071
2113
2321
2592
2690
2581
2410
2169
2076
2292
2511
2613
2698
2517
2179
2068
2189
2394
2594
2668
2550
2343
2106
2056
2309
2572
2663
2617
2430
2166
2093
2209
2406
2660
2737
2513
2234
2103
2126
2328
2599
2681
2585
2374
2138
2106
2271
2474
2683
2741
2492
2181
2096
2207
2408
2626
2699
2564
2322
2123
2088
2291
2545
2642
2635
2471
2225
2118
2191
2418
2659
2672
2550
2339
2133
2144
2338
2565
2713
2629
2382
2204
2134
2195
2461
2674
2670
2532
2247
2064
2190
2413
2571
2723
2643
2307
2109
2120
2261
2512
2716
2683
2398
2156
2099
2208
2424
2598
2635
2502
2274
2069
2117
2351
2523
2664
2629
2355
2158
2113
2181
2426
2713
2710
2475
2254
2086
2123
2383
2621
2670
2542
2347
2156
2104
2272
2557
2707
2667
2486
2252
2117
2163
2386
2679
2725
2517
2305
2134
2113
2324
2595
2708
2600
2384
2164
2095
2179
2441
2680
2690
2481
2233
2135
2166
2346
2639
2658
2539
2401
2145
2027
2243
2533
2681
2674
2451
2186
2146
2235
2367
2606
2751
2551
2283
2177
2168
2273
2556
2697
2605
2421
2193
2103
2212
2429
2656
2678
2432
2209
2124
2164
2317
2565
2661
2564
2345
2056
2043
2305
2512
2627
2695
2519
2184
2069
2219
2405
2598
2717
2578
2287
2141
2121
2260
2553
2728
2627
2411
2168
2074
2211
2420
2658
2730
2485
2212
2128
2140
2297
2568
2698
2637
2393
2106
2087
2302
2484
2684
2715
2478
2200
2132
2214
2379
2607
2713
2533
2298
2156
2104
2260
2549
2677
2658
2420
2183
2119
2201
2433
2648
2684
2533
2288
2081
2074
2358
2590
2673
2627
2399
2120
2098
2236
2454
2694
2707
2464
2256
2123
2128
2373
2636
2656
2572
2390
2146
2073
2302
2567
2648
2639
2507
2211
2052
2180
2404
2612
2718
2557
2238
2072
2153
2332
2540
2702
2640
2360
2156
2101
2220
2483
2657
2669
2520
2232
2071
2140
2333
2575
2719
2600
2335
2158
2110
2253
2490
2643
2671
2489
2196
2063
2156
2393
2594
2672
2591
2318
2103
2140
2341
2514
2649
2633
2431
2189
2099
2222
2521
2668
2633
2513
2268
2089
2171
2352
2551
2674
2604
2335
2124
2123
2233
2488
2729
2607
2400
2256
2092
2133
2431
2644
2713
2579
2279
2100
2131
2286
2523
2707
2583
2322
2228
2171
2183
2417
2656
2643
2491
2257
2061
2147
2415
2615
2704
2624
2402
2131
2049
2264
2535
2654
2644
2483
2197
2011
2158
2436
2611
2674
2557
2264
2101
2153
2301
2518
2692
2644
2421
2208
2121
2244
2450
2612
2721
2551
2223
2098
2137
2317
2615
2714
2589
2369
2137
2085
2266
2503
2703
2690
2478
2225
2103
2124
2334
2647
2757
2500
2278
2166
2098
2256
2552
2710
2654
2422
2203
2101
2184
2440
2680
2701
2546
2289
2101
2162
2348
2511
2701
2652
2341
2110
2112
2244
2489
2676
2633
2450
2223
2069
2127
2353
2630
2712
2545
2328
2159
2106
2254
2532
2690
2629
2442
2215
2066
2174
2448
2617
2652
2526
2223
2070
2181
2347
2544
2702
2630
2366
2165
2062
2171
2490
2712
2690
2496
2242
2137
2213
2392
2579
2708
2600
2356
2176
2125
2265
2540
2664
2657
2507
2166
2053
2239
2400
2585
2667
2488
2247
2156
2151
2312
2546
2679
2607
2389
2190
2123
2190
2429
2663
2704
2465
2210
2116
2147
2332
2634
2717
2575
2357
2166
2079
2256
2525
2670
2628
2461
2219
2093
2175
2444
2609
2664
2562
2305
2128
2154
2308
2567
2729
2608
2346
2169
2095
2197
2436
2685
2722
2522
2280
2114
2116
2334
2586
2691
2543
2271
2125
2156
2273
2494
2681
2627
2428
2256
2118
2147
2385
2630
2692
2559
2322
2111
2125
2353
2550
2682
2689
2435
2129
2068
2175
2416
2650
2653
2497
2315
2138
2110
2348
2657
2714
2523
2376
2209
2086
2259
2538
2723
2709
2474
2207
2111
2183
2401
2630
2753
2568
2254
2150
2196
2271
2547
2745
2632
2410
2196
2095
2244
2452
2639
2716
2529
2267
2146
2134
2316
2583
2721
2615
2357
2145
2085
2186
2433
2654
2687
2457
2174
2088
2217
2372
2599
2718
2536
2315
2163
2099
2243
2515
2697
2655
2418
2202
2137
2199
2413
2617
2664
2541
2252
2082
2147
2310
2584
2701
2614
2471
2148
1998
2256
2524
2625
2660
2532
2267
2099
2135
2377
2648
2707
2578
2387
2149
2074
2279
2519
2636
2682
2484
2189
2075
2194
2426
2599
2633
2543
2265
2036
2113
2379
2539
2661
2651
2367
2153
2134
2198
2452
2700
2644
2460
2291
2111
2122
2340
2578
2654
2549
2344
2122
2075
2281
2494
2621
2628
2455
2170
2030
2145
2423
2624
2665
2554
2338
2109
2108
2342
2553
2628
2632
2435
2135
2047
2202
2435
2641
2654
2516
2301
2085
2118
2385
2576
2660
2625
2392
2127
2109
2266
2475
2681
2698
2447
2153
2065
2170
2388
2634
2711
2539
2317
2167
2080
2261
2580
2692
2571
2427
2219
2084
2226
2467
2657
2720
2513
2227
2120
2149
2300
2606
2704
2537
2346
2165
2116
2267
2498
2657
2681
2501
2208
2085
2180
2416
2629
2690
2584
2358
2096
2116
2338
2505
2676
2692
2404
2207
2138
2183
2440
2662
2645
2503
2296
2096
2106
2349
2546
2646
2612
2399
2126
2072
2268
2487
2658
2687
2489
2191
2090
2187
2355
2572
2665
2518
2333
2195
2125
2281
2563
2675
2641
2481
2216
2044
2169
2502
2673
2640
2520
2285
2085
2109
2304
2589
2712
2618
2415
2147
2048
2249
2509
2665
2685
2571
2290
2076
2164
2402
2581
2648
2587
2364
2124
2117
2290
2532
2745
2691
2436
2236
2099
2161
2431
2632
2683
2558
2269
2092
2140
2315
2545
2698
2594
2385
2210
2073
2189
2502
2647
2634
2507
2256
2099
2173
2349
2610
2722
2569
2350
2136
2078
2271
2513
2701
2681
2463
2211
2053
2160
2453
2627
2673
2573
2313
2111
2138
2323
2585
2732
2617
2428
2202
2056
2193
2451
2628
2662
2481
2247
2081
2115
2343
2578
2699
2623
2388
2146
2089
2262
2499
2674
2680
2479
2213
2102
2181
2398
2616
2691
2571
2323
2116
2093
2329
2597
2660
2635
2444
2115
2093
2274
2396
2642
2730
2447
2227
2130
2119
2341
2606
2694
2676
2439
2132
2119
2285
2453
2653
2676
2457
2188
2086
2191
2413
2581
2667
2573
2314
2116
2162
2323
2483
2679
2726
2445
2167
2108
2213
2430
2629
2669
2565
2259
2050
2150
2335
2490
2667
2639
2357
2107
2106
2248
2441
2655
2712
2524
2236
2110
2192
2375
2613
2700
2551
2335
2143
2066
2272
2546
2654
2656
2469
2154
2107
2235
2396
2664
2737
2496
2280
2112
2076
2336
2603
2647
2549
2340
2146
2104
2188
2430
2672
2636
2448
2261
2123
2175
2361
2584
2734
2623
2345
2125
2058
2254
2563
2688
2632
2440
2243
2117
2167
2408
2653
2667
2508
2256
2096
2136
2317
2558
2745
2649
2401
2214
2106
2196
2503
2706
2704
2512
2274
2090
2067
2301
2607
2677
2564
2383
2174
2119
2280
2473
2632
2661
2489
2210
2060
2205
2448
2606
2732
2655
2318
2093
2145
2285
2530
2710
2588
2377
2171
2092
2245
2453
2645
2719
2490
2220
2154
2186
2329
2543
2684
2620
2369
2124
2075
2272
2487
2599
2686
2484
2186
2105
2173
2359
2615
2687
2583
2338
2065
2120
2389
2543
2649
2658
2429
2170
2061
2183
2512
2692
2668
2601
2369
2067
2088
2389
2585
2631
2626
2411
2108
2080
2313
2514
2670
2702
2473
2208
2136
2194
2403
2617
2698
2585
2329
2097
2074
2288
2559
2650
2617
2484
2251
2066
2145
2408
2651
2722
2566
2240
2063
2140
2342
2556
2736
2622
2356
2173
2119
2211
2446
2622
2671
2520
2261
2063
2130
2421
2632
2671
2559
2322
2100
2071
2306
2526
2664
2663
2441
2189
2087
2169
2426
2648
2680
2530
2250
2095
2167
2333
2557
2707
2580
2389
2228
2063
2218
2493
2629
2679
2517
2210
2087
2169
2347
2595
2721
2548
2312
2173
2135
2245
2491
2660
2668
2460
2170
2093
2192
2359
2603
2707
2547
2297
2141
2141
2343
2539
2663
2671
2452
2144
2123
2285
2424
2628
2748
2527
2224
2130
2179
2342
2607
2716
2599
2368
2171
2068
2236
2534
2733
2682
2441
2214
2125
2166
2407
2673
2691
2499
2274
2122
2113
2278
2557
2673
2594
2387
2158
2105
2261
2452
2635
2713
2518
2229
2118
2128
2268
2579
2712
2588
2422
2195
2104
2280
2479
2629
2693
2480
2163
2096
2247
2429
2607
2694
2605
2308
2045
2129
2349
2502
2676
2632
2371
2179
2110
2191
2471
2646
2628
2505
2268
2078
2130
2375
2642
2680
2564
2386
2168
2084
2245
2504
2692
2676
2477
2244
2099
2131
2377
2609
2686
2584
2354
2099
2068
2289
2562
2680
2639
2448
2213
2090
2216
2423
2616
2692
2550
2219
2078
2172
2353
2546
2697
2586
2326
2160
2109
2212
2477
2640
2618
2490
2253
2057
2148
2398
2596
2676
2616
2362
2138
2124
2293
2523
2690
2622
2414
2216
2062
2184
2474
2628
2695
2554
2264
2142
2137
2273
2577
2717
2611
2384
2116
2052
2250
2486
2670
2684
2489
2250
2104
2165
2383
2588
2708
2595
2328
2147
2113
2274
2516
2634
2638
2474
2196
2075
2221
2418
2637
2732
2530
2265
2162
2149
2304
2606
2736
2629
2426
2183
2056
2239
2526
2690
2679
2514
2283
2109
2157
2351
2612
2730
2583
2341
2191
2126
2219
2451
2701
2702
2461
2206
2134
2177
2378
2669
2722
2554
2312
2124
2113
2282
2564
2732
2641
2421
2224
2111
2221
2437
2601
2680
2548
2227
2046
2125
2344
2589
2726
2600
2343
2136
2089
2255
2520
2681
2684
2468
2164
2095
2233
2387
2589
2706
2579
2289
2090
2136
2314
2500
2706
2690
2376
2158
2115
2207
2482
2659
2672
2603
2361
2075
2145
2422
2596
2678
2596
2366
2193
2082
2204
2532
2715
2618
2454
2256
2076
2125
2411
2626
2686
2600
2336
2101
2137
2289
2490
2730
2700
2394
2153
2113
2220
2423
2670
2722
2527
2250
2137
2168
2336
2564
2715
2641
2383
2138
2075
2178
2454
2708
2686
2442
2236
2097
2117
2339
2604
2698
2570
2325
2134
2117
2298
2515
2661
2663
2423
2176
2107
2211
2406
2651
2732
2513
2240
2109
2145
2336
2562
2677
2628
2381
2174
2133
2232
2476
2702
2677
2499
2242
2096
2137
2313
2612
2762
2572
2279
2091
2077
2227
2503
2672
2661
2466
2191
2128
2233
2372
2588
2708
2517
2240
2132
2138
2267
2518
2696
2640
2374
2093
2066
2259
2467
2622
2652
2503
2277
2071
2130
2406
2560
2605
2599
2364
2114
2114
2281
2495
2666
2680
2524
2204
2017
2141
2411
2622
2705
2551
2281
2108
2124
2278
2505
2663
2622
2442
2224
2065
2195
2454
2663
2697
2517
2271
2095
2118
2368
2632
2733
2604
2307
2104
2125
2268
2464
2662
2655
2464
2244
2080
2189
2438
2583
2696
2618
2294
2071
2107
2320
2563
2672
2642
2441
2184
2107
2235
2476
2670
2663
2524
2280
2037
2129
2379
2560
2694
2671
2393
2104
2092
2302
2502
2673
2707
2506
2206
2093
2201
2414
2591
2727
2586
2262
2173
2167
2245
2587
2739
2624
2435
2206
2052
2202
2451
2625
2712
2545
2237
2137
2181
2302
2577
2751
2587
2366
2194
2067
2185
2518
2731
2695
2468
2208
2121
2181
2322
2593
2739
2567
2278
2116
2128
2307
2540
2682
2663
2436
2183
2115
2235
2430
2612
2689
2558
2310
2115
2114
2350
2608
2680
2627
2401
2162
2116
2252
2457
2643
2702
2487
2222
2103
2122
2361
2644
2707
2568
2346
2108
2074
2302
2581
2647
2598
2459
2252
2079
2158
2442
2626
2672
2579
2264
2066
2159
2349
2534
2681
2630
2387
2148
2104
2252
2488
2658
2668
2506
2286
2093
2129
2397
2625
2668
2590
2368
2151
2081
2223
2478
2675
2651
2422
2173
2051
2136
2444
2629
2654
2590
2311
2093
2140
2316
2531
2674
2610
2383
2206
2100
2202
2454
2647
2698
2504
2219
2063
2157
2370
2559
2678
2627
2369
2118
2134
2303
2453
2666
2720
2452
2221
2115
2149
2426
2674
2636
2515
2335
2156
2096
2227
2552
2743
2586
2407
2235
2081
2204
2470
2621
2658
2536
2228
2053
2136
2330
2597
2683
2576
2420
2163
2040
2278
2515
2655
2714
2508
2232
2146
2135
2338
2625
2709
2532
2300
2163
2138
2223
2489
2691
2612
2401
2237
2092
2149
2396
2654
2688
2489
2251
2096
2094
2311
2581
2699
2642
2416
2129
2087
2270
2445
2604
2674
2468
2187
2075
2190
2403
2581
2693
2611
2337
2127
2081
2272
2540
2693
2643
2411
2171
2103
2194
2418
2657
2676
2494
2285
2081
2081
2306
2568
2709
2618
2336
2161
2109
2223
2463
2653
2645
2475
2278
2088
2107
2384
2567
2647
2594
2313
2106
2141
2264
2449
2647
2669
2438
2200
2094
2182
2432
2678
2743
2601
2307
2086
2133
2340
2540
2715
2649
2397
2153
2060
2197
2488
2689
2638
2467
2301
2083
2064
2346
2640
2701
2594
2352
2136
2104
2205
2488
2729
2623
2409
2259
2107
2112
2381
2610
2687
2592
2286
2057
2126
2320
2508
2684
2655
2395
2188
2107
2176
2418
2675
2630
2441
2243
2134
2173
2361
2603
2720
2584
2318
2153
2142
2250
2512
2700
2653
2442
2229
2108
2164
2389
2643
2745
2580
2264
2076
2108
2316
2563
2707
2643
2392
2169
2129
2224
2423
2643
2724
2528
2190
2049
2161
2347
2571
2700
2615
2349
2126
2090
2252
2480
2647
2683
2518
2209
2096
2196
2364
2596
2720
2582
2334
2118
2089
2295
2540
2655
2654
2436
2202
2132
2201
2393
2683
2708
2480
2261
2112
2085
2306
2604
2701
2578
2409
2214
2128
2220
2433
2651
2723
2490
2213
2120
2143
2319
2606
2720
2574
2284
2064
2077
2341
2558
2664
2683
2476
2164
2073
2242
2451
2608
2676
2552
2281
2080
2123
2327
2547
2661
2621
2431
2191
2056
2201
2526
2703
2621
2490
2282
2112
2126
2372
2626
2691
2567
2327
2124
2107
2213
2490
2720
2671
2404
2159
2079
2184
2444
2640
2666
2582
2321
2103
2134
2342
2562
2686
2591
2370
2167
2081
2224
2467
2638
2713
2515
2195
2082
2189
2375
2609
2672
2581
2350
2143
2078
2226
2518
2718
2621
2491
2245
2055
2157
2425
2575
2666
2585
2320
2118
2135
2304
2535
2689
2625
2386
2193
2063
2164
2478
2680
2630
2493
2304
2121
2168
2378
2588
2709
2570
2347
2188
2105
2234
2500
2674
2667
2458
2223
2092
2153
2401
2672
2707
2541
2322
2097
2089
2284
2496
2665
2627
2388
2193
2141
2214
2452
2661
2683
2525
2263
2144
2200
2313
2563
2710
2611
2377
2126
2044
2243
2491
2628
2646
2476
2174
2053
2146
2410
2628
2681
2570
2331
2140
2111
2265
2556
2706
2645
2432
2227
2122
2179
2419
2647
2645
2515
2270
2084
2135
2345
2529
2705
2627
2316
2160
2143
2196
2418
2686
2720
2446
2183
2113
2164
2346
2560
2685
2599
2284
2101
2174
2291
2482
2683
2653
2421
2185
2100
2220
2442
2644
2718
2504
2229
2128
2143
2291
2573
2698
2624
2428
2182
2082
2255
2489
2662
2674
2516
2245
2053
2163
2411
2566
2673
2566
2339
2154
2078
2250
2521
2618
2615
2486
2193
2059
2175
2399
2651
2689
2523
2300
2109
2092
2347
2586
2668
2620
2395
2156
2112
2248
2462
2630
2634
2436
2234
2105
2111
2351
2611
2678
2596
2389
2138
2060
2305
2537
2632
2674
2551
2195
2019
2178
2411
2567
2678
2545
2306
2138
2092
2287
2582
2656
2593
2429
2171
2048
2207
2453
2650
2662
2462
2254
2100
2092
2350
2575
2674
2658
2328
2095
2163
2252
2449
2683
2689
2464
2214
2102
2179
2380
2609
2711
2608
2343
2069
2072
2367
2528
2588
2635
2442
2129
2083
2224
2405
2608
2674
2511
2300
2122
2121
2338
2597
2668
2617
2375
2094
2037
2224
2495
2700
2670
2461
2247
2157
2192
2379
2577
2692
2586
2333
2131
2122
2256
2554
2711
2628
2434
2214
2087
2178
2426
2656
2677
2538
2261
2045
2102
2373
2563
2679
2626
2378
2138
2126
2238
2461
2704
2698
2478
2271
2099
2131
2374
2645
2690
2560
2389
2175
2094
2292
2524
2651
2644
2436
2163
2075
2220
2446
2592
2679
2568
2200
2067
2199
2313
2524
2720
2615
2365
2187
2109
2226
2472
2660
2687
2494
2228
2095
2136
2372
2596
2700
2597
2335
2167
2136
2226
2536
2736
2634
2450
2252
2073
2188
2450
2589
2665
2576
2253
2053
2117
2340
2538
2673
2607
2377
2162
2064
2172
2478
2657
2643
2492
2240
2092
2143
2332
2609
2724
2551
2314
2192
2158
2263
2449
2677
2721
2424
2190
2159
2168
2358
2640
2696
2515
2284
2105
2133
2331
2534
2703
2676
2381
2140
2082
2198
2459
2634
2658
2549
2263
2063
2171
2386
2542
2650
2571
2368
2169
2083
2242
2512
2637
2629
2435
2213
2114
2162
2402
2675
2719
2572
2317
2124
2138
2311
2513
2705
2645
2377
2128
2082
2212
2435
2632
2669
2505
2265
2088
2111
2329
2619
2752
2622
2343
2169
2128
2205
2456
2665
2655
2494
2233
2111
2213
2407
2594
2710
2593
2318
2115
2103
2288
2533
2679
2666
2442
2194
2092
2202
2450
2622
2637
2531
2294
2077
2112
2356
2537
2683
2633
2369
2151
2098
2228
2481
2674
2642
2428
2249
2074
2130
2430
2591
2673
2636
2338
2079
2112
2295
2517
2723
2676
2404
2150
2069
2205
2469
2617
2628
2576
2341
2047
2103
2358
2542
2694
2633
2355
2185
2122
2144
2429
2716
2664
2475
2250
2097
2153
2399
2623
2695
2595
2319
2069
2125
2298
2510
2694
2672
2447
2240
2138
2174
2407
2614
2646
2589
2301
2034
2151
2369
2509
2673
2696
2391
2077
2064
2245
2436
2619
2684
2489
2250
2109
2142
2346
2574
2659
2612
2373
2087
2085
2349
2513
2620
2659
2480
2193
2069
2193
2416
2601
2694
2575
2293
2083
2131
2292
2493
2725
2685
2385
2185
2082
2184
2448
2604
2656
2561
2258
2058
2178
2396
2584
2705
2616
2331
2109
2066
2226
2531
2708
2651
2482
2270
2061
2119
2391
2636
2673
2541
2313
2114
2115
2329
2540
2682
2691
2451
2142
2093
2198
2416
2650
2715
2533
2245
2104
2178
2338
2579
2730
2589
2339
2168
2104
2260
2525
2665
2655
2473
2224
2082
2117
2370
2625
2730
2580
2288
2136
2176
2260
2500
2778
2685
2380
2185
2075
2147
2429
2622
2664
2556
2246
2071
2140
2361
2602
2663
2616
2447
2153
2049
2229
2456
2674
2710
2438
2235
2135
2120
2360
2632
2676
2590
2372
2123
2115
2302
2498
2683
2637
2381
2169
2099
2186
2431
2621
2652
2558
2293
2104
2157
2301
2537
2686
2571
2394
2218
2083
2182
2487
2701
2669
2508
2244
2059
2148
2360
2534
2702
2615
2294
2120
2127
2273
2545
2689
2634
2441
2187
2078
2225
2439
2637
2686
2570
2307
2083
2117
2370
2559
2668
2644
2453
2193
2043
2203
2538
2670
2637
2518
2266
2085
2154
2342
2611
2747
2591
2324
2170
2081
2194
2487
2697
2622
2444
2236
2125
2204
2413
2619
2698
2557
2296
2100
2116
2308
2563
2680
2646
2435
2169
2110
2257
2464
2664
2676
2513
2272
2098
2147
2357
2583
2686
2620
2387
2110
2048
2253
2528
2644
2642
2516
2253
2088
2159
2418
2652
2688
2554
2361
2173
2149
2330
2528
2715
2667
2388
2203
2110
2173
2451
2638
2674
2551
2270
2065
2151
2358
2571
2706
2631
2376
2124
2095
2270
2519
2643
2636
2497
2223
2070
2195
2399
2561
2692
2589
2274
2105
2154
2302
2513
2678
2660
2422
2217
2115
2172
2437
2688
2663
2477
2262
2116
2140
2330
2577
2713
2610
2364
2136
2114
2255
2465
2649
2672
2464
2209
2121
2169
2370
2652
2717
2535
2346
2159
2058
2272
2564
2649
2602
2452
2195
2081
2228
2450
2614
2663
2535
2247
2080
2148
2346
2587
2674
2595
2394
2140
2070
2222
2430
2621
2694
2529
2210
2088
2191
2392
2616
2720
2545
2291
2138
2081
2250
2505
2629
2644
2460
2164
2082
2213
2402
2629
2695
2528
2244
2089
2098
2267
2550
2705
2613
2420
2173
2103
2291
2490
2627
2720
2524
2193
2089
2188
2333
2568
2667
2598
2373
2093
2084
2270
2478
2680
2676
2499
2237
2055
2126
2409
2622
2672
2551
2309
2136
2115
2270
2537
2712
2660
2377
2126
2073
2163
2396
2692
2693
2485
2305
2110
2072
2365
2621
2632
2577
2418
2105
2078
2309
2504
2622
2643
2482
2219
2037
2136
2425
2659
2656
2513
2308
2090
2079
2291
2504
2671
2635
2366
2169
2118
2185
2472
2719
2676
2524
2324
2096
2136
2355
2569
2709
2616
2321
2132
2116
2243
2494
2660
2658
2466
2166
2119
2223
2372
2619
2717
2546
2327
2131
2075
2273
2551
2662
2617
2434
2212
2101
2197
2424
2641
2664
2512
2269
2082
2080
2351
2633
2706
2609
2406
2153
2078
2219
2437
2671
2716
2465
2188
2107
2164
2336
2583
2703
2585
2307
2128
2166
2292
2503
2742
2706
2398
2153
2120
2229
2442
2619
2654
2558
2299
2095
2137
2340
2540
2662
2605
2431
2194
2045
2220
2510
2644
2666
2498
2220
2128
2186
2318
2547
2717
2606
2290
2077
2141
2279
2489
2683
2636
2448
2219
2010
2172
2477
2599
2659
2595
2277
2067
2151
2323
2517
2667
2603
2413
2178
2097
2252
2473
2628
2693
2511
2275
2123
2116
2295
2573
2653
2561
2354
2117
2063
2294
2536
2661
2638
2472
2199
2080
2221
2421
2568
2666
2532
2312
2163
2123
2306
2572
2676
2648
2421
2158
2110
2232
2408
2657
2711
2514
2254
2100
2158
2339
2562
2706
2618
2337
2126
2122
2247
2461
2704
2737
2495
2221
2113
2176
2398
2666
2702
2537
2334
2121
2082
2314
2576
2695
2612
2379
2177
2095
2163
2411
2674
2709
2509
2285
2135
2122
2334
2621
2717
2611
2392
2157
2080
2236
2495
2676
2666
2471
2204
2059
2155
2408
2623
2724
2594
2323
2107
2106
2286
2539
2685
2619
2404
2166
2047
2198
2454
2651
2687
2539
2245
2080
2175
2379
2549
2668
2628
2388
2181
2153
2263
2521
2702
2644
2467
2241
2098
2191
2362
2579
2716
2557
2317
2156
2114
2266
2500
2695
2691
2422
2148
2083
2222
2415
2625
2732
2547
2270
2117
2106
2311
2595
2693
2577
2392
2148
2053
2277
2515
2638
2676
2554
2230
2027
2146
2386
2573
2658
2514
2280
2137
2078
2269
2532
2655
2651
2437
2143
2107
2237
2375
2602
2716
2545
2227
2096
2170
2314
2518
2714
2667
2393
2170
2102
2186
2466
2667
2677
2532
2251
2061
2165
2401
2580
2694
2603
2341
2158
2115
2229
2464
2710
2682
2414
2177
2113
2192
2417
2628
2674
2553
2270
2033
2125
2319
2484
2680
2689
2371
2171
2160
2166
2368
2688
2688
2460
2253
2100
2126
2362
2611
2727
2616
2307
2096
2163
2270
2423
2671
2672
2443
2237
2065
2122
2409
2647
2687
2527
2298
2132
2096
2288
2519
2648
2627
2440
2160
2054
2218
2456
2616
2685
2562
2263
2062
2133
2355
2559
2686
2624
2350
2127
2099
2258
2510
2690
2649
2479
2228
2057
2169
2442
2620
2737
2595
2282
2092
2133
2327
2538
2634
2614
2442
2229
2103
2174
2443
2663
2628
2531
2324
2097
2127
2336
2535
2687
2661
2363
2076
2097
2282
2455
2654
2690
2446
2218
2115
2153
2369
2614
2683
2563
2291
2074
2086
2272
2527
2683
2654
2463
2176
2080
2199
2419
2635
2663
2499
2311
2153
2084
2296
2612
2693
2596
2410
2244
2123
2164
2527
2742
2650
2519
2278
2076
2157
2407
2646
2721
2580
2343
2165
2124
2257
2490
2641
2649
2457
2176
2115
2244
2419
2656
2713
2490
2273
2172
2122
2289
2577
2686
2614
2362
2101
2097
2218
2422
2670
2741
2488
2167
2079
2200
2317
2561
2749
2566
2258
2159
2115
2191
2529
2749
2641
2458
2229
2046
2170
2434
2576
2666
2565
2241
2049
2145
2316
2509
2687
2671
2403
2138
2054
2179
2407
2650
2694
2464
2250
2166
2142
2286
2553
2689
2578
2317
2119
2115
2271
2470
2654
2693
2463
2201
2140
2168
2349
2650
2716
2543
2343
2118
2103
2306
2513
2630
2605
2406
2195
2108
2185
2436
2673
2700
2542
2263
2119
2186
2368
2583
2691
2617
2338
2102
2118
2254
2502
2716
2669
2465
2290
2173
2173
2411
2623
2680
2572
2317
2082
2108
2357
2537
2638
2666
2438
2163
2109
2212
2377
2649
2715
2515
2254
2107
2183
2367
2531
2710
2643
2369
2166
2138
2212
2431
2674
2717
2462
2239
2126
2144
2365
2623
2687
2550
2329
2146
2044
2279
2607
2673
2607
2469
2204
2064
2199
2438
2646
2741
2541
2265
2119
2118
2316
2603
2715
2607
2389
2178
2101
2210
2426
2669
2694
2487
2229
2096
2211
2388
2578
2735
2596
2303
2152
2120
2244
2527
2696
2642
2425
2166
2078
2237
2456
2612
2659
2541
2317
2123
2070
2264
2551
2684
2601
2423
2204
2102
2203
2473
2686
2707
2509
2247
2094
2115
2303
2600
2705
2538
2281
2131
2126
2282
2532
2681
2637
2458
2195
2071
2184
2389
2573
2703
2577
2316
2136
2109
2277
2556
2710
2618
2357
2153
2108
2189
2453
2717
2679
2483
2275
2109
2160
2364
2553
2709
2651
2362
2135
2079
2244
2523
2678
2633
2449
2247
2125
2146
2375
2673
2697
2544
2294
2083
2145
2324
2474
2677
2714
2433
2160
2124
2201
2401
2637
2679
2518
2306
2083
2119
2392
2601
2693
2613
2338
2125
2107
2237
2479
2672
2670
2516
2219
2060
2185
2395
2576
2728
2599
2266
2117
2149
2262
2538
2703
2617
2411
2189
2091
2226
2426
2623
2690
2540
2299
2108
2132
2372
2567
2666
2613
2368
2146
2100
2234
2496
2673
2632
2482
2241
2030
2108
2384
2579
2634
2556
2289
2085
2126
2293
2487
2696
2686
2429
2158
2066
2167
2406
2631
2707
2541
2251
2100
2118
2291
2570
2692
2594
2358
2168
2119
2233
2479
2681
2690
2499
2235
2127
2162
2324
2574
2715
2606
2368
2116
2046
2279
2556
2682
2689
2458
2153
2092
2255
2448
2612
2666
2555
2290
2111
2113
2304
2549
2665
2587
2412
2174
2071
2202
2450
2648
2668
2475
2249
2105
2126
2355
2621
2697
2616
2323
2048
2130
2342
2452
2671
2685
2470
2239
2075
2120
2435
2638
2652
2561
2319
2126
2139
2281
2544
2697
2628
2444
2186
2041
2238
2477
2597
2661
2511
2244
2111
2129
2347
2593
2654
2575
2364
2178
2107
2212
2507
2690
2669
2518
2209
2063
2224
2430
2574
2694
2575
2302
2158
2092
2266
2567
2710
2648
2415
2171
2129
2227
2407
2677
2737
2477
2263
2137
2151
2342
2557
2669
2650
2389
2130
2141
2274
2479
2730
2676
2471
2261
2062
2125
2393
2575
2661
2567
2332
2156
2122
2273
2583
2739
2628
2400
2203
2091
2146
2362
2670
2721
2498
2238
2107
2126
2320
2556
2698
2665
2397
2104
2102
2288
2482
2662
2727
2518
2210
2104
2186
2344
2598
2711
2557
2318
2151
2103
2273
2553
2692
2650
2457
2169
2086
2236
2421
2595
2685
2584
2300
2068
2133
2402
2582
2614
2611
2472
2164
2049
2250
2526
2677
2680
2499
2220
2124
2184
2362
2626
2699
2554
2357
2153
2097
2220
2485
2701
2674
2413
2195
2144
2164
2324
2641
2778
2578
2249
2087
2132
2321
2551
2681
2602
2392
2179
2084
2212
2478
2657
2672
2499
2257
2091
2161
2426
2616
2648
2565
2414
2182
2066
2282
2526
2638
2626
2450
2202
2065
2139
2363
2608
2713
2557
2303
2113
2117
2264
2549
2742
2618
2365
2201
2126
2220
2460
2685
2705
2551
2294
2064
2098
2350
2571
2681
2583
2332
2132
2090
2229
2464
2670
2693
2441
2211
2148
2172
2362
2648
2694
2481
2297
2173
2080
2254
2601
2728
2607
2459
2266
2091
2152
2451
2686
2652
2487
2325
2099
2087
2346
2582
2719
2612
2293
2140
2171
2231
2467
2733
2686
2457
2234
2067
2138
2401
2593
2701
2589
2288
2119
2130
2270
2532
2696
2661
2406
2160
2137
2190
2368
2688
2738
2529
2282
2099
2069
2261
2595
2722
2553
2361
2188
2086
2217
2512
2660
2679
2503
2207
2090
2189
2323
2555
2728
2560
2244
2135
2144
2262
2523
2680
2612
2457
2195
2062
2207
2440
2621
2717
2557
2275
2140
2137
2290
2563
2705
2599
2340
2115
2124
2234
2443
2697
2704
2462
2226
2115
2130
2332
2644
2744
2594
2375
2118
2043
2309
2577
2629
2643
2453
2147
2080
2191
2404
2672
2721
2513
2280
2123
2092
2288
2574
2680
2589
2453
2164
1983
2230
2532
2609
2650
2546
2267
2086
2155
2357
2595
2674
2611
2365
2096
2078
2304
2530
2672
2647
2453
2225
2073
2143
2421
2623
2661
2563
2335
2083
2079
2314
2522
2646
2649
2401
2110
2049
2216
2459
2650
2651
2522
2281
2070
2124
2369
2579
2675
2610
2384
2155
2109
2250
2498
2673
2648
2475
2257
2114
2170
2403
2643
2670
2559
2324
2074
2103
2342
2565
2680
2638
2408
2145
2086
2221
2404
2620
2727
2542
2249
2111
2173
2326
2555
2704
2579
2322
2185
2135
2220
2503
2712
2663
2489
2248
2082
2158
2400
2580
2679
2555
2288
2111
2099
2220
2491
2692
2641
2382
2168
2110
2190
2390
2658
2719
2519
2263
2091
2081
2318
2597
2724
2619
2405
2164
2095
2262
2475
2629
2682
2462
2151
2097
2208
2328
2571
2698
2582
2382
2164
2111
2304
2551
2675
2666
2465
2180
2058
2187
2447
2634
2699
2584
2264
2023
2136
2371
2529
2660
2654
2405
2156
2106
2214
2465
2690
2659
2483
2311
2140
2137
2394
2634
2647
2536
2380
2116
2042
2338
2599
2631
2671
2489
2126
2050
2223
2401
2630
2720
2565
2309
2113
2122
2332
2553
2664
2635
2428
2178
2078
2190
2489
2672
2679
2526
2267
2101
2182
2379
2591
2716
2609
2324
2140
2104
2232
2452
2670
2671
2433
2152
2058
2170
2414
2613
2688
2585
2332
2107
2116
2283
2521
2750
2686
2381
2210
2146
2172
2442
2723
2652
2436
2270
2138
2134
2358
2608
2702
2596
2362
2117
2070
2247
2492
2670
2662
2452
2213
2077
2149
2415
2631
2660
2539
2275
2124
2161
2280
2509
2710
2658
2418
2167
2085
2225
2467
2658
2687
2521
2281
2118
2114
2283
2562
2715
2601
2360
2182
2098
2222
2516
2688
2633
2453
2244
2143
2172
2339
2599
2699
2521
2350
2165
2069
2299
2603
2689
2664
2449
2167
2124
2199
2368
2661
2693
2480
2299
2160
2111
2333
2618
2676
2572
2377
2175
2069
2190
2487
2673
2675
2522
2250
2067
2167
2378
2590
2739
2591
2271
2110
2104
2248
2508
2647
2589
2457
2243
2053
2099
2449
2692
2643
2535
2371
2127
2077
2296
2556
2710
2625
2326
2116
2095
2221
2489
2680
2640
2462
2237
2103
2161
2374
2577
2642
2540
2321
2128
2074
2216
2513
2702
2652
2434
2205
2119
2206
2398
2645
2721
2550
2268
2101
2142
2306
2535
2705
2638
2408
2149
2065
2238
2496
2635
2681
2545
2276
2078
2125
2366
2597
2650
2555
2335
2146
2119
2272
2489
2672
2665
2432
2180
2091
2167
2370
2622
2704
2542
2284
2114
2126
2281
2527
2731
2663
2361
2201
2162
2186
2463
2712
2679
2500
2267
2096
2144
2345
2564
2702
2614
2306
2120
2145
2250
2507
2721
2667
2432
2188
2068
2145
2376
2593
2692
2576
2324
2139
2095
2294
2598
2685
2544
2396
2213
2063
2191
2480
2657
2691
2531
2253
2101
2159
2313
2547
2708
2615
2337
2136
2110
2282
2495
2677
2686
2494
2250
2086
2153
2397
2636
2741
2566
2294
2074
2083
2337
2545
2666
2665
2445
2183
2093
2202
2377
2635
2719
2554
2261
2107
2138
2339
2579
2683
2578
2366
2143
2109
2291
2496
2646
2703
2496
2201
2067
2159
2378
2593
2680
2593
2329
2129
2128
2264
2493
2683
2625
2444
2231
2060
2159
2455
2618
2682
2581
2261
2061
2143
2320
2554
2722
2604
2380
2201
2109
2202
2443
2630
2655
2497
2225
2078
2134
2364
2631
2730
2603
2323
2104
2135
2300
2507
2660
2665
2477
2219
2091
2218
2472
2644
2659
2542
2276
2095
2151
2333
2520
2680
2607
2413
2201
2081
2207
2452
2616
2714
2561
2251
2078
2147
2356
2589
2687
2569
2287
2099
2120
2323
2538
2676
2639
2470
2245
2104
2167
2394
2626
2736
2536
2206
2101
2176
2271
2522
2729
2629
2390
2180
2086
2208
2441
2653
2681
2492
2275
2105
2094
2349
2610
2687
2625
2381
2164
2166
2272
2462
2710
2676
2422
2225
2097
2178
2440
2633
2698
2624
2318
2080
2124
2335
2561
2650
2584
2404
2163
2101
2231
2396
2622
2735
2498
2211
2092
2133
2322
2579
2711
2597
2310
2143
2139
2239
2445
2664
2680
2455
2222
2117
2162
2387
2625
2709
2590
2373
2173
2078
2250
2577
2700
2638
2464
2211
2053
2189
2477
2668
2670
2534
2276
2110
2123
2322
2576
2679
2581
2403
2151
2023
2236
2518
2675
2666
2466
2204
2075
2172
2362
2573
2698
2550
2277
2134
2119
2272
2511
2673
2693
2462
2138
2106
2273
2385
2567
2713
2521
2260
2105
2098
2347
2620
2687
2589
2398
2180
2047
2219
2497
2640
2665
2514
2240
2088
2184
2393
2547
2672
2630
2333
2073
2084
2294
2563
2700
2625
2457
2247
2060
2175
2495
2634
2656
2604
2309
2038
2119
2335
2494
2664
2659
2423
2172
2098
2212
2479
2686
2685
2513
2271
2126
2158
2344
2602
2696
2569
2307
2098
2093
2277
2510
2705
2702
2423
2149
2136
2227
2376
2610
2721
2533
2314
2151
2108
2294
2571
2709
2626
2360
2157
2149
2220
2419
2657
2681
2503
2257
2099
2132
2366
2604
2675
2586
2347
2137
2102
2253
2477
2659
2654
2471
2258
2086
2168
2459
2611
2641
2614
2364
2096
2103
2286
2550
2728
2637
2444
2214
2095
2224
2448
2664
2690
2450
2271
2148
2083
2308
2619
2704
2590
2335
2130
2098
2262
2519
2681
2644
2504
2258
2103
2197
2371
2558
2697
2579
2350
2169
2086
2282
2608
2710
2647
2437
2149
2049
2195
2407
2623
2688
2559
2304
2083
2071
2310
2579
2683
2613
2396
2101
2057
2256
2448
2584
2676
2478
2169
2076
2150
2337
2610
2729
2606
2335
2116
2099
2291
2536
2690
2634
2404
2209
2105
2120
2377
2660
2691
2495
2289
2151
2063
2264
2610
2711
2612
2411
2201
2159
2226
2400
2689
2728
2436
2200
2117
2136
2324
2595
2725
2581
2312
2137
2134
2251
2501
2692
2650
2416
2198
2083
2170
2408
2667
2725
2536
2280
2091
2098
2318
2585
2707
2603
2376
2181
2129
2210
2428
2696
2680
2405
2224
2151
2124
2311
2624
2696
2573
2388
2143
2052
2244
2497
2665
2656
2429
2208
2115
2150
2361
2652
2740
2493
2247
2132
2102
2278
2603
2703
2579
2416
2241
2071
2176
2448
2629
2684
2517
2184
2071
2163
2327
2584
2732
2587
2329
2134
2108
2281
2493
2648
2652
2474
2271
2113
2116
2344
2623
2707
2554
2301
2146
2135
2270
2518
2686
2597
2387
2203
2067
2163
2462
2672
2680
2517
2271
2086
2151
2390
2595
2706
2652
2388
2147
2115
2240
2484
2720
2700
2504
2253
2087
2176
2435
2623
2671
2562
2341
2143
2106
2297
2586
2658
2582
2441
2207
2034
2154
2424
2637
2667
2512
2259
2121
2142
2339
2619
2701
2564
2377
2165
2102
2241
2463
2658
2710
2508
2215
2111
2166
2344
2592
2684
2513
2315
2178
2083
2231
2503
2650
2616
2454
2218
2056
2176
2486
2630
2654
2574
2306
2087
2134
2355
2585
2689
2584
2376
2181
2075
2205
2482
2644
2631
2477
2241
2109
2173
2377
2614
2713
2588
2329
2127
2075
2270
2550
2690
2676
2445
2179
2102
2208
2393
2619
2715
2553
2259
2106
2153
2330
2543
2692
2644
2427
2193
2079
2178
2446
2661
2703
2512
2220
2073
2125
2317
2606
2721
2592
2357
2141
2092
2246
2504
2687
2658
2472
2250
2093
2114
2354
2625
2716
2575
2326
2139
2123
2295
2548
2706
2609
2382
2218
2093
2153
2449
2679
2661
2486
2229
2075
2184
2357
2551
2712
2611
2336
2128
2120
2276
2514
2670
2657
2447
2224
2141
2204
2386
2606
2693
2552
2323
2149
2125
2316
2582
2671
2603
2459
2192
2052
2255
2485
2635
2736
2564
2273
2108
2140
2344
2567
2660
2610
2358
2111
2117
2247
2434
2660
2694
2502
2225
2044
2157
2422
2615
2697
2588
2332
2119
2125
2274
2506
2675
2631
2418
2194
2118
2205
2378
2625
2738
2556
2253
2121
2132
2322
2599
2660
2589
2425
2163
2073
2239
2463
2638
2696
2494
2221
2104
2172
2370
2586
2659
2572
2356
2113
2059
2306
2566
2638
2648
2484
2187
2128
2236
2369
2602
2722
2516
2270
2140
2114
2285
2544
2679
2612
2416
2161
2054
2218
2494
2701
2708
2494
2211
2096
2176
2364
2614
2708
2503
2311
2200
2092
2229
2564
2701
2599
2403
2205
2107
2158
2406
2620
2671
2558
2269
2096
2134
2289
2529
2725
2646
2367
2153
2161
2289
2420
2616
2742
2547
2241
2086
2153
2389
2594
2678
2629
2372
2152
2112
2245
2512
2734
2642
2456
2225
2054
2165
2466
2642
2684
2575
2310
2097
2101
2307
2541
2632
2600
2415
2174
2098
2213
2469
2666
2630
2496
2267
2034
2078
2353
2569
2692
2622
2362
2134
2114
2296
2492
2582
2663
2535
2188
2061
2179
2384
2609
2648
2551
2328
2058
2065
2297
2560
2720
2637
2390
2197
2117
2202
2474
2667
2708
2545
2254
2108
2153
2307
2547
2661
2614
2367
2099
2085
2257
2490
2721
2701
2465
2236
2101
2147
2390
2627
2706
2535
2292
2107
2124
2286
2528
2687
2641
2409
2173
2096
2189
2409
2659
2700
2561
2270
2048
2082
2329
2586
2725
2597
2337
2163
2131
2212
2473
2728
2697
2421
2258
2171
2131
2355
2637
2692
2550
2310
2098
2119
2297
2496
2672
2670
2441
2202
2139
2208
2394
2638
2684
2485
2255
2093
2109
2332
2565
2683
2618
2381
2132
2094
2262
2443
2639
2702
2505
2229
2076
2154
2401
2649
2706
2554
2307
2077
2071
2259
2509
2669
2645
2469
2206
2052
2197
2459
2668
2724
2555
2232
2073
2150
2275
2516
2716
2599
2403
2216
2077
2198
2504
2638
2627
2523
2293
2097
2136
2350
2628
2715
2585
2376
2139
2051
2278
2585
2713
2659
2486
2230
2073
2151
2416
2656
2683
2515
2274
2106
2074
2240
2582
2738
2617
2408
2219
2102
2199
2424
2646
2706
2527
2252
2107
2167
2372
2586
2698
2582
2340
2162
2071
2221
2538
2690
2649
2483
2190
2062
2192
2381
2622
2722
2585
2303
2083
2114
2319
2528
2671
2677
2428
2129
2076
2207
2444
2650
2696
2549
2304
2112
2136
2344
2604
2759
2630
2320
2138
2117
2237
2472
2710
2724
2471
2230
2107
2126
2400
2654
2693
2564
2337
2114
2075
2295
2582
2686
2616
2454
2214
2093
2235
2455
2629
2659
2525
2294
2143
2133
2309
2573
2748
2580
2310
2175
2107
2188
2496
2720
2660
2510
2279
2053
2172
2422
2564
2690
2617
2294
2114
2155
2271
2487
2705
2680
2430
2163
2104
2230
2434
2614
2667
2528
2302
2095
2106
2337
2572
2689
2653
2409
2166
2083
2258
2509
2685
2697
2481
2208
2102
2172
2399
2625
2725
2616
2344
2090
2102
2299
2508
2676
2664
2433
2214
2096
2200
2450
2634
2679
2550
2282
2111
2109
2268
2567
2754
2597
2384
2184
2055
2204
2490
2671
2696
2531
2276
2122
2163
2325
2554
2714
2661
2381
2132
2066
2259
2524
2649
2623
2481
2231
2070
2147
2389
2625
2684
2527
2278
2108
2138
2280
2499
2684
2633
2369
2165
2114
2219
2405
2626
2699
2474
2248
2127
2079
2318
2660
2702
2543
2370
2132
2051
2257
2473
2625
2699
2487
2199
2112
2186
2394
2652
2692
2530
2325
2092
2051
2344
2594
2680
2655
2385
2141
2186
2229
2391
2680
2723
2461
2229
2129
2156
2306
2530
2712
2625
2306
2104
2092
2221
2512
2741
2659
2425
2262
2103
2140
2432
2654
2698
2549
2333
2155
2093
2198
2493
2685
2628
2414
2198
2098
2217
2448
2650
2693
2535
2267
2113
2132
2316
2606
2721
2569
2376
2191
2080
2156
2458
2703
2666
2434
2207
2097
2171
2345
2561
2723
2572
2282
2158
2160
2293
2527
2674
2602
2446
2198
2044
2207
2448
2606
2686
2572
2266
2092
2140
2352
2592
2655
2591
2410
2160
2081
2244
2497
2686
2672
2501
2264
2124
2131
2382
2641
2671
2551
2340
2119
2119
2297
2501
2668
2669
2439
2197
2093
2178
2396
2620
2653
2523
2291
2051
2069
2384
2581
2656
2659
2379
2129
2151
2211
2390
2647
2682
2508
2267
2116
2174
2386
2608
2753
2637
2328
2122
2147
2272
2471
2689
2673
2441
2214
2132
2196
2384
2591
2661
2545
2277
2095
2146
2310
2513
2710
2674
2416
2187
2102
2213
2479
2651
2686
2543
2268
2097
2112
2330
2589
2658
2583
2378
2147
2091
2233
2485
2687
2685
2470
2206
2073
2181
2377
2584
2701
2566
2312
2134
2089
2281
2548
2658
2574
2401
2201
2079
2182
2462
2674
2711
2509
2261
2161
2144
2300
2583
2680
2544
2345
2156
2061
2241
2506
2690
2663
2447
2225
2078
2111
2334
2572
2678
2556
2326
2139
2079
2270
2575
2689
2610
2416
2192
2126
2211
2406
2681
2687
2446
2274
2141
2074
2289
2563
2666
2624
2413
2130
2115
2272
2466
2690
2698
2440
2283
2155
2094
2341
2628
2666
2578
2347
2123
2148
2326
2446
2632
2722
2454
2121
2099
2245
2381
2624
2754
2505
2246
2121
2112
2345
2663
2747
2617
2392
2163
2099
2236
2448
2638
2668
2498
2278
2120
2158
2389
2638
2747
2584
2336
2158
2133
2278
2526
2727
2686
2441
2224
2101
2172
2406
2650
2712
2607
2287
2069
2176
2362
2484
2634
2624
2413
2178
2096
2197
2486
2720
2649
2414
2264
2110
2102
2365
2628
2717
2619
2313
2098
2142
2280
2475
2691
2633
2423
2258
2113
2141
2394
2632
2691
2545
2320
2146
2113
2294
2554
2693
2656
2464
2195
2077
2234
2496
2674
2677
2493
2247
2089
2142
2358
2566
2662
2636
2414
2135
2086
2244
2510
2714
2634
2429
2270
2062
2106
2408
2629
2680
2523
2254
2142
2176
2284
2528
2733
2651
2402
2191
2096
2194
2461
2678
2722
2567
2261
2099
2152
2301
2593
2741
2594
2361
2155
2106
2262
2498
2700
2648
2446
2248
2085
2146
2431
2626
2666
2590
2359
2073
2082
2322
2519
2697
2668
2404
2194
2106
2157
2409
2692
2699
2502
2252
2083
2121
2313
2544
2740
2658
2328
2140
2129
2233
2488
2693
2693
2487
2207
2084
2172
2392
2613
2682
2576
2356
2149
2118
2244
2472
2698
2665
2428
2188
2066
2153
2381
2594
2708
2594
2251
2077
2186
2326
2522
2718
2625
2316
2161
2139
2221
2461
2685
2716
2498
2183
2108
2206
2379
2558
2675
2594
2361
2144
2097
2284
2529
2686
2645
2427
2172
2070
2211
2429
2647
2722
2551
2285
2114
2097
2302
2557
2680
2620
2424
2157
2078
2234
2430
2619
2744
2511
2173
2123
2222
2328
2570
2736
2601
2315
2137
2125
2282
2524
2688
2676
2476
2206
2063
2152
2398
2609
2705
2565
2297
2093
2113
2333
2574
2670
2649
2430
2090
2037
2255
2431
2612
2694
2505
2236
2087
2118
2336
2598
2693
2621
2383
2105
2097
2258
2460
2638
2658
2455
2219
2065
2137
2412
2651
2669
2528
2321
2119
2123
2293
2483
2638
2633
2383
2114
2111
2245
2451
2650
2676
2490
2270
2099
2093
2305
2588
2704
2601
2321
2087
2090
2268
2449
2658
2674
2476
2234
2096
2190
2401
2599
2679
2521
2317
2187
2120
2275
2588
2726
2648
2438
2202
2072
2189
2420
2634
2687
2558
2280
2096
2164
2344
2540
2705
2621
2376
2140
2057
2245
2523
2642
2670
2519
2219
2064
2175
2416
2572
2660
2608
2343
2067
2044
2312
2535
2608
2626
2452
2131
2036
2209
2438
2622
2674
2537
2293
2120
2157
2340
2521
2644
2625
2390
2130
2110
2296
2479
2625
2693
2544
2257
2065
2145
2447
2649
2650
2567
2387
2117
2070
2292
2530
2634
2629
2454
2215
2101
2159
2382
2649
2673
2520
2272
2095
2137
2330
2504
2637
2638
2388
2106
2060
2243
2488
2630
2653
2505
2260
2085
2177
2395
2578
2659
2585
2390
2169
2082
2266
2527
2677
2622
2453
2254
2089
2132
2471
2657
2615
2500
2283
2115
2118
2255
2563
2766
2696
2449
2148
2062
2259
2465
2625
2715
2515
2190
2122
2182
2320
2574
2691
2584
2348
2118
2108
2243
2470
2710
2668
2403
2244
2133
2130
2381
2642
2674
2536
2343
2147
2078
2257
2542
2692
2606
2401
2191
2058
2152
2485
2683
2651
2516
2285
2104
2142
2321
2576
2722
2626
2342
2184
2123
2209
2509
2704
2658
2478
2226
2081
2169
2397
2575
2686
2605
2339
2107
2114
2321
2555
2726
2706
2406
2153
2129
2182
2377
2649
2701
2517
2272
2113
2086
2308
2628
2735
2602
2367
2080
2001
2256
2500
2631
2689
2511
2211
2094
2201
2360
2590
2715
2552
2357
2160
2054
2292
2553
2612
2638
2495
2140
2055
2215
2405
2628
2680
2495
2283
2110
2118
2349
2579
2670
2629
2432
2210
2086
2171
2430
2676
2691
2485
2221
2131
2185
2371
2590
2712
2595
2326
2130
2080
2251
2578
2743
2675
2479
2221
2057
2175
2427
2636
2685
2571
2331
2124
2106
2330
2562
2680
2654
2440
2135
2065
2242
2473
2652
2718
2520
2209
2059
2155
2352
2557
2722
2674
2320
2065
2139
2302
2451
2674
2685
2462
2209
2057
2131
2429
2657
2695
2576
2323
2101
2130
2345
2583
2691
2625
2404
2136
2073
2212
2449
2683
2732
2525
2253
2095
2159
2373
2527
2634
2636
2350
2074
2075
2249
2497
2684
2702
2469
2173
2082
2195
2402
2618
2703
2575
2322
2098
2105
2345
2560
2662
2628
2411
2192
2116
2180
2410
2656
2693
2513
2291
2126
2130
2322
2547
2681
2622
2382
2131
2074
2250
2435
2646
2710
2507
2276
2126
2151
2418
2650
2695
2543
2297
2138
2111
2243
2534
2677
2601
2445
2201
2037
2229
2478
2583
2709
2611
2242
2086
2148
2303
2561
2734
2603
2386
2136
1986
2208
2529
2619
2614
2487
2228
2099
2232
2406
2602
2708
2544
2313
2181
2122
2267
2525
2662
2655
2458
2166
2104
2224
2411
2645
2732
2541
2246
2081
2112
2289
2532
2640
2571
2406
2198
2070
2210
2453
2643
2679
2501
2247
2105
2131
2335
2578
2694
2573
2320
2111
2063
2247
2576
2694
2578
2419
2237
2076
2189
2443
2586
2655
2551
2258
2080
2126
2339
2588
2690
2638
2431
2136
2075
2245
2501
2657
2647
2526
2296
2082
2125
2323
2550
2704
2646
2369
2131
2094
2273
2536
2643
2589
2495
2263
2041
2166
2480
2644
2699
2542
2277
2131
2088
2279
2605
2688
2581
2422
2168
2079
2261
2445
2669
2767
2490
2196
2141
2144
2304
2587
2695
2542
2325
2191
2162
2253
2495
2693
2674
2472
2216
2114
2232
2371
2588
2729
2535
2304
2155
2092
2294
2554
2669
2622
2412
2162
2107
2250
2448
2621
2676
2560
2313
2096
2114
2350
2630
2688
2569
2395
2135
2034
2256
2507
2654
2680
2464
2185
2141
2203
2302
2559
2767
2566
2281
2157
2121
2279
2550
2659
2645
2478
2183
2048
2205
2447
2633
2696
2583
2284
2094
2179
2367
2569
2720
2626
2362
2141
2074
2219
2520
2667
2629
2461
2263
2122
2133
2371
2634
2662
2560
2349
2109
2091
2330
2521
2668
2703
2433
2156
2156
2225
2371
2647
2752
2537
2233
2085
2116
2275
2585
2754
2632
2387
2178
2077
2188
2455
2684
2687
2481
2275
2167
2090
2294
2645
2701
2541
2378
2142
2070
2275
2533
2670
2641
2437
2219
2134
2167
2376
2675
2707
2499
2297
2123
2096
2297
2565
2683
2625
2418
2125
2043
2229
2463
2666
2700
2482
2276
2121
2098
2396
2668
2642
2571
2402
2120
2079
2274
2487
2682
2672
2481
2234
2071
2145
2411
2658
2741
2572
2279
2131
2133
2246
2545
2734
2601
2406
2214
2084
2163
2431
2666
2700
2525
2228
2067
2171
2361
2537
2716
2628
2347
2157
2116
2223
2490
2665
2648
2496
2210
2051
2226
2433
2574
2706
2597
2302
2144
2147
2288
2509
2677
2635
2477
2223
2083
2223
2432
2597
2701
2537
2245
2124
2121
2319
2626
2698
2588
2417
2129
2050
2271
2453
2621
2695
2487
2193
2152
2221
2362
2582
2696
2555
2322
2121
2051
2235
2569
2642
2566
2434
2209
2043
2182
2475
2663
2656
2506
2294
2117
2092
2297
2560
2674
2591
2402
2168
2102
2263
2460
2637
2696
2446
2195
2105
2155
2370
2603
2704
2595
2321
2104
2113
2280
2512
2685
2625
2398
2200
2095
2180
2465
2635
2669
2579
2269
2079
2140
2358
2583
2663
2585
2373
2164
2102
2246
2449
2630
2656
2451
2204
2097
2131
2379
2624
2673
2576
2323
2078
2141
2317
2480
2663
2668
2408
2187
2108
2208
2428
2630
2667
2525
2265
2071
2116
2318
2498
2678
2674
2432
2127
2054
2220
2458
2646
2683
2485
2228
2122
2125
2288
2604
2675
2542
2362
2144
2063
2253
2513
2688
2666
2465
2204
2130
2197
2375
2641
2732
2545
2253
2090
2119
2276
2538
2720
2677
2417
2144
2068
2218
2447
2621
2631
2517
2303
2095
2124
2356
2606
2686
2577
2387
2186
2102
2198
2510
2710
2571
2425
2282
2062
2109
2394
2645
2724
2523
2257
2110
2109
2312
2587
2684
2616
2448
2169
2061
2236
2463
2641
2677
2507
2268
2120
2117
2312
2571
2673
2579
2351
2152
2101
2222
2444
2640
2620
2462
2265
2111
2138
2373
2626
2686
2551
2328
2106
2076
2292
2544
2673
2649
2404
2179
2079
2196
2486
2681
2667
2560
2299
2053
2116
2387
2547
2647
2596
2356
2111
2101
2282
2489
2632
2685
2515
2205
2065
2173
2374
2573
2703
2604
2293
2086
2114
2288
2509
2668
2643
2442
2179
2057
2197
2421
2595
2721
2563
2242
2124
2156
2301
2562
2713
2605
2358
2142
2088
2253
2499
2687
2711
2500
2189
2079
2177
2308
2550
2750
2583
2273
2173
2146
2230
2560
2734
2625
2474
2221
2036
2207
2448
2609
2690
2569
2295
2107
2080
2311
2577
2650
2618
2455
2140
2075
2269
2444
2630
2719
2519
2244
2102
2130
2349
2642
2650
2533
2381
2145
2082
2286
2502
2663
2682
2437
2180
2143
2169
2335
2635
2698
2521
2338
2113
2069
2316
2555
2666
2636
2403
2162
2100
2210
2406
2663
2688
2452
2247
2166
2177
2342
2586
2689
2614
2393
2135
2106
2243
2460
2679
2679
2447
2219
2128
2198
2380
2632
2688
2547
2306
2078
2100
2352
2545
2656
2629
2405
2203
2118
2166
2435
2668
2661
2533
2286
2014
2103
2404
2555
2653
2629
2377
2143
2089
2215
2463
2738
2706
2433
2206
2100
2154
2403
2637
2720
2593
2332
2096
2074
2263
2547
2656
2622
2462
2213
2066
2177
2421
2690
2718
2490
2196
2077
2158
2341
2507
2668
2640
2375
2138
2118
2253
2452
2654
2705
2477
2189
2031
2151
2407
2615
2690
2571
2329
2120
2076
2249
2483
2689
2671
2383
2146
2105
2182
2401
2623
2700
2569
2267
2105
2162
2312
2537
2680
2611
2389
2188
2103
2229
2494
2686
2650
2441
2242
2147
2162
2333
2580
2738
2605
2317
2185
2119
2200
2543
2742
2628
2480
2289
2078
2150
2475
2645
2654
2568
2292
2072
2167
2366
2538
2668
2615
2370
2151
2126
2271
2473
2630
2703
2537
2218
2090
2185
2353
2616
2774
2631
2336
2143
2114
2264
2495
2660
2636
2430
2213
2095
2158
2406
2572
2674
2643
2326
2108
2165
2265
2506
2745
2633
2353
2155
2091
2253
2450
2610
2747
2569
2204
2081
2159
2333
2577
2676
2550
2332
2153
2106
2255
2531
2701
2699
2493
2198
2054
2172
2410
2620
2702
2564
2294
2109
2057
2275
2602
2691
2594
2440
2203
2080
2217
2456
2651
2695
2472
2226
2149
2178
2311
2530
2711
2643
2315
2121
2100
2203
2511
2728
2646
2492
2247
2038
2145
2433
2572
2625
2601
2344
2077
2054
2233
2511
2648
2594
2476
2246
2023
2181
2468
2641
2716
2547
2240
2129
2148
2278
2583
2728
2572
2393
2207
2069
2179
2495
2672
2615
2468
2275
2062
2080
2362
2635
2699
2578
2342
2106
2065
2256
2501
2650
2658
2458
2175
2099
2202
2353
2607
2741
2497
2242
2199
2176
2244
2527
2723
2633
2387
2141
2081
2265
2475
2621
2651
2478
2243
2102
2124
2368
2629
2682
2557
2333
2120
2085
2229
2531
2681
2587
2445
2215
2010
2176
2494
2625
2632
2542
2325
2159
2089
2264
2571
2689
2612
2430
2168
2065
2222
2483
2654
2663
2474
2260
2100
2117
2354
2587
2691
2639
2373
2105
2106
2262
2474
2693
2671
2457
2216
2100
2209
2444
2576
2669
2629
2343
2075
2142
2346
2538
2693
2659
2412
2183
2083
2199
2492
2674
2658
2512
2228
2065
2129
2350
2592
2705
2608
2345
2109
2101
2246
2464
2656
2639
2454
2227
2067
2155
2403
2639
2701
2523
2294
2130
2115
2328
2528
2691
2747
2449
2121
2097
2188
2385
2675
2721
2484
2262
2149
2114
2276
2600
2718
2568
2366
2151
2075
2257
2482
2681
2702
2468
2179
2086
2166
2349
2592
2713
2572
2263
2063
2149
2302
2501
2704
2672
2381
2154
2091
2217
2417
2596
2642
2533
2304
2110
2116
2327
2536
2672
2645
2383
2120
2112
2209
2453
2690
2638
2434
2253
2075
2125
2388
2602
2662
2612
2372
2087
2059
2295
2529
2654
2660
2454
2131
2033
2183
2413
2631
2720
2536
2243
2084
2130
2359
2591
2664
2637
2410
2128
2093
2260
2466
2647
2651
2462
2220
2124
2188
2382
2585
2687
2581
2321
2140
2131
2285
2536
2687
2668
2472
2205
2065
2184
2432
2605
2646
2540
2303
2075
2093
2367
2551
2641
2642
2419
2141
2077
2214
2476
2660
2650
2476
2242
2080
2136
2357
2577
2671
2589
2348
2148
2106
2282
2554
2716
2642
2436
2214
2105
2142
2348
2602
2691
2522
2285
2145
2099
2293
2610
2668
2594
2416
2154
2112
2273
2430
2614
2706
2497
2233
2084
2082
2341
2610
2683
2608
2364
2119
2087
2242
2476
2660
2698
2490
2202
2121
2213
2382
2609
2696
2578
2342
2100
2134
2347
2529
2677
2628
2380
2167
2080
2156
2475
2697
2641
2519
2303
2100
2132
2335
2594
2722
2593
2364
2154
2065
2265
2522
2638
2620
2481
2233
2135
2203
2301
2548
2768
2601
2335
2178
2124
2244
2524
2698
2633
2407
2182
2109
2236
2442
2626
2689
2553
2247
2095
2175
2325
2532
2743
2613
2323
2201
2132
2180
2493
2708
2644
2482
2261
2054
2152
2434
2586
2650
2618
2353
2103
2100
2254
2527
2739
2638
2422
2250
2115
2192
2399
2598
2737
2558
2241
2154
2189
2321
2612
2725
2582
2381
2167
2066
2246
2492
2635
2657
2537
2232
2055
2213
2407
2572
2690
2572
2346
2153
2109
2276
2495
2657
2677
2478
2170
2040
2194
2429
2605
2725
2595
2255
2076
2143
2314
2500
2670
2654
2428
2179
2116
2234
2446
2651
2668
2484
2280
2105
2114
2394
2643
2647
2594
2412
2151
2091
2278
2492
2631
2627
2441
2200
2096
2154
2410
2646
2697
2557
2324
2117
2142
2274
2450
2689
2649
2365
2193
2102
2178
2465
2686
2631
2424
2269
2149
2106
2327
2618
2674
2580
2364
2104
2096
2319
2487
2626
2653
2438
2196
2073
2152
2374
2600
2684
2571
2342
2138
2092
2298
2584
2675
2579
2408
2185
2045
2176
2454
2642
2667
2518
2287
2117
2147
2315
2575
2715
2607
2334
2113
2066
2255
2521
2676
2642
2456
2215
2101
2214
2382
2562
2703
2575
2317
2152
2114
2262
2571
2676
2635
2509
2207
2039
2230
2433
2604
2723
2537
2263
2159
2127
2325
2637
