2396
2431
2393
2345
2334
2332
2345
2250
2241
2324
2278
2222
2267
2273
2254
2198
2191
2226
2165
2105
2156
2182
2124
2076
2095
2137
2121
2070
2060
2051
2021
2029
2048
2042
2025
2004
2026
2031
2016
1986
1993
1966
1938
1955
2007
1986
1912
1953
1984
1937
1967
1925
1903
1956
1956
1927
1946
1947
1991
2000
1960
1960
2005
1960
1951
1966
1966
2000
2046
2016
2008
2049
2045
2028
2096
2094
2054
2072
2113
2092
2098
2111
2174
2181
2131
2212
2265
2146
2217
2295
2225
2233
2319
2273
2255
2326
2313
2286
2351
2326
2345
2429
2397
2345
2411
2482
2489
2460
2470
2500
2523
2526
2536
2564
2622
2630
2602
2602
2615
2653
2646
2667
2693
2652
2624
2710
2729
2705
2749
2751
2741
2759
2750
2760
2800
2823
2754
2812
2881
2795
2812
2870
2781
2807
2859
2805
2850
2879
2798
2801
2865
2832
2786
2815
2837
2823
2842
2846
2799
2846
2864
2778
2767
2849
2823
2768
2784
2759
2742
2761
2752
2738
2704
2692
2695
2713
2682
2675
2716
2666
2607
2645
2662
2651
2628
2620
2611
2572
2545
2541
2499
2521
2547
2465
2466
2506
2451
2430
2428
2394
2432
2463
2356
2342
2412
2375
2322
2297
2295
2306
2270
2239
2249
2211
2218
2257
2170
2087
2173
2165
2075
2124
2177
2079
2038
2125
2130
2020
2046
2100
2043
2015
2042
2012
2004
1963
1972
2015
1950
1886
1985
1995
1971
1974
1954
1960
1986
1932
1943
1989
1965
1906
1989
2005
1901
1940
1967
1912
1956
1940
1953
1977
1940
1985
1997
1940
2006
2065
2020
1976
2030
2036
2015
2048
2081
2071
2058
2073
2104
2080
2095
2120
2151
2168
2182
2147
2222
2244
2159
2197
2282
2195
2209
2326
2295
2302
2358
2335
2363
2382
2377
2413
2370
2391
2468
2429
2431
2474
2465
2481
2505
2545
2599
2539
2560
2672
2599
2541
2661
2691
2605
2637
2687
2681
2720
2692
2647
2717
2712
2674
2742
2782
2790
2781
2745
2800
2827
2782
2791
2853
2851
2817
2846
2819
2802
2861
2851
2798
2799
2864
2887
2831
2816
2859
2815
2783
2812
2812
2825
2845
2798
2792
2828
2757
2716
2794
2774
2745
2767
2760
2764
2779
2729
2734
2750
2735
2739
2703
2670
2637
2613
2641
2627
2606
2643
2590
2531
2583
2563
2493
2560
2590
2539
2532
2460
2403
2495
2472
2341
2419
2423
2310
2423
2437
2274
2307
2372
2268
2244
2318
2280
2196
2245
2261
2194
2180
2208
2188
2155
2146
2132
2136
2141
2084
2081
2117
2132
2077
2047
2024
2057
2062
2008
2023
2023
1993
2004
1998
1993
1968
1996
1980
1919
1962
2068
1999
1912
1934
1953
1962
1971
1955
1981
1972
1935
1931
1962
1942
1958
1956
2000
2027
1936
1938
2032
1984
1980
2014
2011
2016
1996
1985
2042
2020
1992
2086
2098
2034
2108
2164
2088
2078
2161
2151
2188
2218
2149
2150
2217
2224
2265
2291
2242
2250
2328
2312
2303
2354
2358
2344
2364
2372
2404
2415
2376
2417
2478
2452
2459
2518
2520
2484
2529
2564
2513
2534
2630
2640
2595
2610
2669
2680
2659
2733
2742
2700
2694
2704
2752
2736
2718
2773
2803
2774
2760
2776
2781
2784
2819
2832
2792
2810
2837
2797
2845
2879
2804
2836
2862
2801
2852
2875
2801
2816
2856
2851
2809
2802
2822
2815
2790
2815
2844
2791
2767
2853
2803
2702
2735
2789
2778
2768
2781
2744
2676
2731
2784
2711
2646
2702
2737
2671
2606
2629
2661
2584
2532
2569
2589
2559
2532
2521
2519
2479
2460
2490
2470
2416
2374
2383
2438
2417
2384
2426
2402
2302
2305
2359
2316
2269
2306
2246
2208
2274
2244
2184
2206
2178
2148
2181
2176
2130
2088
2085
2108
2052
2024
2055
2060
2027
2083
2062
1996
2015
2014
1984
2001
2009
2006
1969
1945
1971
2012
1928
1907
1982
1946
1866
1951
1975
1943
1939
1971
1928
1932
1986
1991
1908
1889
1979
2014
1951
1984
1992
1986
2013
2013
2013
2038
1975
2028
2097
2057
2041
2054
2054
2121
2097
2089
2113
2111
2132
2140
2121
2133
2138
2176
2179
2167
2261
2297
2217
2238
2283
2292
2302
2311
2321
2344
2369
2388
2394
2411
2426
2417
2425
2438
2475
2502
2486
2522
2542
2544
2540
2579
2600
2585
2624
2696
2664
2633
2662
2672
2653
2672
2699
2696
2739
2767
2728
2733
2777
2769
2764
2783
2760
2749
2791
2812
2797
2787
2807
2835
2839
2801
2831
2849
2836
2831
2825
2796
2807
2854
2847
2853
2870
2816
2796
2832
2781
2757
2876
2855
2774
2802
2816
2793
2794
2818
2801
2751
2754
2749
2733
2681
2662
2702
2707
2651
2710
2721
2632
2640
2607
2583
2630
2575
2503
2592
2601
2492
2528
2546
2471
2444
2468
2486
2489
2465
2403
2404
2392
2358
2329
2359
2403
2376
2281
2304
2354
2296
2226
2261
2297
2264
2197
2215
2218
2185
2165
2195
2189
2090
2072
2109
2093
2064
2011
2064
2101
2000
1990
2037
1997
2006
2005
1968
1975
2005
1999
1984
1947
2010
1998
1902
1923
2022
1903
1855
1977
1982
1915
1944
1923
1912
1944
1951
1926
1981
2007
1923
1908
2025
2004
1962
1999
2056
2025
2008
2008
2017
2029
2058
2066
2075
2081
2044
2033
2088
2101
2119
2155
2173
2192
2179
2112
2179
2242
2199
2204
2264
2251
2254
2282
2327
2336
2294
2304
2379
2392
2383
2446
2455
2434
2454
2446
2444
2473
2496
2524
2534
2524
2593
2557
2540
2644
2648
2587
2595
2605
2653
2653
2639
2705
2704
2675
2743
2741
2686
2761
2811
2762
2730
2756
2770
2743
2761
2818
2785
2774
2841
2832
2798
2837
2808
2784
2862
2861
2781
2817
2867
2826
2808
2851
2819
2791
2819
2818
2795
2800
2800
2798
2792
2800
2782
2793
2783
2768
2817
2807
2761
2740
2744
2765
2734
2702
2687
2650
2652
2678
2648
2665
2657
2565
2603
2622
2566
2564
2572
2531
2564
2570
2489
2467
2467
2483
2471
2426
2454
2456
2392
2354
2368
2361
2338
2320
2283
2303
2330
2271
2256
2320
2288
2195
2195
2232
2213
2171
2150
2159
2186
2103
2066
2131
2121
2068
2089
2106
2065
2023
2017
2033
2061
2023
1983
1998
1988
1930
1966
2019
2005
1965
1936
1926
1980
1959
1908
1965
2016
1931
1936
1983
1947
1939
1975
1942
1924
1971
1945
1930
2020
2019
1944
1958
2004
2008
1964
1946
2019
2042
2035
2015
2031
2090
2100
2041
2046
2077
2083
2068
2117
2163
2144
2137
2217
2154
2119
2206
2178
2183
2306
2290
2234
2274
2302
2297
2343
2367
2361
2352
2372
2401
2425
2430
2443
2452
2482
2498
2480
2456
2494
2557
2543
2547
2617
2617
2572
2629
2630
2569
2626
2691
2636
2648
2747
2745
2725
2749
2700
2708
2783
2763
2782
2828
2744
2730
2811
2749
2724
2808
2800
2798
2830
2803
2778
2818
2836
2822
2837
2831
2823
2796
2770
2829
2854
2798
2791
2847
2812
2793
2813
2766
2801
2851
2815
2781
2751
2738
2775
2802
2744
2730
2743
2722
2718
2755
2710
2662
2680
2670
2635
2663
2629
2594
2618
2607
2573
2579
2581
2568
2532
2521
2557
2558
2498
2470
2510
2468
2380
2403
2421
2385
2372
2357
2353
2367
2327
2286
2304
2273
2254
2250
2238
2237
2233
2227
2177
2167
2193
2148
2134
2129
2108
2076
2120
2115
2077
2084
2073
2036
1987
2004
2060
2010
1990
2016
2045
1997
1975
1972
1981
1984
1949
1940
2007
1973
1938
1980
1973
1906
1944
1966
1929
1937
1953
1951
2003
1942
1905
2010
2041
1961
1976
2008
1990
1968
1970
2020
2038
2019
2003
1999
2054
2065
2043
2061
2108
2090
2125
2112
2108
2161
2139
2102
2197
2224
2175
2169
2222
2246
2250
2253
2236
2245
2296
2314
2310
2288
2350
2424
2377
2332
2423
2416
2374
2464
2486
2461
2505
2493
2520
2534
2478
2548
2602
2548
2587
2598
2560
2619
2639
2592
2644
2714
2698
2700
2729
2747
2742
2726
2726
2751
2767
2776
2768
2789
2792
2739
2765
2851
2842
2770
2783
2846
2835
2844
2863
2854
2845
2841
2827
2855
2815
2809
2847
2823
2777
2862
2860
2762
2822
2881
2798
2751
2740
2733
2782
2776
2733
2802
2803
2729
2753
2756
2684
2719
2740
2649
2671
2706
2640
2650
2641
2584
2626
2643
2588
2596
2555
2508
2567
2530
2473
2503
2495
2503
2487
2448
2453
2464
2429
2367
2384
2366
2347
2350
2301
2264
2310
2298
2237
2216
2221
2242
2239
2180
2181
2225
2193
2160
2180
2157
2101
2077
2108
2115
2060
2079
2106
2059
2028
2020
2018
2045
2042
1971
1983
2016
1961
1958
2007
1959
1923
1945
1947
1956
1978
1893
1909
1991
1968
1928
1967
1914
1911
1994
1958
1918
1969
1991
1971
1952
1940
1956
2002
1981
1997
2008
1999
2026
2032
2020
2031
2046
2071
2078
2077
2085
2121
2103
2136
2178
2126
2118
2178
2159
2171
2231
2259
2210
2168
2220
2297
2266
2289
2379
2315
2266
2352
2371
2414
2466
2378
2368
2467
2477
2436
2479
2473
2475
2539
2497
2502
2583
2579
2571
2614
2598
2596
2667
2685
2672
2661
2670
2719
2731
2710
2750
2773
2742
2742
2762
2736
2733
2748
2773
2760
2780
2805
2816
2826
2811
2769
2811
2824
2780
2819
2852
2785
2821
2882
2826
2827
2891
2818
2803
2834
2766
2806
2861
2789
2836
2889
2777
2714
2813
2830
2768
2759
2764
2738
2768
2738
2686
2726
2741
2684
2672
2662
2650
2680
2654
2614
2592
2592
2605
2628
2594
2520
2539
2558
2503
2528
2528
2469
2460
2447
2393
2475
2458
2329
2386
2451
2357
2348
2340
2291
2325
2310
2229
2278
2286
2178
2215
2288
2188
2157
2245
2251
2182
2129
2127
2166
2152
2093
2054
2103
2122
2053
2013
2023
1999
2049
2068
2002
1991
2026
1961
1929
1963
1947
1913
1965
1952
1939
1976
1953
1963
2011
1932
1899
1957
1998
1977
1961
1924
1922
1937
1922
1953
2000
1988
1977
1959
1976
1969
1984
2019
2016
1989
2058
2081
2074
2095
2043
2028
2117
2108
2100
2145
2111
2100
2184
2149
2128
2168
2183
2236
2266
2246
2258
2239
2266
2324
2314
2313
2334
2331
2340
2351
2415
2466
2396
2390
2449
2463
2448
2441
2521
2562
2498
2524
2583
2599
2592
2563
2556
2628
2661
2586
2606
2713
2693
2625
2717
2734
2648
2696
2747
2723
2724
2732
2764
2822
2780
2737
2773
2810
2847
2838
2816
2804
2804
2844
2851
2788
2803
2859
2787
2761
2880
2875
2809
2826
2797
2791
2813
2801
2804
2787
2764
2807
2795
2795
2851
2801
2740
2778
2756
2748
2796
2757
2673
2716
2731
2652
2662
2744
2708
2614
2639
2728
2653
2562
2607
2622
2577
2584
2563
2548
2584
2488
2441
2572
2540
2433
2501
2474
2386
2428
2456
2388
2383
2404
2371
2358
2313
2247
2279
2325
2301
2260
2275
2214
2170
2228
2191
2115
2207
2232
2123
2097
2125
2111
2131
2066
2028
2088
2084
2016
2048
2019
1979
2028
2047
1987
1984
2008
2002
1943
1927
1960
2004
1958
1926
1936
1933
1945
1961
1918
1915
1965
1965
1947
2012
1950
1908
1999
2024
1983
2007
1984
1938
1974
1979
1953
1997
1996
1987
2028
2032
2027
2028
2030
2103
2089
2004
2062
2137
2069
2073
2107
2103
2127
2192
2211
2185
2191
2279
2256
2215
2275
2288
2282
2329
2300
2279
2348
2379
2368
2363
2369
2427
2460
2455
2473
2460
2445
2471
2530
2547
2534
2587
2577
2532
2615
2653
2568
2594
2695
2671
2640
2679
2711
2679
2632
2701
2782
2744
2751
2782
2752
2750
2764
2736
2771
2790
2765
2787
2815
2772
2799
2839
2811
2825
2868
2844
2832
2843
2852
2846
2826
2823
2847
2876
2835
2813
2864
2820
2780
2849
2841
2780
2809
2824
2809
2820
2761
2726
2761
2781
2745
2712
2746
2746
2707
2700
2695
2706
2711
2655
2618
2648
2635
2611
2614
2559
2562
2591
2540
2546
2583
2495
2471
2515
2486
2480
2476
2426
2443
2424
2402
2408
2365
2313
2353
2358
2267
2251
2289
2287
2268
2285
2257
2216
2206
2196
2192
2133
2091
2189
2181
2076
2114
2157
2064
2048
2056
2063
2089
2036
2030
2092
2014
1970
2011
2006
1970
2003
1985
1928
1946
1980
1968
1964
1959
1958
1907
1900
1937
1970
1904
1895
1988
1979
1913
1942
1944
1916
1904
1934
1995
2044
1954
1937
2017
2014
1982
2009
2014
2004
2037
2052
2070
2109
2044
2059
2131
2073
2076
2137
2149
2146
2162
2204
2225
2184
2130
2238
2302
2219
2216
2305
2333
2317
2290
2339
2396
2341
2307
2404
2465
2395
2366
2429
2464
2450
2464
2505
2514
2486
2544
2580
2521
2551
2599
2564
2591
2661
2654
2635
2674
2640
2657
2730
2701
2678
2730
2722
2730
2768
2760
2790
2830
2730
2689
2787
2789
2779
2797
2780
2813
2801
2789
2843
2847
2785
2798
2864
2802
2759
2857
2886
2841
2862
2868
2769
2804
2863
2802
2788
2819
2799
2814
2779
2753
2794
2794
2769
2777
2754
2780
2778
2692
2706
2756
2685
2662
2700
2664
2627
2663
2662
2627
2600
2604
2576
2585
2595
2580
2579
2549
2495
2519
2515
2436
2406
2474
2478
2411
2362
2391
2424
2387
2373
2358
2302
2301
2321
2308
2273
2240
2255
2228
2199
2202
2152
2159
2194
2128
2094
2110
2154
2125
2055
2095
2122
2032
2029
2116
2061
1985
2047
1987
1936
2046
2015
1945
2016
1962
1928
1983
1980
1937
1975
1946
1928
1968
1934
1890
1942
1966
1926
1945
1971
1936
1946
1960
1969
1948
1951
1963
1978
1952
1940
1969
1994
1976
1998
2016
1994
1989
2048
2050
2045
2082
2125
2131
2096
2071
2149
2153
2110
2137
2190
2186
2185
2211
2222
2220
2253
2246
2248
2287
2288
2289
2371
2332
2299
2389
2411
2319
2336
2433
2411
2409
2472
2486
2463
2471
2520
2530
2512
2591
2621
2516
2557
2654
2613
2582
2645
2674
2653
2704
2739
2701
2712
2693
2680
2735
2742
2733
2785
2763
2725
2787
2779
2757
2841
2831
2739
2804
2869
2855
2855
2824
2809
2841
2832
2844
2851
2839
2838
2820
2806
2881
2865
2759
2810
2885
2770
2733
2826
2785
2723
2791
2814
2752
2727
2743
2727
2733
2768
2749
2724
2691
2674
2709
2674
2612
2659
2674
2612
2650
2628
2563
2641
2596
2466
2547
2610
2543
2525
2518
2519
2503
2440
2428
2452
2410
2429
2390
2359
2420
2412
2318
2320
2372
2312
2209
2262
2317
2265
2199
2214
2233
2219
2176
2182
2186
2179
2150
2118
2105
2147
2086
2049
2116
2085
1981
2022
2084
2054
2021
2023
1980
1979
1979
1965
1987
2008
1952
1942
2019
2009
1908
1937
1986
1949
1904
1943
1984
1956
1927
1944
1901
1925
1948
1933
1958
1965
1912
1984
2037
1949
1955
2030
1960
1951
2012
2017
1999
2079
2076
2033
2074
2083
2073
2137
2092
2105
2185
2131
2094
2206
2189
2150
2190
2247
2256
2218
2242
2287
2276
2297
2332
2323
2325
2340
2307
2373
2464
2420
2386
2469
2480
2430
2440
2509
2536
2507
2510
2550
2564
2556
2582
2599
2599
2612
2627
2611
2636
2695
2712
2669
2686
2736
2736
2751
2769
2711
2741
2791
2755
2792
2868
2774
2747
2852
2789
2692
2815
2871
2797
2848
2861
2805
2833
2866
2842
2862
2848
2771
2809
2869
2849
2807
2822
2844
2856
2842
2781
2791
2870
2767
2713
2819
2785
2687
2756
2769
2698
2707
2734
2733
2744
2656
2652
2708
2622
2606
2685
2645
2593
2640
2629
2591
2556
2539
2538
2496
2509
2570
2525
2493
2493
2460
2446
2448
2389
2353
2401
2383
2354
2359
2316
2261
2273
2279
2267
2287
2237
2207
2256
2217
2141
2233
2236
2136
2161
2163
2122
2119
2083
2062
2084
2093
2078
2109
2090
2026
2045
2065
2046
2035
2001
2017
2038
1984
1928
1996
2041
1985
1970
2016
1962
1880
1927
1972
1936
1957
1946
1930
1937
1918
1904
1963
1972
1961
1979
1993
1993
1989
1976
2007
2007
2027
2052
2004
1976
2018
2029
2048
2062
2020
2059
2140
2086
2081
2167
2153
2090
2154
2207
2194
2197
2203
2151
2162
2231
2271
2290
2292
2301
2308
2284
2318
2371
2398
2384
2407
2431
2427
2441
2451
2448
2453
2489
2546
2531
2503
2534
2528
2552
2586
2561
2581
2648
2636
2595
2620
2659
2706
2701
2688
2741
2716
2711
2761
2727
2706
2766
2784
2731
2732
2771
2776
2809
2817
2808
2798
2741
2738
2852
2841
2772
2831
2881
2835
2779
2796
2878
2844
2805
2859
2835
2812
2844
2779
2824
2869
2793
2778
2812
2802
2787
2812
2772
2722
2808
2793
2688
2695
2741
2704
2695
2730
2692
2679
2678
2653
2625
2616
2635
2627
2597
2608
2612
2539
2510
2573
2548
2509
2490
2421
2461
2498
2431
2398
2398
2387
2369
2364
2406
2386
2309
2285
2307
2291
2245
2252
2279
2224
2157
2168
2221
2199
2115
2151
2186
2152
2124
2126
2117
2098
2106
2071
2038
2031
2016
2063
2034
1976
2024
2068
1981
1972
2003
1964
1986
2058
2004
1954
1975
1990
1925
1904
1927
1912
1890
1903
1909
1966
1984
1911
1924
1991
1926
1913
2003
1987
1925
1963
1982
1998
1996
1990
2008
2021
1989
1992
2002
2078
2085
2029
2050
2149
2121
2092
2154
2169
2123
2123
2102
2147
2207
2158
2188
2222
2157
2250
2331
2237
2279
2382
2271
2294
2373
2345
2401
2430
2377
2397
2433
2449
2462
2471
2461
2485
2521
2534
2571
2535
2523
2598
2557
2564
2680
2627
2570
2680
2699
2659
2672
2663
2697
2697
2686
2788
2787
2734
2776
2809
2775
2784
2800
2781
2779
2810
2843
2828
2793
2842
2828
2774
2850
2866
2807
2819
2804
2808
2843
2796
2811
2857
2801
2769
2845
2864
2821
2816
2834
2816
2781
2776
2788
2817
2778
2734
2794
2799
2723
2724
2742
2746
2723
2665
2661
2691
2677
2669
2652
2598
2605
2640
2577
2605
2637
2535
2533
2587
2521
2496
2540
2515
2462
2444
2483
2461
2388
2418
2424
2360
2380
2373
2288
2307
2326
2289
2328
2345
2256
2221
2213
2211
2216
2189
2164
2201
2172
2141
2175
2132
2047
2072
2075
2045
2052
2063
2025
1998
2011
2048
2045
2015
1996
2011
1998
1988
1952
1980
2000
1960
1968
2025
1957
1954
1994
1976
1916
1893
1923
1999
1984
1948
1926
1907
1914
1889
1924
2042
1980
1887
1979
2021
1918
1958
2029
1970
1981
2051
2034
2039
2088
2091
2073
2077
2077
2133
2120
2075
2090
2168
2166
2124
2146
2198
2157
2139
2218
2294
2237
2231
2292
2308
2292
2362
2368
2317
2376
2408
2394
2478
2494
2436
2457
2515
2486
2467
2504
2525
2544
2530
2546
2600
2577
2553
2603
2659
2659
2635
2641
2676
2667
2702
2733
2708
2731
2744
2745
2752
2714
2730
2790
2804
2764
2786
2818
2794
2800
2822
2791
2764
2813
2832
2807
2801
2850
2859
2852
2832
2824
2840
2806
2823
2872
2808
2808
2859
2829
2806
2827
2818
2861
2853
2798
2789
2778
2787
2750
2688
2762
2814
2727
2705
2748
2707
2635
2669
2725
2674
2637
2637
2634
2619
2589
2595
2602
2563
2547
2551
2557
2508
2457
2486
2480
2446
2445
2391
2374
2422
2403
2380
2390
2372
2322
2290
2276
2287
2264
2236
2287
2311
2196
2167
2181
2185
2216
2181
2107
2166
2119
2044
2115
2119
2048
2078
2116
2059
2010
2061
2026
1969
1978
1999
1986
1985
2017
2036
1999
1969
1957
1985
1923
1905
1979
2007
1932
1921
1948
1919
1931
1985
1954
1948
1975
1952
1906
1959
1968
1924
1950
1991
1982
1994
1958
1955
1983
1988
2011
2029
1988
2036
2052
2004
2059
2113
2088
2125
2100
2101
2159
2126
2102
2220
2220
2142
2216
2236
2181
2248
2265
2225
2262
2313
2303
2328
2355
2373
2404
2355
2356
2428
2430
2450
2490
2430
2458
2553
2491
2476
2570
2530
2529
2626
2576
2559
2627
2624
2658
2720
2665
2664
2700
2654
2672
2744
2712
2720
2749
2742
2802
2785
2782
2830
2795
2773
2801
2789
2832
2821
2732
2825
2880
2779
2822
2861
2829
2842
2848
2816
2806
2804
2821
2869
2854
2819
2810
2790
2796
2817
2789
2779
2798
2767
2791
2847
2801
2727
2736
2780
2743
2719
2750
2747
2737
2703
2703
2697
2662
2641
2641
2627
2606
2638
2660
2602
2579
2579
2553
2528
2555
2514
2444
2481
2502
2451
2446
2438
2394
2381
2419
2359
2281
2373
2390
2260
2286
2380
2303
2253
2286
2286
2224
2166
2208
2285
2216
2157
2149
2106
2097
2158
2116
2049
2051
2055
2057
2080
2062
2073
2048
2028
2048
2012
2001
2030
2002
1963
2006
2074
1977
1887
1949
1988
1951
1959
1949
1975
1983
1926
1945
1980
1922
1932
1970
1978
1948
1943
1960
1983
1928
1937
1998
1995
1971
1997
2000
2022
2005
2015
2029
2065
2057
2049
2031
2032
2078
2139
2119
2090
2138
2221
2147
2122
2205
2180
2161
2258
2222
2179
2291
2330
2219
2234
2334
2334
2303
2372
2385
2355
2349
2405
2463
2423
2371
2458
2536
2490
2481
2555
2571
2566
2568
2553
2567
2587
2596
2664
2653
2612
2664
2683
2635
2656
2687
2691
2734
2720
2696
2784
2835
2769
2775
2809
2808
2781
2777
2826
2828
2792
2835
2864
2811
2746
2792
2822
2802
2790
2828
2830
2798
2805
2814
2792
2799
2818
2831
2848
2843
2824
2822
2826
2842
2761
2747
2813
2794
2769
2793
2824
2780
2701
2744
2781
2686
2671
2726
2679
2623
2661
2689
2636
2625
2616
2600
2607
2601
2543
2535
2552
2556
2518
2478
2518
2470
2430
2453
2424
2395
2435
2381
2394
2446
2361
2288
2356
2375
2298
2230
2252
2260
2214
2216
2248
2193
2159
2204
2242
2174
2153
2184
2178
2089
2051
2098
2101
2051
2059
2045
2005
2035
2024
1974
2019
2025
2001
2005
1990
1957
1978
1949
1954
1975
1926
1927
1951
1917
1938
1927
1903
1967
1975
1880
1936
1967
1921
1943
1978
1965
1952
1966
1977
1973
2027
2034
1971
1987
2064
2010
1970
2038
2050
1971
2017
2122
2130
2090
2088
2095
2093
2105
2141
2135
2147
2160
2128
2183
2258
2258
2246
2241
2271
2296
2261
2269
2326
2339
2334
2398
2424
2409
2422
2445
2478
2497
2487
2465
2484
2537
2559
2531
2530
2566
2602
2558
2520
2613
2700
2630
2542
2636
2710
2662
2653
2739
2770
2741
2720
2694
2689
2726
2775
2794
2815
2798
2788
2807
2836
2811
2748
2848
2864
2745
2825
2895
2801
2806
2851
2822
2821
2837
2833
2849
2825
2812
2835
2813
2842
2877
2779
2770
2860
2820
2732
2783
2812
2757
2726
2777
2783
2721
2729
2746
2715
2740
2704
2638
2704
2699
2616
2651
2659
2608
2638
2634
2560
2584
2562
2497
2556
2544
2455
2476
2517
2489
2420
2390
2447
2462
2347
2357
2424
2335
2295
2382
2352
2286
2325
2282
2238
2303
2290
2189
2214
2273
2201
2114
2167
2215
2139
2097
2146
2121
2070
2017
2052
2106
2074
2052
2044
1996
2058
2027
1966
2046
2081
1946
1978
2024
1923
1923
1997
1998
2020
1945
1889
1936
1993
1952
1925
1940
1979
1972
1979
1951
1968
1970
1951
1966
1978
1978
1985
1949
1982
2012
1997
1978
2016
2026
2034
2046
2066
2075
2046
2072
2095
2049
2082
2105
2098
2124
2120
2071
2130
2209
2191
2172
2242
2235
2191
2229
2265
2250
2257
2294
2357
2341
2331
2353
2386
2402
2399
2410
2401
2416
2513
2503
2433
2520
2610
2541
2477
2571
2655
2607
2580
2608
2606
2629
2611
2629
2710
2663
2649
2785
2771
2665
2712
2753
2691
2719
2804
2761
2729
2785
2811
2787
2808
2826
2798
2798
2823
2844
2851
2864
2838
2793
2828
2852
2798
2813
2863
2828
2795
2847
2853
2809
2803
2788
2770
2849
2850
2750
2819
2878
2779
2743
2794
2730
2691
2805
2769
2649
2752
2760
2642
2637
2699
2680
2605
2632
2667
2626
2612
2606
2584
2578
2569
2540
2524
2512
2516
2528
2479
2459
2476
2467
2460
2399
2390
2400
2377
2366
2366
2338
2314
2325
2335
2326
2272
2182
2208
2246
2224
2174
2230
2206
2134
2151
2163
2097
2106
2104
2103
2110
2105
2026
2037
2078
2070
2052
2048
1996
1945
1983
2040
1989
1970
2005
2023
1954
1952
2017
1979
1900
1939
1974
1963
1920
1947
1983
1969
1926
1946
1964
1923
1961
1996
1940
1963
1953
1946
1979
1989
1948
2020
2041
1999
2001
1992
1988
2078
2078
2043
2057
2088
2082
2099
2114
2156
2182
2119
2080
2155
2186
2197
2206
2212
2232
2216
2227
2240
2233
2311
2317
2295
2372
2380
2289
2368
2457
2396
2391
2470
2460
2418
2449
2512
2507
2491
2505
2572
2604
2575
2563
2615
2641
2659
2642
2616
2647
2682
2663
2676
2713
2707
2715
2706
2726
2792
2752
2698
2756
2753
2732
2737
2739
2753
2792
2778
2784
2859
2848
2810
2837
2819
2775
2838
2854
2759
2796
2859
2816
2794
2824
2829
2802
2801
2845
2842
2804
2837
2852
2778
2783
2800
2753
2763
2750
2741
2767
2711
2688
2750
2731
2656
2684
2689
2653
2662
2672
2635
2669
2648
2588
2613
2576
2545
2601
2569
2501
2512
2498
2450
2476
2465
2420
2442
2444
2367
2344
2374
2377
2366
2323
2267
2319
2358
2258
2202
2288
2285
2185
2217
2195
2170
2179
2143
2155
2197
2133
2114
2159
2136
2062
2081
2087
2063
2030
2023
2038
2032
2012
2034
2018
1981
1980
2025
1968
1963
1972
1943
1958
1968
1945
1985
1919
1909
1953
1954
1987
2037
1967
1917
1996
2013
1948
1949
1932
1923
1940
1980
1958
1949
1972
1967
2031
2066
1982
2001
2068
2041
2011
2090
2093
2063
2110
2120
2090
2132
2106
2107
2191
2195
2146
2199
2226
2191
2212
2255
2243
2248
2286
2334
2348
2342
2289
2356
2423
2367
2386
2454
2445
2432
2463
2493
2468
2511
2550
2508
2513
2570
2542
2573
2630
2587
2635
2656
2564
2616
2664
2637
2662
2697
2706
2682
2645
2736
2780
2715
2742
2795
2774
2783
2820
2734
2743
2846
2812
2792
2850
2845
2837
2817
2783
2831
2870
2807
2813
2885
2827
2801
2863
2845
2840
2846
2791
2793
2827
2816
2789
2790
2815
2806
2738
2774
2807
2749
2739
2726
2706
2733
2720
2693
2685
2692
2709
2687
2667
2649
2654
2655
2633
2613
2616
2620
2572
2569
2574
2548
2513
2495
2493
2470
2466
2468
2414
2419
2430
2414
2368
2351
2387
2367
2331
2371
2340
2247
2286
2295
2229
2259
2255
2172
2213
2232
2182
2187
2162
2136
2151
2092
2079
2169
2096
2049
2127
2089
2001
2059
2077
1995
1971
2018
2027
1991
1988
2022
1976
1950
1978
1986
1957
1947
1976
1984
1905
1943
1979
1886
1883
1994
1976
1923
1969
1999
1962
1949
1927
1933
1971
1978
1939
1956
1999
1976
1956
2025
2014
2007
2068
2008
1992
2099
2077
2005
2089
2149
2085
2102
2157
2152
2175
2201
2129
2160
2263
2259
2226
2272
2295
2282
2269
2276
2295
2281
2328
2384
2342
2369
2462
2454
2414
2429
2451
2453
2463
2477
2524
2542
2514
2529
2594
2611
2555
2564
2614
2642
2659
2671
2660
2611
2645
2717
2727
2694
2726
2769
2752
2721
2714
2797
2804
2728
2814
2819
2749
2808
2839
2807
2799
2816
2853
2880
2842
2781
2811
2852
2836
2837
2824
2800
2841
2866
2811
2801
2838
2821
2822
2848
2821
2795
2837
2850
2805
2771
2791
2771
2735
2723
2764
2749
2665
2705
2754
2701
2691
2686
2661
2681
2670
2616
2645
2666
2600
2577
2618
2614
2567
2546
2539
2524
2447
2424
2529
2501
2383
2415
2459
2428
2378
2378
2380
2340
2299
2341
2355
2238
2223
2345
2283
2177
2216
2262
2222
2142
2177
2236
2164
2121
2154
2117
2079
2100
2039
2038
2053
2012
2019
2106
2070
2015
1980
2001
1979
1961
1960
1985
1975
1951
1977
1994
1941
1933
1939
1956
1929
1910
1937
1937
1911
1966
1930
1844
1926
1989
1953
1983
1963
1928
1966
2002
1948
1964
2009
1983
1976
2055
2033
1948
2012
2082
2030
2077
2084
2046
2051
2111
2123
2145
2154
2157
2190
2170
2152
2195
2155
2187
2256
2215
2179
2254
2318
2306
2338
2342
2309
2393
2399
2313
2416
2469
2379
2411
2474
2423
2456
2498
2450
2512
2559
2485
2518
2587
2589
2596
2631
2644
2619
2639
2674
2641
2668
2722
2765
2775
2732
2741
2782
2708
2713
2812
2800
2766
2820
2852
2830
2788
2817
2858
2810
2770
2804
2820
2804
2841
2857
2801
2784
2827
2841
2817
2833
2857
2818
2793
2790
2799
2848
2788
2788
2879
2859
2781
2788
2755
2724
2807
2770
2640
2710
2809
2717
2706
2750
2720
2671
2604
2587
2659
2668
2609
2605
2597
2579
2579
2585
2584
2533
2510
2548
2556
2494
2453
2504
2462
2353
2425
2472
2392
2367
2417
2388
2330
2334
2368
2325
2272
2294
2296
2249
2257
2238
2234
2231
2153
2126
2189
2179
2125
2099
2089
2164
2169
2083
2106
2094
2032
2045
2053
1987
2025
2030
1986
2032
2050
1937
1945
2050
1996
1936
1982
1963
1986
1956
1888
1959
1997
1905
1934
1975
1935
1950
1978
1975
1976
1930
1945
2012
1948
1887
2029
2029
1935
1993
2034
1990
2004
2002
2026
2039
2016
2046
2103
2070
2066
2066
2078
2113
2123
2128
2179
2151
2147
2182
2170
2168
2228
2244
2224
2253
2288
2252
2266
2307
2344
2366
2376
2362
2391
2391
2380
2422
2435
2434
2467
2460
2473
2515
2516
2504
2554
2565
2504
2553
2633
2572
2563
2666
2664
2643
2683
2692
2716
2710
2646
2698
2788
2719
2727
2817
2771
2746
2805
2793
2747
2756
2817
2822
2782
2782
2799
2799
2809
2834
2862
2874
2833
2788
2785
2873
2869
2789
2811
2843
2803
2834
2870
2836
2778
2797
2811
2789
2817
2802
2774
2837
2797
2744
2800
2794
2705
2699
2716
2700
2725
2749
2664
2671
2737
2678
2643
2666
2583
2559
2639
2594
2505
2565
2561
2529
2527
2471
2427
2455
2489
2445
2428
2453
2442
2370
2341
2397
2362
2297
2321
2327
2289
2289
2301
2229
2224
2254
2211
2172
2164
2149
2187
2146
2087
2165
2156
2039
2072
2124
2066
2034
2085
2086
2043
2002
2018
2000
2004
1985
1977
2001
2023
1994
1978
1951
1972
1989
1946
1901
1921
1949
1942
1942
2013
1956
1906
1965
1962
1911
1943
1951
1977
1994
1987
1922
1951
2017
2003
1995
2029
2011
2002
2008
2051
2065
2050
2045
2052
2067
2072
2053
2103
2136
2164
2171
2109
2130
2232
2166
2113
2215
2255
2190
2221
2282
2287
2256
2296
2335
2332
2311
2359
2401
2393
2386
2407
2455
2450
2413
2470
2512
2484
2507
2549
2519
2535
2572
2533
2582
2684
2581
2516
2659
2657
2592
2676
2738
2689
2719
2754
2720
2746
2759
2694
2716
2752
2715
2830
2841
2725
2793
2826
2747
2765
2812
2805
2839
2819
2765
2828
2871
2783
2826
2915
2813
2790
2876
2824
2823
2893
2810
2772
2886
2831
2761
2794
2761
2787
2834
2768
2730
2766
2771
2756
2748
2744
2726
2715
2696
2718
2719
2667
2672
2698
2653
2637
2638
2593
2581
2622
2588
2536
2583
2573
2515
2524
2531
2524
2461
2401
2455
2454
2382
2409
2411
2348
2324
2368
2338
2279
2308
2333
2253
2251
2308
2262
2205
2219
2214
2185
2173
2149
2122
2141
2117
2095
2086
2106
2124
2083
2081
2105
1986
1974
2064
1991
1914
1986
2002
1974
1988
2015
1947
1989
1979
1883
1914
1979
1910
1932
1975
1939
1951
1977
1904
1944
1962
1882
1952
1992
1926
1965
1986
1958
1941
1999
1984
1969
1998
2011
1998
1975
1988
2075
2070
2014
2004
2063
2067
2058
2105
2128
2095
2139
2139
2083
2101
2158
2170
2190
2214
2241
2227
2233
2272
2288
2266
2286
2326
2304
2297
2380
2371
2366
2448
2430
2391
2443
2478
2454
2456
2498
2495
2509
2517
2541
2582
2591
2628
2648
2589
2580
2647
2662
2650
2685
2687
2675
2683
2662
2713
2789
2730
2723
2814
2808
2711
2739
2812
2774
2797
2844
2791
2775
2781
2805
2852
2836
2822
2862
2845
2778
2824
2845
2786
2784
2837
2856
2854
2882
2856
2839
2824
2797
2843
2780
2730
2853
2830
2706
2792
2784
2710
2797
2750
2659
2785
2744
2626
2737
2722
2617
2647
2640
2618
2669
2649
2565
2611
2645
2594
2548
2517
2512
2512
2494
2486
2494
2485
2451
2431
2390
2374
2401
2396
2360
2327
2302
2302
2298
2287
2320
2287
2262
2276
2254
2203
2212
2191
2165
2163
2161
2158
2142
2129
2116
2101
2121
2094
2069
2026
2058
2102
2036
1980
2046
2031
1960
2004
2067
2006
1964
2013
2017
1981
1963
1940
1954
1944
1942
1959
1930
1938
1989
1941
1927
1968
1987
1967
1905
1884
1968
1975
1945
1963
1986
1985
1995
1953
2021
2079
2005
1996
2064
1978
1957
2057
2069
2046
2118
2085
2054
2113
2135
2139
2172
2140
2128
2169
2217
2199
2186
2244
2260
2222
2238
2279
2324
2320
2285
2338
2400
2340
2332
2382
2400
2424
2475
2456
2450
2486
2501
2491
2467
2516
2554
2541
2571
2597
2623
2596
2603
2642
2656
2664
2660
2656
2674
2717
2715
2736
2793
2752
2731
2751
2727
2739
2762
2789
2793
2770
2817
2853
2787
2798
2845
2816
2827
2838
2820
2883
2866
2825
2842
2801
2805
2851
2841
2836
2840
2828
2821
2856
2836
2809
2810
2814
2811
2775
2778
2856
2765
2715
2806
2805
2734
2750
2721
2656
2679
2703
2645
2657
2662
2645
2691
2634
2594
2618
2543
2547
2607
2529
2495
2572
2531
2483
2483
2431
2422
2472
2447
2402
2439
2403
2339
2389
2376
2286
2321
2335
2277
2237
2256
2286
2247
2218
2253
2212
2191
2193
2163
2164
2200
2153
2137
2139
2080
2064
2111
2088
2103
2078
2029
2040
2057
2013
2003
2004
1992
1970
1999
2001
1968
1975
2000
1973
1942
1965
1968
1899
1970
2005
1944
1935
1978
1945
1889
1948
1977
1908
1954
1982
1945
1949
1976
1943
1964
1991
2001
2012
2010
2024
2050
2066
2090
2050
2052
2101
2076
2040
2094
2099
2091
2092
2116
2185
2219
2151
2185
2219
2178
2223
2263
2264
2294
2306
2283
2287
2346
2362
2343
2366
2394
2380
2403
2439
2417
2427
2431
2486
2532
2497
2481
2525
2563
2553
2550
2607
2643
2615
2606
2633
2636
2652
2694
2666
2635
2734
2732
2653
2726
2787
2693
2714
2795
2756
2759
2814
2771
2760
2805
2770
2790
2846
2790
2821
2862
2812
2823
2850
2812
2848
2858
2785
2799
2856
2842
2842
2819
2830
2851
2825
2806
2809
2767
2771
2782
2738
2738
2792
2747
2706
2731
2762
2760
2717
2682
2716
2674
2632
2678
2668
2609
2654
2638
2592
2633
2622
2582
2590
2581
2551
2511
2542
2560
2470
2453
2535
2474
2372
2453
2471
2357
2405
2455
2331
2323
2354
2306
2336
2273
2221
2304
2297
2254
2227
2216
2179
2176
2190
2189
2159
2158
2143
2097
2103
2089
2057
2088
2077
2079
2060
2008
1998
1997
2001
2021
2004
1981
1964
2020
1991
1920
1940
1964
1911
1925
1933
1904
1938
1978
1930
1944
1944
1920
1923
1959
1939
1983
2005
1976
1949
2004
1993
1936
1945
1969
1949
1980
1976
2005
2020
2014
1998
2058
2096
2063
2016
2072
2114
2112
2111
2133
2119
2152
2198
2121
2139
2264
2215
2177
2251
2231
2198
2245
2276
2316
2334
2318
2358
2402
2353
2388
2432
2364
2398
2507
2451
2388
2497
2528
2471
2491
2550
2587
2581
2527
2585
2668
2604
2572
2673
2648
2604
2718
2772
2692
2701
2724
2697
2749
2738
2690
2804
2845
2717
2717
2818
2801
2781
2798
2825
2843
2800
2790
2830
2770
2767
2879
2866
2760
2824
2877
2816
2801
2894
2858
2810
2893
2861
2771
2833
2855
2808
2795
2767
2744
2806
2783
2759
2785
2782
2749
2707
2674
2717
2715
2695
2693
2692
2666
2670
2627
2611
2633
2631
2580
2554
2594
2586
2551
2536
2528
2530
2517
2510
2500
2463
2442
2440
2444
2442
2384
2385
2389
2339
2383
2364
2270
2304
2331
2255
2251
2235
2231
2251
2204
2167
2232
2183
2113
2185
2194
2070
2120
2161
2077
2084
2147
2114
2058
2028
2037
2028
1997
2004
2029
1967
2000
2016
1966
1967
1985
1937
1927
1932
1941
1959
1968
1934
1956
1922
1897
1977
2002
1925
1925
1983
1952
1916
1972
1955
1930
1925
1942
2016
2053
2000
1985
2007
2026
2029
2007
2002
2046
2031
2007
2037
2068
2082
2122
2151
2147
2138
2170
2150
2174
2214
2176
2171
2265
2257
2183
2258
2257
2199
2322
2352
2305
2360
2387
2375
2414
2408
2392
2446
2431
2389
2451
2494
2498
2534
2555
2526
2537
2569
2571
2621
2645
2632
2623
2598
2630
2690
2680
2667
2685
2674
2705
2759
2714
2703
2765
2753
2737
2739
2741
2835
2856
2762
2767
2812
2794
2809
2829
2819
2812
2797
2804
2873
2832
2786
2860
2879
2820
2825
2895
2903
2804
2761
2812
2824
2755
2774
2825
2798
2755
2776
2788
2802
2762
2745
2761
2767
2740
2698
2697
2739
2733
2688
2667
2680
2666
2616
2624
2659
2600
2616
2627
2529
2529
2583
2553
2562
2550
2480
2505
2530
2431
2401
2458
2410
2406
2405
2343
2352
2339
2307
2356
2346
2278
2266
2298
2275
2266
2225
2192
2223
2207
2209
2213
2116
2119
2166
2116
2067
2115
2112
2086
2086
2081
2053
2037
2039
2053
2011
2010
2025
1981
1956
2033
1986
1947
1960
1947
1936
1953
1938
1948
1944
1925
1926
1962
1959
1944
1922
1941
1954
1954
1939
1951
1932
1934
1972
1985
1961
1993
1998
1967
1963
2007
2015
2007
2022
2038
2046
2077
2090
2087
2048
2046
2118
2145
2126
2177
2178
2140
2168
2237
2221
2209
2211
2239
2285
2261
2221
2303
2379
2350
2309
2364
2409
2381
2356
2420
2459
2429
2421
2446
2493
2510
2475
2512
2554
2545
2574
2580
2581
2592
2622
2633
2648
2660
2635
2662
2686
2652
2638
2709
2709
2659
2690
2732
2734
2767
2791
2815
2815
2736
2737
2819
2806
2805
2852
2827
2810
2865
2852
2799
2798
2812
2840
2844
2787
2827
2829
2776
2835
2882
2783
2769
2847
2766
2751
2864
2863
2799
2797
2791
2755
2728
2705
2736
2768
2734
2753
2737
2683
2714
2722
2657
2659
2658
2632
2660
2614
2557
2594
2609
2559
2559
2590
2538
2487
2562
2561
2444
2502
2520
2375
2436
2483
2350
2368
2404
2381
2387
2324
2294
2315
2264
2277
2306
2228
2220
2262
2222
2190
2215
2190
2192
2184
2135
2134
2152
2136
2081
2082
2098
2030
2068
2083
2022
2009
2011
2017
2048
1993
1995
2029
1959
1928
2001
1967
1938
1922
1933
1937
1920
1932
1941
1905
1915
1940
1945
1952
1962
1930
1994
1969
1929
1959
1969
1963
1976
1957
1959
1972
1980
1986
2014
1983
1988
2031
2046
2027
2063
2067
2061
2061
2097
2145
2122
2104
2158
2165
2155
2149
2201
2259
2231
2208
2297
2311
2264
2306
2338
2309
2353
2372
2341
2370
2409
2358
2373
2457
2470
2452
2480
2512
2494
2515
2561
2514
2525
2561
2523
2567
2625
2600
2611
2714
2701
2632
2667
2716
2689
2680
2708
2707
2697
2754
2796
2748
2712
2769
2792
2746
2814
2815
2755
2840
2863
2820
2802
2800
2871
2849
2805
2830
2814
2808
2858
2824
2778
2854
2892
2847
2830
2823
2767
2824
2863
2779
2779
2828
2798
2738
2745
2779
2784
2768
2759
2779
2754
2689
2688
2735
2712
2670
2689
2717
2646
2604
2654
2631
2614
2604
2550
2576
2604
2554
2550
2535
2491
2551
2516
2424
2450
2493
2399
2361
2455
2466
2377
2347
2378
2349
2292
2338
2331
2244
2292
2304
2210
2194
2222
2177
2210
2194
2104
2159
2221
2121
2144
2156
2080
2115
2126
2043
2053
2051
2028
2035
2035
1991
2001
2000
1962
1978
2004
1981
1977
1968
1945
1984
2010
1926
1919
1974
1925
1885
1964
1988
1926
1878
1935
1961
1949
1936
1934
1941
1984
1980
1961
1944
1912
1918
2032
2048
2005
2018
2014
2005
2019
2053
2102
2065
2045
2099
2106
2070
2116
2160
2142
2148
2195
2162
2151
2219
2198
2196
2285
2230
2207
2290
2286
2282
2378
2348
2353
2399
2383
2384
2415
2448
2475
2444
2438
2451
2463
2503
2538
2532
2528
2552
2594
2623
2581
2584
2675
2655
2572
2673
2721
2689
2683
2684
2717
2708
2685
2769
2788
2707
2735
2800
2763
2738
2824
2817
2747
2791
2828
2827
2858
2831
2797
2861
2844
2809
2841
2819
2785
2811
2779
2827
2881
2835
2800
2834
2828
2797
2809
2847
2859
2800
2750
2802
2811
2776
2760
2718
2741
2776
2691
2693
2767
2717
2623
2673
2724
2660
2670
2697
2559
2573
2668
2570
2536
2616
2571
2499
2550
2544
2459
2482
2548
2459
2404
2432
2433
2442
2438
2395
2377
2397
2398
2339
2289
2296
2303
2257
2243
2267
2285
2233
2190
2165
2155
2185
2205
2114
2115
2198
2167
2097
2126
2093
2048
2085
2089
2023
2025
2026
2046
2037
1966
1975
2067
2040
1968
1994
2016
1937
1941
1986
1974
1976
1963
1938
1966
1919
1886
1975
2031
1914
1882
1962
2001
1950
1934
1986
1965
1920
1979
1995
1982
1985
1980
1987
2035
2070
2037
1971
2048
2046
2013
2088
2098
2038
2080
2118
2135
2125
2157
2191
2151
2118
2208
2230
2229
2254
2261
2263
2313
2297
2278
2343
2379
2329
2352
2375
2369
2389
2402
2430
2493
2523
2515
2475
2471
2504
2539
2536
2512
2548
2598
2588
2602
2629
2599
2627
2659
2644
2663
2675
2662
2655
2694
2734
2717
2713
2784
2747
2678
2779
2815
2721
2766
2803
2767
2764
2781
2801
2814
2774
2807
2864
2800
2781
2837
2813
2795
2853
2823
2804
2836
2802
2790
2867
2821
2766
2845
2856
2800
2815
2799
2784
2804
2780
2788
2815
2723
2693
2798
2790
2693
2675
2700
2706
2699
2665
2666
2721
2690
2599
2612
2614
2601
2586
2545
2558
2551
2515
2516
2522
2504
2462
2472
2485
2448
2411
2402
2380
2368
2380
2375
2343
2317
2293
2290
2296
2293
2260
2240
2233
2257
2198
2158
2224
2210
2083
2122
2168
2097
2086
2138
2130
2067
2036
2058
2075
2074
2007
2022
2037
1980
1994
2034
1983
1955
1954
1972
1989
1993
1960
1944
1937
1912
1911
1921
1914
1957
1944
1920
1917
1933
1946
1952
1922
1922
1977
1960
1959
1981
1963
2001
1994
1971
2027
2019
1977
2073
2050
2020
2101
2064
2035
2124
2100
2062
2131
2158
2152
2175
2181
2158
2155
2177
2212
2228
2191
2222
2295
2282
2271
2315
2293
2304
2340
2340
2371
2419
2395
2391
2416
2451
2477
2495
2484
2494
2498
2482
2538
2581
2513
2563
2651
2589
2549
2628
2662
2600
2642
2726
2690
2684
2749
2688
2705
2802
2770
2719
2768
2735
2737
2791
2783
2800
2803
2819
2839
2794
2786
2793
2834
2784
2719
2814
2879
2788
2798
2866
2824
2798
2870
2875
2826
2823
2826
2788
2829
2820
2835
2859
2787
2751
2806
2831
2755
2743
2789
2739
2716
2736
2688
2684
2721
2685
2671
2692
2687
2673
2627
2614
2648
2645
2625
2610
2598
2576
2557
2509
2497
2524
2474
2464
2492
2452
2462
2478
2387
2395
2444
2391
2343
2343
2342
2354
2313
2299
2306
2241
2251
2244
2195
2238
2199
2127
2182
2177
2120
2154
2148
2101
2104
2116
2105
2092
2053
2056
2109
2063
1979
2019
2043
2013
1981
1969
1983
2010
1948
1961
2001
1932
1923
2015
1960
1918
1978
1984
1923
1935
1972
1982
1984
2005
1996
1992
1982
1954
1949
2012
1996
1928
1973
2015
1953
1986
2039
2035
2002
2017
2042
2053
2042
2062
2069
2075
2091
2092
2072
2114
2183
2161
2128
2186
2164
2163
2225
2236
2232
2254
2263
2318
2279
2244
2344
2373
2330
2403
2418
2374
2389
2442
2447
2465
2440
2433
2516
2550
2460
2493
2582
2602
2560
2555
2575
2590
2619
2647
2648
2655
2695
2679
2668
2716
2685
2659
2734
2743
2688
2765
2787
2718
2765
2782
2758
2777
2774
2776
2761
2767
2840
2839
2806
2849
2834
2806
2844
2844
2843
2826
2816
2838
2843
2812
2821
2842
2845
2817
2799
2836
2846
2783
2817
2877
2819
2717
2772
2818
2757
2740
2777
2737
2704
2745
2745
2680
2664
2703
2699
2638
2624
2649
2614
2559
2611
2660
2596
2564
2562
2534
2484
2507
2508
2509
2481
2442
2468
2498
2430
2374
2426
2427
2362
2347
2343
2325
2340
2353
2250
2235
2291
2235
2209
2241
2170
2146
2151
2106
2145
2186
2113
2097
2101
2091
2109
2130
2062
2019
2015
2029
2058
2058
1981
1993
2009
2007
1989
1946
1966
2000
1965
1962
1979
1962
1946
1947
1898
1948
2008
1959
1935
1956
1915
1971
1970
1913
1937
1969
1915
1946
1974
1919
1959
2044
1978
1977
2028
2025
2016
2034
2038
2055
2047
2020
2066
2155
2119
2069
2098
2154
2141
2141
2171
2178
2208
2208
2156
2183
2219
2221
2237
2284
2307
2286
2279
2320
2359
2380
2386
2392
2404
2418
2405
2387
2462
2506
2402
2456
2575
2496
2447
2576
2587
2541
2599
2616
2621
2675
2626
2611
2709
2697
2631
2689
2708
2695
2766
2757
2732
2775
2765
2735
2782
2778
2744
2824
2854
2784
2782
2821
2821
2845
2835
2780
2824
2861
2842
2837
2843
2802
2796
2825
2817
2833
2868
2850
2807
2833
2865
2806
2792
2817
2777
2773
2799
2791
2756
2763
2793
2737
2704
2740
2776
2708
2693
2758
2682
2627
2704
2689
2654
2645
2613
2665
2630
2555
2618
2624
2511
2552
2551
2452
2498
2548
2463
2454
2441
2388
2447
2445
2352
2396
2407
2313
2342
2356
2259
2280
2312
2230
2223
2282
2242
2219
2216
2173
2171
2197
2182
2147
2103
2096
2108
2094
2046
2048
2065
2038
2042
2073
2019
2034
2020
1960
2003
2028
1998
1989
1941
1970
2000
1947
1916
1952
1983
1969
1961
1959
1997
1976
1890
1929
1971
1901
1909
1992
1921
1940
2021
1937
1904
1994
1982
2008
2004
1965
2003
2029
2019
2017
2014
2065
2112
2067
2081
2123
2086
2133
2149
2125
2110
2118
2154
2195
2222
2204
2148
2180
2213
2248
2255
2268
2275
2290
2303
2295
2318
2366
2382
2416
2434
2413
2393
2425
2471
2497
2473
2493
2550
2522
2506
2579
2571
2548
2574
2575
2582
2629
2660
2631
2656
2703
2690
2701
2727
2692
2698
2739
2712
2742
2789
2776
2794
2797
2750
2777
2824
2765
2784
2848
2796
2764
2786
2822
2834
2807
2828
2872
2828
2753
2806
2860
2838
2846
2835
2787
2800
2811
2793
2827
2832
2767
2776
2821
2793
2767
2788
2759
2766
2749
2739
2789
2794
2722
2684
2716
2687
2648
2718
2680
2586
2613
2659
2650
2597
2577
2632
2600
2539
2549
2557
2500
2445
2489
2510
2455
2437
2436
2437
2427
2379
2362
2415
2374
2297
2340
2341
2248
2255
2297
2257
2233
2239
2233
2205
2197
2203
2157
2112
2168
2145
2079
2114
2119
2064
2058
2057
2058
2033
2029
2063
2013
1950
2024
2009
1924
1972
1981
1957
2016
1970
1895
1947
1944
1897
1943
1963
1950
1925
1934
1920
1955
1977
1935
1899
1959
1936
1905
1962
1979
1924
2010
2060
2003
1981
1989
1990
1997
1984
2016
2054
2051
2041
2055
2084
2088
2062
2088
2100
2110
2166
2193
2147
2137
2158
2221
2213
2203
2270
2281
2246
2295
2302
2260
2297
2351
2364
2367
2371
2410
2397
2360
2462
2496
2379
2406
2516
2470
2463
2552
2551
2559
2609
2553
2574
2663
2576
2561
2726
2677
2612
2714
2730
2632
2671
2705
2668
2731
2764
2674
2750
2835
2800
2790
2809
2785
2803
2790
2782
2844
2854
2794
2790
2824
2829
2842
2844
2854
2847
2824
2835
2813
2801
2858
2823
2754
2850
2853
2804
2847
2836
2802
2834
2819
2792
2810
2787
2747
2785
2790
2734
2700
2712
2737
2745
2707
2689
2711
2685
2630
2624
2642
2642
2603
2608
2642
2602
2542
2565
2599
2536
2465
2466
2518
2488
2419
2472
2448
2368
2418
2402
2329
2384
2400
2280
2320
2345
2213
2241
2320
2234
2197
2224
2212
2183
2178
2183
2163
2167
2139
2053
2135
2171
2054
2058
2131
2085
2014
1974
2059
2071
1995
1989
2064
2030
1999
1984
1973
1961
1922
1926
1989
1970
1945
1957
1980
1943
1950
1970
1987
1932
1921
1952
1927
1930
1977
1945
1947
1937
1951
2017
2015
1942
1971
1988
1967
2007
2011
1977
2038
2074
2065
2051
2082
2028
2030
2130
2130
2120
2160
2099
2122
2222
2154
2100
2204
2226
2222
2264
2247
2256
2322
2281
2276
2350
2346
2325
2389
2393
2368
2393
2455
2404
2389
2463
2469
2487
2549
2523
2494
2499
2530
2555
2572
2572
2596
2638
2598
2567
2641
2669
2652
2669
2698
2716
2703
2715
2733
2729
2753
2792
2773
2750
2768
2792
2783
2789
2844
2858
2793
2777
2789
2806
2834
2830
2802
2786
2799
2838
2835
2820
2838
2824
2823
2847
2833
2825
2804
2828
2858
2840
2793
2784
2808
2804
2752
2752
2783
2724
2749
2803
2703
2702
2785
2732
2649
2688
2706
2646
2632
2665
2632
2587
2593
2618
2627
2577
2565
2584
2541
2488
2500
2504
2490
2468
2462
2465
2434
2437
2409
2382
2417
2399
2347
2337
2331
2314
2316
2280
2295
2308
2223
2158
2189
2185
2177
2193
2162
2141
2169
2115
2123
2193
2113
2046
2104
2126
2049
1990
2054
2085
1991
1980
2044
1985
1958
2020
2012
1969
2007
1975
1913
1960
2008
1964
1953
1938
1950
1943
1903
1909
1993
1989
1906
1898
1996
1975
1934
1944
1986
2005
1942
1917
2000
1976
1960
2003
2024
1977
2019
2062
2008
1993
2075
2080
2071
2080
2062
2078
2163
2143
2088
2158
2224
2160
2171
2237
2215
2213
2251
2238
2274
2313
2247
2266
2396
2374
2328
2382
2380
2334
2403
2444
2440
2465
2502
2482
2455
2501
2561
2489
2435
2558
2634
2550
2524
2604
2619
2616
2679
2692
2631
2633
2717
2719
2654
2691
2705
2682
2715
2744
2783
2793
2764
2793
2792
2746
2761
2827
2784
2797
2840
2794
2834
2852
2806
2841
2838
2783
2801
2846
2832
2850
2831
2819
2856
2797
2773
2844
2798
2786
2836
2777
2763
2794
2798
2794
2752
2760
2742
2753
2755
2697
2700
2726
2704
2725
2724
2674
2646
2643
2597
2628
2637
2568
2577
2587
2548
2514
2524
2552
2529
2471
2485
2498
2445
2450
2441
2380
2408
2432
2389
2344
2345
2349
2345
2347
2350
2257
2214
2271
2255
2188
2214
2217
2173
2158
2215
2196
2125
2127
2129
2097
2069
2048
2063
2096
2071
2017
2072
2074
1992
1975
2007
1968
1995
2027
1967
1932
2015
1983
1922
1953
2006
1986
1941
1943
1958
1957
1954
1914
1890
1934
1965
1926
1986
1977
1919
1995
2009
1930
2014
2045
1938
1915
2011
2018
1974
1986
2060
2085
2020
2043
2124
2078
2037
2105
2142
2086
2095
2175
2223
2152
2114
2173
2221
2201
2233
2263
2244
2232
2274
2294
2335
2331
2272
2315
2365
2343
2392
2463
2434
2454
2473
2432
2479
2521
2496
2484
2509
2521
2517
2510
2571
2680
2622
2536
2602
2657
2613
2619
2658
2633
2611
2689
2735
2702
2723
2741
2697
2747
2797
2776
2784
2792
2785
2828
2793
2788
2850
2844
2796
2804
2843
2883
2847
2801
2848
2866
2833
2864
2805
2798
2874
2829
2793
2835
2808
2795
2807
2829
2811
2775
2765
2829
2800
2719
2764
2790
2713
2733
2782
2760
2733
2720
2682
2677
2663
2663
2659
2594
2597
2633
2594
2601
2575
2580
2638
2524
2451
2547
2543
2454
2441
2499
2528
2470
2409
2465
2467
2373
2389
2447
2363
2309
2342
2286
2263
2315
2293
2214
2262
2277
2219
2207
2191
2181
2211
2131
2112
2151
2128
2132
2136
2097
2081
2071
2080
2029
1992
2059
2075
2004
2026
2027
2004
2001
1968
1964
2032
1957
1879
1949
1947
1903
1951
1930
1902
1936
1935
1943
1983
1923
1900
1955
1980
1918
1962
2058
1993
1922
1996
1968
1952
2002
2010
1997
2046
2058
2050
2026
2046
2093
2055
2008
2080
2112
2068
2094
2109
2120
2194
2184
2158
2198
2219
2259
2262
2175
2253
2332
2238
2270
2362
2307
2308
2359
2359
2343
2398
2451
2435
2466
2476
2369
2383
2495
2493
2525
2579
2560
2579
2553
2541
2631
2613
2564
2630
2621
2637
2725
2689
2627
2651
2724
2748
2688
2708
2768
2731
2753
2803
2770
2759
2827
2799
2769
2787
2814
2841
2840
2848
2911
2848
2769
2856
2898
2816
2815
2835
2822
2810
2830
2870
2840
2752
2806
2848
2805
2821
2792
2777
2817
2822
2794
2769
2812
2809
2769
2772
2763
2728
2736
2765
2731
2693
2662
2656
2678
2686
2664
2611
2587
2633
2615
2549
2551
2578
2551
2550
2541
2475
2477
2516
2501
2481
2458
2428
2421
2407
2420
2410
2329
2318
2314
2339
2345
2268
2277
2325
2276
2240
2214
2197
2226
2212
2139
2108
2124
2187
2175
2119
2094
2086
2077
2065
2030
2085
2058
1985
2060
2061
1956
1999
2011
1993
2001
1954
1943
1980
1940
1961
1967
1929
1965
1994
1906
1966
1999
1937
1918
1910
1917
1970
1919
1926
1983
1956
1928
1977
1974
1965
1988
1971
1967
2021
1988
1958
2022
2046
2011
2030
2050
2048
2048
2102
2108
2059
2088
2122
2117
2157
2147
2174
2217
2130
2106
2243
2276
2226
2242
2290
2260
2252
2344
2355
2353
2396
2359
2410
2461
2385
2432
2463
2413
2482
2537
2478
2501
2575
2520
2485
2567
2607
2567
2622
2665
2596
2583
2673
2681
2653
2673
2696
2735
2715
2653
2773
2794
2715
2749
2759
2724
2746
2831
2808
2781
2828
2821
2808
2842
2842
2816
2821
2830
2800
2799
2841
2838
2796
2799
2868
2880
2836
2808
2796
2834
2841
2799
2791
2806
2801
2791
2806
2802
2776
2759
2762
2813
2786
2728
2742
2721
2684
2724
2723
2670
2659
2694
2672
2622
2587
2640
2610
2538
2590
2611
2549
2557
2578
2494
2496
2546
2468
2461
2502
2410
2385
2454
2428
2346
2372
2379
2330
2351
2347
2290
2295
2299
2243
2231
2260
2216
2190
2191
2190
2182
2158
2163
2184
2151
2106
2061
2101
2107
2016
2016
2121
2095
1986
2006
2038
1981
2014
2023
1960
1955
1979
1952
1993
1995
1993
1989
1967
1931
1954
1949
1935
1906
1923
1979
1984
1899
1913
1974
1979
1917
1943
1972
1946
1912
1952
2004
2005
1938
1996
2012
1977
2048
2092
2001
2036
2110
2050
2024
2120
2143
2069
2061
2115
2097
2077
2134
2168
2184
2186
2196
2222
2181
2238
2300
2278
2263
2303
2322
2297
2323
2326
2349
2402
2404
2408
2404
2422
2473
2503
2484
2502
2572
2547
2490
2540
2572
2552
2578
2618
2619
2612
2637
2626
2673
2726
2652
2677
2733
2661
2709
2803
2718
2724
2804
2789
2777
2776
2783
2849
2827
2705
2777
2892
2822
2776
2838
2846
2808
2808
2876
2851
2757
2802
2863
2801
2813
2850
2816
2829
2859
2809
2828
2836
2775
2768
2800
2804
2756
2773
2832
2763
2703
2781
2818
2757
2699
2740
2767
2703
2674
2707
2711
2626
2608
2675
2631
2578
2622
2594
2551
2587
2595
2578
2535
2520
2512
2464
2434
2470
2448
2380
2402
2424
2401
2377
2358
2342
2282
2319
2326
2261
2274
2305
2240
2211
2246
2224
2165
2168
2197
2165
2120
2118
2154
2166
2093
2070
2070
2071
2126
2099
2002
2046
2026
1941
2005
2057
1950
1968
2038
1962
1920
1973
1942
1950
1965
1950
1910
1918
1929
1932
1949
1969
1932
1915
1949
2011
1946
1930
1999
1951
1899
1963
2007
1959
1946
1985
1952
1984
2027
1982
1989
2069
2041
2031
2080
2071
2044
2084
2122
2113
2100
2136
2150
2162
2166
2162
2161
2231
2280
2252
2198
2254
2273
2254
2305
2312
2270
2315
2346
2328
2325
2376
2394
2396
2404
2440
2460
2479
2472
2461
2480
2483
2539
2587
2518
2524
2614
2615
2597
2669
2631
2562
2678
2706
2624
2681
2748
2709
2715
2745
2743
2737
2703
2759
2793
2759
2786
2820
2793
2833
2831
2806
2846
2828
2793
2834
2850
2814
2823
2869
2847
2774
2834
2870
2762
2782
2908
2847
2763
2828
2803
2792
2864
2791
2786
2886
2803
2720
2797
2775
2747
2785
2711
2688
2766
2732
2664
2712
2722
2682
2647
2643
2668
2674
2649
2608
2563
2598
2593
2536
2541
2557
2518
2513
2535
2501
2472
2473
2451
2412
2396
2391
2397
2370
2336
2350
2368
2350
2333
2317
2289
2322
2244
2206
2319
2253
2109
2195
2209
2157
2178
2168
2162
2142
2041
2084
2141
2108
2075
2078
2044
2048
2063
2036
1995
2018
2029
1965
1965
2032
1987
1973
1989
1936
1959
2002
1963
1946
1928
1929
1946
1955
1935
1909
1939
1990
1940
1910
1956
1976
1959
1946
1969
1981
1913
1959
2026
1967
1965
2036
2009
1991
2035
2029
2025
2072
2090
2129
2098
2062
2122
2145
2120
2132
2158
2188
2186
2204
2223
2233
2231
2231
2272
2305
2274
2302
2311
2266
2297
2356
2358
2390
2401
2360
2415
2445
2363
2437
2542
2473
2437
2511
2551
2513
2514
2602
2605
2567
2619
2619
2604
2635
2658
2652
2674
2676
2655
2689
2735
2706
2682
2745
2802
2790
2755
2736
2796
2846
2805
2792
2838
2828
2781
2793
2860
2868
2810
2819
2842
2787
2778
2794
2814
2863
2874
2821
2802
2775
2792
2800
2803
2854
2840
2796
2854
2793
2743
2800
2804
2766
2780
2771
2718
2719
2752
2728
2667
2699
2734
2643
2656
2758
2665
2589
2647
2634
2581
2583
2571
2570
2582
2499
2486
2549
2474
2419
2475
2460
2429
2427
2408
2431
2410
2356
2382
2390
2315
2330
2331
2254
2302
2302
2222
2252
2251
2202
2205
2167
2150
2200
2148
2129
2144
2117
2104
2110
2057
2093
2135
2080
2061
2030
2017
2036
1967
1993
2062
2009
1958
2004
1965
1944
1992
1980
1945
1957
1965
1955
1946
1942
1937
1949
1956
1961
1933
1919
1969
1979
1931
1970
1991
1993
1973
1945
1967
1998
1959
2021
2061
1993
1985
2035
2041
2038
2017
2040
2079
2086
2059
2113
2131
2104
2109
2138
2151
2173
2172
2201
2251
2241
2219
2279
2310
2280
2263
2290
2299
2281
2304
2370
2373
2361
2383
2389
2441
2442
2389
2473
2518
2454
2481
2531
2526
2549
2555
2537
2589
2616
2614
2595
2620
2699
2679
2636
2692
2734
2686
2690
2746
2746
2723
2754
2771
2748
2760
2795
2787
2772
2794
2803
2787
2764
2820
2810
2766
2856
2847
2790
2839
2833
2811
2851
2813
2795
2861
2805
2765
2840
2834
2829
2843
2780
2838
2844
2726
2769
2843
2779
2790
2818
2778
2751
2716
2715
2756
2683
2653
2725
2731
2660
2675
2728
2660
2592
2651
2667
2565
2531
2622
2616
2499
2519
2592
2501
2428
2523
2511
2413
2458
2508
2415
2335
2385
2412
2367
2363
2331
2296
2314
2271
2245
2301
2271
2224
2252
2274
2197
2182
2174
2149
2162
2162
2127
2167
2139
2090
2117
2078
2046
2079
2052
2063
2067
2020
2012
1998
1953
2027
2023
1950
2019
2027
1933
1958
2011
1969
1954
1985
1944
1925
1967
1963
1932
1958
1942
1939
1966
2004
2002
2009
1968
1919
1945
1959
1911
1961
1995
1989
2022
2039
2016
2012
2039
2039
2011
2082
2116
2064
2073
2107
2057
2109
2177
2122
2109
2187
2160
2156
2218
2245
2201
2201
2280
2254
2198
2307
2327
2272
2373
2397
2326
2387
2410
2380
2415
2421
2428
2505
2493
2446
2487
2542
2574
2550
2513
2578
2623
2582
2620
2673
2635
2650
2652
2677
2709
2696
2721
2726
2688
2730
2768
2744
2796
2808
2733
2771
2828
2818
2834
2785
2764
2838
2839
2823
2848
2832
2843
2880
2829
2809
2837
2801
2824
2865
2841
2857
2854
2814
2813
2800
2805
2864
2847
2820
2838
2802
2766
2787
2797
2779
2731
2721
2745
2736
2707
2728
2706
2642
2646
2705
2711
2656
2643
2666
2596
2545
2589
2595
2566
2595
2590
2546
2516
2531
2530
2476
2438
2475
2414
2391
2450
