2392
2434
2406
2390
2434
2380
2357
2414
2373
2385
2449
2423
2394
2395
2378
2430
2438
2366
2387
2426
2377
2384
2440
2422
2385
2371
2379
2431
2426
2371
2397
2384
2363
2406
2429
2416
2410
2384
2388
2419
2413
2398
2406
2389
2351
2387
2425
2426
2367
2327
2425
2443
2312
2345
2451
2386
2324
2391
2428
2409
2425
2435
2397
2380
2361
2383
2391
2391
2426
2425
2350
2385
2440
2367
2387
2456
2370
2336
2437
2423
2317
2363
2443
2395
2345
2383
2422
2415
2390
2417
2435
2398
2363
2383
2416
2409
2406
2410
2405
2369
2377
2418
2389
2386
2382
2355
2403
2394
2354
2360
2350
2373
2429
2418
2394
2419
2369
2356
2409
2365
2395
2419
2345
2394
2442
2377
2414
2466
2383
2397
2431
2395
2383
2346
2353
2411
2391
2378
2414
2400
2352
2386
2416
2378
2367
2426
2383
2310
2403
2462
2357
2332
2396
2398
2414
2414
2412
2407
2397
2436
2409
2346
2426
2467
2351
2378
2479
2382
2395
2473
2382
2346
2449
2393
2313
2418
2442
2341
2376
2461
2414
2368
2395
2395
2406
2417
2343
2349
2427
2361
2312
2396
2437
2362
2343
2441
2458
2378
2374
2431
2424
2400
2364
2369
2417
2407
2373
2401
2435
2405
2420
2436
2366
2359
2394
2374
2371
2438
2425
2387
2407
2399
2354
2371
2400
2373
2381
2435
2429
2384
2383
2414
2387
2361
2373
2382
2429
2394
2384
2462
2398
2371
2441
2391
2352
2415
2397
2395
2450
2377
2365
2452
2417
2361
2370
2378
2414
2384
2344
2397
2381
2324
2410
2423
2342
2389
2406
2354
2393
2408
2356
2390
2408
2369
2370
2387
2392
2382
2384
2404
2393
2388
2440
2433
2358
2375
2437
2359
2321
2407
2377
2353
2429
2415
2376
2405
2420
2373
2399
2421
2375
2359
2394
2366
2356
2417
2433
2380
2366
2358
2383
2404
2384
2394
2396
2382
2373
2403
2423
2388
2369
2412
2415
2381
2400
2429
2360
2353
2451
2411
2398
2380
2324
2381
2424
2433
2407
2379
2378
2366
2383
2404
2407
2411
2377
2345
2391
2418
2409
2445
2406
2357
2359
2379
2439
2422
2378
2422
2408
2353
2374
2371
2398
2449
2416
2361
2398
2431
2367
2373
2400
2390
2413
2416
2375
2393
2403
2362
2383
2394
2372
2403
2413
2409
2405
2387
2389
2413
2412
2405
2375
2374
2365
2385
2455
2400
2319
2404
2456
2408
2437
2435
2391
2406
2387
2421
2460
2364
2366
2405
2381
2416
2437
2372
2394
2457
2383
2356
2387
2378
2366
2384
2403
2409
2349
2329
2409
2421
2347
2377
2429
2369
2375
2417
2378
2411
2419
2339
2386
2478
2407
2396
2425
2379
2405
2455
2369
2362
2436
2413
2416
2405
2368
2405
2400
2330
2400
2454
2361
2402
2447
2353
2400
2455
2321
2385
2459
2321
2356
2469
2363
2320
2391
2424
2438
2371
2374
2464
2409
2380
2456
2397
2338
2406
2433
2411
2377
2391
2431
2357
2356
2413
2380
2400
2436
2373
2385
2441
2398
2388
2414
2375
2403
2410
2368
2422
2457
2372
2371
2431
2394
2367
2360
2339
2386
2424
2407
2400
2375
2385
2429
2390
2371
2418
2433
2376
2357
2417
2389
2342
2377
2421
2408
2385
2410
2427
2391
2332
2362
2411
2373
2378
2442
2455
2358
2368
2432
2417
2369
2371
2407
2373
2365
2430
2411
2352
2401
2408
2337
2393
2417
2355
2347
2369
2387
2378
2383
2437
2396
2363
2405
2420
2380
2371
2392
2445
2423
2374
2411
2421
2419
2414
2337
2391
2410
2309
2363
2424
2366
2364
2390
2340
2334
2359
2365
2393
2409
2364
2369
2409
2396
2360
2360
2394
2375
2380
2410
2391
2393
2408
2410
2366
2358
2434
2393
2363
2424
2375
2377
2424
2379
2409
2402
2311
2397
2456
2332
2316
2453
2429
2358
2413
2436
2398
2417
2408
2371
2384
2380
2364
2425
2450
2386
2388
2416
2384
2402
2437
2363
2377
2443
2408
2416
2428
2370
2410
2474
2408
2365
2420
2417
2375
2386
2437
2463
2426
2405
2408
2429
2426
2364
2365
2413
2373
2356
2420
2445
2392
2376
2382
2393
2387
2415
2407
2379
2378
2417
2438
2435
2370
2357
2421
2422
2382
2390
2400
2412
2428
2402
2394
2437
2452
2395
2395
2420
2389
2395
2382
2329
2380
2478
2411
2340
2398
2438
2410
2377
2396
2393
2407
2431
2417
2403
2393
2396
2364
2375
2430
2406
2362
2402
2467
2399
2325
2401
2432
2370
2370
2415
2390
2395
2383
2375
2400
2399
2368
2385
2411
2430
2434
2402
2389
2382
2386
2399
2401
2399
2399
2385
2385
2424
2383
2375
2406
2386
2401
2420
2375
2366
2396
2412
2417
2371
2363
2420
2379
2365
2409
2413
2395
2397
2382
2381
2371
2377
2420
2377
2377
2432
2383
2374
2413
2438
2415
2369
2421
2451
2407
2380
2376
2431
2451
2364
2360
2465
2441
2379
2404
2409
2424
2403
2366
2401
2430
2357
2364
2409
2426
2387
2346
2362
2411
2404
2385
2410
2408
2369
2389
2401
2405
2401
2390
2404
2404
2396
2414
2436
2415
2395
2357
2370
2410
2382
2404
2450
2409
2381
2456
2425
2356
2403
2387
2403
2453
2393
2366
2397
2383
2341
2354
2424
2443
2365
2371
2413
2355
2372
2441
2393
2361
2396
2395
2435
2426
2364
2383
2415
2370
2392
2464
2434
2403
2403
2442
2422
2339
2365
2411
2365
2403
2453
2380
2346
2418
2427
2375
2351
2389
2423
2362
2337
2402
2436
2394
2376
2384
2381
2399
2387
2378
2388
2351
2355
2400
2382
2383
2414
2403
2426
2383
2362
2453
2442
2377
2414
2420
2371
2404
2428
2430
2420
2404
2412
2403
2395
2450
2455
2378
2429
2448
2354
2391
2417
2360
2399
2408
2372
2436
2429
2351
2406
2417
2343
2384
2406
2370
2367
2386
2392
2414
2371
2385
2457
2386
2357
2408
2363
2370
2454
2399
2357
2412
2386
2316
2391
2412
2361
2403
2415
2375
2414
2418
2363
2383
2390
2332
2417
2442
2339
2412
2450
2376
2439
2433
2345
2428
2443
2350
2381
2441
2410
2383
2378
2375
2427
2409
2341
2408
2463
2396
2344
2413
2420
2360
2416
2413
2387
2417
2379
2398
2459
2385
2304
2367
2392
2355
2387
2412
2369
2359
2417
2383
2348
2377
2389
2393
2381
2361
2402
2465
2417
2359
2371
2403
2386
2363
2402
2400
2427
2468
2407
2370
2415
2395
2345
2421
2459
2395
2373
2420
2426
2379
2384
2417
2401
2426
2446
2384
2403
2424
2417
2383
2375
2413
2373
2359
2399
2393
2373
2405
2397
2394
2421
2403
2392
2382
2373
2401
2387
2391
2404
2411
2433
2389
2349
2410
2399
2335
2393
2440
2399
2388
2396
2402
2429
2387
2351
2412
2445
2393
2360
2377
2418
2424
2385
2363
2410
2431
2376
2358
2402
2396
2359
2374
2388
2392
2433
2425
2389
2395
2372
2384
2440
2430
2383
2345
2381
2419
2413
2412
2419
2416
2391
2379
2380
2403
2424
2372
2368
2385
2371
2380
2365
2337
2379
2427
2397
2393
2401
2393
2462
2407
2335
2409
2421
2345
2362
2428
2438
2408
2356
2391
2444
2375
2378
2422
2382
2403
2442
2407
2427
2411
2325
2381
2427
2358
2390
2465
2419
2361
2396
2405
2392
2376
2366
2399
2424
2396
2357
2347
2378
2404
2435
2445
2400
2392
2435
2446
2418
2416
2407
2391
2380
2361
2381
2439
2417
2359
2383
2440
2431
2372
2386
2444
2444
2402
2399
2403
2364
2397
2420
2384
2383
2422
2360
2318
2424
2457
2362
2373
2444
2436
2374
2365
2412
2446
2424
2383
2401
2398
2398
2410
2426
2399
2395
2452
2417
2360
2378
2376
2355
2403
2396
2400
2449
2436
2396
2399
2375
2376
2459
2435
2403
2432
2370
2358
2426
2380
2349
2349
2330
2389
2400
2367
2364
2373
2416
2430
2395
2360
2401
2477
2446
2341
2392
2465
2378
2371
2429
2382
2370
2413
2389
2428
2393
2301
2420
2485
2377
2388
2414
2370
2392
2385
2408
2403
2354
2391
2438
2389
2395
2437
2398
2394
2430
2384
2350
2423
2393
2294
2375
2457
2386
2344
2386
2387
2375
2432
2442
2380
2374
2394
2408
2407
2401
2397
2437
2449
2395
2425
2469
2399
2381
2409
2383
2390
2387
2366
2400
2395
2353
2438
2462
2352
2362
2458
2414
2368
2416
2441
2393
2397
2412
2396
2368
2336
2394
2419
2371
2383
2395
2398
2413
2381
2355
2395
2388
2359
2344
2335
2385
2419
2389
2382
2402
2430
2422
2357
2375
2408
2401
2378
2372
2367
2374
2383
2330
2341
2392
2375
2362
2403
2411
2418
2422
2364
2367
2406
2377
2374
2364
2360
2443
2423
2355
2415
2416
2344
2438
2470
2348
2348
2404
2366
2343
2377
2358
2373
2418
2390
2367
2366
2382
2378
2404
2428
2368
2393
2450
2411
2379
2396
2412
2402
2419
2415
2392
2409
2435
2410
2373
2394
2405
2374
2375
2339
2366
2407
2361
2379
2405
2404
2415
2421
2404
2380
2383
2385
2388
2431
2445
2375
2366
2415
2391
2386
2420
2381
2392
2397
2378
2400
2428
2403
2370
2366
2386
2400
2396
2376
2417
2459
2443
2388
2393
2447
2415
2383
2407
2368
2350
2398
2380
2379
2407
2417
2390
2373
2410
2420
2400
2381
2357
2385
2403
2379
2387
2363
2344
2414
2405
2344
2370
2383
2368
2393
2388
2354
2386
2435
2410
2349
2368
2426
2390
2346
2406
2403
2332
2415
2454
2373
2354
2385
2417
2449
2416
2392
2425
2445
2401
2404
2408
2360
2378
2431
2377
2370
2435
2411
2344
2377
2426
2416
2404
2376
2386
2444
2413
2342
2372
2415
2372
2367
2398
2398
2375
2383
2440
2423
2370
2405
2419
2370
2367
2428
2419
2346
2371
2404
2366
2370
2404
2417
2411
2407
2426
2415
2347
2371
2410
2393
2429
2432
2393
2404
2416
2409
2392
2381
2381
2408
2382
2356
2447
2448
2382
2362
2350
2391
2466
2397
2319
2371
2432
2405
2351
2402
2421
2337
2362
2435
2381
2331
2374
2418
2393
2356
2413
2437
2356
2334
2402
2404
2353
2403
2384
2298
2380
2452
2369
2371
2387
2378
2425
2415
2395
2404
2380
2403
2404
2373
2389
2399
2389
2423
2387
2336
2442
2478
2399
2369
2394
2398
2391
2425
2377
2343
2414
2410
2391
2404
2386
2358
2360
2372
2428
2453
2360
2376
2449
2392
2356
2416
2398
2328
2386
2402
2364
2433
2423
2368
2425
2411
2380
2423
2428
2381
2352
2368
2403
2377
2348
2375
2377
2374
2409
2416
2349
2365
2437
2438
2417
2394
2388
2407
2387
2369
2405
2409
2376
2343
2348
2375
2363
2415
2472
2361
2324
2397
2370
2338
2396
2419
2390
2364
2364
2414
2391
2393
2440
2384
2335
2395
2431
2395
2383
2391
2393
2412
2400
2352
2388
2416
2364
2386
2458
2408
2320
2369
2410
2368
2393
2439
2392
2342
2374
2441
2460
2404
2385
2414
2386
2372
2445
2423
2372
2414
2390
2372
2444
2396
2325
2376
2391
2387
2426
2374
2359
2411
2389
2386
2412
2372
2388
2458
2444
2400
2410
2365
2351
2431
2426
2396
2446
2423
2350
2339
2372
2408
2405
2397
2410
2429
2398
2364
2399
2381
2336
2381
2415
2428
2406
2338
2420
2475
2363
2398
2454
2361
2365
2422
2402
2410
2412
2389
2390
2414
2401
2398
2443
2427
2347
2373
2430
2388
2405
2420
2394
2403
2408
2392
2396
2389
2383
2421
2387
2358
2387
2375
2377
2404
2394
2356
2398
2426
2404
2382
2386
2400
2395
2377
2353
2393
2400
2358
2415
2439
2396
2413
2409
2379
2398
2420
2375
2407
2437
2381
2385
2413
2384
2419
2430
2395
2413
2438
2391
2396
2453
2426
2359
2392
2441
2396
2353
2398
2416
2386
2381
2419
2410
2422
2435
2395
2392
2393
2369
2396
2446
2437
2399
2400
2409
2376
2375
2437
2419
2366
2388
2378
2390
2432
2354
2369
2441
2388
2376
2407
2355
2383
2439
2370
2366
2432
2374
2381
2447
2373
2367
2419
2336
2371
2480
2379
2376
2454
2372
2386
2419
2381
2390
2405
2364
2416
2439
2406
2429
2457
2397
2396
2475
2417
2370
2409
2390
2381
2409
2427
2404
2383
2367
2374
2416
2393
2362
2387
2397
2416
2422
2414
2421
2410
2398
2401
2373
2362
2398
2400
2429
2430
2379
2378
2442
2436
2412
2413
2381
2376
2403
2400
2364
2365
2414
2421
2389
2392
2435
2366
2293
2397
2451
2355
2365
2426
2378
2340
2397
2391
2373
2416
2418
2401
2398
2381
2368
2360
2375
2408
2415
2403
2393
2379
2398
2399
2399
2418
2370
2366
2418
2405
2384
2435
2437
2377
2391
2431
2400
2388
2428
2401
2400
2392
2372
2409
2432
2397
2401
2403
2388
2397
2425
2410
2404
2443
2415
2347
2417
2495
2429
2393
2440
2421
2388
2380
2408
2400
2362
2398
2428
2367
2386
2458
2399
2411
2453
2380
2415
2469
2411
2410
2436
2415
2398
2409
2409
2428
2419
2431
2415
2374
2422
2453
2392
2390
2382
2397
2435
2412
2406
2422
2386
2374
2422
2385
2344
2399
2438
2395
2386
2392
2409
2434
2396
2382
2421
2391
2363
2437
2442
2319
2337
2386
2349
2388
2407
2374
2437
2392
2327
2440
2439
2334
2416
2471
2365
2388
2427
2374
2375
2393
2350
2351
2410
2405
2393
2428
2379
2345
2422
2426
2366
2393
2426
2439
2438
2385
2400
2441
2408
2377
2360
2357
2422
2397
2352
2421
2388
2364
2446
2429
2365
2361
2357
2398
2440
2401
2355
2389
2423
2385
2363
2412
2406
2387
2405
2405
2417
2412
2371
2419
2443
2393
2409
2463
2419
2375
2403
2426
2448
2430
2366
2383
2373
2331
2392
2467
2399
2350
2394
2365
2378
2417
2362
2394
2415
2376
2432
2428
2342
2430
2468
2350
2414
2479
2392
2421
2478
2407
2374
2426
2404
2404
2428
2406
2388
2420
2398
2345
2420
2461
2338
2390
2488
2377
2305
2426
2440
2352
2378
2413
2422
2371
2329
2410
2410
2345
2430
2433
2362
2388
2412
2412
2397
2356
2408
2414
2344
2382
2429
2384
2414
2420
2328
2410
2508
2407
2382
2457
2385
2348
2406
2373
2404
2428
2394
2449
2446
2383
2416
2428
2377
2410
2406
2370
2371
2412
2451
2413
2378
2412
2412
2392
2404
2384
2348
2388
2407
2361
2359
2410
2442
2387
2341
2429
2452
2370
2409
2433
2342
2394
2411
2328
2400
2468
2397
2416
2440
2372
2371
2394
2414
2375
2345
2433
2434
2335
2419
2434
2335
2449
2485
2357
2398
2454
2373
2349
2398
2420
2408
2361
2368
2420
2360
2326
2387
2404
2391
2406
2359
2375
2428
2367
2380
2431
2405
2402
2418
2445
2445
2358
2375
2460
2399
2340
2372
2388
2381
2363
2394
2436
2391
2358
2445
2440
2361
2389
2377
2375
2406
2352
2378
2474
2413
2357
2424
2444
2398
2388
2403
2417
2421
2430
2404
2375
2439
2409
2343
2429
2449
2346
2342
2437
2431
2345
2398
2436
2404
2406
2399
2389
2394
2376
2377
2405
2414
2424
2459
2461
2387
2351
2405
2414
2372
2371
2400
2399
2386
2370
2402
2422
2417
2445
2424
2357
2393
2419
2366
2377
2396
2371
2372
2337
2383
2444
2344
2339
2438
2375
2314
2433
2464
2340
2366
2451
2394
2345
2373
2404
2439
2385
2372
2442
2437
2365
2400
2405
2308
2405
2470
2351
2384
2476
2396
2353
2415
2373
2341
2413
2379
2348
2408
2420
2393
2390
2432
2445
2387
2401
2435
2428
2406
2419
2408
2382
2430
2413
2351
2391
2439
2437
2389
2379
2451
2441
2396
2393
2368
2348
2357
2393
2380
2361
2426
2426
2395
2438
2380
2337
2425
2379
2366
2431
2368
2360
2472
2434
2333
2332
2411
2442
2369
2325
2381
2406
2374
2372
2443
2429
2376
2418
2411
2346
2368
2409
2385
2399
2383
2374
2426
2385
2368
2401
2372
2352
2403
2419
2351
2339
2400
2376
2349
2399
2412
2383
2402
2406
2393
2388
2377
2381
2427
2419
2386
2369
2374
2411
2402
2342
2393
2440
2385
2391
2414
2373
2385
2405
2344
2384
2437
2415
2375
2366
2387
2383
2396
2418
2401
2401
2403
2398
2405
2434
2424
2351
2385
2436
2373
2358
2401
2411
2406
2365
2346
2399
2394
2375
2388
2374
2408
2440
2377
2394
2461
2409
2371
2438
2424
2391
2410
2409
2444
2467
2382
2340
2402
2415
2374
2394
2420
2423
2374
2380
2417
2383
2359
2414
2451
2409
2398
2394
2366
2386
2358
2334
2424
2441
2378
2390
2452
2451
2395
2387
2375
2389
2388
2376
2418
2423
2371
2416
2413
2348
2373
2429
2405
2373
2415
2408
2364
2378
2375
2376
2414
2400
2330
2402
2490
2447
2432
2387
2357
2401
2367
2354
2404
2405
2420
2404
2351
2404
2453
2372
2358
2406
2368
2372
2444
2401
2372
2436
2393
2341
2420
2435
2355
2369
2411
2392
2389
2396
2402
2369
2383
2439
2387
2367
2455
2425
2347
2436
2460
2349
2390
2435
2376
2353
2399
2426
2448
2418
2372
2414
2438
2397
2369
2362
2385
2397
2353
2338
2343
2365
2442
2438
2350
2379
2435
2408
2359
2417
2441
2398
2426
2418
2365
2416
2407
2340
2424
2469
2386
2352
2386
2405
2404
2394
2389
2402
2396
2388
2388
2407
2411
2414
2475
2437
2338
2371
2416
2374
2420
2408
2330
2411
2434
2367
2460
2454
2339
2393
2414
2340
2401
2454
2418
2423
2381
2364
2419
2407
2412
2399
2365
2407
2429
2371
2374
2376
2337
2368
2426
2422
2395
2337
2361
2418
2392
2375
2410
2394
2411
2435
2399
2357
2351
2361
2419
2396
2339
2368
2426
2412
2356
2366
2403
2400
2397
2379
2351
2404
2453
2401
2356
2426
2419
2425
2443
2376
2379
2432
2381
2389
2447
2415
2382
2392
2403
2446
2423
2353
2404
2428
2371
2375
2401
2408
2419
2405
2408
2438
2393
2392
2419
2382
2372
2421
2409
2354
2364
2408
2416
2395
2406
2442
2406
2426
2457
2383
2387
2419
2397
2385
2379
2419
2428
2402
2393
2395
2397
2395
2365
2342
2391
2383
2393
2428
2408
2379
2420
2425
2407
2450
2404
2341
2400
2406
2364
2418
2444
2371
2383
2400
2373
2406
2399
2383
2408
2398
2375
2384
2372
2377
2413
2406
2352
2347
2418
2406
2365
2414
2412
2382
2404
2402
2386
2408
2393
2385
2411
2376
2395
2449
2411
2399
2421
2403
2405
2383
2367
2407
2407
2343
2366
2448
2415
2399
2434
2408
2389
2423
2433
2415
2400
2406
2432
2377
2392
2433
2348
2385
2462
2408
2418
2442
2365
2388
2439
2380
2390
2370
2373
2451
2371
2300
2386
2369
2350
2432
2424
2388
2412
2417
2387
2407
2390
2330
2339
2401
2466
2426
2380
2419
2443
2398
2361
2400
2412
2331
2383
2468
2388
2365
2430
2426
2396
2404
2401
2432
2471
2396
2364
2443
2437
2388
2395
2428
2392
2326
2352
2415
2421
2398
2384
2410
2397
2377
2392
2398
2350
2363
2409
2381
2384
2400
2404
2428
2409
2382
2369
2385
2415
2388
2374
2395
2392
2377
2393
2435
2432
2393
2369
2440
2448
2354
2341
2404
2383
2374
2425
2425
2372
2386
2388
2397
2434
2393
2347
2372
2353
2369
2414
2396
2366
2382
2412
2427
2396
2381
2371
2369
2459
2445
2369
2396
2399
2359
2422
2478
2365
2369
2457
2407
2410
2446
2383
2385
2417
2386
2407
2424
2359
2383
2423
2372
2343
2394
2417
2396
2418
2412
2366
2394
2456
2383
2326
2403
2459
2404
2390
2415
2402
2398
2420
2403
2397
2395
2383
2376
2412
2424
2435
2409
2379
2408
2390
2377
2390
2389
2402
2411
2378
2396
2423
2385
2346
2373
2411
2424
2411
2362
2346
2402
2462
2412
2376
2411
2389
2359
2381
2382
2352
2411
2402
2343
2400
2422
2372
2387
2445
2405
2372
2398
2429
2443
2382
2358
2408
2404
2374
2430
2437
2373
2400
2439
2389
2382
2408
2375
2401
2403
2364
2473
2483
2328
2341
2465
2397
2372
2448
2431
2371
2376
2377
2388
2465
2417
2351
2380
2409
2373
2402
2436
2382
2369
2378
2374
2408
2380
2338
2391
2366
2300
2368
2390
2356
2391
2388
2401
2418
2383
2406
2431
2415
2425
2411
2386
2416
2432
2415
2402
2388
2417
2426
2403
2417
2425
2399
2362
2413
2446
2416
2412
2436
2404
2374
2407
2437
2378
2362
2377
2366
2390
2421
2389
2392
2405
2384
2375
2380
2407
2463
2412
2335
2413
2451
2348
2383
2469
2367
2348
2468
2406
2358
2449
2407
2360
2454
2407
2359
2431
2441
2410
2410
2355
2349
2447
2408
2332
2415
2432
2346
2368
2417
2425
2439
2401
2369
2431
2432
2374
2404
2389
2360
2452
2463
2362
2397
2415
2381
2394
2356
2371
2440
2362
2304
2415
2362
2315
2439
2402
2337
2437
2438
2370
2418
2411
2359
2398
2419
2404
2415
2392
2406
2459
2427
2394
2395
2389
2391
2404
2439
2386
2372
2428
2389
2377
2433
2372
2362
2454
2421
2363
2390
2393
2395
2407
2374
2365
2405
2373
2328
2371
2413
2361
2363
2417
2347
2372
2480
2385
2332
2428
2400
2381
2459
2444
2380
2371
2393
2406
2406
2369
2371
2379
2352
2368
2442
2435
2423
2426
2372
2368
2425
2363
2343
2441
2413
2353
2366
2375
2432
2433
2351
2382
2397
2399
2443
2395
2370
2420
2399
2369
2409
2447
2445
2396
2355
2391
2436
2415
2380
2431
2426
2336
2370
2437
2379
2358
2417
2407
2384
2416
2383
2382
2429
2413
2370
2389
2443
2403
2364
2396
2439
2421
2407
2399
2409
2428
2427
2438
2402
2388
2424
2389
2362
2410
2431
2386
2415
2424
2356
2396
2462
2408
2446
2458
2385
2388
2437
2404
2368
2380
2401
2383
2371
2382
2386
2430
2393
2344
2395
2422
2393
2408
2411
2388
2437
2410
2393
2424
2381
2350
2395
2404
2388
2380
2385
2418
2411
2404
2399
2408
2397
2364
2405
2408
2354
2400
2436
2363
2385
2429
2413
2409
2397
2367
2417
2501
2456
2361
2388
2410
2372
2398
2401
2406
2460
2387
2372
2445
2398
2362
2411
2419
2405
2375
2369
2408
2398
2401
2431
2415
2424
2418
2358
2390
2417
2376
2386
2401
2403
2401
2380
2380
2389
2398
2425
2437
2392
2391
2424
2387
2374
2411
2457
2410
2334
2382
2420
2352
2376
2456
2395
2400
2495
2422
2371
2436
2382
2362
2439
2413
2393
2428
2383
2343
2418
2396
2355
2386
2372
2372
2411
2385
2368
2385
2364
2386
2433
2412
2394
2428
2432
2350
2352
2452
2441
2395
2418
2406
2361
2383
2419
2420
2353
2371
2445
2372
2347
2473
2436
2376
2428
2417
2395
2420
2399
2403
2466
2437
2393
2411
2382
2371
2409
2396
2363
2434
2410
2310
2369
2403
2373
2401
2406
2398
2434
2386
2382
2475
2430
2334
2372
2389
2383
2415
2414
2414
2430
2383
2401
2414
2339
2399
2430
2353
2409
2433
2340
2399
2472
2324
2337
2488
2418
2364
2461
2397
2345
2429
2403
2380
2395
2361
2435
2463
2388
2348
2379
2411
2374
2353
2400
2418
2376
2394
2422
2371
2371
2404
2356
2370
2437
2415
2374
2336
2399
2460
2388
2385
2428
2385
2367
2417
2379
2335
2419
2404
2347
2418
2405
2329
2391
2493
2420
2357
2418
2400
2383
2407
2410
2393
2373
2398
2428
2348
2367
2441
2369
2346
2423
2412
2379
2389
2386
2396
2428
2408
2404
2443
2430
2416
2442
2406
2384
2405
2398
2414
2420
2393
2425
2448
2392
2415
2448
2385
2398
2472
2417
2349
2427
2475
2393
2363
2387
2373
2418
2426
2343
2375
2432
2355
2389
2440
2350
2322
2400
2416
2382
2390
2413
2423
2398
2343
2370
2433
2388
2386
2432
2405
2404
2427
2374
2365
2417
2411
2382
2377
2384
2412
2379
2338
2394
2400
2347
2380
2458
2464
2400
2367
2418
2414
2359
2354
2434
2447
2375
2351
2410
2425
2375
2366
2398
2414
2422
2384
2348
2406
2429
2388
2399
2393
2402
2452
2384
2368
2454
2400
2353
2418
2422
2370
2378
2358
2406
2435
2366
2384
2432
2367
2382
2472
2362
2335
2434
2411
2334
2377
2452
2415
2387
2382
2370
2408
2405
2368
2403
2450
2388
2367
2433
2382
2331
2369
2398
2393
2389
2407
2384
2363
2379
2390
2411
2398
2368
2402
2381
2347
2447
2444
2327
2391
2450
2401
2417
2374
2384
2465
2365
2310
2410
2384
2368
2397
2374
2398
2402
2380
2405
2449
2402
2359
2363
2384
2421
2392
2366
2406
2441
2387
2381
2401
2377
2385
2378
2376
2434
2428
2375
2392
2444
2404
2358
2413
2421
2350
2378
2403
2355
2398
2442
2400
2386
2362
2373
2486
2424
2322
2457
2502
2352
2365
2425
2389
2419
2442
2401
2429
2408
2342
2399
2447
2377
2362
2423
2389
2370
2435
2409
2366
2436
2451
2383
2385
2400
2389
2413
2421
2380
2433
2436
2348
2379
2451
2418
2394
2400
2393
2399
2382
2379
2406
2405
2399
2386
2376
2444
2451
2351
2362
2423
2400
2410
2417
2371
2402
2404
2388
2414
2402
2396
2419
2384
2374
2453
2447
2371
2379
2400
2411
2472
2457
2359
2335
2443
2439
2364
2418
2430
2389
2408
2379
2377
2416
2412
2394
2387
2368
2396
2395
2393
2406
2374
2388
2406
2343
2374
2410
2389
2392
2379
2423
2452
2369
2356
2385
2375
2376
2449
2470
2397
2377
2411
2430
2399
2357
2359
2405
2403
2398
2411
2387
2379
2403
2403
2385
2405
2400
2415
2409
2365
2408
2440
2425
2432
2402
2413
2455
2415
2389
2361
2374
2419
2391
2388
2438
2428
2393
2425
2456
2429
2363
2366
2426
2425
2417
2433
2398
2375
2414
2434
2377
2395
2433
2418
2415
2395
2368
2391
2377
2373
2404
2378
2390
2447
2401
2376
2430
2434
2386
2361
2350
2320
2385
2455
2376
2345
2442
2431
2378
2386
2410
2417
2395
2405
2433
2387
2376
2429
2387
2381
2438
2396
2390
2446
2428
2376
2413
2392
2367
2430
2389
2332
2423
2426
2359
2392
2432
2387
2364
2415
2413
2399
2368
2347
2373
2378
2362
2365
2383
2397
2389
2403
2381
2356
2380
2432
2418
2370
2410
2441
2395
2373
2411
2446
2395
2374
2427
2429
2432
2465
2387
2332
2399
2415
2377
2378
2409
2413
2384
2356
2382
2389
2358
2431
2498
2387
2338
2426
2399
2347
2428
2448
2367
2418
2442
2383
2433
2430
2370
2416
2433
2368
2395
2431
2391
2384
2381
2405
2435
2413
2365
2368
2380
2382
2421
2428
2396
2449
2449
2349
2373
2448
2426
2388
2374
2395
2430
2447
2367
2368
2452
2415
2351
2419
2437
2366
2373
2417
2382
2360
2377
2380
2410
2438
2425
2384
2380
2397
2433
2418
2357
2380
2396
2378
2391
2372
2358
2420
2467
2389
2357
2412
2358
2337
2435
2441
2380
2387
2369
2348
2425
2447
2403
2386
2370
2372
2387
2398
2403
2377
2391
2405
2407
2406
2369
2374
2417
2417
2383
2424
2449
2380
2353
2437
2433
2362
2413
2449
2378
2383
2403
2424
2452
2391
2374
2413
2381
2380
2443
2403
2359
2412
2422
2372
2372
2386
2401
2423
2395
2374
2403
2420
2351
2360
2422
2398
2358
2398
2424
2402
2388
2368
2372
2439
2414
2396
2437
2406
2337
2352
2439
2462
2416
2378
2379
2432
2426
2347
2403
2428
2361
2395
2449
2400
2354
2417
2435
2378
2393
2410
2389
2436
2414
2343
2383
2430
2396
2356
2372
2405
2399
2426
2440
2398
2379
2441
2448
2357
2361
2456
2433
2353
2384
2454
2425
2391
2398
2416
2437
2412
2404
2434
2431
2404
2377
2371
2391
2432
2427
2406
2408
2419
2387
2383
2395
2401
2436
2405
2382
2396
2393
2401
2390
2409
2432
2378
2392
2459
2400
2358
2437
2406
2381
2439
2412
2394
2432
2404
2363
2352
2391
2444
2385
2341
2427
2441
2367
2384
2412
2391
2350
2365
2428
2415
2374
2426
2444
2365
2410
2483
2371
2296
2408
2444
2396
2431
2427
2355
2405
2432
2363
2360
2399
2411
2392
2435
2479
2405
2366
2422
2384
2343
2404
2401
2359
2394
2425
2395
2403
2442
2383
2354
2401
2394
2377
2426
2414
2361
2391
2437
2407
2378
2409
2398
2373
2357
2402
2429
2381
2382
2425
2423
2361
2385
2450
2412
2362
2403
2404
2395
2399
2395
2415
2423
2370
2371
2430
2397
2379
2430
2415
2362
2359
2431
2409
2345
2419
2433
2401
2420
2421
2404
2359
2363
2403
2363
2364
2414
2419
2399
2365
2382
2428
2399
2374
2396
2381
2397
2404
2336
2316
2371
2406
2424
2385
2399
2428
2373
2386
2445
2384
2357
2414
2406
2378
2393
2375
2373
2420
2446
2430
2430
2396
2340
2386
2444
2414
2387
2419
2413
2359
2350
2408
2448
2418
2397
2404
2402
2395
2400
2412
2402
2341
2363
2434
2381
2366
2420
2392
2388
2446
2421
2349
2411
2445
2391
2399
2417
2404
2382
2386
2416
2385
2369
2389
2363
2384
2424
2427
2424
2392
2374
2392
2419
2406
2376
2402
2386
2358
2433
2428
2356
2395
2444
2385
2401
2449
2395
2389
2402
2395
2430
2463
2415
2377
2387
2408
2397
2399
2421
2412
2370
2421
2428
2354
2370
2411
2396
2367
2406
2462
2409
2373
2375
2400
2449
2438
2356
2363
2404
2342
2357
2445
2382
2326
2411
2417
2380
2402
2382
2379
2393
2381
2388
2377
2373
2401
2372
2363
2392
2371
2399
2405
2346
2394
2463
2413
2370
2369
2396
2422
2375
2374
2409
2405
2407
2436
2414
2380
2382
2397
2404
2396
2397
2353
2351
2398
2393
2324
2359
2442
2430
2392
2408
2397
2379
2396
2429
2388
2368
2398
2408
2393
2412
2417
2373
2376
2378
2386
2415
2404
2371
2343
2361
2429
2406
2359
2410
2459
2396
2361
2402
2408
2382
2386
2407
2435
2401
2356
2410
2462
2396
2349
2392
2399
2339
2382
2440
2413
2387
2365
2370
2412
2409
2380
2423
2427
2405
2415
2397
2394
2371
2360
2425
2437
2379
2379
2410
2418
2381
2344
2378
2401
2381
2366
2368
2393
2394
2365
2369
2418
2408
2341
2339
2434
2401
2337
2445
2467
2375
2390
2419
2371
2387
2389
2411
2429
2386
2377
2442
2397
2368
2427
2388
2369
2411
2390
2377
2393
2357
2315
2379
2401
2382
2388
2370
2374
2409
2424
2393
2396
2432
2401
2375
2417
2421
2401
2403
2389
2418
2404
2331
2392
2487
2373
2298
2386
2453
2437
2354
2337
2429
2401
2322
2439
2496
2359
2345
2432
2393
2343
2388
2412
2411
2402
2365
2414
2444
2357
2371
2432
2375
2327
2367
2367
2389
2409
2396
2427
2438
2381
2375
2438
2410
2368
2408
2418
2415
2414
2378
2386
2424
2408
2374
2344
2414
2445
2349
2338
2418
2401
2407
2414
2353
2367
2399
2350
2408
2417
2330
2378
2439
2406
2419
2395
2395
2441
2365
2345
2447
2436
2333
2384
2453
2376
2337
2437
2488
2370
2335
2437
2439
2382
2403
2427
2392
2351
2407
2455
2346
2329
2453
2418
2340
2404
2402
2390
2422
2398
2371
2383
2397
2373
2361
2408
2427
2422
2422
2379
2376
2423
2415
2410
2429
2392
2357
2404
2432
2411
2421
2423
2396
2420
2438
2407
2386
2351
2364
2421
2374
2358
2437
2406
2368
2413
2432
2408
2402
2415
2410
2407
2396
2410
2414
2375
2402
2420
2374
2416
2448
2381
2376
2419
2399
2413
2431
2388
2383
2402
2406
2378
2350
2426
2505
2407
2362
2455
2417
2375
2453
2394
2346
2412
2390
2397
2434
2372
2431
2455
2379
2372
2422
2408
2402
2382
2391
2415
2415
2411
2399
2381
2389
2368
2377
2415
2393
2385
2404
2376
2388
2382
2370
2411
2411
2379
2457
2430
2344
2401
2435
2399
2415
2416
2382
2395
2355
2352
2434
2427
2378
2356
2384
2405
2377
2385
2393
2341
2365
2396
2371
2373
2406
2387
2401
2446
2460
2419
2376
2390
2416
2393
2372
2419
2433
2400
2418
2410
2441
2476
2372
2368
2434
2382
2366
2411
2371
2403
2406
2356
2402
2400
2367
2430
2400
2347
2432
2392
2310
2404
2445
2343
2374
2446
2385
2361
2429
2418
2412
2457
2386
2334
2423
2393
2351
2470
2433
2334
2422
2420
2383
2482
2444
2355
2422
2418
2357
2412
2418
2373
2407
2399
2383
2429
2410
2389
2425
2411
2365
2360
2364
2387
2415
2379
2424
2430
2381
2421
2459
2407
2408
2455
2408
2393
2419
2436
2446
2404
2363
2424
2444
2367
2354
2406
2391
2374
2408
2420
2390
2399
2385
2350
2458
2452
2345
2389
2435
2359
2415
2470
2369
2357
2436
2423
2419
2414
2380
2426
2445
2361
2380
2468
2397
2337
2407
2445
2400
2347
2382
2416
2406
2393
2400
2446
2444
2380
2415
2462
2379
2344
2405
2397
2382
2410
2352
2375
2421
2337
2354
2464
2435
2385
2406
2424
2394
2377
2400
2409
2421
2423
2411
2361
2374
2442
2403
2328
2358
2399
2377
2379
2386
2405
2441
2401
2339
2424
2422
2366
2411
2401
2368
2413
2437
2395
2389
2408
2410
2394
2369
2371
2400
2413
2343
2336
2436
2429
2365
2413
2441
2373
2386
2419
2377
2376
2399
2356
2348
2377
2360
2401
2430
2356
2375
2445
2395
2364
2424
2382
2374
2423
2382
2394
2445
2414
2391
2365
2351
2405
2425
2366
2401
2479
2423
2368
2386
2371
2377
2459
2396
2319
2428
2444
2354
2413
2470
2360
2350
2445
2394
2361
2440
2440
2358
2368
2451
2414
2369
2431
2398
2303
2379
2454
2367
2389
2459
2393
2393
2425
2371
2383
2400
2356
2393
2382
2338
2358
2395
2378
2372
2380
2404
2424
2411
2408
2380
2383
2385
2382
2435
2425
2371
2408
2421
2389
2436
2432
2388
2414
2407
2378
2403
2396
2359
2411
2459
2389
2373
2446
2441
2365
2381
2439
2418
2405
2411
2360
2363
2422
2402
2365
2391
2413
2394
2366
2352
2402
2441
2384
2350
2429
2445
2388
2391
2397
2384
2406
2396
2356
2395
2418
2363
2373
2438
2402
2360
2448
2445
2358
2389
2421
2403
2396
2386
2392
2396
2366
2423
2438
2397
2371
2405
2472
2393
2337
2419
2442
2417
2407
2381
2377
2382
2373
2376
2392
2421
2426
2400
2409
2407
2392
2438
2418
2347
2378
2399
2311
2337
2448
2432
2337
2371
2430
2385
2349
2344
2383
2445
2378
2371
2456
2405
2364
2408
2406
2399
2401
2408
2389
2362
2354
2408
2422
2429
2408
2358
2373
2397
2391
2393
2430
2426
2373
2396
2399
2414
2411
2407
2429
2380
2355
2405
2369
2365
2428
2386
2339
2408
2381
2365
2464
2437
2370
2396
2411
2401
2387
2362
2402
2438
2412
2399
2381
2391
2418
2421
2413
2406
2418
2464
2404
2357
2415
2432
2404
2371
2379
2395
2396
2389
2393
2393
2384
2400
2417
2393
2388
2397
2421
2420
2377
2386
2396
2341
2337
2383
2400
2385
2389
2412
2375
2390
2450
2419
2362
2411
2426
2320
2364
2455
2388
2349
2429
2405
2355
2416
2398
2349
2396
2427
2401
2396
2394
2370
2357
2409
2402
2352
2370
2401
2374
2368
2410
2389
2356
2418
2427
2372
2380
2403
2404
2440
2396
2378
2447
2409
2366
2440
2438
2322
2369
2452
2430
2375
2391
2397
2372
2378
2421
2396
2337
2375
2428
2397
2404
2438
2380
2349
2431
2416
2360
2397
2392
2350
2422
2431
2388
2463
2462
2343
2410
2490
2359
2351
2450
2402
2359
2388
2407
2398
2372
2396
2434
2414
2382
2406
2374
2354
2381
2408
2409
2368
2403
2436
2368
2353
2424
2440
2388
2376
2376
2391
2387
2394
2389
2379
2391
2360
2361
2451
2439
2383
2409
2427
2380
2408
2448
2434
2402
2403
2430
2407
2387
2375
2373
2387
2351
2367
2416
2394
2384
2375
2390
2428
2371
2361
2394
2380
2421
2469
2385
2360
2410
2402
2429
2427
2374
2388
2436
2425
2369
2350
2394
2448
2387
2348
2397
2397
2417
2419
2354
2380
2440
2381
2366
2419
2373
2350
2367
2419
2438
2396
2384
2439
2402
2344
2395
2410
2354
2354
2394
2367
2391
2439
2371
2414
2444
2361
2352
2423
2403
2355
2347
2353
2377
2411
2408
2392
2370
2381
2421
2389
2380
2429
2387
2327
2384
2424
2390
2370
2412
2387
2354
2399
2441
2442
2403
2362
2418
2452
2383
2365
2450
2425
2348
2408
2438
2418
2424
2406
2359
2373
2387
2365
2383
2403
2400
2390
2361
2400
2390
2357
2411
2427
2367
2388
2421
2405
2397
2393
2377
2397
2441
2429
2400
2420
2405
2414
2408
2366
2409
2427
2390
2392
2401
2395
2374
2405
2405
2372
2387
2411
2381
2403
2413
2334
2379
2478
2408
2343
2424
2432
2319
2337
2499
2443
2339
2400
2403
2365
2384
2362
2375
2430
2400
2366
2442
2473
2378
2388
2466
2398
2395
2417
2350
2348
2414
2411
2347
2345
2369
2384
2444
2447
2359
2360
2399
2393
2411
2408
2408
2422
2370
2353
2392
2379
2384
2381
2349
2415
2452
2379
2353
2405
2456
2431
2381
2409
2409
2390
2394
2400
2406
2348
2344
2411
2427
2356
2355
2441
2414
2329
2356
2434
2389
2369
2424
2429
2420
2409
2387
2430
2442
2422
2428
2397
2356
2390
2407
2385
2387
2368
2355
2385
2407
2403
2368
2396
2479
2405
2337
2430
2436
2377
2371
2387
2377
2402
2407
2361
2367
2388
2391
2436
2430
2378
2387
2402
2429
2446
2372
2356
2448
2425
2336
2420
2445
2353
2398
2446
2405
2402
2419
2417
2392
2396
2427
2395
2393
2469
2428
2343
2393
2443
2374
2379
2391
2362
2395
2431
2419
2366
2357
2434
2437
2387
2397
2393
2391
2455
2372
2326
2425
2421
2357
2379
2408
2400
2365
2373
2382
2380
2380
2398
2374
2381
2412
2406
2369
2397
2451
2357
2366
2461
2422
2351
2366
2406
2453
2391
2321
2424
2433
2379
2433
2409
2345
2379
2378
2359
2407
2434
2412
2359
2350
2405
2422
2396
2409
2414
2403
2422
2402
2373
2445
2425
2366
2426
2445
2364
2344
2442
2447
2340
2363
2408
2437
2448
2380
2370
2413
2385
2386
2414
2414
2401
2392
2376
2392
2412
2367
2404
2461
2375
2342
2403
2388
2406
2460
2383
2377
2435
2348
2358
2437
2381
2372
2435
2398
2382
2422
2387
2400
2444
2392
2388
2463
2427
2364
2397
2413
2384
2404
2417
2357
2339
2386
2382
2355
2383
2398
2399
2436
2417
2373
2405
2450
2405
2345
2398
2430
2403
2419
2390
2400
2450
2337
2329
2483
2456
2358
2423
2437
2365
2398
2447
2401
2348
2410
2436
2358
2370
2416
2408
2383
2374
2412
2423
2389
2352
2419
2449
2380
2376
2404
2413
2396
2364
2407
2449
2397
2379
2460
2407
2312
2414
2431
2342
2357
2375
2342
2410
2455
2378
2372
2417
2360
2364
2424
2368
2346
2423
2407
2370
2422
2405
2351
2423
2438
2403
2419
2450
2419
2409
2452
2392
2365
2404
2383
2398
2428
2415
2369
2381
2388
2366
2381
2398
2375
2339
2382
2432
2390
2346
2434
2406
2298
2392
2478
2382
2349
2420
2444
2387
2336
2389
2445
2371
2383
2470
2412
2351
2395
2420
2402
2402
2440
2377
2344
2415
2416
2405
2457
2406
2325
2406
2382
2347
2431
2402
2334
2413
2440
2386
2354
2419
2461
2421
2409
2431
2406
2377
2398
2428
2396
2377
2388
2401
2366
2379
2414
2401
2423
2439
2386
2439
2429
2345
2414
2443
2376
2390
2392
2379
2421
2441
2362
2383
2398
2367
2405
2439
2393
2395
2390
2365
2386
2401
2398
2415
2405
2362
2338
2386
2414
2387
2384
2422
2411
2414
2404
2338
2361
2397
2351
2382
2411
2387
2419
2424
2385
2406
2435
2395
2376
2387
2356
2353
2415
2411
2363
2396
2433
2362
2349
2421
2385
2345
2390
2382
2379
2405
2428
2400
2362
2387
2400
2357
2373
2374
2366
2412
2397
2348
2420
2382
2350
2446
2363
2352
2499
2393
2302
2440
2418
2343
2417
2417
2383
2407
2413
2420
2447
2417
2382
2369
2373
2389
2379
2388
2431
2381
2287
2359
2427
2360
2385
2436
2406
2395
2422
2410
2396
2428
2413
2399
2398
2360
2381
2444
2436
2373
2378
2427
2441
2386
2348
2401
2423
2349
2310
2423
2418
2324
2349
2418
2438
2383
2355
2413
2429
2346
2338
2424
2431
2411
2405
2397
2403
2371
2382
2393
2349
2368
2406
2416
2387
2321
2386
2466
2331
2325
2478
2399
2337
2436
2436
2373
2386
2436
2418
2400
2392
2413
2422
2398
2392
2392
2387
2381
2390
2395
2354
2349
2396
2418
2402
2360
2366
2428
2401
2365
2380
2402
2388
2405
2425
2400
2423
2418
2335
2365
2433
2388
2368
2453
2422
2337
2358
2435
2416
2412
2445
2402
2370
2409
2415
2383
2380
2430
2395
2391
2416
2397
2382
2389
2402
2435
2403
2358
2399
2414
2383
2401
2417
2393
2409
2413
2427
2395
2328
2400
2424
2359
2445
2439
2351
2422
2460
2358
2374
2439
2416
2414
2388
2330
2387
2435
2410
2406
2401
2376
2376
2417
2433
2380
2373
2398
2351
2372
2441
2394
2356
2413
2394
2362
2377
2361
2390
2455
2439
2375
2372
2440
2401
2339
2415
2430
2366
2406
2439
2398
2395
2383
2428
2450
2343
2374
2483
2415
2306
2376
2439
2391
2374
2408
2408
2395
2426
2407
2408
2402
2379
2414
2438
2400
2360
2355
2382
2397
2400
2426
2385
2374
2414
2394
2410
2433
2371
2400
2460
2394
2372
2442
2438
2417
2367
2393
2480
2446
2387
2415
2411
2408
2457
2364
2353
2516
2412
2290
2437
2485
2385
2368
2392
2423
2451
2403
2396
2458
2453
2351
2354
2429
2392
2383
2426
2427
2360
2358
2422
2407
2384
2426
2421
2401
2400
2399
2416
2411
2365
2384
2431
2421
2379
2394
2398
2380
2368
2394
2407
2374
2344
2374
2374
2364
2408
2399
2379
2441
2458
2403
2362
2366
2413
2396
2367
2377
2412
2385
2352
2413
2412
2335
2361
2448
2423
2354
2395
2385
2356
2383
2391
2402
2432
2399
2360
2420
2417
2314
2344
2481
2467
2411
2398
2385
2419
2433
2381
2349
2391
2422
2408
2404
2425
2437
2407
2362
2368
2389
2417
2398
2361
2375
2386
2414
2430
2405
2427
2426
2404
2402
2401
2428
2381
2323
2382
2411
2417
2422
2430
2453
2398
2326
2409
2455
2385
2404
2418
2399
2409
2428
2397
2349
2384
2424
2392
2415
2462
2416
2294
2365
2448
2325
2333
2436
2373
2384
2478
2416
2350
2385
2403
2401
2388
2393
2416
2389
2357
2416
2450
2429
2358
2305
2397
2490
2394
2394
2489
2405
2360
2430
2395
2354
2421
2393
2370
2429
2421
2397
2388
2383
2403
2417
2379
2374
2401
2372
2362
2415
2429
2380
2378
2419
2408
2391
2429
2416
2384
2423
2464
2429
2389
2420
2442
2379
2356
2420
2444
2354
2334
2409
2385
2378
2429
2345
2354
2466
2410
2346
2429
2440
2366
2385
2406
2390
2386
2400
2370
2386
2395
2357
2361
2395
2423
2444
2401
2355
2398
2440
2356
2344
2424
2413
2400
2417
2397
2384
2357
2408
2417
2347
2426
2475
2382
2410
2403
2344
2431
2472
2370
2400
2462
2382
2378
2472
2461
2411
2411
2397
2396
2400
2379
2426
2427
2327
2373
2454
2393
2386
2399
2394
2418
2386
2353
2424
2417
2356
2396
2467
2419
2366
2431
2461
2383
2346
2378
2383
2386
2432
2398
2374
2425
2387
2374
2413
2355
2380
2435
2345
2358
2438
2371
2379
2385
2319
2382
2423
2382
2444
2441
2399
2401
2378
2400
2462
2405
2375
2432
2431
2390
2391
2382
2360
2392
2436
2388
2381
2451
2418
2360
2423
2411
2355
2394
2392
2371
2398
2368
2387
2469
2392
2354
2444
2398
2313
2392
2441
2343
2366
2449
2381
2335
2381
2390
2413
2392
2342
2417
2426
2336
2413
2466
2386
2383
2413
2417
2412
2367
2391
2436
2407
2384
2392
2416
2411
2394
2429
2391
2323
2399
2405
2389
2448
2352
2336
2432
2347
2342
2445
2368
2359
2427
2380
2375
2421
2412
2421
2411
2439
2437
2376
2377
2407
2386
2391
2458
2411
2356
2414
2405
2362
2420
2410
2384
2420
2391
2375
2403
2405
2407
2404
2374
2349
2383
2422
2380
2374
2426
2383
2355
2410
2401
2373
2391
2400
2373
2429
2434
2391
2422
2417
2371
2405
2446
2354
2354
2456
2407
2345
2405
2404
2363
2419
2425
2370
2357
2402
2439
2411
2369
2382
2403
2391
2392
2399
2382
2374
2393
2406
2405
2413
2370
2359
2408
2395
2348
2397
2447
2392
2381
2485
2457
2338
2384
2429
2365
2382
2416
2418
2397
2382
2408
2407
2359
2388
2427
2385
2360
2379
2390
2404
2408
2410
2406
2434
2409
2373
2430
2459
2408
2377
2413
2421
2333
2357
2443
2389
2378
2420
2394
2380
2416
2383
2360
2395
2377
2356
2404
2442
2419
2423
2421
2425
2441
2386
2368
2446
2428
2336
2385
2438
2392
2372
2408
2449
2406
2356
2390
2422
2386
2387
2366
2411
2449
2378
2362
2457
2444
2385
2391
2439
2428
2384
2379
2462
2435
2364
2420
2418
2362
2432
2419
2374
2416
2384
2366
2430
2386
2358
2401
2341
2334
2460
2407
2343
2427
2435
2352
2342
2406
2428
2365
2398
2429
2328
2327
2449
2376
2301
2429
2446
2341
2366
2418
2382
2361
2386
2376
2374
2393
2406
2405
2414
2400
2386
2388
2406
2410
2376
2390
2418
2389
2375
2434
2436
2376
2355
2414
2455
2384
2376
2431
2382
2347
2409
2449
2422
2416
2408
2346
2382
2449
2405
2408
2432
2368
2355
2432
2423
2366
2363
2426
2396
2340
2410
2398
2365
2406
2379
2358
2390
2360
2371
2435
2395
2337
2384
2423
2394
2371
2390
2379
2387
2406
2400
2413
2373
2332
2388
2427
2381
2342
2405
2461
2389
2353
2386
2394
2373
2366
2404
2405
2403
2430
2442
2421
2394
2394
2395
2388
2410
2380
2376
2414
2365
2346
2414
2395
2362
2394
2394
2435
2408
2329
2450
2462
2307
2391
2436
2353
2416
2408
2345
2401
2416
2392
2412
2389
2396
2435
2385
2404
2416
2371
2421
2442
2367
2359
2402
2418
2401
2412
2401
2379
2378
2407
2402
2426
2478
2417
2367
2421
2427
2380
2400
2418
2411
2415
2390
2382
2414
2393
2355
2406
2429
2384
2407
2455
2399
2388
2389
2392
2385
2367
2372
2400
2388
2387
2453
2415
2361
2455
2433
2343
2371
2428
2404
2365
2412
2450
2436
2397
2387
2413
2422
2397
2420
2437
2385
2363
2415
2416
2377
2375
2408
2439
2409
2363
2386
2394
2374
2397
2393
2342
2376
2415
2403
2394
2381
2377
2428
2414
2367
2403
2396
2358
2387
2435
2425
2409
2416
2364
2382
2453
2392
2356
2385
2366
2365
2382
2425
2473
2424
2384
2378
2366
2399
2427
2410
2404
2384
2352
2399
2430
2342
2363
2471
2419
2367
2398
2413
2385
2369
2378
2426
2418
2359
2394
2420
2364
2365
2409
2418
2396
2400
2443
2381
2383
2452
2407
2366
2412
2392
2372
2422
2422
2383
2412
2473
2409
2318
2355
2375
2372
2431
2422
2392
2395
2410
2404
2389
2379
2350
2330
2376
2431
2397
2387
2431
2373
2345
2372
2394
2428
2401
2358
2432
2464
2365
2356
2423
2413
2375
2452
2486
2381
2380
2394
2366
2407
2437
2386
2414
2424
2351
2374
2428
2372
2372
2403
2369
2394
2416
2384
2387
2375
2390
2427
2344
2354
2468
2401
2319
2387
2435
2408
2373
2369
2413
2402
2357
2365
2394
2401
2429
2430
2384
2339
2368
2387
2378
2400
2413
2397
2393
2436
2422
2367
2423
2436
2376
2420
2414
2332
2378
2436
2344
2363
2470
2439
2400
2400
2415
2408
2364
2355
2415
2391
2374
2418
2396
2361
2412
2403
2369
2416
2444
2395
2369
2363
2366
2406
2397
2353
2423
2431
2352
2414
2443
2384
2425
2416
2348
2369
2407
2387
2362
2386
2398
2379
2373
2426
2449
2366
2377
2437
2369
2335
2407
2402
2401
2442
2369
2338
2456
2428
2348
2412
2430
2387
2380
2396
2410
2383
2410
2462
2428
2383
2401
2420
2403
2370
2362
2410
2416
2393
2403
2386
2359
2426
2442
2379
2399
2417
2361
2385
2398
2361
2428
2465
2391
2356
2370
2392
2424
2386
2406
2410
2383
2412
2410
2362
2371
2411
2405
2374
2421
2451
2373
2385
2463
2392
2377
2441
2389
2347
2392
2377
2383
2414
2383
2369
2423
2399
2320
2393
2416
2376
2405
2352
2367
2451
2397
2379
2396
2385
2433
2420
2356
2383
2385
2347
2399
2409
2380
2410
2428
2421
2400
2330
2326
2376
2400
2435
2425
2382
2415
2418
2390
2390
2387
2401
2446
2402
2330
2394
2420
2380
2393
2399
2418
2421
2371
2435
2451
2328
2358
2431
2385
2374
2414
2368
2376
2391
2364
2426
2451
2403
2404
2393
2376
2417
2368
2362
2465
2420
2331
2420
2476
2395
2386
2412
2402
2421
2405
2357
2390
2447
2393
2389
2427
2381
2368
2383
2356
2376
2418
2375
2378
2434
2397
2368
2418
2397
2366
2382
2389
2385
2428
2385
2355
2392
2400
2423
2431
2386
2399
2429
2404
2372
2373
2371
2383
2411
2401
2419
2462
2395
2388
2443
2406
2343
2375
2428
2386
2381
2450
2449
2348
2340
2434
2408
2349
2422
2411
2333
2373
2430
2390
2349
2397
2415
2377
2381
2416
2411
2376
2371
2379
2395
2412
2448
2469
2384
2367
2441
2425
2352
2392
2434
2417
2405
2374
2368
2411
2437
2418
2395
2365
2366
2367
2403
2458
2404
2380
2450
2407
2362
2392
2383
2405
2432
2406
2447
2452
2367
2369
2401
2399
2403
2393
2373
2426
2399
2325
2403
2429
2359
2410
2443
2379
2393
2429
2411
2375
2399
2416
2405
2422
2418
2399
2390
2395
2398
2399
2375
2398
2424
2400
2355
2417
2438
2363
2373
2483
2445
2361
2388
2409
2371
2384
2429
2401
2403
2470
2444
2351
2365
2408
2395
2388
2391
2372
2369
2392
2373
2339
2384
2440
2403
2382
2438
2429
2384
2378
2390
2370
2377
2420
2402
2381
2418
2413
2385
2379
2425
2452
2402
2376
2397
2388
2376
2347
2379
2435
2422
2420
2432
2422
2387
2368
2393
2398
2416
2407
2375
2409
2440
2417
2394
2382
2378
2385
2404
2398
2351
2372
2437
2439
2422
2363
2378
2434
2395
2345
2394
2403
2309
2367
2435
2360
2373
2452
2393
2327
2387
2422
2394
2376
2415
2412
2380
2390
2417
2424
2370
2378
2461
2438
2331
2377
2452
2391
2354
2419
2429
2371
2384
2451
2436
2384
2411
2417
2365
2401
2405
2355
2378
2430
2412
2425
2458
2402
2358
2395
2434
2378
2369
2435
2443
2398
2392
2455
2436
2349
2398
2416
2362
2399
2431
2378
2361
2394
2443
2430
2410
2413
2381
2379
2447
2401
2305
2348
2422
2385
2388
2407
2383
2378
2404
2418
2410
2371
2337
2386
2406
2395
2382
2402
2429
2413
2360
2390
2442
2374
2340
2406
2437
2404
2396
2404
2361
2348
2411
2410
2372
2416
2463
2420
2369
2380
2374
2381
2355
2340
2419
2404
2362
2390
2437
2435
2399
2377
2384
2412
2404
2347
2340
2398
2429
2423
2476
2472
2394
2425
2451
2377
2400
2484
2362
2322
2443
2420
2338
2344
2360
2404
2418
2387
2389
2411
2377
2344
2374
2405
2384
2373
2427
2416
2362
2420
2456
2405
2389
2396
2389
2381
2386
2379
2404
2417
2350
2363
2405
2386
2382
2425
2400
2369
2379
2383
2373
2349
2396
2421
2369
2389
2399
2353
2373
2463
2425
2338
2405
2481
2380
2310
2404
2425
2346
2360
2433
2379
2346
2427
2417
2371
2391
2413
2380
2371
2411
2418
2409
2433
2381
2352
2427
2417
2343
2396
2459
2419
2440
2455
2380
2431
2474
2344
2357
2486
2430
2373
2413
2391
2398
2435
2408
2404
2436
2419
2399
2423
2443
2392
2365
2384
2393
2389
2382
2394
2433
2417
2365
2393
2410
2415
2407
2382
2413
2464
2423
2355
2397
2441
2377
2364
2423
2434
2385
2367
2425
2427
2368
2381
2410
2384
2385
2399
2388
2412
2412
2361
2382
2448
2440
2396
2366
2402
2423
2371
2351
2427
2427
2356
2403
2421
2350
2391
2412
2363
2393
2411
2390
2411
2403
2320
2367
2468
2382
2384
2468
2386
2334
2468
2453
2357
2418
2439
2402
2412
2407
2403
2441
2424
2375
2433
2420
2349
2419
2446
2371
2379
2386
2414
2431
2370
2377
2424
2391
2375
2359
2359
2414
2406
2373
2387
2416
2438
2393
2341
2402
2425
2354
2391
2427
2354
2415
2443
2338
2390
2456
2395
2388
2450
2403
2370
2404
2404
2400
2408
2413
2379
2369
2399
2426
2442
2406
2397
2399
2382
2402
2424
2393
2373
2415
2427
2408
2400
2393
2421
2411
2387
2402
2403
2422
2437
2343
2344
2442
2402
2374
2449
2426
2365
2406
2415
2368
2410
2405
2381
2421
2415
2395
2424
2431
2381
2391
2436
2422
2400
2387
2398
2377
2409
2409
2346
2404
2408
2302
2361
2420
2357
2398
2408
2336
2394
2413
2420
2417
2345
2381
2462
2391
2350
2432
2416
2404
2430
2377
2343
2417
2419
2366
2406
2467
2441
2423
2439
2403
2388
2380
2345
2363
2406
2419
2407
2357
2331
2392
2393
2355
2408
2436
2395
2390
2379
2397
2449
2411
2390
2399
2371
2368
2419
2397
2348
2419
2435
2373
2407
2418
2384
2380
2374
2380
2416
2417
2440
2410
2295
2358
2502
2419
2354
2391
2419
2403
2412
2415
2373
2361
2416
2398
2373
2451
2382
2335
2429
2400
2362
2413
2385
2340
2380
2416
2414
2383
2340
2376
2417
2398
2417
2446
2393
2400
2438
2414
2364
2378
2424
2416
2372
2383
2413
2405
2407
2401
2392
2421
2406
2373
2419
2463
2426
2427
2473
2424
2375
2418
2404
2399
2445
2409
2384
2439
2392
2369
2441
2431
2371
2377
2380
2396
2437
2394
2373
2400
2411
2395
2438
2465
2389
2406
2452
2388
2382
2418
2382
2365
2401
2392
2393
2428
2407
2314
2354
2469
2429
2350
2393
2407
2392
2404
2409
2404
2408
2404
2421
2441
2418
2370
2381
2386
2387
2393
2410
2414
2410
2430
2425
2369
2405
2430
2388
2431
2459
2391
2403
2432
2434
2391
2336
2398
2440
2360
2375
2422
2397
2389
2381
2423
2424
2332
2364
2470
2410
2363
2422
2401
2392
2427
2401
2405
2430
2430
2421
2386
2372
2425
2457
2379
2400
2468
2370
2318
2396
2413
2359
2342
2407
2420
2398
2380
2387
2400
2382
2408
2434
2400
2390
2428
2448
2415
2388
2404
2429
2389
2343
2380
2377
2321
2370
2431
2378
2377
2433
2414
2384
2431
2419
2382
2424
2432
2380
2393
2407
2393
2407
2425
2423
2413
2374
2356
2383
2417
2395
2389
2390
2381
2432
2393
2370
2412
2398
2366
2404
2430
2402
2417
2422
2386
2395
2401
2419
2419
2401
2393
2389
2386
2392
2434
2409
2356
2389
2423
2374
2384
2427
2429
2386
2347
2401
2458
2411
2363
2386
2404
2393
2371
2372
2400
2417
2428
2405
2404
2447
2412
2371
2383
2408
2422
2398
2349
2403
2425
2387
2399
2407
2372
2375
2398
2411
2368
2374
2410
2424
2465
2415
2395
2453
2404
2368
2417
2416
2389
2416
2428
2365
2332
2373
2438
2392
2342
2374
2410
2386
2379
2403
2377
2394
2404
2357
2361
2362
2352
2396
2431
2383
2352
2386
2364
2350
2410
2420
2411
2399
2379
2398
2420
2397
2377
2411
2414
2403
2451
2420
2391
2420
2415
2393
2374
2401
2403
2346
2392
2442
2384
2374
2389
2357
2396
2452
2412
2387
2397
2384
2396
2399
2414
2364
2348
2428
2430
2387
2406
2407
2354
2403
2427
2381
2376
2400
2411
2434
2407
2371
2406
2436
2395
2395
2444
2416
2356
2375
2411
2393
2399
2413
2367
2342
2394
2440
2421
2391
2382
2406
2450
2428
2379
2377
2424
2413
2356
2391
2441
2387
2373
2420
2390
2375
2391
2362
2359
2389
2374
2386
2413
2374
2381
2457
2405
2352
2420
2400
2317
2371
2468
2427
2353
2386
2401
2347
2402
2479
2412
2378
2416
2428
2419
2366
2375
2445
2416
2343
2381
2442
2390
2361
2409
2426
2400
2400
2415
2414
2388
2376
2381
2411
2425
2409
2385
2392
2381
2361
2417
2448
2409
2396
2399
2382
2408
2422
2353
2343
2383
2399
2422
2410
2417
2459
2351
2372
2512
2427
2393
2457
2369
2362
2445
2355
2372
2469
2363
2337
2445
2395
2334
2407
2420
2400
2440
2453
2387
2387
2431
2401
2349
2372
2385
2358
2380
2412
2401
2384
2403
2412
2408
2435
2405
2386
2402
2410
2423
2403
2380
2394
2404
2404
2448
2414
2378
2422
2388
2327
2365
2422
2398
2357
2350
2405
2445
2391
2381
2420
2414
2394
2437
2430
2372
2421
2384
2314
2415
2441
2348
2380
2437
2399
2420
2429
2404
2446
2405
2360
2400
2376
2346
2411
2411
2383
2421
2421
2387
2410
2388
2355
2397
2438
2393
2403
2422
2398
2378
2371
2430
2452
2397
2391
2397
2398
2388
2373
2327
2343
2379
2411
2437
2399
2385
2429
2417
2380
2368
2366
2392
2401
2374
2371
2414
2394
2372
2402
2394
2411
2431
2373
2381
2441
2408
2353
2405
2438
2379
2387
2434
2389
2356
2410
2435
2382
2368
2395
2430
2420
2385
2424
2454
2398
2396
2444
2414
2385
2423
2441
2399
2376
2408
2421
2399
2434
2439
2379
2383
2407
2393
2394
2422
2417
2400
2408
2441
2401
2349
2398
2432
2422
2414
2388
2411
2446
2410
2370
2370
2382
2377
2391
2401
2425
2422
2368
2416
2470
2428
2383
2391
2400
2402
2386
2381
2438
2454
2373
2367
2431
2431
2379
2338
2381
2417
2370
2334
2397
2414
2347
2357
2432
2385
2356
2426
2430
2375
2383
2404
2393
2413
2417
2373
2390
2403
2390
2416
2431
2373
2368
2444
2415
2346
2363
2398
2391
2360
2374
2388
2391
2398
2368
2378
2434
2426
2398
2403
2376
2373
2414
2395
2435
2479
2405
2394
2439
2426
2415
2416
2417
2422
2413
2440
2450
2404
2379
2439
2424
2345
2409
2443
2368
2338
2384
2372
2382
2421
2381
2359
2373
2358
2375
2409
2409
2369
2415
2441
2363
2372
2446
2384
2378
2445
2401
2348
2403
2417
2390
2434
2431
2372
2374
2394
2387
2406
2437
2384
2349
2403
2425
2434
2414
2329
2356
2457
2443
2367
2379
2417
2376
2350
2387
2392
2386
2395
2375
2392
2423
2365
2364
2441
2431
2367
2380
2395
2386
2395
2427
2405
2372
2387
2396
2371
2401
2417
2352
2370
2401
2344
2324
2408
2441
2372
2382
2454
2436
2378
2448
2440
2386
2439
2429
2375
2390
2405
2400
2404
2412
2413
2431
2388
2389
2435
2385
2342
2402
2459
2389
2335
2432
2444
2390
2387
2417
2405
2344
2387
2426
2370
2390
2396
2373
2430
2434
2377
2387
2413
2395
2394
2398
2417
2404
2366
2409
2386
2331
2394
2450
2374
2347
2419
2425
2377
2400
2378
2338
2371
2445
2408
2335
2395
2442
2387
2380
2414
2420
2423
2396
2360
2411
2450
2380
2374
2432
2440
2376
2391
2437
2388
2407
2421
2348
2373
2430
2364
2366
2410
2377
2415
2480
2432
2375
2422
2422
2365
2374
2406
2397
2398
2412
2395
2399
2393
2408
2430
2412
2416
2423
2385
2378
2384
2378
2414
2404
2407
2412
2378
2399
2389
2352
2424
2424
2368
2405
2424
2394
2421
2433
2383
2412
2473
2433
2383
2402
2405
2373
2405
2449
2380
2367
2438
2390
2369
2425
2386
2364
2380
2352
2372
2400
2392
2438
2467
2429
2402
2432
2433
2361
2363
2408
2388
2391
2416
2397
2411
2400
2368
2445
2450
2348
2368
2397
2386
2409
2393
2414
2472
2427
2326
2403
2471
2374
2382
2462
2391
2364
2442
2424
2375
2395
2379
2349
2401
2421
2417
2405
2378
2436
2467
2413
2384
2407
2462
2419
2361
2407
2410
2371
2391
2425
2410
2383
2384
2392
2402
2408
2352
2386
2444
2360
2339
2462
2446
2355
2460
2477
2330
2399
2457
2354
2363
2432
2399
2412
2419
2413
2417
2417
2398
2371
2405
2400
2371
2409
2444
2415
2369
2428
2470
2393
2365
2415
2427
2399
2389
2369
2359
2398
2400
2371
2384
2401
2368
2360
2401
2413
2420
2371
2370
2425
2398
2368
2409
2418
2421
2407
2368
2400
2369
2376
2459
2415
2369
2412
2436
2372
2343
2385
2400
2399
2401
2405
2405
2400
2380
2388
2395
2398
2416
2424
2417
2415
2381
2386
2439
2389
2350
2416
2419
2394
2385
2375
2407
2442
2420
2387
2411
2432
2395
2372
2390
2428
2409
2331
2365
2458
2414
2382
2421
2359
2327
2422
2405
2369
2401
2397
2374
2397
2411
2371
2381
2416
2394
2378
2409
2396
2388
2407
2394
2397
2399
2387
2455
2452
2358
2386
2428
2385
2358
2396
2412
2395
2368
2399
2430
2402
2421
2427
2387
2413
2437
2363
2362
2454
2374
2320
2431
2437
2367
2377
2404
2387
2351
2359
2383
2379
2408
2413
2413
2415
2371
2403
2424
2362
2378
