2380
2361
2362
2402
2406
2365
2363
2451
2431
2371
2463
2438
2337
2439
2462
2349
2382
2443
2388
2365
2387
2411
2424
2366
2354
2444
2440
2360
2385
2451
2429
2372
2415
2465
2403
2393
2435
2390
2387
2446
2399
2331
2350
2418
2425
2385
2390
2457
2417
2356
2405
2404
2377
2405
2389
2430
2444
2354
2374
2470
2387
2346
2419
2386
2320
2426
2445
2325
2396
2453
2395
2434
2423
2381
2413
2423
2343
2330
2412
2433
2394
2391
2402
2383
2366
2387
2416
2399
2380
2414
2413
2388
2415
2411
2369
2387
2398
2413
2428
2414
2421
2447
2392
2343
2410
2454
2388
2379
2419
2401
2384
2394
2399
2390
2372
2421
2435
2366
2390
2480
2410
2339
2396
2426
2374
2341
2330
2407
2508
2446
2378
2438
2467
2426
2408
2414
2374
2382
2408
2417
2415
2386
2382
2401
2365
2348
2347
2374
2385
2387
2415
2431
2407
2390
2393
2367
2372
2393
2341
2380
2458
2382
2376
2490
2457
2373
2384
2395
2417
2421
2400
2423
2421
2399
2394
2391
2402
2407
2377
2393
2441
2410
2356
2402
2405
2397
2411
2439
2460
2426
2391
2410
2416
2403
2384
2423
2438
2395
2383
2392
2415
2435
2378
2351
2427
2440
2388
2401
2398
2399
2439
2440
2392
2387
2413
2413
2375
2394
2421
2372
2393
2446
2397
2364
2389
2427
2420
2395
2371
2407
2422
2355
2362
2426
2368
2349
2438
2437
2361
2400
2472
2397
2342
2407
2389
2370
2432
2405
2371
2409
2421
2399
2416
2413
2383
2388
2405
2415
2363
2327
2384
2397
2350
2395
2451
2436
2371
2386
2447
2380
2337
2447
2447
2360
2426
2470
2380
2382
2399
2409
2389
2373
2424
2454
2374
2316
2358
2383
2380
2372
2381
2430
2447
2403
2399
2416
2392
2366
2391
2426
2397
2369
2411
2472
2422
2352
2398
2413
2390
2444
2428
2353
2373
2405
2362
2348
2376
2382
2378
2390
2403
2415
2403
2406
2393
2392
2409
2399
2397
2411
2378
2373
2408
2382
2363
2407
2415
2392
2378
2368
2410
2417
2356
2403
2386
2329
2449
2472
2327
2358
2435
2373
2432
2456
2410
2422
2371
2388
2474
2357
2340
2489
2404
2334
2432
2409
2382
2400
2380
2424
2439
2389
2404
2428
2409
2390
2373
2376
2349
2363
2437
2416
2340
2381
2417
2392
2397
2399
2399
2411
2386
2406
2432
2399
2408
2410
2395
2379
2369
2422
2436
2360
2406
2459
2384
2411
2437
2352
2372
2399
2423
2432
2359
2403
2453
2358
2368
2446
2420
2426
2419
2422
2432
2349
2338
2439
2394
2326
2381
2427
2367
2385
2402
2397
2454
2452
2369
2390
2413
2422
2415
2393
2397
2446
2430
2394
2388
2376
2411
2419
2390
2370
2407
2421
2365
2387
2424
2371
2415
2478
2360
2344
2422
2369
2369
2432
2404
2391
2402
2392
2434
2430
2384
2433
2425
2336
2378
2452
2446
2430
2384
2366
2417
2428
2387
2384
2420
2456
2426
2377
2408
2437
2395
2380
2347
2354
2480
2429
2350
2437
2408
2311
2379
2426
2366
2399
2463
2446
2403
2367
2376
2406
2401
2374
2373
2437
2418
2356
2409
2447
2402
2381
2390
2425
2463
2393
2376
2473
2399
2371
2466
2444
2380
2395
2411
2384
2404
2440
2394
2322
2404
2485
2396
2388
2423
2387
2374
2376
2359
2388
2393
2386
2372
2387
2443
2401
2361
2397
2404
2372
2348
2409
2448
2405
2370
2376
2410
2413
2392
2385
2397
2398
2417
2418
2393
2441
2422
2351
2379
2417
2390
2420
2428
2398
2434
2429
2377
2408
2422
2400
2411
2411
2397
2413
2365
2373
2448
2385
2334
2434
2410
2364
2384
2404
2388
2390
2421
2413
2401
2369
2396
2438
2373
2326
2407
2442
2345
2407
2470
2421
2413
2439
2398
2391
2471
2419
2343
2442
2464
2415
2422
2406
2402
2426
2411
2406
2399
2375
2438
2449
2363
2359
2396
2394
2413
2435
2389
2362
2394
2394
2404
2439
2406
2362
2394
2416
2415
2412
2383
2383
2430
2436
2347
2378
2436
2342
2311
2404
2441
2395
2390
2455
2435
2390
2445
2418
2359
2384
2431
2407
2369
2412
2427
2399
2373
2379
2396
2403
2406
2405
2402
2389
2372
2391
2433
2422
2403
2403
2402
2442
2404
2342
2377
2384
2356
2402
2436
2389
2374
2412
2412
2413
2420
2389
2376
2400
2399
2374
2384
2398
2397
2364
2365
2382
2368
2392
2407
2401
2413
2419
2395
2422
2436
2365
2378
2437
2375
2371
2428
2377
2382
2473
2447
2385
2399
2446
2429
2354
2377
2431
2373
2346
2376
2393
2422
2405
2357
2397
2454
2381
2319
2368
2449
2430
2364
2367
2379
2419
2393
2340
2406
2458
2400
2419
2442
2395
2435
2438
2370
2413
2449
2378
2355
2373
2352
2371
2376
2373
2412
2404
2374
2394
2396
2365
2365
2397
2423
2425
2393
2414
2423
2393
2370
2388
2425
2418
2385
2404
2414
2411
2424
2401
2389
2417
2413
2397
2370
2382
2403
2404
2387
2365
2401
2451
2414
2451
2469
2358
2367
2445
2371
2385
2434
2361
2356
2433
2413
2376
2398
2413
2374
2388
2430
2400
2363
2389
2387
2435
2465
2418
2412
2450
2402
2363
2406
2434
2392
2408
2423
2402
2396
2416
2402
2421
2430
2386
2389
2419
2348
2315
2395
2389
2380
2428
2419
2393
2381
2378
2382
2378
2395
2402
2394
2392
2366
2363
2395
2379
2396
2413
2376
2375
2414
2404
2370
2400
2392
2402
2457
2432
2397
2415
2460
2442
2380
2411
2431
2371
2370
2435
2450
2393
2373
2442
2462
2371
2359
2393
2353
2392
2455
2373
2358
2460
2446
2366
2378
2409
2396
2388
2418
2425
2387
2406
2410
2399
2404
2401
2378
2381
2426
2450
2403
2395
2391
2403
2403
2368
2386
2387
2362
2417
2433
2404
2424
2418
2407
2445
2439
2386
2389
2427
2412
2394
2427
2396
2373
2416
2404
2399
2426
2418
2397
2409
2432
2407
2391
2402
2403
2358
2388
2446
2367
2383
2455
2374
2371
2426
2381
2396
2444
2405
2413
2451
2387
2369
2404
2334
2337
2435
2396
2336
2416
2421
2390
2423
2403
2378
2407
2418
2404
2388
2416
2419
2393
2393
2420
2440
2424
2381
2398
2487
2431
2358
2406
2444
2422
2416
2420
2431
2399
2388
2454
2425
2377
2407
2427
2398
2376
2386
2409
2417
2408
2399
2417
2423
2368
2395
2429
2371
2355
2434
2451
2406
2390
2414
2417
2388
2406
2419
2400
2407
2395
2363
2380
2403
2394
2345
2355
2455
2418
2343
2391
2440
2415
2379
2390
2388
2390
2400
2410
2398
2377
2410
2399
2367
2424
2443
2372
2412
2490
2399
2339
2426
2434
2363
2401
2438
2417
2424
2398
2341
2403
2431
2371
2423
2474
2381
2326
2408
2440
2382
2345
2363
2387
2388
2380
2376
2395
2403
2356
2370
2439
2394
2361
2447
2424
2392
2457
2417
2345
2386
2429
2383
2380
2416
2384
2355
2401
2438
2384
2352
2399
2425
2358
2324
2389
2387
2350
2434
2461
2387
2389
2429
2421
2393
2365
2402
2432
2401
2383
2396
2399
2390
2381
2368
2375
2404
2400
2416
2410
2399
2407
2409
2398
2389
2429
2412
2365
2392
2454
2446
2368
2408
2488
2416
2299
2322
2433
2380
2318
2409
2427
2352
2384
2459
2417
2395
2431
2397
2414
2439
2389
2375
2412
2402
2413
2472
2401
2406
2464
2398
2398
2472
2405
2385
2417
2347
2360
2415
2342
2323
2473
2461
2350
2403
2441
2381
2408
2439
2396
2420
2404
2410
2463
2401
2357
2433
2416
2361
2391
2434
2425
2410
2435
2426
2385
2403
2416
2390
2380
2405
2427
2384
2338
2408
2424
2379
2425
2453
2407
2369
2400
2444
2390
2361
2378
2399
2410
2381
2373
2432
2408
2362
2418
2406
2373
2454
2447
2345
2362
2447
2399
2342
2406
2462
2419
2396
2418
2390
2388
2460
2390
2371
2430
2392
2370
2395
2404
2414
2420
2419
2413
2393
2383
2418
2436
2425
2386
2377
2436
2419
2365
2396
2379
2340
2394
2400
2371
2429
2453
2396
2395
2443
2420
2377
2395
2377
2418
2466
2397
2406
2440
2365
2367
2419
2396
2426
2387
2334
2401
2423
2367
2437
2466
2382
2395
2429
2382
2363
2394
2393
2404
2397
2384
2419
2430
2410
2401
2353
2377
2459
2413
2369
2422
2412
2324
2360
2429
2395
2385
2447
2425
2379
2433
2431
2351
2370
2384
2353
2411
2440
2344
2376
2468
2391
2341
2390
2385
2387
2372
2379
2441
2398
2343
2433
2418
2329
2380
2419
2406
2404
2357
2405
2465
2334
2305
2431
2441
2357
2367
2410
2388
2386
2422
2392
2392
2437
2413
2395
2364
2339
2412
2432
2372
2417
2426
2310
2328
2423
2399
2402
2432
2396
2378
2387
2376
2399
2396
2360
2404
2450
2377
2351
2401
2386
2376
2379
2348
2392
2406
2329
2345
2382
2378
2410
2376
2318
2403
2445
2386
2406
2425
2406
2382
2378
2375
2468
2490
2399
2412
2435
2384
2394
2407
2396
2429
2433
2383
2432
2446
2373
2401
2414
2350
2408
2449
2384
2374
2394
2373
2402
2411
2403
2407
2393
2413
2447
2389
2353
2384
2389
2400
2419
2413
2418
2416
2378
2340
2365
2393
2411
2434
2414
2393
2440
2450
2335
2348
2458
2405
2374
2417
2414
2428
2442
2375
2397
2461
2400
2362
2424
2409
2370
2394
2388
2424
2446
2385
2415
2441
2345
2358
2434
2412
2385
2384
2375
2368
2402
2412
2379
2362
2383
2376
2365
2409
2403
2359
2392
2392
2394
2404
2418
2399
2388
2367
2379
2439
2410
2390
2408
2397
2403
2441
2402
2332
2377
2410
2407
2378
2288
2356
2466
2357
2340
2477
2401
2301
2456
2437
2312
2427
2463
2351
2387
2432
2383
2360
2414
2428
2371
2384
2436
2414
2408
2459
2442
2364
2366
2410
2427
2417
2410
2452
2450
2349
2364
2442
2412
2397
2419
2404
2419
2426
2395
2409
2440
2410
2392
2421
2443
2396
2335
2407
2412
2298
2375
2486
2410
2351
2420
2399
2369
2429
2373
2334
2418
2400
2418
2449
2371
2396
2452
2334
2395
2466
2332
2407
2488
2359
2382
2494
2390
2348
2440
2389
2393
2436
2362
2339
2436
2450
2375
2369
2398
2405
2373
2350
2416
2423
2340
2382
2461
2404
2365
2403
2408
2407
2389
2334
2405
2429
2304
2346
2465
2381
2352
2426
2413
2422
2430
2360
2361
2421
2387
2382
2437
2409
2354
2385
2447
2406
2348
2405
2442
2371
2364
2420
2405
2378
2351
2348
2392
2424
2412
2386
2383
2432
2387
2317
2376
2374
2316
2389
2405
2356
2411
2414
2353
2388
2419
2371
2405
2394
2365
2407
2408
2383
2407
2390
2331
2414
2460
2378
2386
2409
2369
2395
2468
2443
2415
2426
2396
2383
2428
2403
2341
2348
2380
2414
2386
2342
2390
2408
2387
2408
2452
2386
2364
2453
2452
2367
2381
2411
2397
2405
2383
2357
2399
2406
2394
2368
2370
2474
2475
2369
2406
2405
2376
2399
2404
2410
2423
2428
2398
2423
2402
2346
2416
2444
2356
2368
2432
2357
2355
2418
2389
2368
2383
2404
2431
2420
2389
2382
2422
2427
2394
2400
2416
2364
2369
2431
2420
2326
2330
2434
2444
2373
2382
2412
2395
2356
2428
2502
2436
2368
2402
2396
2366
2350
2381
2411
2388
2358
2419
2455
2386
2375
2436
2419
2379
2419
2423
2360
2379
2381
2400
2460
2410
2344
2375
2376
2394
2414
2373
2376
2403
2424
2395
2362
2415
2375
2360
2429
2429
2404
2386
2367
2372
2394
2399
2425
2406
2361
2418
2420
2356
2353
2401
2441
2385
2347
2399
2424
2424
2385
2372
2424
2391
2364
2415
2392
2350
2363
2382
2401
2401
2379
2419
2423
2343
2353
2383
2344
2412
2470
2376
2360
2416
2413
2383
2364
2386
2412
2401
2385
2403
2455
2413
2367
2389
2402
2429
2437
2414
2420
2429
2335
2361
2433
2382
2399
2437
2352
2385
2465
2411
2378
2413
2383
2419
2446
2406
2416
2429
2337
2383
2484
2403
2335
2427
2441
2356
2365
2385
2342
2381
2417
2401
2420
2464
2401
2382
2453
2422
2372
2392
2397
2398
2448
2426
2378
2428
2396
2323
2372
2422
2398
2376
2384
2392
2391
2406
2387
2375
2396
2372
2331
2416
2434
2376
2383
2388
2405
2431
2399
2370
2397
2398
2374
2396
2369
2372
2426
2380
2387
2405
2328
2389
2465
2338
2318
2445
2413
2347
2359
2404
2427
2387
2407
2451
2418
2383
2388
2396
2375
2352
2361
2413
2432
2399
2376
2398
2406
2363
2365
2359
2383
2451
2405
2373
2474
2428
2335
2420
2424
2404
2459
2408
2363
2436
2414
2313
2351
2422
2387
2354
2391
2391
2400
2410
2360
2390
2456
2367
2321
2420
2444
2388
2371
2402
2397
2379
2390
2372
2419
2436
2385
2391
2446
2425
2369
2424
2398
2357
2453
2441
2331
2370
2431
2429
2453
2399
2372
2413
2385
2393
2412
2368
2409
2412
2328
2368
2452
2417
2376
2411
2438
2388
2387
2396
2393
2404
2374
2345
2432
2458
2342
2387
2493
2444
2394
2373
2377
2412
2414
2374
2360
2433
2477
2413
2365
2434
2451
2348
2357
2454
2403
2336
2361
2386
2387
2367
2363
2435
2426
2372
2422
2404
2346
2400
2396
2386
2407
2400
2417
2453
2379
2345
2401
2383
2358
2433
2407
2355
2381
2405
2427
2417
2365
2401
2440
2385
2389
2413
2368
2402
2410
2364
2382
2404
2387
2395
2371
2385
2440
2414
2399
2428
2380
2362
2403
2395
2363
2407
2431
2415
2404
2360
2333
2414
2413
2364
2399
2403
2395
2416
2393
2365
2416
2428
2366
2419
2408
2373
2400
2397
2360
2365
2395
2409
2394
2382
2385
2345
2319
2393
2433
2433
2445
2371
2340
2439
2436
2400
2387
2373
2400
2377
2362
2431
2388
2357
2420
2460
2423
2368
2380
2383
2384
2405
2376
2377
2378
2417
2426
2375
2360
2404
2403
2365
2407
2401
2369
2413
2384
2372
2440
2395
2363
2428
2411
2384
2436
2388
2372
2430
2395
2397
2422
2382
2358
2358
2373
2394
2388
2425
2464
2399
2344
2382
2437
2420
2383
2395
2395
2424
2437
2416
2416
2395
2380
2426
2423
2376
2425
2426
2395
2394
2378
2387
2408
2430
2395
2355
2382
2431
2426
2410
2420
2405
2409
2412
2382
2438
2466
2430
2425
2433
2340
2372
2452
2379
2367
2410
2421
2422
2388
2401
2445
2405
2394
2398
2373
2367
2392
2426
2403
2376
2384
2396
2397
2432
2438
2383
2361
2395
2390
2404
2416
2417
2411
2390
2411
2422
2394
2396
2408
2388
2387
2460
2425
2323
2403
2475
2388
2336
2429
2425
2370
2415
2427
2377
2367
2401
2405
2388
2364
2409
2419
2372
2390
2421
2384
2386
2393
2360
2402
2453
2370
2313
2393
2428
2413
2426
2417
2414
2397
2385
2396
2408
2381
2343
2383
2432
2397
2406
2401
2340
2339
2349
2362
2386
2376
2380
2418
2401
2378
2414
2395
2390
2425
2416
2353
2368
2414
2415
2396
2394
2402
2400
2412
2421
2383
2400
2444
2388
2372
2418
2362
2358
2398
2367
2395
2435
2398
2400
2417
2399
2389
2419
2425
2400
2393
2372
2364
2391
2417
2425
2411
2394
2399
2337
2343
2412
2390
2355
2368
2396
2405
2398
2373
2398
2400
2387
2408
2374
2370
2433
2395
2371
2426
2396
2394
2437
2385
2395
2431
2400
2406
2436
2385
2404
2431
2402
2410
2395
2359
2425
2421
2377
2416
2404
2391
2435
2372
2318
2443
2476
2343
2354
2466
2411
2329
2403
2456
2408
2361
2394
2429
2408
2388
2412
2422
2369
2364
2447
2396
2368
2430
2376
2344
2415
2419
2407
2396
2390
2387
2382
2411
2415
2376
2384
2396
2395
2404
2395
2357
2393
2431
2390
2395
2401
2365
2411
2446
2406
2431
2468
2431
2418
2394
2394
2434
2412
2397
2408
2381
2374
2389
2336
2361
2451
2410
2370
2399
2417
2399
2405
2405
2383
2418
2408
2404
2403
2393
2428
2391
2356
2421
2431
2356
2383
2425
2363
2366
2410
2377
2382
2412
2406
2418
2445
2435
2370
2370
2430
2370
2351
2450
2434
2376
2416
2407
2379
2427
2396
2378
2431
2403
2376
2432
2411
2345
2419
2421
2372
2403
2409
2413
2433
2355
2375
2470
2409
2313
2370
2440
2391
2367
2407
2426
2408
2413
2422
2375
2388
2398
2373
2432
2422
2360
2416
2458
2380
2389
2460
2378
2371
2445
2390
2365
2437
2419
2385
2400
2414
2450
2414
2358
2382
2416
2405
2371
2348
2367
2401
2418
2441
2439
2379
2365
2421
2455
2404
2368
2436
2454
2386
2395
2443
2411
2360
2393
2428
2397
2371
2402
2445
2379
2337
2414
2410
2352
2376
2418
2410
2352
2331
2401
2438
2379
2364
2439
2424
2358
2401
2449
2429
2391
2368
2424
2469
2405
2353
2418
2463
2372
2359
2408
2443
2435
2405
2406
2420
2370
2387
2434
2411
2389
2414
2400
2387
2396
2357
2345
2436
2431
2338
2379
2453
2384
2390
2420
2322
2390
2510
2382
2328
2467
2443
2340
2418
2435
2353
2403
2425
2342
2382
2421
2408
2403
2378
2391
2410
2343
2339
2421
2409
2347
2387
2425
2388
2395
2429
2405
2373
2396
2437
2415
2418
2402
2380
2425
2392
2337
2369
2392
2347
2354
2428
2406
2354
2414
2479
2433
2387
2421
2416
2381
2386
2387
2391
2437
2467
2396
2388
2440
2374
2369
2466
2386
2346
2428
2388
2386
2395
2346
2371
2385
2347
2390
2432
2363
2370
2419
2366
2360
2440
2398
2394
2431
2354
2343
2408
2400
2382
2403
2374
2356
2411
2360
2334
2425
2419
2402
2431
2380
2380
2434
2423
2355
2355
2412
2456
2410
2386
2428
2451
2423
2386
2357
2380
2395
2409
2376
2341
2407
2475
2411
2406
2365
2344
2412
2423
2390
2427
2448
2424
2410
2418
2393
2320
2363
2438
2349
2322
2463
2438
2359
2410
2430
2383
2379
2407
2421
2389
2375
2425
2438
2394
2370
2407
2409
2395
2412
2410
2378
2364
2405
2458
2424
2398
2397
2402
2409
2387
2374
2359
2374
2416
2404
2399
2423
2378
2369
2399
2380
2381
2398
2402
2409
2376
2354
2442
2455
2368
2401
2431
2387
2382
2393
2376
2388
2375
2344
2393
2435
2403
2393
2438
2421
2389
2410
2434
2423
2354
2370
2447
2416
2392
2436
2428
2397
2414
2371
2381
2466
2419
2361
2393
2411
2397
2384
2393
2382
2427
2425
2362
2364
2405
2414
2388
2394
2445
2453
2416
2377
2432
2424
2363
2385
2430
2413
2384
2409
2406
2382
2386
2392
2420
2412
2375
2431
2447
2338
2388
2465
2376
2358
2430
2417
2385
2389
2380
2426
2431
2369
2420
2484
2404
2360
2412
2403
2352
2381
2410
2388
2402
2410
2395
2377
2388
2394
2409
2427
2433
2423
2418
2417
2401
2390
2389
2367
2386
2370
2369
2411
2390
2415
2449
2412
2371
2377
2443
2392
2343
2425
2433
2380
2423
2446
2380
2364
2435
2412
2367
2393
2413
2378
2390
2410
2387
2351
2336
2357
2415
2407
2362
2394
2422
2393
2385
2404
2387
2389
2421
2401
2361
2365
2345
2331
2424
2453
2408
2403
2408
2382
2358
2375
2389
2346
2341
2390
2423
2400
2422
2430
2382
2355
2360
2406
2420
2364
2369
2413
2392
2344
2350
2426
2430
2373
2375
2414
2391
2354
2371
2420
2381
2343
2413
2440
2397
2372
2414
2436
2344
2325
2433
2419
2323
2378
2435
2369
2379
2426
2428
2379
2369
2426
2419
2372
2395
2392
2375
2391
2387
2394
2425
2397
2390
2406
2418
2407
2361
2377
2432
2392
2366
2388
2386
2383
2373
2381
2429
2413
2385
2432
2411
2366
2435
2459
2411
2388
2376
2381
2421
2420
2407
2402
2388
2350
2372
2414
2386
2364
2395
2442
2416
2382
2393
2387
2400
2405
2409
2428
2464
2422
2407
2438
2385
2375
2451
2449
2369
2344
2390
2447
2420
2345
2387
2474
2403
2335
2423
2454
2390
2377
2402
2404
2366
2334
2399
2466
2405
2367
2411
2350
2342
2440
2438
2349
2369
2428
2425
2390
2371
2388
2407
2417
2417
2421
2414
2402
2398
2382
2397
2406
2411
2422
2417
2426
2414
2352
2361
2414
2368
2355
2414
2391
2386
2397
2365
2402
2420
2361
2376
2392
2379
2425
2421
2381
2387
2398
2391
2402
2424
2395
2382
2444
2455
2410
2422
2421
2388
2400
2448
2446
2369
2386
2438
2388
2376
2405
2403
2354
2362
2438
2416
2354
2388
2411
2367
2385
2432
2409
2413
2410
2381
2408
2398
2381
2422
2385
2368
2381
2395
2448
2437
2358
2417
2483
2373
2370
2458
2401
2375
2418
2420
2387
2373
2422
2476
2389
2374
2445
2415
2356
2383
2423
2429
2406
2356
2361
2405
2421
2430
2408
2383
2392
2392
2392
2417
2434
2423
2369
2370
2441
2422
2366
2388
2409
2386
2427
2409
2344
2372
2424
2392
2357
2399
2400
2378
2440
2436
2377
2372
2422
2431
2384
2358
2386
2413
2395
2373
2413
2441
2414
2398
2391
2417
2404
2354
2376
2399
2376
2360
2370
2365
2399
2436
2383
2393
2453
2377
2346
2424
2405
2379
2399
2392
2393
2419
2388
2393
2400
2385
2398
2388
2404
2421
2359
2402
2471
2404
2407
2459
2370
2342
2463
2438
2341
2382
2451
2412
2370
2394
2443
2401
2363
2427
2435
2378
2344
2391
2438
2394
2424
2458
2374
2378
2440
2388
2394
2432
2364
2387
2423
2364
2398
2472
2394
2374
2466
2407
2333
2395
2382
2396
2418
2352
2396
2442
2370
2402
2433
2374
2425
2466
2347
2324
2428
2433
2359
2429
2455
2379
2375
2387
2380
2375
2373
2382
2404
2434
2433
2418
2397
2339
2343
2387
2425
2422
2391
2365
2398
2410
2349
2372
2440
2426
2402
2394
2394
2419
2364
2332
2444
2422
2353
2437
2414
2355
2404
2402
2378
2421
2400
2391
2407
2417
2385
2386
2394
2361
2385
2448
2411
2351
2400
2447
2415
2437
2445
2397
2414
2439
2388
2388
2423
2398
2360
2385
2448
2426
2356
2396
2385
2384
2416
2369
2349
2437
2436
2412
2404
2379
2368
2402
2458
2436
2365
2359
2392
2412
2397
2384
2428
2407
2380
2422
2369
2357
2477
2454
2378
2428
2455
2398
2378
2335
2368
2442
2356
2316
2434
2429
2333
2395
2458
2393
2359
2378
2399
2431
2423
2379
2392
2432
2429
2408
2405
2425
2412
2414
2399
2420
2438
2391
2377
2385
2374
2384
2423
2393
2376
2408
2386
2380
2425
2396
2363
2377
2403
2398
2378
2402
2408
2385
2397
2399
2381
2393
2384
2379
2412
2377
2361
2428
2407
2328
2367
2452
2368
2338
2443
2464
2362
2334
2387
2416
2375
2375
2424
2392
2373
2416
2400
2387
2409
2392
2382
2410
2413
2385
2384
2387
2365
2403
2420
2372
2402
2451
2379
2338
2374
2388
2426
2424
2388
2409
2412
2359
2350
2408
2426
2417
2401
2426
2448
2401
2392
2403
2396
2402
2391
2348
2395
2440
2357
2356
2393
2386
2448
2466
2389
2396
2423
2389
2361
2413
2421
2377
2420
2458
2408
2375
2367
2369
2428
2460
2380
2381
2383
2350
2396
2421
2380
2376
2397
2370
2409
2417
2380
2387
2354
2324
2377
2394
2373
2425
2421
2376
2433
2419
2382
2433
2408
2390
2454
2434
2358
2352
2419
2422
2359
2387
2436
2383
2364
2411
2400
2406
2431
2374
2391
2443
2421
2359
2415
2470
2399
2396
2432
2369
2346
2393
2401
2411
2449
2417
2355
2388
2425
2374
2363
2405
2414
2404
2393
2386
2425
2433
2426
2436
2395
2359
2398
2477
2436
2368
2446
2452
2353
2372
2382
2369
2415
2406
2383
2415
2383
2372
2410
2418
2422
2407
2369
2389
2408
2399
2371
2375
2423
2443
2375
2402
2437
2356
2371
2437
2422
2375
2393
2445
2392
2356
2421
2437
2388
2401
2400
2358
2404
2427
2377
2379
2409
2405
2374
2388
2399
2399
2422
2407
2400
2400
2352
2360
2443
2414
2365
2449
2468
2394
2397
2426
2394
2401
2418
2380
2387
2418
2379
2379
2379
2348
2376
2385
2381
2418
2374
2320
2397
2441
2360
2360
2404
2419
2443
2389
2364
2417
2407
2387
2437
2436
2382
2437
2413
2356
2388
2403
2385
2388
2425
2437
2379
2364
2408
2413
2398
2432
2428
2382
2368
2409
2464
2424
2375
2397
2427
2420
2422
2453
2426
2373
2399
2398
2370
2426
2428
2373
2385
2384
2352
2385
2421
2377
2356
2420
2397
2347
2409
2386
2321
2402
2406
2399
2453
2381
2341
2394
2390
2406
2403
2400
2419
2382
2354
2390
2392
2396
2401
2384
2400
2428
2386
2332
2401
2420
2302
2361
2490
2383
2348
2417
2386
2349
2368
2383
2382
2339
2383
2465
2390
2419
2455
2345
2358
2428
2374
2398
2425
2362
2390
2410
2377
2432
2431
2337
2361
2407
2349
2384
2419
2353
2361
2428
2446
2426
2399
2422
2435
2407
2404
2409
2393
2399
2428
2403
2346
2365
2422
2450
2410
2371
2375
2396
2383
2364
2394
2387
2384
2422
2394
2362
2399
2430
2388
2385
2434
2438
2355
2408
2474
2387
2349
2408
2409
2405
2398
2400
2430
2390
2377
2418
2326
2342
2447
2394
2369
2405
2382
2415
2400
2358
2448
2439
2363
2397
2471
2442
2360
2384
2380
2368
2424
2467
2416
2395
2405
2389
2389
2383
2376
2426
2395
2333
2418
2432
2361
2406
2444
2391
2400
2410
2333
2392
2443
2360
2400
2485
2421
2371
2430
2404
2348
2372
2373
2387
2423
2363
2323
2386
2422
2410
2395
2376
2398
2413
2357
2382
2422
2340
2337
2469
2465
2358
2365
2402
2388
2384
2368
2366
2437
2466
2384
2396
2434
2363
2369
2463
2422
2377
2422
2397
2366
2391
2364
2378
2421
2411
2390
2406
2412
2430
2420
2385
2413
2430
2377
2409
2412
2359
2371
2411
2381
2374
2435
2422
2406
2407
2382
2410
2411
2363
2379
2440
2421
2393
2393
2397
2402
2403
2430
2451
2367
2333
2399
2437
2377
2346
2399
2401
2388
2417
2408
2398
2422
2395
2374
2455
2443
2363
2387
2423
2398
2383
2422
2443
2360
2333
2403
2390
2437
2477
2341
2356
2431
2359
2377
2470
2402
2331
2412
2420
2376
2405
2419
2389
2365
2408
2409
2402
2408
2380
2362
2390
2397
2374
2390
2405
2381
2435
2451
2400
2401
2379
2356
2389
2398
2390
2377
2382
2382
2326
2359
2492
2403
2363
2457
2401
2314
2406
2450
2404
2364
2398
2418
2374
2395
2416
2372
2395
2343
2341
2459
2417
2347
2429
2412
2358
2425
2442
2406
2398
2387
2390
2408
2381
2385
2423
2401
2362
2362
2387
2389
2413
2402
2423
2411
2370
2407
2428
2377
2389
2425
2395
2403
2412
2386
2409
2404
2353
2351
2378
2398
2368
2368
2419
2382
2359
2432
2422
2414
2444
2382
2358
2381
2379
2364
2382
2416
2410
2398
2397
2375
2355
2407
2387
2380
2445
2382
2359
2446
2405
2377
2419
2377
2385
2443
2386
2348
2431
2448
2404
2421
2447
2414
2371
2349
2388
2402
2367
2408
2392
2334
2400
2419
2399
2454
2408
2359
2410
2370
2338
2446
2412
2347
2415
2394
2348
2418
2441
2351
2374
2469
2392
2367
2451
2417
2388
2380
2348
2393
2427
2389
2374
2407
2377
2361
2437
2426
2361
2400
2445
2403
2377
2399
2425
2393
2386
2372
2315
2381
2430
2352
2390
2451
2376
2350
2441
2461
2378
2381
2444
2432
2402
2386
2383
2404
2374
2380
2457
2407
2359
2451
2431
2362
2386
2440
2429
2375
2391
2460
2412
2351
2393
2384
2371
2394
2414
2417
2398
2408
2438
2368
2318
2408
2425
2345
2363
2426
2450
2403
2341
2379
2406
2384
2406
2440
2394
2331
2389
2434
2377
2381
2427
2402
2345
2409
2457
2387
2361
2386
2410
2419
2399
2369
2405
2431
2377
2358
2422
2437
2383
2398
2431
2390
2344
2389
2443
2394
2381
2432
2424
2388
2402
2402
2378
2378
2387
2361
2351
2385
2391
2388
2391
2388
2382
2418
2402
2374
2385
2377
2398
2427
2371
2351
2434
2423
2377
2410
2395
2361
2364
2407
2429
2414
2393
2397
2437
2413
2396
2393
2366
2392
2436
2401
2383
2419
2410
2410
2378
2332
2437
2451
2402
2453
2413
2365
2400
2419
2422
2382
2350
2427
2463
2388
2393
2383
2347
2389
2378
2371
2419
2379
2376
2405
2385
2391
2401
2375
2393
2402
2370
2396
2449
2415
2388
2399
2365
2352
2447
2422
2343
2352
2351
2391
2435
2395
2429
2413
2351
2409
2464
2393
2398
2455
2405
2391
2394
2366
2393
2391
2369
2384
2335
2373
2446
2384
2368
2441
2400
2361
2408
2402
2395
2403
2371
2383
2445
2405
2360
2368
2388
2430
2376
2351
2420
2398
2383
2406
2388
2388
2419
2424
2414
2398
2365
2400
2403
2392
2409
2393
2415
2447
2398
2366
2400
2437
2435
2400
2374
2405
2390
2353
2438
2430
2384
2431
2420
2369
2405
2454
2414
2353
2402
2460
2383
2353
2445
2426
2339
2401
2475
2419
2349
2399
2414
2373
2393
2417
2427
2422
2406
2395
2371
2392
2440
2405
2382
2431
2391
2354
2423
2405
2349
2413
2420
2358
2358
2393
2430
2394
2383
2416
2378
2377
2435
2403
2386
2453
2406
2384
2439
2457
2419
2366
2370
2389
2401
2386
2375
2379
2393
2413
2402
2375
2420
2437
2382
2368
2388
2404
2382
2390
2403
2404
2411
2396
2394
2386
2380
2409
2416
2366
2347
2434
2449
2357
2369
2408
2386
2380
2397
2424
2405
2362
2405
2417
2397
2387
2386
2388
2375
2350
2329
2413
2458
2367
2379
2426
2382
2348
2379
2390
2372
2344
2404
2447
2390
2369
2440
2443
2387
2377
2381
2423
2456
2379
2377
2476
2415
2356
2424
2398
2371
2402
2390
2369
2366
2409
2409
2389
2384
2401
2420
2393
2375
2407
2387
2353
2396
2385
2346
2381
2424
2410
2386
2398
2402
2383
2401
2399
2389
2399
2434
2417
2399
2395
2376
2389
2363
2346
2404
2431
2395
2404
2449
2430
2423
2450
2426
2410
2385
2310
2403
2464
2355
2370
2466
2429
2390
2419
2391
2365
2401
2402
2411
2365
2346
2439
2455
2395
2369
2397
2389
2342
2418
2430
2317
2343
2423
2376
2356
2444
2466
2393
2422
2405
2334
2380
2438
2421
2433
2408
2390
2389
2357
2368
2393
2393
2420
2411
2357
2365
2421
2395
2362
2400
2430
2401
2379
2408
2382
2397
2440
2367
2362
2423
2425
2365
2366
2428
2408
2372
2387
2418
2431
2406
2374
2361
2423
2446
2367
2413
2481
2344
2351
2440
2381
2363
2408
2355
2358
2423
2375
2387
2457
2378
2369
2437
2385
2369
2429
2356
2359
2449
2386
2373
2442
2342
2303
2378
2382
2373
2442
2423
2350
2395
2418
2377
2371
2411
2413
2404
2404
2383
2402
2464
2428
2340
2395
2459
2398
2331
2408
2444
2378
2395
2441
2404
2368
2434
2442
2418
2383
2391
2459
2405
2337
2373
2382
2338
2332
2440
2455
2350
2382
2455
2442
2434
2408
2369
2397
2411
2374
2379
2396
2374
2390
2409
2408
2423
2400
2334
2401
2478
2418
2398
2445
2385
2351
2399
2430
2400
2366
2388
2406
2400
2435
2374
2358
2431
2403
2377
2440
2422
2364
2399
2411
2372
2392
2432
2386
2400
2431
2382
2424
2425
2372
2430
2458
2362
2388
2450
2403
2399
2424
2389
2393
2419
2369
2385
2415
2393
2430
2437
2377
2367
2405
2374
2374
2422
2383
2400
2458
2353
2316
2454
2451
2349
2412
2412
2350
2381
2384
2356
2393
2421
2412
2404
2389
2337
2399
2456
2379
2319
2380
2421
2390
2387
2413
2412
2399
2393
2373
2380
2425
2404
2386
2395
2381
2420
2437
2408
2405
2429
2425
2424
2421
2394
2386
2412
2386
2413
2431
2364
2394
2445
2415
2398
2381
2411
2455
2378
2337
2405
2417
2420
2416
2337
2399
2479
2404
2386
2397
2369
2377
2388
2397
2412
2438
2438
2385
2346
2394
2406
2339
2372
2450
2407
2383
2475
2434
2302
2359
2446
2396
2361
2430
2488
2429
2363
2402
2397
2347
2377
2415
2401
2378
2392
2410
2377
2381
2394
2378
2353
2380
2432
2430
2408
2410
2403
2407
2450
2458
2401
2390
2408
2409
2401
2383
2380
2404
2425
2398
2362
2412
2421
2363
2377
2381
2389
2415
2404
2410
2390
2355
2364
2418
2421
2393
2366
2414
2422
2365
2363
2368
2399
2404
2375
2403
2423
2373
2355
2383
2346
2381
2430
2374
2398
2458
2427
2396
2419
2437
2386
2339
2395
2417
2322
2354
2452
2422
2427
2439
2376
2388
2419
2421
2397
2353
2372
2434
2394
2347
2391
2396
2347
2362
2401
2404
2440
2434
2406
2404
2411
2400
2378
2388
2376
2397
2432
2366
2351
2417
2387
2401
2422
2380
2397
2431
2382
2389
2433
2392
2394
2427
2402
2356
2369
2380
2341
2364
2399
2371
2361
2370
2415
2423
2389
2402
2422
2410
2392
2378
2384
2434
2392
2364
2414
2423
2424
2389
2357
2439
2413
2339
2378
2404
2327
2378
2472
2392
2334
2417
2378
2346
2440
2430
2358
2413
2452
2439
2434
2382
2377
2385
2354
2416
2440
2388
2375
2436
2452
2389
2388
2416
2385
2355
2402
2422
2391
2379
2362
2363
2397
2400
2411
2413
2350
2337
2392
2408
2395
2376
2380
2390
2401
2421
2402
2392
2413
2419
2398
2402
2478
2429
2331
2396
2405
2308
2369
2471
2419
2386
2388
2369
2390
2420
2387
2398
2420
2344
2344
2447
2421
2365
2399
2430
2402
2416
2410
2402
2394
2358
2366
2403
2373
2356
2429
2491
2377
2372
2442
2379
2394
2432
2367
2399
2424
2361
2393
2404
2383
2385
2370
2367
2418
2379
2328
2360
2404
2412
2420
2410
2395
2400
2394
2377
2396
2408
2389
2407
2370
2377
2406
2395
2389
2401
2374
2369
2396
2440
2405
2359
2449
2479
2353
2372
2440
2379
2364
2398
2342
2398
2475
2394
2366
2430
2422
2431
2439
2399
2422
2442
2366
2343
2401
2392
2325
2375
2430
2400
2414
2422
2390
2416
2404
2369
2400
2405
2383
2402
2379
2406
2415
2340
2378
2447
2392
2419
2423
2372
2433
2458
2360
2383
2418
2377
2388
2419
2383
2388
2429
2428
2402
2402
2422
2366
2323
2434
2439
2352
2375
2412
2396
2390
2437
2451
2388
2401
2403
2370
2417
2400
2364
2448
2455
2400
2410
2419
2404
2432
2404
2399
2418
2369
2368
2432
2430
2422
2396
2346
2368
2411
2407
2384
2387
2424
2375
2345
2424
2393
2314
2372
2415
2361
2359
2413
2411
2393
2386
2400
2380
2370
2400
2425
2402
2399
2393
2404
2409
2366
2319
2379
2483
2426
2348
2433
2450
2362
2417
2455
2411
2415
2443
2407
2417
2432
2394
2382
2426
2421
2409
2432
2388
2367
2423
2415
2399
2434
2393
2376
2431
2418
2396
2421
2426
2426
2355
2317
2433
2443
2338
2376
2419
2347
2402
2435
2378
2393
2422
2363
2374
2420
2375
2352
2404
2437
2420
2417
2437
2401
2376
2404
2402
2373
2394
2375
2326
2411
2468
2390
2365
2402
2421
2396
2363
2384
2441
2438
2400
2398
2397
2415
2417
2386
2394
2406
2383
2408
2386
2307
2321
2370
2391
2382
2373
2409
2434
2402
2373
2394
2385
2369
2405
2385
2367
2399
2372
2326
2339
2431
2408
2320
2383
2412
2383
2411
2383
2356
2418
2448
2408
2402
2375
2388
2428
2433
2404
2382
2398
2422
2369
2376
2475
2441
2359
2415
2439
2383
2401
2420
2380
2371
2412
2403
2388
2378
2385
2422
2411
2384
2395
2411
2368
2387
2428
2392
2378
2400
2398
2387
2370
2392
2436
2415
2377
2428
2445
2382
2377
2440
2388
2360
2432
2411
2373
2411
2407
2413
2375
2314
2406
2482
2425
2388
2420
2381
2369
2421
2383
2379
2440
2429
2325
2323
2408
2365
2352
2414
2382
2391
2439
2366
2367
2450
2372
2363
2429
2357
2350
2458
2412
2357
2417
2400
2391
2421
2390
2380
2400
2376
2369
2411
2407
2380
2393
2436
2407
2342
2398
2423
2367
2364
2408
2417
2411
2390
2381
2397
2376
2354
2414
2419
2347
2391
2403
2370
2405
2381
2368
2405
2388
2395
2401
2337
2370
2418
2359
2391
2416
2392
2425
2427
2401
2384
2364
2380
2430
2361
2305
2398
2423
2376
2398
2399
2382
2405
2394
2389
2432
2380
2317
2414
2448
2374
2394
2430
2364
2365
2447
2408
2387
2412
2365
2382
2416
2395
2395
2401
2409
2439
2393
2361
2420
2432
2360
2376
2446
2375
2352
2456
2390
2339
2412
2362
2330
2423
2388
2378
2456
2404
2349
2377
2359
2385
2408
2362
2364
2418
2374
2318
2367
2408
2376
2387
2426
2400
2375
2383
2380
2420
2424
2365
2387
2415
2367
2370
2404
2366
2387
2442
2417
2385
2447
2464
2357
2353
2439
2410
2375
2360
2399
2417
2339
2357
2444
2400
2373
2444
2431
2394
2410
2379
2358
2343
2381
2409
2394
2377
2375
2378
2391
2414
2408
2378
2375
2403
2396
2358
2387
2395
2399
2415
2400
2391
2397
2396
2356
2382
2414
2394
2391
2385
2362
2422
2470
2413
2356
2387
2444
2408
2355
2433
2479
2399
2339
2407
2429
2374
2387
2412
2422
2408
2367
2392
2415
2402
2384
2387
2412
2384
2392
2414
2397
2400
2393
2419
2448
2380
2343
2421
2402
2355
2409
2411
2378
2406
2402
2372
2404
2381
2325
2393
2412
2350
2417
2427
2347
2382
2412
2378
2378
2387
2396
2380
2389
2450
2430
2393
2381
2378
2391
2392
2371
2435
2446
2351
2377
2419
2339
2363
2454
2386
2338
2383
2365
2335
2399
2402
2371
2408
2360
2332
2423
2418
2387
2475
2470
2377
2424
2463
2375
2386
2413
2356
2349
2422
2410
2387
2409
2381
2358
2437
2433
2374
2354
2387
2447
2421
2345
2389
2459
2386
2358
2417
2403
2388
2432
2418
2373
2386
2395
2390
2378
2362
2396
2409
2372
2408
2422
2381
2399
2432
2398
2406
2423
2378
2379
2403
2391
2412
2396
2400
2440
2415
2398
2444
2370
2359
2416
2412
2392
2399
2409
2414
2420
2396
2350
2380
2427
2392
2377
2469
2438
2339
2391
2446
2394
2387
2439
2429
2377
2353
2359
2424
2410
2367
2393
2421
2378
2365
2433
2447
2427
2386
2331
2409
2438
2362
2373
2435
2402
2356
2386
2380
2366
2447
2423
2382
2419
2388
2349
2417
2406
2347
2388
2391
2377
2401
2373
2381
2406
2398
2376
2401
2388
2358
2398
2424
2380
2401
2411
2365
2392
2463
2394
2352
2457
2440
2329
2381
2483
2427
2351
2396
2420
2395
2411
2459
2438
2359
2359
2460
2436
2370
2376
2396
2428
2441
2358
2357
2438
2430
2391
2411
2397
2359
2368
2429
2406
2387
2438
2435
2359
2377
2428
2385
2368
2419
2382
2350
2436
2413
2341
2408
2382
2379
2413
2383
2410
2458
2410
2384
2410
2410
2421
2435
2425
2380
2358
2438
2420
2331
2406
2421
2374
2438
2430
2365
2378
2389
2356
2371
2403
2361
2369
2458
2395
2328
2419
2470
2405
2352
2404
2423
2343
2342
2410
2432
2398
2369
2431
2427
2373
2416
2447
2380
2339
2414
2445
2360
2390
2447
2371
2358
2420
2365
2327
2381
2431
2419
2401
2403
2424
2416
2394
2386
2395
2426
2406
2383
2419
2393
2382
2421
2417
2400
2368
2380
2412
2390
2378
2383
2383
2395
2406
2393
2422
2450
2398
2357
2387
2409
2435
2414
2368
2370
2377
2423
2427
2399
2438
2414
2336
2428
2440
2373
2423
2398
2364
2397
2402
2409
2393
2366
2387
2401
2405
2432
2370
2371
2449
2405
2367
2437
2440
2375
2361
2383
2409
2390
2352
2386
2449
2413
2344
2405
2440
2355
2341
2405
2389
2356
2385
2409
2399
2414
2397
2356
2386
2425
2407
2388
2384
2403
2397
2379
2390
2427
2408
2396
2389
2429
2430
2399
2423
2424
2376
2415
2438
2397
2379
2419
2430
2420
2421
2413
2410
2369
2342
2367
2373
2365
2375
2401
2394
2352
2404
2434
2390
2369
2403
2424
2395
2407
2459
2451
2414
2397
2389
2359
2386
2437
2433
2421
2398
2407
2409
2388
2389
2398
2370
2372
2399
2410
2393
2400
2414
2406
2406
2402
2394
2413
2434
2440
2354
2380
2435
2369
2360
2423
2435
2361
2349
2438
2396
2330
2411
2450
2368
2357
2393
2384
2386
2412
2391
2392
2431
2429
2385
2374
2373
2392
2395
2375
2399
2466
2402
2346
2473
2450
2320
2427
2467
2344
2371
2425
2417
2456
2401
2366
2423
2393
2355
2437
2407
2372
2408
2365
2362
2414
2393
2403
2441
2410
2382
2401
2388
2397
2416
2371
2378
2423
2393
2385
2448
2427
2368
2373
2411
2437
2423
2403
2420
2416
2336
2345
2439
2399
2324
2392
2402
2339
2365
2395
2401
2436
2425
2355
2370
2425
2392
2402
2436
2373
2323
2410
2443
2385
2395
2457
2427
2425
2435
2379
2389
2464
2412
2372
2419
2401
2343
2351
2431
2442
2348
2381
2445
2428
2369
2394
2456
2395
2328
2413
2403
2322
2366
2425
2390
2410
2450
2423
2413
2405
2363
2378
2419
2409
2416
2405
2356
2337
2382
2417
2380
2380
2403
2362
2376
2426
2382
2350
2411
2418
2391
2423
2413
2382
2375
2415
2447
2360
2336
2403
2414
2384
2378
2399
2434
2432
2359
2367
2426
2391
2357
2387
2420
2385
2407
2416
2366
2365
2405
2383
2381
2380
2367
2426
2424
2331
2369
2415
2380
2381
2394
2387
2411
2415
2353
2381
2455
2380
2334
2423
2440
2370
2366
2410
2404
2372
2395
2420
2393
2377
2368
2387
2410
2398
2387
2392
2402
2400
2398
2391
2438
2422
2380
2396
2410
2402
2393
2375
2406
2405
2354
2376
2433
2385
2360
2440
2420
2353
2397
2435
2387
2374
2426
2445
2366
2322
2371
2408
2378
2351
2410
2424
2372
2376
2407
2435
2437
2413
2386
2425
2408
2355
2409
2420
2347
2352
2386
2398
2430
2432
2384
2398
2411
2371
2340
2417
2454
2369
2373
2441
2414
2369
2366
2390
2393
2435
2400
2348
2419
2402
2356
2441
2451
2393
2389
2355
2366
2418
2383
2383
2462
2403
2370
2447
2418
2370
2366
2383
2473
2463
2351
2398
2453
2357
2358
2438
2363
2351
2433
2401
2366
2400
2400
2411
2454
2394
2334
2399
2383
2399
2453
2408
2395
2424
2324
2315
2451
2439
2363
2357
2373
2405
2406
2389
2393
2409
2436
2432
2439
2463
2395
2331
2402
2446
2384
2389
2425
2405
2377
2366
2387
2402
2383
2374
2423
2442
2425
2397
2340
2401
2460
2396
2386
2452
2429
2387
2358
2368
2431
2417
2363
2374
2386
2363
2446
2450
2350
2382
2490
2425
2340
2410
2417
2371
2425
2446
2388
2357
2389
2424
2405
2362
2342
2364
2419
2393
2345
2400
2414
2397
2396
2360
2374
2424
2395
2395
2420
2420
2434
2413
2372
2364
2379
2366
2371
2396
2400
2406
2404
2410
2409
2410
2387
2384
2400
2417
2387
2374
2423
2394
2370
2379
2373
2425
2414
2339
2361
2432
2399
2362
2408
2425
2407
2417
2413
2390
2429
2441
2390
2385
2401
2396
2423
2419
2374
2415
2415
2368
2398
2441
2396
2459
2476
2347
2336
2441
2431
2351
2393
2484
2369
2301
2420
2439
2380
2404
2383
2392
2438
2399
2401
2399
2329
2353
2447
2423
2366
2419
2463
2393
2360
2400
2433
2407
2365
2396
2435
2392
2365
2377
2353
2398
2456
2425
2401
2384
2362
2394
2411
2394
2385
2417
2455
2449
2377
2373
2436
2360
2329
2390
2409
2388
2361
2341
2399
2424
2370
2416
2463
2384
2376
2466
2410
2366
2421
2405
2365
2399
2435
2406
2398
2403
2389
2376
2443
2459
2347
2379
2460
2377
2364
2427
2424
2420
2422
2385
2367
2416
2408
2392
2409
2354
2375
2448
2363
2322
2404
2399
2346
2393
2417
2384
2392
2409
2410
2404
2423
2412
2388
2407
2402
2410
2399
2400
2420
2422
2395
2413
2457
2451
2393
2377
2411
2409
2327
2337
2433
2424
2383
2415
2385
2366
2414
2417
2389
2407
2421
2410
2400
2396
2410
2396
2362
2365
2384
2391
2411
2406
2378
2386
2395
2391
2387
2385
2366
2377
2421
2398
2412
2412
2392
2435
2438
2360
2363
2383
2360
2406
2436
2399
2428
2441
2393
2363
2387
2426
2383
2377
2437
2418
2365
2397
2431
2411
2388
2409
2412
2357
2375
2436
2410
2398
2417
2374
2372
2433
2373
2307
2451
2476
2307
2330
2437
2350
2344
2426
2388
2357
2389
2401
2411
2401
2419
2421
2377
2390
2435
2403
2355
2355
2374
2382
2395
2450
2468
2394
2369
2419
2430
2375
2380
2416
2384
2404
2423
2392
2433
2441
2320
2364
2439
2336
2325
2429
2411
2363
2405
2427
2411
2351
2362
2440
2405
2346
2395
2400
2377
2403
2407
2376
2403
2438
2418
2373
2386
2412
2390
2392
2422
2405
2365
2365
2402
2385
2398
2405
2408
2427
2410
2396
2416
2401
2393
2416
2404
2374
2419
2402
2332
2379
2432
2397
2363
2404
2420
2386
2403
2359
2306
2416
2431
2293
2362
2454
2354
2338
2416
2393
2379
2385
2353
2416
2431
2329
2411
2485
2375
2319
2367
2401
2409
2383
2371
2384
2354
2357
2394
2365
2385
2471
2414
2363
2416
2408
2357
2422
2472
2423
2404
2415
2382
2340
2402
2438
2417
2419
2373
2390
2455
2394
2355
2410
2405
2400
2415
2388
2424
2423
2331
2388
2447
2408
2412
2401
2370
2386
2369
2365
2409
2416
2366
2388
2389
2380
2481
2476
2361
2398
2454
2400
2373
2423
2387
2370
2453
2371
2294
2432
2451
2331
2391
2483
2409
2394
2415
2379
2382
2394
2384
2409
2390
2365
2409
2428
2393
2394
2391
2314
2375
2446
2342
2342
2437
2400
2371
2437
2405
2368
2369
2411
2424
2369
2386
2456
2379
2375
2463
2441
2355
2410
2426
2357
2389
2440
2400
2411
2428
2399
2407
2393
2379
2426
2394
2378
2466
2447
2343
2408
2426
2372
2388
2400
2401
2402
2379
2368
2414
2430
2392
2396
2430
2418
2356
2390
2456
2433
2422
2415
2372
2413
2409
2348
2429
2445
2345
2428
2487
2372
2362
2416
2354
2344
2413
2407
2343
2344
2404
2394
2322
2372
2464
2418
2400
2437
2374
2368
2390
2359
2420
2436
2373
2380
2388
2365
2377
2359
2394
2447
2384
2386
2471
2438
2375
2386
2387
2403
2423
2390
2408
2439
2380
2376
2419
2371
2358
2423
2422
2404
2388
2394
2419
2412
2391
2396
2382
2382
2417
2393
2382
2383
2368
2390
2412
2391
2396
2412
2357
2374
2463
2417
2352
2401
2432
2384
2390
2410
2388
2398
2381
2371
2415
2398
2406
2429
2408
2427
2435
2367
2393
2419
2366
2387
2395
2377
2430
2416
2352
2410
2417
2353
2380
2429
2436
2419
2368
2410
2467
2418
2413
2448
2366
2307
2406
2437
2380
2401
2420
2352
2327
2369
2422
2403
2358
2380
2452
2403
2341
2435
2429
2328
2361
2451
2423
2356
2362
2386
2408
2397
2304
2365
2441
2360
2355
2466
2396
2330
2414
2427
2405
2408
2375
2418
2366
2322
2445
2473
2379
2393
2441
2427
2401
2370
2387
2416
2385
2396
2407
2412
2390
2370
2373
2437
2443
2390
2380
2440
2376
2331
2443
2455
2377
2398
2438
2380
2371
2424
2403
2382
2434
2415
2359
2394
2380
2369
2430
2393
2386
2426
2365
2399
2479
2398
2324
2373
2395
2378
2415
2385
2386
2420
2363
2371
2417
2378
2364
2441
2435
2394
2378
2398
2435
2436
2378
2397
2431
2408
2390
2394
2395
2357
2378
2412
2362
2398
2446
2384
2343
2446
2448
2326
2396
2493
2366
2327
2460
2444
2340
2383
2449
2428
2360
2363
2412
2390
2349
2392
2399
2323
2363
2451
2417
2395
2395
2386
2384
2369
2416
2398
2339
2387
2396
2361
2459
2447
2307
2390
2491
2421
2389
2400
2418
2419
2369
2400
2482
2449
2371
2384
2411
2404
2389
2395
2401
2385
2409
2411
2359
2362
2419
2444
2410
2410
2414
2396
2383
2374
2379
2364
2343
2384
2443
2357
2315
2439
2475
2355
2352
2440
2410
2385
2407
2414
2389
2384
2435
2411
2347
2364
2405
2406
2365
2375
2408
2386
2387
2416
2395
2370
2386
2417
2415
2392
2391
2431
2407
2375
2412
2388
2365
2373
2390
2402
2363
2373
2427
2367
2339
2391
2373
2374
2365
2336
2390
2431
2375
2361
2383
2394
2435
2403
2330
2395
2468
2396
2382
2475
2449
2367
2362
2411
2424
2377
2401
2421
2397
2382
2368
2399
2404
2334
2393
2469
2391
2381
2414
2411
2404
2417
2376
2376
2456
2399
2380
2444
2389
2364
2421
2415
2376
2395
2409
2411
2397
2395
2416
2406
2404
2433
2397
2351
2398
2472
2424
2380
2405
2422
2421
2363
2348
2423
2423
2391
2455
2447
2372
2402
2419
2389
2397
2419
2375
2385
2432
2420
2425
2406
2360
2372
2422
2435
2376
2350
2438
2463
2404
2398
2415
2404
2387
2353
2377
2441
2408
2351
2407
2428
2376
2413
2427
2383
2393
2388
2344
2416
2429
2367
2375
2391
2388
2415
2345
2330
2416
2410
2379
2407
2434
2403
2350
2387
2449
2388
2316
2389
2435
2396
2378
2400
2419
2402
2375
2406
2416
2393
2381
2413
2429
2428
2398
2391
2390
2361
2316
2381
2436
2405
2357
2365
2385
2414
2416
2361
2404
2462
2397
2394
2431
2350
2346
2465
2409
2344
2421
2418
2370
2433
2458
2391
2361
2351
2349
2379
2366
2373
2387
2363
2359
2414
2404
2385
2454
2453
2378
2387
2424
2390
2386
2424
2375
2366
2403
2408
2394
2377
2371
2413
2420
2391
2375
2426
2448
2404
2368
2401
2433
2422
2398
2368
2385
2412
2379
2384
2431
2389
2341
2397
2402
2361
2393
2440
2407
2378
2391
2384
2383
2391
2364
2375
2396
2395
2418
2436
2411
2378
2390
2415
2381
2359
2403
2437
2442
2428
2377
2357
2417
2418
2394
2426
2414
2370
2434
2443
2358
2392
2429
2405
2404
2400
2399
2378
2338
2355
2411
2471
2427
2347
2414
2490
2397
2378
2458
2442
2383
2368
2415
2480
2380
2295
2405
2471
2364
2388
2436
2339
2353
2443
2368
2355
2438
2425
2404
2426
2398
2386
2379
2418
2441
2383
2403
2407
2342
2390
2421
2365
2409
2411
2363
2429
2450
2400
2421
2419
2387
2394
2385
2408
2422
2422
2409
2389
2381
2376
2434
2433
2349
2401
2426
2378
2421
2460
2396
2389
2411
2379
2406
2392
2364
2398
2403
2370
2405
2442
2354
2323
2401
2432
2402
2368
2381
2393
2373
2384
2389
2421
2431
2375
2388
2418
2390
2383
2421
2419
2409
2446
2395
2353
2383
2401
2378
2367
2367
2380
2380
2393
2381
2400
2395
2392
2432
2393
2337
2431
2451
2353
2395
2481
2381
2365
2433
2404
2429
2427
2358
2407
2447
2367
2379
2448
2433
2426
2399
2382
2384
2349
2361
2401
2411
2402
2332
2352
2451
2442
2363
2387
2432
2371
2343
2387
2408
2376
2351
2424
2428
2381
2408
2416
2356
2386
2430
2395
2384
2399
2397
2416
2376
2357
2414
2403
2364
2424
2438
2370
2380
2386
2335
2405
2434
2380
2362
2380
2412
2399
2360
2385
2459
2450
2392
2387
2390
2390
2404
2385
2392
2408
2392
2391
2421
2425
2397
2408
2442
2402
2357
2393
2432
2421
2379
2355
2402
2414
2369
2421
2424
2356
2389
2452
2406
2406
2427
2392
2381
2388
2401
2403
2358
2392
2450
2400
2370
2413
2403
2309
2354
2436
2341
2323
2464
2453
2358
2410
2403
2385
2416
2359
2353
2420
2380
2359
2416
2362
2375
2469
2395
2339
2397
2432
2405
2371
2375
2424
2427
2389
2407
2401
2362
2424
2447
2350
2352
2379
2351
2403
2414
2357
2397
2424
2378
2395
2420
2409
2400
2377
2370
2396
2420
2378
2350
2406
2398
2374
2438
2438
2372
2385
2387
2370
2419
2444
2439
2431
2381
2400
2423
2392
2375
2367
2434
2443
2362
2407
2470
2388
2393
2453
2375
2359
2421
2398
2382
2402
2379
2391
2399
2398
2407
2370
2371
2465
2398
2318
2440
2440
2294
2375
2431
2400
2480
2429
2325
2374
2421
2403
2416
2403
2384
2433
2402
2359
2424
2478
2405
2333
2392
2449
2403
2412
2457
2419
2402
2443
2452
2389
2387
2411
2373
2360
2435
2453
2389
2403
2406
2350
2414
2431
2324
2385
2441
2374
2393
2443
2383
2360
2388
2403
2404
2360
2382
2453
2431
2342
2350
2435
2407
2377
2452
2421
2357
2384
2392
2391
2402
2407
2414
2438
2410
2377
2390
2435
2440
2391
2378
2362
2376
2424
2419
2396
2354
2366
2390
2379
2374
2381
2411
2431
2352
2333
2402
2379
2340
2417
2406
2334
2381
2400
2402
2436
2367
2339
2392
2388
2398
2417
2368
2375
2433
2392
2352
2412
2394
2326
2391
2461
2421
2429
2401
2337
2393
2438
2389
2381
2418
2401
2365
2397
2423
2396
2360
2350
2377
2388
2389
2415
2428
2402
2417
2414
2418
2429
2407
2397
2416
2418
2392
2411
2419
2357
2382
2428
2385
2406
2443
2398
2382
2432
2406
2390
2410
2416
2408
2416
2405
2409
2439
2437
2427
2421
2384
2373
2404
2409
2425
2419
2390
2421
2416
2353
2383
2459
2421
2392
2410
2404
2389
2402
2406
2439
2426
2378
2391
2422
2394
2400
2406
2352
2367
2414
2360
2390
2447
2386
2347
2413
2431
2390
2363
2463
2448
2296
2360
2482
2397
2383
2414
2399
2422
2386
2352
2451
2425
2366
2450
2486
2417
2401
2401
2380
2371
2368
2386
2386
2355
2363
2360
2360
2411
2414
2414
2440
2410
2346
2371
2392
2360
2358
2360
2363
2401
2448
2414
2368
2389
2388
2356
2366
2353
2350
2395
2400
2368
2410
2412
2404
2416
2385
2405
2427
2374
2392
2459
2398
2372
2455
2406
2345
2398
2443
2403
2367
2420
2422
2385
2420
2434
2381
2392
2412
2411
2401
2425
2439
2387
2373
2427
2415
2404
2418
2394
2400
2489
2464
2366
2413
2450
2380
2363
2419
2404
2347
2400
2456
2413
2366
2354
2389
2417
2392
2377
2412
2402
2360
2399
2411
2379
2396
2385
2380
2420
2421
2370
2354
2400
2421
2364
2392
2447
2384
2339
2401
2378
2408
2434
2366
2366
2361
2343
2441
2429
2337
2386
2415
2344
2386
2436
2361
2390
2463
2375
2357
2404
2412
2420
2385
2356
2392
2415
2407
2405
2393
2409
2389
2355
2405
2431
2375
2360
2414
2398
2389
2432
2413
2340
2362
2419
2374
2379
2448
2372
2329
2432
2427
2339
2400
2453
2375
2392
2438
2415
2340
2356
2449
2412
2340
2381
2436
2414
2404
2413
2411
2385
2360
2426
2403
2326
2388
2407
2375
2381
2399
2427
2445
2373
2363
2444
2407
2379
2435
2436
2414
2387
2404
2420
2393
2393
2417
2402
2423
2428
2382
2382
2404
2396
2400
2381
2382
2438
2431
2425
2457
2375
2382
2456
2387
2378
2435
2363
2364
2410
2372
2380
2419
2409
2435
2434
2397
2399
2374
2363
2365
2393
2430
2387
2357
2365
2366
2362
2425
2467
2365
2358
2457
2410
2336
2406
2438
2387
2403
2452
2432
2386
2394
2401
2405
2367
2382
2434
2399
2377
2424
2385
2353
2399
2378
2400
2470
2414
2373
2376
2382
2372
2337
2389
2437
2372
2385
2388
2362
2417
2395
2349
2411
2432
2374
2394
2453
2389
2328
2402
2424
2364
2393
2382
2354
2429
2383
2334
2393
2394
2386
2386
2392
2409
2396
2399
2404
2383
2386
2395
2370
2372
2401
2396
2424
2438
2392
2371
2408
2414
2443
2424
2366
2369
2408
2394
2402
2375
2388
2429
2365
2330
2403
2410
2401
2417
2403
2390
2400
2385
2371
2385
2394
2404
2416
2393
2404
2427
2377
2389
2434
2395
2398
2454
2374
2337
2451
2449
2385
2393
2387
2378
2382
2405
2409
2359
2409
2465
2384
2339
2377
2388
2373
2364
2400
2432
2370
2364
2402
2370
2357
2401
2399
2400
2433
2432
2416
2420
2390
2359
2406
2441
2367
2390
2438
2375
2388
2433
2411
2408
2395
2384
2433
2398
2340
2408
2422
2374
2407
2371
2363
2408
2385
2371
2422
2411
2337
2385
2417
2416
2412
2371
2435
2430
2349
2377
2404
2373
2374
2392
2413
2458
2381
2342
2415
2410
2351
2364
2408
2427
2422
2387
2365
2447
2424
2343
2405
2473
2406
2380
2478
2446
2358
2426
2404
2369
2444
2427
2355
2414
2463
2361
2383
2463
2428
2364
2390
2411
2418
2415
2407
2392
2418
2400
2398
2398
2388
2394
2432
2405
2381
2359
2371
2412
2414
2381
2402
2396
2385
2425
2432
2383
2404
2444
2392
2360
2422
2375
2338
2443
2452
2381
2435
2409
2383
2420
2408
2405
2410
2368
2357
2372
2398
2409
2371
2395
2420
2394
2434
2462
2410
2381
2403
2420
2421
2406
2386
2363
2403
2427
2442
2401
2381
2462
2449
2357
2404
2486
2413
2337
2422
2456
2352
2373
2460
2385
2385
2460
2427
2387
2416
2409
2369
2396
2440
2405
2353
2404
2420
2395
2409
2392
2429
2489
2409
2375
2445
2429
2391
2365
2383
2459
2423
2355
2431
2421
2383
2416
2379
2357
2426
2388
2360
2446
2421
2361
2428
2405
2381
2441
2427
2387
2403
2397
2374
2412
2404
2351
2416
2449
2341
2368
2439
2354
2358
2415
2360
2360
2415
2397
2386
2403
2415
2419
2408
2399
2391
2384
2389
2381
2393
2415
2420
2385
2392
2440
2395
2363
2412
2409
2398
2394
2389
2401
2424
2422
2395
2394
2401
2411
2419
2405
2393
2404
2397
2397
2453
2432
2413
2441
2392
2409
2462
2387
2385
2444
2399
2402
2441
2374
2356
2444
2400
2380
2434
2373
2341
2445
2438
2357
2402
2411
2341
2388
2444
2419
2354
2369
2413
2396
2384
2406
2426
2441
2437
2396
2403
2440
2427
2405
2408
2380
2360
2393
2406
2364
2349
2361
2391
2403
2375
2375
2387
2391
2427
2396
2353
2404
2407
2369
2393
2385
2407
2396
2361
2397
2382
2346
2442
2419
2358
2429
2409
2367
2439
2455
2396
2368
2355
2354
2399
2428
2410
2423
2417
2408
2435
2386
2382
2416
2359
2368
2482
2427
2334
2395
2434
2403
2399
2368
2369
2422
2414
2386
2444
2412
2333
2402
2422
2354
2397
2418
2351
2370
2398
2389
2391
2401
2406
2384
2357
2382
2394
2377
2410
2453
2390
2350
2383
2402
2404
2376
2403
2450
2393
2376
2421
2413
2376
2430
2430
2379
2391
2431
2422
2398
2394
2405
2395
2398
2413
2421
2411
2376
2394
2463
2443
2378
2388
2428
2422
2423
2404
2376
2410
2394
2345
2387
2455
2419
2386
2398
2401
2404
2406
2380
2351
2363
2392
2402
2407
2399
2401
2418
2408
2356
2412
2470
2390
2353
2402
2400
2391
2415
2415
2399
2405
2436
2435
2393
2377
2401
2417
2386
2382
2406
2423
2435
2412
2400
2386
2400
2433
2382
2398
2415
2372
2378
2424
2380
2359
2359
2378
2419
2415
2392
2392
2372
2372
2394
2398
2405
2393
2362
2387
2413
2390
2390
2432
2397
2353
2396
2405
2360
2422
2457
2362
2337
2379
2381
2400
2389
2376
2382
2381
2430
2448
2390
2363
2364
2384
2414
2410
2401
2389
2397
2417
2394
2377
2398
2400
2422
2437
2388
2388
2425
2415
2411
2426
2400
2380
2381
2375
2374
2369
2398
2412
2407
2397
2392
2391
2352
2359
2441
2418
2357
2387
2411
2393
2323
2327
2426
2410
2346
2425
2493
2413
2347
2380
2417
2394
2390
2428
2409
2406
2441
2407
2374
2383
2358
2382
2424
2365
2367
2424
2397
2369
2428
2388
2335
2395
2404
2399
2398
2364
2415
2445
2322
2346
2469
2424
2358
2411
2406
2363
2428
2443
2361
2361
2420
2428
2409
2415
2394
2407
2438
2385
2369
2390
2370
2387
2402
2385
2393
2394
2399
2403
2385
2389
2418
2402
2358
2447
2463
2349
2373
2467
2420
2352
2408
2453
2391
2343
2382
2420
2425
2409
2379
2397
2409
2337
2351
2430
2352
2319
2418
2406
2373
2446
2417
2354
2403
2402
2353
2407
2453
2399
2360
2398
2414
2388
2362
2389
2443
2416
2347
2374
2413
2409
2392
2372
2389
2426
2417
2401
2430
2405
2332
2382
2442
2385
2374
2444
2413
2349
2380
2418
2424
2402
2383
2395
2399
2394
2398
2404
2398
2363
2367
2429
2439
2405
2422
2423
2368
2406
2444
2402
2410
2454
2408
2356
2369
2405
2425
2351
2320
2397
2432
2427
2411
2385
2395
2417
2371
2404
2431
2346
2372
2431
2408
2407
2459
2395
2326
2397
2462
2407
2365
2418
2441
2390
2349
2442
2469
2365
2353
2391
2410
2384
2362
2414
2446
2395
2383
2424
2410
2391
2372
2381
2409
2376
2375
2422
2381
2384
2413
2391
2390
2396
2404
2419
2378
2353
2419
2428
2352
2382
2422
2370
2408
2422
2334
2401
2462
2378
2395
2437
2386
2399
2378
2348
2430
2429
2364
2380
2425
2405
2379
2387
2400
2401
2439
2415
2351
2427
2452
2386
2431
2441
2352
2383
2419
2398
2407
2384
2379
2402
2333
2382
2457
2375
2398
2482
2396
2349
2395
2382
2408
2441
2360
2345
