2869
2380
1432
1979
2878
2366
1422
1943
2910
2412
1435
1928
2864
2409
1454
1914
2885
2417
1435
1916
2874
2441
1454
1904
2849
2385
1430
1910
2856
2383
1441
1922
2872
2402
1429
1921
2884
2414
1421
1910
2864
2425
1455
1900
2888
2423
1418
1899
2894
2421
1457
1932
2855
2396
1433
1925
2883
2382
1430
1929
2859
2393
1434
1902
2893
2403
1397
1911
2898
2413
1429
1917
2876
2377
1426
1937
2888
2426
1424
1895
2873
2419
1465
1944
2878
2424
1447
1905
2870
2427
1437
1926
2867
2424
1458
1918
2883
2433
1436
1901
2873
2428
1425
1930
2900
2397
1435
1947
2903
2416
1422
1884
2844
2378
1421
1937
2892
2415
1441
1908
2847
2401
1441
1892
2872
2400
1402
1893
2853
2413
1442
1878
2857
2421
1426
1933
2896
2382
1422
1915
2848
2400
1438
1902
2886
2417
1425
1893
2855
2447
1450
1912
2848
2374
1443
1955
2891
2394
1428
1891
2854
2397
1427
1914
2864
2375
1436
1917
2863
2394
1431
1921
2871
2396
1429
1925
2911
2396
1414
1916
2849
2399
1444
1927
2880
2389
1431
1895
2863
2408
1430
1927
2891
2387
1435
1934
2866
2413
1462
1914
2856
2434
1467
1914
2899
2431
1401
1921
2888
2408
1425
1911
2877
2404
1456
1931
2859
2404
1438
1894
2834
2437
1437
1902
2903
2417
1433
1913
2857
2410
1454
1912
2859
2400
1461
1949
2868
2440
1442
1877
2855
2418
1426
1944
2884
2419
1454
1902
2859
2436
1456
1941
2906
2413
1416
1918
2880
2405
1444
1899
2869
2448
1427
1892
2880
2429
1430
1920
2881
2427
1433
1904
2860
2390
1418
1951
2923
2417
1429
1915
2859
2415
1462
1921
2879
2441
1435
1891
2890
2442
1457
1941
2895
2411
1444
1930
2889
2393
1424
1900
2855
2429
1458
1904
2875
2436
1446
1910
2858
2403
1454
1938
2861
2379
1459
1937
2879
2423
1436
1911
2873
2436
1456
1920
2890
2437
1436
1909
2875
2438
1460
1931
2881
2410
1434
1911
2930
2449
1461
1922
2856
2417
1436
1923
2868
2392
1430
1908
2900
2441
1442
1900
2874
2418
1443
1933
2893
2426
1469
1908
2860
2416
1436
1925
2894
2424
1425
1898
2886
2436
1479
1965
2877
2408
1456
1966
2915
2394
1444
1920
2862
2455
1468
1927
2901
2421
1428
1916
2888
2411
1431
1926
2874
2434
1450
1932
2894
2443
1452
1941
2932
2412
1434
1949
2894
2409
1436
1890
2847
2441
1452
1921
2899
2418
1434
1924
2880
2379
1413
1923
2862
2428
1477
1935
2889
2386
1385
1907
2833
2391
1480
1939
2892
2414
1445
1916
2862
2435
1442
1874
2853
2423
1425
1919
2906
2446
1432
1910
2898
2422
1441
1914
2877
2439
1456
1928
2927
2444
1431
1928
2895
2438
1462
1935
2891
2401
1442
1949
2891
2467
1462
1899
2860
2407
1438
1922
2868
2430
1471
1900
2850
2424
1469
1909
2854
2455
1467
1915
2908
2444
1440
1905
2868
2419
1445
1900
2871
2428
1433
1917
2875
2403
1426
1937
2880
2381
1442
1907
2856
2428
1438
1923
2886
2409
1458
1946
2885
2458
1472
1885
2846
2410
1450
1949
2900
2427
1444
1916
2882
2408
1439
1920
2853
2389
1444
1946
2891
2409
1457
1942
2892
2431
1459
1962
2885
2405
1452
1902
2855
2449
1480
1870
2880
2469
1462
1928
2895
2472
1461
1903
2888
2419
1456
1977
2895
2413
1446
1905
2864
2444
1490
1916
2868
2427
1448
1925
2904
2440
1462
1906
2866
2436
1451
1926
2918
2418
1437
1914
2867
2438
1464
1951
2883
2396
1441
1929
2886
2414
1426
1908
2861
2406
1476
1945
2864
2448
1466
1910
2903
2443
1446
1917
2865
2406
1441
1938
2913
2448
1455
1913
2849
2420
1442
1918
2891
2395
1411
1919
2899
2431
1439
1934
2899
2396
1452
1957
2919
2432
1427
1907
2841
2361
1439
1947
2858
2410
1443
1898
2884
2411
1436
1932
2848
2385
1430
1918
2871
2383
1414
1940
2899
2400
1430
1932
2857
2395
1413
1908
2889
2417
1454
1942
2881
2390
1436
1956
2915
2443
1450
1907
2870
2406
1445
1926
2871
2410
1439
1919
2867
2429
1439
1889
2862
2430
1479
1938
2883
2446
1445
1917
2912
2435
1423
1944
2914
2361
1413
1906
2839
2410
1473
1942
2889
2422
1429
1895
2870
2412
1410
1886
2873
2423
1462
1949
2868
2396
1432
1890
2848
2405
1429
1935
2896
2423
1445
1934
2920
2447
1441
1922
2868
2401
1437
1939
2910
2404
1429
1932
2868
2428
1448
1917
2874
2383
1461
1955
2865
2446
1465
1876
2861
2434
1456
1919
2900
2445
1439
1900
2883
2432
1411
1934
2925
2399
1441
1951
2903
2400
1440
1911
2828
2415
1472
1920
2880
2416
1442
1921
2889
2436
1423
1888
2888
2376
1405
1965
2872
2442
1491
1862
2831
2447
1449
1913
2909
2438
1438
1958
2905
2407
1454
1939
2876
2438
1446
1897
2895
2428
1424
1927
2891
2410
1435
1957
2922
2378
1404
1907
2852
2410
1472
1932
2876
2406
1459
1944
2928
2461
1434
1899
2896
2426
1462
1928
2870
2428
1443
1910
2885
2401
1408
1918
2887
2418
1455
1911
2878
2454
1452
1933
2878
2417
1453
1963
2908
2389
1427
1931
2887
2430
1448
1958
2882
2408
1473
1923
2867
2447
1448
1912
2884
2426
1468
1949
2889
2430
1457
1908
2871
2422
1448
1901
2859
2420
1445
1931
2886
2426
1440
1904
2842
2394
1450
1949
2898
2412
1405
1934
2896
2392
1438
1930
2856
2429
1481
1919
2865
2449
1440
1890
2912
2418
1462
1959
2882
2410
1415
1932
2890
2386
1434
1968
2896
2404
1439
1928
2862
2401
1471
1933
2856
2425
1467
1939
2886
2408
1446
1917
2877
2433
1469
1918
2862
2436
1466
1963
2933
2434
1427
1928
2872
2381
1466
1947
2875
2439
1476
1898
2867
2417
1442
1907
2891
2426
1437
1921
2906
2412
1416
1938
2905
2421
1433
1928
2881
2382
1414
1910
2893
2429
1439
1891
2857
2420
1439
1925
2890
2404
1445
1927
2869
2424
1491
1921
2846
2411
1410
1913
2917
2427
1462
1960
2861
2386
1437
1912
2892
2424
1456
1909
2871
2446
1460
1922
2884
2413
1431
1917
2892
2429
1414
1904
2863
2393
1422
1904
2890
2425
1426
1902
2888
2408
1453
1938
2887
2420
1451
1913
2876
2438
1465
1938
2880
2393
1454
1936
2891
2410
1417
1914
2858
2404
1458
1954
2904
2412
1457
1918
2872
2450
1449
1941
2881
2378
1442
1936
2870
2434
1455
1857
2845
2458
1437
1887
2894
2442
1443
1908
2877
2427
1420
1886
2881
2442
1416
1901
2913
2405
1414
1921
2876
2400
1461
1943
2868
2387
1454
1931
2869
2434
1442
1919
2867
2399
1480
1944
2875
2416
1426
1891
2883
2421
1425
1941
2898
2400
1424
1900
2858
2431
1430
1920
2896
2419
1459
1923
2880
2430
1467
1928
2875
2420
1442
1932
2894
2403
1401
1908
2885
2454
1470
1899
2847
2396
1426
1927
2914
2443
1425
1927
2889
2381
1415
1976
2898
2388
1435
1902
2856
2442
1480
1911
2849
2439
1427
1898
2918
2436
1415
1910
2868
2412
1443
1919
2899
2414
1439
1923
2890
2419
1417
1911
2871
2408
1451
1930
2899
2420
1417
1861
2837
2379
1411
1937
2896
2402
1446
1929
2854
2386
1464
1937
2835
2426
1443
1869
2872
2440
1443
1872
2835
2457
1449
1917
2891
2407
1419
1905
2890
2413
1427
1914
2850
2398
1460
1923
2881
2420
1410
1925
2893
2388
1426
1946
2887
2390
1426
1912
2842
2379
1414
1905
2870
2424
1441
1884
2880
2409
1442
1933
2846
2379
1425
1911
2858
2400
1465
1906
2860
2419
1430
1900
2838
2392
1447
1934
2888
2436
1450
1894
2867
2404
1432
1929
2868
2408
1406
1878
2864
2420
1446
1910
2863
2393
1440
1899
2831
2421
1425
1868
2879
2467
1445
1915
2924
2428
1420
1903
2886
2438
1459
1915
2868
2388
1428
1916
2870
2432
1449
1895
2879
2416
1435
1937
2903
2418
1454
1929
2862
2425
1451
1921
2883
2407
1421
1934
2872
2390
1444
1896
2859
2411
1416
1899
2851
2373
1429
1927
2861
2444
1473
1870
2866
2432
1427
1933
2874
2414
1423
1879
2855
2407
1430
1905
2873
2420
1407
1883
2874
2427
1448
1926
2879
2420
1426
1913
2910
2417
1420
1911
2862
2414
1423
1884
2866
2420
1414
1891
2902
2432
1402
1904
2915
2412
1429
1917
2870
2408
1434
1885
2863
2417
1440
1912
2856
2391
1423
1926
2861
2395
1424
1912
2874
2414
1446
1934
2883
2427
1437
1874
2845
2428
1453
1949
2897
2379
1400
1904
2868
2451
1468
1908
2881
2433
1436
1931
2890
2410
1450
1899
2848
2411
1478
1918
2849
2399
1438
1928
2895
2411
1448
1931
2855
2413
1448
1908
2896
2415
1427
1915
2886
2430
1451
1931
2887
2430
1444
1880
2862
2451
1475
1886
2843
2433
1433
1933
2913
2412
1412
1901
2870
2405
1436
1937
2868
2441
1460
1883
2850
2408
1422
1925
2887
2388
1423
1908
2877
2405
1405
1900
2871
2417
1452
1909
2873
2388
1427
1925
2881
2411
1442
1926
2879
2387
1469
1944
2863
2435
1439
1865
2868
2434
1442
1907
2891
2419
1411
1896
2833
2375
1441
1936
2868
2420
1442
1907
2912
2417
1405
1912
2879
2425
1451
1923
2888
2413
1447
1922
2864
2429
1461
1884
2842
2422
1455
1894
2880
2438
1411
1872
2861
2391
1437
1955
2890
2431
1455
1882
2879
2429
1420
1889
2858
2412
1446
1918
2892
2437
1464
1921
2859
2421
1450
1922
2879
2400
1396
1903
2895
2460
1443
1902
2894
2409
1464
1968
2882
2404
1457
1884
2815
2424
1471
1901
2890
2425
1428
1952
2913
2397
1420
1914
2836
2396
1436
1886
2877
2423
1453
1900
2859
2446
1455
1927
2876
2373
1397
1886
2844
2406
1449
1905
2851
2440
1475
1932
2908
2456
1434
1894
2892
2415
1421
1938
2901
2421
1406
1898
2875
2399
1440
1911
2880
2422
1444
1919
2886
2408
1418
1901
2863
2423
1452
1937
2866
2376
1431
1939
2882
2436
1447
1885
2869
2403
1424
1939
2905
2417
1432
1899
2857
2426
1426
1916
2901
2454
1437
1889
2885
2408
1412
1942
2876
2390
1418
1909
2880
2404
1429
1903
2863
2448
1465
1922
2904
2431
1434
1882
2860
2419
1412
1886
2878
2403
1437
1932
2895
2411
1435
1908
2882
2421
1465
1941
2873
2414
1460
1901
2890
2435
1421
1924
2896
2426
1448
1966
2904
2384
1429
1916
2853
2419
1438
1904
2871
2397
1443
1949
2885
2440
1462
1887
2852
2440
1458
1901
2887
2442
1427
1878
2838
2367
1411
1934
2896
2400
1431
1907
2887
2434
1432
1929
2883
2380
1420
1937
2892
2427
1454
1902
2857
2401
1444
1932
2877
2401
1452
1929
2857
2438
1463
1913
2881
2408
1422
1887
2879
2460
1458
1877
2855
2443
1459
1916
2883
2399
1420
1918
2898
2440
1457
1921
2850
2426
1462
1901
2883
2404
1450
1919
2858
2432
1465
1937
2895
2418
1438
1871
2851
2443
1483
1903
2866
2430
1440
1922
2908
2433
1432
1910
2903
2439
1449
1927
2885
2440
1464
1881
2869
2443
1442
1910
2887
2399
1417
1906
2892
2401
1430
1907
2859
2446
1461
1913
2880
2375
1402
1938
2907
2401
1437
1935
2853
2371
1447
1939
2877
2432
1447
1906
2882
2420
1433
1937
2885
2385
1436
1924
2866
2425
1447
1945
2886
2414
1456
1905
2850
2434
1473
1904
2856
2424
1422
1898
2888
2410
1441
1932
2882
2420
1425
1887
2886
2446
1459
1907
2871
2429
1445
1890
2888
2396
1397
1924
2897
2386
1423
1920
2872
2410
1437
1897
2849
2416
1434
1907
2912
2431
1427
1939
2881
2398
1458
1934
2856
2409
1447
1903
2872
2451
1461
1917
2867
2426
1449
1933
2899
2422
1419
1912
2871
2408
1431
1953
2890
2408
1439
1925
2883
2432
1448
1926
2885
2414
1433
1941
2884
2418
1473
1923
2873
2424
1455
1913
2865
2420
1434
1912
2898
2447
1440
1887
2888
2450
1430
1934
2934
2432
1413
1897
2878
2401
1436
1947
2908
2416
1421
1908
2870
2396
1438
1965
2904
2441
1475
1928
2869
2408
1430
1929
2880
2422
1465
1938
2896
2440
1453
1891
2872
2481
1449
1889
2870
2416
1427
1927
2856
2422
1441
1889
2881
2403
1440
1918
2875
2431
1423
1903
2897
2417
1436
1916
2862
2425
1452
1902
2899
2436
1419
1933
2869
2399
1459
1973
2882
2381
1412
1909
2898
2419
1399
1874
2849
2399
1448
1949
2886
2428
1413
1871
2864
2428
1433
1946
2893
2387
1425
1921
2851
2416
1458
1912
2894
2436
1414
1919
2914
2381
1438
1935
2859
2446
1467
1896
2866
2411
1430
1923
2889
2431
1453
1920
2867
2416
1467
1910
2872
2423
1421
1901
2882
2412
1435
1950
2922
2429
1449
1916
2851
2446
1472
1913
2885
2435
1439
1928
2896
2406
1426
1922
2854
2415
1450
1907
2885
2405
1439
1913
2870
2422
1459
1925
2885
2421
1459
1932
2889
2429
1431
1872
2839
2430
1456
1921
2894
2425
1439
1928
2887
2408
1447
1966
2927
2441
1448
1943
2902
2450
1449
1884
2850
2455
1475
1947
2906
2425
1442
1917
2851
2399
1455
1918
2863
2434
1491
1916
2891
2459
1421
1882
2868
2410
1449
1934
2864
2414
1464
1934
2860
2401
1469
1939
2888
2439
1474
1947
2909
2446
1447
1933
2897
2401
1441
1929
2866
2402
1444
1933
2879
2452
1450
1881
2846
2436
1466
1943
2923
2438
1417
1907
2890
2437
1468
1931
2853
2394
1409
1881
2868
2405
1419
1913
2878
2410
1431
1919
2922
2452
1433
1903
2882
2427
1441
1907
2878
2414
1422
1890
2871
2422
1441
1906
2880
2419
1451
1947
2889
2421
1453
1909
2869
2388
1460
1933
2867
2430
1439
1891
2865
2434
1462
1912
2840
2415
1469
1905
2886
2456
1459
1894
2878
2424
1447
1914
2872
2418
1442
1935
2873
2448
1486
1905
2881
2462
1440
1910
2891
2420
1452
1902
2861
2410
1419
1942
2876
2381
1436
1934
2866
2404
1442
1936
2902
2405
1446
1926
2849
2404
1464
1908
2852
2415
1445
1931
2874
2380
1442
1917
2873
2430
1450
1882
2867
2428
1459
1935
2878
2437
1437
1919
2881
2378
1451
1948
2878
2418
1456
1943
2916
2392
1411
1967
2877
2401
1453
1905
2866
2425
1439
1890
2847
2435
1431
1906
2899
2400
1408
1914
2889
2437
1453
1920
2863
2384
1429
1940
2860
2389
1437
1884
2834
2439
1462
1903
2888
2420
1401
1907
2888
2414
1461
1931
2857
2407
1421
1894
2885
2425
1458
1910
2858
2444
1464
1903
2866
2409
1422
1895
2894
2422
1411
1889
2882
2393
1404
1915
2868
2437
1463
1897
2865
2438
1451
1939
2910
2437
1412
1920
2921
2432
1427
1934
2878
2415
1473
1916
2888
2437
1421
1866
2840
2413
1435
1933
2916
2413
1421
1871
2869
2469
1455
1886
2850
2390
1445
1958
2888
2410
1430
1891
2830
2418
1448
1906
2870
2431
1469
1911
2883
2437
1426
1893
2874
2424
1434
1913
2884
2402
1435
1906
2863
2426
1464
1910
2874
2407
1416
1917
2882
2451
1464
1900
2888
2414
1434
1907
2883
2438
1420
1886
2866
2399
1425
1895
2853
2383
1425
1884
2848
2420
1430
1911
2883
2397
1424
1910
2865
2395
1420
1888
2853
2397
1416
1892
2857
2409
1433
1881
2842
2410
1416
1915
2875
2395
1445
1941
2877
2409
1446
1894
2849
2397
1436
1918
2878
2422
1432
1902
2854
2404
1430
1895
2883
2415
1443
1906
2894
2449
1433
1891
2865
2420
1432
1924
2868
2386
1412
1879
2858
2407
1432
1905
2859
2429
1453
1893
2852
2458
1453
1858
2868
2417
1431
1928
2873
2424
1433
1878
2880
2403
1431
1927
2865
2359
1416
1934
2903
2396
1444
1916
2855
2406
1438
1900
2875
2411
1443
1907
2877
2413
1429
1909
2875
2413
1435
1913
2878
2423
1439
1930
2886
2382
1434
1937
2848
2392
1423
1888
2857
2412
1431
1901
2886
2414
1432
1911
2906
2381
1421
1911
2845
2431
1472
1908
2864
2442
1450
1881
2900
2464
1421
1886
2890
2392
1413
1954
2881
2408
1442
1898
2848
2388
1449
1935
2850
2436
1481
1875
2858
2449
1416
1877
2876
2418
1439
1897
2890
2379
1391
1914
2856
2416
1452
1898
2872
2410
1435
1913
2873
2424
1443
1925
2883
2425
1458
1914
2870
2442
1434
1883
2879
2413
1402
1930
2886
2443
1472
1886
2874
2434
1424
1901
2869
2381
1421
1927
2859
2385
1455
1913
2831
2396
1432
1932
2885
2398
1462
1931
2884
2427
1442
1894
2859
2396
1450
1956
2889
2370
1398
1909
2839
2396
1451
1908
2864
2442
1452
1891
2898
2402
1417
1924
2858
2396
1446
1901
2858
2378
1393
1901
2857
2413
1478
1921
2855
2393
1400
1903
2868
2413
1437
1898
2887
2415
1426
1919
2902
2398
1409
1951
2891
2393
1461
1968
2884
2413
1423
1852
2897
2450
1421
1927
2877
2408
1457
1920
2882
2408
1437
1895
2859
2425
1448
1928
2903
2398
1424
1940
2853
2406
1445
1916
2878
2411
1441
1949
2899
2397
1436
1941
2875
2378
1440
1982
2895
2374
1420
1880
2836
2433
1479
1918
2852
2415
1438
1922
2893
2406
1411
1904
2875
2449
1470
1913
2860
2388
1423
1906
2863
2421
1444
1907
2848
2387
1446
1965
2874
2419
1436
1878
2865
2432
1457
1951
2886
2396
1431
1914
2891
2425
1425
1890
2868
2410
1437
1918
2891
2390
1418
1931
2878
2422
1439
1919
2890
2402
1423
1895
2886
2438
1436
1900
2851
2400
1430
1930
2890
2424
1404
1859
2876
2424
1425
1930
2894
2394
1421
1925
2886
2394
1435
1911
2869
2418
1431
1894
2873
2425
1423
1885
2862
2414
1399
1907
2878
2368
1433
1953
2882
2390
1440
1928
2884
2415
1477
1947
2882
2434
1429
1893
2861
2347
1406
1937
2860
2396
1446
1926
2875
2419
1454
1909
2852
2411
1442
1951
2885
2363
1433
1949
2854
2416
1475
1930
2880
2416
1408
1896
2910
2433
1417
1898
2868
2398
1439
1925
2889
2452
1440
1873
2845
2425
1469
1915
2891
2430
1429
1898
2857
2410
1452
1924
2886
2374
1421
1924
2873
2405
1431
1899
2867
2431
1470
1933
2885
2405
1431
1905
2875
2436
1449
1903
2856
2394
1440
1945
2897
2435
1433
1881
2885
2423
1416
1916
2882
2399
1418
1878
2854
2417
1436
1901
2861
2416
1450
1914
2909
2452
1447
1897
2882
2429
1438
1935
2871
2400
1440
1898
2895
2421
1415
1885
2844
2407
1453
1914
2877
2424
1459
1894
2853
2407
1417
1918
2888
2422
1455
1912
2871
2414
1424
1904
2851
2392
1414
1905
2883
2430
1467
1928
2872
2426
1447
1903
2863
2409
1438
1903
2855
2412
1433
1914
2857
2380
1449
1931
2883
2421
1417
1858
2875
2419
1421
1903
2855
2397
1444
1877
2834
2429
1444
1932
2898
2409
1433
1898
2861
2410
1437
1885
2842
2411
1435
1948
2897
2390
1417
1896
2856
2456
1473
1854
2854
2408
1437
1913
2845
2409
1420
1871
2863
2420
1459
1954
2888
2397
1442
1921
2863
2407
1421
1947
2900
2388
1419
1950
2889
2417
1448
1891
2834
2409
1425
1927
2911
2411
1455
1924
2846
2421
1440
1904
2903
2385
1421
1978
2905
2406
1467
1892
2829
2407
1438
1909
2877
2427
1437
1894
2868
2394
1412
1915
2864
2396
1466
1922
2906
2438
1431
1881
2862
2435
1456
1915
2877
2420
1440
1902
2875
2442
1460
1887
2864
2424
1443
1928
2879
2421
1433
1886
2834
2396
1429
1940
2888
2433
1440
1892
2877
2399
1440
1922
2847
2364
1379
1916
2907
2431
1418
1899
2859
2397
1456
1941
2841
2364
1412
1892
2872
2464
1467
1891
2851
2413
1435
1911
2869
2426
1425
1904
2904
2418
1405
1915
2916
2388
1400
1901
2882
2383
1430
1938
2875
2370
1409
1931
2911
2393
1410
1928
2848
2413
1465
1920
2893
2444
1426
1915
2888
2434
1469
1905
2847
2433
1440
1883
2912
2475
1414
1887
2887
2432
1436
1922
2900
2426
1444
1902
2869
2403
1422
1914
2871
2407
1434
1925
2890
2450
1488
1914
2853
2466
1498
1933
2868
2424
1470
1919
2861
2428
1450
1893
2841
2426
1462
1900
2869
2459
1417
1877
2902
2434
1425
1921
2891
2389
1397
1905
2898
2402
1429
1941
2868
2409
1482
1924
2871
2427
1450
1901
2871
2447
1491
1934
2897
2428
1418
1940
2904
2406
1452
1951
2865
2392
1451
1944
2906
2412
1453
1948
2867
2437
1470
1906
2886
2400
1422
1916
2829
2402
1464
1918
2844
2442
1491
1914
2886
2414
1425
1913
2872
2422
1424
1891
2859
2408
1431
1910
2903
2419
1436
1907
2850
2412
1439
1938
2901
2397
1442
1910
2863
2456
1468
1910
2870
2421
1438
1912
2885
2442
1453
1890
2859
2422
1436
1896
2831
2394
1451
1900
2864
2424
1435
1924
2879
2390
1428
1935
2866
2419
1464
1911
2854
2409
1430
1920
2885
2435
1445
1900
2847
2388
1434
1954
2884
2401
1427
1900
2861
2443
1457
1909
2894
2421
1448
1943
2881
2400
1462
1922
2837
2435
1449
1878
2897
2446
1429
1914
2892
2390
1426
1940
2871
2400
1462
1922
2865
2433
1424
1890
2865
2365
1456
1955
2861
2418
1433
1850
2833
2439
1463
1903
2873
2436
1442
1919
2914
2454
1463
1910
2848
2425
1467
1897
2885
2418
1394
1885
2894
2429
1445
1922
2837
2415
1478
1893
2859
2461
1446
1873
2895
2461
1453
1936
2897
2446
1462
1909
2878
2437
1443
1921
2902
2448
1434
1926
2894
2421
1465
1897
2854
2465
1462
1913
2898
2419
1438
1926
2901
2422
1429
1925
2890
2417
1443
1926
2876
2411
1453
1904
2840
2388
1422
1940
2914
2414
1400
1921
2916
2380
1403
1930
2879
2410
1467
1934
2886
2435
1441
1913
2890
2403
1437
1933
2891
2414
1458
1914
2869
2436
1463
1899
2867
2432
1457
1935
2911
2409
1419
1926
2868
2411
1448
1935
2895
2410
1425
1905
2871
2413
1449
1939
2872
2430
1477
1930
2891
2446
1471
1888
2828
2435
1480
1929
2887
2401
1431
1913
2874
2435
1447
1895
2863
2416
1435
1936
2890
2452
1457
1887
2862
2418
1465
1939
2890
2418
1433
1908
2871
2436
1462
1900
2857
2422
1432
1880
2922
2446
1432
1900
2857
2427
1442
1902
2892
2404
1389
1903
2907
2436
1448
1921
2846
2375
1440
1915
2869
2452
1437
1848
2871
2419
1420
1935
2894
2399
1445
1904
2818
2404
1476
1926
2878
2413
1433
1948
2910
2420
1425
1885
2843
2426
1452
1960
2905
2407
1425
1888
2842
2397
1431
1929
2889
2424
1472
1961
2891
2438
1441
1877
2860
2411
1458
1952
2870
2420
1444
1888
2847
2461
1461
1916
2888
2417
1433
1909
2893
2435
1446
1902
2847
2420
1427
1934
2909
2390
1409
1903
2883
2469
1492
1944
2889
2415
1444
1941
2848
2384
1461
1905
2852
2412
1460
1897
2867
2429
1397
1881
2883
2392
1429
1935
2884
2420
1454
1882
2842
2437
1463
1878
2875
2456
1463
1937
2881
2393
1428
1896
2870
2451
1466
1903
2877
2431
1450
1891
2854
2445
1479
1908
2869
2421
1419
1934
2923
2412
1424
1954
2915
2407
1430
1930
2876
2433
1451
1916
2884
2428
1431
1869
2843
2425
1426
1932
2887
2399
1416
1884
2869
2423
1431
1903
2883
2440
1467
1921
2879
2418
1423
1890
2871
2390
1429
1974
2900
2407
1446
1916
2879
2435
1462
1909
2833
2425
1428
1889
2892
2431
1430
1889
2853
2426
1455
1884
2856
2419
1423
1866
2858
2437
1439
1881
2882
2379
1398
1910
2886
2425
1399
1890
2886
2434
1445
1941
2905
2398
1439
1910
2873
2420
1455
1945
2867
2435
1456
1903
2893
2426
1447
1899
2867
2450
1447
1941
2901
2374
1415
1927
2870
2402
1446
1900
2865
2409
1442
1924
2863
2448
1440
1886
2851
2389
1454
1940
2889
2432
1442
1897
2883
2426
1452
1916
2861
2429
1446
1871
2856
2439
1439
1902
2871
2420
1409
1917
2881
2386
1426
1899
2868
2437
1467
1916
2865
2381
1436
1914
2855
2438
1468
1896
2855
2426
1420
1912
2904
2428
1429
1876
2863
2425
1447
1922
2863
2386
1411
1888
2856
2397
1404
1876
2881
2440
1461
1914
2835
2383
1447
1885
2835
2415
1416
1865
2854
2399
1441
1917
2919
2429
1427
1908
2870
2430
1475
1907
2857
2439
1454
1889
2893
2434
1435
1922
2895
2421
1444
1902
2855
2391
1434
1892
2828
2408
1465
1931
2890
2402
1397
1901
2869
2436
1450
1882
2846
2411
1451
1914
2848
2411
1456
1890
2861
2421
1442
1915
2883
2397
1378
1873
2865
2397
1401
1914
2879
2399
1442
1895
2861
2415
1414
1886
2865
2425
1451
1896
2839
2379
1421
1917
2856
2442
1496
1915
2837
2380
1439
1918
2869
2440
1436
1866
2859
2416
1433
1898
2849
2413
1420
1863
2852
2451
1471
1914
2879
2441
1428
1895
2912
2407
1404
1911
2834
2394
1472
1913
2859
2443
1449
1895
2866
2445
1455
1911
2862
2430
1474
1918
2859
2411
1433
1897
2869
2428
1461
1922
2873
2417
1438
1880
2863
2434
1447
1891
2864
2413
1445
1937
2893
2427
1445
1924
2852
2424
1441
1888
2858
2417
1432
1894
2863
2420
1422
1901
2865
2388
1422
1908
2872
2433
1457
1932
2879
2442
1456
1911
2879
2456
1473
1901
2888
2413
1443
1911
2819
2400
1466
1943
2893
2420
1444
1906
2854
2414
1426
1918
2883
2411
1451
1893
2849
2406
1455
1892
2843
2413
1447
1910
2851
2447
1444
1874
2871
2406
1386
1912
2888
2412
1448
1920
2885
2438
1437
1919
2890
2449
1454
1897
2866
2435
1454
1893
2883
2440
1424
1918
2908
2396
1449
1911
2850
2461
1472
1886
2879
2452
1436
1892
2888
2441
1427
1899
2889
2412
1420
1923
2890
2414
1443
1905
2859
2429
1474
1906
2873
2449
1430
1894
2887
2429
1442
1898
2857
2404
1418
1939
2895
2360
1422
1903
2846
2441
1465
1876
2834
2408
1441
1915
2868
2423
1466
1918
2874
2429
1448
1943
2894
2416
1418
1900
2846
2404
1449
1899
2862
2433
1440
1897
2886
2423
1411
1892
2846
2380
1441
1917
2857
2397
1432
1896
2854
2429
1455
1930
2864
2391
1439
1922
2861
2435
1448
1877
2834
2405
1434
1913
2904
2434
1443
1894
2834
2431
1460
1883
2847
2447
1458
1893
2890
2432
1438
1913
2892
2420
1454
1958
2913
2388
1404
1910
2869
2416
1447
1903
2859
2401
1431
1903
2899
2409
1403
1884
2859
2401
1447
1900
2840
2436
1463
1889
2885
2448
1439
1929
2898
2428
1451
1911
2889
2408
1422
1916
2860
2406
1450
1926
2870
2424
1419
1864
2840
2429
1445
1879
2863
2401
1440
1952
2876
2394
1446
1949
2906
2399
1448
1943
2889
2412
1431
1901
2865
2428
1466
1915
2866
2405
1440
1897
2885
2428
1432
1889
2869
2440
1474
1924
2859
2409
1449
1893
2874
2440
1433
1899
2865
2414
1454
1918
2852
2431
1445
1884
2890
2450
1434
1944
2893
2399
1436
1899
2843
2419
1465
1902
2853
2434
1468
1914
2867
2404
1456
1904
2842
2418
1452
1935
2882
2411
1441
1900
2879
2451
1446
1894
2862
2396
1464
1940
2869
2441
1454
1891
2887
2422
1439
1927
2887
2423
1451
1902
2862
2429
1465
1904
2881
2428
1426
1910
2906
2413
1429
1905
2852
2416
1460
1901
2864
2435
1448
1906
2857
2412
1437
1902
2895
2420
1439
1911
2867
2442
1440
1882
2849
2391
1424
1914
2873
2411
1442
1913
2867
2421
1442
1900
2858
2387
1398
1869
2842
2440
1467
1883
2833
2423
1453
1922
2901
2433
1430
1889
2871
2415
1413
1888
2821
2371
1446
1945
2897
2473
1484
1880
2853
2442
1443
1934
2894
2391
1436
1945
2890
2425
1462
1920
2883
2421
1419
1891
2856
2436
1465
1875
2864
2484
1455
1898
2891
2398
1414
1935
2887
2402
1481
1932
2850
2412
1463
1940
2863
2410
1429
1874
2844
2393
1428
1893
2856
2407
1416
1862
2864
2442
1440
1913
2883
2375
1421
1937
2924
2427
1426
1893
2861
2415
1453
1939
2918
2426
1456
1927
2877
2456
1452
1886
2873
2410
1458
1923
2875
2404
1432
1860
2861
2428
1435
1944
2872
2403
1461
1901
2849
2420
1426
1881
2859
2425
1436
1898
2878
2428
1414
1886
2864
2426
1447
1922
2894
2424
1409
1899
2884
2448
1448
1914
2871
2395
1468
1929
2852
2436
1459
1868
2858
2433
1445
1883
2840
2415
1418
1894
2883
2433
1468
1887
2870
2416
1428
1908
2893
2394
1417
1944
2851
2399
1448
1936
2892
2402
1424
1898
2862
2462
1471
1898
2873
2400
1434
1937
2858
2415
1463
1869
2850
2419
1434
1913
2890
2436
1452
1858
2844
2448
1440
1858
2867
2441
1461
1906
2880
2446
1453
1895
2862
2446
1478
1919
2888
2408
1426
1900
2867
2412
1439
1898
2854
2428
1444
1891
2871
2450
1460
1896
2850
2405
1444
1902
2870
2434
1436
1907
2875
2430
1442
1936
2884
2397
1449
1910
2868
2396
1454
1913
2831
2431
1455
1905
2889
2460
1488
1914
2891
2448
1456
1889
2827
2424
1456
1893
2875
2455
1438
1876
2876
2429
1451
1938
2874
2425
1449
1886
2898
2442
1445
1930
2899
2435
1477
1919
2854
2426
1434
1900
2879
2411
1443
1928
2894
2406
1422
1907
2863
2450
1472
1919
2900
2444
1437
1922
2906
2451
1420
1902
2899
2410
1428
1944
2873
2388
1458
1916
2873
2432
1473
1931
2885
2401
1428
1911
2887
2426
1459
1891
2865
2458
1464
1907
2869
2393
1436
1930
2855
2434
1466
1900
2856
2394
1431
1924
2887
2443
1442
1868
2820
2428
1450
1887
2883
2436
1431
1884
2900
2418
1427
1919
2862
2422
1469
1907
2885
2435
1441
1875
2832
2452
1498
1949
2893
2421
1452
1927
2875
2426
1468
1928
2857
2455
1464
1880
2863
2447
1443
1897
2889
2419
1462
1934
2861
2437
1464
1898
2870
2450
1485
1907
2832
2428
1459
1902
2871
2444
1458
1891
2855
2428
1444
1920
2883
2398
1410
1936
2892
2460
1459
1920
2898
2421
1453
1903
2880
2459
1427
1902
2882
2433
1475
1954
2906
2435
1456
1923
2886
2450
1447
1920
2897
2407
1437
1921
2893
2405
1415
1931
2885
2443
1469
1943
2903
2415
1430
1912
2901
2459
1458
1917
2892
2415
1431
1926
2881
2436
1454
1874
2853
2430
1458
1910
2878
2426
1415
1895
2849
2404
1455
1900
2835
2436
1469
1885
2877
2464
1428
1888
2889
2414
1417
1909
2863
2414
1449
1922
2852
2405
1443
1901
2863
2412
1446
1890
2840
2466
1444
1863
2846
2400
1428
1914
2883
2413
1437
1891
2844
2416
1463
1933
2886
2397
1432
1910
2888
2445
1444
1910
2855
2410
1455
1912
2868
2433
1490
1866
2824
2502
1471
1841
2884
2474
1434
1933
2923
2429
1409
1896
2870
2403
1437
1904
2889
2438
1421
1888
2892
2416
1434
1954
2892
2424
1446
1904
2869
2424
1424
1891
2874
2419
1461
1914
2849
2417
1439
1905
2883
2425
1430
1896
2884
2405
1434
1907
2875
2459
1446
1886
2867
2426
1424
1927
2894
2388
1430
1908
2857
2443
1458
1899
2858
2411
1421
1892
2872
2437
1453
1897
2879
2426
1435
1881
2868
2457
1437
1844
2862
2426
1416
1902
2852
2400
1458
1934
2871
2445
1417
1874
2885
2381
1394
1942
2864
2373
1417
1881
2831
2431
1463
1866
2840
2425
1414
1896
2899
2403
1401
1931
2877
2395
1447
1884
2820
2428
1458
1847
2854
2468
1413
1872
2880
2430
1442
1929
2870
2412
1435
1891
2870
2429
1405
1912
2877
2397
1427
1913
2892
2387
1422
1936
2868
2410
1429
1864
2874
2431
1431
1881
2885
2422
1422
1924
2888
2381
1413
1947
2862
2375
1417
1883
2825
2407
1441
1920
2884
2431
1429
1888
2860
2416
1459
1925
2843
2406
1444
1852
2843
2415
1416
1913
2864
2400
1440
1888
2853
2412
1448
1853
2817
2445
1417
1840
2866
2398
1400
1933
2886
2420
1431
1896
2834
2387
1437
1904
2891
2443
1441
1904
2875
2393
1421
1944
2871
2364
1448
1912
2848
2429
1461
1901
2843
2398
1423
1877
2847
2401
1429
1887
2827
2401
1449
1893
2873
2428
1416
1892
2890
2436
1442
1895
2856
2395
1441
1930
2867
2394
1425
1912
2875
2423
1453
1904
2879
2456
1437
1857
2843
2435
1438
1861
2849
2403
1397
1894
2887
2418
1405
1901
2863
2408
1456
1900
2887
2411
1410
1886
2872
2447
1428
1902
2897
2421
1423
1925
2895
2428
1448
1884
2832
2421
1441
1915
2910
2430
1388
1894
2871
2400
1473
1934
2865
2432
1456
1901
2869
2446
1436
1900
2857
2412
1423
1893
2864
2395
1437
1924
2865
2447
1460
1866
2868
2421
1414
1890
2859
2410
1437
1906
2854
2418
1429
1895
2917
2411
1395
1890
2853
2424
1463
1913
2864
2426
1443
1895
2865
2426
1445
1891
2829
2452
1470
1894
2873
2427
1435
1908
2904
2444
1443
1908
2850
2378
1412
1914
2878
2422
1419
1894
2845
2382
1448
1938
2876
2398
1432
1866
2834
2447
1475
1890
2873
2424
1434
1895
2871
2426
1451
1880
2846
2453
1468
1892
2857
2398
1409
1902
2864
2410
1454
1914
2834
2417
1469
1900
2878
2437
1413
1869
2859
2416
1443
1914
2868
2422
1421
1861
2862
2425
1426
1908
2884
2424
1470
1899
2856
2424
1435
1882
2846
2432
1423
1892
2881
2397
1433
1907
2858
2468
1458
1877
2851
2456
1478
1901
2867
2430
1422
1868
2841
2435
1467
1919
2843
2404
1414
1852
2853
2450
1427
1910
2894
2415
1451
1918
2879
2412
1453
1892
2833
2428
1435
1881
2843
2392
1418
1875
2865
2450
1450
1884
2870
2414
1423
1926
2880
2419
1432
1895
2842
2394
1460
1928
2867
2426
1445
1900
2881
2402
1414
1917
2877
2398
1426
1886
2887
2435
1438
1879
2836
2420
1462
1928
2888
2389
1434
1919
2894
2433
1433
1901
2859
2414
1440
1904
2863
2410
1421
1901
2879
2405
1432
1941
2871
2384
1425
1884
2865
2431
1439
1933
2881
2421
1443
1902
2885
2431
1438
1888
2849
2414
1420
1893
2870
2438
1440
1881
2855
2423
1435
1899
2858
2364
1409
1921
2861
2427
1438
1894
2869
2419
1446
1914
2877
2426
1438
1902
2846
2408
1453
1915
2883
2483
1461
1912
2894
2411
1437
1891
2847
2434
1463
1900
2868
2418
1427
1881
2878
2464
1447
1872
2867
2419
1428
1921
2881
2415
1437
1911
2862
2404
1430
1901
2860
2416
1422
1862
2866
2437
1438
1915
2886
2383
1406
1930
2914
2382
1421
1924
2848
2411
1450
1860
2841
2421
1426
1902
2889
2410
1433
1932
2873
2411
1458
1894
2861
2442
1416
1894
2864
2418
1465
1919
2836
2423
1430
1864
2864
2430
1416
1914
2862
2382
1449
1896
2855
2465
1469
1860
2861
2426
1387
1875
2880
2429
1464
1915
2873
2454
1461
1896
2865
2444
1460
1913
2888
2432
1409
1867
2858
2443
1477
1903
2878
2452
1426
1876
2873
2427
1424
1914
2889
2446
1439
1875
2865
2441
1441
1914
2874
2442
1460
1906
2882
2415
1425
1897
2858
2466
1498
1876
2835
2425
1446
1907
2898
2461
1446
1887
2852
2437
1467
1902
2884
2436
1419
1840
2819
2408
1452
1914
2875
2410
1448
1900
2880
2435
1427
1898
2876
2404
1435
1931
2892
2422
1441
1889
2859
2445
1440
1899
2890
2368
1412
1966
2908
2402
1412
1891
2838
2399
1427
1923
2904
2402
1419
1909
2834
2401
1477
1914
2833
2423
1509
1922
2861
2403
1448
1918
2861
2460
1467
1887
2863
2407
1431
1879
2842
2442
1478
1888
2871
2424
1408
1914
2897
2432
1424
1917
2896
2423
1454
1892
2845
2415
1427
1882
2860
2447
1440
1902
2892
2399
1425
1916
2873
2392
1425
1905
2845
2409
1443
1898
2882
2448
1439
1880
2866
2475
1456
1856
2846
2404
1412
1903
2912
2447
1412
1887
2874
2397
1417
1908
2850
2406
1463
1897
2855
2453
1466
1910
2868
2438
1478
1942
2884
2416
1431
1870
2830
2454
1467
1908
2892
2422
1430
1902
2867
2434
1436
1906
2868
2391
1432
1937
2908
2427
1428
1910
2860
2427
1459
1918
2856
2422
1445
1879
2850
2433
1445
1881
2853
2422
1429
1897
2881
2432
1437
1894
2861
2427
1428
1895
2901
2425
1419
1860
2827
2417
1466
1906
2882
2433
1422
1896
2868
2415
1425
1900
2887
2418
1473
1949
2852
2382
1433
1890
2848
2419
1418
1908
2871
2422
1440
1882
2858
2431
1434
1910
2870
2425
1446
1916
2881
2433
1439
1879
2846
2452
1468
1863
2857
2423
1436
1901
2887
2433
1439
1916
2894
2398
1450
1930
2855
2437
1466
1903
2867
2421
1427
1910
2874
2428
1453
1884
2831
2428
1436
1915
2886
2441
1461
1938
2887
2366
1414
1912
2838
2402
1452
1905
2856
2423
1473
1927
2867
2446
1466
1865
2851
2434
1451
1924
2883
2417
1443
1884
2846
2415
1443
1889
2847
2420
1446
1885
2866
2453
1455
1862
2859
2490
1467
1929
2911
2410
1446
1913
2866
2467
1474
1861
2851
2454
1453
1927
2876
2451
1466
1903
2878
2424
1432
1891
2865
2416
1415
1905
2889
2437
1450
1900
2846
2440
1465
1877
2881
2455
1440
1914
2880
2394
1441
1929
2852
2401
1428
1886
2866
2437
1444
1898
2879
2418
1443
1919
2852
2451
1451
1832
2848
2459
1448
1876
2879
2429
1415
1884
2885
2439
1435
1899
2881
2441
1442
1900
2864
2430
1454
1896
2870
2451
1442
1918
2900
2396
1433
1917
2858
2432
1443
1884
2878
2407
1421
1930
2890
2421
1434
1898
2873
2425
1447
1928
2868
2403
1427
1864
2852
2424
1449
1932
2864
2415
1442
1935
2899
2438
1468
1902
2852
2467
1450
1902
2889
2394
1391
1887
2854
2397
1459
1919
2846
2417
1460
1936
2888
2442
1451
1914
2869
2394
1468
1946
2854
2427
1461
1903
2889
2450
1472
1917
2860
2419
1451
1946
2900
2432
1426
1913
2861
2403
1448
1911
2875
2421
1460
1922
2874
2423
1420
1914
2889
2402
1411
1914
2886
2420
1439
1897
2849
2425
1467
1934
2887
2438
1484
1895
2844
2420
1440
1880
2845
2415
1453
1911
2871
2429
1434
1889
2841
2420
1459
1919
2873
2433
1443
1902
2879
2433
1462
1917
2877
2390
1456
1951
2863
2413
1460
1914
2865
2423
1474
1936
2893
2425
1450
1911
2894
2470
1438
1913
2902
2422
1444
1902
2858
2438
1452
1874
2849
2445
1438
1906
2918
2403
1421
1917
2877
2431
1461
1917
2863
2419
1450
1886
2864
2440
1438
1872
2878
2406
1430
1912
2850
2432
1477
1888
2854
2460
1471
1928
2884
2418
1439
1915
2889
2399
1442
1897
2832
2426
1453
1892
2863
2430
1427
1897
2900
2406
1434
1894
2813
2403
1490
1919
2834
2441
1442
1882
2845
2383
1447
1945
2848
2467
1496
1889
2876
2419
1395
1885
2841
2383
1438
1933
2887
2432
1433
1898
2863
2430
1445
1907
2882
2399
1404
1875
2846
2463
1459
1884
2846
2386
1410
1884
2857
2435
1451
1864
2857
2466
1434
1895
2857
2411
1425
1913
2887
2415
1441
1911
2840
2419
1465
1900
2885
2444
1455
1886
2852
2438
1424
1892
2867
2384
1419
1890
2872
2446
1454
1888
2868
2426
1450
1918
2901
2441
1421
1867
2867
2404
1454
1934
2883
2431
1447
1896
2870
2428
1465
1905
2838
2427
1425
1862
2849
2415
1440
1881
2838
2456
1459
1891
2905
2455
1429
1896
2879
2443
1456
1896
2839
2404
1451
1934
2857
2420
1448
1874
2863
2418
1454
1930
2877
2442
1451
1878
2854
2419
1428
1926
2887
2407
1435
1919
2871
2393
1433
1900
2850
2412
1450
1938
2874
2411
1452
1903
2849
2455
1442
1844
2849
2432
1452
1876
2875
2483
1447
1859
2851
2417
1430
1926
2905
2400
1429
1886
2872
2435
1432
1897
2859
2420
1438
1893
2860
2416
1428
1873
2838
2408
1452
1894
2862
2425
1434
1862
2861
2477
1448
1881
2845
2409
1449
1925
2871
2447
1453
1871
2837
2423
1452
1909
2869
2420
1432
1875
2837
2419
1420
1924
2891
2390
1405
1911
2909
2434
1435
1891
2856
2444
1449
1886
2868
2418
1450
1892
2879
2446
1440
1921
2874
2379
1426
1916
2861
2428
1447
1882
2842
2417
1450
1930
2882
2422
1424
1898
2866
2451
1445
1894
2869
2447
1462
1870
2886
2425
1417
1879
2855
2420
1412
1911
2869
2391
1444
1911
2876
2451
1467
1914
2847
2420
1470
1906
2864
2459
1426
1857
2857
2448
1449
1910
2874
2428
1447
1897
2856
2415
1403
1916
2867
2384
1427
1917
2865
2411
1438
1869
2827
2431
1446
1915
2909
2448
1441
1875
2859
2426
1424
1887
2878
2421
1461
1900
2861
2441
1429
1880
2885
2418
1441
1911
2850
2418
1445
1871
2841
2449
1427
1867
2889
2441
1415
1869
2888
2421
1411
1926
2871
2398
1424
1913
2868
2389
1418
1872
2849
2441
1436
1856
2851
2416
1440
1918
2872
2455
1458
1873
2866
2467
1466
1917
2897
2406
1429
1895
2823
2406
1465
1914
2873
2435
1441
1902
2870
2364
1417
1895
2823
2429
1462
1880
2842
2407
1430
1898
2860
2444
1441
1892
2867
2388
1416
1901
2884
2459
1471
1885
2855
2419
1427
1873
2872
2405
1382
1878
2869
2423
1442
1910
2852
2416
1442
1892
2875
2427
1436
1889
2869
2439
1431
1884
2854
2413
1433
1877
2834
2435
1446
1864
2854
2453
1464
1888
2880
2423
1410
1899
2860
2412
1446
1953
2891
2399
1430
1883
2849
2429
1441
1893
2877
2435
1435
1888
2895
2420
1419
1897
2860
2416
1455
1905
2851
2408
1481
1888
2824
2448
1449
1875
2846
2414
1446
1915
2886
2442
1449
1882
2860
2431
1411
1893
2899
2409
1416
1903
2888
2420
1465
1930
2857
2408
1439
1901
2888
2402
1408
1895
2857
2419
1468
1902
2857
2421
1422
1871
2861
2435
1413
1881
2862
2410
1435
1909
2893
2425
1405
1903
2852
2414
1460
1925
2883
2425
1433
1923
2874
2408
1440
1912
2866
2384
1442
1926
2863
2414
1455
1865
2845
2444
1438
1875
2870
2421
1420
1886
2880
2422
1430
1879
2833
2377
1432
1906
2856
2435
1427
1894
2876
2391
1437
1939
2883
2441
1425
1861
2869
2427
1402
1885
2873
2400
1416
1901
2887
2414
1415
1880
2820
2407
1443
1899
2884
2419
1410
1873
2860
2447
1457
1877
2865
2438
1445
1942
2903
2423
1434
1886
2852
2398
1416
1912
2861
2371
1407
1889
2875
2432
1447
1889
2831
2410
1449
1893
2902
2440
1417
1885
2833
2402
1438
1887
2864
2427
1433
1877
2859
2441
1439
1872
2875
2436
1445
1923
2891
2445
1462
1870
2824
2422
1425
1878
2893
2444
1409
1853
2877
2410
1411
1918
2862
2416
1455
1909
2889
2418
1431
1905
2846
2415
1480
1924
2844
2424
1451
1868
2837
2480
1455
1857
2858
2424
1422
1944
2904
2418
1425
1898
2826
2404
1453
1900
2853
2428
1431
1886
2871
2453
1478
1903
2874
2403
1410
1895
2871
2428
1457
1892
2842
2436
1454
1906
2885
2398
1429
1915
2887
2433
1459
1899
2860
2405
1424
1905
2907
2459
1451
1908
2875
2390
1433
1946
2910
2414
1458
1905
2859
2439
1436
1895
2865
2428
1443
1935
2912
2413
1439
1913
2880
2429
1474
1933
2860
2427
1435
1875
2846
2463
1512
1896
2877
2452
1431
1913
2911
2451
1410
1884
2884
2419
1425
1926
2875
2403
1453
1884
2856
2433
1452
1917
2883
2436
1433
1901
2911
2466
1452
1895
2880
2429
1452
1909
2880
2409
1414
1879
2844
2442
1474
1894
2870
2413
1454
1952
2903
2462
1479
1874
2840
2419
1443
1942
2887
2418
1432
1895
2870
2422
1446
1894
2854
2433
1466
1913
2880
2448
1460
1893
2866
2444
1432
1899
2874
2424
1467
1910
2850
2436
1433
1888
2890
2409
1438
1933
2873
2446
1461
1888
2815
2415
1422
1898
2877
2453
1458
1905
2885
2429
1440
1939
2873
2413
1461
1921
2864
2430
1470
1929
2860
2425
1439
1934
2897
2412
1422
1879
2847
2449
1462
1890
2847
2405
1446
1916
2834
2430
1473
1897
2878
2432
1439
1930
2897
2427
1453
1910
2843
2435
1463
1886
2866
2422
1417
1898
2873
2433
1463
1891
2824
2440
1442
1869
2868
2427
1451
1905
2877
2430
1424
1879
2886
2420
1411
1912
2893
2436
1431
1875
2835
2424
1474
1922
2865
2398
1415
1885
2857
2421
1452
1916
2872
2420
1452
1910
2853
2397
1439
1893
2837
2431
1453
1905
2879
2398
1411
1863
2843
2429
1438
1907
2883
2433
1453
1940
2907
2434
1451
1909
2852
2387
1434
1899
2852
2452
1445
1845
2864
2445
1409
1913
2911
2417
1455
1922
2881
2444
1451
1894
2854
2452
1464
1906
2894
2405
1411
1899
2854
2421
1451
1875
2832
2412
1444
1908
2863
2413
1419
1860
2858
2448
1449
1900
2893
2440
1427
1869
2845
2432
1461
1923
2891
2456
1471
1894
2884
2415
1444
1926
2850
2392
1437
1909
2863
2399
1439
1896
2866
2462
1430
1877
2889
2407
1428
1897
2868
2448
1465
1899
2831
2397
1432
1916
2895
2390
1401
1888
2845
2416
1476
1918
2863
2461
1458
1901
2901
2429
1444
1909
2849
2426
1457
1889
2839
2401
1420
1880
2885
2429
1431
1918
2902
2387
1418
1907
2845
2444
1485
1875
2859
2453
1460
1906
2932
2462
1417
1893
2872
2424
1429
1916
2874
2416
1437
1895
2872
2431
1436
1910
2849
2426
1433
1907
2878
2379
1436
1907
2857
2441
1467
1900
2861
2429
1449
1894
2853
2452
1456
1848
2816
2434
1465
1899
2846
2425
1434
1857
2843
2399
1405
1891
2873
2419
1428
1907
2874
2419
1445
1891
2832
2424
1437
1885
2873
2407
1446
1903
2856
2445
1452
1880
2846
2433
1454
1909
2868
2427
1411
1901
2883
2409
1467
1921
2855
2444
1437
1864
2891
2445
1413
1872
2873
2405
1440
1925
2870
2431
1488
1924
2882
2469
1469
1901
2867
2442
1460
1873
2854
2427
1447
1907
2873
2426
1428
1902
2872
2428
1431
1858
2823
2429
1453
1882
2868
2441
1445
1900
2902
2448
1429
1911
2896
2402
1446
1953
2896
2399
1421
1889
2856
2421
1467
1927
2885
2429
1446
1909
2875
2441
1451
1890
2843
2412
1434
1892
2852
2428
1448
1878
2850
2412
1446
1891
2867
2435
1424
1893
2886
2435
1455
1906
2843
2416
1446
1865
2870
2406
1404
1917
2876
2407
1432
1915
2884
2399
1406
1877
2860
2407
1443
1895
2828
2407
1412
1888
2880
2434
1424
1908
2886
2379
1435
1903
2833
2414
1460
1887
2867
2420
1417
1888
2885
2417
1402
1899
2885
2427
1425
1879
2836
2403
1447
1907
2877
2433
1439
1913
2873
2475
1467
1881
2868
2429
1440
1895
2868
2410
1415
1883
2846
2407
1444
1884
2831
2447
1440
1863
2892
2441
1433
1931
2895
2384
1455
1922
2859
2436
1454
1868
2832
2419
1426
1888
2893
2445
1414
1853
2845
2466
1445
1836
2821
2397
1437
1914
2871
2447
1443
1843
2822
2397
1435
1906
2854
2387
1428
1936
2888
2409
1425
1893
2866
2402
1436
1862
2851
2435
1416
1861
2849
2443
1456
1938
2887
2414
1450
1888
2859
2432
1447
1885
2850
2411
1452
1940
2900
2436
1408
1879
2887
2420
1481
1915
2874
2440
1465
1885
2860
2437
1472
1921
2867
2432
1433
1874
2875
2459
1463
1899
2872
2430
1439
1885
2854
2427
1457
1907
2866
2459
1478
1919
2869
2388
1426
1904
2850
2402
1431
1875
2850
2451
1467
1915
2880
2420
1431
1875
2840
2452
1461
1899
2866
2412
1433
1895
2904
2438
1448
1895
2863
2435
1444
1892
2865
2407
1408
1856
2840
2445
1460
1847
2849
2450
1408
1888
2905
2454
1448
1895
2853
2419
1427
1893
2880
2413
1421
1884
2850
2444
1484
1911
2836
2426
1447
1870
2871
2416
1402
1865
2829
2437
1454
1910
2872
2417
1456
1874
2844
2432
1457
1893
2833
2414
1480
1918
2847
2400
1450
1879
2828
2413
1479
1918
2845
2430
1456
1870
2863
2461
1453
1885
2880
2416
1464
1881
2841
2440
1447
1886
2879
2425
1399
1889
2882
2397
1451
1932
2865
2418
1439
1898
2875
2397
1419
1916
2832
2407
1468
1908
2858
2428
1453
1923
2889
2434
1429
1909
2881
2442
1476
1941
2893
2426
1431
1927
2900
2375
1449
1915
2820
2446
1479
1897
2887
2446
1411
1884
2890
2434
1428
1881
2841
2424
1465
1934
2877
2419
1432
1880
2861
2379
1419
1932
2887
2410
1446
1923
2861
2415
1441
1907
2864
2441
1490
1905
2866
2435
1441
1883
2869
2455
1435
1891
2898
2443
1455
1879
2858
2431
1434
1884
2825
2407
1480
1932
2875
2443
1443
1889
2842
2407
1461
1928
2873
2440
1453
1879
2880
2472
1444
1886
2897
2441
1436
1898
2889
2375
1391
1908
2871
2443
1465
1913
2873
2411
1422
1894
2893
2438
1436
1921
2838
2374
1438
1893
2853
2420
1443
1879
2839
2428
1462
1903
2861
2403
1409
1902
2862
2419
1459
1902
2831
2447
1460
1878
2875
2442
1431
1900
2855
2441
1466
1906
2869
2437
1418
1899
2887
2436
1448
1884
2838
2412
1467
1909
2877
2424
1411
1893
2886
2422
1434
1900
2859
2434
1449
1879
2868
2438
1462
1912
2852
2414
1432
1912
2870
2419
1428
1890
2837
2414
1446
1897
2874
2425
1425
1901
2886
2473
1445
1878
2857
2403
1456
1919
2880
2447
1434
1883
2834
2439
1479
1923
2884
2417
1425
1886
2846
2443
1473
1885
2874
2466
1456
1894
2905
2415
1406
1903
2847
2419
1448
1884
2845
2427
1447
1891
2881
2441
1438
1909
2869
2405
1448
1917
2895
2426
1418
1894
2863
2434
1468
1892
2874
2441
1429
1882
2878
2441
1440
1913
2867
2409
1456
1893
2871
2440
1454
1887
2847
2473
1443
1883
2900
2402
1428
1908
2880
2414
1446
1894
2875
2421
1434
1953
2902
2422
1437
1899
2855
2428
1439
1908
2889
2438
1438
1869
2861
2441
1427
1884
2851
2427
1440
1861
2880
2449
1450
1882
2841
2432
1455
1930
2865
2391
1418
1882
2839
2468
1463
1861
2858
2453
1426
1889
2884
2437
1427
1883
2850
2410
1462
1898
2829
2464
1467
1872
2893
2437
1433
1899
2859
2398
1446
1906
2868
2414
1451
1929
2837
2422
1450
1894
2881
2432
1428
1880
2837
2444
1473
1907
2875
2454
1442
1885
2863
2440
1428
1879
2876
2455
1469
1926
2873
2412
1420
1880
2854
2445
1466
1907
2884
2425
1452
1911
2860
2447
1487
1873
2807
2435
1444
1876
2875
2421
1446
1886
2876
2449
1429
1906
2894
2413
1447
1911
2839
2410
1421
1880
2849
2432
1449
1908
2891
2437
1441
1903
2868
2435
1453
1922
2839
2430
1471
1897
2894
2425
1445
1916
2872
2423
1441
1907
2868
2431
1481
1915
2845
2438
1451
1876
2850
2417
1452
1941
2866
2418
1447
1875
2829
2426
1459
1896
2884
2416
1428
1879
2863
2457
1430
1874
2858
2461
1462
1891
2876
2447
1425
1874
2842
2414
1462
1919
2875
2407
1427
1880
2871
2441
1431
1870
2852
2417
1452
1914
2854
2440
1466
1881
2861
2460
1466
1895
2880
2417
1444
1895
2860
2445
1478
1913
2860
2445
1442
1874
2855
2444
1436
1875
2858
2453
1464
1898
2837
2457
1475
1852
2834
2461
1471
1840
2829
2459
1443
1873
2891
2460
1427
1878
2860
2404
1439
1916
2892
2450
1427
1884
2892
2464
1453
1919
2861
2394
1463
1925
2861
2429
1461
1887
2846
2453
1453
1890
2874
2403
1432
1930
2870
2431
1457
1901
2857
2448
1450
1892
2865
2420
1429
1900
2867
2411
1450
1915
2842
2432
1458
1886
2866
2438
1443
1914
2869
2407
1469
1919
2854
2431
1484
1878
2819
2463
1447
1872
2892
2425
1417
1919
2889
2439
1458
1897
2853
2411
1454
1921
2868
2433
1439
1867
2872
2453
1441
1895
2859
2429
1411
1875
2878
2404
1458
1918
2847
2410
1444
1910
2869
2417
1430
1901
2847
2416
1454
1914
2863
2402
1448
1902
2843
2444
1459
1910
2892
2408
1430
1925
2885
2435
1443
1860
2844
2401
1433
1924
2863
2421
1463
1884
2839
2448
1456
1908
2895
2443
1440
1892
2879
2429
1435
1872
2853
2445
1467
1947
2860
2392
1429
1876
2859
2450
1454
1874
2829
2412
1440
1914
2841
2400
1445
1902
2876
2434
1433
1877
2868
2456
1448
1864
2855
2442
1440
1905
2863
2406
1447
1878
2850
2399
1426
1906
2878
2436
1420
1908
2874
2429
1452
1895
2852
2423
1445
1896
2842
2382
1451
1909
2868
2444
1426
1879
2868
2401
1412
1910
2878
2411
1450
1864
2829
2451
1455
1891
2857
2431
1450
1878
2865
2423
1424
1877
2836
2436
1469
1887
2884
2411
1432
1909
2871
2434
1457
1892
2835
2419
1452
1901
2879
2441
1403
1904
2897
2424
1450
1908
2817
2447
1480
1837
2839
2470
1461
1903
2895
2437
1435
1883
2866
2423
1455
1910
2894
2423
1457
1921
2869
2390
1418
1885
2827
2426
1455
1873
2869
2462
1442
1920
2916
2446
1429
1901
2888
2437
1489
1933
2860
2415
1419
1865
2878
2438
1448
1895
2857
2416
1441
1859
2821
2402
1452
1892
2827
2429
1432
1901
2899
2395
1389
1920
2880
2409
1469
1919
2844
2398
1464
1918
2849
2436
1442
1837
2837
2435
1436
1868
2898
2461
1423
1868
2872
2484
1476
1845
2844
2435
1422
1905
2918
2413
1409
1905
2832
2406
1471
1914
2874
2425
1418
1869
2860
2409
1435
1908
2867
2403
1438
1920
2878
2422
1427
1885
2853
2453
1457
1900
2882
2429
1445
1890
2884
2407
1425
1928
2867
2444
1463
1876
2876
2470
1437
1868
2864
2429
1413
1912
2898
2415
1426
1915
2871
2430
1443
1901
2853
2443
1478
1919
2891
2435
1421
1857
2857
2412
1436
1921
2853
2413
1438
1835
2826
2453
1439
1859
2838
2465
1470
1888
2875
2456
1456
1885
2879
2431
1445
1908
2850
2411
1448
1899
2868
2477
1459
1853
2884
2470
1432
1901
2923
2451
1416
1859
2847
2403
1442
1898
2872
2442
1431
1886
2893
2452
1431
1909
2880
2421
1469
1921
2860
2433
1453
1861
2821
2453
1451
1899
2888
2387
1421
1943
2885
2410
1448
1890
2851
2409
1445
1891
2886
2468
1448
1872
2855
2417
1449
1905
2872
2417
1433
1897
2883
2424
1424
1921
2879
2396
1449
1924
2871
2409
1460
1880
2830
2458
1455
1907
2870
2424
1453
1889
2852
2434
1454
1885
2862
2391
1428
1918
2902
2448
1450
1882
2852
2403
1442
1909
2862
2429
1431
1860
2862
2431
1425
1900
2860
2419
1451
1898
2885
2427
1410
1881
2848
2427
1468
1902
2878
2439
1421
1892
2891
2443
1410
1894
2875
2409
1447
1922
2876
2438
1450
1893
2860
2411
1447
1933
2891
2412
1452
1874
2847
2413
1449
1897
2839
2406
1453
1898
2886
2433
1413
1895
2860
2426
1435
1884
2857
2427
1442
1879
2848
2431
1441
1889
2861
2416
1433
1905
2853
2423
1418
1885
2880
2429
1440
1932
2885
2394
1428
1901
2852
2443
1468
1909
2872
2434
1416
1878
2873
2415
1431
1890
2861
2430
1435
1920
2889
2401
1439
1875
2823
2456
1478
1897
2864
2429
1442
1892
2889
2461
1448
1890
2887
2445
1481
1909
2872
2404
1397
1869
2845
2454
1462
1901
2871
2415
1435
1893
2882
2419
1415
1898
2888
2450
1436
1916
2887
2403
1428
1885
2843
2423
1461
1890
2861
2432
1438
1885
2888
2447
1439
1862
2855
2425
1443
1942
2868
2420
1439
1910
2875
2417
1428
1910
2859
2412
1451
1920
2884
2435
1447
1893
2844
2443
1462
1919
2902
2407
1398
1914
2901
2439
1449
1886
2835
2445
1480
1913
2908
2457
1435
1892
2861
2455
1472
1904
2882
2428
1439
1894
2865
2420
1445
1917
2853
2427
1451
1929
2907
2413
1433
1937
2909
2432
1438
1906
2912
2445
1422
1886
2870
2460
1496
1871
2816
2437
1464
1932
2929
2471
1446
1897
2862
2409
1446
1935
2860
2418
1464
1882
2882
2466
1455
1902
2878
2458
1441
1888
2921
2423
1402
1873
2846
2444
1472
1879
2852
2413
1421
1891
2848
2418
1471
1897
2838
2424
1477
1920
2874
2447
1468
1880
2831
2452
1460
1884
2885
2461
1428
1866
2873
2429
1467
1912
2846
2434
1475
1887
2861
2417
1425
1899
2867
2429
1436
1888
2868
2425
1470
1893
2858
2463
1478
1866
2829
2430
1449
1895
2900
2436
1425
1860
2857
2426
1458
1914
2843
2434
1461
1907
2884
2444
1457
1936
2884
2426
1460
1872
2852
2445
1463
1913
2867
2433
1420
1882
2886
2412
1419
1905
2878
2429
1452
1895
2834
2419
1479
1920
2864
2457
1451
1872
2844
2411
1452
1910
2879
2437
1428
1896
2887
2432
1433
1908
2865
2404
1465
1919
2872
2395
1397
1878
2883
2436
1449
1891
2878
2449
1443
1873
2860
2474
1460
1893
2861
2403
1433
1912
2875
2391
1395
1867
2853
2413
1492
1933
2855
2419
1438
1903
2856
2430
1484
1950
2894
2441
1478
1907
2872
2421
1441
1896
2872
2433
1442
1892
2867
2416
1452
1922
2867
2428
1463
1913
2836
2390
1421
1907
2867
2460
1455
1891
2864
2405
1444
1898
2864
2436
1450
1898
2888
2452
1446
1913
2874
2427
1447
1900
2867
2414
1427
1871
2857
2442
1460
1933
2880
2428
1451
1883
2861
2468
1474
1885
2893
2450
1445
1924
2890
2442
1443
1909
2845
2406
1457
1894
2873
2448
1399
1865
2873
2470
1450
1901
2860
2412
1450
1887
2832
2447
1459
1854
2850
2427
1445
1908
2883
2418
1454
1899
2864
2465
1446
1859
2840
2419
1418
1897
2862
2456
1477
1912
2860
2431
1432
1891
2886
2436
1422
1869
2864
2424
1445
1947
2892
2416
1450
1908
2899
2447
1475
1891
2855
2446
1447
1882
2878
2396
1417
1888
2861
2422
1462
1945
2892
2414
1435
1878
2860
2442
1438
1913
2868
2396
1447
1925
2865
2406
1435
1853
2836
2462
1462
1880
2869
2452
1449
1882
2887
2442
1460
1896
2847
2444
1468
1924
2900
2440
1419
1889
2878
2459
1461
1907
2855
2419
1481
1939
2855
2445
1437
1869
2907
2438
1423
1925
2902
2426
1465
1915
2868
2451
1474
1941
2897
2430
1472
1921
2874
2426
1432
1872
2837
2440
1462
1888
2886
2451
1429
1916
2898
2447
1461
1904
2867
2405
1434
1908
2882
2438
1459
1905
2863
2449
1451
1914
2879
2421
1461
1893
2843
2468
1494
1888
2852
2464
1438
1896
2926
2448
1430
1906
2913
2441
1450
1939
2896
2391
1428
1908
2839
2424
1445
1886
2875
2431
1457
1915
2904
2476
1431
1879
2843
2418
1443
1905
2869
2448
1439
1886
2897
2417
1417
1895
2862
2426
1438
1911
2897
2451
1469
1904
2864
2411
1451
1911
2888
2472
1434
1890
2909
2464
1446
1904
2863
2386
1429
1909
2882
2440
1453
1896
2856
2433
1465
1896
2894
2439
1420
1896
2873
2412
1419
1905
2856
2386
1442
1912
2893
2428
1435
1881
2860
2493
1468
1868
2885
2455
1449
1897
2868
2454
1458
1899
2859
2419
1465
1907
2889
2470
1438
1855
2870
2399
1396
1908
2870
2422
1451
1906
2867
2436
1468
1905
2885
2436
1438
1901
2862
2427
1432
1884
2868
2427
1461
1936
2900
2415
1430
1907
2882
2447
1455
1900
2875
2440
1438
1890
2901
2434
1398
1857
2830
2382
1462
1931
2859
2452
1459
1889
2890
2437
1435
1912
2882
2408
1468
1932
2887
2464
1478
1886
2881
2480
1477
1923
2901
2419
1450
1907
2865
2421
1453
1873
2834
2422
1430
1930
2906
2423
1432
1885
2825
2429
1470
1890
2873
2467
1461
1896
2877
2460
1465
1923
2880
2393
1422
1909
2893
2439
1443
1871
2815
2432
1470
1894
2865
2433
1433
1900
2891
2438
1453
1895
2845
2434
1459
1911
2920
2431
1403
1886
2855
2417
1440
1916
2882
2398
1444
1909
2846
2428
1492
1939
2866
2423
1466
1960
2902
2416
1448
1894
2855
2471
1486
1895
2856
2430
1444
1888
2850
2458
1472
1893
2865
2442
1459
1934
2902
2436
1404
1856
2856
2435
1447
1912
2876
2444
1439
1842
2841
2482
1466
1881
2892
2439
1433
1921
2900
2438
1440
1880
2853
2440
1472
1929
2880
2415
1399
1859
2863
2450
1432
1908
2907
2418
1409
1957
2955
2430
1445
1938
