2736
2653
1602
1702
2747
2651
1576
1705
2805
2644
1556
1718
2736
2638
1630
1736
2756
2631
1590
1700
2763
2657
1559
1684
2718
2635
1623
1710
2736
2689
1618
1667
2745
2639
1582
1735
2778
2617
1600
1739
2766
2671
1617
1741
2750
2650
1616
1735
2777
2597
1568
1723
2769
2659
1557
1712
2781
2591
1576
1749
2747
2658
1627
1704
2741
2640
1584
1705
2763
2654
1574
1704
2778
2651
1610
1727
2786
2671
1587
1686
2724
2631
1585
1739
2760
2618
1564
1699
2741
2639
1597
1720
2720
2636
1591
1709
2778
2614
1555
1719
2756
2667
1622
1733
2778
2627
1614
1758
2790
2653
1550
1705
2787
2634
1606
1742
2727
2628
1619
1702
2733
2681
1600
1732
2790
2626
1580
1736
2776
2644
1578
1691
2716
2641
1574
1684
2753
2657
1584
1699
2760
2660
1619
1729
2771
2649
1589
1705
2737
2679
1619
1701
2769
2676
1581
1689
2762
2646
1580
1711
2731
2644
1589
1705
2758
2639
1570
1714
2776
2670
1600
1684
2732
2664
1569
1696
2772
2637
1586
1696
2759
2676
1580
1691
2775
2642
1584
1723
2771
2640
1569
1709
2750
2627
1587
1752
2768
2650
1591
1687
2795
2688
1583
1727
2749
2645
1605
1707
2754
2660
1561
1716
2778
2642
1579
1703
2756
2613
1568
1714
2763
2668
1593
1714
2748
2645
1605
1738
2796
2652
1582
1719
2754
2634
1577
1720
2778
2641
1556
1717
2778
2636
1593
1716
2706
2622
1622
1728
2738
2658
1593
1667
2720
2663
1578
1709
2789
2662
1563
1694
2761
2641
1599
1717
2748
2605
1591
1744
2748
2680
1610
1663
2740
2668
1589
1729
2779
2636
1572
1742
2746
2604
1585
1720
2705
2636
1607
1715
2753
2618
1593
1691
2745
2674
1578
1735
2782
2620
1565
1726
2744
2619
1598
1726
2768
2664
1603
1718
2779
2680
1586
1682
2756
2621
1570
1747
2778
2631
1581
1716
2770
2644
1569
1702
2743
2672
1598
1692
2776
2658
1595
1678
2717
2659
1590
1728
2784
2637
1565
1721
2758
2645
1610
1690
2744
2664
1598
1750
2795
2676
1598
1744
2766
2642
1614
1719
2721
2637
1588
1700
2765
2663
1589
1725
2768
2633
1591
1724
2753
2641
1587
1715
2799
2659
1569
1708
2787
2631
1552
1739
2774
2603
1591
1718
2726
2631
1606
1730
2778
2677
1591
1697
2743
2662
1602
1690
2769
2665
1591
1733
2770
2638
1596
1749
2795
2656
1575
1693
2774
2658
1587
1732
2777
2653
1602
1733
2763
2610
1583
1739
2765
2651
1561
1669
2748
2668
1573
1716
2781
2681
1604
1710
2788
2653
1585
1746
2761
2650
1597
1713
2743
2625
1610
1732
2758
2635
1589
1717
2754
2681
1589
1687
2754
2672
1602
1718
2805
2683
1587
1695
2751
2670
1585
1718
2763
2675
1597
1735
2791
2652
1600
1732
2753
2634
1581
1698
2762
2658
1592
1716
2771
2678
1635
1721
2744
2648
1596
1735
2794
2654
1567
1714
2748
2631
1570
1727
2789
2642
1603
1738
2738
2667
1626
1708
2789
2665
1582
1730
2794
2649
1599
1757
2767
2627
1607
1737
2782
2712
1605
1699
2811
2668
1550
1725
2742
2613
1621
1726
2776
2665
1569
1680
2752
2646
1569
1726
2770
2598
1576
1709
2749
2679
1570
1702
2788
2624
1582
1750
2754
2666
1629
1688
2756
2661
1585
1725
2782
2606
1526
1718
2733
2630
1615
1717
2743
2664
1588
1721
2781
2634
1580
1695
2745
2659
1585
1718
2758
2639
1607
1698
2737
2667
1573
1666
2775
2679
1596
1736
2777
2632
1576
1673
2753
2659
1591
1750
2791
2633
1545
1713
2758
2624
1588
1737
2759
2648
1595
1713
2823
2688
1582
1739
2804
2653
1570
1687
2779
2674
1590
1715
2787
2670
1590
1716
2771
2657
1629
1749
2761
2666
1629
1722
2768
2648
1615
1752
2769
2682
1595
1695
2766
2685
1562
1676
2751
2653
1605
1731
2789
2660
1588
1707
2736
2660
1598
1755
2822
2638
1566
1706
2762
2658
1634
1720
2742
2658
1602
1706
2762
2667
1592
1713
2757
2635
1574
1718
2803
2652
1555
1710
2755
2636
1593
1714
2728
2634
1577
1681
2773
2669
1585
1686
2742
2679
1604
1728
2801
2628
1525
1702
2767
2654
1621
1737
2780
2644
1595
1737
2773
2659
1595
1713
2761
2646
1596
1744
2774
2630
1599
1698
2757
2681
1611
1720
2738
2636
1594
1707
2764
2658
1591
1701
2769
2636
1582
1712
2767
2638
1582
1710
2780
2683
1581
1697
2756
2589
1592
1713
2722
2632
1579
1710
2761
2638
1549
1724
2787
2659
1588
1707
2747
2619
1586
1729
2709
2640
1586
1700
2769
2637
1605
1692
2708
2680
1621
1702
2762
2637
1571
1687
2754
2624
1562
1705
2724
2600
1590
1729
2781
2665
1574
1707
2743
2639
1595
1713
2750
2648
1582
1701
2774
2634
1533
1730
2791
2633
1582
1739
2770
2636
1615
1690
2705
2676
1584
1692
2793
2675
1588
1691
2743
2659
1585
1707
2751
2635
1597
1757
2756
2644
1600
1692
2720
2662
1572
1700
2760
2662
1581
1693
2767
2642
1579
1710
2733
2639
1595
1719
2759
2664
1601
1669
2735
2667
1581
1692
2759
2639
1548
1696
2778
2666
1558
1678
2753
2647
1578
1721
2789
2651
1585
1715
2747
2659
1612
1707
2753
2652
1598
1680
2747
2665
1563
1716
2774
2631
1574
1740
2796
2616
1579
1720
2743
2667
1582
1691
2727
2622
1611
1752
2779
2653
1623
1715
2757
2659
1565
1710
2783
2662
1578
1708
2762
2663
1586
1729
2788
2638
1570
1727
2779
2653
1603
1719
2749
2636
1583
1715
2769
2670
1610
1730
2750
2652
1597
1694
2733
2628
1566
1672
2727
2673
1599
1704
2748
2636
1581
1724
2758
2656
1581
1687
2755
2638
1589
1705
2735
2637
1558
1701
2742
2651
1597
1707
2716
2636
1611
1708
2737
2644
1576
1727
2763
2648
1594
1741
2765
2639
1602
1687
2707
2668
1593
1655
2725
2639
1612
1753
2765
2648
1579
1703
2751
2622
1601
1727
2742
2638
1597
1727
2778
2680
1605
1687
2760
2681
1579
1678
2784
2655
1563
1722
2745
2625
1598
1719
2765
2625
1547
1705
2760
2673
1606
1725
2771
2638
1589
1724
2761
2613
1553
1703
2729
2636
1609
1729
2783
2630
1571
1699
2764
2638
1563
1705
2751
2651
1569
1706
2792
2651
1566
1701
2725
2662
1625
1706
2763
2663
1571
1685
2772
2676
1597
1742
2764
2609
1589
1725
2749
2669
1612
1685
2711
2646
1589
1707
2761
2624
1561
1715
2763
2629
1581
1720
2755
2662
1593
1699
2736
2618
1585
1702
2758
2630
1577
1740
2775
2640
1587
1712
2763
2632
1611
1714
2735
2660
1580
1697
2787
2679
1576
1712
2755
2630
1582
1702
2734
2649
1571
1696
2753
2660
1603
1739
2768
2612
1571
1728
2742
2644
1589
1677
2737
2695
1608
1679
2778
2661
1549
1688
2763
2689
1610
1694
2732
2631
1590
1727
2765
2670
1602
1716
2778
2655
1595
1733
2770
2643
1571
1709
2764
2620
1579
1761
2775
2631
1605
1736
2795
2651
1574
1699
2736
2647
1616
1731
2753
2647
1604
1682
2739
2660
1590
1681
2745
2642
1583
1699
2778
2680
1601
1712
2762
2639
1590
1755
2779
2654
1579
1721
2766
2628
1594
1727
2733
2637
1622
1706
2738
2657
1593
1693
2745
2644
1598
1728
2789
2657
1557
1684
2768
2687
1606
1692
2763
2653
1570
1707
2784
2654
1553
1707
2760
2625
1601
1724
2754
2650
1593
1698
2769
2644
1574
1710
2751
2615
1569
1690
2759
2654
1568
1716
2776
2639
1595
1735
2767
2662
1601
1723
2763
2657
1574
1691
2757
2639
1588
1722
2795
2682
1581
1700
2729
2641
1618
1730
2748
2654
1571
1695
2750
2657
1571
1698
2766
2695
1598
1710
2822
2635
1561
1736
2758
2667
1616
1724
2764
2645
1580
1658
2742
2684
1584
1713
2776
2618
1574
1735
2767
2631
1580
1694
2751
2609
1565
1700
2747
2640
1584
1724
2765
2637
1571
1719
2770
2654
1613
1714
2745
2643
1592
1721
2753
2646
1587
1769
2814
2624
1585
1749
2750
2662
1630
1718
2742
2634
1578
1723
2784
2655
1562
1667
2727
2670
1616
1719
2788
2694
1573
1697
2781
2672
1610
1746
2750
2647
1616
1708
2744
2660
1603
1693
2707
2659
1622
1717
2781
2670
1584
1689
2770
2673
1582
1723
2743
2636
1619
1726
2759
2658
1563
1694
2739
2617
1612
1751
2752
2642
1598
1695
2764
2673
1588
1704
2738
2665
1622
1695
2796
2671
1562
1703
2760
2652
1595
1742
2781
2639
1577
1708
2743
2650
1608
1681
2745
2657
1598
1722
2760
2660
1559
1662
2746
2668
1618
1745
2772
2642
1568
1718
2765
2641
1598
1778
2764
2613
1619
1734
2748
2659
1613
1705
2753
2653
1580
1715
2770
2656
1605
1734
2812
2668
1585
1739
2780
2623
1603
1756
2761
2673
1617
1687
2748
2658
1591
1679
2764
2678
1550
1695
2781
2620
1549
1717
2750
2647
1632
1747
2805
2678
1571
1710
2747
2657
1586
1717
2773
2615
1569
1694
2762
2686
1621
1722
2771
2621
1552
1743
2771
2630
1600
1703
2724
2648
1612
1719
2778
2629
1573
1738
2794
2642
1585
1732
2759
2614
1565
1763
2768
2614
1592
1711
2722
2645
1607
1714
2750
2597
1560
1731
2759
2667
1606
1691
2761
2649
1604
1752
2782
2658
1592
1716
2758
2655
1615
1732
2763
2641
1591
1686
2739
2637
1612
1744
2761
2657
1606
1716
2760
2660
1588
1685
2721
2645
1613
1717
2787
2665
1552
1696
2740
2655
1586
1688
2734
2650
1618
1742
2783
2672
1570
1687
2756
2627
1570
1731
2783
2663
1585
1676
2755
2674
1585
1693
2772
2658
1560
1691
2774
2627
1542
1675
2737
2652
1628
1723
2753
2667
1625
1679
2733
2654
1585
1721
2762
2653
1579
1707
2746
2628
1576
1714
2763
2622
1577
1753
2784
2644
1593
1725
2779
2658
1605
1722
2765
2634
1581
1727
2775
2614
1575
1708
2730
2636
1600
1733
2764
2621
1583
1728
2742
2653
1622
1692
2738
2639
1598
1759
2769
2664
1608
1698
2743
2643
1596
1726
2761
2657
1587
1696
2756
2629
1574
1700
2735
2643
1596
1718
2781
2636
1573
1713
2753
2654
1591
1695
2757
2613
1556
1728
2786
2655
1561
1724
2758
2589
1549
1719
2762
2652
1576
1704
2774
2630
1563
1703
2741
2669
1617
1697
2748
2663
1600
1726
2763
2613
1575
1751
2768
2640
1605
1720
2732
2633
1594
1704
2779
2684
1590
1706
2734
2656
1595
1693
2747
2636
1547
1702
2763
2653
1567
1672
2749
2642
1598
1735
2766
2637
1582
1705
2748
2654
1568
1667
2758
2661
1574
1673
2758
2679
1588
1678
2744
2656
1598
1722
2758
2618
1550
1687
2720
2604
1597
1701
2722
2628
1580
1710
2778
2667
1564
1689
2751
2652
1610
1755
2781
2636
1551
1726
2789
2634
1573
1705
2736
2631
1596
1702
2758
2641
1579
1700
2757
2669
1602
1719
2770
2640
1576
1697
2741
2641
1576
1696
2748
2634
1571
1720
2784
2672
1566
1649
2726
2631
1578
1699
2759
2660
1581
1684
2750
2647
1611
1726
2730
2653
1594
1683
2748
2637
1559
1712
2734
2629
1597
1724
2755
2638
1580
1718
2756
2648
1575
1709
2760
2630
1565
1727
2762
2654
1598
1678
2723
2642
1586
1702
2753
2644
1564
1695
2748
2640
1600
1718
2746
2632
1587
1715
2749
2645
1591
1703
2740
2655
1609
1721
2778
2637
1542
1685
2750
2661
1603
1704
2758
2647
1562
1729
2789
2653
1581
1705
2792
2672
1583
1710
2784
2643
1543
1706
2772
2630
1563
1685
2739
2628
1555
1713
2796
2661
1562
1707
2731
2611
1616
1721
2742
2637
1570
1679
2743
2634
1593
1730
2760
2641
1595
1702
2772
2668
1546
1682
2742
2621
1594
1723
2769
2649
1561
1688
2784
2647
1576
1709
2733
2637
1588
1706
2777
2646
1602
1699
2722
2640
1611
1742
2760
2635
1560
1692
2761
2659
1612
1719
2757
2653
1596
1732
2759
2640
1606
1695
2723
2666
1613
1741
2760
2638
1583
1735
2778
2660
1589
1721
2777
2656
1578
1704
2742
2654
1599
1708
2743
2644
1596
1739
2784
2634
1538
1710
2731
2638
1617
1714
2752
2630
1597
1708
2760
2683
1566
1670
2758
2647
1543
1707
2797
2654
1579
1710
2759
2655
1596
1709
2756
2655
1559
1685
2784
2651
1575
1712
2742
2654
1603
1708
2770
2636
1535
1689
2746
2644
1605
1739
2764
2649
1582
1716
2784
2661
1566
1709
2732
2614
1608
1721
2736
2668
1593
1701
2765
2655
1578
1704
2739
2622
1573
1746
2770
2624
1569
1703
2727
2644
1583
1706
2768
2637
1598
1691
2738
2687
1605
1691
2744
2617
1556
1729
2765
2656
1589
1680
2753
2632
1583
1750
2773
2637
1575
1691
2774
2658
1581
1736
2767
2617
1572
1720
2755
2638
1575
1700
2748
2670
1614
1715
2751
2630
1537
1692
2760
2669
1589
1711
2772
2626
1589
1732
2757
2645
1605
1704
2716
2638
1608
1688
2736
2638
1561
1670
2759
2689
1596
1686
2761
2661
1568
1665
2745
2612
1583
1719
2706
2647
1585
1703
2758
2652
1576
1693
2784
2670
1574
1693
2767
2604
1591
1765
2750
2664
1605
1668
2721
2649
1577
1722
2793
2635
1581
1706
2755
2653
1606
1714
2731
2633
1584
1711
2749
2618
1578
1667
2736
2695
1619
1685
2755
2651
1575
1686
2722
2649
1597
1701
2768
2631
1553
1724
2752
2639
1584
1693
2740
2684
1613
1692
2794
2656
1570
1719
2756
2651
1604
1718
2744
2652
1572
1712
2790
2659
1577
1705
2730
2661
1598
1717
2776
2617
1541
1703
2730
2664
1627
1685
2749
2666
1575
1730
2805
2620
1570
1718
2745
2640
1615
1700
2735
2657
1574
1681
2762
2666
1568
1723
2792
2630
1560
1732
2748
2627
1578
1703
2735
2666
1578
1719
2792
2616
1580
1720
2738
2624
1598
1710
2743
2640
1599
1713
2737
2637
1578
1671
2742
2643
1598
1724
2755
2644
1558
1667
2761
2660
1561
1687
2729
2603
1575
1704
2744
2648
1601
1696
2741
2645
1575
1702
2740
2627
1601
1736
2715
2606
1596
1729
2753
2647
1607
1720
2773
2692
1611
1675
2751
2637
1557
1716
2770
2647
1608
1720
2738
2644
1627
1709
2750
2660
1602
1708
2770
2657
1567
1696
2746
2678
1617
1668
2739
2666
1578
1700
2779
2666
1601
1710
2750
2640
1593
1702
2756
2667
1615
1706
2750
2656
1605
1709
2757
2665
1576
1692
2779
2653
1589
1723
2738
2627
1585
1707
2730
2612
1594
1707
2738
2666
1602
1713
2793
2629
1514
1679
2738
2609
1589
1724
2729
2630
1607
1740
2755
2650
1583
1676
2734
2656
1595
1717
2766
2651
1578
1691
2755
2652
1565
1686
2760
2644
1587
1702
2775
2674
1575
1698
2751
2661
1601
1748
2791
2600
1572
1732
2744
2642
1591
1701
2749
2623
1602
1752
2787
2666
1603
1709
2738
2655
1606
1714
2747
2631
1593
1711
2747
2661
1633
1728
2769
2659
1588
1713
2772
2678
1582
1694
2751
2639
1607
1731
2758
2662
1610
1688
2742
2664
1569
1694
2774
2628
1560
1740
2795
2651
1597
1696
2731
2604
1567
1721
2762
2642
1592
1732
2786
2645
1598
1730
2756
2643
1579
1710
2782
2669
1604
1706
2756
2682
1579
1710
2811
2602
1540
1725
2749
2655
1626
1701
2726
2648
1601
1720
2752
2673
1593
1693
2761
2643
1589
1707
2766
2661
1584
1701
2768
2633
1589
1703
2743
2656
1608
1697
2755
2668
1593
1729
2765
2661
1597
1717
2765
2616
1575
1719
2733
2650
1601
1683
2716
2635
1593
1725
2774
2664
1575
1679
2741
2639
1611
1720
2742
2647
1599
1725
2765
2639
1577
1721
2732
2637
1604
1678
2746
2675
1622
1672
2705
2664
1583
1687
2770
2662
1569
1704
2770
2643
1582
1703
2761
2639
1600
1707
2763
2717
1589
1625
2759
2660
1582
1700
2749
2647
1590
1707
2772
2659
1567
1712
2745
2596
1553
1733
2747
2603
1569
1680
2707
2653
1603
1719
2751
2627
1578
1681
2748
2652
1572
1680
2729
2629
1581
1707
2749
2646
1606
1695
2746
2637
1594
1708
2755
2640
1574
1722
2740
2653
1618
1712
2731
2668
1621
1708
2779
2628
1543
1709
2727
2631
1602
1713
2752
2644
1588
1666
2730
2657
1587
1682
2750
2666
1591
1740
2784
2611
1577
1720
2722
2634
1625
1709
2735
2666
1600
1672
2746
2642
1578
1729
2730
2611
1585
1704
2734
2639
1576
1684
2715
2623
1594
1704
2733
2632
1552
1681
2746
2655
1598
1703
2742
2642
1570
1715
2757
2653
1596
1690
2723
2639
1577
1715
2773
2633
1557
1696
2740
2641
1590
1720
2763
2618
1552
1705
2773
2630
1565
1688
2727
2673
1597
1681
2773
2644
1566
1738
2787
2637
1580
1727
2740
2599
1590
1743
2741
2652
1605
1668
2728
2654
1590
1739
2768
2642
1581
1691
2702
2618
1625
1709
2706
2674
1601
1694
2793
2665
1566
1704
2767
2621
1548
1727
2780
2615
1595
1718
2734
2684
1610
1682
2771
2658
1573
1755
2774
2643
1613
1714
2724
2629
1584
1711
2787
2620
1550
1694
2750
2646
1585
1709
2748
2635
1573
1724
2798
2619
1559
1698
2716
2646
1604
1718
2770
2646
1571
1691
2759
2666
1590
1682
2736
2632
1600
1734
2768
2665
1597
1684
2737
2654
1596
1697
2775
2675
1561
1689
2762
2617
1600
1731
2736
2673
1615
1693
2776
2673
1566
1692
2789
2698
1619
1740
2797
2648
1576
1716
2760
2668
1608
1692
2746
2682
1593
1698
2790
2679
1550
1697
2761
2612
1588
1730
2736
2662
1602
1707
2757
2674
1595
1681
2743
2653
1627
1740
2763
2631
1596
1698
2714
2659
1611
1715
2755
2638
1567
1713
2736
2655
1615
1698
2726
2649
1591
1703
2787
2669
1561
1674
2729
2627
1582
1732
2804
2654
1572
1721
2733
2613
1599
1709
2744
2653
1596
1705
2802
2645
1568
1703
2739
2632
1588
1732
2766
2624
1565
1678
2785
2665
1548
1684
2753
2623
1591
1728
2735
2650
1596
1681
2734
2658
1632
1700
2772
2667
1565
1697
2745
2641
1601
1708
2730
2673
1615
1644
2732
2666
1562
1679
2752
2661
1575
1702
2771
2627
1542
1702
2764
2678
1622
1682
2709
2618
1557
1701
2770
2634
1554
1685
2743
2607
1553
1746
2754
2602
1561
1713
2777
2662
1585
1700
2733
2649
1597
1677
2724
2622
1546
1693
2754
2672
1606
1725
2773
2637
1556
1723
2769
2624
1572
1702
2716
2626
1611
1695
2742
2665
1587
1678
2734
2670
1611
1691
2711
2660
1629
1677
2730
2685
1590
1679
2722
2635
1588
1706
2767
2629
1591
1720
2719
2653
1601
1698
2778
2661
1582
1696
2749
2635
1613
1716
2728
2643
1603
1702
2759
2681
1593
1638
2724
2675
1566
1698
2751
2653
1601
1701
2775
2674
1579
1681
2735
2646
1586
1686
2748
2664
1607
1698
2725
2641
1599
1745
2758
2624
1578
1705
2718
2690
1639
1694
2730
2645
1569
1707
2786
2660
1612
1734
2750
2608
1582
1708
2724
2633
1582
1675
2715
2664
1608
1686
2755
2641
1570
1725
2790
2632
1581
1708
2732
2664
1595
1681
2764
2657
1582
1697
2728
2671
1586
1686
2753
2622
1564
1731
2794
2644
1595
1724
2727
2615
1585
1704
2757
2652
1578
1685
2741
2623
1577
1744
2781
2669
1614
1709
2769
2655
1587
1667
2728
2685
1612
1699
2769
2637
1557
1693
2756
2673
1580
1657
2723
2666
1608
1702
2741
2673
1612
1700
2752
2651
1589
1723
2776
2659
1583
1695
2766
2639
1542
1676
2742
2649
1601
1727
2772
2648
1582
1697
2727
2647
1579
1695
2760
2637
1589
1709
2726
2669
1626
1693
2737
2657
1601
1747
2805
2657
1561
1677
2740
2656
1595
1715
2761
2659
1601
1705
2746
2690
1637
1674
2718
2661
1571
1684
2771
2640
1566
1700
2724
2667
1589
1701
2810
2648
1563
1717
2776
2663
1570
1698
2750
2596
1557
1731
2749
2667
1600
1689
2765
2676
1595
1699
2745
2641
1593
1723
2746
2620
1563
1745
2724
2605
1608
1684
2702
2618
1591
1671
2686
2647
1601
1694
2756
2638
1558
1694
2748
2667
1607
1632
2686
2645
1569
1725
2785
2645
1574
1693
2723
2642
1603
1693
2722
2604
1567
1704
2740
2656
1607
1707
2745
2635
1568
1667
2763
2653
1576
1680
2727
2671
1585
1714
2791
2656
1587
1728
2720
2659
1618
1684
2728
2637
1582
1705
2759
2658
1584
1672
2774
2677
1610
1695
2759
2614
1549
1696
2728
2634
1558
1697
2772
2643
1570
1701
2776
2606
1534
1718
2724
2653
1598
1673
2733
2636
1578
1684
2740
2658
1601
1705
2762
2640
1549
1693
2771
2654
1565
1703
2774
2631
1589
1712
2748
2673
1608
1687
2730
2667
1586
1706
2749
2615
1595
1727
2755
2626
1565
1693
2723
2648
1591
1746
2775
2609
1565
1687
2743
2666
1582
1723
2734
2619
1568
1716
2719
2654
1604
1666
2751
2665
1584
1739
2775
2598
1563
1722
2761
2637
1582
1694
2707
2613
1593
1705
2756
2658
1581
1664
2754
2638
1570
1740
2746
2619
1589
1660
2690
2645
1590
1673
2734
2621
1558
1712
2770
2678
1608
1676
2745
2649
1545
1709
2758
2619
1573
1730
2752
2671
1609
1710
2734
2630
1592
1694
2772
2644
1545
1676
2731
2655
1610
1712
2751
2599
1560
1718
2720
2623
1594
1689
2726
2638
1587
1694
2756
2646
1577
1681
2735
2626
1564
1700
2726
2660
1611
1678
2758
2660
1553
1712
2756
2619
1557
1724
2759
2639
1579
1675
2700
2631
1595
1732
2763
2633
1579
1678
2727
2640
1575
1721
2725
2620
1600
1728
2749
2671
1592
1668
2734
2627
1558
1737
2783
2637
1567
1678
2741
2654
1601
1689
2731
2635
1585
1720
2756
2642
1577
1690
2710
2643
1614
1734
2752
2620
1574
1685
2714
2632
1585
1695
2710
2618
1575
1675
2742
2649
1544
1690
2752
2618
1566
1704
2772
2641
1567
1690
2729
2648
1610
1700
2715
2612
1607
1720
2788
2662
1557
1682
2733
2642
1600
1729
2744
2651
1601
1696
2736
2684
1590
1665
2740
2658
1580
1697
2763
2680
1574
1674
2746
2611
1593
1748
2771
2675
1613
1699
2771
2672
1592
1712
2738
2649
1618
1699
2733
2677
1611
1689
2744
2692
1602
1694
2745
2614
1572
1736
2750
2663
1620
1696
2734
2648
1559
1717
2805
2657
1573
1694
2716
2626
1613
1720
2734
2679
1620
1695
2717
2657
1592
1682
2753
2666
1584
1678
2766
2686
1596
1677
2724
2651
1586
1707
2766
2639
1572
1711
2758
2655
1570
1703
2742
2616
1569
1712
2751
2673
1580
1649
2731
2652
1574
1716
2785
2648
1584
1704
2735
2646
1598
1680
2690
2658
1624
1695
2767
2646
1577
1717
2720
2595
1613
1714
2759
2618
1546
1708
2771
2633
1585
1706
2735
2600
1588
1717
2747
2657
1602
1711
2746
2645
1610
1720
2727
2660
1619
1677
2753
2700
1584
1703
2773
2680
1571
1696
2785
2625
1569
1712
2740
2659
1600
1742
2790
2623
1568
1705
2740
2672
1611
1707
2734
2646
1617
1705
2740
2652
1560
1658
2720
2674
1625
1738
2762
2657
1579
1703
2780
2663
1540
1697
2781
2602
1545
1717
2772
2630
1577
1665
2712
2676
1601
1703
2736
2622
1571
1717
2767
2617
1554
1692
2704
2613
1632
1727
2728
2675
1599
1690
2733
2630
1560
1705
2731
2662
1612
1678
2751
2694
1600
1700
2771
2664
1610
1726
2753
2640
1589
1713
2748
2659
1622
1725
2746
2632
1592
1722
2761
2668
1625
1703
2728
2646
1621
1740
2777
2694
1590
1696
2758
2637
1586
1711
2767
2652
1601
1716
2763
2668
1607
1729
2755
2664
1615
1691
2761
2654
1594
1707
2719
2646
1631
1740
2778
2656
1581
1705
2762
2680
1622
1673
2702
2645
1593
1694
2749
2668
1599
1693
2726
2639
1596
1737
2770
2670
1590
1692
2750
2675
1628
1718
2748
2668
1611
1709
2773
2634
1578
1739
2745
2663
1609
1664
2725
2664
1606
1691
2775
2698
1600
1713
2734
2621
1614
1738
2756
2654
1603
1701
2751
2626
1586
1741
2777
2637
1568
1690
2738
2672
1602
1711
2761
2670
1603
1725
2779
2643
1577
1694
2735
2657
1580
1689
2744
2640
1588
1723
2757
2660
1601
1720
2735
2642
1639
1714
2740
2684
1595
1698
2775
2666
1606
1749
2796
2679
1595
1704
2775
2651
1589
1696
2743
2663
1614
1708
2769
2677
1592
1721
2760
2684
1631
1738
2777
2641
1592
1695
2755
2696
1631
1716
2775
2652
1598
1724
2762
2658
1601
1706
2752
2668
1626
1753
2792
2667
1608
1721
2770
2666
1597
1720
2771
2629
1564
1731
2774
2638
1587
1739
2780
2637
1597
1757
2744
2607
1601
1710
2748
2695
1612
1708
2754
2631
1592
1751
2788
2654
1587
1717
2737
2635
1614
1719
2773
2669
1594
1685
2762
2647
1596
1722
2738
2660
1612
1700
2798
2664
1589
1689
2721
2674
1625
1698
2746
2654
1580
1720
2771
2693
1616
1686
2743
2647
1598
1739
2768
2674
1601
1720
2793
2648
1595
1763
2779
2646
1610
1705
2752
2668
1610
1695
2741
2690
1631
1709
2756
2680
1596
1688
2731
2669
1605
1699
2767
2677
1577
1691
2760
2690
1589
1694
2751
2636
1611
1759
2768
2665
1603
1696
2767
2677
1611
1717
2790
2642
1547
1714
2780
2626
1584
1731
2785
2668
1594
1699
2758
2654
1581
1682
2725
2654
1600
1692
2753
2640
1552
1693
2770
2670
1606
1722
2754
2615
1577
1736
2755
2654
1583
1710
2767
2675
1604
1707
2776
2671
1595
1707
2752
2660
1605
1729
2738
2639
1601
1716
2782
2698
1600
1664
2736
2654
1597
1727
2780
2633
1573
1709
2755
2685
1613
1721
2781
2608
1596
1739
2747
2656
1606
1701
2739
2643
1597
1697
2743
2657
1601
1687
2766
2676
1584
1695
2764
2657
1600
1729
2759
2613
1610
1705
2699
2684
1642
1684
2764
2654
1578
1709
2731
2639
1591
1692
2717
2644
1577
1683
2763
2672
1563
1681
2759
2650
1582
1696
2753
2670
1599
1719
2776
2658
1578
1715
2750
2613
1570
1716
2765
2654
1591
1674
2732
2672
1602
1710
2753
2621
1589
1696
2738
2675
1623
1722
2756
2603
1584
1717
2724
2628
1586
1691
2756
2687
1611
1680
2735
2628
1566
1693
2744
2676
1606
1703
2732
2629
1565
1699
2772
2611
1572
1692
2714
2645
1621
1705
2744
2638
1576
1695
2752
2680
1581
1660
2737
2627
1541
1724
2768
2643
1555
1698
2728
2633
1593
1720
2768
2620
1565
1684
2726
2645
1595
1715
2738
2643
1562
1663
2735
2618
1572
1692
2710
2616
1584
1722
2758
2630
1559
1681
2753
2649
1613
1692
2724
2633
1577
1711
2770
2631
1552
1687
2729
2622
1599
1704
2714
2623
1562
1702
2746
2609
1588
1709
2740
2659
1558
1666
2745
2645
1581
1679
2711
2655
1586
1684
2756
2626
1551
1705
2749
2641
1587
1707
2752
2645
1553
1682
2746
2670
1607
1693
2740
2641
1610
1744
2745
2639
1573
1702
2731
2623
1589
1676
2741
2668
1600
1702
2764
2638
1578
1701
2747
2646
1591
1706
2741
2640
1581
1700
2756
2648
1581
1720
2774
2641
1577
1740
2761
2615
1596
1703
2710
2654
1630
1738
2753
2647
1550
1694
2742
2607
1564
1691
2711
2647
1627
1696
2740
2614
1556
1676
2736
2672
1612
1669
2713
2643
1567
1670
2756
2645
1575
1692
2728
2622
1584
1725
2755
2660
1583
1676
2717
2627
1583
1685
2737
2651
1589
1686
2757
2671
1581
1732
2762
2614
1579
1677
2721
2681
1623
1665
2715
2645
1582
1695
2751
2615
1580
1714
2755
2646
1577
1710
2748
2614
1604
1731
2754
2656
1596
1677
2744
2658
1588
1706
2752
2608
1575
1678
2728
2692
1627
1708
2757
2666
1568
1696
2790
2670
1593
1695
2763
2657
1597
1724
2772
2653
1574
1663
2724
2694
1598
1686
2760
2623
1567
1727
2776
2635
1584
1704
2715
2666
1619
1707
2720
2657
1606
1650
2726
2674
1599
1712
2729
2625
1583
1698
2785
2656
1564
1703
2771
2656
1587
1687
2728
2608
1572
1691
2724
2640
1592
1675
2739
2643
1570
1709
2756
2668
1588
1666
2740
2653
1583
1719
2752
2656
1598
1694
2747
2669
1617
1718
2745
2655
1617
1723
2721
2654
1585
1674
2748
2704
1598
1717
2778
2636
1559
1716
2738
2653
1593
1730
2757
2625
1607
1709
2721
2695
1628
1693
2743
2638
1593
1712
2754
2674
1644
1707
2724
2676
1613
1695
2758
2693
1609
1703
2790
2690
1583
1730
2776
2669
1607
1709
2739
2651
1599
1712
2739
2684
1635
1693
2741
2658
1601
1714
2736
2672
1592
1683
2729
2639
1578
1695
2747
2660
1590
1676
2762
2664
1575
1720
2747
2614
1575
1709
2752
2642
1607
1707
2727
2674
1642
1692
2737
2667
1604
1690
2755
2662
1594
1704
2733
2609
1593
1737
2770
2688
1587
1687
2763
2629
1585
1711
2721
2614
1584
1693
2728
2664
1607
1716
2786
2677
1568
1697
2773
2646
1588
1723
2755
2673
1610
1710
2779
2625
1560
1729
2736
2641
1597
1687
2700
2634
1611
1719
2780
2677
1587
1671
2721
2634
1592
1733
2736
2645
1608
1719
2727
2641
1581
1696
2743
2640
1591
1706
2785
2643
1565
1682
2724
2649
1613
1738
2767
2635
1558
1716
2748
2632
1600
1704
2751
2654
1587
1715
2778
2673
1586
1694
2753
2635
1610
1717
2744
2663
1600
1691
2751
2635
1597
1724
2738
2641
1604
1701
2734
2673
1593
1675
2767
2677
1588
1726
2805
2648
1565
1720
2758
2638
1587
1729
2729
2597
1599
1738
2718
2662
1615
1664
2748
2636
1571
1727
2749
2648
1627
1687
2736
2630
1594
1721
2766
2636
1592
1708
2743
2646
1610
1700
2712
2616
1570
1710
2751
2634
1592
1681
2719
2683
1624
1688
2750
2639
1579
1719
2739
2658
1599
1684
2742
2630
1574
1704
2745
2644
1587
1684
2737
2681
1596
1688
2727
2665
1592
1707
2788
2647
1603
1729
2729
2658
1594
1694
2783
2647
1585
1727
2774
2662
1599
1678
2729
2647
1586
1706
2742
2623
1590
1728
2721
2618
1606
1714
2765
2666
1566
1670
2721
2623
1615
1708
2707
2657
1609
1694
2767
2624
1597
1697
2736
2635
1579
1719
2765
2612
1554
1681
2703
2624
1594
1674
2728
2639
1575
1712
2771
2672
1562
1682
2758
2630
1609
1697
2731
2658
1583
1657
2726
2653
1587
1676
2749
2654
1571
1692
2817
2645
1567
1716
2736
2621
1601
1729
2715
2630
1598
1699
2764
2666
1596
1708
2762
2601
1526
1721
2750
2619
1587
1709
2711
2618
1614
1697
2725
2676
1586
1684
2753
2668
1581
1691
2751
2640
1610
1706
2745
2632
1589
1691
2722
2675
1613
1670
2743
2620
1571
1693
2716
2654
1602
1713
2744
2648
1598
1697
2742
2662
1591
1672
2717
2639
1572
1697
2746
2643
1564
1693
2749
2660
1614
1726
2740
2634
1598
1728
2793
2654
1565
1716
2761
2639
1630
1721
2739
2636
1577
1689
2744
2669
1614
1699
2720
2642
1605
1709
2769
2674
1571
1710
2751
2599
1587
1723
2720
2633
1585
1688
2746
2670
1576
1669
2748
2671
1587
1690
2779
2650
1559
1691
2734
2649
1599
1707
2758
2653
1570
1696
2755
2649
1592
1715
2746
2606
1582
1730
2743
2655
1578
1686
2726
2616
1597
1710
2734
2638
1559
1705
2758
2639
1581
1732
2711
2620
1623
1702
2742
2668
1574
1666
2756
2617
1555
1701
2752
2640
1577
1705
2710
2619
1626
1728
2743
2661
1610
1712
2766
2668
1550
1666
2742
2614
1563
1719
2754
2640
1579
1711
2740
2597
1566
1704
2718
2615
1575
1694
2773
2660
1576
1704
2736
2675
1621
1693
2766
2629
1581
1725
2768
2648
1604
1707
2723
2610
1604
1737
2742
2618
1577
1715
2734
2602
1574
1740
2758
2642
1629
1707
2714
2631
1556
1693
2740
2628
1584
1677
2768
2658
1578
1668
2726
2661
1598
1702
2761
2659
1590
1682
2764
2706
1577
1680
2762
2641
1587
1729
2758
2666
1617
1660
2691
2679
1615
1714
2760
2607
1567
1697
2747
2645
1596
1706
2734
2621
1579
1730
2786
2649
1568
1684
2717
2636
1592
1731
2765
2613
1589
1719
2745
2662
1601
1693
2750
2634
1578
1726
2756
2657
1612
1695
2732
2652
1593
1697
2761
2669
1589
1687
2734
2672
1594
1674
2709
2674
1617
1703
2794
2650
1544
1697
2740
2651
1579
1674
2761
2664
1593
1714
2760
2663
1588
1701
2713
2631
1585
1715
2773
2645
1578
1734
2754
2629
1601
1733
2732
2645
1575
1653
2765
2700
1614
1728
2736
2646
1608
1709
2776
2656
1568
1659
2727
2668
1625
1738
2734
2640
1588
1684
2724
2669
1612
1701
2774
2637
1574
1687
2753
2684
1540
1653
2743
2641
1611
1736
2776
2650
1582
1701
2773
2640
1519
1666
2738
2626
1592
1714
2740
2637
1606
1704
2739
2650
1600
1742
2771
2626
1587
1699
2747
2673
1599
1693
2742
2641
1578
1692
2737
2656
1583
1689
2759
2652
1605
1726
2763
2652
1582
1698
2733
2652
1595
1674
2730
2662
1608
1705
2772
2648
1574
1728
2746
2638
1608
1726
2750
2608
1566
1751
2784
2665
1607
1699
2733
2650
1576
1688
2762
2658
1579
1698
2778
2645
1564
1725
2745
2654
1610
1726
2766
2647
1594
1721
2742
2617
1593
1742
2784
2651
1594
1739
2734
2650
1616
1709
2752
2648
1562
1690
2786
2680
1595
1699
2774
2604
1555
1749
2790
2677
1589
1688
2748
2646
1591
1722
2766
2639
1598
1722
2744
2652
1597
1702
2715
2650
1616
1702
2822
2697
1571
1704
2744
2671
1611
1710
2745
2621
1555
1695
2745
2663
1631
1710
2737
2630
1598
1716
2753
2674
1578
1676
2728
2677
1614
1727
2755
2617
1579
1724
2722
2605
1611
1736
2750
2648
1594
1714
2796
2655
1587
1721
2718
2634
1628
1733
2750
2643
1580
1672
2751
2661
1565
1710
2764
2618
1579
1733
2761
2656
1574
1703
2768
2629
1581
1708
2729
2607
1570
1703
2715
2649
1593
1700
2742
2650
1586
1723
2802
2648
1573
1710
2738
2655
1590
1717
2739
2628
1574
1689
2741
2633
1580
1709
2742
2633
1609
1722
2745
2675
1616
1684
2735
2648
1614
1703
2761
2700
1596
1674
2735
2674
1569
1674
2771
2654
1576
1733
2788
2618
1582
1709
2742
2632
1554
1710
2777
2639
1575
1706
2738
2676
1594
1688
2756
2643
1582
1717
2744
2679
1610
1700
2739
2663
1613
1710
2749
2631
1580
1709
2760
2664
1607
1704
2753
2662
1582
1699
2770
2642
1579
1696
2719
2664
1601
1706
2767
2649
1554
1729
2767
2614
1581
1711
2727
2628
1615
1712
2721
2679
1600
1650
2724
2649
1577
1715
2751
2671
1592
1693
2752
2657
1585
1719
2755
2612
1578
1719
2752
2665
1612
1704
2733
2678
1625
1701
2737
2611
1541
1688
2776
2681
1593
1711
2752
2601
1580
1709
2760
2665
1598
1693
2740
2641
1598
1729
2748
2632
1610
1732
2745
2650
1642
1722
2718
2659
1602
1724
2784
2650
1601
1714
2749
2658
1595
1721
2787
2685
1614
1716
2758
2658
1589
1704
2748
2612
1577
1724
2771
2670
1612
1722
2770
2639
1623
1725
2750
2642
1598
1674
2732
2670
1576
1692
2741
2626
1583
1698
2746
2668
1602
1690
2737
2667
1611
1741
2795
2656
1591
1724
2771
2675
1602
1679
2718
2654
1615
1704
2758
2664
1594
1694
2722
2646
1592
1705
2753
2652
1592
1670
2732
2647
1592
1716
2741
2650
1602
1712
2779
2666
1567
1706
2750
2691
1645
1746
2796
2644
1565
1705
2763
2653
1589
1702
2747
2647
1593
1726
2765
2647
1582
1710
2713
2642
1622
1688
2737
2639
1571
1707
2793
2632
1556
1727
2731
2605
1556
1697
2766
2604
1568
1716
2734
2622
1596
1693
2748
2656
1596
1676
2747
2662
1581
1691
2760
2645
1574
1698
2771
2681
1571
1689
2743
2638
1578
1700
2758
2641
1562
1713
2783
2631
1605
1725
2712
2658
1607
1668
2768
2663
1591
1701
2756
2627
1605
1761
2778
2617
1571
1701
2760
2666
1598
1728
2745
2647
1625
1688
2756
2702
1591
1682
2756
2656
1585
1716
2787
2662
1576
1692
2734
2637
1622
1721
2727
2616
1582
1712
2761
2639
1580
1678
2712
2684
1634
1687
2723
2655
1585
1688
2757
2673
1576
1702
2793
2614
1571
1727
2736
2675
1622
1683
2729
2657
1597
1697
2764
2647
1591
1696
2747
2687
1599
1694
2750
2640
1597
1713
2750
2633
1554
1658
2712
2682
1607
1701
2776
2647
1560
1713
2742
2652
1599
1680
2715
2630
1591
1707
2767
2660
1578
1675
2715
2644
1634
1732
2742
2647
1595
1687
2763
2658
1591
1685
2702
2656
1597
1688
2739
2626
1553
1689
2723
2636
1580
1694
2752
2638
1582
1709
2756
2646
1565
1691
2742
2616
1591
1725
2757
2627
1594
1715
2746
2592
1587
1705
2723
2672
1619
1696
2765
2658
1568
1679
2708
2629
1626
1683
2725
2656
1586
1676
2748
2670
1559
1702
2743
2597
1578
1677
2732
2666
1579
1703
2769
2622
1568
1731
2729
2635
1584
1702
2692
2628
1620
1719
2764
2632
1548
1702
2762
2610
1541
1705
2763
2648
1592
1700
2758
2647
1582
1704
2732
2659
1596
1683
2745
2628
1561
1709
2758
2628
1578
1693
2741
2632
1536
1682
2763
2661
1592
1692
2746
2628
1569
1696
2752
2642
1544
1663
2770
2683
1589
1705
2740
2649
1557
1713
2784
2630
1560
1704
2755
2641
1605
1727
2765
2633
1596
1697
2723
2670
1609
1699
2735
2639
1589
1712
2743
2649
1587
1684
2718
2638
1593
1695
2744
2635
1564
1699
2756
2656
1624
1719
2722
2652
1625
1686
2737
2656
1557
1681
2715
2648
1600
1685
2736
2638
1588
1709
2770
2660
1555
1715
2756
2617
1579
1697
2754
2687
1588
1662
2738
2628
1575
1702
2741
2650
1587
1704
2764
2677
1602
1717
2749
2667
1595
1702
2775
2637
1549
1689
2748
2627
1567
1700
2739
2617
1563
1690
2720
2627
1561
1706
2767
2637
1594
1741
2775
2649
1601
1715
2741
2619
1608
1726
2720
2655
1605
1674
2760
2667
1567
1701
2748
2629
1583
1715
2747
2636
1572
1682
2722
2681
1632
1704
2763
2667
1565
1673
2753
2648
1585
1712
2749
2607
1571
1723
2739
2650
1584
1711
2734
2660
1626
1659
2709
2654
1560
1648
2729
2637
1576
1712
2720
2589
1580
1690
2753
2663
1591
1701
2730
2632
1584
1723
2731
2622
1599
1700
2742
2662
1601
1692
2719
2640
1592
1673
2750
2662
1577
1692
2758
2670
1593
1720
2756
2655
1594
1705
2785
2663
1568
1707
2729
2617
1576
1696
2718
2640
1600
1666
2735
2641
1558
1691
2757
2616
1556
1679
2734
2697
1629
1656
2722
2670
1592
1708
2760
2644
1548
1686
2761
2654
1581
1690
2760
2651
1553
1671
2723
2633
1609
1691
2721
2655
1613
1720
2780
2614
1559
1697
2714
2663
1595
1680
2737
2632
1543
1689
2731
2685
1626
1684
2726
2646
1565
1707
2765
2652
1586
1695
2721
2624
1572
1699
2754
2670
1580
1710
2739
2627
1575
1695
2732
2622
1583
1701
2749
2640
1577
1697
2747
2640
1589
1717
2744
2600
1548
1661
2732
2673
1620
1695
2740
2653
1602
1727
2755
2658
1593
1690
2739
2612
1579
1713
2731
2619
1548
1669
2713
2661
1590
1656
2761
2678
1581
1673
2765
2676
1575
1686
2763
2666
1602
1718
2756
2640
1596
1714
2751
2627
1557
1684
2734
2624
1579
1698
2750
2640
1564
1705
2769
2612
1576
1731
2765
2652
1598
1682
2737
2625
1567
1725
2723
2629
1610
1717
2761
2683
1595
1660
2737
2665
1563
1699
2770
2614
1545
1710
2727
2639
1616
1672
2700
2639
1579
1659
2728
2654
1579
1677
2726
2645
1604
1715
2731
2628
1599
1688
2717
2671
1618
1694
2746
2669
1591
1687
2766
2683
1597
1699
2751
2625
1552
1718
2792
2635
1589
1726
2752
2670
1614
1704
2725
2643
1611
1720
2756
2641
1560
1684
2751
2652
1582
1727
2780
2617
1583
1706
2757
2644
1589
1731
2735
2635
1587
1694
2743
2663
1611
1700
2726
2676
1606
1706
2770
2645
1599
1694
2743
2681
1611
1671
2734
2649
1567
1728
2784
2653
1603
1704
2723
2615
1553
1721
2798
2652
1559
1725
2783
2653
1600
1690
2729
2645
1586
1712
2741
2638
1592
1688
2734
2662
1588
1692
2762
2636
1558
1702
2754
2656
1580
1705
2730
2633
1596
1692
2739
2676
1608
1697
2740
2645
1613
1725
2749
2650
1600
1677
2755
2684
1593
1703
2750
2625
1585
1713
2747
2665
1565
1672
2753
2671
1594
1683
2772
2630
1545
1717
2765
2645
1600
1723
2719
2624
1568
1693
2779
2664
1576
1688
2762
2644
1567
1736
2767
2645
1589
1690
2774
2657
1579
1705
2757
2666
1593
1721
2764
2666
1622
1700
2749
2673
1591
1686
2743
2651
1583
1703
2742
2687
1607
1686
2757
2622
1552
1720
2777
2685
1599
1697
2733
2650
1604
1715
2738
2632
1592
1715
2757
2656
1592
1707
2757
2651
1603
1708
2783
2657
1584
1710
2746
2694
1608
1688
2784
2662
1577
1711
2760
2669
1605
1691
2762
2662
1583
1726
2736
2666
1627
1716
2732
2674
1631
1696
2755
2647
1561
1689
2760
2679
1616
1708
2740
2654
1613
1728
2777
2665
1614
1696
2758
2683
1602
1727
2764
2634
1569
1733
2768
2656
1621
1714
2739
2618
1585
1707
2766
2679
1607
1687
2766
2663
1608
1727
2754
2663
1610
1706
2741
2686
1610
1704
2755
2672
1595
1715
2794
2664
1549
1697
2758
2665
1614
1679
2757
2649
1565
1688
2783
2663
1593
1712
2734
2619
1560
1708
2761
2678
1602
1668
2731
2661
1623
1708
2729
2624
1599
1709
2741
2669
1596
1679
2753
2666
1582
1693
2783
2697
1601
1690
2747
2674
1586
1710
2802
2639
1549
1718
2763
2613
1574
1724
2733
2639
1628
1714
2726
2656
1595
1683
2756
2639
1585
1717
2742
2627
1575
1703
2762
2665
1607
1705
2718
2643
1586
1694
2781
2711
1633
1702
2713
2673
1612
1704
2744
2620
1590
1713
2712
2639
1608
1699
2738
2680
1615
1685
2748
2679
1593
1677
2731
2627
1610
1741
2760
2685
1625
1728
2788
2671
1596
1722
2756
2633
1568
1722
2793
2653
1587
1712
2751
2676
1620
1704
2748
2645
1564
1675
2768
2710
1619
1726
2778
2670
1566
1698
2747
2669
1608
1684
2713
2660
1611
1706
2730
2653
1548
1657
2744
2675
1601
1698
2760
2656
1582
1680
2746
2661
1579
1686
2742
2660
1575
1713
2768
2618
1590
1729
2739
2650
1614
1711
2726
2626
1591
1677
2746
2674
1573
1664
2747
2653
1561
1690
2767
2651
1578
1722
2751
2648
1589
1723
2755
2623
1567
1702
2765
2646
1564
1702
2733
2666
1604
1710
2774
2641
1574
1685
2728
2644
1584
1682
2723
2658
1590
1678
2757
2677
1578
1690
2758
2639
1593
1735
2760
2628
1584
1694
2725
2621
1601
1690
2677
2638
1621
1680
2760
2665
1572
1676
2730
2637
1569
1701
2782
2640
1575
1698
2715
2646
1578
1685
2738
2649
1601
1724
2771
2673
1575
1701
2739
2642
1612
1731
2764
2665
1613
1699
2767
2676
1582
1738
2797
2623
1592
1732
2756
2645
1601
1710
2746
2650
1583
1693
2771
2683
1584
1687
2764
2673
1590
1675
2722
2630
1605
1712
2758
2684
1597
1680
2731
2655
1572
1703
2772
2664
1582
1677
2761
2671
1586
1736
2760
2639
1603
1728
2779
2650
1583
1675
2720
2669
1610
1705
2768
2649
1569
1713
2767
2651
1592
1723
2750
2617
1592
1704
2730
2629
1548
1675
2710
2595
1570
1708
2725
2641
1593
1690
2730
2670
1610
1658
2728
2649
1575
1693
2745
2644
1591
1731
2742
2660
1616
1729
2771
2632
1558
1699
2741
2672
1615
1680
2721
2648
1579
1701
2775
2635
1571
1727
2740
2627
1612
1711
2744
2646
1597
1684
2716
2638
1590
1708
2746
2660
1625
1684
2738
2684
1589
1661
2729
2666
1601
1703
2742
2627
1564
1682
2721
2634
1581
1693
2762
2674
1606
1716
2758
2664
1582
1680
2729
2633
1596
1681
2758
2690
1572
1691
2748
2655
1594
1720
2758
2636
1573
1688
2748
2659
1599
1682
2701
2678
1596
1668
2777
2670
1585
1742
2776
2636
1605
1696
2739
2629
1588
1724
2760
2655
1591
1715
2742
2622
1568
1710
2758
2651
1601
1668
2740
2682
1598
1697
2728
2615
1588
1717
2763
2647
1601
1718
2729
2667
1619
1699
2752
2648
1599
1708
2738
2644
1587
1695
2720
2636
1583
1684
2776
2707
1590
1685
2741
2612
1551
1711
2747
2667
1586
1698
2751
2654
1593
1719
2731
2626
1601
1692
2728
2647
1565
1643
2724
2661
1599
1695
2749
2653
1600
1695
2736
2652
1583
1716
2752
2623
1579
1726
2749
2629
1604
1698
2698
2647
1602
1694
2769
2655
1571
1690
2769
2650
1562
1727
2733
2577
1596
1706
2714
2683
1637
1690
2730
2661
1578
1698
2756
2636
1588
1695
2756
2677
1581
1681
2740
2627
1564
1690
2737
2634
1601
1701
2727
2625
1575
1696
2750
2659
1575
1694
2738
2628
1613
1679
2707
2663
1628
1714
2774
2680
1589
1691
2744
2669
1576
1686
2727
2620
1605
1716
2745
2675
1597
1691
2756
2647
1582
1718
2754
2673
1590
1689
2730
2622
1588
1714
2773
2678
1600
1707
2734
2628
1581
1699
2726
2646
1606
1685
2764
2675
1594
1701
2716
2675
1587
1657
2754
2683
1588
1665
2746
2675
1569
1666
2739
2619
1575
1721
2744
2653
1605
1689
2709
2620
1573
1694
2726
2638
1612
1680
2724
2679
1607
1709
2746
2646
1578
1710
2788
2638
1567
1695
2745
2650
1597
1699
2749
2670
1603
1666
2754
2673
1581
1680
2741
2602
1568
1720
2729
2655
1560
1646
2722
2646
1556
1701
2783
2638
1552
1704
2720
2636
1607
1702
2753
2661
1590
1709
2747
2628
1584
1680
2722
2675
1613
1711
2770
2655
1593
1701
2734
2646
1591
1694
2738
2628
1575
1723
2776
2691
1604
1698
2782
2642
1581
1706
2721
2651
1587
1679
2752
2668
1599
1696
2714
2623
1585
1676
2738
2677
1580
1696
2741
2631
1599
1713
2741
2621
1599
1716
2717
2654
1604
1691
2759
2641
1570
1710
2769
2639
1565
1691
2741
2599
1571
1720
2714
2619
1597
1665
2721
2667
1569
1688
2773
2644
1585
1702
2746
2650
1566
1677
2749
2647
1552
1679
2734
2628
1585
1696
2724
2669
1589
1696
2743
2624
1552
1719
2752
2653
1592
1718
2751
2610
1580
1708
2760
2685
1592
1690
2782
2671
1553
1713
2742
2637
1585
1703
2777
2631
1584
1714
2755
2624
1581
1685
2703
2620
1609
1690
2727
2694
1619
1675
2724
2651
1609
1712
2748
2643
1579
1673
2745
2634
1575
1709
2751
2666
1606
1670
2737
2669
1575
1669
2752
2658
1593
1728
2759
2656
1592
1684
2716
2649
1580
1717
2734
2617
1576
1678
2741
2704
1606
1681
2737
2642
1577
1691
2760
2650
1581
1676
2740
2648
1593
1715
2743
2645
1576
1690
2758
2664
1592
1707
2745
2660
1579
1677
2777
2662
1549
1658
2718
2639
1583
1689
2752
2631
1540
1686
2750
2632
1583
1724
2740
2621
1590
1721
2758
2648
1572
1687
2726
2648
1598
1706
2748
2614
1574
1701
2744
2637
1595
1735
2731
2605
1566
1697
2742
2662
1582
1663
2721
2663
1586
1690
2752
2642
1596
1690
2743
2680
1583
1653
2741
2657
1582
1713
2752
2680
1577
1669
2760
2654
1576
1709
2803
2700
1578
1660
2730
2651
1573
1705
2763
2639
1616
1720
2780
2666
1571
1715
2755
2645
1606
1711
2742
2615
1588
1718
2727
2619
1590
1692
2735
2649
1598
1698
2765
2677
1566
1664
2713
2608
1597
1723
2711
2642
1623
1686
2752
2665
1564
1675
2771
2647
1566
1724
2769
2641
1581
1679
2715
2644
1606
1703
2731
2663
1600
1721
2751
2651
1613
1715
2745
2610
1568
1700
2759
2682
1594
1675
2751
2642
1570
1700
2753
2649
1592
1681
2735
2671
1613
1691
2724
2660
1599
1700
2743
2633
1563
1684
2719
2629
1609
1693
2721
2663
1574
1659
2752
2662
1575
1705
2761
2641
1608
1719
2762
2683
1586
1669
2730
2642
1591
1707
2752
2663
1610
1709
2773
2672
1597
1686
2707
2642
1599
1699
2766
2675
1561
1684
2734
2659
1601
1701
2753
2629
1579
1725
2754
2660
1593
1697
2710
2604
1605
1720
2772
2692
1607
1695
2757
2662
1582
1690
2757
2662
1618
1682
2722
2645
1583
1701
2736
2659
1606
1684
2754
2693
1613
1667
2728
2682
1610
1696
2755
2657
1600
1694
2747
2700
1632
1695
2743
2665
1600
1716
2783
2669
1574
1687
2745
2636
1572
1713
2756
2633
1573
1710
2736
2618
1573
1667
2704
2659
1596
1708
2755
2657
1614
1677
2711
2674
1622
1703
2769
2643
1570
1703
2773
2692
1628
1703
2751
2659
1596
1706
2754
2666
1575
1669
2728
2664
1628
1722
2749
2685
1610
1692
2765
2690
1613
1711
2742
2647
1616
1734
2761
2621
1561
1713
2732
2630
1624
1734
2751
2658
1623
1687
2729
2669
1592
1680
2743
2617
1577
1728
2769
2689
1602
1682
2742
2647
1585
1710
2754
2644
1584
1684
2750
2648
1579
1728
2768
2620
1605
1724
2760
2653
1597
1706
2727
2669
1597
1715
2783
2637
1580
1737
2781
2641
1606
1720
2737
2637
1582
1713
2787
2670
1573
1679
2752
2658
1606
1690
2772
2685
1575
1680
2780
2665
1577
1704
2716
2616
1590
1702
2761
2642
1581
1714
2757
2645
1599
1720
2755
2665
1580
1676
2758
2675
1598
1697
2759
2640
1601
1722
2756
2643
1593
1704
2740
2643
1627
1739
2757
2656
1609
1726
2750
2626
1612
1726
2730
2651
1608
1734
2770
2643
1596
1701
2715
2641
1612
1742
2783
2659
1567
1695
2746
2672
1607
1685
2723
2652
1620
1700
2769
2668
1569
1695
2740
2636
1584
1730
2763
2612
1546
1680
2741
2640
1580
1701
2729
2652
1621
1701
2745
2685
1574
1678
2758
2666
1604
1706
2746
2632
1574
1703
2756
2650
1605
1707
2740
2650
1620
1711
2751
2693
1597
1671
2720
2654
1610
1680
2756
2666
1576
1689
2730
2662
1632
1708
2750
2688
1593
1687
2772
2652
1575
1674
2736
2674
1620
1730
2757
2615
1597
1705
2754
2683
1588
1686
2745
2641
1571
1700
2743
2671
1613
1688
2744
2640
1576
1712
2733
2635
1603
1680
2693
2650
1630
1672
2732
2664
1606
1689
2745
2681
1603
1685
2730
2699
1624
1712
2761
2623
1559
1693
2756
2652
1589
1740
2733
2615
1601
1714
2724
2672
1624
1689
2728
2650
1577
1722
2778
2614
1574
1713
2727
2623
1579
1702
2769
2646
1578
1705
2744
2644
1593
1678
2720
2674
1606
1708
2779
2655
1577
1703
2767
2676
1599
1701
2738
2635
1603
1718
2761
2653
1576
1701
2721
2629
1598
1731
2741
2641
1587
1681
2763
2661
1566
1669
2738
2666
1611
1685
2746
2665
1554
1638
2749
2666
1572
1720
2797
2618
1572
1733
2742
2664
1608
1678
2748
2679
1611
1729
2785
2641
1542
1682
2765
2634
1553
1696
2748
2655
1566
1655
2745
2643
1561
1686
2743
2663
1597
1698
2766
2643
1566
1682
2733
2676
1627
1713
2786
2658
1558
1659
2719
2637
1577
1694
2731
2626
1565
1674
2739
2659
1580
1652
2715
2634
1583
1718
2744
2622
1565
1693
2746
2659
1587
1702
2724
2666
1577
1677
2781
2676
1580
1684
2712
2654
1608
1702
2752
2644
1572
1700
2746
2656
1597
1688
2732
2662
1576
1668
2737
2651
1582
1711
2776
2638
1581
1728
2763
2649
1590
1678
2732
2666
1598
1696
2715
2662
1602
1675
2756
2643
1592
1725
2739
2639
1621
1704
2744
2642
1552
1671
2736
2679
1625
1707
2729
2651
1620
1680
2703
2687
1569
1630
2729
2648
1560
1720
2811
2650
1565
1698
2720
2635
1588
1702
2744
2656
1574
1683
2768
2650
1564
1725
2741
2656
1622
1725
2751
2635
1600
1698
2727
2673
1613
1690
2747
2640
1575
1692
2747
2655
1613
1703
2748
2647
1590
1724
2782
2635
1574
1686
2737
2627
1583
1710
2744
2643
1615
1696
2721
2678
1625
1685
2738
2657
1571
1660
2742
2654
1551
1686
2750
2670
1636
1686
2725
2668
1603
1707
2743
2636
1588
1665
2728
2643
1603
1701
2734
2643
1549
1669
2771
2645
1599
1714
2740
2653
1582
1708
2813
2656
1581
1710
2732
2673
1597
1688
2763
2641
1562
1667
2750
2677
1613
1688
2729
2649
1590
1715
2772
2652
1584
1708
2753
2630
1588
1730
2761
2630
1579
1700
2698
2630
1603
1682
2702
2656
1605
1671
2750
2671
1572
1687
2738
2632
1600
1732
2766
2645
1582
1688
2723
2650
1597
1696
2739
2617
1578
1716
2735
2638
1595
1682
2707
2647
1590
1704
2781
2670
1597
1722
2741
2639
1570
1714
2747
2641
1599
1686
2767
2635
1555
1675
2725
2625
1581
1717
2766
2662
1582
1685
2739
2654
1616
1696
2730
2650
1592
1722
2777
2636
1574
1710
2770
2632
1585
1716
2751
2630
1572
1702
2743
2619
1593
1722
2718
2607
1614
1713
2757
2662
1608
1687
2714
2690
1603
1673
2783
2637
1548
1693
2744
2693
1633
1693
2742
2669
1570
1687
2759
2689
1593
1692
2736
2648
1608
1685
2738
2667
1565
1676
2773
2643
1559
1711
2762
2641
1593
1680
2723
2658
1591
1655
2739
2667
1588
1702
2782
2648
1577
1701
2761
2670
1607
1700
2726
2625
1557
1699
2772
2681
1590
1685
2723
2632
1609
1715
2748
2642
1579
1682
2736
2645
1594
1684
2711
2676
1626
1704
2764
2662
1601
1690
2727
2649
1587
1701
2743
2647
1558
1676
2726
2649
1592
1676
2704
2622
1565
1686
2766
2675
1580
1677
2761
2654
1585
1726
2749
2649
1607
1709
2754
2648
1596
1703
2738
2624
1578
1698
2745
2646
1605
1701
2725
2657
1610
1686
2733
2631
1581
1722
2752
2668
1595
1684
2748
2641
1584
1714
2762
2650
1589
1689
2744
2634
1585
1731
2739
2594
1560
1700
2752
2637
1615
1695
2729
2657
1585
1693
2786
2655
1555
1697
2733
2636
1606
1732
2747
2640
1600
1709
2746
2670
1600
1684
2713
2643
1605
1729
2767
2644
1603
1693
2681
2649
1621
1655
2731
2679
1573
1675
2768
2654
1587
1712
2739
2638
1605
1697
2775
2697
1624
1677
2700
2677
1620
1679
2745
2636
1548
1667
2751
2672
1603
1708
2724
2646
1616
1723
2746
2647
1585
1670
2734
2663
1610
1696
2748
2662
1592
1703
2754
2667
1589
1676
2729
2627
1579
1686
2747
2662
1595
1670
2733
2663
1600
1722
2759
2638
1572
1695
2760
2652
1608
1745
2742
2632
1606
1720
2751
2669
1581
1685
2745
2674
1615
1691
2723
2637
1594
1687
2749
2677
1606
1714
2745
2631
1584
1700
2748
2670
1588
1666
2728
2653
1597
1717
2753
2655
1600
1702
2766
2663
1590
1690
2744
2619
1583
1714
2769
2665
1589
1680
2743
2641
1605
1725
2762
2628
1602
1716
2751
2653
1587
1699
2715
2645
1608
1690
2770
2667
1571
1709
2745
2638
1590
1713
2766
2640
1564
1702
2749
2679
1623
1669
2714
2631
1575
1716
2760
2652
1583
1705
2719
2642
1633
1701
2750
2666
1570
1670
2749
2670
1591
1672
2698
2664
1605
1679
2773
2659
1609
1700
2730
2662
1581
1673
2741
2640
1573
1687
2740
2666
1588
1690
2757
2652
1570
1697
2761
2692
1616
1677
2731
2641
1578
1670
2737
2644
1583
1703
2743
2636
1605
1705
2732
2637
1594
1683
2738
2666
1600
1692
2737
2646
1591
1692
2757
2618
1554
1701
2738
2638
1592
1698
2744
2658
1600
1669
2712
2660
1574
1654
2708
2623
1574
1725
2761
2658
1599
1665
2735
2663
1602
1684
2724
2663
1593
1716
2768
2604
1543
1702
2758
2606
1590
1707
2733
2639
1598
1707
2758
2677
1608
1673
2749
2648
1597
1675
2742
2692
1599
1700
2732
2652
1588
1696
2743
2642
1572
1684
2748
2634
1591
1720
2748
2637
1590
1725
2774
2653
1561
1669
2720
2617
1603
1728
2743
2653
1605
1687
2746
2692
1596
1692
2755
2640
1591
1698
2742
2656
1546
1659
2723
2653
1602
1727
2775
2640
1587
1708
2741
2669
1618
1690
2732
2645
1605
1677
2755
2686
1602
1670
2736
2688
1617
1721
2756
2634
1584
1708
2718
2666
1620
1697
2752
2665
1584
1704
2757
2664
1580
1697
2780
2654
1559
1715
2772
2637
1590
1715
2717
2643
1621
1707
2731
2657
1597
1691
2752
2642
1566
1695
2760
2694
1611
1696
2761
2625
1564
1712
2752
2680
1652
1675
2709
2675
1583
1683
2788
2697
1587
1672
2744
2630
1625
1760
2746
2631
1587
1699
2722
2637
1606
1707
2722
2678
1642
1680
2747
2660
1589
1682
2745
2656
1615
1746
2741
2615
1605
1696
2728
2680
1637
1690
2751
2650
1594
1719
2750
2658
1607
1676
2746
2692
1622
1724
2784
2657
1571
1709
2755
2611
1613
1734
2700
2661
1644
1686
2760
2703
1600
1663
2728
2673
1592
1682
2756
2658
1586
1668
2736
2658
1590
1692
2765
2624
1575
1712
2739
2661
1568
1672
2789
2679
1591
1730
2800
2654
1563
1676
2752
2664
1592
1724
2765
2648
1597
1718
2763
2640
1620
1716
2740
2668
1587
1708
2779
2658
1594
1706
2772
2677
1600
1704
2734
2638
1598
1696
2721
2661
1601
1671
2731
2647
1571
1691
2778
2660
1595
1732
2777
2664
1588
1705
2763
2640
1576
1721
2749
2647
1574
1701
2706
2673
1637
1673
2763
2664
1572
1695
2779
2677
1585
1751
2726
2597
1578
1693
2752
2662
1624
1725
2766
2648
1571
1710
2739
2676
1597
1665
2731
2674
1642
1707
2705
2651
1620
1693
2765
2682
1596
1687
2750
2685
1596
1723
2756
2623
1609
1723
2747
2682
1617
1707
2747
2656
1610
1733
2760
2639
1594
1703
2748
2638
1621
1713
2729
2653
1572
1675
2767
2643
1580
1733
2736
2659
1632
1708
2725
2662
1618
1708
2744
2668
1620
1705
2749
2663
1603
1687
2749
2691
1591
1701
2765
2657
1604
1701
2772
2652
1578
1676
2724
2660
1622
1723
2735
2691
1604
1667
2773
2668
1571
1716
2752
2649
1605
1701
2742
2666
1584
1656
2738
2654
1582
1746
2790
2651
1600
1690
2761
2696
1583
1673
2742
2665
1602
1711
2762
2683
1601
1674
2711
2639
1610
1723
2759
2691
1613
1683
2764
2680
1593
1698
2743
2670
1618
1714
2767
2657
1592
1712
2738
2650
1626
1709
2742
2635
1599
1690
2725
2679
1625
1693
2755
2652
1583
1721
2794
2668
1560
1676
2715
2634
1595
1722
2754
2661
1561
1676
2753
2643
1577
1714
2755
2646
1596
1704
2754
2670
1603
1693
2735
2660
1632
1718
2757
2670
1585
1718
2779
2664
1613
1725
2739
2679
1649
1703
2726
2678
1615
1675
2737
2657
1593
1707
2767
2651
1580
1688
2734
2628
1579
1722
2725
2631
1603
1684
2776
2687
1596
1672
2714
2664
1614
1718
2746
2657
1588
1687
2769
2711
1606
1661
2727
2643
1579
1740
2770
2666
1585
1698
2746
2665
1597
1726
2788
2672
1588
1696
2731
2627
1579
1715
2740
2644
1608
1723
2760
2627
1587
1694
2748
2701
1625
1695
2748
2653
1582
1713
2744
2661
1619
1706
2733
2659
1611
1705
2761
2696
1592
1682
2775
2674
1567
1725
2764
2659
1595
1670
2723
2668
1618
1660
2723
2682
1623
1698
2776
2697
1589
1710
2742
2691
1599
1704
2811
2647
1585
1742
2773
2658
1601
1707
2739
2653
1587
1686
2776
2701
1592
1716
2764
2644
1590
1718
2762
2656
1579
1702
2753
2640
1572
1692
2757
2646
1611
1725
2736
2653
1589
1691
2782
2682
1597
1697
2772
2668
1586
1717
2753
2629
1588
1722
2727
2620
1615
1705
2738
2705
1628
1705
2771
2648
1599
1716
2751
2646
1583
1703
2755
2628
1571
1719
2773
2667
1622
1714
2746
2641
1616
1706
2736
2681
1600
1705
2765
2666
1628
1711
2732
2698
1637
1656
2718
2663
1570
1711
2785
2656
1564
1673
2748
2663
1616
1738
2768
2665
1572
1675
2733
2667
1644
1725
2736
2673
1614
1704
2759
2671
1588
1679
2757
2701
1635
1706
2788
2677
1573
1712
2790
2629
1596
1725
2724
2617
1605
1707
2738
2703
1631
1683
2751
2674
1617
1715
2762
2664
1605
1678
