2368
2348
2393
2436
2408
2363
2390
2416
2364
2379
2429
2361
2338
2398
2385
2395
2410
2411
2395
2398
2414
2351
2324
2447
2451
2353
2388
2422
2388
2408
2384
2375
2439
2386
2365
2430
2407
2342
2407
2462
2390
2350
2403
2448
2387
2372
2411
2419
2422
2414
2411
2451
2407
2348
2385
2420
2351
2356
2413
2387
2422
2464
2395
2359
2421
2411
2375
2401
2390
2362
2400
2427
2421
2400
2394
2390
2386
2351
2356
2374
2388
2408
2422
2442
2468
2428
2376
2420
2413
2338
2379
2466
2420
2345
2370
2401
2426
2415
2402
2423
2431
2410
2389
2396
2408
2418
2415
2412
2432
2390
2398
2456
2410
2340
2430
2475
2348
2362
2450
2406
2351
2366
2418
2444
2357
2329
2458
2469
2332
2360
2435
2418
2406
2426
2382
2361
2416
2397
2391
2454
2433
2390
2415
2396
2405
2430
2391
2396
2408
2380
2390
2389
2384
2404
2408
2412
2421
2438
2448
2413
2366
2396
2411
2391
2408
2416
2359
2367
2420
2438
2434
2369
2366
2437
2401
2383
2416
2377
2372
2415
2355
2360
2403
2408
2441
2425
2373
2392
2425
2411
2398
2419
2431
2397
2387
2381
2368
2379
2396
2416
2433
2381
2358
2423
2409
2344
2390
2404
2405
2413
2362
2383
2445
2383
2335
2397
2411
2349
2383
2446
2377
2340
2420
2402
2335
2368
2396
2399
2409
2395
2413
2411
2404
2416
2382
2421
2466
2358
2329
2411
2412
2417
2411
2392
2405
2392
2413
2418
2362
2415
2418
2387
2434
2394
2396
2492
2433
2370
2434
2412
2359
2392
2362
2379
2453
2346
2350
2452
2392
2413
2511
2432
2359
2436
2402
2342
2428
2458
2415
2405
2387
2407
2432
2376
2355
2416
2412
2393
2441
2435
2350
2349
2432
2419
2345
2381
2418
2393
2387
2388
2361
2396
2418
2400
2418
2405
2381
2383
2376
2374
2409
2405
2410
2407
2379
2384
2386
2398
2410
2408
2397
2395
2400
2422
2399
2387
2380
2381
2403
2421
2398
2361
2391
2455
2415
2382
2400
2397
2352
2400
2486
2429
2348
2394
2395
2401
2398
2371
2367
2436
2424
2379
2418
2403
2364
2402
2375
2349
2404
2395
2400
2424
2380
2351
2412
2430
2406
2405
2406
2417
2397
2384
2379
2331
2347
2471
2456
2353
2399
2403
2313
2396
2477
2426
2370
2343
2362
2430
2424
2389
2391
2420
2432
2405
2380
2430
2454
2362
2358
2436
2410
2401
2431
2406
2381
2360
2367
2399
2404
2379
2383
2375
2399
2433
2385
2358
2396
2421
2400
2386
2395
2383
2352
2370
2396
2364
2400
2421
2396
2378
2384
2393
2406
2394
2376
2395
2392
2378
2387
2372
2398
2417
2383
2397
2429
2400
2395
2397
2419
2439
2386
2379
2407
2421
2401
2405
2408
2414
2395
2387
2417
2417
2391
2388
2422
2433
2389
2368
2386
2390
2398
2410
2397
2379
2420
2407
2356
2376
2419
2400
2414
2398
2393
2418
2403
2386
2380
2434
2461
2396
2390
2381
2331
2389
2462
2380
2341
2422
2428
2406
2406
2390
2396
2404
2368
2370
2424
2377
2359
2405
2406
2391
2407
2417
2401
2409
2404
2421
2407
2318
2357
2430
2406
2400
2422
2404
2420
2414
2376
2387
2388
2373
2428
2391
2348
2415
2416
2381
2401
2402
2404
2452
2422
2348
2386
2390
2388
2445
2386
2345
2460
2440
2355
2396
2409
2347
2373
2442
2395
2361
2418
2400
2384
2385
2385
2412
2370
2353
2413
2396
2405
2395
2386
2424
2436
2419
2374
2389
2439
2403
2407
2435
2367
2358
2388
2374
2392
2377
2356
2433
2407
2357
2442
2398
2312
2416
2422
2347
2415
2435
2374
2401
2419
2377
2442
2429
2303
2371
2476
2417
2367
2382
2396
2407
2373
2359
2394
2387
2368
2377
2385
2402
2402
2402
2396
2413
2431
2404
2389
2424
2414
2384
2411
2439
2431
2379
2352
2420
2445
2367
2392
2449
2377
2371
2426
2429
2407
2371
2365
2380
2371
2372
2394
2386
2362
2423
2428
2405
2433
2411
2387
2426
2420
2365
2369
2408
2376
2412
2447
2378
2365
2396
2391
2374
2422
2411
2351
2381
2401
2388
2409
2404
2372
2376
2409
2426
2433
2430
2420
2390
2425
2412
2347
2406
2410
2389
2428
2382
2348
2408
2445
2387
2371
2428
2394
2390
2418
2405
2399
2386
2338
2374
2401
2371
2400
2415
2378
2404
2407
2404
2431
2428
2399
2374
2409
2440
2402
2384
2408
2386
2336
2356
2390
2408
2356
2339
2443
2440
2382
2396
2388
2374
2412
2392
2395
2459
2400
2345
2407
2413
2392
2410
2418
2401
2362
2396
2473
2370
2309
2417
2413
2363
2382
2408
2405
2414
2399
2409
2396
2382
2411
2409
2378
2387
2417
2394
2355
2401
2446
2397
2357
2409
2441
2393
2365
2409
2426
2381
2395
2457
2400
2317
2359
2413
2388
2410
2397
2347
2411
2423
2364
2401
2408
2374
2457
2445
2301
2358
2439
2392
2378
2368
2374
2428
2393
2381
2429
2420
2391
2373
2400
2426
2405
2422
2453
2382
2377
2449
2375
2307
2412
2430
2384
2397
2422
2399
2421
2436
2374
2402
2437
2381
2405
2408
2381
2406
2410
2386
2396
2411
2417
2411
2409
2417
2422
2415
2368
2392
2416
2382
2360
2418
2422
2315
2394
2511
2451
2376
2402
2400
2377
2414
2439
2393
2372
2396
2389
2361
2370
2369
2369
2390
2440
2421
2369
2433
2424
2383
2431
2448
2457
2458
2436
2404
2375
2372
2389
2407
2421
2457
2419
2412
2463
2451
2368
2379
2406
2393
2433
2445
2390
2387
2382
2379
2394
2380
2409
2457
2416
2386
2421
2419
2376
2368
2376
2398
2400
2383
2397
2379
2343
2370
2437
2427
2375
2404
2464
2436
2368
2401
2413
2325
2349
2449
2391
2346
2415
2430
2436
2432
2380
2409
2412
2365
2407
2407
2342
2378
2419
2427
2407
2375
2402
2415
2374
2380
2397
2372
2420
2454
2406
2389
2436
2417
2361
2347
2396
2394
2357
2370
2394
2406
2377
2368
2430
2428
2363
2341
2398
2395
2392
2443
2376
2372
2454
2421
2420
2430
2395
2388
2421
2428
2391
2406
2430
2397
2406
2443
2399
2383
2415
2380
2376
2396
2352
2363
2390
2380
2420
2422
2342
2371
2428
2400
2382
2393
2397
2412
2392
2372
2405
2401
2389
2408
2389
2386
2428
2414
2390
2420
2419
2364
2378
2430
2397
2350
2400
2456
2397
2355
2397
2414
2378
2366
2353
2375
2422
2391
2336
2379
2446
2399
2383
2455
2426
2377
2427
2425
2368
2370
2384
2397
2388
2380
2409
2403
2385
2393
2393
2366
2386
2461
2425
2406
2400
2367
2394
2406
2341
2353
2356
2350
2420
2420
2326
2374
2436
2378
2372
2427
2363
2345
2485
2485
2388
2386
2411
2409
2438
2441
2403
2455
2417
2309
2418
2491
2380
2373
2409
2366
2397
2428
2388
2347
2370
2421
2418
2396
2371
2365
2424
2448
2392
2394
2422
2393
2367
2408
2422
2403
2385
2411
2411
2407
2427
2389
2380
2442
2391
2352
2437
2377
2333
2466
2428
2310
2403
2461
2359
2388
2429
2386
2415
2409
2335
2385
2481
2398
2360
2426
2412
2350
2383
2408
2359
2372
2409
2457
2458
2372
2390
2401
2407
2428
2389
2381
2426
2453
2385
2365
2416
2400
2376
2392
2413
2403
2399
2385
2419
2437
2360
2369
2430
2398
2380
2425
2397
2362
2396
2422
2405
2379
2407
2446
2411
2354
2366
2413
2409
2380
2380
2406
2379
2341
2404
2439
2403
2377
2416
2442
2364
2354
2415
2439
2438
2399
2380
2434
2417
2336
2390
2434
2380
2393
2417
2335
2369
2456
2397
2348
2420
2433
2360
2403
2461
2416
2371
2408
2389
2411
2466
2377
2301
2419
2461
2406
2398
2409
2401
2392
2412
2391
2361
2384
2413
2403
2394
2407
2394
2395
2439
2428
2351
2347
2427
2417
2340
2387
2435
2383
2396
2438
2367
2351
2426
2381
2326
2427
2406
2326
2435
2422
2320
2435
2453
2302
2401
2516
2387
2334
2425
2436
2402
2391
2387
2409
2442
2373
2314
2381
2415
2329
2363
2451
2401
2389
2437
2397
2384
2366
2375
2415
2375
2346
2461
2477
2352
2398
2471
2365
2370
2446
2405
2381
2389
2381
2412
2459
2418
2383
2420
2395
2366
2417
2430
2372
2387
2416
2429
2442
2375
2332
2428
2430
2397
2426
2401
2413
2442
2395
2381
2418
2420
2397
2351
2360
2442
2429
2350
2372
2400
2387
2412
2367
2383
2443
2372
2335
2445
2397
2333
2426
2439
2377
2423
2382
2351
2405
2370
2392
2436
2397
2412
2418
2358
2384
2434
2382
2387
2416
2363
2370
2419
2402
2373
2392
2404
2347
2363
2435
2425
2394
2388
2397
2409
2396
2390
2382
2425
2421
2336
2391
2428
2357
2362
2413
2408
2372
2387
2422
2412
2375
2375
2386
2403
2431
2389
2369
2427
2428
2395
2400
2426
2414
2388
2399
2423
2415
2400
2379
2352
2382
2402
2390
2431
2438
2406
2378
2393
2443
2383
2339
2429
2418
2332
2372
2414
2374
2430
2429
2349
2374
2442
2408
2378
2380
2355
2422
2440
2367
2403
2404
2383
2406
2369
2356
2407
2419
2422
2423
2394
2386
2420
2395
2357
2388
2400
2382
2406
2402
2365
2379
2388
2387
2421
2416
2394
2395
2400
2376
2377
2380
2359
2411
2415
2331
2362
2445
2384
2348
2403
2401
2381
2392
2394
2397
2432
2380
2332
2425
2467
2353
2343
2397
2400
2408
2412
2389
2441
2417
2397
2426
2401
2390
2426
2417
2399
2407
2414
2431
2415
2353
2361
2472
2473
2343
2404
2463
2359
2377
2415
2336
2402
2443
2358
2409
2392
2335
2467
2462
2335
2372
2422
2387
2400
2402
2411
2430
2424
2402
2439
2430
2389
2452
2434
2365
2430
2452
2352
2391
2459
2404
2360
2397
2432
2422
2355
2339
2440
2439
2366
2415
2438
2351
2389
2461
2367
2349
2417
2402
2385
2411
2366
2366
2410
2418
2427
2410
2372
2414
2451
2355
2361
2445
2387
2361
2403
2398
2418
2415
2385
2413
2395
2350
2410
2431
2363
2382
2437
2410
2401
2394
2357
2397
2411
2346
2392
2413
2371
2377
2400
2372
2367
2415
2380
2350
2391
2420
2393
2394
2405
2414
2428
2445
2421
2363
2363
2405
2353
2368
2400
2366
2363
2414
2425
2429
2427
2415
2399
2360
2369
2430
2398
2383
2455
2408
2351
2425
2410
2365
2403
2397
2378
2422
2396
2361
2403
2419
2360
2344
2412
2412
2347
2354
2401
2410
2397
2403
2409
2413
2403
2400
2423
2413
2380
2418
2425
2398
2447
2462
2394
2405
2464
2438
2344
2357
2427
2392
2360
2442
2440
2366
2437
2422
2373
2433
2378
2320
2437
2413
2376
2457
2402
2350
2488
2469
2347
2431
2466
2404
2391
2397
2437
2432
2370
2363
2451
2402
2331
2384
2429
2449
2423
2358
2407
2452
2405
2421
2421
2402
2414
2402
2401
2425
2426
2413
2399
2351
2380
2409
2355
2397
2418
2385
2380
2391
2383
2390
2407
2417
2377
2346
2400
2431
2391
2359
2417
2404
2309
2391
2532
2451
2309
2367
2459
2428
2371
2417
2468
2397
2373
2417
2362
2361
2417
2385
2369
2427
2434
2379
2372
2418
2387
2370
2425
2414
2385
2426
2427
2392
2394
2371
2377
2420
2411
2401
2397
2422
2437
2395
2378
2409
2405
2416
2397
2380
2420
2442
2366
2359
2428
2408
2383
2414
2379
2357
2435
2437
2372
2380
2417
2389
2384
2386
2352
2382
2410
2362
2365
2433
2427
2358
2365
2426
2438
2380
2380
2418
2404
2408
2418
2387
2416
2431
2359
2416
2426
2343
2408
2411
2312
2395
2453
2336
2389
2435
2339
2379
2433
2385
2434
2450
2374
2368
2390
2430
2418
2373
2382
2386
2355
2385
2422
2394
2394
2402
2412
2395
2377
2424
2434
2366
2410
2460
2379
2362
2409
2371
2395
2411
2382
2419
2359
2311
2443
2419
2358
2440
2411
2344
2430
2428
2373
2397
2397
2432
2421
2340
2401
2432
2370
2386
2418
2390
2389
2400
2364
2396
2431
2377
2405
2419
2352
2379
2399
2359
2394
2396
2374
2383
2361
2384
2385
2346
2409
2445
2370
2380
2459
2384
2327
2431
2431
2353
2400
2447
2431
2399
2386
2393
2386
2374
2409
2430
2363
2374
2448
2418
2373
2423
2452
2427
2426
2401
2397
2408
2384
2380
2428
2429
2355
2383
2406
2337
2391
2432
2391
2411
2414
2383
2417
2383
2384
2447
2409
2373
2428
2414
2387
2415
2377
2352
2405
2429
2383
2380
2396
2346
2371
2438
2405
2382
2414
2399
2381
2433
2391
2377
2435
2381
2342
2431
2444
2391
2448
2418
2344
2426
2443
2373
2384
2390
2373
2437
2451
2388
2382
2395
2376
2418
2415
2393
2406
2439
2414
2364
2394
2414
2363
2401
2435
2366
2370
2426
2397
2393
2428
2386
2323
2368
2454
2430
2380
2371
2375
2377
2333
2353
2443
2405
2368
2421
2418
2431
2426
2367
2421
2475
2385
2398
2433
2356
2365
2393
2355
2384
2409
2397
2430
2387
2328
2375
2397
2343
2368
2433
2441
2428
2376
2355
2427
2437
2361
2398
2419
2410
2435
2415
2402
2434
2413
2399
2430
2415
2375
2372
2437
2453
2360
2411
2480
2371
2368
2490
2436
2343
2420
2459
2360
2342
2383
2359
2389
2414
2343
2356
2393
2344
2366
2439
2401
2348
2412
2450
2396
2403
2444
2411
2370
2376
2404
2421
2422
2374
2392
2428
2385
2409
2458
2371
2335
2408
2420
2407
2383
2336
2409
2479
2352
2344
2452
2443
2384
2441
2450
2377
2377
2427
2400
2394
2412
2409
2386
2378
2408
2414
2375
2372
2396
2415
2416
2426
2393
2402
2428
2378
2390
2421
2385
2393
2444
2429
2424
2422
2409
2386
2371
2399
2370
2335
2363
2425
2396
2361
2437
2415
2365
2430
2450
2429
2438
2410
2337
2395
2464
2371
2366
2430
2397
2363
2361
2351
2376
2374
2368
2392
2379
2364
2405
2387
2385
2425
2413
2429
2445
2399
2386
2381
2395
2428
2389
2375
2420
2407
2398
2427
2381
2367
2390
2353
2406
2449
2367
2366
2414
2397
2385
2436
2466
2408
2409
2416
2393
2396
2384
2362
2388
2418
2411
2396
2359
2377
2422
2394
2380
2407
2390
2412
2409
2359
2389
2463
2450
2375
2377
2429
2436
2410
2413
2418
2423
2403
2342
2400
2445
2353
2351
2394
2395
2414
2415
2387
2343
2380
2449
2401
2344
2393
2406
2325
2362
2462
2430
2383
2400
2429
2415
2395
2411
2396
2406
2435
2363
2326
2423
2419
2331
2380
2454
2381
2354
2452
2432
2373
2389
2375
2329
2390
2441
2379
2363
2416
2424
2406
2367
2374
2428
2406
2401
2418
2397
2451
2434
2378
2398
2394
2367
2400
2412
2418
2421
2423
2444
2388
2365
2474
2441
2336
2403
2450
2385
2424
2447
2372
2403
2428
2350
2381
2456
2401
2417
2468
2362
2372
2443
2376
2358
2429
2400
2395
2425
2374
2420
2420
2346
2380
2408
2383
2384
2372
2386
2456
2422
2348
2398
2451
2377
2332
2411
2424
2380
2436
2477
2403
2351
2388
2404
2394
2386
2402
2411
2409
2424
2412
2404
2403
2410
2410
2415
2411
2372
2387
2429
2421
2390
2390
2376
2429
2450
2354
2363
2444
2409
2384
2403
2394
2393
2410
2412
2419
2405
2397
2403
2385
2377
2381
2376
2385
2385
2376
2395
2415
2391
2413
2431
2376
2393
2464
2421
2367
2432
2433
2374
2378
2399
2418
2388
2381
2436
2399
2380
2409
2364
2411
2466
2389
2354
2467
2457
2330
2384
2471
2406
2385
2429
2414
2397
2390
2376
2413
2430
2377
2377
2408
2401
2420
2432
2379
2376
2438
2428
2405
2445
2402
2361
2361
2372
2399
2380
2375
2376
2367
2350
2358
2393
2387
2378
2399
2413
2367
2375
2408
2374
2391
2389
2386
2411
2391
2399
2414
2362
2397
2419
2368
2380
2385
2380
2409
2419
2393
2402
2393
2365
2416
2398
2345
2395
2421
2394
2391
2410
2418
2423
2396
2365
2373
2374
2369
2370
2397
2403
2368
2426
2444
2344
2393
2437
2336
2372
2495
2434
2370
2382
2411
2412
2411
2392
2378
2388
2395
2383
2406
2408
2375
2433
2466
2405
2413
2420
2383
2428
2430
2420
2444
2372
2348
2372
2404
2447
2415
2388
2375
2366
2408
2414
2349
2392
2436
2398
2380
2399
2425
2437
2406
2403
2414
2378
2392
2432
2385
2373
2430
2402
2370
2440
2461
2407
2432
2426
2393
2395
2387
2387
2425
2400
2367
2412
2423
2404
2408
2417
2366
2350
2410
2422
2391
2366
2384
2414
2408
2398
2393
2381
2392
2384
2408
2448
2407
2363
2378
2352
2362
2379
2407
2452
2374
2351
2443
2378
2363
2443
2381
2386
2442
2380
2392
2437
2382
2401
2441
2381
2360
2427
2440
2392
2341
2367
2410
2406
2411
2409
2402
2375
2384
2453
2421
2358
2391
2401
2365
2391
2418
2378
2406
2465
2428
2381
2411
2410
2365
2363
2397
2444
2421
2384
2440
2399
2327
2416
2447
2409
2407
2393
2418
2435
2371
2385
2444
2397
2364
2409
2448
2483
2450
2413
2404
2355
2403
2439
2366
2397
2475
2449
2390
2391
2381
2353
2380
2416
2410
2386
2401
2408
2400
2431
2443
2406
2403
2409
2411
2436
2416
2384
2438
2449
2370
2346
2385
2420
2417
2432
2440
2394
2431
2432
2387
2420
2436
2370
2380
2462
2423
2363
2413
2436
2342
2358
2433
2386
2294
2333
2461
2454
2353
2370
2443
2432
2396
2402
2399
2380
2395
2399
2439
2424
2347
2425
2447
2352
2398
2451
2363
2352
2420
2411
2402
2407
2372
2412
2431
2387
2382
2393
2394
2395
2363
2359
2393
2423
2397
2357
2412
2498
2415
2326
2419
2425
2338
2397
2446
2361
2368
2441
2412
2355
2371
2411
2441
2405
2354
2358
2405
2409
2377
2395
2445
2419
2372
2398
2429
2412
2417
2416
2410
2423
2384
2376
2427
2395
2340
2414
2398
2276
2362
2410
2363
2416
2404
2377
2439
2446
2394
2388
2381
2369
2393
2383
2389
2428
2427
2361
2336
2423
2463
2384
2386
2451
2424
2330
2370
2433
2404
2385
2404
2423
2412
2380
2400
2422
2363
2363
2407
2360
2361
2445
2435
2384
2389
2397
2384
2373
2408
2423
2387
2414
2438
2405
2418
2439
2408
2386
2431
2427
2381
2390
2431
2414
2345
2366
2438
2402
2378
2410
2379
2372
2418
2379
2397
2449
2368
2423
2474
2350
2347
2473
2440
2344
2380
2420
2412
2417
2432
2404
2362
2393
2399
2376
2385
2393
2374
2407
2446
2397
2398
2409
2360
2415
2409
2352
2428
2432
2331
2426
2483
2338
2348
2472
2416
2352
2424
2435
2382
2427
2390
2326
2388
2411
2380
2393
2405
2394
2415
2420
2369
2406
2420
2405
2418
2373
2394
2481
2404
2368
2431
2397
2373
2402
2402
2444
2432
2360
2400
2423
2395
2407
2400
2355
2363
2422
2404
2383
2352
2366
2392
2366
2380
2455
2400
2307
2417
2479
2363
2355
2456
2466
2392
2378
2405
2381
2370
2401
2433
2411
2386
2415
2436
2400
2372
2412
2447
2389
2354
2400
2376
2397
2424
2350
2378
2428
2359
2370
2410
2402
2410
2378
2337
2424
2433
2378
2396
2402
2393
2422
2440
2378
2352
2407
2457
2438
2418
2421
2435
2431
2366
2362
2437
2402
2376
2382
2383
2406
2376
2356
2422
2454
2402
2398
2393
2361
2402
2424
2389
2367
2382
2395
2410
2424
2392
2381
2402
2361
2372
2407
2386
2420
2442
2378
2382
2453
2424
2361
2394
2407
2399
2445
2427
2355
2373
2417
2434
2437
2392
2322
2372
2454
2426
2364
2400
2438
2367
2334
2417
2428
2354
2371
2408
2394
2404
2405
2391
2407
2433
2394
2373
2404
2415
2364
2412
2456
2393
2379
2402
2387
2441
2418
2361
2416
2432
2339
2365
2389
2390
2454
2419
2398
2431
2395
2396
2389
2385
2447
2426
2368
2390
2417
2386
2429
2442
2348
2362
2454
2448
2395
2407
2417
2439
2422
2374
2404
2445
2432
2392
2395
2428
2403
2364
2423
2464
2377
2384
2451
2419
2398
2419
2424
2393
2393
2405
2428
2420
2377
2427
2451
2387
2374
2391
2393
2439
2430
2415
2427
2412
2422
2436
2395
2388
2409
2382
2365
2371
2432
2437
2380
2402
2421
2398
2418
2390
2350
2410
2403
2368
2421
2417
2364
2386
2403
2415
2386
2373
2400
2371
2394
2423
2346
2377
2430
2362
2376
2452
2418
2405
2425
2385
2379
2393
2375
2420
2458
2418
2387
2434
2430
2390
2399
2394
2401
2437
2416
2403
2432
2460
2416
2372
2410
2449
2398
2349
2396
2416
2368
2352
2411
2456
2385
2361
2381
2375
2399
2368
2334
2358
2393
2418
2419
2343
2349
2420
2402
2388
2407
2391
2381
2383
2372
2365
2382
2386
2389
2408
2437
2398
2349
2374
2408
2375
2388
2424
2381
2355
2434
2437
2355
2401
2454
2403
2385
2424
2388
2312
2385
2430
2372
2376
2417
2410
2397
2384
2356
2399
2411
2366
2365
2427
2418
2382
2402
2417
2405
2401
2405
2396
2406
2415
2374
2402
2447
2391
2372
2387
2386
2414
2402
2382
2420
2417
2370
2403
2417
2387
2412
2387
2382
2439
2402
2396
2414
2413
2444
2418
2382
2413
2420
2390
2369
2378
2398
2409
2386
2395
2433
2410
2384
2410
2449
2432
2416
2387
2370
2423
2388
2332
2387
2421
2389
2403
2401
2384
2397
2379
2394
2397
2374
2400
2442
2380
2386
2448
2402
2370
2388
2390
2374
2401
2414
2353
2387
2435
2399
2405
2455
2446
2394
2393
2430
2424
2393
2405
2439
2410
2419
2450
2407
2378
2433
2429
2380
2396
2417
2407
2377
2385
2388
2358
2360
2392
2433
2436
2375
2392
2443
2383
2347
2458
2475
2360
2392
2442
2365
2361
2454
2413
2365
2407
2403
2398
2400
2397
2434
2440
2378
2378
2431
2389
2372
2434
2410
2364
2379
2412
2411
2398
2415
2419
2409
2415
2428
2444
2416
2408
2411
2407
2415
2399
2389
2409
2420
2394
2406
2404
2421
2419
2379
2384
2432
2409
2422
2423
2387
2423
2408
2346
2417
2460
2368
2338
2415
2421
2410
2407
2377
2391
2406
2405
2423
2397
2348
2389
2422
2369
2393
2454
2412
2402
2462
2416
2381
2439
2427
2377
2391
2389
2396
2366
2358
2411
2407
2373
2409
2398
2401
2452
2413
2382
2413
2416
2408
2417
2419
2423
2427
2368
2387
2459
2376
2362
2437
2399
2375
2378
2368
2398
2393
2373
2383
2363
2369
2427
2372
2370
2450
2417
2392
2435
2407
2405
2439
2348
2369
2466
2377
2342
2411
2436
2455
2428
2390
2426
2401
2347
2405
2416
2376
2395
2389
2377
2425
2405
2392
2423
2389
2374
2421
2403
2378
2448
2403
2337
2423
2421
2348
2391
2412
2364
2383
2413
2411
2382
2378
2427
2400
2437
2506
2400
2368
2438
2404
2337
2357
2403
2451
2406
2353
2383
2392
2399
2412
2396
2379
2376
2418
2419
2419
2421
2384
2364
2403
2432
2439
2446
2424
2392
2406
2425
2434
2438
2411
2392
2384
2368
2413
2405
2375
2408
2397
2397
2405
2386
2387
2406
2402
2408
2409
2406
2369
2379
2413
2417
2404
2396
2410
2417
2414
2392
2381
2373
2381
2420
2396
2385
2438
2414
2386
2400
2380
2371
2432
2447
2415
2442
2461
2366
2403
2471
2350
2350
2477
2429
2377
2439
2398
2363
2393
2403
2419
2404
2387
2392
2419
2394
2330
2402
2456
2381
2402
2428
2334
2384
2486
2390
2347
2424
2403
2380
2411
2400
2370
2392
2397
2365
2399
2407
2398
2403
2390
2403
2407
2354
2328
2426
2451
2324
2337
2425
2402
2412
2395
2381
2421
2398
2331
2385
2377
2322
2368
2412
2424
2400
2359
2404
2442
2380
2346
2413
2454
2388
2395
2450
2382
2375
2451
2414
2348
2426
2447
2360
2402
2467
2422
2385
2394
2403
2383
2387
2419
2411
2419
2454
2423
2361
2392
2424
2404
2368
2360
2421
2421
2348
2352
2402
2414
2414
2432
2462
2415
2322
2401
2494
2382
2375
2534
2448
2348
2481
2473
2373
2418
2475
2422
2401
2421
2409
2399
2399
2419
2430
2421
2447
2451
2368
2336
2408
2459
2423
2432
2408
2343
2354
2441
2457
2416
2354
2358
2431
2424
2353
2403
2467
2392
2361
2400
2394
2386
2405
2426
2426
2367
2354
2426
2424
2361
2373
2397
2387
2367
2390
2415
2363
2386
2451
2384
2359
2406
2394
2409
2427
2383
2373
2432
2414
2376
2389
2446
2447
2374
2403
2440
2381
2350
2400
2440
2423
2379
2360
2393
2433
2422
2400
2413
2413
2435
2414
2367
2359
2384
2410
2395
2383
2401
2402
2425
2449
2389
2372
2416
2442
2396
2365
2386
2387
2368
2371
2414
2405
2376
2377
2386
2418
2406
2399
2404
2375
2380
2416
2378
2348
2403
2403
2377
2407
2386
2401
2438
2393
2397
2418
2378
2390
2437
2401
2407
2440
2392
2420
2411
2343
2366
2451
2428
2379
2395
2393
2369
2377
2416
2427
2401
2413
2392
2406
2399
2424
2446
2393
2388
2398
2362
2394
2417
2374
2426
2433
2336
2397
2462
2429
2408
2360
2368
2435
2437
2406
2353
2386
2424
2381
2366
2381
2338
2366
2417
2408
2405
2393
2388
2437
2446
2382
2368
2419
2439
2415
2391
2408
2411
2388
2433
2398
2348
2399
2421
2375
2374
2423
2424
2428
2419
2379
2386
2408
2417
2387
2332
2397
2497
2417
2362
2403
2333
2355
2468
2376
2317
2454
2424
2307
2410
2435
2364
2379
2404
2389
2398
2429
2359
2389
2446
2363
2385
2440
2394
2425
2424
2371
2435
2428
2357
2401
2443
2374
2358
2391
2399
2394
2392
2402
2411
2400
2361
2381
2403
2373
2384
2385
2418
2420
2370
2425
2453
2393
2435
2436
2348
2386
2456
2414
2369
2398
2423
2372
2391
2444
2414
2382
2413
2393
2390
2444
2424
2392
2411
2389
2371
2375
2368
2382
2392
2374
2417
2391
2370
2404
2384
2415
2436
2370
2427
2493
2390
2338
2387
2405
2424
2387
2351
2450
2449
2367
2451
2459
2334
2362
2441
2392
2385
2358
2358
2432
2426
2388
2416
2363
2382
2484
2402
2373
2463
2383
2371
2481
2337
2297
2441
2406
2359
2407
2397
2405
2415
2423
2444
2391
2356
2394
2395
2377
2344
2399
2451
2364
2359
2437
2407
2378
2426
2382
2314
2397
2490
2426
2377
2378
2380
2421
2430
2420
2422
2436
2423
2383
2372
2396
2394
2405
2430
2384
2371
2446
2404
2384
2398
2380
2379
2416
2447
2421
2364
2368
2383
2416
2424
2389
2363
2357
2385
2414
2399
2395
2412
2423
2377
2326
2384
2416
2341
2374
2468
2375
2349
2467
2410
2342
2438
2455
2352
2379
2424
2355
2366
2420
2389
2383
2421
2399
2382
2427
2390
2412
2435
2361
2391
2434
2373
2395
2422
2372
2368
2430
2399
2401
2403
2381
2435
2425
2350
2368
2445
2450
2383
2343
2375
2455
2381
2312
2405
2417
2331
2402
2433
2341
2402
2437
2361
2415
2404
2330
2411
2433
2352
2415
2451
2377
2415
2465
2403
2364
2370
2381
2441
2412
2327
2369
2424
2398
2408
2427
2392
2384
2356
2358
2443
2426
2389
2404
2377
2395
2444
2419
2416
2444
2441
2405
2416
2416
2391
2410
2421
2405
2420
2463
2420
2365
2419
2441
2363
2375
2418
2389
2366
2441
2450
2407
2374
2374
2439
2439
2433
2438
2384
2375
2398
2408
2433
2424
2394
2407
2395
2382
2407
2376
2362
2430
2404
2351
2430
2457
2384
2393
2405
2366
2352
2415
2420
2350
2427
2481
2376
2399
2492
2379
2313
2419
2425
2390
2402
2401
2426
2388
2336
2419
2444
2397
2414
2418
2377
2430
2430
2345
2400
2464
2405
2377
2403
2422
2412
2386
2400
2418
2393
2422
2437
2371
2354
2390
2371
2400
2422
2407
2393
2387
2399
2440
2429
2387
2381
2392
2386
2365
2386
2428
2447
2410
2332
2363
2439
2366
2357
2443
2361
2325
2409
2410
2391
2372
2334
2384
2402
2367
2407
2418
2382
2384
2405
2442
2409
2395
2446
2411
2383
2447
2411
2378
2429
2431
2394
2393
2413
2389
2383
2391
2334
2351
2438
2407
2377
2403
2363
2354
2390
2387
2409
2436
2426
2467
2441
2380
2409
2434
2400
2407
2428
2407
2398
2411
2432
2460
2432
2380
2411
2390
2383
2420
2382
2390
2419
2370
2371
2404
2344
2343
2413
2375
2346
2372
2387
2398
2399
2405
2401
2380
2425
2469
2388
2350
2445
2424
2359
2438
2427
2345
2397
2396
2333
2391
2387
2352
2384
2401
2387
2429
2425
2367
2327
2353
2402
2395
2369
2394
2407
2389
2388
2388
2406
2428
2374
2333
2376
2387
2375
2379
2407
2383
2364
2426
2422
2381
2431
2447
2416
2388
2398
2395
2380
2393
2412
2433
2386
2353
2397
2419
2399
2420
2436
2402
2414
2428
2391
2371
2439
2449
2391
2425
2423
2409
2439
2377
2355
2420
2435
2388
2406
2426
2416
2393
2403
2438
2417
2394
2394
2359
2397
2401
2366
2380
2436
2414
2326
2404
2511
2402
2325
2376
2407
2401
2411
2399
2388
2370
2374
2393
2412
2425
2377
2381
2457
2465
2418
2412
2359
2342
2451
2414
2350
2447
2377
2320
2449
2434
2383
2398
2399
2396
2400
2398
2385
2380
2389
2416
2420
2383
2383
2380
2372
2380
2382
2361
2377
2449
2442
2386
2404
2425
2386
2407
2427
2401
2402
2374
2366
2428
2422
2409
2403
2365
2392
2462
2410
2379
2418
2372
2340
2398
2401
2400
2424
2384
2382
2439
2433
2393
2416
2446
2414
2351
2357
2470
2455
2368
2382
2407
2357
2407
2488
2427
2365
2407
2477
2422
2337
2376
2384
2381
2413
2391
2403
2420
2357
2408
2431
2349
2389
2427
2390
2427
2419
2386
2461
2454
2387
2380
2380
2364
2405
2426
2386
2404
2433
2397
2392
2381
2378
2449
2398
2335
2438
2435
2360
2381
2443
2438
2386
2376
2434
2419
2395
2421
2375
2410
2428
2369
2420
2436
2363
2395
2432
2367
2393
2430
2361
2346
2371
2384
2454
2452
2402
2415
2415
2367
2371
2418
2384
2346
2401
2447
2402
2389
2438
2410
2348
2359
2398
2414
2380
2353
2369
2413
2423
2417
2408
2379
2380
2409
2390
2393
2392
2398
2404
2407
2410
2406
2416
2394
2378
2430
2450
2407
2396
2391
2432
2454
2384
2365
2428
2398
2372
2440
2433
2402
2441
2439
2397
2388
2435
2430
2407
2465
2411
2309
2395
2487
2413
2334
2380
2397
2388
2415
2410
2386
2404
2398
2397
2412
2362
2396
2466
2403
2360
2371
2381
2422
2398
2370
2440
2431
2353
2390
2420
2369
2324
2392
2467
2377
2333
2429
2394
2351
2420
2402
2399
2422
2359
2378
2416
2374
2411
2448
2381
2370
2404
2359
2361
2404
2390
2379
2417
2386
2328
2376
2408
2383
2429
2429
2406
2432
2394
2332
2408
2473
2368
2360
2484
2449
2362
2390
2379
2418
2446
2392
2347
2399
2410
2370
2410
2432
2395
2403
2403
2398
2416
2409
2392
2406
2384
2411
2434
2345
2371
2451
2385
2390
2427
2410
2423
2448
2402
2417
2419
2346
2376
2444
2400
2366
2463
2466
2402
2399
2416
2397
2396
2379
2357
2374
2361
2380
2449
2401
2362
2421
2429
2396
2399
2374
2350
2384
2418
2400
2421
2380
2334
2407
2411
2371
2391
2395
2372
2383
2404
2392
2359
2343
2397
2415
2384
2409
2431
2401
2371
2399
2413
2397
2395
2424
2386
2351
2442
2465
2354
2390
2459
2355
2366
2444
2389
2429
2416
2345
2461
2478
2329
2371
2426
2390
2425
2449
2403
2391
2391
2390
2390
2403
2403
2414
2379
2399
2422
2375
2391
2423
2370
2378
2440
2374
2332
2440
2357
2352
2469
2426
2403
2471
2431
2390
2364
2360
2435
2451
2370
2389
2438
2368
2348
2463
2417
2342
2422
2402
2342
2419
2443
2374
2396
2418
2382
2398
2419
2386
2400
2417
2349
2356
2423
2365
2349
2431
2379
2385
2483
2416
2338
2408
2432
2378
2392
2417
2392
2403
2379
2389
2410
2392
2415
2406
2398
2435
2395
2383
2433
2435
2416
2384
2431
2459
2389
2380
2447
2394
2287
2402
2466
2355
2362
2417
2375
2392
2404
2352
2377
2442
2385
2383
2437
2388
2344
2364
2397
2440
2398
2351
2402
2399
2324
2383
2415
2336
2350
2421
2425
2402
2374
2374
2382
2372
2394
2390
2353
2393
2415
2411
2418
2400
2381
2416
2421
2362
2382
2419
2363
2397
2471
2397
2349
2417
2399
2336
2389
2432
2372
2394
2437
2387
2384
2377
2353
2387
2410
2371
2388
2403
2398
2428
2427
2447
2419
2373
2397
2378
2341
2402
2428
2352
2356
2413
2396
2418
2414
2334
2400
2462
2386
2364
2425
2399
2345
2386
2450
2426
2381
2376
2384
2422
2460
2429
2406
2424
2398
2391
2398
2403
2401
2372
2367
2417
2403
2361
2389
2441
2418
2396
2385
2386
2386
2353
2403
2430
2353
2377
2423
2354
2342
2419
2385
2349
2388
2378
2348
2378
2410
2433
2413
2376
2412
2414
2400
2403
2409
2416
2424
2425
2389
2397
2446
2414
2394
2405
2395
2396
2416
2395
2388
2404
2419
2398
2350
2394
2480
2408
2357
2428
2434
2383
2426
2417
2385
2399
2396
2451
2450
2385
2412
2406
2346
2396
2436
2379
2390
2408
2378
2406
2415
2374
2376
2368
2355
2374
2371
2379
2417
2408
2386
2402
2434
2402
2381
2391
2390
2373
2384
2402
2412
2381
2413
2447
2394
2403
2390
2352
2398
2415
2372
2404
2383
2350
2418
2373
2305
2414
2461
2380
2343
2390
2438
2390
2377
2433
2399
2389
2422
2376
2396
2448
2404
2366
2417
2427
2401
2414
2462
2436
2365
2392
2425
2433
2404
2388
2448
2400
2338
2415
2422
2376
2397
2430
2399
2397
2421
2403
2397
2438
2416
2402
2426
2383
2387
2401
2371
2410
2448
2433
2389
2351
2397
2420
2382
2370
2413
2419
2396
2389
2367
2395
2439
2385
2360
2412
2408
2412
2455
2396
2380
2459
2400
2338
2426
2470
2382
2396
2479
2411
2363
2407
2377
2392
2421
2390
2427
2446
2399
2409
2394
2340
2413
2446
2360
2403
2404
2358
2432
2422
2372
2425
2400
2360
2373
2363
2365
2396
2408
2400
2367
2404
2455
2405
2386
2391
2391
2391
2377
2355
2384
2445
2451
2421
2403
2415
2381
2344
2422
2454
2388
2367
2411
2386
2384
2411
2393
2414
2447
2412
2387
2422
2399
2348
2387
2451
2425
2365
2369
2437
2409
2348
2378
2415
2401
2363
2378
2401
2376
2389
2429
2418
2375
2385
2436
2425
2366
2349
2413
2437
2385
2390
2397
2395
2375
2370
2430
2466
2404
2371
2422
2448
2391
2374
2421
2411
2384
2452
2441
2401
2404
2385
2410
2432
2367
2384
2450
2410
2374
2409
2404
2417
2411
2362
2385
2440
2412
2425
2428
2388
2393
2428
2440
2423
2366
2388
2405
2365
2380
2387
2391
2423
2414
2406
2420
2403
2386
2396
2378
2375
2429
2430
2319
2389
2444
2343
2354
2438
2348
2361
2432
2381
2350
2419
2427
2353
2303
2365
2442
2377
2329
2356
2397
2410
2389
2387
2397
2425
2425
2403
2386
2401
2424
2448
2455
2384
2333
2396
2418
2413
2427
2405
2412
2465
2396
2377
2432
2418
2392
2397
2392
2405
2423
2406
2408
2441
2462
2419
2424
2425
2331
2328
2444
2439
2359
2371
2412
2427
2370
2376
2436
2423
2386
2391
2411
2410
2386
2389
2430
2383
2347
2458
2468
2356
2384
2411
2327
2345
2426
2400
2386
2427
2385
2337
2424
2433
2348
2411
2466
2347
2333
2406
2404
2403
2462
2430
2324
2415
2506
2393
2327
2380
2422
2415
2386
2377
2424
2414
2370
2383
2384
2404
2404
2361
2390
2398
2388
2426
2421
2441
2433
2313
2345
2475
2398
2362
2442
2408
2392
2379
2376
2434
2453
2354
2332
2428
2422
2333
2389
2466
2395
2349
2413
2413
2407
2414
2431
2431
2370
2360
2438
2447
2356
2345
2393
2420
2425
2411
2379
2427
2426
2394
2408
2446
2441
2414
2458
2448
2370
2392
2418
2384
2383
2467
2415
2330
2384
2411
2407
2408
2379
2391
2386
2364
2365
2365
2385
2446
2447
2374
2403
2417
2347
2374
2428
2386
2377
2400
2392
2367
2370
2371
2411
2410
2389
2415
2393
2359
2403
2424
2384
2402
2438
2407
2388
2395
2379
2410
2444
2391
2397
2448
2416
2429
2443
2373
2382
2419
2404
2390
2410
2429
2425
2390
2367
2416
2456
2396
2387
2438
2418
2374
2390
2419
2402
2406
2466
2444
2371
2371
2392
2402
2412
2360
2418
2497
2384
2382
2458
2429
2420
2392
2347
2455
2470
2328
2371
2460
2400
2344
2400
2453
2375
2319
2434
2457
2351
2333
2413
2426
2391
2393
2426
2402
2381
2417
2444
2487
2442
2383
2444
2416
2369
2385
2374
2398
2420
2406
2414
2392
2370
2425
2423
2359
2371
2377
2399
2431
2390
2365
2416
2426
2398
2363
2360
2376
2376
2379
2399
2376
2349
2407
2414
2372
2408
2418
2392
2410
2398
2377
2416
2414
2381
2404
2407
2381
2397
2412
2410
2362
2368
2452
2416
2369
2411
2429
2425
2410
2366
2414
2456
2392
2383
2425
2387
2387
2413
2366
2388
2410
2369
2415
2443
2370
2361
2408
2405
2424
2414
2389
2409
2406
2418
2439
2426
2416
2416
2409
2407
2367
2393
2450
2391
2397
2455
2417
2377
2394
2354
2350
2413
2387
2384
2428
2382
2357
2404
2400
2371
2404
2369
2378
2458
2451
2404
2383
2394
2437
2387
2346
2391
2410
2391
2422
2381
2361
2432
2402
2367
2401
2393
2423
2415
2351
2374
2417
2395
2387
2402
2371
2411
2491
2418
2318
2387
2452
2339
2296
2414
2404
2356
2436
2482
2438
2391
2371
2428
2471
2406
2380
2427
2426
2414
2404
2398
2415
2415
2377
2364
2412
2436
2385
2338
2395
2441
2410
2376
2374
2427
2432
2376
2410
2443
2422
2414
2398
2385
2401
2379
2360
2385
2418
2412
2412
2407
2394
2381
2427
2432
2422
2416
2394
2389
2378
2347
2381
2410
2349
2377
2444
2418
2395
2386
2372
2359
2378
2383
2373
2399
2362
2367
2447
2423
2356
2400
2484
2480
2388
2420
2441
2404
2402
2384
2353
2425
2457
2378
2369
2404
2394
2429
2410
2385
2426
2420
2404
2406
2354
2368
2401
2396
2419
2428
2399
2394
2417
2402
2396
2427
2406
2380
2386
2381
2396
2427
2417
2396
2394
2407
2456
2425
2362
2423
2435
2382
2423
2429
2376
2415
2372
2327
2439
2431
2333
2369
2419
2409
2388
2397
2419
2429
2379
2375
2401
2375
2363
2390
2407
2386
2395
2394
2394
2443
2436
2369
2383
2418
2424
2449
2420
2378
2396
2435
2384
2324
2440
2463
2344
2358
2464
2434
2388
2410
2411
2414
2392
2346
2399
2444
2400
2379
2424
2399
2389
2436
2420
2387
2400
2407
2421
2439
2385
2333
2442
2440
2311
2376
2461
2392
2394
2413
2369
2401
2442
2432
2441
2402
2324
2421
2474
2355
2353
2446
2390
2344
2425
2450
2358
2385
2450
2431
2386
2380
2394
2409
2431
2398
2388
2429
2423
2396
2398
2395
2400
2396
2388
2414
2392
2347
2373
2372
2383
2439
2391
2326
2406
2406
2336
2441
2411
2288
2386
2446
2384
2404
2417
2388
2384
2364
2368
2417
2398
2360
2409
2415
2337
2372
2439
2389
2396
2414
2404
2417
2380
2379
2445
2431
2372
2405
2419
2359
2375
2410
2378
2378
2388
2409
2420
2390
2391
2412
2383
2363
2415
2409
2389
2390
2383
2385
2385
2383
2383
2405
2412
2397
2412
2395
2384
2412
2408
2389
2428
2434
2404
2419
2405
2404
2439
2373
2351
2400
2343
2346
2434
2435
2384
2393
2391
2411
2469
2423
2350
2380
2383
2427
2440
2398
2382
2392
2413
2435
2426
2397
2444
2455
2368
2381
2461
2437
2370
2386
2408
2383
2413
2407
2389
2402
2371
2352
2400
2431
2445
2384
2325
2399
2431
2339
2365
2396
2407
2390
2410
2436
2406
2363
2450
2467
2322
2356
2421
2342
2371
2412
2405
2433
2389
2335
2430
2476
2384
2412
2435
2373
2396
2391
2365
2399
2404
2389
2414
2383
2371
2411
2404
2405
2415
2376
2364
2420
2401
2375
2404
2434
2440
2403
2367
2363
2367
2403
2417
2381
2390
2417
2391
2407
2397
2389
2390
2416
2418
2389
2385
2393
2385
2387
2399
2422
2378
2324
2377
2456
2398
2373
2387
2366
2393
2377
2382
2422
2384
2362
2415
2419
2373
2383
2409
2439
2397
2389
2430
2432
2397
2389
2399
2393
2400
2417
2397
2386
2423
2428
2425
2441
2397
2357
2367
2406
2389
2393
2411
2407
2422
2437
2443
2411
2374
2395
2385
2376
2414
2418
2428
2417
2353
2372
2436
2376
2351
2417
2404
2420
2414
2371
2423
2457
2367
2361
2432
2397
2367
2421
2417
2404
2421
2421
2434
2420
2408
2399
2372
2404
2404
2400
2423
2401
2360
2427
2448
2323
2359
2469
2354
2324
2465
2423
2326
2396
2406
2382
2409
2393
2345
2418
2437
2324
2331
2413
2384
2366
2388
2423
2422
2396
2412
2453
2426
2386
2390
2372
2394
2384
2351
2389
2416
2388
2387
2390
2393
2394
2366
2359
2414
2414
2374
2383
2371
2381
2405
2405
2431
2446
2377
2384
2442
2361
2358
2446
2387
2340
2406
2419
2396
2401
2403
2384
2372
2407
2410
2392
2419
2442
2432
2371
2350
2427
2413
2371
2408
2378
2388
2436
2381
2373
2432
2416
2366
2370
2363
2387
2413
2406
2404
2390
2352
2377
2401
2369
2380
2404
2395
2387
2356
2366
2438
2434
2371
2352
2392
2444
2417
2376
2423
2420
2353
2405
2448
2370
2380
2477
2411
2345
2465
2479
2363
2407
2467
2380
2396
2444
2395
2422
2425
2378
2458
2447
2365
2430
2446
2363
2394
2409
2314
2382
2457
2406
2399
2452
2409
2329
2403
2426
2368
2389
2423
2422
2451
2401
2347
2413
2440
2431
2455
2402
2364
2394
2393
2368
2418
2460
2414
2373
2376
2413
2396
2365
2395
2446
2447
2382
2354
2442
2447
2387
2394
2407
2412
2409
2371
2420
2457
2401
2392
2408
2399
2419
2430
2356
2383
2421
2389
2391
2418
2404
2364
2349
2423
2439
2367
2393
2447
2388
2337
2398
2410
2395
2412
2456
2411
2370
2422
2428
2395
2398
2404
2424
2398
2384
2419
2435
2454
2410
2355
2387
2440
2443
2386
2380
2413
2411
2414
2416
2395
2397
2371
2373
2422
2412
2360
2383
2417
2392
2367
2374
2419
2386
2367
2412
2398
2399
2434
2400
2380
2403
2413
2403
2377
2406
2427
2382
2380
2409
2411
2417
2426
2413
2401
2425
2392
2354
2391
2397
2372
2400
2392
2378
2417
2401
2360
2415
2418
2373
2392
2410
2409
2401
2390
2414
2447
2398
2368
2448
2419
2375
2460
2449
2351
2367
2408
2395
2404
2376
2400
2458
2397
2371
2496
2483
2329
2350
2433
2421
2367
2366
2394
2426
2437
2397
2403
2423
2405
2393
2423
2391
2394
2426
2383
2359
2413
2416
2370
2367
2399
2394
2359
2372
2399
2357
2351
2427
2448
2419
2398
2394
2378
2359
2383
2409
2376
2362
2401
2449
2440
2370
2342
2425
2440
2378
2405
2436
2399
2428
2428
2374
2450
2448
2337
2393
2461
2434
2417
2411
2390
2397
2393
2407
2442
2406
2360
2371
2365
2401
2409
2398
2401
2396
2395
2404
2395
2379
2408
2442
2437
2385
2364
2402
2430
2398
2368
2366
2390
2403
2356
2350
2392
2415
2407
2411
2403
2420
2421
2395
2432
2409
2367
2371
2386
2383
2428
2440
2415
2412
2385
2393
2429
2366
2346
2412
2419
2401
2366
2362
2429
2451
2401
2410
2401
2350
2392
2416
2394
2391
2401
2434
2392
2322
2409
2449
2338
2381
2463
2386
2397
2428
2382
2397
2425
2384
2392
2413
2377
2405
2423
2382
2417
2494
2456
2405
2421
2427
2399
2395
2420
2390
2365
2398
2401
2385
2384
2398
2410
2403
2373
2402
2415
2372
2424
2449
2375
2403
2448
2339
2343
2452
2429
2403
2425
2424
2427
2427
2389
2387
2413
2411
2363
2373
2469
2443
2357
2428
2406
2356
2456
2427
2347
2404
2366
2337
2400
2412
2413
2446
2416
2407
2393
2408
2439
2413
2415
2423
2433
2419
2378
2374
2388
2378
2357
2372
2395
2358
2360
2417
2410
2420
2392
2344
2369
2423
2441
2408
2383
2438
2485
2437
2381
2398
2409
2389
2411
2426
2373
2366
2431
2398
2359
2370
2364
2424
2434
2383
2373
2422
2419
2404
2405
2440
2441
2429
2440
2442
2427
2366
2348
2414
2431
2387
2389
2429
2416
2351
2364
2394
2355
2375
2416
2372
2401
2444
2376
2437
2481
2374
2377
2400
2316
2374
2442
2355
2347
2444
2416
2327
2358
2418
2420
2430
2390
2391
2444
2414
2365
2372
2409
2392
2375
2399
2405
2402
2414
2404
2392
2358
2358
2440
2448
2360
2360
2432
2439
2402
2386
2409
2401
2378
2402
2404
2373
2390
2407
2368
2383
2449
2399
2365
2399
2404
2415
2395
2348
2381
2425
2395
2382
2382
2367
2379
2452
2408
2337
2434
2482
2374
2335
2376
2417
2471
2435
2379
2414
2391
2345
2422
2454
2408
2403
2412
2375
2395
2410
2367
2411
2423
2357
2409
2448
2411
2432
2434
2400
2419
2418
2342
2375
2444
2393
2346
2407
2377
2320
2418
2421
2379
2459
2474
2373
2346
2398
2430
2420
2370
2373
2439
2408
2370
2428
2429
2384
2384
2389
2381
2385
2416
2417
2381
2424
2417
2356
2404
2421
2363
2380
2396
2374
2424
2442
2397
2386
2404
2372
2363
2417
2452
2412
2392
2400
2437
2451
2376
2383
2445
2386
2369
2457
2428
2379
2401
2420
2393
2407
2414
2396
2423
2382
2336
2413
2446
2381
2365
2395
2372
2346
2370
2408
2415
2386
2374
2407
2430
2395
2408
2421
2399
2435
2443
2374
2418
2453
2366
2414
2435
2364
2356
2439
2453
2414
2380
2387
2440
2428
2350
2407
2472
2377
2365
2449
2384
2357
2422
2395
2387
2417
2396
2417
2434
2376
2385
2440
2403
2415
2434
2383
2418
2436
2372
2383
2394
2414
2438
2364
2336
2437
2451
2350
2349
2440
2416
2392
2447
2416
2360
2367
2412
2440
2367
2364
2471
2438
2308
2347
2460
2442
2359
2360
2442
2394
2361
2452
2454
2364
2426
2445
2387
2432
2429
2331
2376
2397
2347
2410
2448
2389
2407
2441
2394
2418
2420
2362
2373
2396
2380
2360
2346
2402
2422
2386
2379
2365
2362
2423
2400
2352
2411
2433
2393
2404
2441
2464
2409
2393
2442
2433
2394
2383
2387
2407
2426
2389
2388
2439
2424
2360
2376
2420
2352
2344
2426
2407
2405
2427
2391
2387
2415
2379
2373
2432
2418
2386
2413
2406
2407
2405
2394
2427
2415
2350
2394
2431
2346
2359
2436
2404
2381
2384
2402
2402
2348
2384
2420
2355
2335
2406
2420
2429
2415
2395
2416
2419
2415
2399
2395
2391
2444
2467
2395
2373
2401
2389
2378
2393
2410
2407
2394
2395
2398
2356
2359
2423
2389
2348
2390
2399
2429
2423
2378
2407
2419
2392
2399
2406
2400
2380
2372
2399
2381
2365
2376
2365
2383
2457
2479
2407
2381
2379
2368
2372
2416
2392
2336
2411
2473
2397
2396
2428
2362
2349
2433
2384
2334
2393
2413
2394
2394
2382
2426
2453
2431
2363
2377
2429
2378
2319
2394
2425
2393
2373
2355
2373
2430
2403
2363
2407
2416
2385
2380
2397
2388
2397
2406
2400
2424
2426
2393
2381
2373
2347
2362
2397
2384
2405
2413
2371
2390
2432
2399
2386
2436
2434
2386
2410
2430
2396
2402
2442
2365
2393
2477
2399
2339
2411
2424
2367
2396
2415
2386
2387
2431
2426
2374
2416
2451
2402
2385
2430
2406
2354
2379
2405
2371
2396
2452
2403
2330
2387
2461
2385
2344
2449
2445
2371
2406
2438
2400
2380
2410
2410
2361
2335
2398
2447
2375
2371
2449
2425
2377
2396
2422
2421
2426
2397
2402
2380
2380
2458
2417
2358
2441
2481
2364
2374
2466
2385
2379
2447
2423
2423
2451
2376
2365
2406
2368
2341
2389
2387
2386
2428
2390
2365
2418
2416
2429
2463
2395
2382
2416
2385
2388
2421
2422
2382
2356
2357
2411
2423
2393
2359
2441
2483
2381
2393
2434
2364
2376
2423
2365
2376
2417
2358
2343
2402
2378
2361
2425
2382
2344
2415
2395
2371
2423
2400
2377
2431
2430
2381
2395
2441
2444
2400
2361
2368
2426
2435
2376
2390
2416
2362
2344
2384
2387
2403
2398
2407
2425
2416
2382
2376
2395
2402
2429
2439
2402
2436
2458
2387
2422
2444
2337
2369
2476
2446
2412
2452
2440
2407
2398
2390
2366
2392
2382
2372
2450
2440
2374
2434
2448
2365
2397
2419
2350
2388
2398
2340
2407
2450
2379
2397
2428
2370
2405
2414
2399
2417
2417
2398
2398
2403
2435
2432
2356
2401
2468
2366
2343
2436
2419
2364
2421
2449
2400
2366
2370
2428
2419
2353
2353
2389
2408
2422
2420
2425
2435
2426
2409
2366
2375
2406
2382
2401
2412
2381
2402
2425
2404
2398
2401
2395
2394
2434
2438
2376
2381
2405
2385
2409
2408
2381
2422
2395
2358
2392
2391
2383
2413
2425
2414
2383
2374
2369
2383
2383
2368
2370
2364
2363
2428
2456
2381
2378
2419
2388
2383
2417
2367
2378
2452
2398
2388
2438
2378
2391
2483
2421
2365
2442
2411
2369
2411
2413
2398
2385
2389
2440
2379
2360
2430
2410
2326
2336
2444
2442
2363
2372
2389
2374
2391
2409
2396
2400
2388
2389
2423
2416
2381
2410
2420
2417
2414
2390
2390
2377
2412
2438
2396
2369
2360
2407
2441
2359
2337
2422
2429
2423
2455
2409
2373
2398
2442
2434
2378
2354
2371
2393
2395
2403
2401
2388
2424
2417
2382
2415
2452
2421
2404
2421
2407
2425
2408
2379
2441
2449
2361
2359
2407
2388
2372
2425
2436
2427
2450
2387
2380
2448
2390
2371
2449
2436
2382
2359
2379
2403
2414
2392
2403
2443
2419
2409
2392
2387
2401
2375
2414
2445
2395
2381
2429
2402
2431
2465
2379
2395
2444
2384
2370
2402
2420
2411
2391
2418
2430
2404
2414
2405
2371
2407
2417
2410
2443
2421
2364
2403
2423
2425
2442
2382
2384
2454
2406
2379
2384
2394
2444
2435
2383
2381
2377
2385
2422
2425
2425
2392
2379
2419
2456
2413
2382
2409
2404
2384
2401
2400
2405
2440
2399
2387
2426
2385
2375
2432
2427
2402
2383
2379
2381
2398
2417
2431
2449
2417
2362
2389
2405
2375
2397
2369
2336
2413
2441
2392
2382
2400
2408
2391
2380
2409
2441
2380
2353
2433
2436
2388
2376
2365
2444
2471
2381
2374
2431
2413
2437
2456
2381
2360
2367
2375
2443
2417
2358
2420
2428
2374
2356
2382
2437
2406
2320
2399
2469
2383
2339
2403
2405
2359
2390
2451
2440
2401
2371
2378
2431
2401
2374
2397
2397
2381
2364
2362
2402
2432
2402
2391
2424
2406
2378
2410
2442
2385
2353
2423
2466
2396
2401
2447
2402
2395
2436
2407
2417
2439
2407
2404
2440
2418
2397
2418
2402
2354
2380
2405
2383
2381
2429
2417
2366
2363
2385
2441
2436
2378
2383
2386
2359
2374
2432
2416
2364
2377
2397
2399
2402
2386
2369
2413
2431
2379
2381
2444
2389
2361
2438
2381
2336
2452
2432
2325
2368
2417
2407
2387
2395
2451
2429
2346
2382
2457
2372
2336
2420
2423
2412
2417
2364
2397
2476
2384
2349
2435
2426
2365
2363
2397
2412
2423
2445
2430
2380
2400
2409
2386
2403
2426
2382
2395
2455
2448
2387
2385
2438
2445
2356
2342
2433
2435
2360
2350
2439
2438
2367
2391
2409
2336
2381
2421
2369
2395
2430
2389
2427
2432
2383
2429
2463
2417
2396
2417
2402
2428
2423
2372
2411
2454
2408
2383
2390
2400
2448
2435
2402
2442
2455
2385
2349
2387
2450
2418
2334
2381
2443
2408
2359
2391
2444
2392
2387
2441
2437
2415
2382
2355
2407
2398
2348
2394
2460
2442
2371
2392
2450
2412
2401
2389
2345
2375
2427
2398
2394
2418
2382
2347
2364
2433
2432
2370
2378
2393
2383
2408
2424
2420
2416
2401
2421
2427
2415
2405
2403
2389
2394
2394
2409
2412
2382
2417
2408
2401
2450
2401
2393
2411
2379
2400
2390
2354
2385
2428
2407
2377
2377
2379
2363
2404
2403
2338
2365
2412
2381
2375
2381
2362
2387
2389
2347
2438
2475
2393
2419
2436
2364
2346
2389
2411
2411
2427
2447
2416
2420
2448
2364
2368
2454
2397
2344
2413
2414
2411
2399
2365
2379
2402
2402
2368
2411
2490
2436
2339
2369
2412
2424
2435
2387
2371
2466
2421
2346
2459
2467
2371
2422
2448
2384
2399
2428
2371
2366
2423
2430
2421
2407
2370
2363
2406
2385
2368
2446
2401
2347
2408
2406
2353
2341
2360
2411
2437
2397
2383
2443
2392
2369
2412
2419
2395
2401
2402
2402
2428
2407
2369
2414
2448
2421
2386
2364
2405
2435
2402
2407
2389
2389
2433
2368
2352
2398
2336
2328
2432
2429
2371
2395
2423
2403
2344
2404
2499
2379
2336
2471
2456
2364
2390
2448
2447
2355
2337
2420
2410
2330
2396
2447
2367
2391
2421
2392
2426
2435
2393
2409
2391
2372
2443
2431
2331
2362
2432
2353
2327
2424
2398
2363
2405
2426
2410
2381
2403
2401
2376
2448
2450
2384
2437
2430
2366
2401
2402
2384
2401
2363
2377
2450
2382
2353
2441
2445
2382
2378
2365
2394
2433
2368
2401
2445
2387
2369
2391
2369
2364
2362
2413
2453
2400
2386
2445
2446
2420
2420
2425
2429
2422
2354
2380
2467
2392
2347
2460
2443
2334
2388
2446
2384
2400
2435
2382
2376
2428
2399
2373
2409
2391
2326
2382
2407
2390
2428
2443
2370
2385
2441
2379
2331
2355
2377
2395
2379
2390
2429
2395
2415
2474
2401
2353
2408
2394
2330
2403
2411
2342
2422
2464
2355
2384
2479
2381
2344
2383
2405
2442
2380
2370
2463
2435
2346
2402
2467
2371
2370
2431
2382
2394
2420
2374
2385
2395
2367
2418
2428
2391
2397
2386
2419
2448
2362
2373
2470
2424
2358
2392
2393
2390
2386
2370
2408
2438
2401
2343
2380
2419
2393
2456
2431
2375
2426
2442
2399
2375
2345
2344
2398
2431
2380
2410
2463
2401
2408
2458
2399
2404
2435
2359
2344
2423
2434
2447
2438
2390
2416
2456
2404
2382
2421
2429
2414
2392
2396
2410
2422
2403
2367
2363
2402
2428
2398
2395
2439
2411
2375
2407
2437
2382
2316
2352
2413
2389
2366
2432
2411
2339
2420
2459
2361
2337
2433
2461
2400
2406
2394
2355
2383
2441
2411
2372
2398
2402
2395
2400
2413
2442
2421
2385
2374
2364
2414
2386
2365
2416
2415
2390
2427
2432
2383
2377
2413
2423
2398
2445
2447
2394
2383
2392
2381
2437
2434
2323
2340
2435
2419
2389
2392
2356
2355
2438
2404
2374
2421
2404
2391
2414
2411
2392
2390
2428
2409
2397
2449
2408
2323
2392
2448
2382
2395
2413
2389
2416
2407
2426
2446
2370
2376
2435
2362
2396
2486
2411
2339
2409
2391
2343
2380
2393
2374
2405
2397
2402
2458
2456
2413
2401
2388
2408
2406
2415
2412
2393
2428
2431
2390
2394
2409
2375
2395
2426
2403
2389
2361
2365
2387
2355
2350
2392
2402
2381
2397
2400
2408
2432
2442
2424
2379
2399
2398
2363
2422
2425
2394
2406
2388
2350
2347
2379
2416
2375
2370
2423
2406
2375
2423
2427
2376
2397
2398
2384
2424
2403
2386
2407
2367
2369
2428
2420
2427
2399
2359
2441
2429
2361
2417
2375
2324
2408
2460
2385
2379
2402
2348
2402
2460
2402
2358
2399
2428
2403
2384
2425
2417
2416
2400
2398
2427
2424
2405
2386
2374
2419
2402
2362
2395
2441
2361
2300
2346
2419
2398
2386
2433
2463
2412
2369
2413
2453
2393
2352
2378
2397
2395
2411
2413
2377
2378
2414
2417
2413
2392
2379
2388
2385
2418
2411
2359
2390
2415
2413
2400
2375
2383
2350
2352
2402
2405
2404
2403
2354
2379
2440
2415
2434
2398
2364
2454
2440
2334
2377
2451
2390
2357
2447
2454
2393
2405
2418
2405
2409
2420
2404
2368
2376
2407
2443
2405
2359
2379
2421
2416
2400
2401
2438
2424
2381
2333
2373
2466
2403
2339
2420
2444
2397
2388
2403
2385
2381
2365
2365
2429
2420
2390
2394
2413
2390
2388
2402
2392
2430
2453
2366
2371
2429
2401
2382
2350
2345
2421
2411
2360
2379
2410
2430
2399
2351
2401
2460
2415
2424
2423
2359
2397
2437
2371
2381
2434
2383
2338
2416
2453
2429
2453
2463
2362
2371
2451
2387
2378
2436
2380
2375
2421
2411
2427
2416
2346
2366
2414
2387
2415
2454
2408
2419
2412
2417
2422
2397
2384
2417
2428
2390
2372
2415
2386
2395
2439
2410
2400
2418
2386
2409
2436
2390
2393
2411
2383
2419
2412
2351
2410
2444
2357
2380
2421
2386
2395
2381
2389
2450
2419
2386
2422
2402
2428
2449
2381
2402
2477
2388
2323
2419
2410
2358
2401
2386
2363
2409
2360
2328
2414
2437
2413
2413
2403
2376
2380
2390
2414
2417
2397
2415
2416
2391
2415
2385
2381
2423
2380
2379
2422
2405
2408
2428
2414
2439
2440
2374
2377
2384
2378
2452
2429
2352
2409
2433
2394
2398
2370
2358
2391
2397
2446
2456
2407
2417
2413
2380
2413
2411
2389
2381
2381
2422
2419
2380
2395
2392
2397
2444
2419
2409
2422
2402
2388
2396
2392
2387
2403
2420
2412
2398
2384
2399
2358
2325
2391
2406
2374
2421
2446
2374
2389
2438
2381
2390
2427
2398
2388
2436
2445
2397
2377
2382
2421
2414
2393
2414
2404
2397
2418
2393
2404
2420
2397
2384
2367
2348
2366
2365
2384
2437
2378
2344
2420
2403
2365
2407
2426
2397
2379
2420
2451
2359
2342
2431
2408
2348
2395
2382
2353
2401
2401
2398
2385
2370
2404
2387
2354
2403
2428
2371
2394
2404
2368
2377
2397
2398
2384
2390
2416
2422
2404
2419
2443
2403
2360
2397
2390
2374
2414
2441
2427
2411
2405
2383
2344
2395
2412
2380
2430
2369
2303
2415
2433
2362
2435
2430
2347
2426
2472
2390
2373
2371
2386
2371
2369
2425
2413
2375
2415
2407
2409
2428
2365
2381
2420
2372
2407
2454
2412
2388
2406
2395
2376
2422
2453
2397
2392
2466
2422
2357
2367
2408
2430
2410
2342
2352
2422
2396
2386
2446
2396
2351
2381
2414
2452
2402
2380
2426
2385
2372
2417
2347
2379
2474
2398
2382
2441
2362
2362
2452
2403
2341
2443
2467
2371
2365
2433
2394
2351
2418
2449
2418
2387
2394
2444
2412
2403
2430
2424
2420
2408
2406
2407
2389
2379
2424
2403
2369
2407
2404
2374
2424
2445
2397
2411
2439
2419
2408
2395
2403
2392
2367
2362
2411
2447
2410
2406
2416
2374
2375
2409
2448
2424
2397
2390
2405
2430
2409
2361
2435
2448
2357
2406
2446
2346
2321
2394
2440
2383
2380
2425
2387
2346
2397
2417
2356
2373
2410
2391
2392
2388
2395
2403
2406
2349
2352
2417
2428
2445
2436
2405
2419
2402
2356
2342
2337
2368
2401
2402
2442
2462
2379
2392
2468
2409
2350
2413
2432
2369
2395
2413
2367
2422
2452
2418
2425
2421
2426
2398
2371
2437
2415
2370
2409
2384
2391
2423
2388
2422
2417
2384
2407
2389
2381
2433
2389
2340
2414
2396
2358
2437
2422
2376
2425
2384
2343
2417
2406
2390
2450
2434
2404
2437
2408
2392
2372
2338
2406
2395
2386
2420
2364
2392
2450
2381
2392
2471
2441
2403
2401
2441
2468
2379
2362
2412
2384
2381
2390
2372
2325
2350
2443
2416
2396
2439
2418
2395
2420
2411
2397
2361
2350
2435
2459
2368
2353
2397
2389
2406
2435
2430
2412
2425
2424
2394
2394
2388
2371
2394
2405
2338
2383
2468
2401
2385
2412
2342
2362
2443
2418
2408
2430
2385
2426
2442
2360
2378
2392
2340
2365
2424
2430
2418
2393
2374
2404
2403
2409
2403
2389
2403
2431
2425
2372
2334
2414
2456
2399
2390
2403
2354
2348
2404
2394
2358
2405
2428
2375
2361
2407
2439
2442
2414
2381
2446
2481
2378
2395
2423
2368
2374
2405
2430
2400
2388
2442
2401
2374
2415
2399
2399
2483
2413
2334
2418
2426
2396
2436
2383
2337
2416
2402
2361
2423
2416
2387
2422
2362
2381
2490
2423
2400
2454
2387
2352
2413
2413
2395
2426
2410
2404
2415
2431
2433
2369
2366
2439
2394
2381
2453
2407
2359
2434
2400
2387
2417
2368
2419
2433
2385
2431
2449
2397
2427
2390
2356
2409
2404
2393
2445
2407
2365
2411
2420
2393
2376
2401
2406
2355
2399
2426
2383
2397
2419
2355
2379
2430
2374
2396
2441
2390
2398
2424
2385
2393
2430
2401
2394
2395
2364
2397
2447
2370
2359
2453
2434
2373
2373
2396
2444
2441
2408
2397
2388
2388
2417
2399
2367
2392
2408
2347
2374
2439
2414
2374
2397
2413
2403
2393
2396
2409
2397
2363
2421
2400
2321
2435
2452
2366
2369
2415
2428
2397
2394
