2333
2927
2086
1492
2280
2902
2144
1521
2326
2946
2095
1467
2301
2935
2109
1509
2314
2926
2108
1474
2312
3008
2173
1490
2310
2944
2092
1496
2304
2934
2105
1483
2301
2916
2105
1496
2308
2919
2100
1481
2324
2967
2073
1468
2298
2902
2107
1522
2322
2912
2132
1492
2252
2961
2135
1462
2308
2947
2079
1464
2342
2947
2095
1514
2345
2925
2096
1529
2311
2944
2139
1482
2314
2963
2134
1471
2307
2937
2075
1455
2313
2976
2092
1494
2337
2953
2120
1474
2329
2939
2082
1463
2297
2962
2116
1493
2329
2919
2084
1455
2289
2952
2115
1477
2307
2910
2100
1499
2292
2972
2117
1418
2302
2971
2093
1491
2350
2955
2085
1466
2298
2950
2088
1482
2309
2933
2110
1505
2361
2972
2098
1458
2289
2944
2093
1455
2327
2955
2097
1459
2289
2999
2128
1461
2317
2954
2101
1489
2338
2953
2093
1464
2310
2933
2099
1508
2300
2920
2121
1476
2328
2947
2052
1433
2325
2975
2104
1506
2342
2959
2114
1491
2282
2935
2125
1500
2311
2931
2096
1483
2332
2967
2105
1452
2331
2956
2101
1507
2340
2964
2076
1457
2300
2933
2123
1491
2333
2955
2081
1490
2330
2936
2104
1469
2313
2935
2101
1473
2307
2938
2120
1502
2297
2937
2122
1488
2314
2978
2096
1437
2319
2972
2095
1462
2284
2931
2138
1479
2293
2956
2114
1489
2332
2938
2121
1536
2285
2916
2122
1456
2313
2954
2103
1480
2320
2929
2096
1506
2331
2899
2073
1472
2281
2955
2151
1458
2310
2963
2093
1455
2338
2946
2072
1498
2326
2923
2102
1502
2305
2964
2107
1481
2321
2891
2075
1528
2288
2918
2143
1496
2298
2975
2127
1508
2332
2947
2107
1518
2341
2948
2114
1469
2264
2937
2126
1513
2304
2913
2097
1497
2322
2978
2131
1485
2325
2948
2126
1510
2312
2948
2135
1470
2292
2949
2121
1478
2319
2950
2066
1455
2311
2927
2084
1489
2308
2933
2112
1490
2333
2954
2127
1502
2310
2946
2129
1510
2316
2923
2082
1476
2270
2927
2136
1457
2315
2958
2078
1495
2313
2938
2111
1463
2290
2934
2088
1500
2318
2935
2087
1489
2318
2951
2104
1464
2291
2908
2097
1501
2339
2932
2098
1462
2295
2982
2151
1472
2334
2959
2089
1490
2321
2951
2112
1497
2310
2928
2134
1495
2334
2990
2076
1457
2312
2909
2091
1486
2293
2973
2126
1457
2323
2981
2083
1471
2287
2931
2117
1496
2327
2960
2087
1456
2334
2995
2108
1482
2366
2973
2091
1465
2287
2931
2110
1487
2296
2904
2100
1492
2281
2937
2111
1471
2292
2935
2105
1462
2312
2953
2103
1468
2307
2937
2115
1484
2305
2969
2087
1474
2351
2985
2103
1462
2308
2955
2103
1481
2344
2933
2052
1451
2296
2963
2121
1471
2317
2972
2130
1491
2314
2931
2119
1500
2294
2919
2111
1488
2303
2991
2132
1460
2327
2972
2088
1506
2314
2925
2089
1472
2337
2960
2107
1463
2281
2983
2119
1468
2318
2937
2101
1495
2338
2952
2118
1504
2328
2937
2121
1504
2318
2950
2105
1467
2292
2949
2129
1524
2335
2929
2102
1476
2286
2947
2102
1453
2287
2938
2123
1501
2330
2943
2107
1467
2268
2949
2130
1490
2339
2949
2090
1472
2303
2931
2110
1495
2312
2910
2095
1509
2300
2919
2103
1498
2314
2942
2139
1481
2297
2961
2113
1462
2316
2958
2085
1447
2293
2955
2071
1451
2333
2976
2113
1502
2284
2956
2124
1462
2320
2974
2073
1460
2327
2961
2100
1499
2302
2919
2110
1494
2311
2930
2096
1472
2298
2935
2124
1492
2300
2941
2071
1466
2307
2943
2110
1491
2301
2924
2110
1469
2343
2971
2098
1482
2284
2933
2122
1498
2322
2933
2095
1431
2281
2987
2124
1435
2316
2977
2090
1471
2307
2945
2075
1435
2322
2972
2077
1466
2322
2934
2076
1486
2318
2923
2083
1496
2300
2910
2108
1488
2333
2963
2097
1455
2271
2961
2125
1497
2357
2932
2102
1475
2290
2920
2102
1496
2305
2955
2127
1504
2303
2960
2114
1476
2303
2937
2121
1483
2333
2974
2065
1477
2326
2926
2090
1469
2285
2947
2126
1478
2312
2956
2099
1470
2294
2966
2122
1478
2322
2929
2103
1483
2254
2958
2129
1440
2287
2917
2092
1480
2329
2940
2099
1500
2315
2953
2101
1469
2314
2948
2107
1472
2304
2911
2070
1501
2287
2926
2093
1464
2328
2949
2093
1465
2296
2960
2121
1504
2299
2934
2091
1454
2329
2975
2113
1487
2293
2921
2133
1507
2293
2953
2119
1459
2307
2962
2113
1482
2300
2914
2089
1495
2338
2952
2086
1475
2288
2913
2109
1500
2310
2945
2120
1474
2308
2949
2095
1434
2319
2944
2073
1479
2301
2920
2093
1477
2288
2903
2090
1485
2331
2968
2102
1467
2290
2920
2106
1517
2327
2953
2084
1464
2325
2925
2087
1485
2276
2928
2133
1482
2315
2944
2072
1468
2277
2934
2115
1490
2293
2897
2106
1466
2279
2975
2121
1449
2332
2938
2061
1478
2330
2952
2105
1488
2267
2922
2092
1458
2268
2915
2086
1470
2321
2953
2114
1497
2306
2919
2084
1501
2342
2970
2091
1424
2307
2960
2060
1458
2328
2961
2108
1494
2311
2983
2130
1437
2274
2915
2086
1492
2327
2959
2120
1476
2280
2947
2112
1500
2315
2921
2090
1487
2353
2949
2107
1479
2308
2931
2107
1489
2311
2911
2096
1498
2288
2965
2149
1503
2312
2912
2068
1482
2321
2949
2106
1479
2302
2942
2115
1485
2312
2949
2101
1477
2302
2934
2110
1485
2298
2924
2096
1495
2329
2957
2126
1470
2290
2957
2102
1471
2330
2958
2107
1477
2319
2952
2096
1482
2331
2978
2085
1457
2305
2955
2147
1485
2268
2896
2107
1494
2272
2980
2098
1432
2296
2939
2099
1509
2356
2944
2066
1484
2326
2921
2078
1500
2329
2904
2095
1524
2334
2945
2108
1479
2305
2939
2093
1494
2345
2938
2111
1495
2298
2973
2115
1443
2294
2936
2053
1461
2331
2972
2119
1479
2322
2946
2094
1504
2300
2906
2090
1474
2316
2965
2096
1487
2334
2937
2086
1485
2334
2929
2104
1478
2248
2913
2113
1486
2315
2977
2090
1445
2295
2931
2121
1486
2268
2909
2129
1510
2316
2964
2132
1484
2319
2945
2067
1461
2311
2949
2090
1463
2306
2924
2101
1482
2293
2928
2128
1508
2312
2945
2109
1452
2248
2957
2115
1440
2320
2960
2069
1456
2339
2986
2117
1497
2297
2895
2090
1504
2305
2931
2080
1451
2291
2918
2102
1503
2281
2920
2106
1472
2318
2951
2093
1487
2321
2922
2070
1500
2342
2948
2086
1436
2292
2961
2081
1478
2315
2923
2087
1469
2288
2970
2131
1457
2314
2960
2108
1494
2325
2968
2103
1452
2282
2895
2109
1495
2286
2922
2094
1473
2282
2949
2092
1464
2286
2926
2120
1497
2310
2905
2119
1507
2264
2919
2123
1477
2298
2944
2096
1442
2291
2947
2119
1492
2295
2941
2089
1474
2334
2941
2070
1483
2313
2926
2098
1480
2283
2935
2098
1465
2317
2950
2096
1461
2298
2970
2104
1460
2302
2927
2087
1461
2264
2931
2124
1478
2313
2940
2063
1454
2305
2909
2113
1490
2296
2933
2101
1473
2306
2914
2061
1458
2295
2932
2122
1460
2279
2962
2089
1461
2328
2959
2096
1478
2302
2946
2132
1479
2318
2942
2075
1480
2265
2928
2125
1469
2285
2909
2054
1451
2330
3000
2140
1476
2324
2944
2080
1479
2327
2954
2084
1461
2325
2930
2080
1473
2321
2944
2080
1452
2350
3016
2124
1493
2323
2967
2130
1460
2317
2966
2093
1489
2339
2949
2086
1496
2322
2939
2145
1474
2265
2937
2107
1479
2311
2956
2115
1458
2355
3023
2109
1464
2320
2928
2074
1470
2303
2929
2119
1480
2307
2991
2115
1466
2333
2933
2073
1488
2350
2931
2086
1478
2272
2964
2133
1473
2332
2928
2055
1477
2334
2966
2101
1478
2313
2903
2078
1490
2288
2947
2116
1463
2296
2971
2095
1449
2304
2925
2087
1478
2323
2925
2086
1493
2300
2915
2105
1511
2333
2935
2125
1490
2271
2960
2129
1482
2341
2968
2089
1460
2323
2996
2118
1448
2302
2930
2121
1521
2316
2953
2137
1484
2279
2956
2120
1481
2340
2957
2074
1503
2311
2927
2106
1474
2286
2984
2175
1458
2291
2986
2103
1469
2310
2982
2107
1487
2333
2924
2079
1484
2307
2973
2122
1475
2312
2926
2090
1503
2338
2964
2116
1495
2312
2949
2127
1507
2313
2925
2083
1470
2347
2970
2109
1489
2309
2968
2102
1484
2323
2945
2121
1474
2288
2971
2129
1493
2318
2916
2094
1474
2273
2951
2112
1478
2292
2931
2111
1499
2298
2935
2091
1467
2335
2965
2114
1512
2312
2932
2088
1473
2302
2937
2098
1452
2291
2945
2097
1503
2350
2934
2095
1506
2298
2937
2148
1472
2301
2965
2078
1487
2353
2934
2077
1502
2296
2878
2123
1519
2309
2952
2130
1461
2283
2944
2106
1487
2328
2948
2087
1455
2298
2947
2127
1501
2291
2935
2120
1456
2291
2966
2099
1475
2301
2923
2097
1517
2373
2919
2052
1497
2326
2971
2115
1456
2296
2934
2095
1488
2334
2984
2109
1494
2338
2921
2099
1506
2297
2951
2112
1439
2314
2957
2091
1485
2322
2933
2101
1494
2323
2975
2115
1478
2310
2961
2127
1516
2327
2953
2104
1460
2303
2972
2110
1477
2327
2939
2080
1505
2346
2971
2108
1458
2310
2974
2133
1494
2306
2946
2110
1489
2323
2956
2115
1490
2292
2932
2132
1491
2282
2921
2116
1476
2275
2989
2146
1489
2321
2935
2094
1455
2281
2946
2100
1487
2334
2922
2089
1487
2299
2946
2134
1475
2305
2960
2112
1503
2297
2942
2106
1481
2309
2956
2122
1474
2269
2940
2132
1482
2309
2963
2118
1479
2274
2927
2093
1468
2309
2948
2082
1457
2303
2975
2124
1466
2292
2923
2116
1488
2307
2912
2072
1488
2303
2942
2135
1486
2284
2930
2122
1496
2306
2954
2146
1505
2280
2991
2121
1462
2326
2952
2131
1504
2282
2926
2105
1501
2296
2923
2092
1467
2301
2932
2102
1505
2306
2901
2087
1502
2281
2941
2116
1481
2293
2949
2116
1477
2297
2960
2125
1489
2309
2948
2118
1490
2275
2933
2116
1473
2323
2927
2082
1478
2288
2943
2117
1489
2317
2926
2107
1499
2300
2969
2145
1480
2312
2944
2117
1499
2292
2929
2093
1474
2300
2912
2101
1511
2292
2932
2102
1493
2328
2930
2095
1504
2302
2925
2125
1481
2284
2978
2142
1497
2326
2957
2111
1483
2316
2925
2107
1512
2324
2956
2117
1529
2334
2947
2081
1471
2332
2960
2100
1467
2296
2917
2131
1497
2274
2967
2145
1451
2283
2963
2126
1479
2308
2963
2117
1488
2342
2967
2114
1476
2313
2962
2118
1499
2345
2935
2090
1483
2300
2944
2111
1484
2333
2931
2092
1503
2315
2975
2100
1423
2289
2943
2097
1492
2339
2933
2089
1496
2317
2931
2133
1495
2279
2960
2139
1486
2352
2959
2104
1473
2278
2919
2111
1474
2338
2976
2082
1468
2305
2966
2102
1468
2300
2937
2112
1490
2314
2969
2109
1482
2296
2920
2110
1484
2282
2971
2092
1467
2320
2950
2122
1469
2276
2957
2127
1472
2311
2967
2109
1490
2291
2897
2112
1502
2304
2941
2107
1468
2328
2986
2074
1464
2300
2904
2101
1508
2335
2977
2118
1463
2288
2909
2096
1463
2284
2933
2104
1500
2309
2938
2104
1497
2265
2910
2119
1468
2328
2990
2116
1451
2282
2943
2103
1467
2320
2948
2094
1494
2361
2960
2048
1480
2330
2946
2064
1487
2337
2952
2103
1460
2306
2934
2082
1492
2297
2937
2085
1455
2321
2956
2098
1495
2311
2931
2104
1493
2323
2954
2103
1485
2297
2924
2094
1501
2327
2944
2108
1480
2308
2959
2084
1470
2283
2930
2133
1521
2324
2996
2109
1438
2329
2947
2086
1497
2303
2914
2113
1472
2296
2974
2127
1498
2315
2921
2111
1468
2320
2962
2108
1489
2307
2937
2135
1504
2304
2961
2132
1494
2345
2956
2092
1485
2329
2931
2115
1513
2306
2971
2108
1458
2336
2983
2117
1502
2319
2908
2099
1502
2315
2940
2107
1491
2303
2951
2118
1475
2323
2937
2096
1492
2296
2931
2134
1515
2295
2933
2104
1451
2296
2962
2084
1451
2340
2951
2104
1501
2319
2948
2107
1481
2296
2933
2128
1480
2275
2940
2092
1478
2346
2950
2093
1496
2261
2906
2155
1482
2288
2956
2090
1471
2296
2955
2117
1470
2302
2937
2079
1441
2297
2928
2100
1514
2296
2937
2139
1502
2296
2968
2124
1429
2297
2932
2092
1455
2271
2957
2133
1475
2304
2945
2104
1477
2294
2930
2117
1492
2302
2933
2113
1467
2273
2948
2105
1464
2337
2929
2061
1494
2282
2921
2132
1492
2284
2926
2118
1464
2288
2975
2100
1461
2283
2924
2110
1486
2286
2950
2106
1451
2309
2983
2120
1514
2312
2896
2104
1482
2291
2929
2109
1481
2287
2982
2126
1471
2308
2913
2076
1493
2339
2966
2098
1461
2295
2901
2074
1490
2303
2926
2101
1481
2281
2931
2100
1474
2305
2935
2075
1448
2313
2950
2118
1511
2294
2942
2134
1507
2349
2958
2105
1500
2303
2956
2178
1511
2309
2968
2099
1473
2347
2963
2095
1512
2323
2919
2109
1503
2301
2966
2121
1448
2294
2943
2100
1491
2305
2944
2114
1469
2296
2940
2067
1481
2313
2929
2109
1507
2349
2974
2091
1446
2286
2949
2113
1477
2302
2941
2125
1471
2252
2967
2138
1453
2297
2939
2083
1467
2324
2966
2121
1463
2284
2952
2101
1464
2297
2948
2117
1479
2323
2974
2095
1481
2297
2922
2109
1487
2319
2957
2093
1465
2294
2980
2151
1508
2352
2939
2074
1497
2311
2939
2115
1455
2305
2935
2092
1494
2317
2958
2094
1467
2291
2940
2135
1480
2278
2941
2102
1480
2323
2960
2107
1486
2292
2936
2122
1476
2315
2963
2098
1490
2302
2927
2113
1482
2310
2932
2111
1489
2306
2955
2090
1466
2311
2933
2098
1507
2319
2934
2116
1515
2311
2900
2094
1488
2293
2945
2103
1471
2280
2921
2137
1507
2271
2946
2158
1474
2282
2945
2094
1482
2321
2993
2142
1465
2335
2959
2083
1466
2303
2973
2120
1477
2287
2918
2095
1522
2336
2941
2097
1466
2322
2972
2088
1475
2337
2933
2070
1500
2335
2973
2093
1435
2288
2954
2102
1472
2330
2941
2089
1475
2291
2968
2127
1494
2322
2924
2082
1471
2274
2938
2115
1473
2298
2954
2118
1510
2338
2968
2086
1483
2334
2924
2099
1505
2277
2900
2122
1460
2297
2971
2105
1481
2310
2946
2107
1490
2328
2957
2125
1454
2283
2966
2096
1469
2336
2939
2058
1476
2330
2958
2111
1509
2332
2910
2090
1483
2300
2960
2091
1474
2329
2934
2102
1492
2289
2928
2129
1492
2266
2943
2138
1482
2268
2918
2123
1500
2316
2953
2115
1457
2294
2953
2115
1491
2306
2908
2108
1499
2280
2944
2100
1451
2319
2951
2100
1488
2324
2979
2127
1466
2312
2954
2103
1500
2306
2920
2104
1472
2307
2959
2127
1479
2275
2936
2124
1466
2307
2997
2138
1444
2305
2961
2079
1476
2340
2954
2048
1468
2329
2921
2098
1486
2285
2933
2107
1465
2297
2970
2088
1452
2324
2928
2108
1494
2273
2951
2126
1460
2299
2933
2097
1456
2276
2922
2092
1475
2316
2954
2117
1471
2283
2946
2110
1492
2322
2947
2093
1493
2320
2956
2105
1474
2307
2910
2078
1495
2329
2957
2101
1467
2285
2949
2117
1463
2294
2963
2107
1449
2319
2948
2090
1504
2337
2938
2104
1493
2324
2964
2119
1470
2313
2949
2085
1482
2332
2951
2062
1440
2303
2969
2113
1489
2313
2905
2087
1498
2294
2940
2121
1499
2312
2959
2109
1479
2347
2952
2062
1468
2315
2942
2122
1478
2295
2961
2087
1474
2327
2905
2081
1503
2295
2934
2136
1492
2316
2947
2109
1456
2298
2967
2074
1462
2324
2896
2072
1507
2305
2938
2121
1491
2326
2969
2111
1483
2341
2954
2060
1493
2326
2938
2117
1489
2284
2908
2098
1473
2315
2960
2124
1478
2268
2963
2114
1494
2292
2905
2133
1510
2309
2992
2146
1472
2319
2967
2082
1464
2290
2955
2123
1455
2306
2953
2084
1448
2310
2950
2065
1432
2305
2922
2107
1488
2261
2927
2143
1513
2313
2966
2102
1431
2310
2972
2109
1487
2338
2908
2041
1473
2320
2947
2100
1497
2277
2893
2122
1520
2311
2960
2087
1440
2309
2959
2120
1478
2285
2953
2131
1449
2287
2933
2079
1499
2298
2887
2099
1477
2286
2927
2111
1473
2290
2930
2096
1477
2302
2919
2108
1469
2316
2956
2092
1477
2317
2885
2073
1499
2339
2949
2118
1467
2313
2945
2088
1502
2324
2931
2080
1469
2290
2927
2112
1494
2290
2911
2094
1511
2341
2938
2080
1441
2255
2928
2102
1445
2345
2960
2085
1463
2295
2951
2100
1470
2311
2901
2102
1507
2326
2969
2098
1437
2295
2931
2086
1479
2312
2937
2117
1491
2319
2953
2099
1454
2282
2924
2099
1478
2318
2928
2085
1480
2294
2936
2102
1505
2330
2941
2115
1485
2312
2961
2111
1468
2298
2945
2116
1504
2301
2927
2098
1470
2323
2934
2068
1461
2295
2919
2071
1481
2309
2934
2128
1478
2282
2929
2119
1488
2317
2929
2082
1451
2271
2966
2129
1484
2329
2946
2080
1449
2291
2984
2111
1474
2295
2896
2080
1483
2310
2933
2060
1465
2299
2948
2079
1477
2345
2956
2098
1513
2346
2972
2079
1459
2303
2940
2101
1471
2310
2948
2106
1470
2277
2942
2098
1508
2356
2943
2119
1463
2276
2976
2119
1491
2311
2924
2101
1503
2290
2937
2111
1449
2308
2964
2090
1501
2333
2920
2072
1481
2305
2935
2121
1474
2296
2972
2113
1462
2323
2947
2073
1456
2275
2980
2119
1451
2331
2963
2063
1458
2322
2970
2127
1507
2325
2901
2071
1524
2344
2922
2071
1495
2324
2943
2143
1520
2331
2961
2103
1469
2331
3001
2108
1437
2321
2972
2102
1473
2318
2927
2109
1510
2288
2926
2117
1524
2318
2911
2105
1463
2267
2932
2115
1523
2312
2898
2090
1483
2270
2953
2125
1454
2304
2971
2096
1491
2315
2920
2074
1461
2293
2922
2106
1511
2302
2948
2124
1483
2344
2992
2120
1466
2297
2963
2102
1463
2326
2997
2097
1456
2301
2972
2122
1465
2338
2919
2104
1541
2319
2951
2115
1465
2303
2961
2110
1478
2299
2934
2109
1489
2306
2964
2140
1491
2292
2927
2108
1476
2352
2957
2092
1509
2327
2964
2111
1482
2328
2927
2103
1504
2293
2961
2137
1466
2291
2960
2096
1477
2315
2954
2136
1510
2320
2934
2117
1502
2313
2954
2083
1481
2334
2936
2089
1482
2285
2933
2119
1506
2333
2942
2114
1488
2287
2930
2114
1495
2336
2932
2064
1459
2287
2949
2141
1497
2285
2909
2134
1506
2316
2991
2128
1487
2318
2918
2108
1505
2289
2935
2113
1475
2328
2972
2094
1481
2320
2962
2131
1495
2318
2967
2098
1444
2303
2958
2089
1477
2324
2955
2129
1466
2304
2982
2099
1477
2314
2957
2142
1513
2298
2952
2120
1449
2270
2949
2104
1481
2329
2962
2091
1494
2318
2944
2115
1482
2316
2954
2079
1466
2327
2954
2120
1469
2279
2942
2108
1487
2328
2962
2108
1476
2325
2969
2138
1494
2337
2943
2094
1509
2335
2964
2121
1495
2318
2950
2101
1471
2325
2965
2110
1484
2321
2964
2104
1490
2311
2944
2135
1498
2323
2947
2126
1493
2297
2984
2115
1470
2339
2983
2115
1461
2312
2976
2112
1474
2302
2932
2095
1491
2304
2954
2134
1488
2290
2913
2111
1503
2306
2961
2119
1449
2341
3011
2087
1483
2318
2934
2102
1505
2362
2957
2085
1476
2320
2964
2111
1503
2322
2934
2089
1500
2311
2961
2142
1515
2291
2938
2138
1485
2281
2979
2140
1469
2297
2970
2149
1480
2302
2970
2101
1472
2308
2940
2129
1508
2288
2945
2129
1508
2332
2968
2118
1479
2312
2984
2123
1454
2322
2961
2102
1517
2320
2930
2127
1507
2308
2944
2115
1499
2347
2960
2095
1485
2299
2930
2133
1504
2289
2953
2127
1478
2350
2962
2086
1461
2298
2975
2098
1456
2324
2946
2057
1467
2290
2958
2132
1498
2341
2986
2096
1484
2329
2970
2127
1488
2305
2934
2109
1503
2330
2968
2120
1469
2298
2934
2130
1489
2293
2961
2100
1456
2326
2928
2068
1485
2304
2939
2124
1477
2336
2992
2110
1470
2304
2957
2130
1511
2332
2933
2089
1480
2320
2982
2119
1458
2278
2933
2109
1461
2307
2977
2100
1481
2310
2954
2096
1506
2309
2912
2114
1507
2313
2934
2098
1484
2295
2938
2108
1484
2324
2943
2105
1476
2303
2954
2112
1524
2350
2942
2120
1507
2303
2934
2120
1496
2306
2930
2133
1498
2286
2964
2121
1457
2291
2951
2092
1472
2347
2961
2099
1505
2338
2947
2103
1469
2317
2933
2093
1504
2326
2970
2126
1484
2299
2964
2131
1474
2302
2945
2103
1464
2278
2947
2111
1453
2271
2939
2117
1508
2330
2958
2113
1483
2290
2943
2127
1470
2279
2934
2102
1505
2353
2981
2106
1482
2295
2941
2105
1498
2328
2943
2094
1463
2282
2955
2117
1465
2308
2934
2078
1468
2266
2939
2140
1506
2295
2919
2142
1508
2323
2988
2119
1454
2317
2951
2096
1499
2316
2952
2101
1482
2307
2945
2103
1427
2264
2920
2116
1479
2317
2986
2115
1449
2272
2935
2091
1475
2298
2909
2063
1473
2317
2935
2090
1467
2292
2925
2104
1502
2306
2972
2100
1461
2315
2943
2113
1502
2323
2935
2100
1500
2317
2937
2094
1473
2297
2944
2125
1482
2334
2967
2111
1464
2269
2948
2117
1493
2323
2962
2123
1462
2291
2936
2124
1493
2281
2940
2116
1487
2300
2958
2136
1466
2288
2975
2141
1447
2284
2950
2092
1457
2304
2933
2101
1466
2307
2968
2130
1493
2318
2962
2088
1456
2294
2958
2086
1460
2305
2934
2111
1459
2292
2967
2093
1471
2311
2933
2125
1496
2318
2959
2105
1456
2290
2974
2116
1476
2304
2963
2118
1463
2330
2953
2063
1459
2301
2932
2118
1501
2312
2945
2112
1468
2289
2950
2102
1490
2330
2928
2091
1465
2293
2955
2121
1474
2319
2936
2107
1473
2293
2943
2100
1468
2301
2952
2105
1498
2310
2942
2084
1444
2311
2953
2106
1473
2313
2941
2096
1505
2314
2947
2105
1465
2288
2937
2127
1504
2303
2915
2095
1485
2271
2931
2117
1449
2261
2925
2126
1474
2312
2979
2094
1454
2288
2937
2105
1514
2319
2930
2136
1472
2280
2959
2101
1457
2293
2959
2099
1463
2301
2935
2097
1478
2285
2915
2097
1486
2284
2882
2092
1496
2275
2919
2130
1473
2286
2920
2097
1517
2300
2933
2110
1458
2290
2933
2136
1486
2264
2936
2118
1456
2292
2955
2112
1476
2305
2904
2084
1495
2306
2957
2117
1458
2287
2923
2080
1480
2316
2910
2094
1484
2289
2959
2120
1453
2258
2929
2099
1477
2333
2975
2108
1456
2293
2947
2117
1478
2290
2935
2092
1453
2307
2949
2089
1490
2311
2930
2085
1490
2291
2922
2115
1470
2274
2960
2132
1467
2318
2927
2091
1484
2313
2929
2085
1466
2323
2906
2070
1467
2289
2939
2088
1434
2314
2949
2082
1498
2301
2901
2096
1483
2328
2958
2092
1463
2321
2945
2087
1456
2323
2954
2094
1453
2288
2943
2089
1477
2325
2934
2115
1483
2269
2932
2106
1482
2286
2919
2124
1482
2305
2965
2104
1452
2276
2943
2093
1474
2341
2944
2086
1480
2307
2956
2099
1456
2292
2936
2128
1469
2273
2913
2104
1457
2257
2959
2136
1476
2332
2940
2067
1448
2285
2950
2104
1471
2295
2914
2080
1460
2294
2933
2121
1464
2255
2936
2124
1482
2304
2941
2078
1450
2312
2949
2121
1489
2283
2941
2120
1474
2320
2952
2097
1498
2283
2900
2089
1497
2307
2939
2107
1495
2316
2974
2128
1487
2293
2921
2131
1529
2296
2936
2080
1433
2325
2966
2117
1491
2313
2954
2112
1471
2308
2957
2110
1513
2324
2900
2099
1509
2316
2975
2122
1461
2308
2959
2129
1509
2338
2948
2108
1484
2315
2966
2136
1479
2286
2920
2120
1481
2303
2956
2093
1472
2312
2929
2125
1505
2277
2969
2159
1495
2321
2954
2106
1475
2305
2960
2120
1535
2363
2952
2099
1466
2303
2943
2097
1477
2358
2971
2079
1479
2301
2950
2140
1501
2312
2955
2132
1469
2291
2976
2110
1467
2276
2917
2131
1480
2270
2922
2093
1474
2315
2956
2092
1495
2315
2912
2112
1510
2294
2911
2103
1502
2280
2943
2132
1475
2286
2961
2085
1437
2319
2950
2105
1510
2312
2916
2122
1520
2301
2933
2145
1490
2306
2967
2132
1471
2315
2986
2132
1494
2335
2941
2118
1504
2298
2953
2129
1477
2322
2937
2089
1500
2313
2937
2107
1521
2326
2951
2130
1461
2317
2983
2110
1486
2316
2904
2103
1498
2277
2947
2111
1424
2268
2953
2108
1485
2324
2950
2106
1479
2292
2945
2149
1488
2287
2953
2125
1465
2296
2962
2117
1449
2267
2970
2124
1476
2340
2983
2081
1470
2348
2989
2099
1464
2282
2909
2140
1526
2300
2970
2121
1471
2326
2939
2104
1517
2336
2952
2112
1483
2308
2949
2082
1466
2316
2936
2124
1493
2311
2938
2120
1500
2329
2977
2125
1505
2353
2966
2096
1494
2298
2942
2115
1476
2333
2964
2102
1492
2341
2950
2096
1478
2302
2926
2124
1490
2307
2960
2118
1461
2310
2976
2114
1489
2302
2909
2095
1524
2341
2932
2123
1484
2274
2963
2103
1484
2328
2915
2087
1478
2311
2964
2110
1501
2322
2908
2096
1521
2312
2946
2126
1464
2298
2962
2097
1478
2295
2939
2154
1496
2295
2922
2096
1503
2300
2957
2120
1500
2333
2973
2091
1422
2296
2956
2127
1504
2333
2944
2091
1471
2308
2946
2123
1494
2286
2914
2118
1499
2332
2980
2111
1436
2299
2947
2132
1494
2311
2919
2076
1507
2322
2918
2094
1501
2314
2950
2134
1453
2287
2941
2126
1474
2293
2974
2139
1510
2339
2947
2154
1513
2307
2971
2126
1466
2299
2932
2097
1502
2310
2943
2111
1460
2279
2937
2108
1506
2332
2947
2103
1489
2312
2946
2135
1481
2269
2938
2135
1495
2301
2960
2128
1475
2315
2971
2095
1465
2317
2949
2068
1468
2328
2966
2141
1493
2298
2919
2078
1482
2306
2946
2119
1462
2294
2943
2101
1478
2327
2964
2113
1474
2298
2945
2087
1489
2329
2942
2107
1475
2352
2972
2066
1475
2296
2931
2133
1484
2296
2954
2108
1488
2311
2959
2143
1466
2277
2940
2100
1490
2324
2944
2089
1494
2310
2938
2128
1485
2287
2972
2110
1458
2293
2953
2121
1492
2286
2948
2123
1456
2303
2975
2139
1482
2290
2945
2118
1481
2336
2972
2115
1492
2297
2951
2129
1475
2299
2941
2104
1505
2326
2939
2095
1482
2309
2926
2115
1512
2310
2970
2103
1457
2308
2989
2122
1452
2299
2923
2083
1465
2309
2954
2103
1455
2260
2933
2121
1484
2336
2956
2087
1459
2337
2995
2099
1487
2357
2949
2085
1502
2298
2923
2097
1501
2292
2954
2127
1493
2316
2954
2084
1447
2294
2944
2100
1477
2287
2928
2085
1450
2305
2949
2101
1478
2295
2948
2086
1496
2331
2964
2109
1460
2309
2969
2114
1486
2335
2941
2085
1513
2300
2973
2140
1471
2287
2926
2107
1474
2304
2946
2117
1474
2300
2955
2119
1491
2303
2970
2127
1473
2337
2941
2116
1502
2266
2933
2127
1497
2323
2944
2089
1468
2289
2944
2085
1474
2318
2917
2094
1484
2275
2960
2119
1473
2328
2949
2099
1475
2285
2904
2116
1500
2284
2927
2139
1479
2291
2952
2120
1489
2316
2936
2106
1497
2296
2947
2128
1498
2350
2981
2120
1465
2301
2953
2116
1483
2309
2952
2101
1486
2340
2972
2084
1466
2299
2925
2136
1505
2267
2919
2100
1462
2308
2963
2099
1461
2293
2945
2132
1488
2317
2918
2073
1425
2247
2943
2098
1446
2306
2931
2093
1459
2325
2982
2090
1432
2312
2925
2089
1511
2294
2903
2123
1515
2276
2954
2156
1487
2309
2972
2106
1471
2330
2927
2087
1499
2279
2932
2111
1471
2315
2955
2119
1453
2272
2945
2115
1495
2330
2931
2081
1472
2296
2951
2140
1491
2302
2935
2111
1477
2315
2992
2104
1431
2308
2946
2082
1481
2275
2941
2126
1477
2298
2942
2113
1495
2348
2955
2127
1517
2347
2964
2108
1458
2290
2956
2100
1459
2320
2928
2093
1504
2294
2962
2142
1488
2337
2945
2104
1495
2324
2968
2127
1481
2294
2938
2101
1477
2293
2950
2101
1474
2333
2975
2096
1451
2284
2961
2121
1487
2322
2977
2132
1458
2282
2958
2125
1499
2323
2939
2111
1490
2298
2958
2162
1510
2283
2939
2110
1493
2327
2990
2115
1451
2315
2955
2132
1472
2285
2935
2088
1467
2272
2925
2123
1462
2298
2976
2111
1471
2358
2980
2083
1456
2309
3003
2095
1433
2339
2920
2050
1488
2302
2932
2104
1499
2329
2932
2122
1485
2260
2928
2100
1455
2276
2936
2116
1476
2329
2959
2115
1490
2328
2947
2078
1493
2301
2914
2094
1482
2314
2926
2099
1491
2273
2940
2112
1504
2322
2932
2141
1501
2285
2956
2150
1482
2294
2955
2110
1474
2300
2968
2109
1459
2335
2950
2075
1466
2294
2940
2174
1507
2263
2925
2163
1486
2273
2985
2117
1448
2357
2971
2075
1466
2303
2942
2133
1515
2303
2930
2095
1469
2255
2926
2118
1475
2276
2916
2111
1462
2265
2963
2130
1441
2286
2959
2099
1489
2296
2945
2157
1490
2321
2987
2122
1483
2331
2951
2112
1474
2326
2966
2134
1489
2301
2972
2111
1456
2340
2987
2111
1495
2336
2945
2110
1504
2332
2951
2130
1484
2283
2975
2119
1464
2339
2961
2116
1478
2286
2968
2117
1456
2331
2968
2082
1509
2314
2917
2109
1491
2310
2931
2129
1492
2288
2973
2149
1482
2322
2952
2112
1493
2301
2961
2128
1490
2274
2928
2127
1467
2282
2962
2127
1486
2286
2976
2129
1443
2325
3006
2090
1453
2339
2920
2086
1531
2321
2946
2141
1512
2332
2954
2099
1459
2313
2982
2119
1509
2329
2943
2118
1499
2315
2938
2101
1474
2308
2934
2105
1483
2289
2976
2153
1486
2300
2945
2092
1430
2303
2965
2085
1449
2326
2957
2103
1512
2298
2919
2124
1481
2314
2961
2107
1475
2296
2968
2119
1479
2285
2915
2101
1468
2277
2965
2115
1466
2333
2939
2087
1507
2325
2948
2095
1486
2318
2940
2131
1495
2283
2922
2114
1503
2317
2941
2128
1491
2331
2973
2111
1489
2296
2906
2102
1489
2257
2967
2151
1497
2321
2966
2119
1473
2309
2951
2103
1486
2300
2936
2095
1466
2295
2950
2137
1478
2292
2958
2132
1503
2322
2966
2096
1463
2316
2937
2106
1489
2297
2940
2116
1497
2304
2918
2138
1494
2273
2956
2125
1470
2304
2941
2117
1486
2316
2990
2129
1460
2296
2924
2096
1500
2301
2971
2090
1450
2297
2913
2088
1498
2314
2951
2135
1469
2294
2976
2084
1437
2304
2930
2102
1523
2335
2907
2103
1493
2294
2984
2145
1470
2318
2947
2134
1502
2300
2969
2138
1466
2315
2962
2075
1496
2326
2953
2120
1475
2302
2951
2115
1507
2288
2925
2113
1466
2305
2951
2111
1468
2253
2927
2137
1496
2309
2942
2102
1481
2322
3006
2101
1471
2349
2960
2080
1470
2330
2934
2086
1491
2316
2927
2100
1488
2295
2974
2123
1470
2307
2943
2099
1476
2285
2955
2139
1488
2328
2948
2096
1519
2314
2929
2129
1479
2301
2969
2115
1469
2281
2944
2081
1481
2325
2945
2098
1491
2326
2985
2115
1483
2322
2962
2126
1486
2305
2949
2098
1488
2305
2944
2135
1513
2277
2925
2115
1465
2310
2974
2128
1503
2316
2936
2110
1465
2309
2981
2112
1454
2286
2962
2088
1493
2362
2932
2067
1482
2292
2943
2116
1446
2293
2939
2096
1504
2295
2940
2122
1475
2284
2951
2119
1496
2318
2961
2130
1497
2321
2981
2116
1485
2304
2951
2126
1480
2310
2937
2087
1452
2276
2970
2112
1461
2322
2978
2124
1485
2303
2955
2127
1462
2278
2917
2089
1475
2280
2946
2132
1473
2278
2927
2134
1508
2312
2954
2104
1479
2311
2960
2127
1483
2303
2920
2086
1486
2295
2940
2111
1469
2294
2967
2140
1492
2335
2960
2084
1469
2309
2956
2112
1485
2312
2911
2104
1508
2311
2981
2118
1490
2304
2900
2085
1495
2289
2892
2112
1505
2277
2966
2161
1478
2280
2942
2088
1460
2336
2969
2116
1477
2302
2981
2130
1520
2311
2928
2116
1489
2313
2926
2087
1511
2333
2945
2114
1479
2298
2989
2130
1458
2328
2967
2092
1480
2292
2927
2130
1484
2298
2978
2130
1469
2313
2949
2109
1491
2321
2963
2134
1477
2277
2936
2138
1500
2348
2967
2067
1455
2324
2962
2105
1499
2291
2919
2127
1509
2286
2927
2109
1469
2310
2950
2113
1482
2318
2959
2111
1504
2305
2935
2099
1447
2262
2954
2135
1476
2302
2945
2091
1461
2280
2946
2111
1471
2314
2940
2096
1500
2288
2960
2104
1438
2285
2935
2118
1493
2327
2966
2091
1470
2317
2957
2105
1469
2281
2921
2116
1480
2285
2953
2106
1462
2307
2955
2111
1492
2330
2949
2118
1492
2316
2955
2122
1494
2329
2935
2112
1484
2285
2959
2157
1500
2271
2894
2125
1489
2279
2959
2140
1464
2296
2963
2104
1475
2300
2934
2084
1470
2305
2957
2115
1492
2321
2945
2110
1491
2317
2942
2100
1448
2274
2967
2109
1452
2313
2932
2079
1465
2316
2948
2117
1490
2275
2927
2120
1500
2318
2974
2121
1463
2286
2949
2132
1473
2295
2954
2103
1448
2315
2947
2104
1489
2319
2967
2087
1444
2309
2968
2105
1458
2288
2945
2118
1499
2306
2907
2102
1456
2269
2981
2130
1447
2334
2961
2078
1494
2314
2958
2134
1463
2282
2949
2097
1480
2350
2974
2072
1455
2313
2967
2118
1463
2280
2964
2114
1492
2345
2950
2087
1500
2299
2947
2140
1495
2316
2938
2094
1474
2289
2970
2142
1487
2312
2918
2071
1492
2305
2941
2115
1493
2273
2909
2113
1480
2280
2955
2112
1430
2266
2955
2157
1515
2310
2973
2128
1479
2317
2952
2116
1471
2269
2974
2123
1463
2340
2956
2082
1490
2283
2935
2095
1490
2313
2896
2113
1516
2258
2934
2111
1428
2288
2968
2130
1490
2299
2953
2105
1449
2290
2964
2106
1470
2303
2949
2097
1464
2332
2988
2102
1457
2288
2939
2112
1478
2322
2933
2078
1489
2314
2928
2126
1490
2287
2927
2119
1472
2307
2951
2097
1476
2309
2930
2124
1528
2318
2938
2116
1476
2276
2973
2113
1436
2285
2924
2088
1475
2336
2943
2100
1492
2288
2893
2096
1496
2296
2931
2139
1477
2277
2955
2113
1454
2283
2928
2068
1521
2313
2932
2131
1460
2286
2954
2116
1488
2263
2938
2110
1476
2308
2995
2090
1458
2306
2930
2096
1491
2315
2932
2091
1470
2265
2926
2125
1517
2315
2938
2108
1479
2312
2947
2099
1481
2285
2928
2130
1487
2284
2957
2103
1459
2277
2930
2096
1461
2294
2957
2103
1482
2314
2923
2086
1480
2298
2957
2107
1455
2315
2935
2104
1467
2290
2948
2097
1477
2295
2911
2108
1470
2265
2966
2120
1440
2304
2966
2090
1479
2332
2947
2124
1487
2303
2932
2084
1460
2290
2957
2140
1476
2289
2991
2123
1453
2304
2939
2114
1491
2315
2914
2081
1485
2277
2914
2134
1515
2315
2944
2106
1437
2277
2951
2096
1466
2310
2957
2130
1485
2301
2950
2115
1472
2269
2940
2164
1479
2247
2944
2099
1458
2309
2964
2083
1431
2296
2967
2111
1484
2285
2926
2107
1438
2269
2954
2118
1494
2302
2930
2093
1452
2292
2988
2120
1448
2293
2967
2129
1486
2301
2977
2135
1463
2295
2947
2096
1480
2318
2949
2111
1458
2296
2955
2104
1465
2297
2958
2125
1452
2290
2973
2123
1479
2299
2913
2113
1503
2308
2951
2107
1488
2275
2946
2149
1491
2255
2907
2109
1480
2304
2971
2130
1460
2282
2929
2130
1503
2292
2966
2129
1485
2326
2972
2108
1459
2281
2967
2128
1471
2308
2985
2129
1483
2292
2948
2102
1476
2319
2928
2117
1470
2288
2962
2120
1462
2304
2949
2099
1475
2295
2935
2102
1468
2327
2950
2091
1473
2313
2959
2086
1470
2314
2938
2095
1498
2269
2901
2128
1496
2281
2939
2106
1469
2284
2941
2125
1496
2327
2951
2076
1455
2293
2960
2118
1494
2305
2932
2136
1507
2352
2997
2110
1477
2318
2932
2115
1493
2283
2945
2106
1446
2306
2955
2097
1507
2318
2920
2098
1472
2298
2953
2099
1481
2306
2948
2092
1492
2305
2918
2125
1495
2288
2972
2161
1472
2266
2912
2102
1509
2325
2950
2104
1465
2308
2946
2139
1486
2286
2929
2096
1483
2325
2965
2124
1485
2267
2947
2111
1472
2338
2948
2076
1489
2322
2945
2137
1489
2312
2955
2076
1464
2302
2938
2118
1489
2300
2916
2135
1497
2296
2973
2113
1485
2307
2925
2114
1496
2278
2937
2165
1476
2292
2975
2118
1463
2303
2979
2115
1484
2349
2959
2107
1487
2300
2940
2138
1506
2268
2938
2147
1469
2295
2973
2110
1468
2312
2938
2092
1494
2310
2953
2084
1458
2309
2939
2101
1481
2303
2952
2119
1465
2281
2953
2124
1481
2291
2938
2113
1478
2308
2983
2147
1481
2254
2931
2155
1488
2278
2956
2113
1445
2301
3011
2126
1461
2304
2958
2102
1486
2319
2909
2076
1480
2282
2920
2149
1496
2293
2969
2127
1452
2286
2971
2108
1445
2261
2927
2097
1481
2361
2984
2083
1468
2309
2954
2123
1489
2286
2928
2125
1480
2276
2927
2137
1498
2303
2953
2106
1466
2305
2954
2129
1508
2318
2940
2139
1504
2286
2947
2116
1468
2297
2943
2101
1476
2298
2937
2121
1455
2289
2964
2107
1469
2288
2927
2112
1491
2295
2971
2114
1428
2275
2985
2110
1484
2336
2915
2072
1473
2302
2969
2103
1465
2305
2947
2112
1489
2280
2953
2113
1450
2299
2967
2106
1472
2278
2948
2137
1490
2321
2930
2081
1481
2275
2970
2137
1476
2337
2936
2110
1490
2297
2980
2153
1497
2301
2952
2134
1466
2293
2971
2133
1479
2330
2979
2101
1508
2339
2945
2114
1477
2302
2938
2133
1512
2296
2939
2127
1475
2300
2970
2130
1462
2273
2978
2145
1506
2351
2943
2097
1492
2287
2938
2125
1478
2270
2936
2151
1480
2288
2956
2093
1483
2306
2917
2088
1473
2292
2924
2136
1491
2267
2933
2082
1475
2272
2929
2158
1500
2283
2928
2121
1474
2278
2935
2108
1482
2315
2971
2165
1493
2302
2960
2119
1487
2313
2947
2113
1497
2320
2970
2116
1462
2308
2944
2106
1492
2334
2961
2089
1457
2308
2940
2099
1456
2283
2938
2129
1507
2307
2957
2133
1443
2253
2959
2130
1491
2292
2939
2126
1449
2287
2986
2125
1483
2345
2912
2098
1513
2305
2978
2130
1447
2295
2972
2095
1474
2294
2930
2127
1510
2331
2933
2124
1506
2289
2962
2129
1452
2312
2944
2116
1486
2240
2933
2146
1493
2303
2921
2109
1487
2300
2954
2145
1500
2294
2966
2136
1488
2318
2956
2054
1445
2316
2920
2123
1519
2297
2938
2127
1494
2313
2994
2129
1465
2307
2954
2089
1475
2336
2926
2075
1501
2292
2948
2141
1482
2308
2964
2119
1494
2331
2977
2119
1501
2326
2923
2121
1510
2318
2974
2130
1468
2281
2925
2108
1487
2296
2928
2112
1517
2329
2973
2135
1469
2263
2912
2113
1487
2311
2954
2128
1504
2295
2940
2126
1478
2309
2948
2141
1499
2282
2934
2139
1483
2273
2943
2119
1503
2327
2970
2138
1482
2307
2960
2117
1484
2295
2966
2142
1510
2310
2943
2120
1472
2277
2973
2169
1497
2329
2936
2083
1466
2282
2935
2147
1524
2330
2947
2089
1475
2304
2968
2126
1455
2304
2951
2112
1489
2312
2943
2118
1449
2277
2959
2145
1504
2318
2932
2106
1506
2303
2962
2120
1483
2296
2924
2117
1479
2307
2959
2087
1424
2264
2935
2087
1478
2338
2948
2114
1494
2326
2984
2145
1460
2284
2960
2098
1471
2320
2965
2114
1468
2269
2949
2139
1497
2268
2919
2133
1475
2278
2945
2112
1480
2304
2944
2114
1492
2332
2945
2095
1449
2280
2966
2141
1471
2323
2971
2067
1476
2332
2946
2120
1502
2336
2966
2098
1500
2294
2938
2112
1476
2320
2973
2148
1497
2309
2964
2137
1496
2294
2922
2131
1504
2272
2929
2136
1479
2299
2968
2125
1464
2301
2969
2140
1480
2327
2920
2098
1487
2295
3003
2139
1466
2327
2939
2086
1475
2298
2959
2094
1449
2303
2981
2108
1487
2315
2909
2085
1497
2324
2959
2119
1504
2298
2969
2144
1483
2323
2915
2082
1473
2280
2913
2121
1495
2308
2924
2097
1454
2249
2962
2150
1480
2291
2945
2099
1484
2309
2985
2135
1484
2306
2963
2128
1454
2311
2979
2069
1466
2341
2942
2065
1482
2312
2938
2125
1498
2323
2950
2101
1507
2290
2940
2130
1487
2319
2946
2102
1490
2308
2977
2147
1480
2291
2895
2081
1495
2331
2984
2123
1464
2303
2946
2113
1494
2297
2912
2093
1467
2321
2950
2124
1496
2265
2928
2125
1476
2291
2931
2117
1461
2277
2958
2141
1482
2301
2932
2124
1491
2312
2974
2135
1478
2325
2939
2079
1494
2315
2938
2107
1508
2325
2916
2102
1491
2288
2944
2112
1469
2297
2954
2116
1475
2320
2963
2090
1482
2336
2930
2095
1466
2253
2933
2116
1456
2298
2927
2105
1482
2269
2941
2141
1472
2289
2933
2104
1487
2293
2943
2115
1440
2267
2948
2107
1454
2288
2953
2108
1466
2313
2939
2110
1467
2244
2937
2139
1471
2293
2950
2123
1457
2283
2987
2136
1474
2305
2927
2092
1463
2273
2936
2117
1477
2291
2963
2113
1459
2303
2967
2072
1457
2302
2930
2127
1540
2307
2944
2143
1482
2285
2941
2100
1476
2307
2953
2140
1497
2296
2958
2113
1464
2300
2991
2106
1435
2335
2971
2102
1513
2323
2961
2143
1497
2299
2935
2091
1470
2342
2988
2105
1474
2317
2968
2147
1505
2294
2970
2118
1463
2319
2937
2093
1504
2324
2927
2119
1496
2309
2981
2130
1468
2301
2964
2110
1501
2333
2892
2089
1525
2299
2950
2135
1456
2291
2953
2124
1511
2333
2958
2130
1492
2306
2953
2126
1486
2321
2949
2131
1507
2306
2930
2136
1494
2283
2954
2116
1488
2306
2949
2104
1476
2300
2941
2122
1490
2325
2952
2109
1480
2309
2967
2118
1476
2313
2941
2107
1484
2327
2958
2089
1456
2278
2949
2121
1471
2299
2954
2100
1455
2305
2977
2125
1494
2307
2941
2084
1487
2323
2934
2088
1470
2303
2965
2124
1501
2318
2935
2075
1442
2292
2962
2135
1497
2287
2918
2127
1506
2279
2964
2149
1463
2286
2962
2112
1467
2310
2907
2078
1495
2318
2938
2114
1469
2278
2933
2118
1487
2294
2937
2089
1467
2302
2969
2122
1465
2297
2916
2094
1490
2267
2949
2137
1483
2306
2922
2113
1501
2311
2975
2128
1450
2277
2934
2088
1452
2297
2937
2128
1517
2271
2924
2142
1466
2245
2948
2153
1473
2312
2945
2109
1502
2257
2940
2128
1446
2280
2975
2118
1485
2313
2930
2125
1498
2272
2918
2134
1462
2249
2946
2120
1460
2288
2921
2101
1479
2309
2955
2102
1482
2313
2948
2114
1462
2262
2915
2139
1494
2304
2970
2129
1478
2288
2964
2138
1481
2323
2940
2098
1498
2345
2961
2092
1451
2287
2939
2117
1476
2333
2986
2123
1487
2317
2956
2133
1477
2276
2960
2132
1470
2278
2932
2071
1497
2340
2925
2074
1456
2305
2921
2105
1475
2247
2983
2138
1462
2287
2952
2127
1466
2322
2952
2107
1489
2301
2900
2092
1487
2275
2938
2106
1484
2347
2943
2087
1490
2306
2932
2099
1482
2309
2964
2127
1473
2273
2939
2124
1498
2310
2947
2125
1475
2281
2946
2137
1468
2305
2945
2105
1498
2305
2945
2110
1478
2276
2914
2102
1491
2338
2977
2094
1473
2301
2937
2123
1487
2295
2902
2094
1513
2315
2979
2126
1463
2294
2942
2103
1484
2324
2929
2077
1494
2293
2945
2102
1490
2328
2917
2072
1472
2321
2933
2114
1490
2279
2928
2120
1496
2292
2965
2104
1448
2326
2953
2090
1463
2291
2953
2094
1456
2309
2917
2095
1485
2306
2947
2113
1502
2321
2924
2099
1465
2290
2938
2107
1471
2323
2930
2105
1503
2299
2951
2108
1495
2301
2923
2111
1500
2303
2933
2120
1485
2261
2925
2155
1494
2253
2940
2107
1445
2294
2948
2097
1481
2304
2925
2100
1507
2331
2951
2105
1472
2266
2942
2119
1464
2320
2979
2099
1483
2322
2951
2121
1495
2302
2941
2146
1523
2306
2961
2125
1464
2298
2942
2106
1474
2297
2966
2130
1478
2290
2955
2154
1505
2281
2943
2136
1506
2340
2963
2114
1476
2308
2963
2130
1513
2320
2919
2116
1486
2283
2956
2139
1454
2273
2948
2125
1463
2290
2988
2117
1474
2333
2951
2114
1478
2308
2955
2116
1462
2319
2978
2113
1504
2309
2920
2107
1455
2343
2972
2083
1461
2287
2953
2099
1470
2340
2977
2122
1493
2331
2970
2114
1491
2298
2928
2078
1472
2328
2940
2101
1502
2333
2952
2105
1466
2287
2966
2119
1475
2328
2940
2119
1483
2270
2958
2173
1491
2310
2953
2122
1513
2314
2929
2098
1489
2315
2951
2143
1465
2266
2992
2144
1474
2322
2928
2096
1511
2321
2988
2139
1480
2305
2946
2134
1489
2310
2969
2115
1464
2300
2981
2129
1493
2296
2935
2143
1522
2326
2968
2106
1502
2311
2964
2144
1490
2277
2936
2136
1474
2282
2945
2118
1481
2278
2923
2138
1483
2314
2988
2110
1484
2334
2943
2084
1482
2327
2956
2092
1449
2287
2944
2149
1512
2289
2957
2131
1463
2324
2987
2148
1479
2302
2967
2123
1472
2336
2974
2098
1492
2331
2968
2134
1465
2275
2934
2099
1517
2319
2971
2132
1447
2295
2966
2111
1465
2300
2944
2101
1468
2331
2960
2107
1489
2298
2954
2123
1477
2323
2964
2115
1482
2266
2953
2156
1466
2295
2976
2099
1435
2289
2985
2114
1455
2275
2898
2066
1474
2305
2967
2123
1494
2315
2948
2079
1462
2311
2955
2111
1494
2323
2915
2116
1505
2287
2966
2152
1456
2307
2963
2103
1484
2302
2946
2098
1483
2331
2935
2092
1494
2309
2957
2125
1483
2292
2911
2098
1500
2322
2978
2106
1447
2309
2957
2125
1489
2294
2952
2110
1455
2332
2971
2099
1485
2305
2899
2099
1487
2281
2938
2117
1455
2279
2950
2124
1510
2334
2931
2095
1471
2280
2965
2111
1465
2308
2961
2131
1504
2289
2925
2132
1503
2274
2942
2116
1479
2280
2943
2130
1455
2316
2964
2106
1488
2293
2938
2101
1490
2339
2937
2104
1497
2288
2942
2126
1461
2280
2930
2096
1476
2329
2952
2149
1506
2269
2918
2123
1508
2291
2958
2129
1473
2296
2959
2124
1478
2285
2909
2080
1467
2312
2992
2125
1452
2287
2933
2137
1507
2289
2920
2091
1473
2291
2972
2140
1492
2332
2943
2110
1472
2297
2965
2140
1495
2299
2927
2128
1517
2305
2974
2141
1436
2288
2960
2092
1472
2295
2931
2121
1483
2303
2978
2154
1484
2279
2958
2123
1482
2332
2956
2098
1473
2298
2979
2133
1507
2322
2953
2115
1471
2281
2964
2147
1473
2289
2954
2101
1494
2341
2953
2102
1487
2294
2937
2136
1473
2277
2943
2109
1459
2304
2980
2112
1473
2307
2939
2099
1487
2327
2956
2107
1463
2275
2950
2132
1511
2318
2943
2144
1469
2297
3002
2134
1489
2316
2951
2134
1492
2311
2964
2140
1478
2296
2977
2141
1478
2292
2969
2110
1480
2344
2947
2101
1488
2285
2939
2138
1496
2307
2981
2147
1465
2266
2967
2132
1468
2313
2957
2111
1456
2311
2977
2114
1488
2324
2942
2119
1510
2296
2935
2102
1474
2318
2976
2120
1491
2327
2964
2101
1487
2334
2951
2090
1477
2292
2920
2119
1495
2294
2914
2077
1458
2270
2960
2126
1464
2325
2968
2084
1471
2315
2954
2128
1463
2253
2934
2140
1480
2288
2965
2143
1522
2319
2942
2116
1505
2289
2903
2096
1493
2328
2972
2135
1481
2280
2964
2138
1458
2312
2945
2105
1486
2301
2965
2131
1489
2320
2957
2108
1468
2319
2991
2138
1491
2298
2933
2111
1490
2305
2962
2128
1506
2305
2932
2114
1476
2279
2954
2113
1464
2299
2956
2151
1476
2278
2941
2119
1489
2310
2948
2119
1491
2273
2948
2162
1472
2303
2943
2068
1470
2328
2986
2109
1490
2311
2945
2133
1499
2317
2961
2129
1476
2292
2948
2112
1501
2300
2923
2121
1477
2320
3003
2148
1519
2316
2941
2136
1491
2316
2951
2110
1453
2299
2984
2119
1486
2321
2952
2098
1452
2317
2979
2135
1471
2308
2948
2114
1509
2315
2933
2117
1511
2302
2940
2152
1512
2292
2958
2108
1461
2303
2956
2125
1493
2284
2899
2102
1464
2292
2950
2133
1492
2289
2934
2110
1502
2319
2934
2103
1507
2319
2956
2127
1475
2296
2943
2136
1479
2296
2966
2111
1458
2279
2957
2132
1487
2310
2933
2113
1500
2330
2978
2097
1468
2294
2953
2127
1486
2329
2930
2090
1489
2272
2946
2124
1472
2309
2952
2079
1452
2301
2968
2140
1507
2298
2926
2091
1485
2301
2949
2130
1487
2292
2963
2133
1489
2295
2962
2117
1458
2294
2953
2088
1463
2327
2965
2064
1472
2340
2917
2093
1513
2298
2933
2140
1502
2306
2933
2101
1481
2290
2963
2129
1473
2285
2929
2118
1485
2313
2955
2135
1482
2284
2942
2124
1525
2297
2938
2115
1497
2323
2947
2125
1476
2267
2942
2136
1497
2281
2932
2127
1481
2280
2980
2131
1481
2337
2957
2104
1500
2304
2934
2128
1498
2286
2933
2141
1499
2312
2955
2102
1482
2325
2940
2111
1504
2281
2937
2113
1480
2315
2951
2120
1504
2299
2920
2072
1483
2329
2939
2079
1448
2295
2981
2102
1455
2331
2964
2079
1449
2303
2959
2109
1468
2313
2921
2080
1519
2307
2949
2119
1445
2297
2942
2125
1493
2304
2931
2097
1480
2299
2949
2121
1485
2294
2931
2104
1497
2338
2941
2108
1490
2300
2953
2148
1499
2287
2931
2119
1462
2263
2951
2101
1431
2283
2932
2074
1456
2281
2959
2118
1487
2316
2931
2115
1503
2300
2935
2099
1460
2316
2952
2124
1509
2295
2951
2148
1466
2270
2958
2128
1465
2315
2969
2102
1479
2324
2933
2084
1462
2291
2961
2123
1471
2292
2938
2119
1502
2335
2967
2140
1472
2313
2955
2144
1533
2314
2952
2133
1471
2301
2938
2122
1493
2271
2928
2103
1457
2300
2949
2096
1459
2275
2990
2162
1484
2280
2942
2106
1439
2303
2958
2101
1498
2292
2936
2135
1494
2315
2945
2086
1459
2313
2949
2091
1489
2312
2922
2117
1466
2273
2943
2136
1513
2270
2949
2184
1496
2289
2967
2120
1445
2283
2956
2132
1480
2307
2979
2098
1472
2302
2953
2137
1490
2293
2934
2135
1476
2279
2993
2142
1449
2262
2937
2117
1470
2315
2960
2127
1499
2306
2974
2129
1469
2254
2948
2150
1506
2342
2938
2156
1519
2269
2974
2139
1482
2355
2954
2105
1476
2320
2928
2088
1475
2272
2957
2127
1483
2319
2985
2132
1474
2303
2914
2117
1497
2295
2948
2109
1469
2303
2966
2115
1462
2299
2923
2092
1505
2330
2974
2143
1485
2292
2975
2137
1482
2331
2928
2069
1489
2307
2944
2143
1482
2267
2933
2075
1450
2317
2964
2097
1467
2297
2941
2118
1491
2309
2953
2108
1479
2312
2928
2101
1466
2300
2959
2138
1472
2301
2982
2110
1452
2284
2958
2118
1484
2297
2929
2110
1448
2263
2947
2098
1484
2304
2922
2143
1523
2304
2967
2135
1434
2280
2955
2095
1458
2314
2985
2119
1459
2300
2943
2104
1498
2338
2959
2125
1508
2322
2943
2105
1461
2282
2958
2127
1487
2323
2953
2094
1474
2279
2925
2138
1528
2298
2948
2154
1494
2277
2961
2106
1465
2302
2945
2108
1463
2306
2959
2106
1493
2335
2980
2145
1481
2279
2953
2141
1451
2319
2968
2101
1484
2266
2944
2145
1465
2311
2929
2109
1504
2304
2961
2117
1501
2296
2907
2104
1480
2278
2945
2090
1462
2320
2953
2115
1472
2267
2944
2153
1457
2287
2966
2116
1467
2290
2948
2100
1491
2332
2937
2100
1458
2277
2948
2134
1480
2293
2936
2102
1495
2290
2942
2122
1479
2321
2966
2140
1502
2301
2993
2130
1486
2268
2923
2152
1501
2304
2986
2122
1468
2336
2983
2117
1495
2303
2924
2127
1500
2292
2959
2148
1463
2269
2949
2119
1478
2320
2949
2120
1464
2308
2958
2123
1496
2300
2913
2130
1519
2312
2991
2147
1451
2302
2955
2127
1515
2302
2965
2130
1464
2289
2956
2145
1485
2285
2971
2141
1498
2342
2972
2090
1461
2301
2956
2131
1490
2306
2963
2133
1466
2301
2948
2130
1502
2278
2909
2120
1460
2269
2979
2132
1452
2309
2954
2067
1459
2286
2897
2094
1514
2330
2921
2099
1506
2294
2930
2118
1474
2287
2938
2094
1482
2285
2952
2147
1508
2324
2944
2143
1466
2258
2960
2126
1460
2273
2943
2104
1490
2318
2972
2115
1442
2270
2931
2114
1480
2292
2955
2129
1475
2283
2955
2117
1481
2297
2945
2128
1492
2321
2959
2106
1475
2286
2953
2127
1484
2317
2914
2087
1475
2309
2964
2142
1482
2290
2952
2108
1480
2335
2959
2098
1479
2300
2902
2114
1488
2309
2945
2083
1490
2311
2943
2095
1467
2296
2963
2115
1446
2330
2951
2102
1485
2305
2971
2130
1475
2307
2942
2088
1462
2303
2946
2126
1511
2298
2911
2064
1473
2323
2957
2101
1494
2282
2915
2124
1510
2316
2956
2104
1465
2298
2962
2148
1484
2300
2960
2118
1469
2322
2949
2112
1492
2320
2961
2123
1486
2296
2956
2124
1499
2281
2936
2129
1468
2304
2944
2091
1475
2295
2952
2124
1485
2271
2936
2128
1490
2298
2957
2110
1481
2288
2946
2122
1484
2276
2975
2144
1450
2323
2958
2124
1486
2265
2933
2136
1492
2301
2958
2110
1462
2309
2983
2102
1479
2299
2911
2103
1510
2322
2947
2133
1512
2304
2957
2141
1492
2321
2959
2107
1484
2309
2964
2120
1481
2278
2915
2090
1476
2313
2933
2099
1466
2299
2940
2132
1507
2297
2891
2109
1488
2285
2992
2137
1446
2305
2958
2097
1462
2282
2948
2113
1445
2293
2966
2124
1474
2309
2943
2101
1488
2286
2938
2128
1493
2259
2918
2128
1459
2323
2971
2105
1496
2276
2940
2125
1482
2330
2949
2113
1469
2303
2986
2122
1465
2279
2923
2128
1500
2338
2958
2131
1511
2284
2948
2155
1495
2274
2928
2139
1496
2297
2990
2135
1470
2304
2917
2096
1487
2297
2941
2128
1456
2273
2978
2121
1467
2328
2950
2127
1494
2298
2953
2144
1476
2277
2954
2131
1474
2312
2978
2084
1436
2314
2937
2121
1529
2319
2942
2098
1481
2291
2935
2154
1487
2281
2933
2129
1483
2286
2971
2139
1471
2279
2942
2118
1467
2308
2935
2074
1515
2322
2951
2123
1466
2279
2930
2158
1515
2289
2979
2127
1449
2281
2973
2150
1488
2293
2961
2142
1473
2313
2969
2098
1478
2300
2966
2117
1474
2317
2946
2131
1503
2295
2967
2133
1508
2317
2930
2115
1472
2300
2971
2123
1462
2278
2931
2123
1493
2286
2987
2144
1474
2289
2954
2157
1507
2334
2991
2127
1479
2309
2935
2129
1506
2300
2945
2161
1498
2345
3019
2099
1419
2317
2994
2117
1504
2327
2922
2089
1505
2289
2946
2142
1478
2273
2925
2127
1513
2296
2969
2114
1449
2290
2949
2108
1475
2293
2962
2149
1465
2278
2962
2121
1468
2293
2968
2124
1489
2312
2941
2084
1485
2313
2987
2127
1476
2341
2934
2108
1498
2277
2959
2155
1509
2299
2943
2138
1491
2308
2961
2135
1456
2288
2950
2134
1486
2290
2941
2099
1485
2330
2959
2135
1500
2281
2932
2135
1477
2290
2959
2101
1446
2281
2957
2122
1486
2320
2928
2117
1517
2308
2978
2151
1504
2281
2927
2162
1505
2270
2978
2158
1448
2281
2968
2128
1460
2319
3004
2096
1478
2320
2951
2111
1460
2282
2954
2130
1486
2335
2971
2129
1496
2309
2983
2138
1456
2295
2946
2118
1482
2287
2966
2131
1456
2287
2973
2140
1479
2293
2977
2153
1475
2295
2963
2114
1466
2295
2950
2068
1452
2304
2900
2118
1500
2273
2956
2168
1515
2302
2987
2130
1447
2272
2926
2129
1493
2293
2942
2112
1457
2236
2957
2124
1457
2291
2934
2123
1508
2312
2955
2115
1462
2283
2966
2127
1497
2324
2962
2099
1456
2345
2955
2102
1505
2298
2931
2106
1491
2309
2935
2092
1494
2341
2933
2120
1524
2301
2922
2113
1494
2292
2950
2116
1451
2298
2936
2090
1468
2296
2931
2095
1475
2276
2915
2103
1488
2313
2925
2090
1462
2290
2953
2100
1481
2273
2896
2102
1502
2324
2950
2111
1482
2255
2948
2165
1447
2308
2984
2103
1471
2300
2940
2144
1481
2285
2938
2113
1495
2295
2960
2111
1457
2278
2949
2109
1450
2303
2955
2101
1477
2305
2942
2102
1496
2268
2922
2138
1492
2295
2932
2086
1480
2276
2940
2137
1491
2296
2960
2136
1456
2290
2959
2100
1485
2297
2939
2118
1472
2297
2960
2108
1481
2313
2910
2128
1517
2315
2954
2106
1476
2282
2925
2124
1477
2286
2971
2102
1438
2324
2986
2111
1454
2282
2946
2124
1481
2298
2949
2127
1465
2283
2963
2117
1470
2317
2917
2097
1511
2299
2930
2080
1441
2293
2936
2080
1481
2329
2946
2117
1524
2309
2932
2137
1509
2293
2926
2118
1494
2312
2925
2092
1466
2268
2966
2145
1465
2319
2968
2095
1466
2292
2931
2109
1483
2293
2949
2115
1471
2296
2967
2126
1465
2315
2937
2094
1511
2318
2954
2128
1468
2298
2934
2087
1473
2309
2970
2108
1474
2313
2946
2136
1495
2282
2960
2131
1479
2342
2982
2096
1486
2326
2921
2094
1487
2282
2932
2144
1470
2279
2995
2113
1441
2312
2953
2087
1483
2341
2936
2100
1496
2277
2913
2107
1466
2257
2938
2142
1489
2351
2977
2099
1465
2273
2945
2109
1466
2304
2938
2110
1490
2325
2963
2132
1482
2264
2951
2126
1451
2291
2978
2110
1444
2316
2967
2091
1482
2288
2940
2114
1486
2281
2923
2155
1509
2275
2944
2135
1495
2338
2975
2075
1436
2290
2944
2094
1465
2323
2954
2086
1475
2289
2931
2127
1497
2294
2943
2125
1496
2296
2965
2129
1432
2261
2957
2151
1494
2302
2985
2143
1460
2327
2991
2104
1485
2297
2925
2119
1509
2299
2924
2121
1469
2284
2971
2125
1482
2336
2956
2080
1492
2288
2947
2153
1503
2286
2923
2086
1472
2310
2968
2082
1467
2326
2940
2088
1454
2288
2924
2102
1470
2301
2934
2091
1499
2300
2937
2125
1500
2307
2943
2146
1447
2274
2964
2091
1477
2325
2967
2110
1467
2293
2949
2130
1478
2309
2944
2090
1506
2300
2942
2105
1476
2315
2945
2158
1529
2324
2949
2119
1471
2300
2971
2113
1437
2266
2942
2097
1457
2340
2938
2110
1482
2245
2949
2141
1470
2297
2943
2116
1486
2293
2955
2121
1458
2299
2952
2096
1492
2299
2957
2126
1470
2287
2939
2121
1485
2320
2933
2075
1463
2298
2909
2082
1514
2293
2894
2102
1517
2305
2950
2133
1457
2271
2962
2130
1476
2319
2947
2129
1482
2265
2937
2152
1485
2237
2909
2126
1490
2278
2988
2151
1457
2288
2940
2118
1476
2270
2923
2102
1476
2283
2959
2134
1452
2260
2939
2145
1481
2307
2939
2112
1478
2279
2955
2145
1490
2308
2941
2119
1490
2303
2979
2148
1474
2253
2905
2114
1470
2291
2989
2101
1450
2278
2909
2086
1465
2300
2933
2108
1492
2317
2939
2112
1490
2282
2937
2130
1475
2276
2934
2125
1468
2286
2967
2137
1497
2306
2925
2091
1458
2262
2946
2143
1493
2311
2922
2106
1485
2289
2941
2105
1481
2266
2900
2127
1489
2290
2938
2083
1453
2273
2929
2127
1498
2256
2885
2138
1483
2269
2946
2128
1456
2232
2931
2132
1458
2280
2936
2100
1467
2293
2963
2100
1481
2297
2944
2124
1479
2293
2947
2109
1451
2285
2939
2140
1492
2301
2947
2124
1469
2306
2922
2096
1525
2300
2925
2140
1473
2267
2980
2146
1448
2294
2968
2116
1489
2287
2952
2099
1464
2325
2967
2111
1492
2285
2900
2124
1490
2269
2949
2120
1446
2275
2919
2128
1498
2255
2940
2133
1454
