2411
2429
2389
2390
2395
2386
2368
2377
2421
2425
2386
2367
2406
2404
2347
2403
2461
2382
2387
2411
2353
2403
2469
2393
2363
2419
2403
2377
2393
2408
2393
2348
2342
2435
2435
2338
2417
2458
2324
2347
2432
2408
2396
2413
2422
2411
2373
2389
2426
2383
2389
2446
2418
2356
2377
2395
2419
2417
2379
2375
2422
2445
2389
2398
2423
2394
2361
2397
2442
2397
2389
2433
2409
2389
2364
2352
2406
2412
2394
2422
2434
2421
2406
2371
2359
2433
2435
2379
2400
2407
2409
2422
2378
2363
2439
2432
2398
2418
2437
2452
2403
2335
2370
2431
2398
2367
2392
2372
2358
2427
2420
2332
2379
2428
2335
2357
2482
2457
2359
2351
2394
2420
2406
2381
2402
2423
2360
2362
2407
2388
2410
2434
2381
2374
2395
2418
2423
2401
2426
2488
2404
2344
2425
2420
2368
2429
2445
2383
2357
2433
2470
2409
2392
2407
2395
2372
2385
2417
2381
2384
2417
2407
2426
2428
2386
2359
2383
2421
2391
2365
2371
2402
2446
2406
2369
2443
2450
2420
2397
2326
2365
2434
2357
2355
2411
2360
2371
2438
2415
2380
2370
2373
2398
2405
2348
2350
2423
2398
2372
2387
2395
2365
2359
2396
2402
2382
2384
2411
2420
2401
2380
2391
2398
2373
2419
2435
2388
2373
2381
2413
2419
2383
2369
2392
2419
2432
2412
2442
2425
2362
2382
2399
2302
2365
2470
2435
2378
2413
2401
2365
2385
2387
2389
2401
2367
2402
2419
2384
2410
2419
2364
2396
2432
2351
2346
2425
2398
2353
2375
2354
2358
2463
2412
2341
2408
2420
2390
2392
2421
2433
2428
2402
2388
2426
2398
2345
2399
2421
2371
2392
2409
2392
2384
2404
2414
2437
2435
2405
2379
2360
2365
2405
2426
2370
2384
2442
2380
2361
2441
2449
2407
2396
2390
2389
2385
2379
2413
2386
2352
2438
2442
2380
2420
2414
2369
2408
2414
2418
2450
2395
2364
2460
2418
2319
2395
2442
2354
2377
2436
2431
2448
2420
2358
2410
2423
2373
2363
2395
2420
2425
2411
2404
2414
2402
2367
2352
2369
2403
2396
2376
2369
2384
2382
2389
2410
2434
2399
2409
2455
2396
2359
2451
2453
2420
2428
2410
2391
2446
2410
2329
2413
2478
2389
2363
2449
2453
2372
2361
2426
2409
2345
2416
2482
2418
2384
2400
2376
2368
2391
2389
2379
2413
2391
2345
2427
2458
2381
2384
2433
2397
2371
2410
2409
2427
2431
2358
2385
2464
2399
2362
2407
2425
2371
2357
2382
2407
2392
2354
2427
2467
2390
2362
2411
2408
2371
2383
2406
2439
2404
2355
2380
2373
2346
2389
2401
2384
2413
2423
2406
2413
2399
2440
2428
2384
2402
2390
2403
2462
2414
2377
2411
2377
2343
2404
2349
2352
2437
2400
2372
2405
2383
2394
2389
2363
2365
2394
2436
2408
2354
2412
2465
2412
2421
2453
2423
2466
2423
2290
2362
2448
2330
2293
2416
2411
2337
2419
2468
2382
2417
2453
2367
2405
2461
2379
2393
2480
2426
2409
2451
2443
2405
2390
2399
2452
2433
2361
2414
2455
2388
2386
2426
2394
2366
2413
2457
2414
2340
2349
2449
2417
2340
2420
2474
2388
2341
2412
2398
2398
2415
2376
2410
2454
2415
2361
2397
2468
2436
2385
2384
2389
2433
2426
2408
2468
2435
2382
2430
2379
2319
2426
2458
2380
2426
2445
2389
2428
2491
2441
2403
2405
2382
2366
2387
2430
2413
2392
2381
2403
2435
2386
2386
2368
2358
2398
2352
2358
2437
2420
2353
2384
2436
2396
2367
2416
2399
2382
2416
2413
2380
2384
2435
2433
2368
2380
2431
2405
2420
2454
2398
2376
2377
2397
2386
2398
2422
2377
2379
2462
2428
2351
2370
2398
2400
2431
2406
2369
2368
2351
2360
2410
2394
2406
2444
2357
2330
2446
2401
2330
2409
2459
2375
2376
2429
2443
2408
2372
2390
2381
2347
2413
2412
2358
2387
2365
2378
2455
2430
2411
2411
2404
2395
2394
2425
2447
2387
2347
2422
2456
2386
2336
2393
2408
2391
2422
2403
2416
2421
2381
2395
2440
2397
2384
2443
2445
2404
2390
2408
2429
2381
2387
2444
2401
2379
2430
2432
2388
2395
2398
2380
2420
2415
2362
2370
2440
2418
2344
2367
2424
2379
2354
2415
2404
2321
2378
2450
2420
2354
2393
2431
2390
2366
2397
2375
2370
2432
2400
2366
2418
2441
2405
2391
2414
2398
2390
2414
2392
2381
2363
2385
2440
2414
2386
2389
2350
2401
2430
2381
2434
2439
2340
2395
2483
2416
2351
2382
2381
2387
2386
2398
2391
2393
2433
2441
2419
2410
2374
2332
2404
2449
2380
2360
2412
2456
2408
2352
2404
2433
2366
2369
2421
2444
2420
2376
2409
2421
2358
2373
2427
2423
2387
2404
2374
2344
2418
2440
2365
2362
2395
2387
2350
2340
2397
2419
2378
2387
2413
2396
2396
2387
2426
2425
2386
2400
2421
2388
2364
2365
2406
2377
2379
2419
2394
2402
2399
2369
2367
2390
2406
2407
2405
2408
2390
2379
2416
2390
2398
2433
2375
2379
2439
2384
2363
2402
2403
2378
2407
2424
2398
2376
2423
2426
2390
2401
2401
2375
2360
2366
2391
2424
2387
2373
2410
2420
2354
2342
2402
2421
2429
2456
2420
2390
2428
2401
2422
2449
2314
2347
2497
2364
2293
2450
2451
2353
2417
2456
2373
2392
2424
2310
2336
2449
2424
2386
2456
2465
2363
2357
2415
2417
2359
2363
2421
2438
2383
2372
2450
2363
2321
2436
2418
2326
2373
2445
2421
2370
2404
2415
2395
2408
2413
2409
2417
2366
2383
2431
2394
2405
2422
2371
2371
2402
2390
2359
2363
2399
2425
2362
2386
2428
2376
2427
2461
2363
2358
2425
2448
2432
2418
2428
2432
2363
2352
2439
2434
2372
2391
2426
2398
2372
2392
2420
2449
2392
2365
2430
2422
2361
2381
2434
2417
2358
2361
2404
2439
2434
2403
2395
2412
2393
2345
2371
2445
2417
2340
2362
2413
2393
2360
2379
2397
2383
2371
2442
2472
2363
2394
2445
2346
2346
2443
2401
2354
2377
2399
2419
2414
2425
2448
2394
2350
2374
2380
2355
2388
2416
2381
2356
2392
2392
2383
2426
2420
2366
2396
2394
2349
2421
2439
2343
2381
2440
2387
2380
2436
2385
2345
2374
2428
2402
2396
2456
2435
2375
2406
2405
2394
2441
2450
2423
2422
2411
2368
2396
2432
2404
2389
2428
2419
2397
2423
2427
2408
2404
2422
2426
2429
2431
2395
2378
2389
2425
2417
2379
2428
2470
2421
2396
2420
2393
2409
2459
2428
2403
2442
2399
2348
2402
2403
2388
2455
2403
2339
2394
2387
2326
2365
2394
2360
2378
2419
2405
2382
2394
2396
2363
2401
2384
2341
2419
2407
2327
2412
2404
2338
2438
2454
2335
2401
2495
2384
2357
2456
2377
2316
2436
2445
2364
2393
2426
2396
2423
2438
2411
2414
2407
2418
2416
2412
2384
2377
2424
2421
2397
2381
2396
2400
2398
2420
2420
2421
2432
2388
2379
2401
2385
2371
2420
2413
2383
2409
2401
2383
2389
2343
2359
2420
2397
2387
2410
2384
2391
2433
2428
2381
2382
2422
2408
2369
2389
2424
2409
2364
2350
2453
2429
2310
2378
2424
2365
2415
2472
2381
2365
2475
2440
2377
2409
2411
2417
2422
2367
2383
2436
2385
2348
2438
2464
2411
2427
2390
2365
2426
2458
2403
2361
2434
2419
2350
2364
2383
2418
2428
2412
2412
2401
2426
2411
2349
2370
2414
2389
2405
2432
2421
2405
2445
2413
2356
2410
2466
2386
2361
2426
2412
2370
2381
2431
2453
2383
2381
2455
2404
2396
2441
2367
2351
2400
2406
2404
2392
2368
2372
2409
2369
2372
2453
2418
2347
2392
2426
2379
2407
2409
2370
2417
2433
2384
2379
2368
2357
2391
2415
2405
2456
2475
2370
2351
2450
2407
2335
2428
2447
2308
2367
2475
2397
2375
2416
2382
2376
2423
2428
2381
2376
2398
2430
2421
2401
2409
2422
2441
2392
2330
2408
2422
2346
2400
2413
2339
2412
2404
2321
2422
2470
2375
2402
2441
2350
2350
2435
2396
2385
2429
2412
2375
2374
2386
2404
2397
2373
2404
2439
2391
2379
2404
2414
2439
2396
2363
2448
2411
2334
2405
2411
2320
2306
2380
2435
2401
2325
2382
2475
2404
2388
2414
2364
2378
2432
2383
2409
2421
2378
2440
2420
2336
2392
2474
2454
2432
2428
2375
2412
2444
2353
2318
2410
2430
2367
2426
2433
2377
2413
2419
2386
2417
2424
2379
2417
2447
2391
2383
2370
2377
2420
2390
2366
2382
2395
2412
2438
2375
2318
2379
2423
2398
2406
2389
2367
2413
2421
2381
2399
2419
2406
2392
2401
2396
2402
2384
2391
2443
2423
2400
2434
2421
2392
2371
2367
2426
2446
2349
2386
2464
2385
2342
2403
2428
2368
2339
2393
2411
2349
2363
2459
2423
2347
2410
2463
2412
2377
2378
2396
2410
2375
2376
2439
2405
2386
2389
2384
2389
2404
2413
2418
2363
2394
2446
2387
2330
2376
2387
2387
2398
2378
2400
2454
2415
2359
2409
2424
2377
2417
2435
2371
2360
2402
2384
2338
2387
2424
2407
2400
2410
2408
2391
2410
2416
2402
2397
2381
2392
2431
2382
2331
2390
2394
2340
2377
2392
2406
2439
2412
2410
2421
2367
2398
2460
2411
2366
2398
2398
2386
2357
2408
2490
2428
2330
2395
2421
2350
2364
2435
2416
2375
2376
2427
2400
2312
2329
2408
2429
2378
2330
2392
2435
2361
2340
2426
2438
2384
2359
2428
2442
2381
2396
2394
2405
2438
2409
2372
2381
2404
2401
2394
2430
2420
2316
2352
2458
2360
2327
2418
2399
2371
2398
2366
2370
2425
2376
2325
2378
2396
2391
2457
2424
2404
2440
2408
2382
2401
2371
2396
2432
2380
2404
2436
2372
2392
2455
2385
2344
2395
2443
2428
2386
2394
2432
2469
2376
2349
2438
2417
2386
2434
2417
2397
2431
2422
2380
2373
2386
2391
2406
2391
2334
2397
2421
2355
2342
2381
2392
2420
2411
2353
2386
2445
2366
2335
2429
2438
2415
2439
2431
2380
2382
2424
2413
2413
2415
2397
2383
2407
2442
2398
2378
2409
2385
2363
2375
2406
2396
2403
2455
2431
2363
2382
2396
2358
2386
2449
2440
2426
2374
2365
2444
2451
2353
2340
2388
2401
2397
2398
2427
2434
2366
2359
2406
2372
2323
2392
2405
2373
2419
2425
2362
2362
2401
2401
2396
2391
2386
2415
2384
2343
2412
2432
2388
2414
2421
2384
2388
2397
2381
2432
2429
2358
2364
2423
2438
2447
2392
2342
2375
2412
2423
2384
2371
2455
2409
2358
2397
2390
2363
2371
2353
2381
2459
2414
2379
2425
2381
2388
2432
2404
2396
2470
2454
2373
2422
2474
2377
2388
2459
2390
2329
2401
2415
2388
2408
2431
2384
2404
2411
2382
2420
2394
2304
2402
2437
2340
2376
2444
2415
2432
2426
2368
2391
2420
2354
2349
2431
2450
2373
2392
2407
2379
2401
2439
2390
2338
2390
2415
2383
2405
2378
2381
2415
2373
2373
2447
2422
2356
2363
2383
2396
2387
2402
2446
2420
2378
2429
2457
2358
2368
2431
2382
2357
2434
2432
2433
2429
2366
2397
2431
2350
2400
2443
2378
2370
2406
2417
2402
2375
2407
2421
2350
2362
2418
2357
2352
2383
2398
2444
2441
2352
2355
2429
2393
2334
2408
2417
2371
2404
2408
2369
2436
2471
2404
2407
2424
2385
2399
2377
2371
2421
2382
2357
2429
2432
2369
2388
2408
2391
2389
2369
2405
2450
2398
2378
2416
2388
2359
2406
2424
2378
2385
2383
2351
2350
2384
2429
2460
2448
2418
2442
2418
2377
2402
2385
2357
2410
2418
2402
2438
2410
2358
2376
2405
2411
2380
2379
2391
2387
2402
2373
2389
2427
2389
2373
2395
2403
2410
2400
2401
2364
2374
2450
2422
2365
2415
2411
2327
2360
2436
2358
2352
2435
2402
2355
2441
2421
2355
2403
2410
2378
2400
2405
2375
2357
2419
2490
2448
2396
2414
2412
2362
2378
2420
2426
2408
2338
2378
2440
2386
2363
2427
2389
2358
2393
2398
2403
2402
2375
2407
2449
2412
2383
2426
2416
2353
2389
2419
2382
2376
2392
2398
2389
2381
2383
2394
2420
2430
2414
2379
2386
2401
2412
2426
2379
2389
2440
2382
2376
2436
2384
2356
2413
2386
2395
2444
2406
2385
2409
2416
2410
2424
2414
2418
2449
2399
2369
2417
2421
2370
2357
2395
2438
2435
2385
2356
2410
2423
2338
2347
2439
2427
2393
2376
2364
2389
2419
2393
2390
2420
2412
2392
2424
2417
2371
2422
2424
2352
2393
2437
2350
2381
2473
2429
2392
2396
2382
2392
2376
2382
2394
2383
2398
2396
2397
2424
2420
2406
2443
2455
2433
2398
2356
2407
2417
2385
2395
2397
2403
2405
2396
2388
2400
2387
2376
2400
2391
2401
2405
2360
2386
2421
2404
2373
2381
2403
2393
2407
2439
2431
2404
2407
2402
2402
2435
2426
2338
2365
2420
2410
2435
2417
2374
2411
2432
2374
2385
2426
2408
2398
2416
2409
2415
2412
2375
2413
2440
2398
2400
2409
2375
2384
2431
2398
2379
2375
2354
2411
2441
2426
2439
2383
2377
2440
2409
2380
2408
2413
2395
2401
2458
2428
2361
2383
2393
2392
2388
2402
2424
2399
2382
2415
2424
2400
2383
2392
2409
2403
2395
2410
2435
2392
2347
2410
2412
2357
2402
2488
2437
2351
2399
2471
2440
2397
2411
2421
2384
2367
2408
2452
2428
2367
2369
2424
2419
2433
2404
2401
2457
2428
2341
2368
2399
2412
2402
2382
2356
2363
2415
2407
2369
2380
2373
2346
2371
2381
2362
2412
2454
2418
2399
2444
2393
2347
2413
2381
2353
2427
2386
2349
2430
2442
2393
2379
2381
2394
2431
2424
2403
2438
2453
2403
2374
2380
2380
2394
2389
2374
2408
2435
2365
2350
2420
2427
2407
2414
2393
2362
2364
2379
2363
2381
2416
2408
2385
2423
2425
2346
2384
2432
2362
2345
2391
2358
2356
2428
2422
2379
2430
2437
2399
2383
2377
2386
2375
2388
2421
2420
2389
2410
2394
2384
2463
2412
2340
2421
2419
2364
2400
2409
2362
2413
2462
2386
2386
2444
2348
2355
2466
2412
2347
2416
2410
2385
2407
2393
2404
2426
2359
2348
2398
2406
2395
2407
2438
2445
2402
2381
2391
2416
2403
2403
2406
2385
2381
2380
2392
2407
2366
2408
2439
2349
2370
2426
2371
2390
2444
2425
2373
2382
2441
2418
2351
2375
2455
2430
2377
2410
2420
2376
2360
2383
2389
2411
2404
2401
2443
2406
2390
2429
2391
2380
2426
2422
2374
2359
2426
2428
2380
2389
2417
2409
2374
2377
2445
2446
2408
2422
2422
2393
2416
2407
2400
2405
2372
2416
2430
2333
2406
2493
2404
2392
2436
2411
2378
2323
2365
2469
2428
2364
2436
2413
2339
2400
2427
2381
2366
2409
2461
2398
2340
2388
2414
2417
2448
2414
2369
2408
2405
2396
2408
2363
2381
2416
2382
2386
2384
2383
2414
2445
2404
2361
2372
2424
2414
2396
2424
2394
2415
2473
2398
2399
2433
2404
2380
2367
2407
2437
2363
2388
2440
2352
2345
2404
2396
2397
2385
2420
2427
2380
2423
2430
2411
2406
2361
2395
2466
2371
2343
2464
2436
2326
2391
2431
2384
2398
2468
2480
2395
2340
2398
2428
2370
2354
2376
2386
2421
2416
2388
2405
2411
2386
2373
2416
2448
2394
2374
2443
2425
2386
2432
2439
2405
2428
2397
2357
2406
2413
2352
2419
2472
2345
2366
2470
2383
2333
2459
2458
2372
2389
2380
2358
2405
2379
2353
2420
2424
2380
2405
2396
2359
2390
2417
2413
2400
2396
2439
2448
2416
2370
2377
2395
2376
2391
2407
2388
2383
2416
2423
2386
2381
2394
2398
2382
2418
2426
2383
2409
2437
2422
2448
2426
2389
2393
2389
2408
2438
2369
2330
2419
2399
2385
2445
2446
2411
2399
2429
2423
2398
2401
2404
2396
2372
2365
2385
2398
2369
2420
2449
2379
2361
2394
2406
2385
2374
2422
2421
2370
2361
2392
2439
2425
2365
2393
2432
2400
2379
2411
2413
2383
2411
2417
2394
2381
2378
2390
2386
2402
2418
2406
2432
2444
2367
2366
2395
2367
2410
2431
2333
2386
2418
2331
2425
2466
2360
2422
2455
2381
2431
2469
2367
2365
2396
2365
2383
2372
2393
2434
2375
2368
2428
2389
2409
2449
2403
2405
2447
2410
2420
2419
2363
2406
2441
2392
2352
2410
2428
2395
2371
2363
2404
2464
2427
2414
2400
2361
2442
2444
2372
2428
2469
2411
2409
2418
2378
2395
2433
2391
2335
2384
2426
2400
2390
2396
2394
2411
2421
2377
2399
2434
2363
2351
2416
2445
2417
2408
2406
2398
2369
2359
2367
2351
2372
2453
2420
2357
2419
2418
2358
2392
2397
2380
2472
2399
2305
2457
2498
2319
2353
2493
2417
2368
2413
2388
2358
2393
2364
2368
2405
2379
2402
2402
2370
2423
2433
2402
2401
2395
2392
2406
2394
2353
2379
2421
2394
2356
2389
2446
2459
2413
2324
2386
2449
2390
2326
2380
2453
2402
2375
2427
2356
2348
2436
2419
2372
2402
2410
2419
2449
2381
2322
2398
2418
2368
2428
2425
2371
2418
2411
2383
2451
2467
2390
2405
2428
2419
2389
2360
2368
2420
2418
2394
2425
2435
2412
2411
2394
2405
2450
2404
2366
2420
2405
2371
2389
2394
2416
2423
2373
2393
2414
2366
2372
2418
2389
2388
2422
2389
2368
2432
2418
2340
2392
2463
2399
2357
2416
2415
2373
2375
2387
2403
2418
2417
2375
2381
2415
2391
2380
2429
2416
2355
2357
2432
2439
2393
2419
2426
2375
2399
2384
2359
2426
2440
2361
2377
2435
2426
2428
2408
2376
2418
2416
2371
2368
2379
2395
2421
2375
2376
2428
2404
2379
2374
2406
2408
2324
2362
2457
2398
2347
2400
2428
2434
2391
2354
2426
2429
2345
2358
2431
2428
2349
2363
2431
2407
2371
2423
2446
2386
2338
2413
2439
2384
2384
2390
2382
2369
2392
2434
2417
2410
2399
2410
2422
2425
2387
2369
2411
2413
2371
2399
2410
2367
2390
2407
2378
2393
2376
2352
2370
2384
2389
2399
2408
2379
2338
2377
2398
2369
2396
2411
2394
2415
2407
2392
2376
2370
2392
2390
2416
2422
2351
2390
2434
2358
2352
2440
2423
2351
2369
2416
2391
2371
2419
2476
2423
2373
2392
2416
2384
2369
2390
2422
2395
2383
2412
2417
2388
2375
2401
2418
2370
2370
2379
2399
2415
2385
2395
2439
2413
2437
2476
2378
2364
2453
2409
2342
2407
2442
2366
2393
2482
2448
2360
2375
2407
2413
2399
2411
2433
2420
2400
2422
2423
2399
2405
2438
2408
2378
2391
2421
2406
2403
2436
2439
2415
2419
2412
2356
2349
2402
2377
2377
2449
2410
2366
2432
2450
2412
2394
2371
2372
2385
2387
2430
2405
2349
2392
2415
2397
2391
2404
2409
2406
2421
2422
2377
2372
2423
2412
2399
2394
2422
2458
2386
2419
2453
2341
2361
2428
2384
2376
2403
2350
2371
2448
2402
2359
2422
2407
2347
2371
2444
2427
2364
2356
2412
2418
2389
2375
2357
2361
2418
2435
2378
2363
2444
2450
2356
2367
2448
2426
2374
2391
2379
2375
2435
2433
2371
2370
2390
2414
2409
2399
2455
2433
2353
2427
2459
2332
2382
2490
2367
2330
2443
2378
2338
2432
2398
2350
2420
2377
2341
2413
2435
2383
2392
2384
2390
2464
2439
2371
2422
2426
2368
2392
2411
2359
2395
2397
2370
2459
2443
2355
2392
2388
2337
2356
2417
2450
2371
2335
2422
2441
2375
2379
2422
2376
2365
2448
2450
2339
2365
2464
2387
2324
2438
2420
2333
2420
2413
2370
2452
2434
2358
2384
2414
2386
2368
2408
2416
2380
2388
2437
2422
2390
2447
2441
2411
2403
2381
2386
2376
2363
2399
2436
2405
2353
2363
2407
2433
2420
2383
2343
2389
2429
2370
2362
2432
2440
2375
2387
2455
2426
2369
2360
2376
2430
2425
2394
2423
2407
2376
2377
2414
2387
2330
2378
2427
2397
2397
2412
2402
2433
2443
2383
2381
2414
2402
2368
2362
2401
2398
2350
2370
2399
2417
2417
2371
2348
2394
2406
2390
2410
2395
2340
2355
2443
2416
2359
2397
2390
2359
2425
2445
2339
2334
2420
2400
2348
2338
2374
2428
2412
2367
2378
2413
2412
2404
2364
2356
2410
2411
2393
2425
2385
2365
2401
2415
2416
2353
2347
2420
2420
2395
2394
2387
2403
2412
2382
2407
2425
2390
2395
2405
2366
2420
2452
2373
2381
2424
2371
2358
2397
2390
2401
2414
2385
2428
2429
2368
2373
2437
2420
2398
2408
2379
2346
2393
2437
2440
2390
2376
2395
2417
2401
2401
2442
2420
2379
2395
2373
2386
2429
2421
2387
2394
2430
2426
2382
2369
2391
2395
2386
2424
2396
2349
2419
2413
2318
2342
2408
2383
2381
2414
2403
2413
2411
2390
2423
2422
2360
2387
2437
2398
2386
2400
2391
2438
2442
2398
2420
2426
2379
2383
2428
2408
2378
2384
2382
2347
2370
2419
2401
2375
2404
2427
2415
2417
2414
2391
2407
2433
2409
2418
2429
2375
2374
2410
2429
2409
2375
2409
2404
2398
2429
2411
2416
2455
2380
2339
2397
2365
2359
2409
2410
2413
2402
2380
2416
2417
2370
2381
2409
2406
2384
2431
2454
2368
2363
2426
2429
2390
2417
2443
2399
2336
2388
2440
2425
2397
2397
2384
2368
2379
2386
2407
2429
2392
2383
2406
2425
2380
2337
2411
2428
2345
2366
2455
2429
2343
2369
2465
2432
2344
2384
2466
2387
2358
2455
2424
2348
2425
2441
2364
2396
2444
2421
2430
2389
2374
2420
2410
2385
2403
2406
2393
2382
2380
2377
2388
2404
2408
2392
2389
2391
2409
2415
2375
2388
2402
2396
2430
2414
2410
2432
2407
2379
2377
2427
2448
2424
2423
2435
2441
2426
2411
2458
2437
2366
2372
2399
2385
2380
2422
2442
2384
2377
2410
2363
2385
2433
2376
2378
2422
2392
2408
2394
2358
2420
2416
2403
2425
2387
2346
2402
2439
2381
2400
2436
2401
2392
2420
2398
2374
2364
2398
2413
2345
2355
2465
2390
2328
2426
2388
2337
2406
2405
2337
2407
2452
2383
2394
2414
2370
2398
2427
2382
2415
2419
2352
2404
2396
2338
2426
2418
2365
2394
2406
2377
2391
2398
2408
2392
2344
2389
2432
2401
2417
2435
2381
2332
2375
2468
2423
2368
2418
2394
2345
2405
2420
2386
2383
2395
2414
2431
2374
2346
2416
2363
2324
2404
2421
2381
2393
2403
2404
2420
2393
2356
2380
2406
2414
2414
2366
2357
2405
2435
2430
2411
2404
2392
2408
2414
2365
2392
2422
2381
2386
2402
2435
2428
2420
2457
2398
2362
2415
2363
2336
2405
2392
2372
2411
2403
2386
2424
2409
2379
2381
2383
2400
2389
2365
2407
2464
2435
2381
2425
2468
2417
2402
2425
2408
2370
2382
2403
2375
2373
2404
2402
2365
2390
2404
2388
2383
2374
2449
2462
2337
2403
2478
2392
2377
2428
2436
2403
2393
2420
2461
2397
2328
2449
2490
2338
2366
2479
2420
2394
2453
2397
2369
2415
2397
2397
2391
2408
2400
2363
2373
2397
2388
2392
2361
2352
2406
2427
2379
2356
2398
2393
2359
2415
2407
2353
2409
2412
2346
2404
2400
2340
2441
2469
2372
2350
2399
2430
2423
2398
2388
2389
2392
2404
2432
2444
2435
2406
2377
2402
2435
2368
2386
2460
2388
2359
2407
2378
2366
2419
2386
2339
2389
2392
2383
2445
2413
2329
2375
2439
2400
2352
2406
2445
2361
2341
2457
2445
2391
2438
2405
2340
2409
2431
2403
2417
2366
2367
2391
2375
2378
2417
2392
2377
2421
2413
2418
2419
2362
2369
2372
2382
2406
2432
2420
2354
2361
2484
2446
2325
2429
2473
2355
2369
2400
2358
2405
2400
2336
2394
2399
2323
2388
2457
2384
2404
2451
2380
2377
2406
2362
2363
2406
2367
2384
2446
2378
2358
2424
2378
2363
2426
2439
2389
2371
2389
2404
2411
2384
2387
2439
2386
2373
2464
2422
2336
2405
2416
2342
2367
2417
2411
2425
2389
2351
2382
2392
2386
2375
2392
2430
2412
2391
2412
2431
2383
2404
2438
2365
2324
2397
2431
2386
2378
2389
2390
2392
2410
2445
2372
2311
2340
2395
2430
2412
2368
2419
2457
2411
2367
2412
2435
2381
2356
2451
2458
2309
2343
2488
2415
2334
2398
2392
2342
2377
2345
2357
2415
2375
2360
2408
2407
2384
2409
2390
2338
2357
2406
2411
2381
2387
2428
2453
2412
2393
2452
2430
2354
2417
2451
2369
2381
2422
2378
2392
2417
2385
2395
2461
2450
2363
2341
2406
2424
2417
2404
2411
2426
2384
2344
2432
2423
2333
2402
2422
2358
2424
2424
2346
2383
2405
2380
2419
2399
2364
2433
2423
2355
2398
2426
2379
2352
2370
2422
2395
2345
2392
2437
2368
2326
2373
2416
2456
2382
2334
2427
2431
2371
2440
2467
2391
2370
2370
2392
2403
2406
2413
2400
2353
2347
2412
2440
2382
2375
2402
2358
2414
2448
2397
2378
2386
2347
2369
2415
2404
2403
2407
2418
2447
2419
2345
2353
2405
2404
2377
2381
2426
2400
2368
2396
2415
2352
2422
2469
2386
2367
2440
2417
2360
2379
2436
2419
2393
2363
2384
2437
2417
2387
2440
2466
2405
2398
2429
2396
2394
2392
2376
2412
2415
2392
2415
2434
2403
2396
2432
2386
2359
2397
2388
2387
2412
2433
2433
2408
2387
2426
2445
2421
2416
2385
2435
2462
2357
2338
2416
2413
2387
2409
2420
2383
2375
2403
2427
2411
2419
2419
2395
2383
2383
2408
2420
2391
2408
2405
2370
2413
2450
2370
2339
2428
2431
2396
2457
2436
2392
2407
2396
2385
2396
2392
2395
2370
2369
2421
2428
2359
2388
2422
2388
2406
2443
2400
2347
2368
2420
2404
2387
2406
2352
2302
2415
2455
2355
2406
2485
2386
2341
2414
2400
2384
2427
2401
2381
2426
2399
2375
2384
2390
2401
2438
2403
2361
2412
2440
2402
2418
2423
2379
2374
2416
2393
2386
2434
2407
2402
2432
2385
2352
2389
2405
2402
2393
2385
2408
2389
2346
2408
2423
2406
2398
2363
2381
2432
2432
2422
2412
2411
2416
2389
2378
2435
2394
2300
2381
2427
2381
2427
2455
2426
2439
2420
2389
2409
2390
2399
2463
2445
2418
2419
2363
2361
2435
2422
2378
2377
2407
2390
2373
2400
2423
2423
2423
2412
2390
2409
2376
2363
2385
2370
2386
2451
2414
2373
2425
2399
2388
2453
2393
2358
2434
2413
2344
2385
2428
2374
2372
2390
2409
2423
2394
2420
2433
2379
2366
2432
2416
2349
2377
2438
2404
2373
2427
2401
2353
2402
2397
2391
2463
2462
2407
2406
2382
2387
2415
2375
2419
2475
2345
2324
2473
2445
2355
2388
2412
2398
2365
2369
2414
2430
2380
2364
2416
2428
2351
2352
2418
2427
2388
2374
2395
2369
2366
2464
2434
2371
2410
2429
2405
2392
2373
2411
2405
2354
2418
2435
2355
2445
2426
2363
2471
2440
2344
2391
2392
2370
2424
2429
2408
2388
2348
2353
2439
2460
2366
2372
2442
2376
2352
2432
2414
2377
2414
2424
2377
2412
2461
2382
2315
2403
2439
2408
2402
2412
2425
2437
2398
2375
2424
2440
2399
2389
2432
2436
2379
2393
2398
2365
2401
2404
2407
2455
2414
2357
2431
2409
2307
2409
2469
2366
2362
2396
2358
2385
2423
2407
2369
2361
2395
2441
2369
2309
2384
2435
2403
2389
2423
2453
2405
2387
2429
2416
2400
2397
2393
2423
2382
2382
2440
2411
2378
2411
2434
2403
2373
2371
2400
2398
2374
2377
2384
2418
2397
2347
2414
2411
2310
2371
2446
2396
2418
2427
2356
2391
2442
2401
2396
2429
2389
2407
2441
2345
2357
2447
2381
2381
2445
2389
2393
2389
2339
2409
2368
2366
2462
2397
2323
2423
2429
2358
2411
2413
2408
2441
2418
2419
2442
2353
2335
2437
2414
2365
2380
2386
2420
2443
2370
2394
2425
2371
2424
2427
2387
2446
2396
2336
2445
2419
2329
2393
2409
2370
2419
2379
2371
2446
2414
2387
2426
2405
2384
2409
2382
2378
2422
2415
2394
2420
2372
2373
2421
2375
2386
2437
2364
2338
2408
2424
2398
2404
2433
2394
2336
2351
2430
2431
2370
2386
2396
2366
2416
2451
2352
2319
2427
2401
2376
2435
2422
2408
2388
2372
2435
2428
2372
2413
2459
2420
2352
2368
2414
2423
2369
2353
2421
2415
2349
2392
2426
2367
2392
2429
2407
2412
2417
2370
2354
2417
2417
2342
2373
2409
2401
2424
2394
2359
2400
2381
2339
2382
2396
2366
2430
2432
2338
2355
2414
2406
2406
2420
2388
2345
2389
2440
2387
2371
2380
2401
2419
2394
2385
2432
2428
2374
2375
2388
2395
2378
2351
2425
2460
2375
2394
2470
2405
2393
2414
2398
2413
2407
2384
2438
2433
2379
2395
2383
2346
2380
2384
2360
2379
2392
2399
2407
2425
2428
2378
2353
2396
2423
2361
2372
2411
2412
2402
2430
2408
2361
2424
2431
2358
2396
2425
2353
2359
2425
2448
2438
2391
2421
2441
2407
2421
2419
2399
2429
2424
2384
2391
2383
2411
2388
2361
2464
2479
2348
2396
2494
2375
2317
2392
2402
2390
2426
2436
2398
2404
2433
2372
2367
2450
2390
2382
2467
2397
2373
2445
2369
2333
2415
2406
2360
2412
2419
2374
2370
2395
2407
2420
2416
2366
2405
2458
2402
2368
2412
2397
2371
2406
2422
2396
2417
2417
2334
2380
2433
2359
2382
2462
2415
2377
2421
2466
2410
2337
2412
2451
2372
2375
2422
2364
2349
2409
2377
2357
2430
2419
2365
2410
2446
2411
2399
2380
2387
2432
2412
2403
2427
2410
2387
2402
2415
2417
2379
2410
2440
2396
2417
2461
2385
2359
2449
2427
2394
2432
2405
2408
2445
2443
2425
2401
2417
2417
2352
2402
2449
2370
2351
2426
2364
2344
2428
2418
2397
2396
2374
2396
2426
2381
2365
2433
2431
2393
2397
2420
2410
2443
2419
2362
2434
2458
2347
2349
2434
2382
2356
2420
2404
2389
2436
2439
2413
2397
2417
2435
2408
2417
2419
2376
2417
2438
2370
2409
2419
2313
2347
2453
2409
2364
2391
2404
2400
2398
2401
2387
2388
2414
2392
2421
2445
2356
2357
2446
2408
2362
2396
2387
2360
2423
2411
2367
2418
2380
2334
2411
2426
2404
2404
2382
2397
2388
2371
2401
2392
2389
2437
2473
2413
2390
2451
2377
2360
2461
2434
2405
2450
2371
2367
2450
2381
2343
2424
2435
2404
2396
2386
2394
2405
2387
2398
2375
2354
2384
2409
2402
2405
2417
2395
2411
2443
2361
2347
2426
2404
2375
2409
2394
2436
2404
2349
2410
2443
2362
2367
2420
2386
2368
2430
2438
2340
2332
2405
2394
2354
2393
2419
2358
2326
2378
2403
2400
2403
2395
2408
2409
2373
2388
2412
2379
2401
2421
2395
2391
2394
2348
2356
2463
2414
2352
2435
2422
2374
2396
2394
2400
2430
2431
2409
2451
2436
2394
2418
2424
2395
2427
2448
2377
2360
2447
2386
2343
2452
2399
2339
2439
2422
2324
2398
2453
2395
2397
2409
2407
2394
2359
2375
2377
2374
2415
2400
2359
2407
2415
2376
2421
2430
2417
2438
2423
2399
2377
2382
2409
2407
2389
2407
2398
2390
2411
2449
2411
2404
2452
2380
2345
2425
2413
2381
2436
2406
2376
2463
2442
2381
2423
2438
2337
2381
2460
2380
2381
2462
2389
2342
2396
2389
2368
2417
2418
2379
2378
2393
2429
2430
2362
2396
2427
2404
2421
2408
2380
2447
2431
2332
2400
2471
2381
2377
2428
2407
2373
2395
2400
2410
2439
2416
2376
2394
2412
2397
2427
2408
2358
2425
2408
2357
2408
2392
2371
2442
2399
2346
2405
2411
2351
2410
2445
2386
2389
2435
2431
2407
2424
2433
2366
2360
2410
2394
2366
2368
2392
2430
2415
2392
2418
2406
2366
2398
2433
2416
2388
2401
2395
2378
2414
2422
2357
2357
2404
2384
2403
2435
2377
2365
2427
2371
2351
2404
2413
2402
2392
2383
2382
2389
2405
2366
2354
2418
2431
2347
2388
2456
2380
2388
2441
2381
2353
2407
2430
2411
2418
2442
2437
2400
2387
2440
2414
2320
2381
2438
2389
2404
2418
2404
2392
2369
2402
2412
2344
2383
2449
2405
2379
2413
2401
2395
2394
2391
2409
2423
2410
2401
2401
2399
2418
2440
2428
2389
2375
2384
2417
2402
2410
2430
2395
2403
2437
2390
2363
2440
2405
2354
2401
2411
2374
2389
2385
2392
2417
2384
2361
2416
2426
2393
2416
2437
2396
2370
2384
2402
2394
2368
2374
2409
2417
2397
2388
2424
2423
2366
2415
2420
2370
2380
2371
2403
2437
2358
2393
2482
2389
2352
2410
2377
2381
2394
2382
2388
2386
2400
2394
2378
2387
2428
2403
2365
2391
2397
2390
2415
2402
2427
2433
2385
2377
2400
2416
2417
2436
2424
2385
2393
2414
2395
2417
2440
2414
2353
2351
2436
2420
2330
2384
2452
2414
2389
2396
2411
2435
2400
2409
2470
2409
2363
2415
2397
2374
2391
2372
2384
2417
2399
2373
2401
2440
2430
2435
2438
2384
2391
2429
2392
2383
2413
2428
2441
2392
2347
2391
2417
2362
2366
2420
2394
2371
2419
2424
2370
2358
2427
2441
2376
2371
2436
2368
2347
2457
2414
2280
2338
2424
2385
2381
2397
2409
2437
2396
2380
2423
2427
2397
2368
2372
2456
2456
2364
2417
2483
2402
2410
2480
2413
2392
2469
2439
2396
2413
2415
2430
2431
2418
2425
2389
2362
2370
2424
2400
2358
2353
2369
2403
2366
2358
2398
2381
2383
2423
2419
2412
2385
2383
2423
2414
2403
2432
2405
2389
2419
2401
2374
2413
2429
2407
2424
2391
2387
2416
2382
2365
2425
2398
2358
2436
2432
2377
2395
2384
2380
2422
2413
2408
2437
2434
2418
2346
2336
2444
2413
2352
2405
2406
2382
2371
2385
2393
2373
2366
2370
2402
2434
2402
2376
2404
2409
2388
2416
2414
2417
2406
2385
2395
2416
2370
2370
2397
2424
2399
2372
2399
2442
2400
2352
2397
2481
2449
2374
2385
2422
2346
2355
2412
2420
2396
2381
2409
2470
2415
2389
2414
2441
2377
2352
2442
2417
2332
2395
2408
2354
2381
2373
2340
2416
2427
2372
2373
2359
2371
2404
2396
2418
2444
2415
2398
2381
2381
2439
2411
2402
2454
2416
2364
2417
2417
2418
2422
2381
2379
2418
2411
2375
2399
2415
2392
2427
2445
2393
2357
2392
2378
2387
2428
2372
2374
2460
2403
2368
2413
2389
2365
2396
2399
2348
2360
2441
2436
2377
2392
2402
2332
2388
2447
2374
2349
2382
2373
2423
2403
2355
2447
2458
2369
2408
2414
2347
2405
2405
2371
2456
2440
2375
2444
2412
2333
2413
2438
2348
2361
2426
2404
2393
2391
2334
2345
2402
2386
2344
2396
2467
2381
2369
2430
2396
2371
2406
2397
2390
2409
2381
2425
2434
2340
2405
2473
2387
2379
2408
2359
2351
2400
2384
2386
2411
2402
2442
2393
2358
2421
2393
2354
2440
2394
2365
2428
2373
2373
2455
2387
2411
2456
2375
2339
2395
2390
2399
2415
2370
2433
2441
2332
2386
2447
2389
2346
2409
2427
2401
2405
2403
2413
2400
2355
2385
2401
2391
2399
2419
2384
2384
2395
2370
2357
2378
2360
2367
2437
2430
2365
2408
2440
2402
2385
2391
2411
2398
2387
2429
2401
2365
2437
2389
2321
2363
2372
2391
2435
2397
2373
2415
2428
2407
2404
2389
2372
2399
2383
2363
2415
2453
2421
2377
2371
2389
2421
2415
2421
2402
2373
2411
2427
2419
2411
2422
2444
2445
2414
2396
2407
2379
2369
2433
2418
2371
2371
2387
2422
2405
2398
2436
2402
2343
2391
2435
2422
2424
2441
2412
2385
2397
2406
2396
2372
2414
2411
2343
2363
2408
2389
2401
2437
2398
2389
2434
2393
2399
2443
2418
2375
2401
2417
2419
2424
2394
2397
2407
2382
2423
2444
2386
2336
2358
2390
2384
2401
2438
2415
2371
2385
2422
2432
2395
2360
2418
2433
2348
2368
2403
2331
2345
2410
2392
2357
2354
2417
2435
2398
2429
2406
2347
2380
2438
2418
2405
2382
2383
2432
2420
2373
2372
2388
2381
2423
2435
2322
2326
2453
2408
2329
2396
2389
2347
2387
2387
2370
2412
2435
2445
2411
2342
2363
2405
2385
2413
2405
2364
2387
2419
2429
2464
2396
2341
2391
2365
2353
2458
2414
2357
2487
2433
2289
2420
2485
2344
2377
2478
2395
2324
2362
2388
2368
2372
2420
2453
2412
2383
2415
2405
2371
2421
2437
2360
2347
2409
2417
2403
2392
2440
2447
2408
2368
2371
2429
2429
2353
2386
2478
2399
2315
2394
2430
2453
2442
2395
2416
2395
2374
2418
2413
2404
2392
2389
2426
2465
2431
2386
2388
2353
2371
2417
2404
2414
2431
2402
2352
2359
2424
2410
2368
2428
2409
2364
2415
2428
2369
2401
2405
2387
2401
2384
2386
2419
2388
2407
2489
2420
2352
2435
2457
2397
2412
2384
2392
2427
2369
2362
2427
2395
2323
2378
2424
2407
2414
2416
2446
2441
2387
2405
2438
2376
2329
2370
2416
2421
2395
2381
2395
2409
2415
2394
2371
2408
2410
2402
2403
2422
2445
2455
2395
2380
2460
2444
2391
2421
2409
2374
2371
2402
2410
2401
2397
2394
2383
2378
2369
2360
2418
2440
2403
2407
2403
2353
2396
2425
2373
2417
2421
2386
2453
2414
2313
2457
2470
2310
2421
2490
2336
2344
2386
2315
2415
2463
2340
2381
2433
2358
2395
2411
2355
2408
2428
2395
2376
2391
2412
2369
2336
2402
2415
2352
2376
2436
2413
2402
2414
2383
2392
2403
2436
2457
2415
2406
2414
2389
2354
2373
2397
2390
2432
2447
2378
2381
2437
2418
2389
2437
2408
2353
2400
2451
2380
2353
2403
2416
2420
2398
2366
2416
2447
2399
2391
2365
2384
2465
2429
2366
2407
2398
2361
2378
2412
2426
2376
2345
2392
2441
2426
2393
2406
2407
2395
2415
2411
2395
2372
2380
2408
2405
2411
2398
2372
2433
2448
2356
2369
2471
2451
2375
2388
2440
2442
2384
2386
2435
2444
2415
2402
2443
2421
2392
2415
2409
2396
2423
2450
2440
2368
2396
2415
2363
2385
2425
2402
2418
2435
2428
2420
2395
2405
2423
2398
2385
2428
2402
2331
2378
2431
2406
2389
2383
2427
2467
2385
2384
2461
2371
2320
2426
2422
2371
2424
2440
2377
2392
2413
2392
2424
2438
2402
2425
2402
2377
2424
2361
2344
2411
2389
2359
2398
2390
2382
2418
2430
2369
2347
2420
2438
2402
2423
2398
2364
2413
2442
2412
2390
2406
2434
2407
2356
2393
2439
2392
2382
2425
2404
2388
2416
2401
2374
2430
2381
2361
2402
2391
2407
2453
2373
2359
2469
2455
2372
2405
2389
2374
2414
2367
2363
2426
2393
2416
2431
2405
2416
2402
2399
2447
2403
2349
2430
2453
2326
2368
2432
2371
2395
2440
2430
2410
2388
2385
2387
2425
2400
2361
2381
2431
2386
2366
2426
2407
2373
2413
2397
2380
2402
2409
2418
2408
2340
2387
2455
2404
2367
2427
2425
2371
2407
2415
2393
2405
2405
2421
2448
2428
2390
2407
2397
2380
2437
2410
2357
2422
2427
2358
2395
2447
2419
2387
2362
2380
2393
2406
2390
2353
2376
2436
2413
2368
2357
2387
2413
2387
2381
2442
2407
2378
2430
2429
2378
2407
2442
2392
2409
2434
2379
2386
2418
2427
2413
2390
2394
2410
2395
2395
2410
2363
2346
2409
2433
2437
2440
2397
2395
2363
2349
2386
2412
2436
2455
2406
2355
2440
2436
2332
2403
2448
2374
2380
2445
2366
2285
2389
2426
2353
2365
2436
2403
2346
2392
2443
2397
2341
2362
2471
2484
2392
2368
2417
2412
2395
2374
2364
2401
2414
2409
2418
2399
2381
2388
2416
2386
2365
2417
2442
2393
2398
2433
2411
2358
2361
2377
2381
2387
2427
2397
2351
2437
2446
2367
2388
2416
2345
2365
2469
2418
2357
2403
2426
2377
2387
2472
2462
2348
2370
2465
2475
2373
2372
2408
2399
2365
2352
2422
2431
2363
2402
2435
2414
2403
2403
2410
2380
2355
2410
2384
2332
2420
2449
2366
2365
2401
2412
2417
2425
2407
2407
2454
2431
2379
2390
2443
2423
2355
2380
2414
2388
2423
2451
2409
2420
2469
2386
2324
2421
2399
2347
2404
2421
2386
2425
2429
2361
2397
2430
2389
2426
2434
2432
2431
2406
2381
2372
2364
2384
2393
2393
2413
2399
2382
2379
2366
2392
2408
2394
2374
2368
2390
2386
2390
2424
2405
2356
2382
2420
2393
2395
2390
2377
2435
2428
2381
2384
2393
2413
2409
2390
2385
2390
2388
2389
2425
2405
2386
2401
2409
2415
2413
2391
2429
2401
2334
2380
2431
2405
2360
2398
2481
2454
2380
2397
2438
2404
2382
2401
2414
2391
2392
2414
2373
2383
2431
2402
2389
2430
2417
2397
2382
2395
2419
2431
2413
2428
2450
2406
2388
2422
2377
2359
2449
2430
2370
2396
2385
2408
2454
2398
2349
2387
2377
2324
2338
2406
2382
2345
2420
2431
2370
2384
2443
2415
2385
2425
2423
2382
2390
2387
2330
2368
2450
2381
2352
2438
2399
2347
2418
2397
2353
2424
2426
2392
2403
2382
2381
2413
2438
2408
2391
2408
2413
2423
2393
2370
2395
2417
2364
2336
2398
2419
2383
2455
2481
2378
2383
2432
2408
2403
2427
2401
2347
2367
2433
2433
2380
2326
2385
2424
2355
2388
2404
2381
2450
2436
2343
2427
2484
2368
2321
2418
2465
2416
2399
2456
2449
2419
2422
2404
2372
2392
2408
2368
2358
2399
2411
2350
2311
2401
2445
2354
2354
2466
2448
2369
2395
2435
2394
2381
2387
2390
2406
2384
2375
2415
2362
2327
2442
2433
2324
2411
2494
2393
2347
2403
2409
2414
2388
2381
2423
2416
2367
2356
2423
2416
2375
2440
2412
2358
2380
2389
2349
2351
2413
2400
2382
2398
2389
2351
2358
2423
2427
2399
2394
2399
2423
2436
2406
2393
2419
2426
2399
2421
2448
2404
2380
2374
2387
2406
2379
2362
2426
2409
2366
2421
2424
2378
2380
2400
2430
2429
2380
2375
2383
2396
2416
2387
2387
2430
2372
2324
2400
2455
2388
2342
2415
2455
2422
2384
2369
2416
2449
2410
2383
2450
2443
2359
2381
2404
2374
2379
2419
2449
2421
2359
2372
2418
2391
2348
2366
2401
2450
2432
2378
2425
2410
2361
2361
2381
2395
2395
2398
2412
2394
2385
2422
2399
2347
2390
2431
2417
2429
2381
2337
2425
2460
2401
2411
2383
2330
2412
2415
2370
2415
2421
2406
2424
2389
2395
2432
2398
2351
2428
2493
2377
2340
2450
2406
2363
2449
2436
2375
2448
2429
2378
2419
2420
2366
2388
2412
2378
2390
2420
2379
2365
2439
2420
2355
2404
2421
2343
2385
2447
2397
2377
2378
2382
2408
2381
2356
2416
2429
2377
2377
2391
2358
2375
2424
2399
2400
2447
2445
2360
2353
2439
2413
2348
2382
2432
2390
2371
2406
2404
2425
2444
2378
2380
2412
2406
2435
2418
2383
2414
2425
2393
2459
2476
2407
2425
2454
2415
2407
2433
2378
2395
2433
2360
2348
2424
2437
2374
2396
2428
2386
2401
2429
2415
2400
2373
2382
2427
2401
2361
2430
2450
2386
2401
2424
2393
2398
2443
2398
2375
2441
2401
2384
2435
2395
2373
2426
2408
2416
2489
2406
2360
2437
2393
2351
2385
2368
2386
2428
2344
2336
2436
2388
2348
2455
2429
2371
2421
2440
2409
2401
2408
2406
2406
2402
2436
2455
2387
2413
2449
2370
2358
2402
2409
2408
2406
2428
2426
2393
2392
2423
2434
2372
2395
2453
2399
2387
2439
2407
2368
2385
2413
2447
2415
2386
2408
2410
2385
2399
2449
2425
2333
2406
2523
2402
2353
2412
2369
2347
2438
2427
2364
2429
2431
2327
2359
2403
2378
2389
2413
2397
2412
2420
2363
2355
2389
2391
2380
2348
2378
2418
2409
2415
2424
2388
2384
2404
2394
2385
2383
2353
2355
2363
2373
2407
2422
2394
2426
2439
2387
2390
2452
2409
2369
2430
2448
2382
2371
2420
2414
2343
2379
2446
2422
2385
2407
2441
2409
2379
2446
2425
2375
2439
2427
2350
2374
2432
2416
2366
2395
2450
2424
2360
2370
2417
2409
2333
2355
2460
2449
2334
2372
2426
2423
2408
2349
2363
2432
2413
2386
2434
2435
2398
2404
2392
2411
2416
2352
2381
2423
2362
2417
2456
2371
2378
2412
2353
2404
2431
2348
2393
2437
2375
2400
2456
2393
2350
2431
2429
2392
2416
2371
2386
2445
2378
2387
2471
2414
2337
2421
2401
2327
2386
2393
2377
2422
2387
2370
2441
2430
2400
2443
2419
2374
2413
2432
2413
2392
2402
2451
2375
2303
2414
2447
2366
2409
2417
2396
2388
2353
2405
2454
2403
2396
2452
2444
2388
2370
2372
2382
2398
2417
2411
2371
2365
2427
2447
2415
2423
2415
2368
2399
2433
2352
2369
2427
2362
2371
2430
2392
2379
2427
2448
2426
2409
2421
2391
2390
2424
2428
2438
2419
2364
2386
2411
2390
2390
2382
2355
2365
2420
2389
2377
2381
2364
2387
2435
2407
2370
2393
2368
2378
2418
2419
2362
2313
2351
2448
2427
2375
2390
2410
2400
2372
2382
2436
2432
2380
2370
2395
2378
2379
2437
2433
2366
2339
2405
2426
2355
2380
2418
2385
2396
2401
2403
2396
2345
2373
2449
2416
2354
2408
2408
2390
2410
2368
2392
2460
2365
2331
2391
2388
2363
2391
2411
2448
2454
2390
2355
2390
2402
2412
2405
2403
2406
2362
2343
2357
2370
2423
2404
2361
2422
2385
2357
2419
2430
2410
2432
2429
2382
2403
2439
2399
2388
2423
2421
2417
2397
2391
2424
2416
2396
2450
2408
2353
2436
2434
2325
2377
2460
2372
2359
2457
2458
2404
2380
2381
2443
2448
2391
2408
2410
2373
2397
2417
2398
2413
2377
2376
2472
2396
2342
2415
2367
2302
2400
2460
2363
2323
2367
2399
2399
2407
2437
2423
2377
2415
2448
2384
2361
2428
2421
2380
2381
2426
2459
2391
2336
2396
2451
2394
2370
2434
2452
2368
2334
2398
2385
2353
2399
2393
2371
2398
2407
2434
2452
2391
2387
2457
2428
2377
2408
2404
2383
2446
2444
2373
2377
2418
2406
2426
2398
2367
2420
2404
2376
2430
2394
2317
2413
2438
2371
2412
2400
2382
2450
2436
2369
2411
2430
2381
2363
2339
2356
2427
2424
2373
2369
2392
2382
2379
2428
2416
2377
2399
2399
2364
2374
2420
2397
2384
2427
2411
2404
2438
2393
2411
2469
2378
2339
2420
2379
2318
2376
2456
2434
2379
2411
2418
2377
2389
2398
2394
2387
2349
2364
2424
2358
2341
2391
2372
2390
2445
2411
2390
2416
2388
2412
2408
2288
2384
2490
2353
2378
2471
2391
2363
2435
2481
2377
2310
2448
2479
2347
2364
2429
2376
2385
2422
2386
2389
2382
2386
2427
2389
2350
2430
2441
2356
2370
2386
2392
2416
2415
2409
2382
2403
2437
2399
2398
2431
2423
2423
2381
2377
2449
2418
2395
2427
2365
2386
2489
2391
2365
2511
2478
2383
2400
2406
2426
2404
2382
2387
2375
2396
2430
2413
2410
2422
2387
2405
2400
2369
2387
2419
2396
2394
2400
2387
2398
2395
2363
2359
2381
2409
2430
2407
2407
2436
2455
2438
2385
2398
2432
2402
2387
2400
2374
2362
2383
2349
2391
2431
2373
2386
2453
2432
2407
2406
2383
2353
2367
2421
2409
2392
2395
2422
2451
2415
2404
2439
2432
2367
2398
2414
2349
2386
2446
2396
2316
2337
2396
2411
2400
2409
2439
2413
2388
2375
2368
2426
2453
2433
2414
2397
2411
2473
2429
2353
2369
2381
2384
2365
2386
2416
2361
2378
2427
2414
2378
2363
2390
2370
2351
2382
2419
2420
2356
2372
2447
2413
2322
2372
2417
2401
2469
2429
2340
2378
2410
2394
2394
2420
2420
2375
2360
2409
2363
2339
2430
2392
2362
2416
2365
2392
2431
2396
2395
2410
2441
2439
2374
2404
2442
2350
2344
2449
2399
2301
2395
2438
2337
2346
2422
2428
2394
2397
2400
2399
2388
2399
2389
2371
2389
2400
2434
2433
2313
2345
2431
2363
2376
2437
2362
2397
2458
2379
2440
2427
2335
2416
2438
2351
2378
2431
2389
2383
2445
2416
2378
2435
2450
2384
2408
2439
2356
2374
2422
2362
2374
2373
2368
2447
2414
2352
2424
2453
2377
2390
2405
2380
2383
2388
2393
2389
2379
2400
2400
2380
2382
2411
2414
2388
2408
2430
2351
2334
2382
2404
2447
2455
2348
2362
2478
2434
2359
2368
2433
2455
2364
2364
2473
2418
2354
2417
2411
2381
2365
2332
2378
2414
2373
2373
2449
2431
2355
2385
2429
2428
2421
2433
2439
2409
2370
2418
2434
2387
2362
2411
2438
2387
2380
2415
2382
2390
2459
2401
2341
2398
2369
2369
2459
2407
2346
2411
2405
2382
2429
2424
2368
2395
2442
2394
2340
2360
2417
2399
2372
2443
2462
2384
2350
2395
2417
2372
2388
2445
2425
2380
2433
2486
2383
2372
2456
2440
2368
2388
2419
2396
2423
2423
2392
2410
2429
2391
2358
2418
2423
2396
2407
2422
2441
2442
2379
2382
2430
2379
2341
2378
2428
2409
2361
2370
2420
2383
2338
2393
2425
2386
2393
2379
2337
2386
2412
2397
2413
2396
2350
2385
2418
2383
2387
2434
2354
2302
2395
2414
2360
2393
2419
2432
2438
2391
2399
2452
2353
2313
2435
2429
2338
2408
2425
2371
2410
2455
2411
2401
2416
2421
2415
2386
2363
2431
2415
2334
2401
2458
2342
2351
2428
2364
2358
2419
2404
2356
2384
2390
2381
2408
2413
2371
2389
2444
2396
2375
2439
2351
2334
2426
2409
2377
2355
2356
2396
2414
2349
2429
2510
2377
2337
2427
2394
2379
2444
2456
2390
2388
2450
2436
2396
2383
2412
2434
2396
2377
2381
2403
2373
2359
2428
2462
2429
2401
2343
2358
2453
2408
2359
2418
2408
2370
2398
2422
2401
2394
2394
2381
2398
2374
2389
2455
2435
2401
2419
2409
2354
2349
2390
2437
2380
2341
2437
2446
2374
2390
2415
2393
2353
2391
2440
2387
2339
2414
2435
2398
2418
2404
2371
2445
2464
2357
2377
2470
2395
2335
2431
2447
2344
2416
2436
2341
2429
2476
2385
2400
2431
2338
2332
2437
2408
2384
2435
2415
2369
2429
2426
2395
2403
2370
2417
2455
2384
2380
2408
2382
2380
2396
2415
2419
2330
2339
2483
2440
2340
2419
2401
2333
2415
2423
2364
2423
2396
2327
2397
2423
2379
2394
2430
2406
2359
2372
2404
2379
2386
2386
2346
2434
2432
2345
2384
2403
2398
2391
2347
2389
2448
2400
2371
2433
2431
2346
2361
2456
2420
2326
2391
2426
2376
2407
2407
2383
2406
2420
2393
2383
2407
2413
2388
2404
2425
2382
2376
2415
2405
2378
2402
2410
2375
2404
2381
2344
2384
2420
2377
2425
2457
2403
2427
2421
2386
2427
2416
2391
2421
2381
2356
2416
2451
2417
2422
2446
2452
2424
2357
2412
2478
2346
2283
2414
2462
2371
2353
2441
2433
2330
2357
2454
2434
2367
2360
2431
2415
2317
2394
2477
2362
2353
2435
2383
2365
2420
2362
2365
2402
2375
2392
2431
2393
2385
2409
2367
2382
2466
2413
2362
2433
2411
2346
2406
2428
2421
2420
2377
2412
2433
2381
2410
2425
2394
2412
2395
2371
2428
2411
2346
2416
2441
2386
2395
2388
2400
2412
2412
2433
2396
2394
2441
2413
2431
2461
2394
2388
2430
2387
2407
2476
2370
2343
2468
2407
2369
2472
2404
2339
2451
2442
2355
2410
2440
2405
2404
2373
2382
2453
2403
2343
2413
2379
2342
2398
2401
2393
2425
2405
2374
2416
2394
2373
2434
2400
2386
2425
2404
2379
2378
2390
2424
2410
2362
2353
2400
2385
2372
2398
2401
2383
2372
2399
2399
2399
2399
2398
2414
2449
2423
2389
2401
2437
2450
2396
2360
2416
2465
2394
2379
2387
2380
2380
2382
2353
2385
2439
2392
2376
2411
2415
2389
2374
2401
2429
2411
2364
2385
2413
2387
2405
2412
2359
2407
2443
2390
2408
2431
2392
2432
2398
2367
2455
2401
2365
2453
2409
2404
2444
2398
2387
2414
2375
2376
2443
2425
2359
2371
2460
2420
2347
2420
2458
2405
2386
2413
2392
2386
2380
2363
2388
2374
2357
2433
2400
2358
2445
2455
2352
2398
2415
2324
2377
2399
2359
2394
2371
2359
2427
2411
2413
2473
2424
2366
2390
2380
2374
2405
2405
2433
2391
2300
2326
2397
2423
2384
2375
2432
2424
2360
2411
2462
2381
2368
2409
2389
2406
2444
2384
2388
2385
2346
2401
2427
2394
2401
2427
2406
2402
2407
2357
2402
2440
2396
2414
2412
2375
2370
2374
2433
2452
2377
2366
2420
2417
2396
2391
2388
2382
2375
2363
2393
2399
2387
2437
2444
2358
2380
2439
2403
2386
2436
2407
2349
2384
2422
2394
2369
2398
2396
2399
2398
2360
2407
2438
2350
2414
2452
2367
2404
2472
2384
2351
2425
2404
2385
2433
2404
2375
2398
2409
2413
2387
2378
2405
2396
2361
2373
2389
2387
2411
2390
2368
2400
2422
2381
2343
2372
2424
2393
2334
2369
2424
2403
2387
2420
2414
2433
2440
2390
2411
2430
2358
2391
2415
2359
2391
2427
2415
2422
2409
2399
2407
2388
2358
2381
2417
2414
2354
2381
2416
2354
2355
2428
2421
2384
2377
2369
2419
2425
2347
2351
2438
2418
2373
2457
2439
2380
2410
2424
2400
2371
2403
2461
2421
2377
2414
2461
2392
2350
2432
2428
2348
2366
2418
2381
2365
2377
2392
2423
2431
2414
2404
2383
2376
2398
2389
2399
2427
2420
2410
2408
2408
2412
2406
2419
2433
2395
2396
2462
2420
2380
2441
2396
2365
2434
2394
2386
2434
2379
2382
2437
2366
2357
2436
2417
2378
2399
2395
2399
2408
2384
2372
2419
2436
2348
2405
2463
2365
2382
2442
2405
2407
2400
2375
2367
2394
2413
2401
2379
2396
2434
2414
2411
2399
2383
2419
2427
2370
2385
2398
2389
2411
2385
2420
2428
2378
2408
2390
2355
2428
2422
2337
2408
2467
2391
2381
2444
2388
2340
2425
2426
2401
2399
2392
2479
2468
2342
2404
2461
2364
2398
2508
2438
2367
2382
2364
2384
2393
2400
2401
2394
2425
2417
2357
2391
2469
2398
2310
2406
2448
2384
2386
2422
2406
2399
2408
2387
2408
2430
2384
2410
2434
2380
2396
2451
2395
2411
2486
2384
2361
2458
2393
2377
2425
2378
2401
2433
2420
2409
2377
2344
2385
2405
2401
2426
2448
2451
2384
2372
2461
2432
2370
2413
2437
2383
2345
2371
2387
2384
2408
2378
2379
2467
2414
2338
2397
2420
2397
2433
2426
2382
2435
2448
2381
2379
2424
2428
2370
2395
2408
2363
2420
2470
2412
2384
2428
2419
2390
2411
2409
2418
2402
2372
2392
2397
2351
2372
2407
2398
2410
2391
2358
2425
2417
2343
2358
2434
2417
2404
2409
2389
2409
2463
2400
2384
2457
2408
2320
2393
2450
2396
2400
2392
2350
2446
2460
2369
2437
2431
2359
2402
2429
2357
2377
2433
2385
2358
2398
2395
2418
2414
2388
2378
2360
2371
2354
2399
2413
2373
2413
2462
2396
2378
2404
2357
2402
2438
2394
2421
2409
2370
2389
2367
2374
2403
2376
2398
2422
2373
2402
2427
2376
2378
2420
2415
2400
2430
2368
2352
2471
2418
2336
2409
2421
2371
2374
2364
2393
2421
2375
2340
2438
2454
2355
2396
2448
2397
2367
2384
2382
2410
2439
2386
2372
2394
2400
2403
2412
2429
2386
2330
2405
2411
2348
2407
2421
2366
2409
2424
2378
2403
2429
2424
2440
2446
2409
2368
2367
2438
2428
2346
2373
2418
2344
2352
2425
2414
2424
2426
2415
2483
2414
2349
2400
2421
2391
2438
2411
2387
2433
2422
2413
2359
2342
2413
2410
2370
2414
2411
2372
2412
2425
2369
2387
2426
2384
2406
2450
2398
2393
2401
2419
2411
2344
2382
2431
2386
2368
2390
2396
2380
2389
2407
2400
2414
2440
2406
2366
2372
2401
2395
2413
2480
2444
2376
2396
2433
2378
2382
2429
2420
2393
2390
2403
2416
2411
2419
2411
2417
2397
2362
2433
2475
2379
2359
2437
2384
2353
2489
2483
2364
2391
2443
2399
2405
2427
2410
2438
2469
2405
2398
2436
2405
2395
2439
2409
2350
2375
2423
2395
2380
2400
2372
2359
2406
2392
2391
2400
2422
2499
2463
2356
2411
2426
2364
2397
2465
2408
2369
2386
2392
2426
2427
2348
2399
2479
2359
2311
2406
2379
2346
2397
2369
2337
2390
2392
2382
2427
2383
2344
2396
2388
2347
2388
2406
2410
2400
2365
2378
2409
2443
2396
2339
2400
2403
2347
2375
2434
2435
2400
2380
2385
2401
2405
2388
2404
2411
2367
2397
2474
2404
2362
2415
2416
2370
2419
2438
2365
2416
2456
2382
2316
2379
2429
2350
2357
2460
2459
2375
2366
2429
2436
2401
2375
2399
2442
2414
2374
2398
2390
2367
2453
2444
2381
2421
2410
2374
2441
2448
2403
2406
2410
2377
2372
2387
2407
2377
2386
2452
2439
2379
2410
2428
2387
2391
2399
2385
2390
2413
2405
2409
2404
2412
2437
2391
2386
2463
2446
2374
2404
2450
2410
2363
2400
2422
2366
2375
2394
2396
2418
2462
2424
2411
2416
2373
2358
2430
2384
2333
2396
2432
2402
2382
2354
2386
2409
2371
2390
2426
2393
2405
2430
2368
2363
2439
2413
2403
2434
2394
2374
2403
2430
2415
2355
2398
2425
2349
2413
2437
2326
2400
2451
2327
2343
2465
2428
2420
2435
2387
2389
2377
2351
2409
2389
2329
2403
2408
2344
2436
2467
2336
2338
2429
2402
2372
2387
2380
2380
2434
2420
2400
2438
2434
2391
2430
2457
2406
2388
2425
2399
2398
2415
2377
2377
2448
2416
2412
2426
2382
2391
2455
2402
2357
2413
2425
2399
2406
2389
2400
2451
2405
2365
2431
2420
2373
2422
2421
2347
2399
2476
2405
2365
2406
2419
2417
2383
2385
2377
2343
2396
2423
2375
2404
2379
2393
2453
2385
2336
2406
2377
2363
2411
2350
2354
2427
2375
2405
2423
2376
2411
2410
2354
2457
2459
2295
2380
2496
2368
2307
2416
2423
2378
2428
2455
2433
2412
2366
2402
2430
2382
2379
2408
2419
2391
2328
2363
2475
2403
2333
2438
2394
2346
2436
2377
2367
2461
2397
2370
2407
2412
2438
2403
2357
2444
2416
2282
2339
2465
2402
2346
2400
2399
2411
2395
2370
2432
2413
2353
2419
2420
2336
2405
2459
2367
2394
2466
2417
2386
2388
2411
2453
2400
2363
2447
2451
2340
2371
2457
2428
2388
2421
2422
2426
2408
2379
2396
2398
2396
2455
2421
2367
2378
2364
2356
2369
2413
2441
2409
2402
2451
2456
2389
2376
2431
2385
2369
2415
2382
2343
2372
2419
2440
2418
2406
2401
2402
2391
2407
2432
2425
2399
2404
2405
2368
2361
2415
2425
2378
2378
2436
2421
2377
2365
2406
2441
2417
2430
2397
2367
2414
2436
2405
2417
2437
2379
2373
2416
2351
2406
2422
2358
2390
2454
2390
2383
2417
2369
2362
2434
2405
2353
2379
2442
2445
2373
2338
2429
2449
2369
2369
2388
2385
2390
2367
2409
2440
2413
2371
2394
2425
2392
2373
2386
2407
2401
2381
2389
2383
2399
2401
2388
2431
2430
2340
2388
2436
2350
2367
2468
2448
2396
2405
2377
2370
2396
2400
2383
2387
2407
2404
2352
2383
2449
2393
2384
2470
2433
2380
2471
2449
2327
2394
2446
2361
2387
2422
2346
2401
2431
2326
2366
2434
2391
2372
2433
2420
2336
2352
2407
2390
2373
2397
2403
2374
2359
2395
2470
2426
2362
2393
2427
2403
2403
2411
2394
2363
2387
2400
2366
2395
2394
2348
2397
2433
2377
2403
2447
2391
2393
2455
2419
2362
2336
2362
2432
2408
2370
2427
2449
2420
2390
2348
2380
2450
2373
2349
2475
2490
2397
2388
2437
2400
2406
2462
2411
2374
2446
2443
2369
2397
2454
2450
2400
2396
2432
2412
2370
2364
2368
2395
2401
2397
2440
2387
2346
2433
2474
2409
2376
2399
2421
2380
2385
2444
2410
2388
2432
2401
2406
2445
2387
2383
2430
2403
2389
2407
2405
2405
2401
2395
2421
2388
2352
2390
2386
2362
2423
2422
2377
2401
2385
2348
2417
2459
2357
2305
2367
2356
2385
2482
2416
2341
2424
2409
2368
2404
2399
2397
2422
2391
2385
2410
2401
2406
2389
2367
2402
2455
2427
2416
2453
2420
2388
2410
2357
2364
2440
2391
2384
2433
2387
2340
2413
2434
2377
2414
2425
2366
2412
2457
2418
2381
2372
2403
2398
2372
2362
2403
2418
2359
2392
2437
2404
2369
2387
2421
2396
2373
2393
2413
2414
2394
2379
2395
2371
2370
2441
2402
2346
2411
2458
2418
2384
2385
2430
2439
2357
2431
2528
2404
2384
2460
2431
2428
2431
2385
2404
2420
2379
2410
2398
2379
2399
2399
2368
2366
2415
2418
2357
2366
2440
2431
2397
2406
2421
2419
2407
2428
2444
2419
2360
2359
2429
2412
2380
2403
2404
2418
2419
2458
2458
2380
2392
2416
2384
2368
2422
2402
2367
2445
2452
2376
2395
2415
2398
2385
2377
2384
2366
2357
2411
2437
2391
2416
2396
2331
2383
2422
2406
2398
2363
2407
2442
2392
2390
2433
2436
2407
2407
2427
2431
2379
2359
