2702
2630
2472
2228
2079
2039
2085
2250
2447
2625
2758
2739
2634
2504
2255
2039
2050
2122
2205
2373
2589
2719
2750
2681
2512
2282
2122
2038
2023
2155
2385
2564
2742
2799
2673
2527
2307
2077
2022
2075
2112
2303
2607
2715
2701
2688
2543
2289
2168
2086
2018
2118
2319
2544
2737
2780
2705
2615
2385
2120
2008
2011
2155
2253
2417
2700
2806
2708
2580
2362
2142
2104
2026
2059
2347
2509
2597
2760
2783
2633
2411
2209
2049
1973
2066
2201
2431
2673
2760
2737
2644
2447
2220
2103
2049
2066
2254
2454
2622
2764
2713
2555
2477
2312
2067
1990
2091
2234
2394
2587
2785
2761
2594
2478
2285
2075
2007
2051
2198
2410
2591
2729
2784
2718
2551
2266
2075
2043
2059
2161
2387
2577
2723
2777
2678
2555
2344
2121
2064
2091
2161
2352
2599
2717
2762
2709
2522
2337
2156
2008
2019
2118
2326
2557
2685
2764
2743
2529
2330
2223
2030
2012
2185
2290
2490
2732
2776
2745
2667
2386
2116
2060
2062
2109
2281
2503
2663
2723
2737
2645
2427
2191
2068
2058
2123
2249
2485
2701
2755
2725
2643
2448
2234
2098
2017
2039
2256
2478
2612
2722
2791
2650
2444
2290
2121
2036
2107
2227
2474
2663
2708
2739
2687
2498
2264
2084
2028
2039
2196
2425
2630
2740
2761
2695
2491
2292
2149
2044
2033
2152
2419
2600
2680
2781
2755
2492
2277
2190
2042
1997
2180
2378
2551
2662
2747
2765
2556
2283
2147
2058
2036
2144
2349
2566
2737
2767
2682
2582
2375
2156
2031
2044
2134
2281
2512
2681
2780
2741
2570
2423
2224
2020
2021
2128
2281
2499
2682
2746
2720
2600
2422
2228
2080
2014
2113
2266
2448
2680
2774
2710
2628
2469
2239
2082
1987
2046
2259
2414
2603
2799
2756
2633
2490
2226
2039
2001
2057
2228
2438
2588
2726
2797
2625
2426
2286
2085
1939
2017
2237
2438
2602
2678
2732
2726
2517
2240
2162
2114
2047
2166
2381
2574
2728
2729
2653
2577
2343
2058
1989
2054
2113
2293
2561
2688
2739
2703
2530
2359
2160
2014
2041
2132
2290
2506
2712
2777
2766
2635
2359
2176
2054
1946
2101
2384
2530
2626
2751
2726
2589
2374
2140
2070
2074
2112
2296
2504
2641
2758
2724
2552
2413
2239
2058
2005
2097
2277
2468
2605
2730
2779
2625
2421
2261
2076
2007
2104
2243
2435
2684
2755
2706
2671
2494
2225
2120
2071
2062
2164
2442
2647
2711
2780
2683
2424
2267
2116
1994
2081
2204
2345
2609
2759
2758
2674
2509
2310
2090
1966
2042
2216
2382
2571
2745
2742
2609
2520
2379
2148
2012
2012
2141
2352
2522
2652
2769
2733
2532
2314
2148
2077
2063
2118
2308
2510
2701
2772
2676
2551
2389
2160
2010
2058
2147
2275
2519
2692
2733
2724
2579
2396
2218
2050
1967
2086
2307
2526
2666
2714
2729
2621
2385
2181
2089
2041
2091
2284
2489
2645
2728
2750
2675
2467
2192
2049
2055
2084
2270
2531
2645
2706
2795
2688
2404
2230
2147
1996
1998
2209
2417
2577
2728
2769
2680
2506
2258
2108
2059
2056
2202
2411
2572
2756
2834
2688
2549
2335
2071
2027
2061
2111
2329
2576
2724
2772
2716
2517
2328
2136
1992
2060
2187
2293
2525
2735
2756
2696
2603
2404
2175
2050
2020
2076
2326
2554
2646
2810
2780
2507
2380
2214
1982
2028
2117
2263
2593
2747
2721
2697
2616
2403
2184
2057
2046
2111
2241
2482
2703
2765
2721
2633
2431
2169
2065
2052
2053
2250
2525
2689
2743
2739
2648
2447
2200
2064
2039
2070
2230
2458
2619
2713
2739
2691
2466
2203
2101
2049
2038
2217
2458
2594
2723
2752
2658
2521
2214
2013
2045
2034
2169
2429
2560
2660
2720
2647
2495
2310
2114
2023
2096
2196
2341
2601
2750
2764
2699
2520
2325
2171
2020
2010
2187
2363
2523
2708
2785
2674
2545
2393
2151
1993
2051
2156
2336
2581
2719
2765
2702
2556
2408
2177
1979
2005
2169
2319
2490
2642
2753
2769
2572
2332
2230
2075
1996
2130
2323
2460
2667
2809
2696
2567
2448
2218
2052
2001
2079
2274
2447
2638
2830
2781
2598
2467
2262
2016
1988
2127
2274
2412
2642
2781
2715
2609
2465
2267
2107
2028
2051
2224
2457
2650
2751
2735
2641
2508
2317
2131
2054
2068
2191
2369
2600
2792
2777
2660
2561
2288
2088
2087
2037
2153
2453
2599
2696
2772
2667
2505
2340
2170
2046
2067
2219
2362
2530
2699
2736
2729
2582
2315
2165
2055
2013
2148
2359
2518
2653
2792
2766
2557
2363
2195
2042
2008
2119
2328
2513
2609
2732
2791
2580
2344
2252
2128
1981
2059
2290
2505
2651
2728
2743
2620
2410
2219
2075
2012
2113
2253
2445
2690
2779
2721
2639
2430
2216
2082
2029
2104
2285
2444
2620
2801
2746
2608
2459
2239
2086
2039
2075
2211
2430
2620
2732
2758
2655
2494
2299
2101
2002
2089
2197
2318
2573
2710
2728
2698
2493
2291
2153
2004
1984
2179
2406
2575
2722
2764
2695
2579
2341
2107
2063
2042
2111
2353
2591
2701
2767
2738
2520
2307
2138
2029
2038
2117
2288
2548
2706
2747
2744
2593
2377
2206
2069
2026
2118
2269
2538
2743
2740
2670
2636
2426
2126
2060
2104
2095
2237
2502
2655
2785
2826
2610
2402
2235
2049
2019
2172
2272
2433
2662
2793
2786
2639
2399
2224
2078
2010
2088
2272
2456
2643
2775
2773
2624
2421
2244
2077
2029
2127
2205
2407
2660
2732
2719
2638
2514
2315
2097
2002
2087
2258
2398
2573
2737
2741
2663
2551
2317
2051
1982
2053
2172
2376
2567
2741
2784
2620
2543
2364
2104
2048
2075
2142
2364
2578
2711
2806
2716
2540
2357
2122
2000
2028
2104
2320
2541
2681
2771
2709
2558
2384
2189
2045
1989
2099
2302
2510
2688
2797
2743
2546
2384
2215
2031
2005
2097
2273
2491
2665
2747
2709
2613
2440
2232
2061
1990
2081
2291
2477
2612
2741
2771
2635
2407
2233
2113
1982
2020
2266
2458
2593
2750
2787
2670
2432
2225
2119
1991
2017
2266
2459
2587
2745
2797
2654
2491
2311
2096
2028
2072
2184
2355
2561
2709
2745
2689
2514
2281
2118
2023
2022
2206
2416
2562
2713
2735
2670
2538
2309
2135
2053
2011
2113
2338
2590
2682
2662
2698
2558
2288
2140
2079
2056
2130
2320
2533
2713
2743
2688
2577
2333
2163
2076
1980
2078
2315
2526
2685
2769
2699
2591
2393
2125
2065
2057
2030
2223
2532
2712
2717
2704
2657
2417
2154
2065
2011
2044
2252
2468
2610
2759
2760
2617
2451
2205
2058
2072
2093
2208
2444
2655
2718
2718
2654
2429
2191
2120
2057
2023
2179
2429
2613
2719
2728
2630
2472
2276
2077
2003
2125
2226
2349
2624
2763
2756
2694
2500
2277
2125
2018
2014
2179
2405
2573
2684
2747
2691
2542
2311
2109
2077
2081
2132
2329
2544
2701
2776
2654
2540
2404
2147
2010
2075
2149
2281
2551
2735
2759
2752
2609
2360
2163
2070
2026
2071
2277
2543
2695
2755
2722
2590
2404
2199
2034
2028
2137
2319
2527
2692
2781
2749
2560
2360
2218
2078
2000
2062
2266
2496
2647
2742
2719
2604
2462
2254
2068
2034
2089
2218
2442
2638
2727
2774
2620
2403
2315
2181
1983
1991
2234
2477
2590
2717
2797
2679
2448
2270
2120
2027
2025
2153
2405
2633
2709
2714
2672
2530
2297
2097
1998
2047
2201
2367
2581
2785
2759
2697
2591
2331
2138
2076
2047
2166
2393
2554
2693
2804
2764
2560
2318
2173
2027
1955
2130
2376
2510
2699
2836
2719
2514
2352
2189
2050
2026
2119
2306
2540
2705
2792
2733
2565
2399
2218
2047
2018
2133
2275
2495
2697
2727
2686
2644
2423
2183
2062
2005
2080
2292
2468
2646
2796
2769
2622
2406
2208
2082
1985
2066
2315
2457
2636
2834
2750
2585
2495
2285
2077
2021
2073
2225
2433
2607
2738
2782
2678
2442
2222
2130
2074
2022
2138
2413
2605
2730
2807
2644
2427
2346
2150
1999
2092
2208
2372
2575
2761
2797
2647
2516
2326
2113
2050
2061
2165
2386
2589
2697
2801
2746
2537
2350
2178
2012
1996
2133
2312
2514
2724
2788
2716
2581
2359
2150
2042
2038
2126
2273
2491
2684
2768
2738
2574
2341
2155
2065
2054
2114
2287
2542
2702
2735
2752
2651
2428
2247
2103
2008
2084
2249
2484
2700
2726
2690
2635
2436
2239
2112
1994
2079
2246
2386
2635
2765
2708
2660
2483
2204
2080
2070
2099
2241
2415
2592
2741
2750
2663
2525
2263
2048
2026
2065
2192
2397
2594
2734
2775
2698
2499
2294
2144
2044
2078
2185
2369
2576
2715
2782
2727
2542
2315
2143
2045
2021
2136
2336
2549
2677
2733
2707
2604
2344
2094
2042
2055
2112
2319
2529
2643
2722
2757
2571
2294
2185
2103
1983
2125
2313
2455
2718
2821
2679
2548
2379
2162
2043
1996
2080
2282
2465
2650
2797
2757
2601
2444
2227
2051
2036
2109
2258
2447
2607
2775
2763
2564
2440
2296
2061
2054
2122
2186
2431
2646
2695
2733
2686
2471
2241
2117
2058
2082
2222
2454
2630
2707
2765
2692
2472
2276
2123
2047
2045
2199
2442
2560
2667
2825
2734
2473
2309
2108
1975
2049
2187
2366
2574
2746
2738
2645
2544
2324
2079
2035
2065
2125
2363
2583
2653
2746
2714
2520
2319
2145
2002
2026
2147
2350
2574
2701
2728
2744
2635
2300
2080
2105
2036
2079
2398
2560
2597
2756
2746
2532
2396
2216
2021
2029
2115
2300
2515
2632
2718
2754
2598
2370
2216
2037
1966
2093
2269
2473
2631
2730
2776
2668
2416
2215
2139
2064
2066
2241
2490
2632
2689
2754
2699
2476
2235
2067
2022
2101
2205
2390
2632
2732
2725
2705
2530
2237
2072
2056
2077
2186
2419
2628
2707
2741
2694
2513
2306
2122
2030
2043
2153
2387
2587
2717
2781
2682
2505
2350
2135
2011
2043
2154
2365
2570
2684
2767
2686
2546
2397
2187
2004
2024
2169
2335
2534
2721
2768
2672
2591
2376
2118
2058
2002
2059
2322
2528
2662
2768
2716
2542
2397
2251
2070
2002
2112
2285
2471
2684
2782
2746
2629
2441
2212
2060
2047
2123
2247
2433
2638
2750
2689
2575
2404
2228
2048
1979
2127
2272
2421
2667
2768
2715
2663
2497
2224
2058
2012
2047
2185
2427
2668
2739
2757
2726
2508
2235
2108
2009
1997
2199
2430
2556
2693
2802
2711
2520
2327
2094
2020
2096
2155
2376
2614
2711
2760
2719
2543
2293
2083
2015
2045
2148
2354
2542
2700
2808
2710
2545
2435
2182
1948
2005
2147
2293
2579
2736
2691
2677
2606
2381
2151
2017
2051
2158
2286
2454
2662
2760
2702
2625
2445
2194
2078
2060
2084
2273
2499
2659
2751
2697
2573
2415
2178
1995
1986
2104
2254
2486
2672
2713
2733
2656
2429
2233
2138
2053
2048
2249
2480
2599
2711
2777
2644
2429
2282
2135
2031
2051
2173
2394
2637
2756
2762
2679
2493
2267
2116
2051
2020
2184
2444
2576
2681
2776
2711
2478
2228
2097
2054
2047
2158
2363
2562
2726
2752
2706
2570
2285
2055
2055
2069
2111
2329
2572
2689
2770
2764
2571
2316
2138
2034
2039
2167
2326
2503
2670
2762
2763
2603
2352
2177
2049
1955
2083
2332
2518
2693
2755
2734
2662
2380
2117
2087
2053
2024
2277
2562
2628
2710
2761
2589
2413
2228
2032
2051
2116
2176
2452
2677
2719
2721
2642
2443
2248
2097
2014
2062
2249
2435
2619
2797
2738
2538
2470
2315
2037
1956
2040
2194
2409
2584
2709
2787
2671
2458
2279
2121
2029
2046
2183
2403
2629
2745
2793
2703
2502
2301
2133
2070
2088
2166
2404
2602
2691
2748
2698
2534
2337
2144
2000
2036
2245
2349
2477
2751
2840
2704
2548
2380
2177
2049
2062
2136
2303
2534
2702
2752
2714
2555
2327
2196
2077
1960
2079
2371
2545
2629
2755
2785
2587
2358
2226
2064
1965
2093
2277
2406
2661
2796
2738
2633
2420
2193
2114
2057
2095
2257
2452
2660
2764
2705
2655
2521
2197
2060
2091
2075
2220
2440
2606
2748
2756
2620
2464
2270
2102
2046
2076
2218
2444
2611
2763
2789
2624
2472
2381
2138
1954
2036
2188
2344
2589
2722
2668
2662
2541
2271
2090
2031
2051
2159
2391
2580
2690
2791
2746
2510
2272
2119
2046
2053
2168
2373
2609
2707
2756
2774
2557
2328
2174
2014
2036
2157
2305
2534
2690
2749
2718
2561
2389
2191
2019
2024
2131
2276
2487
2658
2736
2749
2599
2349
2170
2065
2062
2112
2252
2493
2708
2767
2743
2638
2441
2191
2048
2033
2076
2240
2484
2607
2705
2748
2623
2431
2243
2077
2000
2082
2234
2439
2640
2742
2790
2685
2470
2290
2094
1988
2064
2188
2396
2663
2746
2736
2708
2530
2267
2134
2033
2022
2187
2377
2603
2769
2781
2731
2564
2267
2089
2054
2045
2119
2379
2642
2748
2727
2680
2539
2298
2127
2050
2045
2167
2345
2529
2714
2769
2653
2535
2360
2129
2046
2037
2090
2323
2528
2652
2742
2708
2547
2370
2205
2066
2008
2113
2340
2532
2647
2773
2787
2554
2322
2219
2057
1973
2156
2327
2452
2696
2762
2664
2606
2421
2174
2074
2004
2040
2285
2499
2644
2750
2732
2636
2450
2221
2099
2023
2062
2253
2443
2617
2774
2767
2584
2445
2288
2096
2015
2078
2223
2401
2598
2743
2774
2705
2487
2265
2120
2001
2048
2258
2396
2551
2752
2751
2611
2536
2346
2091
2004
2058
2154
2404
2620
2707
2780
2695
2490
2340
2160
2017
2055
2203
2376
2615
2776
2777
2711
2532
2329
2160
2030
2009
2136
2328
2501
2696
2827
2735
2538
2381
2194
2000
1998
2157
2330
2518
2651
2726
2738
2608
2401
2177
2004
2029
2111
2226
2475
2679
2721
2719
2626
2440
2241
2076
2000
2113
2335
2485
2627
2784
2727
2575
2448
2244
2054
1997
2060
2268
2470
2604
2752
2805
2642
2406
2251
2096
1999
2090
2259
2428
2603
2738
2767
2660
2443
2216
2096
2041
2054
2215
2404
2583
2713
2764
2716
2547
2294
2129
2014
2062
2242
2399
2558
2726
2759
2679
2535
2315
2118
1998
2018
2191
2366
2541
2721
2818
2713
2490
2336
2190
2036
2034
2140
2304
2521
2671
2740
2752
2583
2355
2177
2011
2027
2156
2256
2479
2701
2771
2707
2553
2383
2175
2026
2019
2077
2261
2523
2680
2783
2802
2604
2392
2282
2087
1965
2094
2280
2465
2634
2726
2760
2650
2425
2254
2135
2011
2061
2271
2443
2591
2755
2770
2639
2488
2297
2114
2008
2048
2227
2423
2606
2778
2789
2634
2470
2299
2098
2006
2014
2156
2380
2586
2735
2787
2659
2438
2283
2144
2039
2057
2170
2362
2550
2706
2774
2689
2472
2306
2172
2024
1992
2163
2389
2537
2688
2839
2727
2473
2304
2182
2051
2024
2156
2358
2518
2678
2800
2725
2514
2326
2199
2074
1978
2103
2335
2498
2668
2794
2742
2591
2380
2184
2077
2044
2093
2316
2508
2640
2741
2728
2612
2384
2142
2078
2057
2071
2257
2523
2678
2745
2734
2634
2455
2231
2074
2027
2097
2257
2446
2646
2769
2753
2668
2495
2247
2098
2110
2088
2142
2453
2675
2710
2712
2640
2488
2259
2056
1995
2080
2201
2351
2586
2733
2736
2672
2509
2303
2109
2007
2040
2223
2445
2579
2667
2723
2680
2535
2306
2099
2034
2075
2154
2319
2585
2764
2782
2679
2537
2361
2154
2007
2046
2163
2329
2521
2700
2761
2726
2584
2352
2171
2044
1987
2159
2361
2533
2694
2751
2698
2588
2405
2196
2044
1959
2058
2286
2490
2687
2761
2707
2582
2381
2195
2087
2016
2054
2240
2503
2659
2724
2757
2653
2449
2232
2052
2023
2121
2245
2404
2598
2738
2755
2667
2469
2207
2080
2063
2096
2227
2442
2597
2704
2797
2695
2409
2253
2187
2055
2032
2221
2400
2573
2739
2752
2667
2535
2287
2102
2070
2054
2118
2359
2572
2708
2798
2723
2552
2376
2133
2010
2008
2126
2344
2569
2729
2786
2701
2553
2363
2155
2035
2037
2142
2355
2564
2668
2775
2809
2616
2374
2186
1999
1979
2165
2289
2482
2703
2737
2705
2639
2398
2135
2060
2028
2072
2256
2471
2683
2757
2674
2617
2468
2195
2052
2046
2088
2244
2442
2622
2770
2737
2595
2458
2245
2028
2013
2109
2243
2425
2630
2784
2760
2640
2497
2259
2055
1994
2073
2244
2406
2559
2735
2807
2673
2471
2290
2100
1984
2072
2257
2382
2590
2761
2750
2637
2495
2284
2112
2033
2059
2195
2371
2568
2755
2756
2693
2526
2292
2150
2071
2046
2145
2350
2582
2704
2746
2717
2575
2388
2206
2006
2040
2189
2313
2507
2727
2788
2693
2554
2346
2156
2044
2020
2133
2299
2504
2664
2728
2721
2593
2386
2183
2055
2030
2101
2274
2487
2658
2749
2740
2602
2427
2167
2020
2071
2172
2269
2443
2650
2781
2738
2579
2457
2220
1982
2024
2124
2195
2448
2674
2729
2740
2649
2434
2264
2145
2007
2030
2211
2396
2593
2756
2762
2651
2506
2313
2106
1987
2047
2221
2386
2575
2747
2774
2632
2474
2295
2121
2048
2070
2169
2362
2578
2714
2737
2688
2549
2338
2097
1979
2044
2173
2331
2572
2742
2760
2750
2579
2306
2184
2079
1986
2130
2369
2559
2708
2748
2721
2574
2325
2176
2075
2011
2136
2288
2474
2724
2788
2669
2582
2449
2183
2034
2096
2138
2239
2522
2706
2743
2758
2611
2365
2198
2055
2019
2145
2263
2446
2672
2711
2684
2627
2421
2222
2097
1982
2017
2280
2483
2587
2752
2770
2584
2454
2297
2060
2002
2085
2190
2439
2670
2688
2710
2690
2497
2289
2120
1999
2010
2176
2385
2565
2729
2790
2670
2515
2317
2092
2010
2089
2208
2380
2586
2751
2765
2656
2553
2345
2095
2009
2078
2199
2352
2571
2728
2718
2636
2597
2385
2085
2015
2067
2118
2317
2537
2681
2768
2730
2540
2334
2158
2008
2014
2128
2297
2512
2640
2747
2781
2590
2392
2220
2018
1989
2160
2263
2411
2710
2769
2691
2639
2437
2201
2073
1998
2094
2275
2474
2637
2747
2739
2625
2457
2214
2077
2062
2064
2193
2437
2654
2709
2691
2677
2487
2252
2104
1991
2061
2237
2419
2611
2766
2757
2623
2516
2321
2090
2057
2019
2106
2430
2638
2677
2771
2729
2481
2291
2159
2013
2020
2193
2396
2577
2727
2763
2722
2555
2293
2123
2007
1984
2175
2366
2514
2722
2818
2698
2541
2362
2125
2020
2064
2157
2357
2538
2659
2809
2753
2521
2337
2198
2050
2009
2111
2309
2529
2656
2764
2745
2533
2350
2194
2051
2023
2130
2306
2505
2687
2764
2736
2645
2424
2212
2088
2000
2045
2256
2477
2621
2759
2763
2637
2430
2227
2105
2044
2034
2213
2480
2631
2717
2773
2639
2393
2234
2123
2050
2090
2212
2416
2603
2725
2774
2682
2472
2250
2081
1995
2031
2177
2394
2619
2721
2724
2639
2504
2317
2079
1994
2094
2174
2366
2608
2715
2806
2739
2461
2315
2215
2044
2041
2197
2329
2532
2738
2770
2720
2579
2334
2141
2029
1985
2130
2339
2514
2690
2784
2725
2607
2402
2112
2009
2048
2089
2211
2504
2759
2771
2698
2567
2364
2193
2037
1967
2139
2382
2507
2628
2757
2756
2616
2450
2235
2049
2050
2126
2233
2464
2634
2694
2712
2634
2392
2210
2131
2019
2060
2295
2451
2585
2743
2770
2685
2457
2169
2065
2059
2045
2159
2417
2622
2733
2752
2670
2487
2252
2077
2041
2085
2151
2359
2655
2762
2701
2681
2524
2248
2147
2076
2018
2195
2460
2567
2697
2784
2681
2523
2342
2149
2007
2004
2206
2382
2516
2688
2775
2700
2580
2396
2163
2048
2018
2083
2306
2532
2697
2786
2706
2528
2351
2189
2050
2013
2171
2334
2529
2737
2806
2715
2586
2418
2170
2005
2018
2148
2331
2485
2646
2737
2740
2625
2411
2184
2061
2059
2127
2254
2442
2612
2730
2744
2633
2441
2219
2065
2035
2043
2167
2484
2680
2695
2706
2634
2436
2239
2063
2014
2099
2177
2396
2669
2728
2697
2621
2474
2267
2098
2033
2069
2180
2397
2661
2754
2715
2669
2504
2267
2122
2028
2017
2180
2414
2597
2735
2754
2672
2555
2334
2111
2022
2011
2136
2371
2551
2712
2828
2716
2507
2351
2182
2011
2028
2112
2273
2538
2700
2747
2762
2597
2357
2222
2069
1998
2120
2331
2535
2679
2746
2753
2612
2375
2178
2051
2023
2097
2276
2507
2706
2735
2716
2619
2399
2190
2039
1965
2111
2311
2438
2621
2787
2742
2595
2473
2235
2001
1975
2091
2249
2447
2633
2743
2764
2654
2447
2266
2115
2003
2057
2224
2424
2594
2706
2767
2702
2496
2273
2126
2019
2022
2203
2429
2622
2735
2798
2712
2489
2308
2149
2014
2056
2176
2341
2599
2725
2716
2680
2541
2335
2170
2044
2019
2141
2298
2530
2697
2734
2715
2569
2289
2138
2074
2016
2125
2353
2531
2686
2775
2692
2548
2431
2195
1983
2026
2165
2267
2526
2727
2721
2696
2601
2358
2170
2069
2048
2140
2298
2500
2717
2800
2703
2587
2487
2232
2025
2028
2075
2203
2490
2672
2735
2748
2651
2455
2251
2080
1995
2096
2294
2440
2647
2805
2728
2624
2539
2267
2046
2050
2088
2212
2456
2643
2778
2791
2621
2488
2324
2119
2031
2077
2195
2398
2628
2736
2726
2660
2539
2355
2114
1999
2063
2185
2407
2566
2692
2795
2678
2501
2363
2151
2036
2090
2172
2318
2567
2694
2741
2689
2559
2393
2185
2035
2029
2154
2362
2511
2677
2813
2748
2553
2361
2192
2068
2018
2118
2304
2508
2693
2798
2728
2547
2368
2194
2097
2064
2053
2264
2533
2656
2783
2815
2601
2427
2283
2081
2018
2110
2225
2437
2661
2756
2769
2652
2414
2215
2129
2044
2082
2256
2442
2620
2761
2743
2602
2430
2243
2117
2041
2004
2177
2448
2625
2735
2777
2685
2492
2280
2111
2011
2043
2237
2413
2542
2702
2821
2720
2494
2268
2122
2045
2029
2167
2422
2564
2683
2813
2719
2459
2292
2157
2027
2022
2176
2325
2503
2705
2796
2712
2572
2359
2109
2005
2029
2097
2301
2564
2670
2702
2729
2586
2343
2138
2038
2042
2109
2318
2535
2651
2774
2760
2600
2421
2216
2036
2018
2103
2237
2489
2714
2763
2719
2606
2425
2235
2057
2014
2118
2230
2434
2675
2772
2710
2615
2436
2212
2085
2041
2066
2213
2445
2664
2778
2733
2582
2478
2285
2039
2035
2103
2187
2439
2619
2714
2805
2643
2427
2312
2137
2000
2042
2204
2418
2634
2692
2753
2760
2515
2239
2139
2057
2008
2131
2354
2575
2727
2763
2685
2524
2340
2143
2008
2049
2166
2331
2578
2721
2725
2725
2600
2314
2121
2003
2009
2169
2351
2529
2709
2773
2693
2587
2450
2197
2028
2069
2150
2300
2568
2667
2684
2740
2590
2342
2205
2084
1965
2068
2327
2484
2642
2744
2690
2607
2414
2173
2049
2040
2091
2275
2512
2630
2743
2812
2644
2381
2233
2103
2012
2088
2254
2430
2659
2761
2750
2700
2470
2207
2142
2052
1999
2208
2444
2549
2748
2810
2604
2466
2295
2056
1981
2043
2189
2397
2570
2690
2754
2667
2478
2310
2120
2023
2038
2111
2338
2605
2732
2724
2666
2549
2314
2082
2025
2064
2184
2322
2521
2772
2845
2679
2536
2386
2116
1978
2049
2192
2350
2480
2619
2747
2690
2526
2387
2181
2009
2040
2153
2290
2515
2682
2711
2723
2622
2370
2171
2106
2061
2085
2247
2486
2687
2736
2698
2631
2414
2200
2070
2023
2081
2204
2451
2689
2721
2704
2694
2495
2213
2069
2029
2090
2247
2414
2640
2772
2717
2631
2492
2263
2068
2026
2087
2199
2412
2628
2721
2751
2708
2491
2267
2103
1999
2038
2152
2355
2633
2749
2716
2676
2558
2282
2095
2087
2059
2157
2396
2550
2677
2747
2680
2544
2345
2118
2044
2071
2078
2290
2603
2725
2766
2717
2542
2362
2163
2014
2056
2164
2297
2553
2719
2734
2723
2615
2380
2157
2033
2041
2165
2301
2481
2710
2807
2703
2514
2349
2202
2064
1990
2093
2325
2505
2696
2819
2759
2606
2389
2173
2048
1990
2105
2285
2446
2661
2780
2709
2596
2483
2228
2032
2020
2092
2226
2443
2659
2760
2681
2609
2522
2268
2017
2005
2090
2190
2419
2623
2734
2761
2627
2417
2255
2113
2000
2016
2192
2420
2622
2703
2711
2731
2554
2237
2124
2092
2035
2161
2402
2578
2698
2775
2673
2475
2303
2153
2029
2006
2156
2341
2492
2711
2797
2646
2523
2360
2138
2021
2010
2097
2325
2577
2693
2724
2714
2613
2399
2124
2005
2044
2129
2261
2484
2642
2755
2773
2586
2347
2232
2082
1942
2058
2309
2477
2615
2751
2766
2620
2365
2175
2105
2052
2079
2246
2467
2632
2730
2773
2673
2424
2197
2091
2087
2110
2225
2472
2661
2695
2707
2682
2450
2190
2100
2045
2045
2197
2433
2635
2724
2774
2656
2371
2266
2211
1998
1951
2207
2403
2568
2730
2754
2688
2544
2276
2097
2082
2054
2153
2431
2619
2710
2760
2667
2504
2333
2156
2037
2032
2148
2352
2546
2696
2745
2683
2559
2378
2166
2078
2067
2078
2324
2562
2667
2772
2759
2546
2351
2213
2047
2016
2165
2287
2478
2732
2759
2687
2594
2404
2215
2071
2039
2140
2285
2486
2691
2740
2715
2660
2405
2141
2049
2016
2078
2255
2453
2631
2758
2747
2609
2437
2255
2081
2010
2050
2238
2440
2595
2722
2766
2610
2422
2254
2095
2007
2038
2211
2448
2615
2725
2752
2654
2428
2246
2133
2034
2030
2212
2434
2602
2712
2735
2725
2549
2204
2062
2056
2026
2158
2416
2591
2732
2771
2667
2536
2330
2087
1984
2032
2152
2338
2579
2713
2743
2700
2531
2288
2145
2068
1997
2098
2372
2560
2682
2782
2721
2556
2377
2201
2084
2004
2117
2374
2491
2630
2811
2739
2505
2374
2227
2084
2015
2044
2292
2541
2625
2714
2793
2617
2391
2233
2043
2003
2131
2239
2438
2704
2758
2689
2631
2445
2219
2040
1985
2098
2236
2414
2663
2768
2742
2665
2463
2220
2071
1989
2022
2209
2450
2642
2718
2725
2646
2475
2292
2132
2024
2046
2202
2398
2626
2757
2716
2644
2534
2271
2133
2081
2000
2121
2453
2593
2647
2771
2692
2480
2334
2112
1943
2045
2207
2344
2585
2727
2727
2673
2557
2359
2172
2027
2018
2159
2339
2547
2742
2732
2674
2663
2420
2102
2066
2077
2090
2320
2553
2644
2777
2771
2588
2390
2189
2038
2061
2108
2222
2498
2673
2684
2744
2692
2417
2184
2080
2034
2109
2261
2450
2666
2753
2704
2631
2481
2196
2026
2009
2066
2221
2392
2585
2816
2766
2589
2534
2288
2039
2051
2073
2108
2411
2651
2711
2749
2672
2450
2252
2080
2000
2083
2214
2392
2615
2707
2717
2665
2482
2277
2121
2040
2099
2223
2393
2569
2715
2778
2692
2543
2360
2144
1976
2028
2203
2338
2549
2729
2778
2695
2484
2291
2201
2060
1972
2153
2344
2490
2711
2770
2653
2583
2382
2130
2070
2086
2101
2303
2533
2612
2724
2746
2543
2395
2284
2029
1948
2135
2273
2445
2698
2791
2721
2625
2418
2214
2090
2011
2058
2244
2491
2669
2729
2709
2593
2395
2208
2064
2035
2096
2212
2440
2673
2734
2726
2669
2484
2287
2067
1957
2071
2241
2406
2601
2750
2757
2640
2460
2266
2103
2014
2035
2199
2415
2605
2732
2740
2661
2534
2284
2115
2099
2019
2109
2435
2589
2648
2784
2694
2466
2314
2124
2018
2057
2159
2302
2551
2710
2738
2721
2563
2327
2158
2025
2043
2178
2314
2463
2673
2809
2724
2517
2342
2210
2070
2014
2112
2325
2561
2662
2685
2745
2633
2348
2159
2064
2005
2097
2309
2489
2684
2770
2720
2624
2413
2151
2050
2033
2104
2251
2401
2625
2787
2726
2631
2480
2215
2057
2050
2105
2218
2365
2588
2771
2757
2629
2429
2257
2130
2012
2060
2253
2461
2623
2768
2777
2666
2523
2291
2071
2047
2077
2173
2409
2592
2661
2785
2713
2460
2333
2157
1935
2025
2210
2308
2570
2773
2729
2712
2563
2303
2138
2046
2049
2163
2334
2569
2694
2717
2719
2578
2312
2127
2046
1993
2107
2338
2516
2693
2794
2719
2564
2374
2172
2062
2044
2128
2295
2513
2720
2778
2699
2578
2388
2179
2069
2092
2132
2260
2503
2718
2761
2706
2636
2430
2169
2053
2045
2090
2233
2446
2636
2771
2759
2635
2427
2226
2085
2007
2049
2239
2492
2708
2771
2757
2651
2436
2210
2096
2009
2017
2208
2438
2591
2728
2754
2668
2496
2254
2090
2069
2052
2178
2433
2576
2652
2768
2711
2475
2269
2130
2044
2086
2164
2322
2592
2717
2716
2689
2518
2271
2117
2052
2061
2168
2325
2543
2723
2771
2708
2591
2374
2137
2000
2038
2169
2312
2523
2758
2810
2657
2568
2443
2124
2034
2108
2108
2252
2517
2708
2797
2765
2597
2389
2203
2048
2021
2108
2265
2480
2648
2716
2750
2650
2402
2201
2067
1978
2083
2266
2435
2619
2738
2737
2654
2460
2230
2097
1994
2025
2238
2451
2619
2781
2813
2623
2388
2282
2128
1905
2042
2331
2392
2540
2816
2786
2615
2528
2281
2064
2031
2030
2201
2436
2551
2680
2809
2691
2432
2274
2173
2039
2035
2176
2362
2564
2730
2765
2735
2530
2304
2184
2017
1985
2179
2342
2547
2716
2739
2693
2540
2297
2171
2062
1962
2167
2413
2522
2680
2778
2710
2565
2409
2212
2028
1964
2138
2355
2493
2647
2776
2741
2555
2374
2219
2058
2028
2119
2271
2502
2662
2727
2741
2632
2385
2179
2115
2071
2105
2286
2513
2663
2735
2736
2645
2438
2213
2080
2042
2063
2259
2490
2646
2740
2758
2652
2434
2260
2110
1961
2034
2231
2425
2615
2759
2772
2669
2530
2277
2080
2060
2092
2180
2430
2596
2661
2788
2680
2401
2295
2179
2013
2013
2165
2411
2601
2714
2780
2706
2526
2329
2134
2012
2019
2131
2348
2569
2682
2742
2734
2550
2290
2126
2051
2031
2090
2338
2578
2675
2747
2756
2563
2338
2180
2063
2052
2124
2263
2500
2705
2776
2692
2582
2408
2137
2037
2078
2083
2222
2520
2717
2726
2747
2681
2418
2163
2076
2049
2082
2256
2494
2645
2766
2773
2609
2446
2253
2031
2039
2163
2208
2415
2679
2749
2756
2651
2420
2247
2105
2011
2114
2239
2394
2631
2731
2736
2702
2457
2222
2097
1961
2023
2281
2411
2582
2745
2737
2681
2510
2254
2158
2071
2015
2169
2393
2556
2671
2707
2656
2506
2293
2093
1986
2038
2183
2345
2569
2770
2765
2668
2560
2349
2151
2055
2039
2160
2346
2481
2639
2740
2697
2547
2337
2161
2079
2041
2086
2315
2553
2683
2781
2718
2583
2426
2160
1978
2041
2159
2291
2500
2711
2762
2726
2657
2478
2216
2028
2057
2143
2229
2438
2628
2746
2775
2601
2391
2244
2084
2010
2055
2221
2453
2642
2733
2745
2647
2498
2258
2027
2001
2089
2205
2448
2651
2732
2793
2693
2473
2296
2075
1949
2077
2222
2348
2599
2769
2754
2610
2513
2386
2110
1957
2112
2226
2346
2575
2744
2776
2708
2529
2319
2162
2041
2053
2209
2345
2546
2733
2744
2704
2611
2348
2130
2040
2028
2107
2304
2540
2693
2736
2731
2588
2367
2170
1996
1989
2156
2317
2480
2635
2791
2777
2589
2445
2241
2040
2027
2076
2236
2501
2644
2712
2773
2630
2358
2194
2082
1992
2063
2269
2496
2684
2761
2723
2638
2448
2215
2082
2017
2061
2244
2450
2600
2750
2803
2632
2417
2235
2081
2027
2052
2199
2452
2641
2762
2794
2625
2438
2276
2093
2019
2026
2142
2378
2575
2677
2800
2757
2471
2259
2149
2029
2037
2192
2395
2593
2736
2768
2736
2565
2299
2125
2075
2056
2152
2315
2566
2745
2704
2670
2588
2337
2156
2055
2005
2138
2384
2531
2684
2835
2732
2525
2367
2205
2060
2005
2160
2377
2517
2635
2799
2750
2569
2435
2225
2045
2018
2115
2302
2495
2682
2741
2728
2664
2451
2196
2062
2031
2063
2216
2410
2604
2752
2691
2619
2516
2221
2052
2077
2101
2233
2450
2607
2743
2776
2597
2417
2275
2067
1960
2066
2195
2382
2620
2732
2749
2675
2465
2247
2085
1983
2008
2167
2365
2572
2757
2853
2704
2483
2309
2142
2018
2049
2171
2357
2596
2723
2746
2685
2514
2342
2152
1977
2004
2182
2330
2544
2729
2761
2717
2562
2338
2173
2056
2011
2121
2381
2566
2647
2758
2757
2544
2331
2208
2064
2014
2136
2318
2550
2695
2681
2711
2631
2370
2201
2098
2002
2095
2309
2503
2674
2754
2749
2620
2398
2202
2069
2005
2136
2269
2432
2662
2763
2716
2668
2459
2192
2076
2062
2054
2180
2452
2648
2736
2750
2631
2473
2313
2111
2009
2059
2238
2485
2624
2750
2800
2659
2466
2265
2087
2068
2086
2164
2421
2628
2662
2737
2712
2459
2249
2127
2067
2085
2159
2415
2626
2651
2714
2726
2486
2288
2183
2034
2032
2168
2324
2555
2757
2796
2687
2539
2350
2175
2109
2049
2096
2345
2573
2734
2737
2682
2626
2382
2139
2053
2043
2131
2273
2498
2705
2738
2732
2654
2390
2180
2064
1996
2110
2289
2486
2695
2757
2717
2631
2391
2217
2139
2013
2067
2286
2441
2639
2806
2713
2553
2425
2245
2058
2003
2057
2207
2435
2636
2741
2775
2660
2414
2263
2139
2013
2052
2199
2385
2589
2729
2727
2629
2498
2283
2087
2066
2118
2172
2353
2636
2764
2769
2704
2504
2243
2084
2067
2046
2149
2413
2583
2668
2776
2700
2490
2333
2188
2030
1999
2166
2343
2553
2721
2765
2749
2596
2332
2186
2061
1970
2106
2381
2516
2663
2804
2750
2557
2332
2173
2078
1977
2090
2382
2537
2624
2757
2724
2546
2386
2203
2035
2044
2180
2248
2418
2693
2760
2687
2621
2445
2170
2018
1983
2078
2272
2456
2620
2765
2735
2596
2417
2185
2050
2013
2068
2245
2427
2612
2757
2739
2608
2432
2238
2082
2013
2088
2235
2435
2598
2732
2763
2643
2505
2308
2088
2036
2078
2207
2409
2585
2700
2731
2690
2557
2292
2089
2051
2100
2155
2337
2615
2765
2691
2673
2603
2270
2054
2079
2057
2142
2365
2546
2706
2781
2700
2585
2357
2104
2046
2026
2124
2345
2529
2663
2796
2705
2504
2366
2229
2051
2010
2150
2322
2510
2635
2704
2737
2581
2322
2220
2149
2020
2080
2312
2524
2675
2722
2772
2669
2323
2165
2141
1975
1996
2264
2493
2644
2751
2760
2648
2446
2244
2057
1974
2078
2280
2430
2570
2704
2758
2697
2464
2238
2110
2018
2074
2289
2455
2578
2771
2811
2643
2447
2266
2124
2012
2018
2233
2416
2541
2705
2789
2669
2522
2342
2158
2044
2018
2133
2393
2610
2729
2766
2688
2546
2338
2132
2036
2017
2155
2389
2517
2661
2823
2722
2477
2333
2181
2022
2008
2157
2363
2537
2647
2758
2777
2547
2341
2256
2058
1979
2103
2291
2551
2680
2707
2734
2588
2368
2206
2037
2012
2129
2250
2469
2701
2778
2732
2570
2390
2202
2048
2029
2122
2263
2459
2635
2763
2788
2600
2388
2252
2076
2010
2106
2233
2393
2645
2763
2721
2661
2460
2236
2117
2007
2055
2257
2418
2592
2732
2726
2646
2477
2218
2069
2048
2043
2174
2399
2612
2722
2715
2670
2567
2324
2078
2030
2095
2199
2414
2589
2693
2777
2712
2513
2306
2125
2048
2064
2155
2317
2523
2676
2758
2710
2508
2310
2162
2028
2019
2150
2308
2478
2677
2772
2725
2580
2340
2122
2037
2044
2109
2287
2532
2697
2765
2744
2623
2381
2131
2052
2029
2076
2289
2500
2639
2770
2789
2630
2405
2224
2054
1980
2116
2309
2437
2644
2803
2716
2607
2468
2252
2068
2038
2119
2276
2435
2625
2802
2799
2622
2493
2346
2079
1955
2116
2266
2363
2608
2785
2734
2642
2515
2300
2137
2037
2043
2180
2365
2613
2744
2739
2663
2499
2286
2103
2014
2011
2167
2409
2616
2734
2734
2696
2555
2277
2113
2040
2043
2173
2329
2520
2726
2795
2683
2553
2407
2168
1992
2032
2152
2302
2532
2729
2760
2696
2592
2401
2183
2047
2024
2158
2352
2523
2701
2816
2723
2570
2411
2180
2020
2051
2124
2234
2425
2641
2767
2766
2595
2357
2216
2059
1989
2131
2281
2451
2666
2795
2723
2583
2433
2220
2087
2027
2058
2235
2451
2632
2773
2776
2624
2438
2259
2116
2000
2020
2211
2464
2635
2728
2758
2677
2460
2259
2104
1973
2030
2226
2390
2556
2732
2754
2655
2520
2315
2109
2034
2045
2134
2377
2594
2715
2738
2666
2516
2319
2141
2013
1992
2168
2386
2539
2678
2765
2695
2523
2360
2196
2042
1986
2158
2374
2485
2652
2778
2700
2549
2368
2117
2031
2087
2088
2256
2566
2704
2748
2718
2601
2415
2185
2048
2049
2078
2239
2500
2672
2748
2696
2574
2444
2199
2049
2035
2050
2226
2488
2641
2776
2730
2592
2510
2276
2035
2022
2116
2269
2431
2635
2790
2753
2622
2466
2252
2087
2020
2028
2208
2463
2599
2691
2773
2673
2437
2253
2131
2064
2102
2213
2383
2609
2728
2743
2689
2499
2274
2113
2017
2076
2215
2354
2611
2809
2749
2632
2520
2314
2134
2058
2049
2147
2350
2576
2729
2734
2680
2587
2390
2172
2008
2000
2116
2338
2523
2657
2782
2747
2552
2374
2213
2029
1974
2122
2319
2514
2652
2755
2748
2583
2395
2236
2085
2045
2109
2283
2518
2701
2765
2720
2607
2438
2207
2088
2031
2059
2259
2483
2637
2744
2750
2662
2437
2184
2092
2115
2114
2229
2461
2622
2731
2817
2678
2403
2237
2087
1996
2103
2219
2398
2657
2742
2702
2688
2512
2237
2087
2038
2021
2158
2402
2612
2743
2772
2662
2482
2324
2157
2014
2057
2214
2351
2541
2757
2780
2692
2543
2342
2145
2035
2053
2139
2307
2547
2688
2747
2696
2519
2348
2158
1985
2020
2152
2296
2546
2694
2724
2712
2563
2335
2171
2075
2037
2126
2339
2511
2648
2746
2761
2647
2380
2076
2019
2072
2079
2223
2487
2719
2762
2659
2591
2476
2182
2017
2069
2131
2224
2452
2639
2757
2766
2609
2408
2272
2141
2032
2034
2237
2498
2676
2724
2727
2652
2438
2246
2116
2025
2057
2249
2454
2578
2707
2747
2673
2486
2226
2085
2051
2037
2158
2415
2636
2692
2728
2691
2529
2306
2088
1998
2079
2162
2303
2560
2763
2748
2688
2553
2288
2129
2034
1965
2136
2361
2503
2687
2810
2680
2501
2355
2127
2039
2086
2123
2301
2582
2736
2717
2708
2608
2343
2151
2049
2039
2139
2262
2481
2674
2744
2750
2608
2374
2186
2065
2048
2121
2275
2459
2652
2781
2765
2587
2395
2233
2067
2019
2120
2254
2448
2662
2795
2787
2637
2441
2218
2049
2004
2100
2266
2462
2636
2766
2789
2637
2407
2242
2082
1976
2057
2239
2441
2603
2723
2775
2676
2493
2261
2083
2028
2053
2197
2423
2617
2693
2738
2711
2504
2275
2131
2012
2007
2204
2450
2561
2676
2787
2729
2547
2326
2102
1991
1980
2121
2366
2572
2677
2749
2687
2481
2332
2196
2007
2014
2160
2302
2515
2720
2768
2747
2627
2338
2168
2089
1994
2089
2315
2499
2661
2791
2735
2564
2411
2199
2027
2046
2119
2279
2527
2659
2713
2782
2677
2332
2132
2126
2038
2044
2284
2527
2651
2761
2778
2626
2423
2222
2114
2061
2014
2208
2502
2662
2726
2723
2624
2479
2268
2067
2036
2126
2205
2380
2628
2750
2750
2646
2453
2258
2080
1989
2053
2197
2360
2617
2803
2792
2651
2496
2300
2099
2004
2054
2185
2377
2594
2780
2785
2673
2543
2356
2120
2020
2054
2126
2313
2584
2700
2721
2704
2537
2324
2167
2040
2024
2114
2332
2579
2686
2723
2747
2583
2313
2173
2057
1972
2134
2341
2475
2685
2782
2702
2599
2426
2187
2039
1990
2096
2322
2499
2649
2745
2716
2606
2411
2189
2092
2040
2043
2308
2516
2561
2733
2774
2573
2398
2221
2080
2035
2040
2192
2439
2620
2752
2806
2654
2453
2268
2094
2054
2069
2150
2492
2667
2658
2712
2661
2469
2246
2115
2060
2022
2168
2453
2616
2697
2773
2714
2547
2315
2101
2071
2107
2156
2397
2596
2671
2765
2729
2536
2352
2160
2048
2072
2133
2319
2611
2762
2772
2693
2528
2357
2144
2007
2066
2142
2273
2543
2683
2671
2714
2602
2323
2176
2095
2037
2136
2328
2519
2659
2739
2717
2622
2449
2201
2031
2014
2094
2267
2525
2723
2762
2746
2628
2371
2216
2118
2024
2056
2240
2502
2681
2757
2733
2653
2500
2241
2045
1988
2045
2247
2454
2617
2757
2763
2600
2437
2258
2068
2014
2083
2213
2411
2595
2740
2795
2648
2460
2289
2095
2046
2083
2197
2416
2588
2693
2772
2724
2502
2246
2109
2077
2077
2175
2397
2599
2723
2783
2708
2508
2296
2149
2010
1995
2135
2342
2558
2664
2743
2693
2514
2347
2153
1987
2011
2114
2318
2550
2725
2761
2685
2586
2356
2094
2059
2070
2100
2267
2549
2724
2758
2743
2593
2328
2149
2073
1986
2059
2299
2476
2678
2789
2691
2560
2442
2205
2041
2043
2101
2225
2476
2656
2705
2721
2674
2426
2189
2096
1990
2055
2288
2408
2589
2798
2735
2599
2506
2242
2082
2056
2053
2199
2425
2642
2756
2744
2624
2504
2278
2052
2019
2063
2149
2399
2655
2739
2734
2703
2516
2303
2133
2017
2012
2153
2395
2618
2754
2782
2697
2482
2300
2162
2013
2047
2169
2333
2597
2692
2729
2742
2527
2326
2198
2036
2011
2157
2307
2496
2734
2802
2713
2588
2401
2148
2023
2082
2160
2285
2549
2675
2695
2721
2614
2382
2168
2066
2058
2102
2264
2507
2709
2736
2691
2628
2414
2203
2113
2069
2073
2247
2460
2621
2753
2726
2616
2488
2230
2046
2019
2073
2261
2437
2562
2708
2783
2629
2456
2322
2070
1983
2129
2227
2370
2632
2735
2722
2672
2469
2266
2101
1989
2063
2246
2405
2581
2776
2789
2624
2473
2313
2107
2002
2024
2145
2318
2530
2743
2782
2667
2533
2325
2076
2026
2112
2157
2328
2597
2709
2759
2720
2551
2291
2121
2022
2000
2137
2369
2502
2663
2779
2696
2572
2410
2143
2002
2049
2139
2329
2535
2595
2723
2772
2578
2378
2205
2028
2020
2112
2262
2502
2676
2760
2757
2586
2410
2242
2037
1945
2100
2311
2461
2645
2780
2770
2666
2409
2191
2116
2026
2066
2270
2420
2612
2786
2751
2625
2472
2274
2095
1959
2027
2226
2406
2597
2748
2745
2597
2452
2285
2114
1985
2014
2203
2385
2537
2704
2765
2669
2521
2302
2092
2011
2068
2188
2368
2546
2733
2796
2660
2509
2367
2129
1988
2048
2158
2346
2600
2689
2707
2718
2588
2327
2125
2034
2032
2140
2328
2550
2708
2734
2715
2612
2352
2175
2090
2006
2077
2303
2529
2643
2765
2784
2522
2328
2228
2056
1989
2093
2299
2549
2672
2701
2775
2653
2359
2201
2088
1979
2086
2271
2406
2631
2752
2689
2634
2503
2235
2044
2049
2118
2228
2413
2634
2796
2797
2642
2471
2284
2067
2013
2089
2206
2420
2608
2705
2765
2680
2428
2253
2185
2058
2016
2184
2405
2596
2727
2769
2669
2524
2323
2095
2030
2070
2173
2362
2535
2709
2758
2639
2509
2370
2120
1989
2078
2175
2333
2551
2664
2751
2755
2538
2325
2225
2034
1975
2185
2366
2485
2676
2743
2678
2570
2346
2143
2038
2013
2129
2333
2556
2664
2743
2806
2632
2368
2202
2075
2044
2151
2290
2490
2707
2728
2688
2637
2468
2211
2026
1971
2073
2271
2463
2640
2749
2734
2632
2485
2270
2058
2009
2090
2175
2409
2692
2762
2714
2670
2464
2226
2090
2026
2095
2223
2384
2601
2763
2724
2616
2517
2294
2073
2015
2078
2224
2412
2599
2713
2749
2697
2506
2259
2101
2055
2056
2143
2397
2577
2694
2751
2685
2506
2286
2127
2040
1987
2147
2402
2524
2658
2787
2688
2526
2372
2151
2039
2050
2141
2322
2564
2718
2747
2693
2566
2357
2171
2048
1988
2105
2359
2537
2661
2826
2804
2586
2383
2213
2063
2035
2112
2262
2473
2690
2746
2711
2646
2458
2194
2073
2065
2108
2287
2511
2680
2793
2763
2618
2503
2296
2025
1942
2088
2296
2435
2628
2770
2766
2660
2450
2286
2152
2026
2067
2232
2419
2592
2732
2744
2628
2481
2284
2091
2023
2018
2174
2430
2623
2735
2752
2650
2538
2334
2077
2044
2151
2184
2324
2657
2794
2743
2714
2561
2303
2136
2026
2010
2169
2376
2543
2707
2785
2678
2496
2362
2192
2021
2003
2157
2366
2551
2691
2750
2711
2559
2364
2148
2036
2053
2089
2282
2557
2672
2706
2729
2605
2412
2185
2016
2029
2107
2258
2487
2654
2764
2775
2596
2365
2223
2057
1986
2096
2261
2489
2701
2732
2683
2674
2454
2146
2078
2034
1992
2227
2547
2638
2686
2756
2678
2453
2240
2075
2013
2055
2183
2461
2667
2723
2701
2652
2527
2260
2087
2068
2039
2181
2406
2575
2765
2807
2618
2486
2327
2098
2025
2049
2166
2410
2604
2705
2723
2677
2528
2334
2193
2072
1993
2111
2386
2538
2599
2768
2775
2505
2304
2212
2085
2020
2124
2360
2537
2635
2735
2743
2601
2342
2159
2069
2037
2096
2266
2472
2620
2761
2752
2550
2342
2221
2083
2014
2110
2297
2507
2666
2721
2716
2604
2389
2204
2082
2017
2078
2245
2462
2656
2779
2788
2681
2455
2184
2055
2058
2072
2204
2443
2656
2765
2767
2630
2402
2219
2115
2017
2014
2225
2510
2620
2687
2779
2667
2501
2337
2084
1978
2113
2214
2345
2604
2712
2757
2732
2465
2242
2136
1995
2049
2213
2333
2592
2790
2737
2678
2591
2329
2095
2030
2046
2142
2356
2571
2666
2729
2729
2577
2336
2142
2018
2043
2183
2326
2500
2706
2815
2758
2592
2320
2104
2048
2068
2109
2273
2548
2706
2732
2770
2652
2367
2154
2076
2069
2104
2261
2483
2673
2774
2767
2662
2446
2210
2071
2015
2068
2255
2511
2642
2699
2765
2635
2403
2229
2089
2037
2105
2258
2425
2648
2769
2696
2585
2499
2290
2068
2006
2069
2204
2447
2641
2743
2786
2668
2471
2336
2117
1975
2086
2247
2373
2596
2751
2789
2727
2505
2287
2148
2047
2055
2164
2317
2548
2774
2773
2659
2583
2352
2068
2035
2109
2105
2322
2622
2718
2761
2757
2535
2314
2177
2030
2000
2138
2291
2484
2710
2782
2718
2581
2374
2202
2068
2011
2138
2303
2497
2692
2742
2707
2608
2376
2177
2061
2026
2149
2332
2486
2680
2754
2692
2627
2447
2180
2036
2032
2063
2217
2455
2643
2766
2752
2653
2483
2217
2051
2061
2100
2211
2423
2653
2761
2727
2644
2494
2225
2051
2030
2058
2219
2458
2591
2656
2757
2657
2438
2312
2127
2000
2115
2265
2413
2608
2747
2767
2684
2491
2257
2126
2059
2071
2200
2398
2557
2683
2740
2668
2551
2336
2119
2050
2057
2141
2334
2582
2724
2765
2705
2581
2409
2154
2011
2069
2143
2257
2508
2729
2760
2702
2572
2377
2214
2081
2018
2125
2328
2504
2644
2766
2756
2562
2364
2241
2063
1983
2120
2310
2460
2651
2804
2738
2597
2421
2196
2108
2020
2044
2282
2490
2610
2745
2735
2569
2429
2236
2052
2004
2077
2256
2473
2631
2731
2754
2629
2443
2278
2087
1984
2071
2202
2451
2669
2704
2735
2714
2486
2262
2147
2004
2021
2223
2390
2580
2728
2716
2661
2527
2295
2101
2040
2062
2171
2383
2557
2701
2790
2704
2531
2332
2133
2034
2047
2156
2330
2538
2713
2789
2723
2505
2331
2183
1981
1975
2213
2347
2491
2716
2740
2696
2611
2374
2163
2070
2007
2074
2309
2542
2683
2765
2791
2649
2352
2139
2047
1984
2076
2306
2523
2681
2753
2726
2634
2427
2160
2066
2091
2102
2206
2476
2712
2720
2644
2632
2459
2211
2102
2044
2064
2231
2401
2616
2803
2750
2611
2508
2277
1997
1953
2112
2209
2360
2597
2740
2759
2683
2513
2301
2105
1971
2054
2236
2357
2590
2754
2726
2641
2525
2341
2087
1977
2153
2248
2314
2568
2802
2766
2630
2534
2307
2095
2057
2024
2097
2393
2588
2625
2751
2754
2535
2327
2192
2048
1960
2128
2395
2510
2650
2800
2693
2526
2392
2177
2014
2040
2112
2250
2519
2683
2767
2791
2610
2372
2195
2040
2025
2172
2270
2438
2746
2816
2670
2579
2445
2188
2041
2022
2084
2251
2477
2658
2793
2808
2610
2365
2208
2086
2001
2045
2231
2435
2638
2737
2708
2603
2436
2270
2105
1981
2045
2203
2412
2640
2737
2730
2671
2431
2197
2142
2030
1971
2168
2417
2628
2776
2743
2662
2544
2302
2136
2052
2037
2144
2344
2533
2708
2770
2685
2509
2310
2114
2012
2043
2162
2335
2585
2718
2714
2680
2554
2339
2123
1994
1972
2105
2386
2526
2632
2790
2732
2507
2342
2200
2048
2026
2122
2253
2516
2687
2741
2752
2626
2364
2175
2066
2001
2080
2314
2533
2651
2719
2765
2600
2369
2229
2080
2021
2110
2252
2494
2683
2742
2747
2638
2421
2228
2049
1977
2090
2260
2414
2632
2764
2746
2689
2462
2202
2114
2048
2055
2241
2466
2576
2705
2782
2654
2484
2329
2122
2005
2047
2165
2393
2593
2696
2739
2661
2502
2275
2105
2017
2014
2121
2336
2575
2716
2740
2673
2567
2348
2087
2005
2076
2154
2305
2575
2739
2745
2676
2514
2322
2162
2016
1974
2129
2389
2541
2660
2765
2751
2589
2372
2220
2100
2022
2156
2365
2472
2643
2805
2732
2588
2363
2152
2078
2043
2085
2320
2496
2652
2787
2755
2588
2400
2207
2058
2025
2117
2290
2472
2649
2771
2714
2542
2443
2239
2057
2074
2089
2188
2427
2589
2726
2773
2637
2457
2271
2064
1991
2088
2193
2433
2674
2734
2739
2681
2467
2280
2160
2028
2028
2209
2413
2538
2723
2811
2663
2472
2285
2104
2007
2036
2117
2308
2566
2710
2756
2709
2484
2268
2146
2054
2049
2186
2322
2544
2745
2743
2666
2580
2372
2138
2044
2073
2164
2273
2464
2712
2802
2713
2559
2353
2179
2054
1993
2116
2311
2479
2661
2748
2709
2585
2367
2172
2097
2011
2048
2335
2511
2602
2744
2708
2540
2428
2253
2053
2002
2081
2270
2511
2671
2747
2747
2634
2407
2207
2130
2045
2036
2219
2472
2654
2741
2754
2643
2468
2247
2082
2048
2033
2141
2426
2620
2720
2754
2671
2488
2298
2142
2013
2068
2206
2369
2623
2748
2721
2700
2550
2276
2122
2071
2040
2179
2386
2533
2674
2750
2706
2571
2317
2094
2085
2085
2109
2350
2590
2673
2752
2723
2545
2348
2124
1987
2048
2122
2292
2594
2772
2738
2681
2578
2346
2142
2025
2012
2117
2269
2536
2700
2710
2733
2633
2391
2213
2055
2010
2123
2264
2431
2678
2799
2698
2579
2471
2219
1991
1987
2086
2218
2446
2662
2756
2718
2602
2445
2225
2024
2012
2124
2206
2395
2676
2765
2730
2712
2493
2217
2103
2056
2051
2151
2390
2620
2753
2786
2693
2480
2260
2088
2025
2093
2216
2361
2596
2774
2729
2632
2515
2286
2109
2042
2035
2106
2375
2642
2741
2760
2688
2533
2286
2105
2076
2024
2111
2376
2572
2699
2796
2686
2531
2389
2130
1970
2027
2125
2307
2555
2711
2731
2710
2566
2316
2179
2106
2038
2098
2298
2546
2683
2707
2679
2626
2429
2166
2071
2029
2078
2319
2519
2655
2756
2721
2597
2387
2207
2055
2000
2110
2300
2485
2641
2753
2722
2616
2492
2293
2025
1983
2142
2261
2416
2656
2774
2740
2646
2464
2224
2069
2039
2049
2162
2458
2655
2692
2776
2694
2463
2276
2124
2007
2017
2203
2416
2616
2768
2762
2687
2538
2278
2078
2030
2061
2131
2361
2643
2723
2696
2721
2572
2272
2147
2039
1979
2156
2367
2518
2682
2790
2723
2552
2359
2161
2004
2018
2187
2359
2472
2650
2806
2726
2529
2351
2175
2029
2040
2194
2342
2493
2673
2764
2712
2539
2361
2198
2060
2034
2123
2316
2492
2660
2803
2800
2647
2452
2205
2029
2020
2103
2231
2470
2677
2743
2717
2592
2395
2264
2088
1978
2110
2276
2434
2676
2750
2685
2614
2475
2270
2093
1946
1998
2183
2386
2593
2764
2744
2642
2499
2237
2052
2020
2043
2173
2378
2577
2758
2821
2678
2464
2316
2145
1971
1992
2201
2421
2579
2702
2756
2735
2541
2293
2147
2036
1990
2155
2403
2603
2703
2744
2707
2546
2311
2185
2068
1984
2119
2352
2508
2662
2802
2699
2517
2397
2193
2050
2064
2119
2249
2497
2711
2791
2737
2610
2388
2146
2044
2026
2088
2312
2515
2632
2727
2723
2586
2388
2207
2101
2056
2081
2213
2472
2644
2690
2679
2633
2461
2231
2044
1975
2093
2246
2402
2624
2756
2739
2658
2503
2286
2092
2016
2057
2194
2431
2635
2760
2779
2676
2483
2246
2095
2053
2083
2214
2404
2637
2767
2756
2685
2549
2299
2109
2011
2043
2191
2364
2567
2763
2776
2656
2519
2335
2135
2011
2053
2212
2335
2536
2754
2749
2669
2591
2348
2145
2059
1975
2109
2416
2543
2665
2822
2724
2521
2395
2213
2026
2004
2159
2350
2521
2702
2830
2738
2588
2434
2156
2009
2015
2037
2237
2493
2644
2771
2768
2598
2436
2226
2061
2029
2074
2207
2464
2652
2696
2732
2659
2454
2204
2052
2026
2044
2195
2435
2620
2739
2755
2644
2455
2244
2081
2002
2037
2203
2371
2581
2781
2788
2678
2478
2230
2108
2027
2029
2209
2408
2610
2757
2762
2707
2531
2287
2099
2036
2085
2173
2327
2578
2783
2776
2696
2569
2324
2131
2016
1985
2123
2366
2558
2678
2793
2788
2584
2344
2149
2038
2038
2109
2303
2571
2712
2753
2720
2524
2351
2215
2012
2015
2184
2282
2527
2722
2715
2728
2609
2342
2159
2026
2048
2177
2311
2535
2753
2753
2702
2652
2406
2136
2035
2007
2075
2278
2483
2637
2770
2774
2613
2401
2292
2158
2019
2110
2302
2447
2635
2765
2742
2628
2437
2243
2075
1958
2042
2263
2450
2581
2754
2816
2656
2457
2301
2120
2006
2063
2206
2349
2575
2765
2782
2642
2501
2306
2102
2019
2049
2172
2344
2524
2717
2796
2692
2510
2298
2121
2012
2043
2179
2295
2524
2786
2840
2701
2493
2351
2185
1999
2043
2214
2334
2522
2699
2787
2766
2531
2327
2242
2067
1974
2163
2366
2475
2684
2851
2706
2509
2407
2217
2026
2030
2119
2256
2482
2699
2771
2688
2568
2430
2182
1993
2004
2126
2278
2486
2678
2770
2781
2625
2352
2239
2150
1969
2025
2298
2450
2558
2735
2790
2656
2459
2234
2050
2027
2092
2211
2435
2620
2763
2751
2618
2498
2292
2088
2010
2043
2223
2411
2578
2735
2823
2711
2457
2270
2154
2033
1995
2147
2389
2562
2731
2762
2602
2492
2393
2151
2000
2040
2153
2365
2582
2710
2782
2731
2542
2298
2111
2065
2082
2114
2298
2537
2650
2746
2745
2561
2334
2152
2048
2015
2097
2308
2570
2663
2682
2741
2645
2368
2181
2104
2011
2048
2293
2487
2640
2762
2765
2625
2353
2157
2063
2009
2052
2210
2443
2638
2718
2731
2661
2464
2238
2056
1992
2092
2258
2438
2651
2739
2716
2655
2481
2250
2086
1989
2065
2280
2437
2594
2778
2751
2631
2504
2252
2053
2012
2034
2216
2412
2578
2735
2809
2696
2498
2311
2129
2000
2023
2176
2379
2596
2762
2776
2679
2538
2346
2142
2007
2004
2154
2347
2543
2740
2772
2720
2606
2369
2146
2033
2062
2192
2334
2513
2692
2741
2647
2535
2371
2193
2046
1993
2122
2322
2502
2686
2757
2697
2619
2388
2127
2040
2047
2092
2243
2448
2661
2778
2762
2639
2431
2171
2044
2050
2078
2230
2492
2650
2766
2768
2586
2406
2255
2111
2054
2132
2241
2453
2662
2759
2768
2634
2426
2264
2101
1996
2060
2189
2395
2596
2691
2718
2722
2513
2219
2099
2028
2044
2216
2460
2639
2736
2753
2674
2505
2275
2101
2061
2067
2122
2348
2590
2689
2730
2702
2497
2307
2139
2011
2053
2172
2309
2554
2757
2738
2677
2599
2312
2133
2098
2008
2129
2406
2527
2636
2790
2725
2545
2429
2224
1983
2008
2143
2280
2499
2676
2739
2717
2577
2383
2211
2072
2032
2131
2311
2497
2663
2755
2751
2602
2417
2238
2072
2032
2144
2242
2425
2679
2771
2738
2645
2407
2212
2144
2051
2064
2293
2456
2580
2776
2830
2640
2421
2256
2125
2036
2069
2200
2384
2584
2730
2760
2655
2481
2271
2089
2032
2070
2210
2412
2606
2730
2773
2688
2494
2287
2124
2031
2047
2203
2386
2529
2689
2781
2668
2498
2330
2125
2020
2041
2147
2347
2579
2720
2771
2704
2518
2328
2164
2010
2017
2156
2362
2542
2668
2804
2787
2571
2336
2176
2051
2009
2083
2270
2552
2686
2679
2762
2647
2325
2216
2134
1978
2086
2338
2494
2634
2732
2712
2637
2444
2139
2031
2081
2057
2186
2511
2679
2739
2741
2637
2467
2195
2064
2079
2046
2165
2472
2645
2689
2747
2663
2433
2284
2107
1970
2049
2233
2425
2602
2725
2762
2652
2446
2249
2126
2003
2041
2242
2385
2568
2740
2715
2639
2504
2260
2069
2026
2064
2163
2401
2604
2726
2786
2695
2532
2331
2132
2031
2078
2167
2300
2585
2751
2754
2718
2588
2339
2154
2067
2002
2077
2334
2553
2695
2756
2676
2546
2382
2153
2014
2028
2150
2325
2532
2665
2746
2745
2583
2380
2207
2038
1998
2104
2246
2447
2661
2761
2735
2605
2452
2253
2067
2025
2083
2208
2450
2667
2750
2746
2650
2429
2193
2044
2004
2074
2226
2414
2646
2777
2768
2655
2456
2242
2110
2022
2007
2219
2434
2571
2690
2729
2680
2508
2240
2083
2048
2041
2194
2444
2565
2685
2820
2666
2426
2312
2150
1982
2031
2170
2376
2621
2752
2737
2687
2544
2333
2168
2036
2012
2161
2343
2571
2736
2731
2717
2632
2332
2076
2027
2047
2100
2298
2534
2693
2754
2712
2559
2358
2184
2047
1999
2126
2328
2525
2620
2711
2740
2562
2328
2213
2091
2003
2081
2254
2437
2666
2783
2777
2642
2372
2196
2134
2033
2057
2259
2481
2630
2728
2753
2624
2424
2201
2036
2011
2074
2237
2438
2582
2698
2741
2639
2485
2267
2084
2069
2103
2142
2410
2663
2697
2698
2680
2519
2262
2102
2063
2055
2172
2402
2573
2654
2744
2690
2496
2296
2079
2021
2044
2120
2380
2622
2717
2752
2707
2529
2371
2151
1979
2063
2200
2287
2523
2705
2751
2718
2550
2322
2143
2057
2013
2087
2301
2486
2701
2800
2692
2564
2383
2147
2043
2072
2127
2283
2503
2668
2734
2705
2576
2396
2186
2007
1998
2116
2270
2500
2710
2742
2705
2651
2444
2176
2038
2039
2139
2256
2408
2644
2811
2715
2596
2490
2219
1991
2021
2104
2264
2469
2602
2745
2785
2570
2429
2338
2062
1975
2120
2215
2377
2642
2779
2743
2627
2476
2271
2104
2020
2041
2169
2321
2553
2766
2756
2627
2524
2319
2080
2000
2048
2192
2375
2553
2722
2750
2683
2598
2344
2106
2039
2066
2146
2326
2560
2675
2735
2726
2531
2330
2172
2038
2039
2159
2329
2513
2715
2806
2714
2524
2349
2187
2030
2020
2157
2276
2453
2674
2755
2717
2598
2361
2128
2049
2032
2073
2242
2490
2716
2743
2701
2663
2449
2184
2106
2057
2051
2253
2497
2648
2768
2742
2566
2451
2290
2068
2021
2105
2196
2401
2633
2765
2770
2623
2417
2285
2129
1997
2086
2291
2418
2589
2768
2767
2643
2463
2271
2123
2040
2069
2171
2383
2650
2765
2746
2674
2531
2305
2086
2004
2107
2183
2305
2548
2738
2787
2707
2505
2288
2168
2066
2010
2166
2378
2529
2694
2762
2682
2559
2374
2109
2020
2095
2132
2292
2537
2641
2770
2782
2547
2339
2210
2039
1969
2100
2284
2511
2672
2775
2736
2548
2369
2200
2060
1969
2050
2326
2449
2587
2806
2763
2588
2407
2198
2088
2048
2075
2301
2500
2631
2764
2772
2668
2445
2184
2038
1998
2050
2236
2441
2625
2770
2805
2642
2419
2264
2091
2000
2061
2163
2381
2658
2761
2720
2697
2567
2238
2045
2081
2060
2112
2353
2633
2733
2706
2653
2534
2284
2060
2017
2067
2167
2381
2584
2710
2762
2706
2537
2345
2129
2008
2080
2202
2307
2510
2714
2751
2650
2553
2345
2095
2020
2060
2129
2317
2517
2683
2783
2756
2584
2364
2180
2081
2078
2078
2251
2553
2655
2688
2755
2609
2346
2187
2069
1980
2078
2276
2502
2704
2753
2749
2622
2394
2234
2080
1993
2123
2260
2459
2769
2820
2676
2663
2488
2140
2071
2061
2027
2241
2490
2602
2768
