2533
2699
2726
2533
2341
2209
2049
2022
2291
2498
2600
2739
2699
2444
2262
2144
2045
2098
2364
2618
2665
2689
2671
2387
2119
2116
2117
2161
2441
2677
2711
2707
2529
2239
2111
2065
2110
2319
2581
2722
2768
2620
2359
2189
2065
2027
2163
2450
2654
2664
2666
2556
2314
2109
2035
2149
2354
2516
2728
2780
2589
2404
2260
2101
2056
2199
2455
2665
2707
2626
2510
2368
2139
2020
2155
2333
2523
2692
2742
2640
2402
2221
2101
2046
2210
2469
2612
2722
2715
2522
2304
2109
2035
2127
2264
2489
2702
2682
2591
2478
2228
2065
2069
2164
2381
2623
2721
2673
2558
2355
2124
2067
2150
2222
2491
2747
2715
2593
2450
2216
2054
2059
2201
2399
2613
2748
2693
2492
2343
2185
2028
2118
2318
2482
2669
2767
2643
2406
2215
2090
2055
2155
2403
2620
2677
2687
2584
2329
2109
2055
2150
2248
2462
2684
2749
2617
2426
2234
2070
2082
2178
2326
2619
2747
2670
2555
2357
2112
2046
2108
2229
2501
2739
2752
2660
2475
2236
2107
2067
2107
2317
2585
2703
2669
2584
2380
2136
2041
2098
2268
2461
2608
2710
2688
2487
2209
2065
2098
2176
2327
2610
2744
2705
2566
2400
2200
2024
2069
2293
2474
2607
2709
2705
2482
2233
2153
2097
2120
2393
2616
2646
2695
2644
2353
2177
2100
2048
2179
2446
2652
2736
2661
2478
2270
2074
1988
2113
2312
2528
2707
2713
2612
2427
2182
2097
2130
2189
2402
2668
2752
2700
2526
2289
2089
2035
2111
2325
2551
2664
2709
2679
2423
2175
2105
2074
2193
2442
2611
2707
2685
2501
2284
2085
2043
2197
2335
2498
2703
2766
2629
2388
2195
2087
2097
2196
2367
2615
2770
2686
2482
2278
2137
2044
2060
2320
2563
2691
2724
2624
2426
2197
2035
2059
2199
2408
2590
2704
2676
2484
2295
2148
2028
2127
2353
2485
2609
2734
2639
2371
2186
2075
2014
2156
2409
2578
2676
2714
2574
2350
2110
1986
2085
2288
2457
2658
2757
2633
2398
2262
2127
2002
2103
2386
2593
2720
2731
2571
2332
2132
2042
2124
2276
2471
2654
2725
2679
2467
2175
2058
2085
2161
2353
2614
2726
2674
2565
2343
2089
2033
2124
2221
2446
2695
2713
2606
2474
2230
2089
2092
2136
2334
2573
2662
2674
2571
2340
2187
2077
2061
2277
2505
2611
2726
2669
2425
2260
2163
2046
2132
2403
2591
2644
2729
2652
2362
2138
2078
2100
2169
2414
2685
2738
2612
2474
2293
2114
2031
2119
2348
2553
2700
2735
2546
2371
2190
2062
2133
2239
2395
2653
2742
2621
2532
2329
2050
2038
2186
2313
2544
2686
2696
2644
2423
2188
2086
2086
2207
2423
2627
2748
2690
2485
2326
2155
2045
2139
2321
2514
2690
2729
2632
2430
2169
2059
2102
2193
2397
2631
2717
2681
2531
2267
2093
2069
2169
2296
2464
2694
2779
2585
2366
2235
2070
1988
2170
2439
2582
2676
2692
2520
2256
2134
2084
2075
2266
2533
2716
2717
2631
2471
2233
2033
2067
2210
2396
2613
2735
2703
2563
2323
2099
2095
2165
2267
2529
2687
2720
2645
2433
2230
2088
2035
2170
2397
2561
2669
2698
2547
2308
2174
2127
2101
2236
2542
2732
2711
2622
2439
2213
2104
2066
2133
2393
2588
2685
2709
2583
2331
2155
2076
2045
2255
2558
2660
2684
2669
2483
2221
2076
2093
2198
2347
2571
2728
2725
2549
2347
2190
2043
2047
2276
2490
2665
2721
2628
2511
2231
2008
2113
2202
2293
2563
2733
2703
2610
2377
2132
2058
2077
2254
2505
2617
2720
2703
2491
2262
2096
2004
2141
2339
2522
2685
2721
2577
2361
2155
2018
2073
2265
2439
2621
2753
2679
2451
2252
2132
2087
2156
2356
2599
2701
2682
2653
2435
2110
2029
2093
2190
2437
2657
2712
2691
2490
2243
2135
2079
2103
2308
2545
2711
2745
2585
2356
2196
2070
2078
2287
2452
2580
2728
2688
2527
2343
2123
2038
2098
2293
2573
2741
2674
2577
2469
2221
2034
2071
2242
2400
2553
2737
2739
2519
2278
2107
2056
2140
2287
2524
2700
2699
2621
2411
2172
2075
2031
2138
2416
2610
2674
2719
2538
2267
2148
2067
2095
2313
2505
2653
2766
2647
2368
2166
2070
2114
2185
2352
2656
2773
2658
2525
2385
2177
2008
2069
2318
2529
2621
2701
2675
2439
2190
2072
2091
2239
2402
2581
2724
2708
2558
2319
2137
2104
2149
2273
2498
2667
2697
2643
2446
2199
2082
2046
2157
2440
2604
2640
2646
2588
2376
2138
2048
2090
2265
2502
2649
2731
2667
2457
2219
2129
2097
2158
2368
2594
2691
2658
2561
2355
2134
2019
2067
2253
2458
2639
2731
2657
2453
2247
2101
2057
2172
2376
2580
2736
2747
2578
2366
2175
2028
2062
2246
2484
2635
2684
2667
2541
2278
2070
2037
2150
2319
2567
2708
2683
2570
2403
2186
2046
2102
2291
2448
2597
2740
2684
2442
2255
2113
2023
2110
2337
2569
2712
2695
2603
2451
2232
2067
2089
2252
2436
2651
2799
2691
2474
2325
2160
2016
2127
2363
2557
2722
2724
2564
2427
2207
1978
2023
2270
2484
2653
2719
2664
2534
2290
2067
2052
2144
2305
2544
2716
2686
2595
2433
2158
2065
2133
2203
2434
2715
2742
2618
2537
2357
2110
2068
2147
2297
2528
2718
2751
2631
2404
2203
2114
2100
2212
2428
2620
2710
2678
2530
2295
2119
2049
2063
2277
2519
2638
2658
2627
2457
2187
2046
2071
2209
2404
2568
2687
2677
2546
2313
2126
2092
2137
2277
2515
2695
2693
2611
2467
2218
2067
2069
2156
2376
2618
2722
2728
2565
2278
2138
2120
2090
2249
2523
2670
2699
2606
2413
2253
2085
2032
2177
2371
2551
2715
2700
2553
2362
2141
2040
2103
2281
2531
2659
2712
2684
2505
2218
2072
2065
2159
2378
2596
2685
2698
2616
2370
2111
2072
2119
2201
2469
2705
2676
2621
2522
2271
2088
2035
2110
2396
2593
2657
2688
2581
2363
2141
2022
2075
2220
2454
2704
2781
2645
2458
2249
2095
2048
2127
2346
2565
2649
2674
2617
2353
2114
2063
2108
2291
2461
2576
2699
2738
2515
2227
2087
2046
2129
2366
2588
2683
2699
2590
2383
2228
2072
2006
2236
2517
2619
2688
2692
2458
2257
2100
2014
2136
2343
2556
2712
2707
2580
2411
2221
2092
2101
2206
2406
2677
2774
2669
2516
2285
2044
2049
2163
2295
2542
2725
2733
2625
2449
2187
2024
2110
2251
2432
2640
2746
2665
2512
2330
2100
2031
2110
2273
2535
2695
2657
2599
2473
2226
2048
2046
2199
2427
2643
2726
2640
2512
2345
2106
2007
2136
2309
2480
2704
2763
2596
2423
2229
2041
2082
2238
2380
2586
2747
2683
2517
2320
2123
2011
2070
2305
2564
2662
2680
2644
2456
2264
2108
2028
2142
2394
2586
2667
2710
2551
2287
2106
2041
2103
2291
2490
2654
2739
2642
2416
2221
2079
2024
2141
2411
2616
2711
2679
2545
2353
2173
2099
2145
2256
2475
2691
2781
2666
2443
2235
2114
2078
2141
2394
2641
2704
2718
2624
2346
2150
2027
2012
2270
2516
2637
2720
2692
2485
2227
2087
2067
2167
2359
2570
2703
2704
2595
2340
2155
2087
2095
2236
2485
2680
2734
2652
2487
2261
2079
2049
2161
2337
2561
2669
2683
2593
2390
2175
2065
2065
2219
2453
2594
2721
2719
2444
2208
2104
2004
2087
2356
2562
2707
2709
2556
2416
2229
2045
2071
2223
2432
2635
2714
2661
2494
2268
2092
2048
2148
2353
2571
2703
2706
2622
2426
2195
2075
2082
2223
2417
2621
2725
2694
2550
2273
2051
2027
2154
2347
2519
2654
2701
2640
2398
2161
2094
2079
2177
2396
2606
2741
2720
2493
2227
2111
2061
2118
2304
2557
2691
2691
2590
2406
2203
2043
1997
2168
2407
2610
2719
2686
2533
2312
2068
1992
2149
2327
2450
2675
2761
2581
2397
2241
2043
2030
2235
2479
2592
2656
2669
2552
2300
2143
2057
2072
2301
2555
2661
2692
2587
2395
2232
2076
2045
2193
2420
2626
2698
2678
2601
2349
2097
2050
2120
2274
2523
2708
2705
2607
2447
2223
2056
2060
2178
2412
2591
2654
2704
2601
2327
2113
2045
2102
2296
2529
2671
2721
2666
2472
2211
2085
2103
2184
2385
2621
2743
2714
2557
2338
2177
2076
2056
2253
2512
2680
2731
2623
2444
2260
2108
2069
2172
2407
2584
2683
2735
2599
2357
2191
2076
2091
2254
2482
2673
2774
2683
2496
2285
2073
2023
2173
2341
2510
2695
2748
2563
2338
2155
2028
2097
2260
2447
2674
2757
2657
2523
2286
2023
2027
2208
2345
2497
2707
2753
2567
2396
2248
2079
2058
2229
2467
2643
2714
2687
2500
2231
2046
2021
2122
2294
2527
2725
2755
2568
2402
2244
2040
2029
2235
2417
2609
2774
2698
2443
2274
2161
2086
2133
2350
2578
2725
2739
2656
2458
2202
2086
2114
2224
2428
2631
2735
2689
2536
2320
2093
2046
2152
2293
2505
2695
2719
2609
2411
2183
2058
2066
2170
2383
2627
2710
2653
2539
2303
2112
2079
2082
2231
2553
2721
2656
2642
2484
2193
2122
2134
2152
2376
2607
2705
2719
2578
2298
2113
2065
2131
2287
2474
2662
2781
2685
2444
2209
2105
2090
2172
2400
2617
2712
2649
2512
2381
2183
2014
2092
2306
2529
2701
2720
2655
2477
2187
2086
2104
2133
2360
2633
2707
2649
2551
2335
2142
2073
2099
2244
2500
2687
2731
2671
2484
2222
2110
2095
2131
2343
2580
2712
2757
2606
2283
2179
2126
2046
2225
2497
2607
2701
2701
2480
2246
2084
2021
2160
2408
2570
2695
2745
2566
2335
2162
2045
2107
2264
2422
2639
2776
2695
2512
2255
2052
2054
2137
2317
2596
2726
2737
2592
2377
2194
2078
2068
2234
2417
2624
2780
2678
2451
2259
2138
2104
2144
2337
2589
2724
2722
2643
2429
2143
2048
2120
2260
2484
2623
2669
2698
2513
2237
2120
2089
2123
2318
2543
2716
2769
2605
2361
2191
2096
2088
2203
2392
2605
2748
2712
2491
2290
2154
2034
2146
2414
2553
2691
2769
2632
2413
2186
2024
2052
2210
2424
2616
2747
2720
2493
2275
2129
2048
2115
2322
2542
2680
2710
2633
2449
2218
2018
2044
2248
2424
2557
2699
2727
2519
2301
2202
2089
2082
2275
2532
2694
2708
2620
2455
2208
2054
2103
2164
2370
2622
2730
2688
2539
2340
2156
2026
2105
2323
2537
2670
2765
2697
2434
2211
2098
2081
2185
2356
2582
2698
2652
2582
2378
2123
2073
2149
2263
2476
2659
2728
2669
2481
2228
2064
2064
2173
2347
2600
2781
2726
2583
2340
2097
2103
2166
2206
2469
2680
2680
2642
2501
2227
2074
2099
2184
2358
2568
2721
2730
2572
2341
2155
2065
2132
2286
2429
2674
2744
2619
2511
2279
2051
2021
2157
2407
2558
2657
2767
2605
2341
2261
2165
2088
2252
2508
2658
2735
2684
2469
2254
2106
2025
2158
2382
2546
2714
2743
2548
2378
2204
2025
2053
2238
2441
2677
2771
2652
2488
2279
2057
2042
2202
2384
2544
2681
2734
2619
2369
2157
2070
2038
2185
2488
2684
2715
2643
2510
2330
2090
2011
2174
2358
2558
2743
2756
2585
2377
2180
2062
2117
2277
2446
2585
2691
2708
2492
2278
2152
2040
2115
2350
2553
2660
2644
2558
2414
2182
1999
2070
2244
2430
2621
2725
2709
2553
2253
2062
2056
2119
2290
2537
2695
2717
2588
2405
2253
2083
2056
2248
2444
2613
2756
2725
2527
2293
2158
2099
2090
2289
2547
2696
2756
2650
2432
2239
2059
2055
2200
2382
2585
2699
2642
2554
2387
2108
2013
2140
2272
2471
2682
2717
2579
2432
2254
2051
2032
2191
2381
2612
2752
2685
2526
2338
2124
1999
2086
2304
2490
2654
2785
2683
2436
2227
2109
2112
2201
2363
2588
2746
2702
2516
2343
2175
2065
2131
2267
2454
2681
2804
2668
2419
2240
2098
1999
2167
2430
2546
2660
2728
2568
2312
2135
2072
2110
2278
2512
2721
2759
2644
2486
2274
2056
2023
2187
2384
2568
2752
2726
2551
2406
2203
2071
2088
2211
2478
2651
2666
2689
2541
2221
2091
2130
2181
2359
2607
2691
2687
2637
2399
2120
2043
2098
2205
2429
2674
2730
2650
2525
2272
2067
2066
2140
2310
2555
2738
2759
2578
2351
2188
2045
2049
2253
2471
2606
2700
2674
2473
2252
2123
2060
2154
2367
2543
2676
2752
2613
2355
2175
2089
2106
2207
2415
2672
2743
2636
2460
2290
2159
2059
2121
2375
2572
2646
2693
2614
2407
2214
2091
2082
2232
2437
2591
2728
2713
2475
2295
2155
2050
2125
2348
2527
2666
2732
2601
2388
2232
2067
2031
2254
2466
2588
2723
2687
2487
2302
2154
2081
2138
2289
2508
2723
2773
2635
2441
2218
2040
2052
2174
2389
2612
2705
2701
2599
2326
2075
2048
2146
2244
2509
2724
2690
2627
2487
2222
2053
2075
2204
2386
2564
2703
2732
2564
2329
2102
2035
2177
2273
2442
2723
2737
2562
2434
2245
2075
2067
2180
2389
2622
2748
2706
2575
2391
2170
2048
2128
2288
2472
2687
2800
2659
2436
2278
2114
2055
2207
2388
2569
2719
2719
2519
2310
2157
2010
2024
2286
2535
2672
2721
2652
2460
2237
2072
2055
2190
2408
2530
2673
2741
2580
2359
2197
2043
2060
2252
2475
2651
2723
2628
2472
2274
2104
2034
2132
2372
2590
2681
2704
2574
2375
2223
2090
2037
2224
2475
2645
2718
2692
2488
2230
2137
2101
2073
2322
2614
2671
2652
2616
2432
2171
2011
2048
2220
2446
2634
2721
2657
2518
2310
2092
2053
2166
2296
2536
2720
2724
2621
2434
2198
2069
2068
2251
2469
2650
2769
2723
2494
2305
2126
2034
2141
2335
2530
2717
2706
2594
2429
2204
2027
2042
2233
2465
2625
2739
2696
2503
2325
2161
2055
2153
2332
2516
2674
2726
2610
2412
2224
2062
2064
2259
2421
2596
2801
2708
2464
2295
2119
2051
2148
2320
2528
2700
2749
2676
2442
2181
2097
2105
2137
2376
2664
2755
2684
2568
2372
2147
2009
2119
2297
2479
2661
2729
2654
2456
2210
2084
2105
2188
2400
2655
2739
2705
2546
2323
2173
2061
2077
2295
2510
2657
2724
2645
2459
2281
2097
2018
2179
2381
2543
2715
2727
2546
2337
2156
2050
2108
2253
2449
2655
2741
2643
2477
2236
2100
2086
2145
2366
2622
2664
2637
2567
2329
2106
2043
2074
2207
2474
2667
2728
2652
2459
2268
2093
1987
2139
2413
2590
2714
2691
2510
2389
2171
1987
2114
2285
2388
2609
2747
2625
2436
2268
2116
2030
2145
2338
2525
2675
2692
2592
2423
2181
1999
2070
2258
2463
2682
2757
2644
2471
2263
2077
2039
2157
2297
2534
2751
2713
2579
2415
2157
2042
2092
2224
2451
2663
2705
2648
2555
2301
2038
2021
2151
2348
2555
2652
2696
2620
2386
2184
2126
2072
2162
2474
2673
2673
2655
2536
2304
2107
2038
2113
2303
2524
2710
2735
2582
2384
2199
2045
2102
2234
2370
2614
2719
2656
2528
2289
2086
2032
2066
2270
2548
2695
2726
2603
2377
2212
2090
2074
2214
2413
2645
2729
2688
2562
2264
2075
2093
2097
2253
2575
2746
2704
2608
2442
2215
2055
2060
2183
2411
2631
2739
2671
2516
2378
2178
2010
2071
2308
2535
2690
2752
2639
2419
2222
2097
2072
2168
2380
2622
2708
2676
2596
2360
2118
2091
2161
2272
2521
2720
2748
2634
2456
2253
2111
2075
2149
2375
2616
2723
2716
2579
2330
2159
2079
2080
2262
2555
2690
2722
2674
2459
2216
2068
2037
2183
2414
2614
2728
2713
2545
2344
2196
2053
2088
2284
2474
2628
2721
2676
2470
2238
2115
2091
2149
2342
2574
2676
2674
2565
2349
2140
2045
2091
2263
2493
2614
2682
2692
2530
2239
2102
2087
2119
2339
2602
2695
2699
2616
2336
2108
2046
2053
2245
2495
2610
2682
2716
2519
2250
2087
2070
2151
2340
2583
2772
2731
2554
2392
2166
2016
2068
2223
2425
2610
2714
2684
2478
2257
2118
2057
2137
2314
2529
2681
2685
2589
2406
2186
2030
2075
2238
2410
2634
2741
2665
2483
2302
2109
2041
2162
2315
2517
2726
2731
2617
2451
2201
2064
2100
2200
2413
2631
2706
2707
2565
2298
2154
2075
2068
2318
2562
2607
2686
2657
2356
2190
2123
2058
2208
2451
2621
2746
2692
2463
2350
2236
2021
2042
2332
2536
2641
2686
2600
2400
2216
2091
2064
2195
2428
2582
2709
2764
2570
2250
2117
2114
2097
2261
2561
2670
2681
2645
2448
2253
2101
2064
2236
2437
2563
2709
2744
2593
2361
2117
2022
2166
2319
2464
2690
2733
2620
2470
2271
2084
2037
2148
2380
2626
2749
2710
2555
2328
2147
2068
2093
2220
2502
2696
2691
2585
2460
2265
2085
2067
2169
2313
2602
2773
2721
2570
2366
2149
2068
2107
2255
2496
2680
2663
2664
2559
2220
2046
2103
2176
2360
2594
2729
2761
2592
2337
2184
2067
2112
2286
2465
2658
2785
2671
2444
2250
2098
2049
2163
2350
2556
2718
2748
2627
2405
2182
2068
2133
2322
2481
2621
2724
2709
2482
2256
2161
2078
2106
2359
2611
2719
2694
2577
2393
2140
2026
2093
2224
2473
2695
2728
2638
2497
2319
2092
1989
2124
2332
2575
2736
2718
2634
2457
2192
2071
2110
2179
2390
2696
2732
2649
2526
2269
2104
2082
2120
2325
2511
2619
2742
2664
2389
2178
2048
2105
2237
2391
2642
2745
2655
2506
2316
2130
2048
2127
2317
2529
2696
2730
2604
2428
2229
2057
2068
2248
2420
2603
2742
2735
2525
2291
2152
2072
2123
2241
2489
2772
2764
2590
2437
2223
2051
2038
2156
2392
2584
2729
2750
2532
2277
2143
2047
2118
2319
2501
2648
2726
2626
2430
2250
2117
2078
2181
2386
2594
2673
2694
2601
2353
2104
2026
2125
2317
2506
2658
2731
2677
2456
2220
2127
2051
2119
2408
2606
2704
2743
2560
2307
2196
2071
2051
2278
2503
2606
2710
2698
2485
2243
2081
2046
2203
2386
2546
2699
2732
2565
2364
2194
2068
2122
2271
2435
2652
2713
2622
2467
2226
2077
2072
2152
2361
2580
2663
2685
2567
2296
2122
2084
2104
2217
2493
2677
2706
2657
2483
2242
2106
2050
2123
2375
2628
2674
2694
2634
2366
2156
2086
2077
2236
2498
2653
2669
2664
2523
2255
2033
2034
2169
2367
2597
2710
2714
2630
2395
2156
2070
2077
2180
2443
2653
2679
2662
2545
2255
2081
2062
2124
2296
2549
2731
2728
2538
2371
2217
2089
2066
2192
2459
2666
2720
2693
2557
2311
2114
2080
2109
2325
2599
2712
2709
2625
2427
2229
2073
2038
2211
2427
2544
2718
2720
2495
2300
2136
2072
2125
2233
2537
2749
2697
2609
2444
2221
2061
2053
2237
2460
2621
2724
2672
2502
2333
2120
2018
2154
2280
2470
2730
2694
2593
2514
2215
2001
2095
2217
2384
2642
2734
2675
2576
2314
2089
2084
2109
2242
2536
2682
2727
2681
2412
2181
2129
2097
2187
2447
2626
2691
2676
2542
2295
2081
2048
2119
2270
2516
2670
2701
2657
2435
2162
2141
2156
2122
2332
2607
2678
2681
2567
2329
2146
2059
2078
2280
2539
2717
2735
2623
2509
2278
2054
2088
2221
2315
2550
2761
2728
2561
2342
2126
2031
2092
2279
2489
2657
2708
2635
2470
2221
2074
2097
2172
2322
2555
2709
2751
2607
2324
2169
2114
2087
2203
2457
2675
2743
2638
2441
2295
2120
2009
2192
2408
2519
2711
2784
2552
2327
2228
2077
2017
2223
2488
2630
2701
2667
2465
2277
2133
2022
2134
2370
2551
2681
2711
2578
2381
2179
2048
2102
2260
2433
2620
2721
2616
2460
2326
2117
2026
2172
2379
2541
2686
2718
2584
2385
2138
2048
2100
2195
2441
2692
2702
2643
2530
2302
2098
2062
2164
2335
2535
2698
2730
2582
2419
2264
2076
2072
2242
2434
2667
2831
2707
2457
2323
2152
2008
2087
2303
2523
2650
2737
2677
2396
2187
2081
2051
2177
2432
2625
2742
2681
2483
2330
2161
2042
2099
2294
2497
2660
2746
2662
2399
2175
2082
2087
2199
2423
2607
2741
2703
2547
2340
2156
2049
2070
2308
2561
2652
2699
2658
2448
2247
2124
2063
2160
2408
2602
2682
2688
2575
2340
2147
2106
2116
2251
2520
2699
2690
2623
2500
2205
1998
2057
2220
2357
2561
2742
2688
2514
2333
2183
2056
2077
2243
2489
2685
2711
2607
2501
2279
2106
2068
2127
2338
2611
2730
2732
2575
2337
2157
2044
2079
2265
2448
2636
2748
2647
2448
2256
2060
2036
2189
2389
2559
2700
2719
2564
2321
2113
2072
2164
2214
2420
2678
2692
2605
2479
2264
2073
2016
2147
2352
2533
2673
2755
2591
2328
2163
2048
2064
2242
2466
2676
2734
2681
2538
2235
2063
2064
2123
2359
2568
2677
2764
2601
2338
2194
2064
2039
2246
2518
2633
2703
2688
2494
2268
2090
1983
2130
2406
2513
2636
2768
2607
2352
2184
2068
2075
2247
2414
2593
2723
2705
2528
2265
2083
2064
2135
2327
2542
2678
2673
2640
2479
2185
2043
2106
2208
2441
2688
2720
2619
2506
2306
2051
2047
2204
2312
2493
2718
2763
2580
2402
2261
2064
2001
2224
2504
2618
2670
2694
2533
2302
2120
2015
2101
2325
2503
2668
2763
2616
2386
2232
2071
2022
2160
2418
2650
2718
2653
2551
2347
2052
2029
2189
2292
2492
2710
2768
2653
2436
2244
2080
2017
2175
2434
2603
2674
2692
2590
2320
2115
2079
2123
2241
2464
2663
2720
2614
2425
2278
2130
2034
2166
2433
2638
2738
2686
2518
2349
2160
2032
2129
2296
2464
2659
2768
2644
2416
2277
2127
2019
2200
2434
2539
2676
2734
2546
2339
2170
2033
2083
2269
2497
2674
2707
2650
2497
2269
2078
2060
2193
2350
2558
2724
2716
2553
2351
2168
2087
2136
2229
2413
2662
2733
2613
2467
2282
2123
2052
2121
2368
2624
2705
2731
2643
2372
2115
2060
2111
2216
2438
2664
2708
2660
2523
2278
2088
2050
2171
2338
2504
2750
2777
2558
2431
2275
2035
2045
2259
2398
2591
2793
2727
2473
2249
2084
2065
2183
2297
2478
2727
2724
2562
2408
2226
2107
2091
2182
2441
2670
2706
2638
2516
2280
2074
2056
2139
2283
2536
2725
2720
2660
2455
2177
2094
2138
2204
2409
2620
2695
2695
2561
2285
2127
2058
2084
2321
2559
2684
2743
2632
2392
2203
2083
2055
2185
2417
2612
2695
2702
2570
2320
2127
2061
2107
2279
2471
2693
2780
2628
2422
2257
2077
2025
2150
2387
2605
2704
2700
2554
2281
2111
2052
2123
2304
2515
2688
2758
2661
2442
2245
2080
2044
2225
2450
2617
2729
2689
2531
2347
2154
2030
2089
2283
2489
2664
2772
2668
2438
2234
2077
2050
2207
2397
2581
2753
2703
2525
2370
2176
2017
2081
2276
2472
2670
2762
2607
2428
2290
2087
2011
2184
2390
2572
2703
2733
2570
2316
2154
2051
2062
2257
2499
2666
2735
2645
2463
2232
2049
2070
2174
2359
2592
2704
2700
2581
2353
2195
2118
2097
2255
2510
2616
2696
2713
2476
2209
2102
2087
2167
2338
2554
2724
2736
2541
2361
2206
2068
2057
2224
2485
2690
2727
2675
2539
2269
2031
2050
2198
2334
2571
2773
2732
2580
2390
2149
2038
2114
2272
2435
2643
2767
2697
2486
2249
2117
2061
2060
2268
2541
2689
2752
2613
2344
2183
2066
2021
2208
2441
2627
2743
2687
2449
2275
2118
2005
2124
2342
2494
2648
2723
2563
2375
2237
2049
2008
2196
2431
2592
2708
2691
2522
2315
2111
1987
2140
2347
2454
2639
2724
2598
2430
2227
2043
2040
2180
2362
2602
2754
2697
2512
2295
2140
2068
2094
2311
2530
2656
2720
2675
2475
2213
2105
2119
2155
2369
2637
2753
2663
2488
2319
2142
2019
2096
2306
2544
2691
2719
2649
2471
2245
2052
2041
2198
2394
2580
2661
2657
2517
2288
2125
2068
2105
2256
2478
2673
2760
2651
2423
2232
2098
2086
2182
2371
2626
2742
2688
2567
2351
2141
2076
2125
2257
2495
2686
2713
2654
2453
2188
2086
2059
2127
2362
2606
2705
2668
2577
2399
2116
1983
2106
2259
2455
2657
2678
2657
2535
2241
2091
2110
2148
2332
2598
2715
2717
2580
2331
2152
2092
2109
2232
2454
2640
2720
2649
2521
2326
2100
2033
2180
2379
2572
2741
2697
2524
2401
2234
2063
2109
2312
2464
2648
2732
2625
2510
2296
2027
2046
2239
2340
2522
2743
2731
2548
2378
2176
2046
2141
2266
2408
2649
2767
2651
2453
2271
2119
2028
2099
2343
2600
2735
2707
2612
2410
2145
2043
2086
2208
2438
2665
2717
2665
2551
2321
2106
2061
2103
2274
2539
2734
2760
2660
2420
2176
2092
2103
2216
2425
2639
2727
2694
2543
2307
2080
2051
2174
2285
2470
2707
2747
2605
2414
2195
2039
2085
2215
2354
2600
2768
2689
2530
2303
2074
2031
2124
2276
2527
2744
2780
2618
2413
2214
2036
2059
2177
2368
2619
2717
2672
2573
2322
2116
2073
2129
2308
2550
2674
2714
2656
2486
2216
2048
2088
2176
2343
2599
2709
2665
2520
2297
2152
2079
2105
2294
2514
2675
2716
2661
2499
2268
2072
2038
2159
2393
2634
2709
2674
2592
2372
2096
2038
2135
2221
2468
2703
2734
2604
2447
2270
2106
2058
2171
2371
2596
2697
2680
2620
2368
2072
2041
2131
2223
2416
2675
2750
2604
2454
2229
2002
2043
2180
2334
2577
2702
2680
2634
2386
2102
2066
2119
2220
2452
2676
2778
2678
2476
2290
2103
2052
2160
2308
2541
2716
2685
2576
2423
2200
2051
2061
2237
2470
2636
2715
2662
2490
2287
2099
2058
2167
2319
2552
2744
2695
2561
2410
2162
2048
2130
2261
2429
2617
2715
2641
2451
2257
2080
2025
2120
2347
2563
2669
2719
2597
2348
2193
2077
2080
2263
2430
2580
2712
2690
2520
2269
2101
2061
2130
2294
2544
2757
2740
2584
2415
2216
2103
2089
2195
2433
2649
2681
2628
2526
2309
2055
2003
2175
2332
2479
2699
2780
2636
2400
2194
2106
2075
2150
2421
2657
2700
2720
2597
2287
2089
2071
2102
2282
2572
2713
2705
2626
2443
2233
2066
2052
2229
2436
2607
2725
2695
2552
2346
2114
2028
2114
2272
2492
2671
2704
2621
2444
2210
2074
2054
2160
2423
2637
2712
2685
2549
2346
2102
2028
2155
2287
2441
2699
2764
2596
2474
2268
2067
2068
2207
2411
2639
2747
2680
2583
2382
2135
2042
2071
2241
2524
2698
2721
2656
2494
2269
2077
2005
2156
2400
2583
2659
2647
2584
2394
2121
1989
2097
2297
2480
2652
2756
2677
2431
2235
2157
2042
2121
2390
2543
2650
2730
2573
2348
2212
2081
2037
2233
2478
2626
2718
2643
2464
2246
2075
2043
2157
2343
2595
2709
2651
2569
2373
2115
2013
2059
2236
2451
2635
2727
2670
2504
2305
2132
2070
2121
2338
2587
2692
2670
2571
2417
2175
2043
2118
2230
2440
2624
2716
2697
2513
2293
2147
2048
2135
2408
2597
2645
2740
2639
2338
2169
2157
2101
2174
2446
2661
2716
2657
2484
2233
2101
2092
2136
2286
2515
2678
2687
2620
2475
2201
2026
2083
2209
2407
2650
2772
2706
2509
2281
2114
2080
2155
2306
2495
2618
2720
2672
2409
2196
2117
2083
2201
2445
2621
2719
2699
2507
2340
2149
2053
2135
2272
2473
2756
2787
2607
2431
2237
2066
2090
2178
2359
2638
2770
2682
2546
2359
2151
2056
2114
2308
2551
2650
2663
2616
2459
2232
2062
2041
2201
2376
2568
2762
2714
2489
2296
2157
2083
2096
2275
2532
2674
2705
2664
2464
2209
2086
2068
2160
2368
2580
2711
2688
2574
2385
2152
2043
2110
2277
2512
2662
2750
2695
2455
2216
2089
2038
2178
2404
2558
2696
2774
2604
2325
2197
2101
2071
2302
2547
2624
2665
2692
2509
2244
2100
2088
2198
2368
2531
2689
2725
2621
2394
2187
2073
2072
2264
2539
2679
2697
2656
2463
2252
2146
2040
2116
2341
2582
2711
2721
2589
2334
2149
2087
2053
2230
2484
2639
2732
2683
2499
2294
2072
2041
2194
2342
2504
2704
2713
2585
2421
2186
2057
2121
2242
2429
2650
2718
2651
2495
2269
2095
2053
2150
2343
2538
2679
2753
2639
2390
2186
2031
2020
2183
2381
2645
2773
2655
2495
2315
2097
2046
2129
2269
2515
2716
2717
2625
2449
2217
2071
2078
2224
2433
2643
2739
2662
2477
2270
2112
2034
2140
2320
2476
2676
2763
2596
2390
2251
2095
2053
2203
2429
2652
2736
2661
2501
2316
2074
1990
2138
2269
2442
2713
2741
2630
2461
2199
2042
2082
2201
2375
2601
2739
2707
2546
2315
2120
2047
2115
2262
2463
2710
2763
2616
2453
2218
2032
2074
2193
2357
2621
2732
2682
2565
2346
2148
2027
2068
2307
2533
2637
2689
2651
2458
2222
2078
2067
2141
2348
2642
2738
2648
2543
2369
2144
2082
2132
2232
2482
2682
2729
2674
2475
2251
2130
2017
2150
2424
2575
2705
2760
2569
2352
2185
2038
2063
2253
2487
2672
2678
2599
2526
2295
2027
2070
2218
2305
2535
2723
2683
2551
2362
2178
2069
2090
2233
2465
2670
2740
2648
2466
2260
2123
2050
2111
2352
2567
2669
2695
2592
2388
2161
2057
2068
2173
2420
2678
2742
2671
2494
2229
2118
2139
2128
2270
2561
2696
2675
2596
2420
2164
2040
2081
2224
2451
2619
2693
2713
2478
2231
2187
2077
2053
2301
2572
2711
2712
2586
2400
2155
2009
2109
2258
2344
2607
2781
2682
2499
2342
2181
2044
2103
2345
2540
2656
2721
2627
2396
2184
2044
2029
2176
2421
2618
2736
2694
2474
2285
2118
1992
2106
2319
2474
2675
2798
2615
2379
2217
2070
2065
2233
2398
2597
2743
2682
2532
2352
2138
2027
2121
2341
2506
2646
2724
2622
2413
2204
2056
2060
2194
2412
2646
2756
2698
2560
2332
2130
2053
2123
2314
2533
2654
2688
2604
2407
2192
2085
2075
2164
2384
2621
2693
2670
2543
2300
2135
2048
2074
2317
2530
2634
2745
2668
2418
2227
2066
2022
2182
2410
2580
2696
2711
2555
2328
2142
2048
2101
2263
2504
2674
2712
2663
2487
2205
2066
2084
2144
2343
2605
2719
2714
2631
2347
2110
2114
2125
2203
2491
2736
2749
2649
2523
2268
2043
2038
2166
2350
2601
2706
2670
2625
2409
2068
2057
2201
2168
2400
2752
2737
2624
2540
2297
2106
2064
2163
2384
2617
2680
2697
2613
2355
2143
2068
2073
2197
2436
2651
2728
2618
2440
2260
2114
1998
2103
2356
2558
2718
2722
2581
2383
2173
2084
2095
2235
2445
2624
2731
2661
2490
2310
2145
2032
2128
2348
2496
2641
2745
2557
2323
2235
2096
2039
2263
2453
2616
2748
2674
2516
2354
2106
2007
2149
2329
2531
2748
2732
2538
2375
2217
2051
2048
2211
2443
2637
2702
2672
2548
2318
2136
2058
2078
2285
2553
2670
2716
2647
2405
2162
2030
2031
2177
2407
2608
2697
2717
2578
2249
2063
2084
2118
2251
2531
2744
2724
2611
2461
2268
2078
2031
2154
2429
2669
2738
2675
2600
2379
2055
2010
2161
2284
2512
2724
2674
2582
2475
2223
2071
2091
2179
2355
2600
2724
2684
2555
2346
2122
2049
2136
2281
2444
2645
2757
2635
2416
2265
2095
2013
2166
2412
2611
2744
2724
2581
2322
2103
2067
2112
2217
2488
2701
2689
2578
2471
2276
2034
2014
2217
2370
2543
2742
2788
2588
2328
2188
2080
2010
2257
2564
2636
2680
2689
2488
2250
2122
2048
2157
2379
2578
2746
2743
2561
2349
2169
2078
2071
2183
2466
2674
2731
2653
2437
2235
2125
2077
2148
2348
2563
2708
2719
2536
2355
2235
2071
2025
2255
2453
2609
2737
2687
2517
2294
2082
2056
2182
2335
2568
2752
2713
2594
2428
2153
2010
2074
2187
2347
2659
2789
2627
2503
2329
2073
2019
2111
2260
2536
2727
2696
2557
2399
2264
2101
2028
2225
2481
2628
2726
2711
2507
2270
2123
2030
2101
2325
2506
2682
2735
2601
2396
2188
2077
2086
2197
2432
2651
2693
2640
2514
2318
2112
2001
2087
2316
2551
2667
2733
2638
2366
2214
2126
2063
2177
2378
2603
2759
2677
2521
2340
2115
2046
2177
2308
2513
2752
2714
2579
2471
2248
2042
2046
2181
2417
2629
2711
2682
2545
2320
2148
2068
2092
2284
2558
2680
2669
2659
2515
2190
2013
2054
2203
2393
2566
2710
2754
2543
2267
2140
2079
2144
2313
2454
2694
2774
2592
2459
2293
2109
2084
2177
2381
2602
2686
2645
2564
2336
2131
2060
2085
2238
2530
2698
2716
2677
2484
2226
2107
2081
2174
2362
2600
2742
2719
2578
2378
2153
2025
2117
2273
2443
2687
2767
2584
2437
2310
2110
2042
2168
2379
2563
2715
2765
2579
2297
2112
2041
2055
2230
2493
2649
2724
2680
2492
2301
2121
2054
2176
2368
2567
2699
2723
2586
2367
2148
2042
2105
2262
2457
2635
2724
2716
2527
2256
2078
2012
2110
2349
2550
2720
2759
2567
2350
2207
2061
2063
2255
2439
2589
2736
2669
2465
2329
2132
1975
2140
2408
2530
2664
2763
2592
2383
2237
2075
2068
2273
2446
2597
2733
2697
2478
2280
2160
2067
2132
2345
2517
2667
2720
2579
2383
2224
2100
2091
2206
2408
2603
2710
2702
2535
2286
2095
2039
2128
2297
2536
2707
2701
2620
2445
2174
2031
2100
2225
2384
2606
2748
2699
2503
2282
2113
2060
2146
2280
2482
2682
2694
2594
2455
2238
2048
2053
2218
2403
2601
2774
2732
2548
2331
2129
2060
2113
2264
2545
2728
2728
2649
2419
2186
2097
2058
2152
2413
2607
2640
2662
2619
2338
2104
2059
2105
2266
2503
2686
2747
2635
2396
2195
2092
2057
2136
2384
2624
2719
2692
2580
2355
2138
2056
2101
2290
2565
2714
2722
2632
2479
2244
2047
2062
2195
2340
2582
2734
2716
2567
2361
2186
2082
2078
2263
2532
2660
2686
2634
2460
2261
2085
2065
2225
2363
2530
2750
2743
2557
2375
2137
2045
2153
2259
2448
2703
2770
2651
2504
2300
2096
2048
2159
2341
2535
2676
2706
2573
2321
2144
2079
2052
2197
2437
2617
2712
2640
2476
2337
2114
2021
2139
2338
2506
2638
2738
2608
2334
2172
2093
2058
2215
2502
2626
2692
2732
2533
2236
2095
2076
2164
2330
2501
2689
2748
2547
2371
2195
2039
2090
2225
2406
2669
2754
2638
2467
2320
2141
2013
2131
2361
2547
2746
2746
2594
2456
2209
1992
2073
2232
2419
2636
2739
2695
2571
2301
2114
2121
2166
2262
2536
2754
2694
2578
2437
2253
2119
2054
2178
2431
2615
2693
2684
2509
2272
2140
2088
2121
2309
2476
2646
2763
2622
2359
2223
2121
2039
2157
2419
2596
2699
2717
2574
2303
2098
2063
2133
2271
2511
2692
2745
2638
2412
2249
2117
2039
2204
2418
2549
2697
2731
2542
2346
2147
1998
2063
2301
2524
2667
2736
2636
2432
2222
2099
2081
2151
2362
2615
2762
2719
2521
2326
2179
2048
2064
2266
2529
2650
2683
2667
2500
2262
2080
2087
2240
2353
2576
2781
2718
2552
2384
2187
2042
2092
2277
2483
2645
2730
2708
2476
2214
2116
2067
2124
2395
2594
2644
2710
2612
2350
2192
2082
2050
2238
2516
2649
2715
2651
2467
2298
2123
2025
2139
2357
2560
2716
2756
2588
2362
2210
2092
2096
2287
2463
2625
2743
2677
2500
2259
2062
2083
2194
2319
2540
2757
2739
2570
2392
2174
2004
2031
2245
2473
2640
2747
2678
2448
2275
2132
2010
2100
2356
2567
2689
2712
2620
2426
2214
2050
2010
2265
2526
2626
2741
2723
2517
2285
2099
2053
2138
2316
2515
2708
2737
2608
2447
2213
2022
2056
2200
2384
2663
2839
2712
2495
2299
2109
2098
2158
2286
2542
2670
2714
2658
2414
2174
2086
2055
2161
2425
2632
2748
2757
2537
2269
2111
2019
2088
2348
2543
2626
2713
2675
2397
2197
2095
2018
2156
2458
2620
2731
2686
2504
2346
2124
2019
2165
2304
2478
2676
2737
2607
2408
2201
2080
2086
2156
2370
2650
2739
2660
2497
2316
2138
2014
2083
2313
2469
2669
2827
2647
2399
2234
2072
2042
2221
2444
2561
2676
2737
2596
2334
2136
2093
2096
2226
2519
2726
2719
2637
2501
2264
2074
2043
2181
2408
2584
2704
2737
2573
2348
2135
1998
2084
2290
2456
2653
2751
2624
2462
2248
2037
2042
2184
2346
2554
2720
2699
2575
2413
2151
2027
2133
2270
2440
2657
2746
2614
2440
2278
2085
2043
2195
2378
2577
2730
2734
2591
2420
2178
2030
2073
2240
2496
2666
2699
2664
2501
2203
2041
2091
2176
2356
2607
2690
2667
2626
2407
2118
2069
2117
2205
2432
2645
2747
2679
2477
2283
2085
2013
2123
2329
2540
2654
2736
2658
2420
2203
2100
2061
2197
2441
2634
2755
2724
2496
2239
2106
2040
2102
2347
2571
2677
2681
2617
2456
2204
2027
2064
2237
2392
2583
2758
2690
2480
2315
2131
2038
2130
2322
2526
2665
2703
2609
2402
2214
2105
2056
2190
2468
2653
2712
2684
2524
2330
2173
2065
2054
2262
2507
2674
2718
2629
2435
2193
2055
2046
2137
2393
2590
2652
2664
2579
2331
2127
2080
2141
2287
2495
2670
2718
2628
2417
2192
2086
2059
2133
2371
2633
2725
2684
2560
2348
2141
2067
2109
2256
2490
2654
2710
2643
2412
2210
2095
2058
2183
2404
2624
2756
2725
2564
2339
2187
2096
2076
2239
2491
2648
2711
2667
2482
2231
2071
2075
2231
2418
2535
2683
2757
2579
2338
2163
2024
2114
2304
2442
2643
2771
2637
2445
2259
2081
2075
2192
2344
2556
2716
2707
2585
2349
2125
2065
2077
2182
2494
2693
2671
2661
2555
2297
2101
2026
2142
2388
2543
2651
2753
2634
2353
2133
2077
2096
2209
2473
2678
2726
2687
2468
2232
2115
2050
2133
2384
2560
2687
2744
2616
2437
2192
2062
2137
2248
2394
2660
2776
2660
2489
2301
2095
2032
2182
2326
2506
2719
2753
2612
2418
2194
2042
2059
2232
2455
2661
2692
2645
2540
2299
2087
2032
2089
2303
2525
2671
2710
2610
2421
2230
2090
2079
2230
2492
2649
2666
2684
2561
2268
2124
2104
2105
2306
2564
2694
2734
2611
2369
2175
2083
2059
2198
2420
2586
2723
2737
2482
2299
2193
2052
2094
2304
2515
2721
2752
2604
2454
2255
2007
1997
2229
2433
2583
2763
2748
2554
2368
2150
2055
2146
2300
2518
2679
2694
2613
2443
2257
2125
2052
2175
2435
2580
2676
2765
2585
2288
2121
2072
2113
2292
2502
2663
2729
2664
2510
2273
2053
2074
2221
2350
2540
2726
2719
2524
2328
2216
2093
2033
2211
2543
2680
2686
2654
2467
2231
2081
2011
2146
2395
2539
2684
2763
2558
2307
2142
2049
2061
2277
2556
2687
2710
2667
2485
2244
2108
2093
2139
2327
2578
2717
2725
2588
2358
2133
2071
2137
2211
2459
2721
2770
2618
2511
2315
2057
2032
2176
2346
2584
2693
2692
2636
2399
2116
2076
2136
2239
2431
2635
2695
2642
2493
2272
2099
2074
2176
2342
2559
2708
2686
2615
2398
2133
2044
2100
2243
2458
2631
2718
2706
2545
2303
2089
2027
2136
2279
2502
2718
2747
2591
2379
2204
2080
2045
2178
2432
2665
2729
2654
2509
2302
2095
1979
2089
2379
2590
2656
2689
2659
2437
2185
2054
2077
2198
2397
2656
2741
2674
2536
2269
2090
2089
2111
2253
2550
2698
2689
2635
2428
2160
2063
2077
2166
2390
2612
2705
2694
2530
2324
2161
2048
2098
2338
2549
2647
2704
2625
2442
2246
2064
2055
2209
2427
2628
2748
2676
2503
2343
2137
2037
2149
2287
2456
2686
2769
2658
2427
2243
2107
2028
2181
2471
2625
2679
2693
2553
2339
2165
2054
2074
2279
2521
2704
2762
2661
2468
2225
2058
2094
2233
2417
2613
2706
2658
2531
2345
2142
2012
2107
2313
2484
2677
2806
2672
2438
2280
2122
2076
2170
2330
2599
2746
2671
2538
2340
2103
2041
2117
2239
2459
2660
2698
2637
2519
2255
2048
2076
2182
2371
2604
2686
2680
2584
2368
2187
2086
2095
2235
2467
2667
2689
2616
2547
2282
1987
2038
2217
2295
2508
2741
2739
2575
2389
2184
2055
2084
2250
2445
2665
2806
2707
2457
2277
2111
2027
2157
2361
2548
2697
2665
2554
2432
2189
2041
2090
2234
2446
2622
2703
2683
2515
2289
2130
2035
2087
2323
2560
2698
2698
2601
2453
2210
2031
2109
2306
2460
2601
2712
2712
2498
2271
2166
2094
2124
2323
2531
2711
2764
2605
2382
2169
2032
2066
2173
2389
2652
2773
2654
2505
2327
2086
2020
2140
2330
2544
2649
2686
2670
2465
2179
2088
2064
2181
2479
2625
2671
2742
2553
2266
2209
2133
2072
2279
2567
2725
2699
2596
2446
2213
2041
2068
2205
2419
2606
2718
2708
2546
2329
2184
2110
2109
2286
2526
2668
2704
2634
2460
2258
2090
2016
2194
2448
2589
2674
2699
2574
2350
2112
2007
2118
2307
2459
2656
2752
2682
2474
2208
2050
2078
2157
2360
2657
2759
2654
2540
2359
2149
2002
2075
2321
2513
2631
2731
2695
2478
2226
2101
2091
2143
2354
2613
2711
2734
2622
2357
2144
2053
2093
2273
2529
2722
2740
2660
2503
2256
2070
2045
2141
2334
2537
2715
2736
2552
2362
2208
2047
2067
2275
2497
2647
2739
2671
2486
2273
2081
2053
2187
2366
2584
2709
2704
2566
2382
2181
1999
2064
2305
2430
2604
2736
2679
2508
2266
2082
2069
2136
2335
2593
2719
2694
2576
2380
2166
2043
2097
2261
2422
2631
2774
2675
2483
2288
2126
2070
2154
2332
2520
2661
2700
2583
2400
2197
1997
2025
2238
2401
2638
2780
2670
2514
2359
2082
1991
2173
2344
2473
2685
2767
2614
2373
2212
2107
2056
2221
2465
2601
2708
2721
2501
2257
2150
2055
2108
2286
2508
2683
2751
2636
2443
2244
2066
2041
2195
2418
2626
2757
2706
2481
2333
2180
2027
2080
2339
2540
2619
2666
2636
2436
2217
2092
2056
2147
2364
2593
2753
2701
2535
2340
2128
2028
2082
2268
2523
2672
2699
2658
2472
2220
2072
2025
2162
2411
2621
2722
2702
2585
2300
2073
2079
2153
2250
2464
2714
2770
2602
2417
2273
2098
2028
2167
2388
2596
2738
2709
2545
2333
2162
2047
2067
2250
2488
2638
2674
2594
2452
2256
2064
2044
2178
2402
2647
2753
2680
2561
2388
2138
2058
2138
2277
2452
2685
2754
2628
2443
2283
2112
2041
2180
2388
2566
2702
2659
2538
2437
2189
1975
2094
2316
2470
2668
2764
2690
2531
2273
2104
2100
2183
2352
2584
2713
2697
2598
2390
2120
2080
2140
2220
2488
2683
2694
2697
2533
2260
2123
2093
2161
2372
2551
2672
2736
2615
2333
2095
2076
2126
2211
2473
2650
2651
2656
2526
2223
2094
2103
2109
2283
2576
2702
2687
2617
2430
2170
2037
2103
2275
2461
2658
2721
2622
2533
2329
2066
2038
2185
2377
2529
2612
2691
2637
2361
2122
2053
2074
2182
2425
2665
2719
2619
2513
2339
2087
2014
2133
2262
2473
2703
2754
2616
2431
2225
2077
2105
2208
2376
2606
2710
2671
2533
2317
2118
2070
2139
2294
2505
2672
2721
2617
2370
2204
2120
2049
2140
2421
2618
2712
2702
2542
2363
2135
1985
2110
2342
2494
2595
2748
2673
2404
2214
2102
2040
2160
2429
2613
2712
2766
2523
2252
2185
2060
2034
2305
2504
2609
2785
2686
2362
2219
2110
2026
2172
2445
2624
2701
2722
2595
2306
2085
2034
2103
2252
2456
2637
2719
2622
2447
2265
2110
2024
2183
2437
2548
2671
2808
2603
2278
2138
2049
2081
2291
2498
2652
2733
2667
2444
2228
2099
2053
2153
2345
2545
2713
2721
2559
2385
2173
2020
2100
2260
2443
2637
2759
2677
2467
2205
2061
2062
2169
2370
2571
2677
2737
2609
2340
2124
2062
2112
2215
2418
2679
2776
2630
2470
2317
2106
2048
2190
2329
2528
2715
2715
2605
2395
2165
2053
2044
2196
2457
2632
2748
2721
2461
2255
2145
2041
2131
2334
2506
2663
2758
2632
2393
2170
2027
2047
2235
2411
2600
2722
2660
2492
2294
2120
2055
2111
2278
2541
2741
2731
2569
2393
2234
2076
2042
2208
2440
2627
2776
2697
2466
2311
2111
1996
2130
2286
2446
2681
2746
2554
2374
2210
2055
2079
2212
2386
2664
2741
2598
2528
2352
2086
2042
2145
2279
2493
2699
2717
2608
2428
2197
2032
2057
2214
2408
2586
2744
2738
2549
2308
2112
2048
2117
2249
2483
2663
2738
2642
2460
2279
2047
2019
2205
2378
2582
2729
2696
2553
2388
2187
2066
2105
2268
2498
2661
2707
2686
2462
2196
2136
2113
2145
2413
2633
2689
2697
2555
2311
2104
2008
2092
2256
2480
2689
2724
2657
2503
2240
2047
2056
2159
2330
2585
2758
2713
2532
2352
2133
2041
2120
2295
2517
2634
2670
2693
2511
2205
2093
2122
2153
2327
2567
2718
2739
2566
2340
2197
2061
2067
2239
2475
2680
2728
2660
2498
2233
2066
2066
2111
2304
2642
2725
2639
2570
2424
2185
2025
2050
2280
2494
2621
2726
2714
2490
2262
2137
2085
2178
2362
2536
2700
2729
2580
2416
2209
2043
2083
2254
2449
2634
2763
2726
2472
2240
2153
2069
2073
2314
2597
2714
2705
2615
2441
2227
2069
2062
2247
2439
2613
2702
2724
2600
2294
2104
2096
2127
2287
2539
2710
2686
2585
2406
2229
2113
2074
2216
2432
2614
2770
2690
2471
2313
2136
2006
2115
2353
2519
2624
2703
2640
2450
2220
2064
2085
2233
2371
2596
2755
2697
2564
2304
2066
2084
2165
2283
2526
2704
2708
2618
2421
2217
2094
2099
2205
2411
2637
2731
2684
2517
2309
2126
2048
2127
2300
2472
2614
2720
2662
2413
2183
2095
2083
2174
2382
2624
2725
2685
2584
2378
2115
2037
2144
2270
2491
2695
2695
2616
2473
2240
2057
2062
2205
2387
2543
2730
2752
2532
2340
2214
2022
2017
2262
2500
2628
2715
2632
2424
2236
2096
2047
2168
2415
2646
2692
2635
2606
2427
2128
2046
2123
2267
2467
2687
2766
2641
2434
2260
2122
2076
2168
2360
2564
2720
2713
2574
2400
2189
2042
2101
2273
2474
2644
2707
2651
2499
2260
2104
2063
2089
2315
2605
2700
2704
2609
2390
2173
2043
2072
2265
2441
2638
2779
2658
2437
2296
2149
2043
2144
2395
2574
2675
2740
2650
2367
2181
2088
2040
2200
2513
2651
2668
2683
2512
2238
2087
2086
2168
2336
2571
2736
2749
2610
2392
2153
2066
2108
2198
2397
2682
2727
2623
2524
2350
2103
2003
2172
2383
2517
2690
2755
2656
2420
2186
2113
2098
2177
2429
2675
2718
2648
2521
2286
2094
2067
2183
2278
2467
2690
2763
2656
2395
2151
2064
2086
2208
2438
2629
2689
2695
2506
2292
2152
2065
2111
2309
2513
2669
2730
2643
2391
2183
2068
2033
2207
2450
2566
2675
2686
2541
2323
2109
2047
2157
2317
2505
2672
2738
2597
2412
2252
2053
2019
2165
2371
2625
2741
2666
2557
2383
2139
2036
2104
2289
2520
2647
2760
2671
2412
2262
2147
2037
2157
2396
2570
2728
2710
2524
2367
2176
2012
2116
2287
2456
2654
2689
2636
2537
2264
2065
2090
2143
2356
2639
2722
2707
2584
2356
2189
2043
2024
2231
2448
2642
2736
2658
2472
2260
2083
2061
2185
2342
2502
2704
2735
2523
2338
2216
2064
2053
2214
2486
2676
2695
2633
2514
2263
2076
2048
2175
2373
2549
2672
2711
2597
2391
2179
2054
2088
2241
2410
2667
2754
2620
2461
2267
2128
2032
2054
2329
2574
2707
2721
2595
2369
2153
2049
2095
2228
2434
2672
2767
2662
2498
2291
2134
2074
2110
2314
2574
2670
2701
2688
2412
2127
2106
2137
2210
2400
2598
2714
2676
2463
2289
2186
2019
2112
2471
2569
2623
2771
2637
2386
2226
2077
2063
2227
2437
2633
2771
2684
2455
2266
2095
2062
2162
2305
2511
2700
2742
2635
2393
2160
2084
2084
2201
2455
2640
2677
2648
2576
2331
2073
2034
2113
2278
2494
2677
2713
2618
2397
2198
2085
2054
2199
2443
2590
2737
2737
2504
2312
2199
2037
2079
2348
2557
2671
2745
2659
2429
2210
2093
2060
2186
2405
2620
2739
2701
2541
2350
2141
2050
2136
2290
2471
2679
2773
2657
2469
2255
2065
2037
2177
2391
2579
2703
2725
2578
2367
2211
2066
2081
2288
2476
2664
2794
2645
2416
2268
2106
2003
2141
2404
2618
2676
2648
2576
2387
2130
2019
2134
2305
2469
2670
2758
2633
2432
2258
2085
2043
2172
2366
2544
2702
2735
2583
2347
2165
2066
2104
2254
2485
2634
2683
2635
2501
2282
2075
2032
2189
2418
2618
2727
2766
2626
2332
2154
2095
2073
2234
2502
2655
2699
2670
2499
2280
2171
2043
2086
2355
2561
2689
2737
2567
2374
2229
2094
2069
2212
2464
2662
2714
2668
2507
2259
2105
2079
2150
2303
2512
2685
2749
2635
2435
2201
2051
2082
2255
2446
2637
2720
2686
2512
2283
2124
2091
2145
2321
2589
2727
2687
2616
2441
2173
2047
2112
2247
2417
2634
2749
2688
2526
2277
2094
2057
2076
2262
2560
2710
2742
2665
2420
2226
2142
2097
2189
2451
2637
2724
2738
2544
2282
2120
2065
2115
2303
2535
2692
2719
2617
2444
2248
2055
2059
2221
2368
2555
2752
2670
2480
2378
2182
2014
2090
2281
2529
2719
2706
2607
2471
2220
2050
2049
2167
2408
2605
2654
2690
2578
2286
2136
2077
2108
2298
2505
2634
2733
2692
2444
2255
2161
2042
2144
2457
2582
2661
2737
2581
2327
2142
2056
2099
2248
2494
2673
2716
2663
2487
2222
2063
2108
2191
2333
2594
2725
2697
2562
2360
2161
2030
2090
2286
2472
2654
2740
2657
2493
2305
2095
2011
2181
2434
2544
2660
2751
2547
2290
2172
2078
2062
2231
2495
2644
2675
2689
2541
2224
2047
2055
2177
2364
2531
2698
2776
2593
2363
2158
2002
2073
2248
2409
2643
2753
2656
2498
2297
2075
2052
2173
2333
2547
2733
2716
2572
2432
2213
2047
2115
2250
2390
2647
2784
2622
2455
2351
2133
2009
2140
2356
2547
2712
2716
2581
2428
2189
1992
2036
2274
2436
2581
2734
2680
2484
2295
2142
2078
2116
2304
2549
2682
2677
2610
2441
2211
2126
2124
2197
2417
2643
2751
2712
2512
2287
2087
2022
2166
2318
2534
2758
2777
2655
2416
2150
2065
2099
2190
2398
2628
2707
2687
2565
2298
2102
2053
2121
2327
2525
2681
2759
2657
2409
2220
2111
2091
2190
2389
2594
2732
2724
2531
2322
2190
2060
2080
2349
2570
2634
2705
2669
2430
2178
2080
2099
2217
2394
2613
2721
2690
2570
2318
2106
2067
2119
2246
2486
2665
2693
2658
2465
2194
2081
2092
2169
2373
2613
2751
2717
2551
2367
2169
2015
2105
2309
2465
2619
2716
2621
2462
2261
2047
2064
2224
2355
2570
2711
2646
2516
2378
2155
2043
2151
2306
2475
2643
2713
2666
2493
2241
2110
2081
2146
2386
2642
2684
2675
2613
2345
2099
2079
2132
2229
2474
2680
2728
2663
2520
2311
2117
2049
2166
2337
2551
2726
2733
2587
2361
2184
2079
2093
2258
2470
2643
2733
2686
2470
2255
2095
1990
2119
2392
2550
2627
2711
2617
2391
2188
2095
2112
2257
2485
2643
2688
2667
2481
2240
2143
2076
2085
2323
2571
2676
2728
2600
2360
2203
2080
2023
2174
2498
2693
2666
2665
2555
2260
2110
2088
2128
2323
2506
2639
2717
2579
2332
2198
2087
2045
2256
2470
2505
2713
2781
2478
2276
2169
2013
2113
2361
2511
2650
2735
2633
2450
2229
2075
2049
2177
2417
2633
2694
2636
2491
2310
2112
2019
2126
2294
2477
2698
2711
2559
2420
2239
2042
2066
2201
2386
2630
2754
2657
2516
2310
2108
2051
2162
2331
2504
2690
2762
2627
2425
2248
2128
2054
2170
2443
2623
2711
2752
2601
2340
2130
2036
2117
2294
2486
2699
2746
2623
2464
2248
2051
2040
2164
2387
2602
2744
2729
2578
2353
2146
2036
2110
2252
2459
2645
2684
2633
2497
2222
2069
2119
2204
2320
2546
2734
2739
2537
2316
2144
2062
2100
2264
2481
2650
2706
2624
2463
2248
2067
2064
2167
2337
2545
2725
2766
2587
2351
2191
2045
2017
2206
2489
2653
2688
2655
2484
2200
2082
2093
2139
2316
2565
2696
2668
2583
2385
2141
2056
2125
2266
2502
2704
2698
2655
2555
2261
2029
2021
2143
2339
2548
2726
2726
2562
2398
2201
2068
2139
2252
2416
2660
2764
2670
2496
2306
2136
2084
2174
2381
2586
2667
2708
2661
2428
2236
2101
2023
2209
2495
2642
2702
2695
2491
2274
2140
2065
2129
2300
2509
2753
2795
2597
2385
2196
2038
2057
2220
2398
2645
2771
2638
2521
2387
2124
2029
2136
2307
2549
2692
2738
2635
2396
2178
2043
2019
2167
2417
2645
2768
2708
2522
2316
2091
2029
2151
2283
2474
2713
2739
2576
2436
2273
2087
2048
2197
2444
2616
2687
2664
2515
2286
2124
2030
2084
2294
2515
2665
2717
2621
2406
2158
2027
2058
2179
2356
2577
2709
2689
2567
2327
2125
2070
2118
2257
2472
2668
2748
2629
2417
2237
2107
2053
2173
2401
2585
2717
2692
2549
2368
2149
2045
2117
2233
2444
2729
2807
2629
2455
2263
2070
2030
2162
2412
2623
2685
2702
2609
2331
2104
2092
2151
2215
2406
2717
2792
2614
2472
2265
2064
2080
2176
2323
2539
2726
2743
2597
2371
2174
2078
2097
2217
2473
2676
2741
2647
2493
2289
2080
2050
2169
2349
2549
2654
2708
2592
2358
2177
2047
2053
2252
2466
2609
2701
2640
2411
2252
2107
2001
2128
2402
2534
2666
2737
2574
2364
2212
2093
2100
2219
2412
2656
2748
2632
2506
2322
2106
2079
2147
2306
2559
2678
2697
2641
2413
2148
2028
2084
2234
2442
2665
2709
2626
2516
2336
2115
2029
2129
2369
2567
2679
2747
2661
2337
2169
2153
2052
2157
2466
2641
2761
2735
2474
2298
2148
2000
2113
2352
2519
2706
2791
2615
2371
2194
2071
2076
2208
2399
2599
2716
2699
2541
2297
2090
2066
2165
2291
2505
2696
2715
2623
2421
2182
2116
2126
2138
2391
2662
2694
2638
2581
2387
2111
2017
2095
2288
2527
2693
2757
2666
2377
2188
2131
2079
2184
2378
2600
2742
2640
2516
2379
2110
1971
2144
2316
2438
2647
2723
2601
2450
2284
2126
2058
2167
2422
2606
2697
2733
2597
2339
2111
2053
2114
2270
2508
2647
2701
2651
2491
2250
2072
2055
2185
2372
2618
2713
2668
2583
2410
2182
2064
2103
2292
2518
2668
2722
2650
2505
2302
2071
2036
2197
2340
2521
2700
2694
2566
2371
2152
2032
2068
2252
2496
2668
2733
2637
2485
2293
2111
2089
2181
2346
2594
2700
2666
2581
2391
2124
2017
2106
2225
2405
2674
2781
2647
2479
2328
2126
2036
2131
2322
2552
2718
2695
2597
2397
2111
2043
2108
2272
2480
2614
2693
2687
2520
2266
2106
2053
2120
2355
2543
2659
2751
2600
2352
2205
2080
2061
2245
2494
2626
2651
2633
2491
2242
2078
2068
2111
2311
2587
2722
2707
2626
2463
2193
2017
2073
2205
2391
2607
2704
2672
2517
2267
2059
2028
2137
2291
2506
2716
2734
2600
2443
2200
2045
2117
2189
2364
2651
2712
2654
2548
2306
2127
2056
2080
2307
2537
2656
2745
2643
2374
2205
2087
2056
2233
2462
2558
2683
2693
2483
2310
2176
2038
2111
2318
2522
2666
2710
2632
2450
2196
2035
2084
2195
2370
2637
2749
2652
2513
2372
2139
2023
2118
2297
2508
2654
2702
2669
2461
2199
2096
2100
2112
2330
2637
2709
2657
2550
2326
2124
2077
2103
2247
2494
2655
2713
2688
2485
2189
2067
2049
2120
2352
2598
2697
2700
2560
2351
2174
2041
2065
2237
2481
2689
2714
2642
2477
2244
2097
2080
2139
2348
2557
2694
2763
2617
2315
2152
2083
2090
2284
2472
2647
2735
2602
2468
2264
2068
2069
2163
2299
2560
2695
2715
2621
2358
2133
2077
2081
2187
2442
2649
2676
2655
2510
2257
2094
2051
2132
2343
2535
2688
2746
2619
2410
2223
2040
2011
2210
2451
2623
2760
2723
2461
2276
2179
2070
2116
2341
2529
2666
2760
2591
2352
2209
2020
2001
2239
2434
2619
2767
2659
2484
2296
2044
2034
2178
2295
2510
2750
2736
2586
2432
2214
2019
2062
2251
2438
2624
2762
2673
2500
2341
2146
2053
2112
2311
2563
2696
2701
2638
2415
2173
2085
2081
2189
2407
2649
2751
2702
2533
2323
2162
2063
2094
2326
2549
2622
2723
2724
2422
2153
2093
2073
2181
2483
2651
2711
2703
2559
2331
2102
2025
2132
2297
2502
2659
2696
2628
2462
2236
2079
2057
2150
2357
2609
2736
2661
2503
2342
2161
2065
2082
2270
2519
2667
2711
2647
2421
2215
2129
2084
2154
2388
2571
2694
2727
2576
2338
2178
2045
2040
2263
2497
2636
2730
2641
2456
2262
2113
2063
2142
2337
2586
2717
2698
2555
2315
2123
2060
2083
2247
2458
2638
2717
2623
2477
2249
2036
2059
2183
2366
2580
2691
2665
2557
2336
2101
2032
2080
2193
2447
2679
2733
2673
2466
2228
2100
2043
2146
2363
2542
2665
2699
2592
2392
2179
2049
2070
2241
2468
2660
2701
2642
2526
2278
2045
2051
2186
2335
2501
2691
2734
2568
2416
2237
2070
2086
2235
2449
2649
2684
2683
2558
2257
2079
2086
2147
2259
2526
2723
2687
2567
2430
2163
2030
2090
2183
2372
2652
2731
2599
2486
2389
2136
2011
2128
2344
2530
2686
2720
2600
2381
2156
2067
2093
2195
2426
2622
2709
2679
2527
2308
2117
2051
2108
2319
2561
2660
2694
2636
2402
2175
2059
2085
2241
2431
2617
2738
2701
2496
2280
2132
2040
2105
2306
2524
2702
2740
2598
2392
2244
2096
2013
2183
2426
2561
2703
2712
2495
2283
2180
2048
2080
2298
2517
2665
2677
2622
2489
2266
2078
2064
2193
2396
2612
2723
2716
2567
2301
2166
2131
2096
2236
2507
2683
2694
2579
2412
2246
2052
2010
2192
2379
2557
2742
2683
2539
2393
2114
2008
2173
2279
2443
2685
2750
2613
2434
2247
2108
2055
2142
2342
2610
2769
2701
2556
2427
2177
2003
2103
2286
2453
2623
2706
2672
2476
2198
2048
2088
2198
2328
2507
2701
2771
2571
2310
2214
2083
2041
2248
2500
2650
2710
2631
2440
2283
2118
1995
2183
2419
2511
2681
2759
2596
2387
2177
2044
2105
2251
2438
2669
2751
2649
2458
2251
2084
2009
2118
2380
2596
2681
2680
2601
2413
2170
2033
2069
2223
2445
2601
2660
2705
2537
2254
2118
2096
2144
2287
2545
2702
2712
2622
2385
2196
2140
2078
2161
2436
2668
2712
2688
2560
2289
2067
2056
2169
2319
2533
2680
2706
2612
2418
2190
2050
2066
2207
2413
2631
2740
2680
2522
2340
2131
2046
2144
2288
2520
2725
2680
2561
2404
2203
2093
2059
2161
2425
2634
2701
2684
2550
2297
2093
2065
2107
2253
2510
2680
2718
2655
2450
2195
2076
2096
2201
2403
2604
2752
2726
2528
2297
2150
2088
2132
2299
2509
2677
2753
2628
2410
2242
2086
2036
2196
2416
2603
2732
2719
2570
2357
2158
2042
2093
2315
2497
2635
2744
2654
2426
2238
2090
2046
2164
2363
2591
2750
2696
2558
2344
2140
2069
2087
2234
2534
2663
2671
2695
2490
2198
2092
2055
2152
2425
2628
2730
2771
2571
2323
2183
2088
2092
2259
2465
2591
2700
2690
2495
2295
2123
2022
2156
2388
2588
2734
2733
2563
2351
2175
2052
2044
2257
2516
2637
2708
2652
2459
2283
2100
2022
2119
2370
2566
2642
2724
2650
2351
2107
2094
2133
2255
2468
2660
2711
2646
2500
2256
2058
2040
2164
2343
2518
2697
2702
2568
2386
2167
2097
2105
2191
2439
2665
2721
2688
2507
2264
2128
2066
2092
2309
2549
2690
2733
2577
2365
2211
2054
2080
2242
2403
2638
2774
2666
2486
2279
2110
2100
2154
2261
2516
2768
2722
2557
2403
2229
2096
2034
2192
2471
2595
2694
2766
2545
2220
2136
2080
2074
2322
2549
2638
2708
2608
2388
2212
2029
2048
2273
2387
2577
2769
2700
2512
2297
2131
2052
2090
2259
2523
2692
2677
2614
2460
2228
2069
2052
2203
2450
2613
2691
2707
2540
2305
2152
2036
2056
2289
2536
2653
2707
2646
2440
2200
2088
2083
2176
2384
2613
2707
2668
2555
2365
2124
1994
2102
2317
2480
2658
2781
2654
2396
2179
2131
2102
2142
2376
2594
2715
2716
2514
2282
2159
2020
2052
2289
2497
2645
2743
2652
2465
2256
2075
2055
2180
2367
2598
2704
2662
2577
2390
2145
2033
2132
2308
2484
2631
2729
2699
2433
2193
2123
2065
2144
2373
2536
2679
2752
2593
2310
2139
2062
2058
2258
2510
2614
2694
2670
2469
2250
2138
2060
2145
2399
