2721
2580
2583
2533
2359
2323
2315
2183
2104
2090
2047
1998
2005
2011
2038
2017
2070
2164
2185
2244
2351
2375
2425
2518
2551
2630
2741
2757
2800
2797
2747
2796
2740
2621
2654
2620
2483
2449
2398
2325
2268
2106
2088
2147
2036
1975
2062
2013
1987
2072
2119
2168
2223
2248
2364
2441
2443
2571
2688
2694
2700
2791
2825
2765
2764
2758
2682
2648
2601
2522
2520
2435
2303
2276
2218
2086
2036
2029
1957
1918
1994
2028
2027
2063
2134
2165
2224
2330
2424
2464
2552
2630
2672
2731
2752
2757
2817
2817
2757
2691
2658
2629
2563
2487
2408
2315
2273
2209
2111
2079
2087
2019
1995
1982
2003
2035
2051
2104
2190
2241
2285
2394
2501
2498
2596
2713
2700
2694
2787
2814
2760
2744
2777
2744
2633
2580
2530
2463
2406
2266
2196
2232
2122
1980
1997
1998
1964
1980
2001
2049
2104
2154
2243
2282
2343
2462
2508
2540
2654
2727
2719
2754
2809
2797
2746
2729
2723
2643
2592
2596
2512
2410
2326
2235
2177
2135
2062
2043
2016
1983
2030
2011
2026
2142
2149
2143
2257
2337
2393
2507
2587
2658
2701
2701
2772
2812
2745
2761
2792
2710
2676
2624
2524
2495
2465
2346
2279
2230
2129
2059
2060
2014
2021
2004
1998
2055
2099
2096
2175
2274
2301
2339
2483
2571
2607
2640
2691
2759
2803
2790
2759
2744
2717
2676
2658
2604
2550
2501
2411
2267
2241
2209
2093
2028
2035
2024
1982
1981
2015
2071
2120
2137
2209
2286
2354
2453
2526
2555
2628
2688
2708
2787
2785
2755
2803
2784
2670
2663
2640
2501
2468
2444
2293
2214
2196
2105
2054
2058
2040
2010
2045
2036
2046
2077
2133
2184
2276
2335
2385
2476
2600
2643
2643
2741
2817
2794
2754
2726
2784
2788
2684
2635
2582
2494
2393
2301
2275
2200
2077
2062
2107
2011
1992
2013
2025
2044
2082
2106
2172
2249
2338
2406
2476
2492
2550
2692
2737
2665
2739
2828
2748
2738
2754
2675
2662
2623
2469
2431
2443
2285
2192
2207
2135
2016
2014
2053
2004
1977
2040
2091
2111
2151
2249
2303
2361
2425
2509
2568
2640
2684
2701
2764
2793
2737
2753
2796
2709
2639
2651
2599
2461
2392
2375
2288
2157
2077
2109
2081
1967
1971
2017
1991
2030
2097
2172
2226
2246
2323
2449
2506
2549
2612
2668
2731
2798
2786
2761
2780
2771
2700
2669
2649
2582
2503
2400
2363
2323
2171
2087
2107
2043
1994
2039
2040
2021
2044
2075
2089
2162
2275
2330
2405
2490
2546
2616
2637
2717
2830
2818
2788
2820
2776
2705
2689
2665
2613
2491
2418
2401
2295
2197
2168
2128
2076
2020
1958
2012
2056
2005
2009
2092
2168
2233
2217
2314
2486
2551
2527
2586
2715
2778
2750
2763
2804
2738
2711
2755
2709
2590
2534
2488
2416
2284
2230
2244
2118
2045
2060
2000
2004
2053
2024
2065
2098
2100
2210
2321
2303
2386
2505
2511
2590
2755
2763
2697
2798
2859
2815
2746
2687
2684
2656
2565
2514
2427
2322
2249
2178
2129
2103
2048
1963
1947
1995
2003
1995
2037
2110
2170
2205
2318
2417
2454
2504
2615
2645
2682
2778
2807
2749
2744
2789
2770
2682
2588
2549
2534
2476
2348
2262
2232
2180
2116
2071
2057
2012
1949
1961
2031
2035
2085
2172
2224
2304
2376
2404
2485
2592
2633
2661
2762
2812
2756
2749
2802
2744
2683
2691
2607
2510
2495
2394
2273
2259
2200
2101
2083
1999
2001
2082
2033
1946
2023
2130
2159
2192
2241
2302
2400
2482
2531
2610
2692
2696
2722
2756
2789
2790
2729
2706
2715
2677
2572
2459
2406
2373
2310
2191
2123
2111
2036
1993
2011
1980
1996
2047
2035
2086
2219
2232
2308
2469
2532
2528
2603
2692
2707
2706
2782
2784
2761
2807
2773
2666
2652
2611
2512
2454
2348
2273
2268
2178
2072
2074
2076
1945
1959
2013
1975
2024
2130
2118
2177
2282
2342
2433
2519
2549
2640
2683
2679
2738
2806
2741
2768
2791
2711
2677
2642
2526
2453
2405
2314
2227
2152
2105
2111
2048
2040
2043
1963
1960
2028
2058
2141
2197
2221
2344
2424
2443
2525
2621
2695
2721
2683
2762
2836
2775
2731
2746
2697
2648
2574
2488
2424
2324
2239
2233
2162
2076
2037
2030
2015
1990
2021
2081
2094
2085
2160
2231
2286
2360
2462
2531
2594
2689
2719
2752
2836
2801
2753
2786
2728
2671
2677
2598
2519
2462
2343
2276
2293
2190
2075
2043
2066
2050
2007
2015
2053
2088
2116
2114
2215
2311
2353
2430
2545
2601
2606
2652
2733
2765
2770
2765
2796
2797
2643
2592
2672
2593
2435
2369
2319
2257
2205
2111
2048
2010
1965
1972
2007
1969
2030
2093
2123
2197
2266
2315
2413
2494
2538
2633
2724
2752
2755
2772
2796
2775
2725
2730
2676
2580
2554
2517
2421
2322
2241
2201
2142
2065
2063
2007
1930
1967
1991
1992
2096
2150
2149
2235
2331
2365
2447
2516
2566
2664
2719
2745
2821
2800
2748
2785
2744
2702
2670
2569
2506
2445
2350
2313
2257
2150
2122
2097
2036
2001
2025
1953
1963
2107
2144
2153
2200
2260
2367
2411
2474
2590
2643
2666
2756
2774
2767
2816
2745
2687
2707
2646
2596
2582
2474
2384
2370
2233
2118
2108
2084
2027
2010
1999
2050
2043
2031
2092
2145
2200
2313
2347
2410
2501
2532
2582
2686
2756
2782
2750
2774
2819
2753
2655
2701
2719
2548
2475
2457
2339
2196
2170
2160
2066
2002
1975
2005
2017
1988
2034
2109
2117
2149
2242
2342
2393
2463
2531
2577
2643
2715
2762
2752
2765
2783
2754
2749
2681
2617
2603
2513
2448
2404
2293
2216
2169
2075
2047
2062
2012
1968
1967
2012
2044
2092
2144
2178
2282
2419
2422
2461
2590
2641
2692
2760
2739
2765
2802
2735
2731
2763
2689
2575
2567
2532
2342
2276
2285
2161
2091
2132
2032
1967
2003
1998
2002
2020
2044
2166
2240
2230
2299
2458
2495
2510
2621
2648
2685
2788
2778
2773
2832
2773
2673
2698
2651
2579
2547
2441
2299
2256
2272
2176
2068
2072
2026
1983
1996
2002
2011
2072
2111
2140
2244
2362
2388
2448
2538
2592
2652
2699
2750
2760
2731
2765
2763
2701
2690
2639
2573
2516
2408
2375
2315
2181
2186
2155
2008
1974
1986
1987
2015
2026
2057
2108
2135
2193
2274
2352
2404
2482
2552
2649
2704
2740
2781
2768
2782
2749
2680
2670
2676
2641
2534
2465
2422
2274
2241
2226
2099
2061
2054
2035
2063
2008
1979
2077
2082
2105
2206
2248
2309
2429
2517
2584
2616
2668
2728
2724
2726
2765
2804
2790
2676
2653
2688
2589
2485
2452
2349
2260
2175
2109
2099
2062
2004
2018
1984
1996
2068
2056
2060
2178
2238
2265
2347
2479
2513
2549
2697
2744
2712
2769
2786
2720
2729
2767
2728
2647
2622
2552
2436
2373
2314
2242
2164
2089
2061
2048
2011
2008
2013
1999
2059
2136
2117
2192
2326
2376
2397
2479
2550
2620
2711
2715
2727
2789
2775
2760
2781
2697
2622
2624
2556
2474
2412
2283
2175
2177
2113
2048
2077
2029
1973
2040
2015
1998
2091
2131
2179
2262
2346
2435
2475
2509
2628
2678
2675
2756
2784
2792
2841
2755
2715
2741
2623
2503
2523
2438
2296
2261
2227
2090
2046
2113
2028
1913
2015
2070
1983
2065
2184
2166
2229
2384
2401
2416
2573
2633
2605
2702
2771
2762
2761
2727
2766
2782
2674
2627
2582
2481
2439
2398
2274
2244
2180
2046
2031
2092
1999
1952
2067
2057
1997
2111
2188
2205
2278
2383
2426
2474
2578
2667
2696
2726
2777
2777
2776
2796
2758
2711
2702
2636
2517
2452
2398
2335
2289
2146
2048
2100
2049
1950
1950
2036
2035
1996
2076
2144
2126
2237
2368
2449
2467
2533
2645
2708
2701
2729
2770
2756
2760
2799
2745
2661
2596
2529
2482
2416
2370
2319
2190
2099
2110
2033
1977
2046
2029
2015
2042
2020
2084
2218
2207
2313
2454
2466
2481
2596
2642
2667
2746
2759
2791
2848
2782
2699
2711
2699
2605
2499
2453
2393
2314
2232
2144
2124
2116
2042
1994
2021
2002
2031
2087
2127
2181
2236
2280
2389
2431
2478
2578
2661
2731
2774
2762
2762
2770
2767
2761
2715
2700
2629
2539
2486
2416
2336
2264
2237
2147
2041
2022
2020
1993
2004
2040
2048
2076
2177
2206
2250
2343
2410
2490
2599
2608
2630
2731
2762
2727
2771
2816
2765
2708
2666
2598
2566
2554
2472
2337
2257
2209
2133
2073
2060
2007
1966
2012
2027
2021
2056
2104
2187
2234
2306
2406
2483
2527
2632
2693
2685
2763
2839
2782
2745
2831
2818
2665
2601
2572
2538
2456
2345
2275
2217
2180
2101
2037
2048
1964
1925
2020
2038
2023
2107
2137
2234
2338
2308
2396
2594
2606
2602
2683
2747
2776
2787
2778
2820
2778
2664
2660
2630
2508
2460
2403
2317
2252
2162
2068
2048
2069
2034
1979
1985
2019
2066
2055
2105
2193
2226
2305
2451
2459
2472
2626
2718
2700
2695
2745
2815
2784
2710
2724
2699
2601
2581
2515
2421
2367
2257
2169
2181
2120
1981
1985
2005
1942
2026
2088
2088
2130
2212
2260
2366
2409
2414
2512
2620
2687
2720
2687
2755
2813
2787
2791
2761
2711
2666
2586
2505
2468
2361
2247
2229
2159
2105
2096
1978
1947
2041
2018
1974
2049
2107
2117
2240
2351
2366
2396
2489
2556
2645
2713
2737
2786
2787
2792
2824
2742
2692
2740
2626
2508
2483
2399
2319
2297
2208
2137
2114
2037
2019
1990
1955
1996
2086
2051
2096
2254
2280
2274
2415
2503
2515
2580
2676
2729
2782
2825
2806
2787
2787
2705
2638
2636
2570
2509
2517
2356
2219
2258
2188
2037
2028
2026
2011
2021
2008
2041
2092
2111
2163
2247
2334
2404
2509
2567
2582
2648
2724
2753
2775
2760
2737
2777
2770
2658
2603
2611
2537
2415
2375
2305
2253
2221
2125
2080
2048
1917
1977
2059
1967
2014
2133
2106
2181
2309
2337
2397
2557
2620
2609
2675
2757
2770
2741
2801
2775
2680
2707
2683
2557
2518
2484
2422
2332
2172
2103
2151
2115
2004
2017
2033
2002
1980
2031
2107
2148
2196
2271
2298
2417
2513
2513
2584
2727
2703
2665
2769
2781
2715
2789
2783
2650
2639
2607
2445
2450
2412
2229
2177
2203
2133
2049
2040
2018
1960
2026
2099
2097
2104
2182
2226
2300
2418
2474
2526
2614
2674
2727
2743
2737
2774
2768
2751
2793
2727
2596
2581
2558
2429
2334
2331
2287
2118
2041
2087
2048
1981
2005
2044
2024
2012
2067
2136
2233
2330
2368
2400
2478
2588
2667
2665
2712
2795
2796
2770
2779
2738
2714
2693
2587
2534
2511
2365
2236
2239
2205
2095
2063
2047
2002
1951
1954
2046
2083
2077
2151
2208
2252
2329
2451
2520
2542
2613
2664
2737
2792
2776
2806
2819
2732
2698
2746
2641
2504
2503
2431
2319
2291
2218
2090
2038
2069
2028
1989
2001
1991
1988
2091
2141
2146
2238
2357
2374
2449
2546
2610
2689
2721
2741
2730
2740
2798
2771
2689
2661
2660
2581
2511
2481
2339
2235
2233
2151
2104
2109
2054
2055
2059
1993
2029
2084
2084
2133
2248
2251
2300
2440
2496
2573
2677
2691
2749
2804
2739
2753
2802
2723
2674
2682
2646
2589
2476
2377
2345
2262
2191
2155
2050
1957
2046
2021
1945
2018
2078
2054
2132
2243
2257
2319
2439
2474
2516
2606
2662
2667
2770
2811
2726
2732
2787
2740
2671
2647
2586
2476
2439
2365
2245
2214
2179
2061
2060
2076
1977
1970
2027
2001
2037
2132
2159
2214
2346
2422
2450
2524
2664
2660
2639
2766
2783
2756
2797
2795
2755
2701
2605
2588
2561
2442
2388
2331
2235
2162
2113
2060
2048
1999
1985
2048
2056
2038
2101
2140
2220
2324
2357
2456
2512
2520
2634
2712
2665
2736
2805
2732
2767
2782
2642
2595
2627
2568
2458
2386
2333
2231
2121
2074
2079
2021
1953
1954
2002
2008
2011
2099
2173
2179
2251
2341
2404
2469
2567
2619
2671
2742
2729
2751
2789
2779
2758
2712
2656
2632
2558
2484
2454
2381
2283
2192
2131
2081
2053
2025
2035
2031
2011
2032
2097
2134
2198
2234
2301
2388
2448
2536
2646
2660
2683
2760
2787
2760
2750
2750
2721
2688
2665
2575
2488
2452
2347
2270
2264
2187
2103
2048
2012
2000
2011
2027
2083
2077
2061
2181
2251
2211
2313
2463
2523
2570
2632
2700
2767
2744
2741
2790
2762
2746
2763
2694
2593
2553
2470
2401
2339
2233
2206
2169
2056
1983
2036
2030
1964
1991
2089
2117
2130
2163
2259
2339
2401
2446
2529
2652
2709
2700
2749
2802
2770
2752
2782
2711
2675
2654
2525
2474
2464
2320
2216
2184
2133
2033
2014
2017
1959
1960
2026
2020
2089
2153
2173
2263
2340
2349
2433
2490
2553
2639
2687
2756
2776
2707
2762
2838
2718
2642
2680
2643
2487
2429
2421
2313
2236
2194
2077
2026
2046
2015
1961
1992
2075
2091
2141
2166
2186
2287
2355
2379
2500
2602
2584
2635
2770
2779
2733
2776
2751
2688
2698
2670
2607
2585
2506
2353
2315
2290
2164
2055
2050
2060
2044
1979
1980
2025
2043
2061
2125
2234
2277
2274
2387
2540
2538
2535
2683
2744
2712
2758
2782
2800
2774
2697
2705
2690
2547
2494
2480
2351
2233
2191
2165
2111
2038
2017
2039
2031
1996
2016
2111
2126
2136
2228
2313
2369
2421
2506
2630
2641
2657
2757
2803
2770
2742
2730
2742
2729
2647
2585
2551
2440
2357
2357
2248
2122
2122
2091
2041
2028
1979
1973
2023
2044
2090
2140
2195
2257
2352
2457
2488
2542
2674
2698
2736
2839
2768
2730
2826
2771
2662
2707
2656
2503
2480
2457
2311
2211
2164
2088
2059
2084
2037
1970
1999
1994
2004
2082
2159
2197
2267
2333
2376
2472
2602
2603
2616
2770
2791
2719
2769
2821
2769
2728
2709
2651
2557
2492
2432
2353
2263
2165
2134
2095
2039
1981
1983
1993
1978
1995
2107
2162
2170
2254
2335
2400
2502
2533
2563
2663
2691
2703
2766
2763
2724
2741
2712
2661
2625
2550
2507
2491
2350
2260
2258
2149
2078
2038
1943
1963
2060
1991
1971
2105
2106
2118
2259
2279
2376
2508
2456
2547
2742
2658
2671
2821
2760
2729
2795
2773
2704
2671
2614
2494
2436
2424
2326
2221
2188
2117
2052
2046
2013
1976
2029
2022
2027
2128
2155
2104
2233
2405
2384
2449
2603
2641
2659
2710
2779
2826
2790
2755
2775
2736
2678
2650
2598
2492
2411
2357
2291
2197
2115
2046
2051
2021
1981
1992
2003
2004
2067
2145
2220
2249
2283
2371
2447
2498
2573
2641
2687
2723
2761
2787
2786
2747
2734
2708
2653
2618
2527
2425
2365
2362
2220
2077
2079
2022
2006
2038
1980
1964
2065
2080
2070
2150
2229
2245
2312
2415
2509
2613
2662
2693
2726
2748
2781
2775
2733
2762
2748
2678
2650
2558
2416
2370
2307
2215
2190
2145
2071
2080
2010
1910
2017
2073
1992
2032
2201
2223
2224
2323
2445
2526
2557
2591
2711
2749
2722
2744
2780
2755
2706
2697
2687
2622
2570
2526
2418
2324
2286
2217
2147
2092
2051
1982
1999
2030
2011
1996
2055
2136
2187
2228
2338
2419
2462
2551
2627
2647
2694
2762
2776
2767
2759
2781
2764
2676
2619
2636
2581
2441
2363
2298
2258
2247
2130
1989
2039
2035
1957
2029
2052
1984
2088
2183
2213
2287
2378
2393
2461
2544
2634
2707
2701
2760
2788
2784
2801
2743
2714
2689
2604
2535
2498
2378
2265
2268
2196
2071
2090
2069
1963
1993
2074
2016
2034
2149
2117
2156
2299
2292
2327
2484
2543
2578
2684
2712
2765
2793
2736
2767
2765
2697
2694
2645
2529
2485
2439
2311
2247
2207
2148
2083
2042
2005
2033
1981
1971
2044
2075
2109
2184
2226
2302
2382
2438
2532
2592
2669
2724
2705
2748
2798
2752
2750
2747
2659
2630
2634
2534
2412
2359
2288
2223
2199
2111
2050
2082
2008
1942
2031
2082
2034
2077
2189
2255
2282
2332
2401
2511
2596
2597
2651
2750
2780
2752
2813
2789
2690
2700
2735
2612
2505
2473
2361
2330
2304
2136
2101
2142
2024
1968
2016
1989
1999
2053
2048
2132
2244
2269
2330
2472
2543
2567
2621
2692
2738
2738
2746
2802
2835
2761
2709
2704
2618
2517
2500
2459
2361
2242
2207
2177
2073
2039
2028
2035
1993
1965
2054
2120
2082
2152
2279
2333
2344
2402
2531
2662
2671
2691
2769
2772
2760
2781
2744
2715
2704
2632
2580
2509
2442
2412
2305
2178
2187
2153
2035
2031
2018
2000
2014
2047
2064
2092
2133
2215
2289
2353
2433
2515
2586
2633
2681
2755
2760
2743
2822
2822
2719
2713
2726
2607
2531
2494
2375
2298
2249
2154
2090
2082
2045
2009
1994
1963
2009
2055
2070
2149
2215
2226
2326
2468
2497
2539
2594
2612
2726
2784
2776
2821
2805
2719
2741
2768
2647
2543
2540
2445
2345
2280
2170
2142
2121
2037
2020
2018
1997
1995
2018
2057
2118
2183
2233
2301
2389
2482
2522
2552
2631
2747
2807
2765
2740
2778
2764
2745
2694
2609
2596
2535
2386
2378
2380
2227
2139
2146
2028
1974
2061
2027
1939
2038
2084
2073
2132
2188
2258
2385
2443
2505
2601
2657
2716
2783
2772
2776
2830
2740
2723
2787
2670
2579
2576
2505
2435
2362
2212
2136
2118
2073
2008
1984
1974
2000
2020
2074
2105
2124
2186
2313
2331
2333
2489
2620
2577
2617
2713
2730
2749
2755
2773
2779
2699
2637
2618
2568
2488
2401
2350
2267
2186
2158
2070
2011
2016
1976
1949
1996
1996
2062
2140
2179
2232
2321
2367
2457
2557
2592
2642
2698
2742
2790
2765
2745
2799
2788
2676
2644
2642
2502
2408
2372
2322
2253
2182
2118
2067
2049
2009
2024
2037
2002
2042
2158
2161
2230
2333
2355
2407
2522
2592
2628
2685
2744
2760
2801
2830
2802
2717
2668
2667
2587
2498
2484
2391
2292
2253
2247
2183
2073
1996
2009
1990
1999
2051
2081
2114
2128
2186
2299
2343
2399
2492
2550
2583
2656
2710
2722
2781
2766
2699
2751
2773
2688
2630
2596
2540
2439
2296
2244
2219
2116
2075
2096
2036
1948
1949
2007
2053
2101
2096
2178
2274
2320
2413
2494
2520
2603
2674
2691
2738
2782
2741
2752
2771
2760
2696
2578
2544
2541
2408
2326
2320
2242
2139
2101
2060
2023
1999
2025
2010
1970
2027
2130
2157
2175
2290
2408
2446
2530
2584
2606
2713
2790
2743
2766
2825
2766
2707
2708
2667
2616
2563
2466
2389
2350
2249
2167
2191
2100
1979
1992
1987
1980
2017
2066
2107
2146
2181
2278
2395
2377
2444
2610
2649
2659
2719
2714
2697
2729
2793
2806
2725
2625
2627
2608
2475
2409
2400
2297
2186
2144
2092
2031
2002
2008
2005
1987
1993
2099
2184
2160
2213
2326
2385
2442
2514
2554
2666
2749
2693
2723
2797
2775
2770
2736
2662
2649
2629
2543
2471
2374
2313
2269
2173
2114
2056
1972
1989
2016
1965
2025
2086
2129
2220
2254
2262
2366
2439
2499
2596
2651
2671
2784
2814
2724
2736
2824
2783
2681
2634
2655
2576
2409
2401
2362
2197
2151
2125
2033
1980
2013
2028
2025
2030
2031
2062
2131
2218
2315
2332
2375
2459
2554
2657
2668
2677
2769
2791
2761
2763
2749
2734
2672
2569
2549
2537
2421
2333
2291
2196
2142
2080
2029
2045
2018
1984
2002
2004
2033
2115
2168
2222
2334
2420
2467
2531
2634
2683
2697
2722
2786
2830
2739
2745
2831
2712
2578
2568
2538
2434
2372
2343
2247
2136
2089
2073
2034
2015
1975
1967
2035
2075
2095
2173
2233
2256
2390
2460
2478
2596
2667
2625
2693
2800
2762
2759
2777
2697
2715
2706
2562
2532
2508
2388
2348
2284
2142
2132
2133
2022
2011
2025
1986
1988
2030
2073
2129
2199
2266
2369
2457
2478
2580
2665
2661
2734
2767
2749
2806
2815
2776
2783
2686
2575
2573
2489
2354
2385
2338
2136
2149
2204
2039
1985
2042
2002
2016
2046
2049
2120
2200
2203
2294
2404
2453
2558
2633
2617
2658
2769
2779
2744
2806
2775
2699
2691
2616
2551
2552
2431
2348
2349
2222
2096
2105
2042
1979
2010
2012
1981
2027
2092
2132
2145
2227
2284
2335
2412
2494
2621
2681
2664
2731
2774
2715
2726
2769
2734
2697
2675
2598
2527
2433
2370
2352
2264
2150
2108
2091
2011
1985
2012
1971
1987
2095
2089
2138
2219
2231
2319
2405
2452
2609
2619
2593
2725
2774
2764
2820
2799
2716
2733
2738
2632
2562
2513
2431
2348
2290
2227
2157
2089
2055
2047
2049
1987
1968
2058
2080
2092
2208
2274
2287
2384
2511
2536
2588
2683
2670
2671
2758
2811
2764
2715
2715
2721
2649
2561
2548
2516
2356
2229
2240
2212
2076
2040
2042
1980
1991
1997
1978
2041
2127
2138
2196
2287
2333
2427
2522
2576
2655
2716
2722
2732
2796
2776
2762
2782
2702
2676
2695
2586
2398
2385
2384
2257
2176
2118
2094
2066
1950
1979
2095
2031
1982
2082
2166
2201
2256
2343
2430
2477
2531
2599
2644
2668
2761
2821
2774
2775
2805
2737
2643
2623
2575
2478
2421
2374
2307
2188
2097
2119
2126
2018
1986
2058
2058
2016
2061
2132
2208
2229
2282
2405
2458
2484
2597
2661
2686
2762
2768
2735
2784
2788
2737
2720
2623
2543
2589
2500
2340
2295
2267
2187
2071
2022
2082
2030
1969
2038
2063
2076
2142
2151
2249
2306
2322
2427
2510
2588
2677
2710
2775
2820
2788
2796
2788
2700
2695
2732
2607
2480
2481
2403
2283
2269
2211
2087
2094
2073
2029
1992
1959
1970
2038
2090
2118
2187
2270
2342
2441
2503
2559
2620
2697
2751
2772
2776
2794
2799
2745
2717
2727
2639
2507
2476
2450
2307
2197
2209
2173
2059
2037
2036
2034
2011
1968
2007
2078
2104
2237
2262
2227
2367
2501
2511
2593
2646
2682
2752
2740
2749
2816
2801
2744
2688
2665
2591
2516
2479
2405
2308
2246
2180
2108
2045
2048
2041
2007
1981
2035
2039
2070
2164
2187
2237
2375
2440
2533
2592
2606
2682
2757
2770
2765
2784
2779
2741
2728
2692
2569
2525
2504
2382
2276
2229
2163
2098
2068
1998
1988
2023
2005
2026
2096
2098
2149
2185
2221
2340
2441
2495
2544
2615
2668
2706
2770
2769
2715
2776
2827
2751
2695
2688
2584
2459
2404
2318
2221
2209
2151
2048
2013
2003
2005
1983
1962
2021
2051
2051
2187
2271
2300
2403
2510
2554
2604
2685
2726
2739
2758
2766
2777
2778
2717
2698
2672
2590
2538
2460
2345
2270
2230
2179
2101
2067
2068
2009
1988
2004
2014
2056
2129
2150
2184
2309
2389
2396
2453
2579
2660
2676
2766
2788
2734
2763
2811
2756
2664
2636
2609
2555
2441
2378
2328
2213
2192
2190
2079
2015
2024
1990
1985
1999
2037
2089
2173
2209
2238
2313
2412
2501
2544
2567
2691
2746
2722
2736
2770
2767
2732
2697
2688
2674
2588
2470
2478
2391
2231
2225
2192
2058
2002
2010
2008
2006
2029
2036
2078
2071
2140
2262
2334
2372
2423
2489
2588
2678
2749
2759
2774
2782
2747
2755
2759
2684
2645
2619
2512
2424
2312
2225
2252
2179
2088
2091
2039
1992
2034
2027
2025
2057
2102
2168
2265
2298
2324
2442
2556
2578
2655
2742
2737
2723
2765
2762
2747
2761
2702
2661
2617
2517
2440
2387
2319
2269
2194
2108
2104
2048
2028
2030
1978
2038
2079
2012
2108
2221
2261
2333
2439
2454
2509
2639
2708
2705
2736
2783
2796
2767
2782
2785
2694
2604
2561
2528
2473
2389
2285
2177
2134
2118
2039
1974
1986
1994
2012
2002
2069
2153
2184
2235
2359
2387
2430
2559
2674
2649
2677
2762
2752
2768
2785
2749
2752
2720
2630
2587
2534
2453
2398
2317
2212
2172
2130
2045
2032
2024
2012
2012
1992
2026
2161
2203
2176
2285
2402
2412
2480
2598
2664
2673
2702
2742
2739
2767
2797
2739
2675
2655
2606
2556
2486
2377
2333
2272
2152
2124
2136
2037
1971
2018
2021
1996
2042
2085
2106
2153
2275
2352
2381
2456
2594
2651
2673
2712
2747
2812
2758
2728
2815
2756
2650
2652
2588
2510
2482
2349
2195
2215
2145
2028
2089
2038
1911
1984
2048
2005
2087
2127
2141
2261
2325
2323
2469
2566
2576
2671
2729
2724
2765
2762
2757
2831
2758
2635
2649
2617
2488
2430
2379
2271
2230
2161
2073
2060
2044
2021
2045
2017
2006
2047
2113
2161
2220
2251
2328
2428
2500
2578
2651
2698
2729
2748
2754
2795
2784
2706
2707
2696
2606
2521
2459
2389
2318
2256
2193
2113
2075
2065
2001
1955
2014
2005
2052
2131
2158
2175
2229
2320
2444
2453
2490
2647
2709
2699
2759
2785
2767
2772
2740
2744
2696
2587
2579
2528
2371
2354
2354
2218
2099
2077
2092
2033
2012
2002
2001
2025
2063
2091
2227
2279
2267
2396
2529
2489
2561
2704
2714
2726
2811
2787
2751
2804
2749
2690
2661
2594
2509
2469
2367
2267
2208
2118
2080
2093
2048
1970
1988
2054
2058
2036
2077
2173
2239
2257
2351
2451
2458
2553
2697
2716
2727
2775
2783
2772
2774
2763
2736
2669
2567
2560
2514
2370
2322
2316
2198
2092
2071
2030
2047
2040
1963
1971
2093
2099
2120
2248
2286
2289
2428
2513
2520
2589
2674
2693
2741
2788
2762
2769
2777
2685
2592
2626
2629
2522
2407
2365
2331
2206
2127
2119
2037
1999
2048
2000
1978
2041
2072
2133
2239
2253
2275
2355
2466
2521
2542
2641
2761
2780
2747
2769
2779
2747
2717
2670
2645
2646
2534
2420
2388
2289
2194
2170
2116
2048
2031
1992
1995
1986
2018
2061
2072
2161
2266
2238
2361
2524
2476
2504
2687
2742
2727
2752
2785
2812
2807
2749
2734
2685
2593
2559
2508
2403
2333
2314
2202
2058
2060
2038
1985
2004
2050
2033
2055
2122
2154
2175
2234
2315
2410
2497
2582
2648
2707
2707
2765
2761
2753
2828
2762
2723
2722
2616
2496
2492
2484
2325
2208
2204
2153
2080
2049
1993
1974
1987
2020
2038
2055
2113
2162
2220
2295
2354
2468
2517
2561
2687
2746
2721
2765
2792
2740
2760
2766
2711
2683
2596
2481
2437
2424
2312
2204
2170
2105
2056
2093
2007
1969
2013
2054
2040
2098
2204
2209
2236
2379
2468
2492
2570
2659
2661
2698
2815
2814
2751
2777
2771
2682
2663
2622
2543
2498
2387
2294
2269
2169
2054
2115
2125
1983
1916
2012
2029
2020
2100
2187
2188
2240
2333
2427
2513
2560
2591
2656
2719
2766
2804
2782
2729
2765
2792
2663
2586
2545
2486
2408
2347
2256
2179
2157
2043
2001
2040
1996
1963
2022
2044
2092
2158
2126
2208
2398
2397
2383
2515
2643
2657
2679
2748
2784
2801
2747
2734
2760
2707
2621
2592
2553
2470
2379
2300
2267
2171
2044
2051
2115
2025
1961
1965
2025
2039
2072
2168
2241
2265
2331
2429
2548
2581
2607
2647
2739
2834
2770
2714
2787
2779
2697
2637
2602
2604
2525
2362
2322
2328
2224
2103
2104
2090
2010
1969
1993
2002
2021
2073
2148
2213
2303
2333
2394
2515
2544
2545
2669
2738
2685
2756
2819
2736
2748
2773
2655
2577
2581
2518
2450
2435
2308
2161
2161
2104
2008
2005
1993
2024
2045
2011
2071
2153
2161
2224
2391
2420
2406
2569
2662
2640
2706
2734
2749
2808
2769
2754
2772
2681
2639
2664
2539
2417
2357
2275
2212
2161
2103
2032
1990
2024
2041
1967
2021
2114
2057
2096
2272
2296
2300
2423
2519
2560
2624
2697
2749
2731
2744
2782
2756
2754
2770
2679
2560
2526
2504
2442
2332
2251
2218
2149
2074
2049
2004
1935
1980
1990
1998
2104
2156
2156
2283
2333
2321
2474
2599
2627
2707
2716
2719
2827
2785
2716
2799
2743
2649
2684
2614
2466
2401
2339
2237
2156
2116
2118
2071
2003
2011
2004
1987
2017
2089
2117
2165
2252
2324
2378
2499
2568
2568
2651
2729
2683
2743
2841
2702
2699
2804
2702
2613
2594
2503
2440
2378
2262
2245
2188
2065
2080
2045
1944
1987
1998
1979
2073
2138
2126
2249
2329
2334
2419
2490
2528
2646
2715
2704
2740
2745
2745
2769
2725
2682
2702
2605
2542
2526
2390
2303
2313
2191
2084
2086
2039
1994
2012
2005
1974
2028
2121
2196
2205
2233
2353
2405
2426
2545
2597
2654
2733
2743
2763
2808
2761
2749
2802
2675
2571
2617
2498
2365
2392
2268
2167
2181
2061
2002
2046
2002
1954
2075
2112
2059
2116
2224
2303
2336
2358
2461
2561
2567
2614
2703
2735
2749
2772
2790
2757
2685
2719
2724
2584
2470
2429
2403
2312
2206
2144
2113
2051
2028
2015
1985
2009
2039
2062
2154
2179
2175
2296
2434
2432
2466
2580
2635
2658
2722
2749
2779
2794
2744
2762
2760
2682
2596
2534
2506
2415
2274
2253
2260
2130
2022
2063
2059
1942
2013
2087
2011
2043
2163
2165
2276
2398
2389
2481
2590
2585
2686
2748
2743
2780
2759
2721
2746
2751
2680
2616
2598
2506
2370
2349
2311
2197
2164
2133
2010
2008
2038
1969
2017
2057
2055
2089
2169
2230
2313
2389
2421
2505
2618
2639
2706
2809
2775
2721
2787
2783
2732
2723
2633
2538
2548
2473
2318
2292
2247
2148
2104
2042
1999
2015
2044
2027
2007
2024
2110
2139
2142
2225
2377
2409
2460
2596
2625
2673
2776
2760
2758
2805
2755
2724
2728
2685
2632
2558
2453
2399
2342
2209
2153
2182
2092
1952
1984
1989
1972
2042
2063
2038
2142
2256
2250
2317
2505
2534
2524
2611
2697
2696
2671
2771
2838
2767
2745
2811
2712
2576
2594
2536
2428
2348
2240
2192
2158
2044
1994
2011
2012
1994
2018
1995
2046
2137
2180
2270
2345
2347
2459
2578
2585
2638
2734
2746
2765
2798
2753
2746
2757
2703
2626
2594
2538
2418
2316
2311
2261
2121
2093
2123
2026
1986
2034
1997
2014
2081
2088
2138
2243
2294
2359
2443
2511
2569
2611
2692
2741
2746
2774
2814
2814
2764
2698
2642
2627
2560
2494
2426
2319
2249
2181
2140
2097
2008
1997
2018
1989
1982
2054
2100
2127
2201
2263
2310
2395
2504
2588
2615
2681
2741
2745
2783
2801
2756
2764
2747
2669
2625
2577
2500
2423
2324
2248
2234
2134
1997
2008
2033
2002
1997
2032
2037
2039
2077
2158
2249
2295
2334
2461
2564
2608
2633
2680
2742
2757
2754
2806
2796
2694
2681
2712
2574
2486
2485
2347
2251
2294
2238
2070
2008
2042
2002
1989
2002
2024
2063
2107
2137
2219
2302
2371
2460
2519
2519
2651
2738
2702
2740
2778
2783
2756
2723
2676
2644
2613
2557
2491
2419
2343
2290
2188
2082
2061
2060
2017
1986
2030
2042
2048
2067
2175
2265
2252
2328
2444
2404
2491
2711
2728
2665
2744
2800
2791
2792
2760
2723
2695
2615
2559
2497
2417
2369
2271
2166
2135
2078
2062
2042
1957
1966
2019
1988
2038
2121
2169
2272
2341
2341
2445
2533
2576
2640
2703
2702
2746
2801
2756
2765
2780
2674
2617
2608
2518
2465
2402
2253
2199
2183
2083
2059
2048
1996
2004
2024
2046
2077
2120
2149
2240
2287
2325
2432
2525
2575
2628
2729
2801
2780
2772
2766
2766
2756
2686
2615
2597
2530
2447
2422
2374
2231
2172
2116
2041
2056
2001
1939
2023
2027
2009
2101
2122
2149
2284
2352
2392
2496
2548
2621
2667
2700
2796
2766
2704
2793
2800
2695
2682
2699
2589
2454
2404
2347
2270
2205
2136
2101
2101
1997
1924
2000
2035
1997
2078
2121
2130
2257
2367
2393
2474
2537
2588
2654
2732
2779
2779
2766
2774
2760
2727
2683
2646
2563
2499
2469
2379
2338
2248
2113
2125
2129
2026
1991
2033
1967
1994
2112
2124
2124
2251
2335
2361
2442
2490
2563
2673
2695
2717
2807
2808
2768
2780
2724
2661
2704
2628
2493
2495
2445
2269
2268
2245
2067
2072
2078
1966
1999
2043
1985
2033
2060
2108
2211
2251
2306
2441
2481
2533
2628
2700
2712
2722
2781
2819
2775
2728
2747
2679
2614
2592
2534
2432
2312
2250
2212
2184
2105
2010
1993
2004
1987
1999
2042
2110
2118
2166
2260
2284
2342
2490
2567
2615
2653
2653
2736
2790
2754
2789
2774
2738
2701
2578
2528
2556
2472
2326
2301
2274
2132
2079
2052
2011
2022
2002
1989
2059
2026
2039
2190
2298
2278
2342
2434
2490
2559
2642
2713
2765
2734
2728
2776
2804
2739
2665
2634
2620
2543
2437
2407
2318
2229
2250
2150
2052
2071
2004
1976
2061
2027
2024
2101
2159
2226
2307
2329
2391
2509
2590
2613
2633
2703
2769
2761
2781
2783
2778
2798
2656
2553
2571
2479
2418
2392
2274
2192
2139
2073
2045
2017
2005
1995
1995
2028
2084
2139
2186
2202
2308
2422
2463
2521
2622
2655
2666
2764
2820
2789
2779
2753
2702
2656
2646
2600
2473
2426
2383
2305
2251
2115
2086
2101
2004
1958
2023
1997
1991
2080
2144
2160
2210
2291
2350
2404
2541
2597
2644
2706
2718
2748
2771
2760
2768
2736
2695
2676
2609
2526
2484
2412
2284
2244
2186
2071
2070
2023
1927
1945
2047
2005
1972
2097
2180
2129
2256
2399
2386
2461
2596
2604
2686
2716
2671
2749
2779
2757
2777
2701
2640
2655
2591
2486
2425
2301
2208
2213
2152
2088
2060
2029
2058
1992
1967
2094
2119
2061
2154
2228
2296
2436
2445
2488
2666
2665
2664
2762
2752
2757
2791
2738
2704
2716
2630
2594
2550
2402
2344
2282
2181
2166
2156
2070
2020
2014
2017
1983
2012
2076
2098
2111
2202
2274
2347
2421
2484
2552
2626
2675
2730
2743
2731
2771
2819
2747
2670
2698
2627
2521
2508
2405
2282
2250
2209
2126
2106
2035
1984
2027
2024
2001
2062
2093
2122
2203
2257
2327
2429
2474
2528
2628
2670
2710
2795
2781
2712
2766
2782
2708
2662
2573
2538
2492
2394
2344
2307
2182
2093
2103
2092
1979
1978
2041
2061
2050
2053
2094
2196
2274
2337
2386
2457
2561
2597
2657
2772
2750
2741
2830
2807
2759
2756
2708
2648
2609
2532
2432
2386
2333
2213
2111
2108
2031
1961
2003
2054
1990
2004
2093
2118
2128
2226
2280
2348
2489
2527
2533
2633
2702
2733
2734
2763
2791
2749
2752
2749
2673
2602
2553
2517
2442
2312
2281
2198
2069
2099
2062
1994
2041
2016
1981
2067
2071
2092
2203
2258
2264
2373
2542
2577
2581
2688
2734
2734
2774
2745
2741
2774
2698
2655
2688
2568
2448
2462
2322
2189
2230
2156
2037
2050
2013
1992
2023
2008
2024
2120
2135
2150
2263
2337
2359
2456
2588
2656
2646
2675
2749
2804
2772
2752
2742
2686
2686
2646
2574
2551
2457
2282
2290
2342
2154
2031
2074
2033
1991
2008
1988
2012
2069
2102
2157
2259
2275
2331
2446
2513
2546
2608
2651
2712
2747
2767
2768
2738
2729
2760
2708
2603
2529
2451
2389
2340
2265
2189
2128
2106
2070
2026
1974
1990
2039
2050
2073
2138
2193
2247
2322
2442
2499
2517
2622
2720
2718
2724
2776
2794
2760
2747
2714
2645
2637
2631
2527
2446
2393
2261
2204
2178
2068
2029
2035
2029
2026
2004
2023
2049
2053
2178
2286
2337
2409
2462
2534
2610
2601
2683
2798
2770
2717
2796
2793
2691
2682
2677
2603
2530
2440
2363
2295
2213
2133
2088
2084
2091
2017
1963
2047
2095
2066
2138
2170
2200
2303
2330
2373
2563
2588
2576
2720
2748
2691
2768
2804
2785
2790
2733
2670
2614
2509
2438
2431
2349
2236
2208
2129
2054
2038
1999
1987
2009
1999
2053
2114
2124
2180
2276
2345
2384
2415
2517
2609
2630
2709
2792
2750
2781
2790
2718
2723
2698
2589
2567
2544
2395
2294
2289
2223
2136
2075
2070
1998
1954
2028
2086
2014
2043
2136
2159
2230
2355
2397
2454
2583
2643
2656
2711
2725
2735
2768
2778
2770
2732
2689
2669
2602
2508
2470
2382
2284
2264
2156
2054
2068
2057
2004
1998
1997
2039
2060
2094
2113
2198
2294
2336
2410
2507
2553
2607
2693
2704
2733
2804
2781
2764
2770
2733
2679
2591
2525
2487
2446
2339
2209
2186
2162
2083
2066
2029
1946
1948
2057
2097
2079
2140
2213
2269
2369
2458
2444
2539
2670
2661
2670
2742
2792
2799
2750
2715
2737
2689
2601
2539
2508
2439
2294
2261
2260
2166
2070
2029
2033
2036
2002
1999
2041
2038
2071
2150
2233
2304
2387
2471
2547
2609
2655
2733
2737
2732
2786
2716
2738
2828
2708
2600
2591
2508
2461
2411
2259
2192
2146
2060
2046
2095
2044
1962
2019
2086
2005
2062
2207
2231
2265
2404
2459
2497
2581
2645
2683
2725
2763
2781
2783
2796
2769
2676
2619
2623
2546
2474
2416
2264
2177
2180
2157
2062
2054
2085
1972
1929
2042
2086
2048
2133
2204
2228
2289
2402
2505
2552
2590
2674
2713
2723
2769
2815
2785
2713
2740
2726
2643
2571
2500
2422
2362
2296
2214
2162
2084
2027
2028
2024
1991
1977
2024
2086
2075
2138
2256
2352
2396
2455
2603
2658
2599
2697
2837
2738
2722
2823
2793
2705
2688
2692
2615
2475
2449
2418
2285
2158
2108
2110
2061
1980
1945
2008
2025
2012
2030
2080
2151
2250
2287
2331
2430
2528
2572
2657
2742
2746
2777
2772
2758
2782
2744
2632
2622
2649
2526
2428
2416
2373
2279
2201
2163
2083
2015
2036
1978
1972
2043
2069
2098
2140
2198
2299
2313
2379
2554
2571
2567
2726
2752
2724
2780
2769
2770
2791
2718
2617
2628
2590
2478
2435
2365
2248
2228
2167
2045
2025
2054
2021
1990
1996
2031
2087
2099
2162
2288
2355
2390
2460
2514
2594
2648
2681
2749
2796
2785
2770
2736
2723
2712
2614
2570
2569
2490
2369
2279
2258
2169
2054
2054
2047
1992
1974
1985
2047
2082
2100
2145
2234
2289
2322
2440
2530
2594
2676
2693
2685
2754
2789
2742
2739
2770
2745
2694
2589
2511
2504
2421
2325
2262
2157
2134
2123
2026
2003
2014
1986
1982
2054
2096
2097
2154
2306
2367
2387
2500
2610
2633
2657
2699
2748
2769
2796
2790
2715
2693
2726
2648
2523
2512
2467
2328
2242
2256
2217
2080
2014
2036
2025
1953
1995
2067
2058
2079
2207
2271
2291
2366
2479
2554
2592
2608
2666
2765
2796
2742
2766
2814
2755
2686
2680
2638
2542
2445
2349
2269
2264
2181
2082
2068
2061
2004
2030
2045
2015
2044
2141
2184
2208
2268
2372
2461
2508
2580
2640
2680
2779
2809
2750
2792
2827
2753
2717
2701
2610
2549
2518
2379
2286
2284
2200
2090
2059
2019
1969
1972
2030
1996
2011
2106
2149
2200
2269
2300
2377
2494
2543
2602
2719
2732
2717
2790
2833
2782
2751
2720
2648
2575
2538
2469
2406
2352
2251
2199
2198
2106
2042
2069
2013
1936
2006
2092
2080
2132
2240
2226
2236
2377
2474
2529
2612
2652
2700
2720
2748
2824
2814
2729
2718
2722
2623
2575
2545
2461
2356
2300
2258
2138
2089
2117
2002
1952
2041
2046
2017
2041
2103
2156
2186
2246
2386
2457
2460
2592
2650
2625
2729
2812
2743
2790
2820
2712
2702
2739
2612
2513
2490
2389
2258
2234
2225
2141
2028
2005
2017
1977
1971
2017
2058
2076
2107
2171
2286
2346
2386
2486
2551
2580
2696
2741
2720
2778
2814
2802
2807
2736
2661
2635
2598
2533
2410
2316
2276
2207
2137
2106
2056
1976
1972
2018
2036
2044
2099
2137
2174
2233
2314
2364
2420
2481
2591
2651
2677
2791
2801
2725
2784
2824
2726
2691
2667
2590
2527
2424
2364
2370
2260
2103
2143
2111
1995
1997
2035
2013
2030
2062
2083
2142
2196
2273
2402
2436
2486
2612
2660
2681
2761
2778
2753
2784
2782
2711
2700
2724
2633
2479
2434
2442
2336
2209
2211
2164
2049
2004
2016
1991
1987
2024
2119
2106
2103
2204
2255
2298
2441
2535
2579
2656
2723
2717
2729
2770
2782
2771
2757
2702
2637
2598
2575
2522
2438
2327
2251
2230
2176
2082
2052
2028
1978
1990
2085
2070
2070
2157
2185
2210
2297
2383
2481
2535
2589
2669
2695
2739
2809
2835
2777
2731
2781
2784
2629
2516
2514
2470
2371
2319
2231
2174
2168
2045
2000
2046
2023
1976
2047
2085
2086
2140
2217
2256
2361
2465
2503
2551
2661
2703
2695
2758
2847
2798
2726
2722
2707
2667
2613
2549
2448
2380
2298
2240
2251
2134
2066
2072
1988
1942
2006
2022
2012
2053
2116
2202
2254
2305
2473
2513
2487
2634
2727
2678
2704
2773
2753
2774
2769
2700
2666
2635
2547
2488
2450
2356
2288
2214
2122
2064
2046
1981
1981
2032
2004
1982
2096
2141
2134
2231
2334
2381
2470
2534
2595
2689
2669
2711
2792
2735
2763
2821
2732
2686
2689
2612
2538
2476
2355
2317
2271
2147
2049
2007
2013
2009
1987
2020
2094
2058
2094
2228
2218
2262
2410
2469
2524
2595
2587
2665
2758
2747
2776
2823
2770
2737
2759
2684
2540
2488
2492
2422
2298
2227
2212
2097
1983
2020
2046
1989
2010
2049
2060
2104
2158
2186
2272
2337
2341
2460
2590
2622
2707
2707
2704
2792
2788
2749
2780
2757
2686
2627
2543
2469
2423
2312
2288
2206
2081
2106
2113
1985
1975
2054
2046
2024
2090
2144
2199
2225
2283
2377
2473
2509
2590
2725
2740
2678
2738
2827
2788
2737
2784
2733
2648
2644
2541
2420
2378
2321
2242
2156
2073
2048
2051
1964
1990
2003
2009
2064
2068
2128
2262
2265
2331
2458
2517
2564
2625
2672
2747
2822
2805
2768
2765
2767
2757
2680
2609
2570
2447
2376
2363
2234
2113
2106
2113
2023
1999
2047
2060
1998
1991
2105
2185
2177
2224
2320
2413
2460
2546
2607
2653
2735
2759
2747
2780
2748
2676
2696
2738
2655
2510
2459
2421
2297
2287
2266
2137
2034
2013
2027
2025
1953
2022
2101
2087
2109
2197
2247
2315
2394
2446
2541
2613
2611
2622
2697
2737
2729
2750
2770
2748
2669
2635
2625
2495
2412
2422
2317
2179
2173
2164
2068
2003
1989
2005
2002
2004
2043
2090
2153
2236
2266
2367
2467
2474
2514
2635
2739
2740
2707
2768
2869
2792
2703
2751
2708
2587
2544
2477
2371
2311
2244
2148
2089
2137
2057
1928
1960
2006
1959
2030
2110
2158
2236
2274
2305
2420
2444
2450
2585
2677
2705
2774
2764
2781
2820
2722
2692
2693
2600
2578
2515
2398
2364
2348
2220
2121
2062
2013
2026
2004
1996
2067
2071
2060
2069
2180
2299
2317
2367
2467
2535
2580
2601
2674
2787
2759
2735
2812
2791
2697
2677
2657
2606
2518
2415
2382
2311
2188
2157
2132
2041
2013
2023
1997
1969
1987
2046
2139
2131
2198
2355
2393
2395
2544
2627
2612
2682
2760
2765
2782
2793
2786
2757
2665
2605
2591
2567
2492
2400
2315
2241
2156
2088
2087
2053
1985
1987
2028
2026
2043
2089
2162
2212
2247
2369
2460
2486
2563
2626
2683
2743
2781
2777
2772
2792
2753
2741
2710
2620
2563
2497
2401
2353
2322
2173
2099
2137
2069
1970
2001
2000
1990
2027
2072
2090
2176
2264
2306
2396
2460
2491
2610
2655
2654
2737
2800
2751
2728
2772
2726
2646
2622
2588
2529
2456
2335
2242
2230
2157
2063
2036
2024
2002
2025
2033
2007
2030
2107
2140
2216
2311
2370
2436
2540
2586
2611
2712
2754
2750
2787
2787
2732
2707
2707
2662
2566
2582
2551
2349
2270
2297
2162
2101
2145
2059
2015
2043
2013
2002
2035
2047
2125
2167
2216
2328
2436
2500
2543
2609
2712
2733
2733
2780
2811
2758
2735
2713
2670
2632
2581
2549
2501
2349
2231
2168
2119
2101
2037
1957
2030
2020
1946
2039
2117
2068
2130
2279
2356
2350
2443
2564
2551
2608
2759
2761
2710
2819
2832
2736
2746
2755
2613
2526
2514
2419
2353
2306
2214
2190
2176
2028
1988
2036
2022
1978
2016
2041
2083
2195
2245
2250
2339
2469
2554
2594
2665
2701
2730
2755
2758
2794
2807
2701
2688
2687
2509
2478
2553
2429
2288
2242
2218
2127
2006
1998
2027
1996
1998
2016
2057
2090
2115
2159
2251
2336
2416
2502
2560
2594
2659
2717
2755
2784
2807
2818
2787
2717
2676
2617
2562
2501
2409
2359
2277
2168
2128
2105
2040
2005
2049
2033
2000
2056
2129
2098
2124
2235
2322
2376
2459
2533
2625
2683
2658
2720
2814
2773
2795
2818
2709
2665
2680
2578
2530
2498
2371
2270
2209
2179
2125
2009
1994
2008
1978
2016
2055
2024
2111
2152
2156
2281
2433
2430
2465
2589
2672
2681
2734
2808
2763
2743
2810
2778
2719
2702
2594
2514
2525
2446
2323
2279
2224
2116
2074
2024
1947
1944
1990
2034
2116
2103
2104
2255
2359
2334
2411
2524
2576
2647
2698
2704
2758
2775
2793
2808
2763
2731
2684
2646
2617
2488
2348
2301
2307
2201
2093
2064
2027
2000
2021
2008
2026
2066
2077
2066
2174
2279
2279
2345
2474
2491
2587
2729
2728
2714
2767
2767
2747
2769
2740
2679
2631
2577
2490
2383
2370
2296
2196
2187
2116
2054
2051
2031
1995
1995
1980
2017
2115
2117
2214
2343
2334
2375
2545
2615
2628
2678
2743
2747
2739
2750
2773
2791
2749
2681
2650
2553
2469
2416
2274
2224
2225
2103
2036
2049
2002
1953
1996
2000
2053
2129
2136
2192
2272
2258
2438
2569
2524
2608
2714
2726
2754
2757
2783
2859
2745
2690
2764
2655
2506
2509
2440
2315
2236
2204
2158
2056
2034
2067
2016
1954
2005
2050
2071
2099
2206
2267
2289
2386
2492
2518
2586
2669
2711
2765
2797
2792
2760
2711
2717
2714
2615
2567
2507
2435
2419
2342
2212
2167
2100
2005
2041
2014
1968
1998
2019
2066
2121
2149
2214
2297
2356
2413
2474
2550
2626
2666
2730
2799
2766
2760
2797
2727
2671
2701
2616
2532
2510
2360
2295
2291
2139
2097
2144
2000
1959
2049
2005
1954
2043
2101
2147
2203
2265
2364
2459
2485
2538
2635
2671
2702
2750
2771
2789
2778
2744
2752
2681
2599
2556
2493
2407
2351
2269
2196
2175
2083
2046
2078
2022
1960
1999
2056
2131
2133
2171
2286
2352
2369
2485
2551
2572
2658
2752
2738
2719
2767
2841
2795
2690
2700
2693
2555
2451
2461
2416
2273
2209
2168
2089
2051
2043
1975
1975
2036
2040
2042
2082
2133
2229
2301
2380
2449
2512
2532
2619
2718
2799
2789
2712
2773
2832
2754
2703
2657
2593
2579
2502
2405
2323
2237
2214
2137
2046
2054
1997
1964
2050
2046
2033
2123
2170
2181
2310
2362
2361
2488
2602
2643
2721
2742
2753
2801
2723
2708
2809
2778
2666
2642
2566
2521
2527
2402
2252
2230
2184
2060
2040
2046
2033
2019
1965
2009
2143
2124
2120
2279
2367
2358
2446
2526
2606
2666
2648
2718
2827
2782
2731
2782
2754
2656
2657
2615
2510
2480
2382
2271
2264
2206
2121
2060
2028
2010
2001
2004
2070
2089
2095
2166
2239
2265
2346
2448
2489
2529
2627
2707
2735
2764
2782
2785
2757
2749
2766
2702
2580
2542
2467
2374
2368
2245
2138
2136
2089
2061
2043
1984
1980
2009
2026
2062
2126
2158
2259
2330
2405
2477
2557
2601
2631
2707
2770
2778
2769
2777
2735
2751
2727
2621
2608
2573
2449
2367
2271
2211
2128
2079
2107
2049
1983
1968
1959
2009
2095
2093
2140
2263
2356
2387
2440
2518
2600
2651
2720
2776
2791
2817
2791
2759
2752
2674
2649
2656
2526
2447
2443
2346
2216
2140
2116
2060
1986
1971
2013
1988
2011
2079
2141
2147
2180
2266
2364
2421
2499
2589
2646
2702
2768
2775
2774
2800
2779
2703
2648
2651
2641
2537
2426
2389
2350
2247
2170
2138
2093
2039
1986
1955
2022
2043
1985
2031
2160
2222
2230
2294
2411
2503
2564
2566
2634
2738
2766
2770
2765
2804
2784
2690
2638
2637
2584
2497
2401
2349
2255
2145
2127
2139
2043
1966
1978
2002
2060
2038
2037
2151
2201
2206
2302
2383
2420
2490
2594
2635
2670
2683
2786
2844
2790
2740
2723
2719
2642
2545
2491
2463
2386
2280
2210
2152
2143
2077
2005
2006
2021
1968
2041
2078
2048
2131
2211
2259
2394
2442
2486
2612
2652
2664
2726
2722
2735
2782
2765
2738
2703
2672
2626
2529
2458
2384
2268
2208
2194
2103
2052
2042
1993
2001
1994
1966
2072
2091
2094
2220
2309
2310
2436
2518
2484
2583
2700
2675
2703
2807
2805
2731
2710
2713
2664
2639
2582
2440
2424
2438
2253
2180
2227
2089
1980
2037
2070
1974
1991
2084
2102
2147
2195
2205
2330
2390
2416
2542
2614
2617
2675
2743
2820
2788
2746
2768
2708
2669
2699
2636
2506
2433
2387
2323
2213
2143
2149
2077
2010
2003
1985
1966
2023
2056
2051
2099
2232
2292
2335
2435
2525
2576
2640
2672
2695
2766
2788
2732
2782
2787
2674
2682
2684
2520
2432
2423
2334
2259
2185
2080
2071
2076
1998
1988
2047
2018
2018
2078
2131
2195
2299
2321
2373
2468
2569
2614
2624
2659
2750
2814
2790
2778
2796
2716
2624
2600
2574
2495
2428
2415
2306
2207
2151
2061
2106
2093
1940
1956
2057
2028
2043
2117
2158
2225
2309
2328
2499
2567
2553
2676
2761
2710
2758
2846
2782
2684
2716
2737
2635
2550
2512
2457
2362
2295
2250
2153
2097
2045
2022
2034
1977
1992
2084
2057
2051
2206
2294
2237
2355
2496
2507
2544
2645
2735
2740
2739
2809
2814
2756
2744
2729
2677
2601
2498
2477
2452
2304
2207
2173
2118
2087
2023
1996
2034
2070
2054
2053
2087
2153
2207
2232
2325
2417
2427
2533
2641
2644
2753
2799
2726
2808
2850
2680
2684
2778
2620
2536
2591
2469
2311
2284
2242
2156
2119
2048
1961
2035
2051
1952
2005
2113
2084
2167
2312
2339
2363
2479
2562
2597
2603
2666
2778
2797
2767
2785
2828
2757
2657
2637
2600
2475
2413
2409
2302
2212
2150
2114
2074
2007
1999
1992
1995
2071
2059
2101
2216
2256
2274
2401
2470
2476
2563
2645
2648
2734
2791
2772
2770
2742
2717
2710
2661
2581
2545
2470
2381
2338
2244
2169
2127
2070
2025
2004
1966
2036
2036
2010
2094
2163
2160
2241
2336
2432
2481
2529
2610
2688
2702
2746
2788
2779
2772
2732
2678
2683
2653
2528
2494
2478
2343
2272
2228
2123
2070
2055
1994
1991
2007
2049
2080
2044
2065
2202
2253
2324
2397
2421
2490
2565
2659
2707
2704
2774
2781
2759
2798
2760
2683
2654
2612
2536
2458
2368
2290
2219
2170
2116
2023
1983
2023
2017
1988
2042
2061
2139
2236
2225
2241
2364
2436
2454
2548
2630
2658
2751
2810
2787
2781
2782
2749
2718
2667
2600
2519
2432
2425
2325
2184
2206
2143
2007
2014
2036
1972
1980
1993
2015
2090
2107
2181
2303
2331
2394
2521
2585
2607
2681
2757
2753
2757
2798
2798
2760
2699
2672
2679
2546
2447
2503
2402
2219
2243
2153
1991
2056
2037
1943
2019
2010
1929
2027
2105
2112
2238
2338
2337
2455
2592
2592
2670
2750
2695
2705
2787
2800
2777
2720
2686
2643
2537
2530
2485
2329
2276
2244
2147
2114
2067
2018
1995
1979
1946
2013
2095
2105
2121
2228
2309
2345
2441
2533
2556
2653
2725
2696
2725
2766
2766
2793
2801
2706
2697
2653
2499
2454
2435
2301
2219
2209
2098
2039
2050
2056
2004
1988
1993
2032
2136
2172
2166
2292
2375
2390
2480
2574
2621
2661
2698
2768
2830
2751
2746
2821
2777
2685
2640
2612
2487
2377
2342
2298
2189
2136
2097
2002
1972
2026
2014
2015
2025
2035
2113
2201
2174
2289
2462
2484
2507
2635
2676
2653
2717
2826
2807
2695
2731
2796
2700
2582
2546
2527
2432
2328
2308
2261
2157
2143
2086
1977
1931
2016
1986
1972
2061
2071
2089
2260
2278
2277
2476
2552
2535
2646
2692
2718
2831
2778
2722
2824
2787
2683
2724
2650
2532
2493
2413
2343
2249
2142
2134
2113
2030
2012
2031
2027
2013
2024
2074
2148
2182
2301
2372
2399
2506
2566
2617
2706
2730
2748
2804
2804
2758
2730
2722
2720
2680
2595
2463
2386
2413
2328
2150
2154
2151
2029
1983
1995
1964
2007
2014
2046
2142
2174
2215
2302
2354
2449
2522
2603
2685
2709
2749
2841
2780
2680
2766
2789
2670
2666
2640
2503
2427
2393
2294
2222
2121
2053
2106
2058
1957
2020
2039
1989
2024
2127
2139
2163
2279
2403
2437
2494
2544
2644
2759
2741
2751
2807
2765
2771
2796
2727
2686
2655
2533
2446
2444
2309
2194
2204
2091
2027
2064
2000
1944
2026
2023
1987
2085
2170
2172
2231
2349
2402
2457
2535
2623
2740
2761
2736
2761
2791
2776
2722
2720
2729
2626
2528
2542
2490
2362
2282
2225
2126
2071
2085
2052
2000
1975
2019
2059
2050
2061
2157
2226
2299
2389
2463
2469
2543
2673
2708
2714
2803
2859
2743
2687
2784
2756
2608
2557
2524
2422
2339
2299
2263
2164
2078
2043
2048
2029
2000
2013
2030
2021
2046
2175
2267
2246
2350
2484
2509
2530
2645
2727
2704
2757
2828
2787
2743
2753
2691
2634
2645
2581
2436
2402
2362
2209
2178
2213
2095
1955
2012
2072
2029
2007
2050
2091
2171
2217
2283
2329
2383
2472
2549
2627
2752
2750
2722
2834
2824
2735
2753
2750
2644
2578
2586
2543
2449
2388
2313
2246
2159
2106
2048
1997
2012
1980
1989
2048
2134
2149
2124
2225
2339
2368
2425
2568
2616
2605
2688
2744
2761
2789
2762
2779
2791
2720
2641
2589
2518
2452
2398
2322
2222
2130
2107
2082
2041
1994
1984
2007
2049
2029
2097
2223
2229
2243
2363
2452
2508
2542
2613
2688
2722
2726
2737
2772
2752
2722
2715
2676
2623
2564
2456
2403
2335
2256
2234
2144
2057
2065
2059
1993
1966
2010
2085
2060
2038
2177
2332
2355
2397
2495
2585
2670
2714
2700
2732
2787
2774
2802
2790
2696
2694
2669
2547
2483
2444
2344
2203
2145
2186
2139
2050
2034
2051
2015
1985
2022
2092
2125
2153
2231
2361
2382
2425
2561
2619
2625
2686
2762
2816
2832
2780
2749
2777
2706
2597
2573
2523
2437
2367
2290
2221
2142
2089
2078
2028
1968
1989
1992
2017
2093
2113
2123
2215
2297
2390
2442
2502
2625
2653
2661
2763
2791
2773
2810
2752
2702
2728
2646
2631
2598
2439
2397
2345
2234
2193
2146
2064
2039
2014
1969
1999
2007
2034
2112
2181
2192
2233
2305
2375
2438
2540
2638
2655
2717
2807
2808
2804
2778
2717
2747
2733
2638
2580
2541
2434
2302
2251
2239
2128
2065
2076
2038
2001
2037
1994
1988
2117
2135
2175
2276
2295
2337
2479
2579
2593
2649
2736
2750
2747
2777
2783
2719
2726
2770
2637
2529
2563
2481
2301
2317
2310
2096
2068
2088
2005
2005
2017
1992
2035
2045
2100
2196
2182
2230
2402
2426
2472
2623
2648
2658
2752
2772
2744
2751
2784
2778
2727
2686
2600
2500
2466
2379
2319
2299
2210
2113
2130
2073
1996
1998
2031
2009
2017
2078
2166
2196
2251
2364
2471
2486
2520
2610
2666
2665
2734
2781
2752
2770
2808
2729
2672
2671
2577
2482
2429
2312
2234
2216
2150
2107
2089
2009
1998
2022
2009
2017
2091
2123
2139
2288
2341
2337
2491
2568
2541
2647
2751
2756
2795
2787
2789
2811
2718
2644
2642
2597
2495
2449
2374
2269
2254
2179
2040
2026
2058
1983
1972
2040
2030
1994
2094
2185
2213
2282
2386
2437
2528
2544
2582
2691
2733
2728
2723
2740
2755
2767
2690
2658
2617
2478
2410
2438
2363
2202
2153
2130
2092
2089
2047
2013
2048
2022
2023
2094
2150
2205
2305
2314
2389
2539
2571
2591
2694
2701
2698
2829
2828
2699
2770
2782
2630
2597
2573
2491
2431
2346
2292
2265
2119
2046
2125
2065
1963
1999
2006
1973
2053
2145
2184
2246
2326
2391
2463
2473
2557
2711
2697
2689
2807
2804
2711
2767
2792
2672
2611
2633
2531
2402
2384
2324
2199
2141
2128
2061
2000
1956
1963
2000
2047
2071
2081
2152
2245
2261
2344
2451
2494
2574
2670
2657
2658
2758
2782
2787
2787
2758
2714
2661
2576
2529
2493
2383
2307
2260
2192
2112
2055
2041
2028
1971
1962
2005
2040
2069
2159
2218
2261
2312
2403
2457
2529
2595
2629
2678
2770
2777
2748
2802
2760
2677
2723
2684
2509
2443
2435
2322
2263
2240
2148
2060
2037
2017
1995
1995
2071
2072
2066
2126
2182
2196
2280
2403
2460
2485
2562
2665
2668
2677
2768
2809
2759
2727
2739
2703
2635
2584
2500
2413
2383
2332
2234
2127
2102
2067
2010
2009
2049
2010
1998
2033
2061
2131
2249
2327
2435
2469
2454
2528
2653
2706
2748
2782
2788
2780
2768
2739
2714
2706
2584
2487
2502
2423
2313
2249
2170
2078
2043
2022
2020
1992
1964
2007
2069
2039
2149
2258
2222
2281
2409
2459
2532
2628
2655
2696
2767
2795
2752
2746
2791
2749
2662
2618
2580
2517
2434
2326
2270
2213
2153
2080
2037
2030
2017
1974
1998
2060
2075
2061
2201
2299
2276
2331
2483
2568
2597
2644
2703
2751
2780
2762
2744
2760
2723
2631
2625
2621
2480
2424
2394
2261
2227
2204
2126
2083
2036
1966
1983
1967
1969
2073
2131
2101
2188
2343
2396
2430
2540
2603
2625
2638
2703
2778
2733
2737
2817
2749
2674
2646
2610
2547
2487
2423
2348
2244
2176
2168
2122
2005
1963
2018
2023
1978
2060
2108
2103
2167
2272
2356
2449
2516
2547
2630
2715
2718
2747
2797
2749
2777
2797
2735
2730
2658
2523
2484
2430
2330
2298
2242
2109
2082
2081
1990
1986
2009
1976
1966
2048
2105
2160
2263
2328
2353
2476
2560
2607
2691
2736
2771
2819
2792
2766
2777
2738
2697
2654
2588
2536
2417
2359
2346
2224
2107
2126
2087
2027
1976
2002
2048
2019
1986
2086
2207
2232
2234
2365
2481
2478
2523
2621
2694
2736
2732
2753
2811
2799
2739
2682
2673
2607
2511
2449
2379
2305
2272
2229
2127
2075
2048
2024
1995
1955
1975
2070
2114
2127
2164
2262
2374
2437
2447
2542
2667
2653
2638
2788
2858
2739
2746
2818
2721
2642
2642
2569
2450
2398
2358
2260
2171
2150
2095
2018
2016
2004
1947
1992
2047
2085
2135
2195
2267
2314
2345
2440
2551
2599
2616
2692
2767
2763
2738
2756
2769
2725
2703
2651
2571
2491
2460
2366
2266
2226
2161
2101
2077
2014
1978
1981
1965
2057
2095
2126
2179
2184
2248
2373
2428
2475
2589
2647
2664
2723
2747
2778
2803
2753
2718
2738
2713
2622
2562
2506
2378
2306
2263
2204
2148
2077
2006
2011
2026
2025
2038
2075
2108
2142
2181
2258
2325
2429
2506
2558
2608
2656
2712
2751
2775
2749
2729
2752
2764
2703
2596
2555
2531
2390
2316
2286
2177
2119
2071
2010
2027
2023
1968
1991
2062
2085
2106
2184
2233
2338
2428
2427
2510
2671
2659
2661
2758
2752
2754
2846
2816
2711
2686
2630
2537
2488
2434
2336
2281
2253
2145
2047
2051
2046
1984
1967
2004
2037
2050
2098
2152
2212
2281
2373
2458
2509
2547
2620
2682
2732
2781
2776
2727
2746
2781
2710
2653
2649
2558
2446
2366
2330
2277
2173
2120
2090
2028
2037
2002
1942
2025
2062
2015
2154
2237
2167
2313
2461
2422
2506
2663
2662
2665
2768
2803
2759
2760
2747
2700
2683
2632
2541
2470
2411
2374
2290
2195
2139
2111
2056
2017
2017
1997
2007
2030
2061
2129
2170
2222
2328
2363
2428
2528
2582
2651
2727
2769
2765
2764
2765
2777
2743
2656
2599
2551
2511
2506
2408
2277
2260
2215
2095
2054
2026
1986
2005
1974
1982
2054
2101
2162
2221
2278
2347
2434
2503
2546
2673
2747
2695
2753
2820
2753
2763
2784
2714
2723
2655
2506
2499
2448
2331
2268
2176
2111
2053
1997
2049
2053
1959
1969
2088
2079
2102
2255
2261
2262
2420
2534
2574
2596
2645
2718
2726
2725
2764
2780
2744
2680
2674
2643
2533
2500
2443
2322
2276
2235
2141
2061
2062
2038
1979
1976
2046
2026
2036
2142
2188
2222
2334
2377
2414
2505
2632
2679
2726
2777
2767
2738
2765
2801
2734
2666
2667
2589
2464
2463
2420
2284
2247
2196
2082
2032
2025
1952
1973
2033
2018
2047
2151
2126
2157
2286
2382
2429
2483
2568
2636
2695
2742
2749
2835
2835
2714
2717
2762
2688
2590
2510
2463
2437
2337
2235
2216
2133
2075
2045
2028
2008
1983
2003
2061
2091
2144
2238
2274
2301
2426
2493
2502
2613
2712
2707
2730
2800
2753
2724
2794
2759
