2461
2377
2384
2427
2393
2384
2411
2397
2403
2445
2379
2361
2426
2401
2378
2429
2438
2387
2391
2438
2401
2353
2391
2402
2372
2380
2421
2450
2446
2416
2394
2438
2430
2381
2445
2468
2370
2372
2466
2430
2369
2383
2398
2399
2402
2420
2421
2418
2414
2437
2426
2387
2398
2380
2364
2398
2421
2398
2376
2348
2356
2412
2433
2390
2400
2432
2427
2409
2384
2371
2403
2365
2334
2420
2432
2357
2391
2431
2350
2381
2449
2387
2367
2404
2376
2357
2377
2390
2429
2418
2387
2418
2395
2369
2389
2377
2393
2435
2412
2389
2393
2370
2376
2387
2387
2415
2406
2368
2399
2410
2398
2352
2372
2465
2403
2354
2421
2388
2366
2438
2408
2378
2439
2426
2392
2440
2441
2375
2375
2420
2408
2413
2445
2406
2374
2415
2399
2355
2374
2389
2392
2370
2352
2407
2429
2350
2378
2433
2414
2425
2407
2375
2470
2438
2350
2433
2412
2330
2436
2435
2385
2455
2449
2405
2418
2404
2396
2427
2355
2334
2451
2425
2338
2391
2424
2385
2385
2395
2403
2416
2435
2430
2418
2397
2378
2394
2415
2395
2377
2373
2367
2370
2461
2442
2328
2397
2469
2383
2326
2377
2382
2396
2426
2406
2412
2435
2369
2328
2381
2433
2449
2368
2345
2424
2405
2396
2441
2366
2358
2408
2374
2400
2439
2436
2403
2361
2374
2432
2415
2353
2369
2412
2422
2439
2417
2375
2375
2382
2381
2388
2379
2370
2401
2456
2424
2313
2377
2417
2330
2402
2435
2349
2402
2431
2363
2396
2429
2398
2431
2378
2332
2434
2415
2369
2472
2433
2352
2400
2414
2345
2429
2461
2373
2418
2472
2380
2371
2404
2376
2415
2404
2338
2389
2441
2357
2358
2449
2423
2375
2380
2400
2418
2413
2421
2424
2416
2451
2430
2420
2440
2417
2403
2413
2405
2409
2422
2429
2422
2389
2415
2425
2407
2397
2386
2392
2414
2404
2353
2369
2415
2389
2391
2439
2458
2432
2355
2367
2455
2401
2350
2442
2374
2317
2434
2414
2378
2445
2391
2378
2460
2412
2356
2411
2402
2408
2380
2332
2428
2472
2383
2371
2433
2412
2349
2387
2424
2406
2423
2427
2376
2392
2434
2397
2385
2419
2420
2417
2382
2382
2429
2394
2385
2421
2374
2395
2437
2373
2390
2461
2436
2396
2372
2392
2452
2417
2405
2502
2403
2325
2461
2478
2392
2414
2412
2369
2398
2407
2380
2402
2429
2376
2371
2444
2451
2384
2371
2388
2394
2403
2438
2409
2335
2377
2430
2417
2424
2385
2356
2361
2390
2420
2392
2331
2350
2411
2389
2377
2404
2399
2410
2383
2350
2387
2404
2378
2393
2391
2426
2419
2331
2384
2439
2364
2370
2423
2392
2386
2406
2337
2343
2411
2385
2395
2453
2409
2368
2402
2422
2398
2421
2453
2418
2419
2439
2417
2416
2428
2402
2405
2413
2382
2399
2432
2379
2361
2420
2413
2337
2403
2416
2372
2424
2407
2328
2376
2441
2395
2418
2452
2397
2400
2422
2417
2369
2349
2431
2441
2394
2453
2410
2340
2429
2431
2346
2418
2403
2339
2437
2432
2338
2386
2398
2408
2465
2418
2371
2401
2407
2384
2402
2448
2412
2354
2407
2476
2372
2291
2408
2422
2349
2399
2431
2375
2383
2411
2412
2398
2374
2393
2416
2436
2390
2347
2420
2494
2405
2346
2442
2407
2343
2414
2414
2387
2394
2388
2375
2388
2402
2417
2427
2421
2409
2373
2373
2389
2361
2384
2426
2390
2377
2419
2413
2405
2392
2374
2439
2426
2326
2338
2436
2444
2395
2426
2475
2439
2392
2389
2402
2419
2408
2349
2346
2399
2412
2369
2339
2389
2401
2340
2388
2429
2385
2396
2414
2395
2425
2420
2370
2421
2465
2338
2336
2435
2383
2389
2447
2439
2435
2445
2382
2394
2428
2383
2379
2419
2403
2394
2423
2424
2404
2390
2391
2383
2354
2367
2386
2427
2435
2375
2379
2415
2399
2396
2341
2356
2442
2382
2360
2435
2378
2351
2421
2405
2329
2381
2399
2368
2388
2393
2343
2373
2432
2375
2362
2451
2402
2382
2461
2423
2410
2455
2384
2357
2415
2410
2376
2360
2371
2416
2418
2378
2393
2403
2381
2415
2424
2414
2424
2390
2358
2396
2407
2405
2442
2419
2367
2382
2396
2373
2370
2401
2362
2330
2402
2390
2334
2387
2427
2368
2386
2451
2387
2350
2380
2383
2402
2441
2406
2390
2405
2398
2392
2394
2404
2451
2422
2359
2373
2396
2378
2386
2360
2381
2431
2400
2411
2437
2387
2378
2420
2383
2416
2478
2368
2331
2436
2392
2329
2402
2441
2407
2394
2391
2384
2383
2397
2429
2404
2363
2394
2417
2356
2355
2419
2403
2395
2408
2397
2403
2390
2376
2412
2441
2358
2351
2456
2379
2299
2415
2424
2348
2413
2430
2336
2378
2398
2322
2399
2434
2381
2428
2438
2418
2424
2375
2354
2407
2413
2392
2425
2395
2374
2415
2395
2352
2391
2399
2381
2404
2408
2386
2347
2372
2403
2382
2401
2394
2382
2412
2426
2417
2397
2392
2401
2408
2378
2415
2423
2340
2389
2430
2382
2423
2426
2340
2343
2418
2433
2393
2408
2433
2427
2406
2370
2447
2466
2364
2390
2468
2403
2364
2377
2370
2396
2388
2372
2443
2428
2392
2424
2428
2365
2376
2424
2376
2329
2394
2453
2351
2306
2425
2421
2316
2381
2482
2449
2394
2378
2407
2412
2365
2376
2399
2397
2407
2418
2419
2384
2363
2388
2425
2391
2367
2442
2450
2402
2410
2400
2383
2430
2431
2370
2393
2412
2364
2397
2427
2375
2347
2403
2460
2426
2380
2424
2428
2348
2380
2450
2347
2338
2450
2404
2363
2438
2437
2376
2430
2449
2389
2374
2421
2456
2366
2343
2403
2393
2378
2442
2449
2357
2384
2425
2395
2398
2363
2343
2438
2424
2307
2392
2475
2380
2411
2468
2378
2343
2424
2408
2366
2380
2363
2406
2399
2313
2377
2464
2360
2409
2514
2356
2351
2485
2370
2370
2467
2405
2387
2388
2334
2381
2476
2425
2394
2451
2416
2381
2420
2449
2415
2412
2421
2416
2417
2413
2418
2406
2375
2407
2384
2353
2393
2420
2404
2434
2428
2358
2350
2382
2371
2378
2424
2435
2370
2378
2444
2378
2362
2453
2442
2419
2440
2431
2406
2385
2395
2407
2431
2414
2361
2388
2454
2406
2374
2408
2439
2420
2335
2358
2458
2415
2373
2428
2447
2410
2414
2424
2418
2420
2404
2372
2440
2475
2392
2403
2424
2316
2341
2412
2409
2393
2383
2405
2436
2357
2360
2428
2422
2358
2372
2398
2412
2407
2370
2394
2475
2406
2354
2426
2427
2374
2371
2390
2410
2421
2398
2406
2390
2398
2459
2423
2348
2338
2417
2445
2352
2390
2457
2395
2376
2409
2386
2374
2389
2377
2420
2442
2350
2378
2496
2419
2335
2408
2391
2357
2433
2390
2388
2482
2434
2339
2367
2404
2386
2401
2454
2407
2370
2397
2410
2407
2414
2372
2332
2390
2422
2417
2402
2414
2406
2371
2437
2453
2363
2371
2423
2447
2404
2362
2394
2420
2374
2365
2423
2392
2363
2405
2386
2358
2409
2393
2347
2388
2407
2371
2386
2412
2396
2380
2383
2375
2402
2455
2431
2389
2402
2392
2389
2393
2394
2416
2432
2375
2383
2454
2421
2382
2477
2429
2339
2386
2412
2380
2409
2426
2387
2402
2425
2387
2383
2387
2393
2395
2431
2441
2392
2415
2425
2377
2365
2410
2408
2398
2388
2398
2432
2388
2378
2420
2411
2383
2426
2457
2372
2363
2418
2361
2366
2429
2360
2372
2462
2397
2379
2440
2400
2389
2388
2347
2410
2410
2314
2380
2437
2364
2389
2451
2409
2392
2417
2431
2432
2375
2359
2396
2383
2371
2385
2377
2395
2411
2422
2399
2363
2417
2455
2396
2396
2431
2417
2392
2414
2426
2398
2406
2425
2405
2393
2393
2389
2426
2421
2374
2453
2459
2348
2350
2436
2442
2365
2339
2413
2467
2384
2338
2433
2447
2371
2377
2423
2420
2384
2361
2389
2426
2401
2375
2430
2432
2388
2387
2381
2369
2398
2442
2447
2367
2321
2410
2433
2356
2367
2395
2392
2420
2375
2377
2432
2365
2344
2428
2412
2411
2450
2403
2402
2469
2379
2352
2453
2425
2320
2389
2444
2419
2433
2373
2351
2427
2401
2349
2422
2391
2338
2390
2389
2377
2396
2383
2365
2369
2363
2376
2374
2397
2464
2432
2362
2417
2417
2363
2384
2404
2416
2384
2365
2435
2404
2350
2422
2441
2379
2383
2390
2391
2402
2395
2432
2393
2339
2379
2404
2415
2432
2414
2434
2427
2365
2392
2425
2366
2383
2425
2378
2368
2415
2396
2358
2358
2392
2426
2406
2395
2429
2396
2369
2407
2412
2396
2379
2419
2453
2380
2389
2443
2378
2340
2398
2396
2374
2391
2402
2425
2442
2388
2347
2424
2458
2434
2406
2365
2405
2455
2397
2386
2436
2391
2348
2394
2406
2423
2446
2407
2430
2444
2368
2388
2446
2382
2368
2475
2469
2390
2379
2430
2468
2375
2330
2406
2451
2419
2347
2330
2420
2431
2378
2398
2405
2366
2389
2421
2404
2408
2402
2378
2409
2378
2337
2437
2480
2418
2419
2397
2419
2427
2347
2366
2439
2404
2378
2390
2398
2447
2442
2365
2381
2415
2417
2419
2392
2403
2381
2374
2414
2398
2369
2417
2441
2387
2387
2424
2450
2424
2371
2379
2414
2414
2361
2376
2422
2392
2375
2405
2406
2392
2364
2359
2380
2391
2410
2417
2394
2389
2412
2408
2410
2389
2404
2416
2380
2374
2380
2409
2434
2411
2398
2409
2402
2385
2405
2394
2339
2358
2422
2411
2389
2411
2402
2370
2378
2415
2417
2367
2389
2451
2372
2378
2451
2418
2392
2398
2361
2383
2381
2370
2395
2402
2387
2404
2404
2382
2417
2406
2361
2416
2394
2362
2444
2416
2339
2417
2440
2361
2415
2461
2408
2421
2409
2331
2397
2465
2388
2351
2424
2405
2368
2440
2468
2388
2395
2415
2383
2413
2396
2380
2434
2394
2393
2436
2409
2368
2410
2441
2406
2363
2364
2409
2432
2416
2424
2399
2382
2402
2392
2391
2420
2419
2379
2363
2376
2411
2419
2377
2395
2421
2374
2378
2426
2404
2366
2379
2400
2382
2388
2424
2433
2411
2377
2386
2446
2430
2386
2395
2417
2400
2421
2401
2351
2383
2422
2394
2395
2418
2362
2369
2451
2428
2377
2377
2441
2449
2375
2376
2384
2357
2411
2434
2368
2391
2444
2384
2376
2433
2386
2375
2416
2408
2397
2443
2436
2385
2401
2397
2354
2390
2421
2409
2427
2390
2368
2440
2434
2413
2436
2395
2418
2432
2377
2435
2460
2366
2363
2444
2416
2320
2362
2420
2396
2425
2410
2350
2425
2445
2321
2375
2445
2359
2389
2438
2397
2401
2400
2356
2397
2390
2396
2451
2391
2325
2429
2455
2382
2375
2394
2384
2376
2410
2421
2393
2393
2405
2401
2384
2382
2379
2433
2418
2361
2405
2408
2361
2424
2441
2360
2401
2428
2375
2408
2373
2358
2467
2462
2341
2377
2411
2372
2409
2400
2389
2453
2414
2326
2424
2491
2365
2356
2424
2363
2360
2426
2373
2371
2421
2380
2402
2417
2387
2434
2442
2362
2362
2394
2382
2416
2411
2402
2412
2393
2378
2423
2416
2349
2401
2446
2363
2386
2437
2400
2372
2396
2398
2378
2396
2433
2397
2343
2327
2379
2407
2366
2390
2415
2396
2427
2435
2394
2406
2398
2373
2430
2445
2389
2396
2395
2382
2409
2431
2378
2378
2428
2406
2403
2438
2414
2358
2376
2414
2406
2379
2408
2396
2336
2391
2401
2356
2427
2410
2337
2390
2422
2407
2431
2365
2336
2423
2396
2392
2487
2402
2354
2469
2427
2356
2407
2422
2426
2396
2388
2434
2417
2390
2415
2371
2371
2443
2407
2337
2388
2403
2352
2382
2393
2367
2416
2446
2389
2370
2382
2400
2434
2390
2401
2462
2419
2384
2432
2397
2383
2423
2411
2383
2388
2411
2424
2407
2416
2427
2423
2475
2456
2390
2402
2411
2394
2388
2385
2384
2418
2394
2342
2380
2422
2404
2404
2355
2388
2441
2441
2442
2406
2367
2442
2430
2347
2399
2407
2363
2389
2425
2427
2399
2412
2422
2407
2432
2459
2423
2392
2413
2473
2466
2352
2339
2434
2416
2362
2412
2435
2389
2382
2415
2407
2435
2458
2363
2354
2460
2426
2350
2429
2465
2435
2421
2418
2455
2410
2340
2337
2437
2453
2363
2372
2433
2386
2346
2413
2455
2416
2360
2370
2438
2405
2354
2447
2472
2382
2385
2437
2385
2361
2406
2411
2395
2447
2492
2435
2364
2372
2397
2392
2374
2381
2420
2391
2388
2449
2404
2386
2422
2410
2392
2386
2402
2404
2378
2360
2401
2470
2404
2372
2404
2396
2377
2390
2421
2400
2377
2382
2379
2401
2437
2406
2349
2442
2452
2368
2443
2468
2331
2372
2430
2351
2372
2440
2404
2388
2418
2411
2404
2387
2402
2420
2423
2400
2349
2379
2435
2409
2405
2469
2403
2288
2381
2464
2355
2363
2470
2411
2361
2408
2431
2453
2379
2307
2425
2481
2391
2411
2441
2355
2377
2451
2399
2380
2397
2382
2378
2448
2454
2386
2358
2360
2357
2369
2371
2394
2375
2360
2423
2394
2388
2440
2403
2407
2425
2386
2379
2446
2423
2386
2404
2395
2388
2405
2397
2377
2389
2405
2374
2414
2435
2374
2391
2415
2337
2357
2467
2456
2380
2387
2437
2475
2449
2399
2445
2436
2365
2390
2447
2435
2428
2406
2369
2422
2462
2398
2362
2424
2437
2368
2348
2372
2438
2428
2369
2371
2388
2385
2396
2400
2400
2393
2420
2432
2373
2354
2399
2399
2384
2395
2356
2386
2410
2393
2394
2380
2414
2455
2396
2401
2463
2405
2368
2404
2392
2381
2421
2419
2392
2397
2389
2429
2420
2418
2428
2420
2397
2401
2402
2401
2418
2403
2343
2347
2382
2420
2420
2382
2380
2416
2417
2393
2358
2373
2440
2426
2376
2428
2422
2345
2375
2411
2382
2410
2411
2356
2375
2433
2430
2403
2375
2383
2371
2356
2354
2372
2405
2429
2406
2425
2395
2366
2453
2440
2325
2379
2472
2409
2365
2380
2440
2474
2423
2396
2433
2392
2353
2421
2414
2363
2383
2430
2419
2344
2340
2423
2389
2337
2432
2472
2382
2388
2434
2405
2366
2386
2432
2411
2354
2405
2408
2361
2381
2420
2419
2392
2405
2460
2443
2371
2418
2448
2361
2367
2422
2410
2425
2421
2393
2441
2447
2368
2399
2418
2385
2440
2447
2326
2355
2440
2426
2399
2408
2413
2398
2433
2441
2381
2376
2367
2376
2422
2400
2348
2368
2463
2462
2397
2415
2428
2379
2422
2459
2381
2381
2416
2381
2415
2423
2388
2408
2401
2413
2445
2418
2405
2401
2395
2386
2400
2413
2416
2398
2401
2433
2417
2404
2391
2381
2419
2418
2379
2389
2382
2368
2387
2393
2419
2442
2395
2410
2433
2389
2375
2406
2390
2410
2440
2384
2358
2361
2347
2386
2416
2381
2397
2470
2414
2351
2456
2446
2338
2406
2475
2381
2358
2426
2426
2414
2400
2386
2438
2393
2333
2413
2435
2366
2390
2395
2377
2432
2457
2379
2390
2420
2356
2384
2426
2365
2369
2409
2401
2437
2426
2386
2418
2429
2400
2383
2409
2385
2365
2429
2420
2349
2377
2388
2374
2419
2392
2377
2420
2397
2402
2443
2350
2349
2469
2426
2411
2453
2384
2374
2454
2361
2355
2469
2418
2338
2351
2374
2438
2410
2341
2403
2437
2384
2400
2441
2375
2315
2390
2426
2409
2424
2419
2402
2407
2376
2400
2433
2385
2346
2389
2470
2419
2359
2427
2430
2350
2360
2459
2444
2373
2410
2438
2404
2415
2426
2427
2424
2379
2349
2409
2399
2343
2359
2385
2401
2402
2352
2388
2430
2417
2411
2438
2427
2403
2430
2402
2347
2357
2384
2406
2400
2385
2417
2389
2388
2452
2394
2358
2432
2398
2379
2475
2418
2321
2384
2439
2388
2372
2402
2414
2415
2389
2381
2443
2442
2360
2404
2449
2360
2359
2432
2382
2341
2388
2397
2383
2385
2394
2438
2430
2340
2374
2435
2310
2304
2480
2444
2353
2403
2416
2427
2447
2363
2359
2437
2383
2398
2468
2380
2380
2404
2374
2412
2434
2379
2396
2378
2373
2425
2407
2385
2433
2435
2377
2398
2449
2420
2435
2411
2335
2349
2429
2438
2389
2422
2407
2348
2387
2452
2416
2387
2409
2396
2450
2449
2382
2399
2389
2374
2437
2397
2368
2387
2378
2406
2409
2372
2416
2377
2310
2413
2453
2357
2359
2406
2398
2408
2403
2356
2413
2486
2424
2392
2419
2412
2381
2418
2433
2386
2409
2407
2380
2364
2395
2417
2418
2405
2381
2397
2427
2409
2353
2399
2410
2329
2415
2488
2349
2349
2465
2413
2333
2390
2442
2382
2403
2439
2379
2390
2438
2423
2439
2405
2372
2437
2452
2368
2385
2455
2404
2375
2428
2415
2396
2401
2375
2376
2424
2452
2419
2389
2420
2446
2416
2369
2406
2444
2402
2405
2397
2374
2417
2417
2374
2438
2424
2342
2406
2443
2363
2368
2431
2394
2354
2361
2418
2432
2402
2407
2444
2408
2379
2429
2412
2357
2424
2466
2393
2371
2393
2399
2448
2420
2384
2417
2448
2411
2381
2385
2395
2397
2407
2412
2400
2371
2371
2426
2443
2374
2385
2402
2361
2354
2395
2405
2419
2453
2438
2387
2433
2462
2391
2365
2393
2380
2401
2432
2398
2377
2399
2426
2418
2388
2405
2405
2352
2411
2421
2340
2362
2413
2421
2392
2370
2408
2433
2399
2406
2413
2379
2377
2446
2443
2388
2407
2441
2410
2411
2437
2404
2393
2468
2399
2354
2449
2427
2324
2380
2458
2452
2431
2443
2441
2405
2373
2416
2418
2387
2412
2383
2395
2425
2377
2386
2413
2376
2415
2431
2418
2419
2382
2366
2429
2506
2442
2349
2377
2433
2394
2400
2405
2352
2413
2454
2383
2384
2414
2376
2380
2432
2367
2343
2421
2432
2378
2383
2383
2348
2414
2468
2399
2402
2411
2386
2397
2407
2388
2411
2435
2407
2414
2430
2391
2423
2464
2390
2368
2448
2414
2369
2447
2450
2402
2405
2405
2390
2407
2369
2344
2404
2413
2384
2420
2362
2299
2412
2442
2325
2363
2458
2384
2348
2408
2406
2376
2409
2422
2369
2381
2424
2419
2366
2331
2390
2442
2419
2412
2446
2438
2413
2383
2367
2407
2385
2357
2424
2414
2367
2400
2405
2379
2414
2431
2393
2387
2408
2439
2436
2368
2387
2450
2429
2365
2371
2430
2405
2355
2419
2460
2373
2387
2439
2352
2329
2388
2424
2394
2388
2427
2396
2361
2431
2440
2383
2418
2430
2382
2411
2431
2435
2407
2388
2393
2399
2406
2399
2395
2420
2427
2391
2409
2422
2382
2417
2450
2422
2392
2377
2421
2490
2421
2357
2450
2416
2346
2405
2438
2407
2393
2380
2382
2423
2423
2380
2371
2417
2419
2345
2391
2427
2374
2416
2471
2418
2377
2391
2417
2437
2391
2386
2416
2406
2406
2445
2394
2358
2446
2411
2346
2420
2413
2365
2416
2444
2399
2375
2365
2419
2394
2309
2388
2467
2381
2374
2422
2417
2405
2412
2367
2373
2409
2422
2422
2372
2367
2435
2390
2352
2442
2446
2389
2416
2410
2352
2330
2396
2448
2404
2375
2402
2397
2390
2395
2384
2427
2431
2346
2380
2455
2400
2378
2425
2399
2384
2393
2388
2423
2384
2370
2415
2389
2380
2447
2443
2375
2381
2428
2378
2345
2408
2437
2402
2371
2381
2394
2380
2368
2403
2426
2380
2363
2412
2404
2386
2382
2363
2363
2422
2449
2407
2392
2431
2421
2402
2408
2423
2403
2383
2401
2412
2378
2358
2403
2433
2423
2434
2435
2415
2403
2348
2346
2456
2457
2371
2423
2434
2378
2424
2425
2374
2414
2401
2396
2433
2388
2402
2459
2409
2388
2451
2389
2357
2460
2430
2370
2431
2465
2401
2368
2400
2397
2376
2387
2391
2387
2422
2427
2359
2383
2407
2345
2358
2420
2400
2337
2373
2373
2370
2439
2370
2317
2445
2421
2334
2417
2387
2340
2469
2426
2333
2418
2412
2372
2419
2427
2386
2363
2385
2436
2420
2381
2394
2406
2425
2433
2423
2421
2418
2421
2417
2384
2394
2408
2365
2366
2399
2404
2380
2386
2380
2358
2401
2448
2417
2392
2407
2395
2404
2398
2366
2370
2404
2389
2384
2437
2436
2406
2416
2382
2386
2426
2352
2336
2473
2410
2292
2390
2438
2361
2371
2423
2403
2371
2380
2395
2421
2396
2376
2445
2427
2349
2366
2424
2414
2393
2410
2439
2443
2350
2352
2443
2415
2381
2408
2404
2422
2427
2363
2400
2436
2356
2373
2439
2367
2372
2466
2447
2348
2353
2438
2400
2391
2448
2371
2361
2438
2374
2356
2452
2439
2365
2420
2438
2351
2362
2431
2394
2373
2415
2376
2353
2416
2439
2392
2402
2381
2335
2390
2435
2365
2363
2442
2409
2286
2370
2454
2391
2394
2384
2387
2453
2415
2368
2419
2422
2396
2409
2410
2428
2432
2367
2382
2421
2385
2376
2432
2417
2393
2423
2394
2406
2443
2378
2342
2364
2417
2434
2406
2395
2413
2393
2385
2418
2406
2390
2391
2420
2422
2379
2429
2428
2341
2374
2410
2342
2386
2438
2352
2388
2468
2368
2318
2397
2371
2346
2413
2388
2384
2416
2415
2410
2368
2390
2408
2352
2392
2420
2341
2364
2427
2395
2432
2433
2382
2380
2420
2439
2390
2398
2444
2402
2366
2393
2354
2380
2448
2388
2386
2433
2409
2397
2428
2412
2359
2374
2453
2406
2336
2383
2435
2408
2412
2434
2410
2425
2440
2414
2387
2366
2422
2447
2354
2381
2441
2410
2394
2413
2407
2426
2440
2406
2386
2409
2361
2335
2424
2416
2343
2382
2440
2404
2385
2403
2381
2399
2453
2390
2350
2418
2391
2362
2410
2395
2386
2423
2421
2406
2383
2375
2424
2448
2384
2392
2423
2398
2399
2403
2397
2378
2386
2414
2399
2360
2410
2439
2362
2355
2410
2409
2380
2389
2430
2454
2418
2379
2401
2417
2393
2391
2421
2439
2375
2360
2432
2415
2381
2380
2350
2351
2401
2400
2374
2408
2396
2351
2384
2435
2407
2321
2356
2434
2392
2354
2390
2402
2414
2425
2391
2372
2417
2388
2360
2420
2412
2367
2425
2418
2380
2381
2356
2366
2399
2365
2371
2400
2350
2391
2456
2391
2390
2427
2408
2427
2388
2322
2414
2448
2369
2385
2426
2385
2399
2396
2372
2407
2416
2381
2359
2356
2423
2441
2385
2390
2385
2366
2352
2408
2486
2469
2419
2416
2416
2403
2418
2402
2400
2416
2384
2407
2436
2373
2392
2403
2346
2384
2428
2417
2397
2361
2376
2426
2419
2399
2413
2414
2372
2389
2425
2425
2420
2366
2383
2416
2359
2375
2439
2389
2368
2436
2416
2381
2407
2436
2392
2367
2403
2373
2320
2393
2451
2360
2320
2385
2382
2363
2398
2422
2382
2324
2374
2425
2396
2386
2410
2390
2413
2452
2391
2370
2424
2413
2356
2360
2416
2407
2380
2417
2429
2406
2408
2425
2396
2421
2467
2403
2346
2377
2407
2382
2337
2376
2429
2391
2374
2438
2409
2382
2411
2411
2437
2430
2391
2429
2441
2426
2466
2450
2384
2429
2450
2359
2354
2419
2400
2370
2387
2409
2388
2337
2389
2463
2413
2331
2360
2416
2403
2362
2360
2392
2401
2395
2393
2400
2411
2432
2426
2439
2408
2341
2385
2450
2415
2368
2386
2420
2428
2389
2361
2384
2414
2422
2414
2423
2390
2363
2389
2380
2405
2413
2352
2391
2416
2372
2396
2419
2383
2407
2424
2394
2399
2375
2361
2369
2378
2395
2409
2380
2406
2428
2382
2359
2425
2439
2384
2379
2389
2406
2432
2417
2376
2350
2350
2378
2391
2404
2442
2398
2366
2405
2407
2382
2395
2370
2349
2387
2374
2358
2377
2369
2370
2403
2424
2404
2370
2370
2415
2417
2370
2416
2430
2363
2410
2461
2372
2325
2413
2419
2332
2336
2423
2400
2349
2415
2423
2343
2371
2423
2372
2351
2413
2425
2410
2394
2388
2391
2401
2413
2419
2385
2382
2404
2426
2403
2390
2403
2389
2393
2412
2374
2381
2421
2407
2372
2365
2391
2416
2374
2356
2419
2456
2389
2354
2394
2417
2405
2425
2421
2369
2386
2406
2402
2386
2391
2465
2432
2360
2426
2422
2394
2406
2343
2355
2496
2464
2353
2400
2432
2364
2340
2385
2388
2382
2425
2423
2395
2404
2399
2423
2425
2374
2382
2395
2409
2405
2370
2420
2457
2398
2391
2428
2400
2378
2367
2405
2459
2446
2359
2375
2483
2405
2315
2418
2459
2400
2387
2430
2460
2389
2328
2379
2395
2352
2377
2422
2374
2398
2435
2353
2358
2443
2405
2368
2448
2421
2387
2428
2400
2415
2427
2357
2387
2401
2366
2400
2405
2357
2383
2394
2372
2404
2407
2406
2406
2414
2425
2387
2372
2439
2411
2337
2417
2452
2359
2405
2417
2339
2390
2428
2347
2383
2473
2401
2325
2404
2419
2375
2374
2379
2384
2387
2336
2375
2409
2373
2380
2410
2427
2403
2380
2377
2414
2445
2415
2389
2432
2421
2324
2365
2402
2315
2350
2465
2381
2313
2382
2378
2384
2421
2377
2340
2378
2416
2402
2387
2432
2443
2383
2386
2449
2435
2394
2407
2425
2397
2378
2423
2420
2397
2406
2407
2412
2398
2413
2415
2388
2402
2425
2406
2366
2404
2426
2421
2395
2362
2365
2378
2431
2422
2379
2408
2389
2355
2424
2417
2379
2421
2372
2342
2407
2435
2359
2374
2445
2380
2340
2444
2418
2318
2392
2438
2371
2395
2425
2402
2372
2361
2411
2453
2431
2390
2415
2411
2395
2425
2435
2392
2374
2397
2393
2396
2415
2401
2372
2393
2440
2403
2382
2426
2439
2419
2390
2418
2414
2404
2445
2424
2362
2414
2424
2397
2416
2405
2456
2441
2362
2406
2422
2370
2383
2412
2414
2436
2408
2352
2427
2451
2378
2387
2414
2391
2391
2409
2414
2384
2384
2391
2382
2401
2421
2400
2400
2395
2381
2390
2435
2455
2400
2404
2415
2388
2435
2402
2367
2448
2402
2327
2424
2411
2345
2444
2447
2357
2410
2408
2335
2418
2426
2358
2401
2445
2412
2375
2371
2414
2418
2407
2417
2389
2354
2416
2389
2350
2389
2338
2339
2443
2412
2333
2429
2427
2353
2409
2399
2332
2419
2437
2357
2353
2379
2374
2400
2387
2354
2422
2429
2410
2429
2380
2366
2452
2421
2349
2437
2438
2345
2365
2382
2410
2457
2398
2371
2444
2387
2321
2359
2389
2412
2415
2410
2397
2376
2389
2406
2383
2368
2398
2409
2387
2386
2422
2412
2370
2388
2431
2403
2396
2401
2386
2365
2417
2418
2317
2397
2415
2324
2434
2503
2372
2373
2446
2383
2347
2385
2435
2454
2417
2391
2399
2392
2361
2365
2403
2453
2424
2365
2393
2415
2358
2410
2513
2412
2344
2430
2390
2369
2451
2394
2382
2426
2371
2369
2396
2348
2370
2411
2427
2430
2412
2395
2377
2406
2392
2334
2362
2436
2411
2363
2421
2448
2380
2336
2434
2465
2366
2352
2416
2421
2395
2387
2355
2354
2366
2371
2395
2421
2418
2365
2368
2411
2400
2375
2344
2361
2444
2433
2389
2417
2389
2358
2416
2407
2386
2420
2377
2364
2417
2436
2420
2409
2391
2401
2398
2362
2393
2399
2361
2427
2460
2373
2416
2477
2378
2340
2418
2425
2377
2374
2394
2401
2403
2386
2395
2440
2423
2345
2374
2419
2417
2438
2428
2411
2394
2369
2410
2440
2401
2392
2419
2415
2361
2375
2428
2420
2426
2440
2402
2413
2427
2414
2438
2420
2366
2385
2409
2382
2399
2410
2406
2441
2451
2373
2367
2402
2393
2370
2391
2448
2385
2302
2412
2417
2328
2381
2447
2403
2377
2370
2419
2468
2405
2393
2452
2419
2383
2395
2408
2417
2393
2407
2426
2403
2392
2370
2358
2400
2449
2428
2379
2365
2416
2412
2353
2384
2460
2453
2406
2375
2412
2401
2371
2419
2424
2373
2368
2410
2425
2428
2430
2390
2372
2399
2429
2412
2379
2389
2406
2432
2427
2399
2438
2405
2334
2394
2444
2380
2425
2455
2382
2401
2458
2430
2366
2396
2406
2381
2371
2364
2387
2394
2341
2378
2417
2397
2390
2412
2413
2390
2400
2405
2399
2398
2402
2402
2381
2376
2411
2418
2383
2427
2429
2331
2374
2429
2398
2396
2363
2383
2429
2381
2400
2448
2364
2349
2402
2377
2390
2413
2389
2385
2417
2389
2368
2403
2432
2374
2345
2413
2433
2371
2386
2407
2402
2371
2374
2392
2407
2391
2374
2387
2422
2432
2416
2354
2363
2427
2354
2371
2466
2407
2373
2386
2350
2371
2392
2369
2422
2412
2366
2452
2426
2286
2367
2428
2397
2387
2388
2418
2415
2391
2415
2406
2400
2451
2414
2370
2419
2411
2373
2396
2402
2378
2388
2389
2377
2395
2408
2375
2386
2402
2404
2422
2400
2388
2389
2350
2401
2464
2407
2355
2411
2376
2348
2412
2432
2373
2393
2411
2395
2441
2442
2397
2393
2411
2368
2343
2419
2414
2358
2409
2407
2382
2429
2388
2357
2396
2394
2398
2413
2405
2453
2471
2401
2404
2443
2415
2415
2448
2432
2402
2405
2406
2385
2371
2399
2406
2371
2368
2427
2408
2335
2391
2423
2340
2369
2429
2367
2396
2450
2389
2361
2400
2391
2355
2352
2385
2417
2400
2417
2471
2442
2409
2386
2413
2463
2391
2339
2389
2376
2380
2456
2442
2401
2412
2375
2406
2447
2348
2349
2430
2381
2373
2400
2376
2409
2412
2367
2365
2383
2396
2381
2374
2418
2390
2362
2410
2436
2364
2320
2431
2462
2352
2355
2441
2432
2406
2398
2384
2413
2395
2325
2363
2430
2365
2347
2430
2432
2357
2419
2456
2389
2404
2454
2449
2389
2337
2386
2449
2389
2403
2491
2424
2365
2448
2451
2363
2386
2406
2367
2375
2400
2358
2382
2429
2436
2430
2392
2358
2409
2408
2356
2394
2401
2369
2402
2373
2349
2400
2414
2391
2403
2382
2372
2431
2432
2390
2420
2448
2379
2346
2402
2397
2361
2393
2419
2391
2370
2409
2410
2384
2404
2367
2367
2400
2381
2432
2453
2345
2397
2471
2329
2339
2469
2391
2394
2435
2373
2377
2435
2422
2397
2388
2375
2393
2411
2374
2378
2370
2392
2430
2447
2399
2378
2437
2407
2378
2436
2415
2365
2376
2411
2402
2409
2409
2397
2387
2376
2402
2404
2355
2395
2471
2402
2354
2381
2388
2400
2394
2397
2411
2366
2339
2407
2402
2377
2411
2423
2408
2396
2362
2438
2420
2356
2415
2460
2372
2356
2422
2397
2376
2421
2408
2367
2389
2369
2382
2412
2368
2373
2459
2413
2339
2414
2450
2354
2360
2440
2416
2331
2365
2432
2415
2406
2423
2391
2389
2416
2384
2387
2427
2435
2372
2374
2425
2398
2367
2370
2390
2416
2426
2436
2427
2407
2418
2399
2394
2387
2366
2374
2407
2409
2381
2409
2412
2357
2378
2412
2385
2395
2383
2365
2395
2438
2393
2355
2383
2429
2423
2410
2411
2392
2364
2355
2386
2441
2388
2320
2392
2437
2370
2339
2396
2416
2389
2403
2412
2404
2415
2430
2389
2349
2384
2426
2448
2437
2411
2394
2382
2385
2383
2405
2404
2345
2390
2422
2344
2391
2445
2346
2360
2406
2358
2374
2407
2377
2403
2394
2365
2451
2424
2330
2350
2419
2410
2410
2404
2356
2364
2406
2418
2399
2381
2345
2371
2416
2408
2422
2421
2390
2389
2394
2391
2381
2403
2369
2379
2475
2425
2359
2405
2415
2396
2427
2395
2351
2410
2445
2403
2401
2440
2422
2386
2387
2392
2392
2386
2379
2398
2454
2454
2401
2417
2424
2381
2390
2436
2437
2363
2360
2418
2416
2363
2384
2441
2432
2396
2386
2414
2405
2409
2439
2382
2319
2403
2474
2395
2376
2429
2391
2384
2406
2370
2355
2374
2382
2404
2425
2408
2410
2418
2423
2403
2415
2447
2391
2354
2438
2436
2378
2436
2440
2392
2400
2412
2379
2372
2351
2358
2401
2371
2354
2446
2410
2300
2367
2461
2387
2382
2404
2345
2380
2419
2387
2425
2383
2345
2413
2412
2387
2406
2397
2395
2404
2383
2403
2429
2412
2383
2370
2413
2424
2363
2383
2437
2387
2375
2430
2397
2374
2426
2447
2411
2371
2361
2405
2420
2370
2377
2415
2422
2345
2307
2410
2428
2354
2387
2451
2379
2344
2402
2417
2391
2399
2413
2406
2376
2378
2384
2377
2394
2424
2432
2407
2374
2390
2392
2389
2464
2433
2328
2419
2475
2387
2387
2440
2405
2351
2392
2472
2432
2340
2374
2460
2407
2357
2459
2440
2351
2390
2413
2362
2409
2437
2372
2391
2437
2390
2409
2435
2395
2410
2421
2401
2395
2397
2391
2390
2402
2443
2394
2356
2432
2440
2389
2423
2423
2370
2401
2398
2358
2382
2417
2403
2398
2422
2395
2338
2383
2412
2400
2464
2426
2383
2451
2427
2350
2408
2471
2428
2390
2436
2450
2380
2427
2445
2304
2409
2468
2306
2394
2495
2341
2335
2424
2354
2370
2425
2385
2379
2374
2367
2395
2412
2432
2393
2383
2424
2383
2348
2385
2370
2358
2403
2385
2358
2405
2457
2406
2348
2413
2454
2413
2396
2390
2399
2401
2402
2386
2372
2398
2425
2389
2421
2435
2400
2407
2393
2371
2362
2369
2389
2406
2392
2365
2389
2386
2352
2389
2418
2379
2404
2423
2363
2426
2415
2363
2432
2413
2379
2397
2392
2375
2360
2403
2452
2369
2330
2438
2466
2405
2453
2489
2426
2379
2409
2437
2406
2401
2406
2366
2367
2421
2390
2356
2420
2412
2359
2380
2388
2380
2409
2412
2377
2410
2415
2392
2388
2385
2397
2374
2359
2412
2381
2344
2419
2434
2344
2390
2478
2399
2373
2430
2405
2410
2411
2367
2427
2431
2361
2405
2447
2362
2364
2404
2376
2383
2403
2404
2426
2385
2353
2434
2413
2330
2354
2411
2444
2392
2373
2426
2429
2402
2384
2406
2410
2370
2382
2429
2373
2341
2408
2410
2382
2420
2381
2321
2364
2397
2362
2348
2385
2411
2402
2400
2424
2430
2412
2401
2395
2377
2380
2391
2382
2378
2398
2409
2350
2364
2411
2394
2370
2420
2413
2372
2387
2390
2417
2450
2424
2403
2425
2409
2386
2397
2413
2414
2378
2358
2389
2431
2414
2368
2370
2443
2443
2392
2423
2391
2328
2372
2430
2415
2341
2328
2405
2410
2370
2415
2421
2371
2434
2426
2342
2410
2472
2362
2349
2429
2411
2418
2428
2386
2384
2389
2398
2368
2363
2376
2394
2407
2403
2410
2408
2394
2391
2393
2384
2412
2435
2391
2402
2440
2394
2359
2373
2401
2383
2369
2407
2386
2398
2430
2374
2398
2463
2374
2348
2463
2388
2351
2449
2366
2352
2450
2416
2416
2461
2409
2369
2387
2403
2385
2357
2407
2438
2420
2408
2378
2353
2396
2417
2394
2403
2416
2392
2363
2426
2405
2343
2394
2441
2392
2341
2383
2427
2426
2412
2379
2420
2433
2401
2406
2418
2423
2418
2403
2368
2379
2426
2406
2397
2410
2409
2439
2429
2382
2382
2427
2415
2387
2387
2411
2383
2379
2431
2422
2382
2381
2371
2370
2388
2392
2388
2396
2385
2409
2445
2418
2400
2409
2351
2356
2429
2372
2324
2407
2433
2340
2340
2432
2400
2351
2389
2399
2377
2410
2419
2366
2399
2445
2412
2388
2373
2375
2420
2412
2422
2432
2378
2337
2404
2435
2363
2346
2446
2414
2359
2432
2415
2344
2411
2447
2348
2362
2435
2395
2420
2483
2457
2420
2407
2378
2419
2469
2394
2393
2451
2390
2350
2397
2414
2395
2418
2451
2422
2361
2380
2400
2389
2347
2326
2384
2395
2346
2359
2407
2380
2356
2400
2392
2409
2415
2372
2401
2402
2345
2411
2443
2383
2363
2407
2418
2393
2392
2444
2415
2349
2416
2439
2411
2435
2402
2374
2417
2401
2372
2451
2442
2354
2387
2424
2388
2438
2437
2356
2388
2436
2383
2404
2414
2369
2404
2453
2396
2371
2366
2366
2398
2408
2344
2351
2410
2409
2427
2393
2307
2362
2422
2403
2401
2408
2396
2402
2385
2393
2421
2380
2350
2415
2419
2378
2409
2407
2370
2358
2375
2443
2443
2407
2417
2403
2382
2394
2367
2362
2388
2363
2406
2453
2410
2400
2400
2345
2343
2408
2429
2391
2403
2424
2411
2407
2423
2408
2352
2385
2444
2420
2417
2448
2400
2392
2457
2429
2380
2413
2422
2381
2376
2379
2430
2417
2335
2394
2487
2417
2395
2413
2357
2395
2441
2390
2395
2392
2365
2406
2362
2329
2422
2460
2374
2363
2464
2447
2332
2402
2452
2384
2384
2401
2408
2403
2373
2368
2424
2417
2371
2402
2403
2353
2377
2406
2401
2415
2407
2415
2429
2384
2338
2353
2382
2369
2396
2443
2409
2381
2418
2417
2419
2422
2335
2337
2384
2359
2376
2429
2425
2381
2407
2418
2394
2400
2402
2394
2410
2389
2359
2388
2378
2331
2395
2460
2399
2426
2442
2366
2411
2451
2374
2404
2444
2394
2374
2421
2408
2360
2404
2451
2405
2370
2430
2429
2348
2355
2408
2410
2357
2376
2441
2438
2411
2383
2389
2408
2374
2363
2397
2385
2373
2423
2417
2393
2401
2392
2401
2426
2373
2375
2411
2376
2404
2444
2373
2381
2445
2359
2323
2410
2394
2351
2403
2438
2381
2359
2386
2399
2393
2394
2402
2394
2361
2408
2400
2369
2393
2401
2381
2413
2420
2382
2402
2429
2422
2379
2350
2400
2460
2389
2357
2403
2406
2399
2394
2425
2464
2396
2368
2442
2439
2350
2378
2404
2347
2367
2425
2399
2413
2426
2368
2339
2395
2448
2390
2356
2423
2435
2358
2388
2475
2401
2364
2444
2442
2384
2376
2399
2403
2409
2399
2393
2412
2384
2360
2374
2394
2418
2416
2389
2411
2419
2388
2414
2415
2406
2432
2383
2378
2433
2411
2392
2446
2441
2374
2378
2447
2431
2352
2364
2471
2446
2357
2414
2432
2372
2392
2440
2413
2418
2456
2381
2369
2446
2397
2302
2389
2471
2392
2362
2432
2429
2373
2394
2380
2363
2418
2409
2386
2411
2404
2362
2384
2408
2386
2380
2407
2404
2401
2431
2394
2401
2435
2347
2355
2438
2431
2377
2381
2412
2405
2403
2397
2424
2471
2413
2423
2446
2400
2428
2417
2345
2405
2430
2368
2390
2420
2390
2373
2401
2403
2397
2376
2388
2421
2401
2378
2425
2442
2403
2416
2407
2420
2437
2375
2394
2417
2373
2338
2398
2443
2410
2388
2431
2441
2358
2344
2413
2410
2384
2409
2417
2395
2400
2401
2374
2411
2443
2414
2408
2435
2415
2399
2411
2386
2383
2466
2436
2380
2399
2377
2327
2391
2434
2387
2379
2405
2410
2426
2392
2377
2464
2438
2334
2403
2462
2374
2381
2413
2358
2390
2423
2371
2426
2475
2404
2399
2417
2415
2393
2352
2337
2427
2405
2337
2392
2421
2402
2405
2388
2437
2469
2384
2366
2438
2368
2349
2421
2359
2366
2416
2361
2379
2454
2393
2374
2432
2411
2370
2365
2375
2400
2413
2396
2389
2409
2350
2342
2394
2425
2389
2357
2425
2455
2388
2374
2416
2434
2388
2408
2419
2349
2360
2444
2422
2339
2369
2441
2399
2380
2428
2377
2318
2399
2395
2315
2395
2460
2404
2445
2453
2385
2386
2356
2344
2442
2449
2347
2379
2463
2374
2339
2412
2397
2404
2436
2408
2403
2410
2380
2384
2432
2400
2358
2398
2440
2408
2364
2387
2413
2401
2394
2390
2398
2411
2410
2379
2419
2446
2382
2377
2494
2432
2316
2387
2372
2312
2376
2428
2360
2363
2371
2364
2411
2435
2362
2317
2412
2429
2379
2399
2386
2383
2438
2408
2374
2479
2460
2338
2390
2470
2435
2398
2429
2440
2413
2379
2361
2409
2398
2394
2402
2386
2366
2389
2421
2377
2371
2401
2398
2425
2426
2381
2401
2417
2395
2393
2391
2381
2408
2384
2370
2402
2371
2349
2386
2410
2434
2383
2373
2407
2401
2375
2375
2406
2394
2370
2420
2406
2342
2389
2432
2372
2401
2436
2373
2407
2392
2332
2387
2403
2359
2409
2395
2359
2434
2409
2378
2445
2415
2363
2428
2440
2380
2359
2388
2396
2390
2359
2411
2449
2405
2386
2445
2442
2385
2401
2407
2418
2426
2379
2386
2460
2386
2320
2394
2384
2334
2386
2399
2346
2380
2396
2353
2411
2436
2366
2397
2446
2381
2366
2399
2382
2417
2418
2383
2419
2447
2395
2328
2364
2409
2400
2410
2405
2404
2435
2408
2413
2404
2348
2421
2446
2360
2394
2436
2396
2411
2360
2316
2421
2411
2352
2418
2398
2398
2451
2421
2374
2420
2463
2419
2368
2361
2400
2407
2390
2421
2423
2395
2371
2386
2420
2390
2400
2460
2392
2352
2404
2402
2338
2373
2406
2353
2363
2402
2394
2414
2438
2396
2389
2380
2382
2418
2372
2356
2410
2384
2357
2412
2418
2381
2408
2417
2389
2394
2361
2372
2442
2393
2383
2432
2380
2359
2393
2355
2381
2407
2367
2400
2406
2369
2391
2400
2389
2407
2398
2417
2443
2409
2375
2369
2411
2380
2307
2388
2442
2361
2356
2385
2384
2442
2389
2359
2467
2405
2314
2423
2463
2398
2397
2397
2386
2393
2390
2446
2426
2368
2405
2409
2370
2384
2388
2385
2405
2389
2374
2425
2389
2354
2404
2391
2390
2392
2379
2401
2418
2393
2366
2370
2378
2407
2414
2386
2387
2417
2396
2348
2349
2390
2402
2356
2369
2434
2447
2391
2357
2372
2408
2436
2409
2410
2430
2372
2362
2398
2399
2367
2386
2395
2391
2429
2418
2381
2373
2386
2402
2411
2417
2442
2424
2374
2416
2454
2388
2410
2459
2376
2342
2436
2426
2364
2387
2397
2378
2415
2403
2339
2404
2432
2363
2420
2472
2378
2389
2430
2359
2370
2415
2374
2422
2460
2356
2396
2464
2342
2334
2440
2377
2334
2467
2457
2395
2428
2409
2400
2421
2355
2366
2422
2377
2338
2393
2433
2366
2373
2444
2401
2380
2423
2378
2367
2433
2411
2383
2396
2386
2371
2393
2439
2420
2403
2460
2433
2361
2429
2428
2360
2376
2405
2400
2399
2384
2391
2386
2393
2416
2383
2379
2443
2426
2370
2394
2423
2410
2376
2390
2427
2387
2347
2395
2392
2329
2390
2435
2386
2384
2404
2386
2403
2443
2433
2437
2439
2413
2426
2418
2398
2406
2421
2415
2440
2435
2395
2384
2438
2407
2376
2436
2405
2386
2454
2434
2344
2376
2412
2394
2441
2402
2346
2435
2458
2384
2402
2442
2379
2367
2400
2378
2410
2383
2379
2453
2422
2373
2440
2421
2339
2421
2450
2320
2343
2432
2421
2410
2396
2393
2387
2371
2417
2434
2372
2395
2442
2390
2358
2418
2424
2392
2392
2415
2394
2386
2437
2377
2343
2435
2424
2362
2403
2388
2357
2407
2424
2426
2401
2370
2447
2389
2356
2451
2447
2383
2397
2425
2385
2342
2392
2411
2422
2435
2390
2379
2397
2410
2396
2392
2371
2376
2443
2395
2351
2428
2415
2365
2406
2397
2343
2403
2433
2350
2410
2447
2364
2420
2462
2365
2376
2440
2369
2340
2397
2403
2339
2331
2418
2410
2324
2363
2480
2423
2386
2465
2449
2385
2429
2414
2377
2443
2438
2362
2388
2432
2402
2367
2388
2402
2385
2349
2393
2440
2410
2371
2438
2454
2397
2383
2386
2407
2437
2398
2361
2391
2392
2374
2411
2414
2387
2395
2420
2362
2366
2380
2390
2427
2393
2369
2425
2402
2354
2388
2399
2405
2427
2375
2403
2427
2356
2377
2408
2348
2332
2401
2408
2343
2339
2370
2352
2357
2390
2409
2428
2420
2373
2345
2407
2429
2357
2385
2394
2381
2400
2405
2413
2436
2385
2362
2431
2442
2403
2409
2416
2374
2346
2388
2392
2377
2390
2398
2434
2427
2365
2395
2440
2427
2385
2371
2416
2412
2379
2432
2462
2371
2393
2433
2363
2384
2468
2424
2400
2426
2432
2418
2392
2363
2386
2453
2422
2372
2438
2430
2324
2370
2466
2409
2405
2404
2385
2449
2454
2392
2349
2349
2422
2436
2395
2441
2456
2367
2377
2453
2427
2385
2412
2447
2413
2420
2395
2342
2424
2403
2306
2381
2450
2384
2358
2386
2374
2394
2424
2406
2393
2402
2367
2376
2445
2400
2393
2435
2418
2370
2357
2412
2417
2400
2376
2384
2415
2394
2389
2401
2411
2444
2443
2391
2383
2427
2414
2417
2411
2383
2422
2422
2389
2415
2434
2396
2440
2473
2364
2368
2443
2433
2392
2388
2388
2426
2413
2340
2379
2412
2342
2376
2441
2410
2404
2420
2385
2355
2379
2412
2397
2371
2400
2443
2418
2341
2372
2420
2397
2402
2408
2389
2389
2407
2359
2398
2430
2373
2373
2462
2404
2311
2410
2455
2366
2366
2402
2436
2429
2363
2382
2452
2390
2369
2440
2405
2358
2434
2452
2392
2376
2404
2378
2404
2434
2365
2353
2447
2415
2343
2410
2441
2398
2386
2377
2405
2385
2371
2400
2410
2414
2409
2367
2345
2410
2454
2380
2363
2390
2365
2384
2434
2399
2370
2424
2459
2453
2437
2403
2385
2413
2405
2366
2402
2451
2394
2359
2396
2445
2444
2405
2412
2447
2409
2327
2338
2433
2424
2353
2392
2462
2425
2352
2330
2388
2436
2364
2367
2462
2425
2320
2357
2444
2400
2396
2452
2437
2386
2416
2425
2403
2398
2364
2393
2428
2312
2329
2468
2451
2403
2389
2348
2382
2414
2368
2396
2400
2374
2380
2381
2433
2443
2361
2395
2440
2404
2404
2409
2389
2383
2381
2403
2433
2384
2376
2411
2411
2406
2430
2397
2374
2448
2423
2366
2423
2413
2355
2352
2391
2405
2399
2377
2405
2435
2359
2396
2474
2385
2370
2418
2399
2375
2397
2383
2394
2394
2373
2419
2432
2410
2431
2415
2383
2422
2416
2375
2392
2419
2377
2373
2423
2443
2401
2387
2458
2455
2385
2394
2392
2392
2377
2333
2367
2432
2414
2402
2416
2371
2413
2408
2364
2446
2424
2340
2390
2418
2412
2385
2370
2430
2423
2346
2384
2433
2419
2398
2384
2375
2400
2398
2378
2393
2384
2346
2393
2429
2440
2441
2370
2379
2422
2401
2375
2373
2415
2414
2381
2413
2444
2393
2382
2413
2384
2384
2454
2414
2354
2393
2420
2394
2415
2418
2384
2402
2417
2389
2434
2417
2368
2450
2440
2330
2386
2446
2371
2372
2456
2393
2348
2418
2406
2426
2440
2343
2379
2464
2395
2386
2421
2344
2362
2471
2394
2332
2460
2446
2374
2413
2418
2380
2389
2400
2418
2394
2366
2419
2447
2400
2352
2357
2415
2413
2373
2389
2415
2422
2398
2377
2404
2403
2398
2409
2364
2391
2452
2408
2438
2456
2388
2440
2480
2404
2398
2407
2390
2411
2373
2377
2430
2417
2379
2403
2414
2414
2426
2395
2370
2374
2385
2398
2410
2378
2383
2466
2402
2370
2483
2446
2349
2413
2453
2383
2395
2456
2370
2332
2392
2388
2398
2400
2421
2429
2385
2386
2421
2407
2363
2392
2461
2442
2355
2378
2446
2392
2343
2408
2423
2366
2382
2444
2422
2382
2403
2422
2423
2413
2359
2384
2450
2391
2342
2406
2411
2367
2391
2427
2420
2402
2390
2365
2385
2436
2437
2365
2382
2414
2369
2363
2406
2397
2386
2422
2385
2341
2396
2405
2381
2427
2414
2369
2399
2415
2366
2366
2371
2373
2373
2397
2381
2339
2366
2405
2410
2417
2405
2402
2432
2410
2403
2448
2430
2357
2369
2439
2400
2387
2435
2420
2383
2403
2409
2430
2403
2368
2405
2417
2384
2376
2335
2363
2414
2340
2354
2456
2381
2321
2445
2423
2326
2402
2460
2428
2373
2378
2409
2410
2373
2390
2430
2392
2363
2379
2374
2400
2412
2361
2352
2424
2430
2391
2382
2422
2436
2404
2427
2448
2403
2359
2427
2444
2383
2420
2387
2333
2408
2394
2309
2393
2442
2393
2404
2432
2431
2354
2356
2449
2421
2349
2391
2426
2384
2363
2386
2435
2425
2329
2411
2507
2378
2326
2470
2457
2318
2363
2437
2417
2352
2356
2423
2406
2353
2372
2412
2400
2377
2406
2403
2377
2367
2391
2396
2399
2398
2392
2403
2395
2381
2406
2446
2446
2402
2401
2415
2413
2422
2392
2359
2423
2462
2431
2445
2439
2410
2405
2405
2413
2401
2370
2403
2430
2360
2375
2434
2410
2355
2369
2405
2389
2365
2380
2414
2428
2406
2379
2359
2367
2344
2361
2422
2398
2360
2437
2464
2406
2400
2413
2392
2403
2410
2414
2431
2414
2370
2419
2452
2386
2385
2426
2390
2368
2366
2390
2424
2404
2382
2404
2383
2388
2454
2398
2388
2461
2396
2324
2429
2445
2407
2430
2343
2373
2487
2422
2377
2432
2441
2419
2395
2381
2436
2403
2321
2377
2395
2394
2381
2386
2392
2394
2365
2350
2366
2383
2412
2424
2405
2393
2410
2407
2384
2361
2375
2434
2405
2383
2431
2364
2334
2432
2379
2313
2412
2458
2359
2369
2424
2395
2388
2360
2349
2429
2414
2321
2392
2443
2356
2360
2417
2377
2384
2442
2418
2379
2410
2440
2419
2389
2417
2432
2356
2375
2437
2390
2399
2444
2363
2364
2408
2388
2443
2431
2354
2384
2398
2342
2395
2456
2427
2415
2404
2407
2431
2440
2403
2375
2436
2438
2364
2424
2438
2391
2419
2440
2418
2380
2367
2439
2443
2353
2394
2427
2329
2393
2476
2406
2381
2400
2424
2456
2408
2363
2434
2410
2378
2472
2455
2362
2357
2393
2387
2383
2395
2396
2411
2364
2373
2413
2377
2376
2396
2372
2374
2403
2403
2452
2450
2361
2368
2403
2373
2372
2418
2395
2374
2402
2395
2369
2357
2378
2403
2372
2352
2363
2364
2400
2440
2409
2375
2392
2401
2405
2432
2404
2368
2408
2413
2396
2416
2388
2397
2444
2352
2363
2470
2381
2334
2445
2425
2374
2387
2378
2370
2431
2452
2407
2381
2379
2385
2386
2381
2414
2400
2347
2409
2476
2388
2349
2435
2444
2381
2364
2415
2427
2397
2397
2391
2372
2397
2397
2371
2405
2422
2389
2373
2423
2418
2355
2352
2391
2430
2451
2417
2387
2389
2402
2422
2366
2378
2402
2373
2385
2417
2395
2401
2412
2385
2382
2418
2427
2405
2364
2381
2384
2380
2371
2399
2415
2404
2407
2424
2398
2376
2357
2385
2451
2434
2365
2366
2402
2414
2384
2344
2397
2442
2394
2369
2408
2409
2385
2394
2401
2446
2431
2402
2437
2391
2366
2451
2450
2365
2366
2372
2369
2422
2393
2389
2419
2399
2395
2413
2426
2428
2371
2388
2421
2376
2374
2422
2444
2431
2360
2338
2408
2402
2355
2398
2404
2390
2432
2413
2362
2394
2414
2407
2408
2433
2405
2356
2384
2406
2376
2410
2458
2395
2352
2410
2410
2395
2416
2378
2368
2432
2397
2340
2414
2441
2366
2389
2432
2412
2416
2426
2420
2406
2382
2367
2409
2444
2384
2377
2452
2427
2380
2421
2424
2423
2412
2361
2359
2413
2417
2397
2409
2359
2358
2474
2463
2360
2390
2415
2390
2394
2383
2376
2420
2418
2373
2414
2447
2396
2389
2414
2429
2418
2409
2401
2390
2409
2394
2380
2415
2414
2406
2415
2397
2380
2384
2392
2398
2407
2344
2352
2423
2400
2373
2406
2422
2356
2339
2418
2414
2376
2375
2410
2423
2409
2432
2405
2400
2415
2343
2355
2420
2381
2352
2398
2415
2393
2375
2377
2399
2400
2372
2383
2426
2411
2337
2365
2431
2395
2397
2441
2368
2354
2403
2388
2381
2370
2396
2433
2408
2371
2376
2408
2408
2368
2413
2422
2355
2419
2437
2366
2417
2416
2356
2423
2420
2325
2393
2427
2340
2370
2419
2364
2404
2432
2360
2369
2418
2381
2356
2420
2445
2348
2328
2425
2445
2399
2387
2406
2393
2375
2421
2439
2373
2393
2406
2360
2405
2373
2310
2401
2429
2362
2398
2432
2354
2369
2442
2427
2372
2376
2387
2382
2412
2376
2375
2439
2416
2370
2394
2386
2409
2444
2379
2347
2389
2397
2398
2385
2354
2409
2421
2386
2410
2420
2398
2414
2422
2389
2380
2365
2350
2398
2418
2394
2400
2431
2388
2361
2404
2436
2411
2372
2390
2442
2431
2354
2379
2440
2413
2398
2447
2401
2380
2419
2352
2363
2447
2403
2378
2396
2395
2430
2374
2324
2415
2473
2389
2358
2452
2435
2346
2403
2440
2378
2406
2417
2377
2389
2404
2399
2448
2403
2347
2384
2432
2403
2380
2415
2443
2414
2384
2417
2438
2388
2386
2419
2383
2366
2413
2438
2400
2381
2414
2426
2411
2415
2441
2398
2370
2410
2408
2401
2423
2415
2422
2381
2378
2417
2426
2390
2355
2391
2416
2371
2385
2467
2422
2331
2367
2419
2406
2387
2434
2442
2394
2416
2439
2404
2404
2426
2409
2419
2395
2393
2448
2397
2329
2410
2427
2341
2346
2407
2395
2401
2410
2386
2410
2377
2335
2389
2394
2366
2411
2416
2397
2409
2396
2384
2414
2394
2363
2417
2419
2369
2412
2412
2337
2383
2425
2381
2399
2419
2400
2415
2406
2410
2446
2400
2351
2368
2400
2399
2361
2371
2427
2439
2430
2400
2378
2439
2444
2360
2378
2412
2427
2411
2415
2425
2422
2375
2342
2403
2450
2410
2372
2440
2451
2412
2430
2353
2358
2420
2391
2358
2390
2413
2413
2408
2418
2399
2358
2398
2419
2347
2369
2426
2400
2379
2437
2449
2404
2402
2428
2427
2389
2376
2422
2418
2395
2394
2404
2423
2386
2383
2448
2391
2315
2347
2396
2398
2382
2360
2401
2419
2371
2401
2423
2375
2388
2419
2446
2431
2359
2382
2454
2376
2321
2408
2431
2365
2345
2396
2398
2373
2412
2419
2381
2408
2422
2393
2426
2424
2401
2420
2391
2405
2465
2413
2365
2381
2380
2399
2382
2381
2443
2422
2382
2396
2427
2438
2432
2410
2365
2360
2362
2391
2408
2358
2383
2449
2391
2364
2415
2428
2423
2446
2400
2383
2432
2414
2428
2442
2386
2381
2443
2424
2355
2346
2359
2395
2406
2416
2459
2402
2334
2405
2436
2363
2410
2498
2364
2309
2424
2394
2387
2439
2359
2378
2479
2399
2327
2404
2404
2403
2433
2367
2383
2454
2380
2352
2430
2424
2389
2378
2400
2425
2405
2420
2453
2390
2378
2430
2394
2380
2407
2385
2371
2405
2408
2352
2363
2421
2401
2382
2419
2417
2388
2380
2389
2414
2435
2380
2349
2394
2409
2366
2371
2406
2379
2381
2400
2372
2389
2369
2340
2415
2403
2342
2418
2428
2344
2386
2421
2394
2401
2408
2387
2389
2413
2392
2396
2424
2368
2339
2408
2419
2390
2368
2381
2442
2436
2349
2367
2388
2381
2402
2366
2346
2375
2359
2372
2425
2409
2405
2456
2420
2359
2377
2364
2359
2402
2419
2399
2398
2397
2356
2395
2398
2377
2432
2418
2365
2433
2435
2368
2451
2460
2352
2407
2410
2327
2390
2414
2353
2414
2473
2387
2360
2423
2400
2363
2373
2389
2402
2376
2350
2415
2448
2422
2394
2420
2403
2366
2391
2397
2377
2418
2425
2387
2385
2430
2423
2361
2342
2401
2454
2411
2404
2458
2439
2413
2436
2426
2404
2364
2360
2394
2374
2396
2466
2427
2389
2453
2435
2345
2382
2434
2381
2352
2377
2427
2439
2344
2312
2402
2422
2378
2411
2433
2349
2347
2425
2402
2370
2392
2371
2364
2396
2401
2408
2385
2356
2417
2466
2402
2351
2421
2420
2334
2367
2416
2410
2416
2369
2343
2384
2398
2368
2422
2422
2366
2407
2464
2423
2401
2436
2412
2390
2382
2395
2376
2353
2399
2425
2413
2429
2417
2410
2403
2411
2421
2404
2362
2345
2366
2398
2410
2377
2409
2432
2342
2338
2465
2427
2308
2392
2465
2379
2367
2399
2405
2416
2392
2415
2448
2364
2410
2474
2379
2373
2476
2445
2352
2375
2445
2426
2366
2368
2417
2414
2383
2420
2468
2405
2397
2415
2412
2419
2392
2361
2431
2452
2391
2416
2410
2364
2394
2397
2380
2388
2326
2345
2429
2425
2408
2409
2438
2446
2378
2377
2432
2395
2359
2410
2404
2397
2426
2409
2381
2363
2372
2407
2403
2430
2430
2405
2431
2428
2346
2427
2484
2344
2353
2473
2399
2320
2427
2423
2361
2383
2391
2382
2384
2345
2357
2400
2404
2393
2370
2385
2457
2430
2380
2425
2417
2360
2380
2424
2346
2331
2441
2444
2378
2423
2417
2373
2411
2397
2341
2385
2404
2352
2381
2450
2407
2390
2392
2389
2436
2426
2397
2415
2405
2368
2355
2396
2353
2331
2423
2437
2379
2387
2394
2395
2372
2379
2388
2384
2408
2408
2373
2439
2428
2338
2444
2503
2341
2325
2421
2414
2413
2400
2382
2412
2427
2406
2386
2406
2415
2410
2419
2400
2354
2380
2393
2369
2447
2433
2393
2435
2441
2380
2356
2436
2439
2373
2419
2421
2373
2378
2396
2376
2392
2431
2424
2400
2389
2429
2397
2345
2424
2435
2356
2387
2430
2390
2352
2350
2358
2401
2387
2344
2426
2460
2359
2344
2449
2412
2329
2388
2387
2351
2405
2407
2350
2403
2382
2342
2384
2398
2358
2353
2416
2408
2376
2419
2421
2393
2404
2377
2384
2410
2375
2349
2378
2406
2402
2379
2413
2429
2333
2369
2482
2398
2308
2392
2402
2405
2407
2392
2429
2432
2393
2398
2400
2383
2409
2402
2377
2357
2354
2387
2394
2386
2391
2414
2423
2404
2411
2396
2389
2408
2363
2361
2414
2392
2348
2399
2416
2353
2337
2376
2432
2389
2348
2406
2382
2367
2420
2404
2382
2404
2374
2383
2420
2369
2399
2454
2355
2378
2439
2350
2351
2401
2401
2389
2367
2406
2423
2333
2348
2401
2391
2398
2401
2369
2423
2423
2359
2432
2452
2366
2379
2424
2384
2370
2419
2406
2396
2427
2415
2400
2375
2376
2433
2401
2369
2450
2434
2426
2481
2393
2342
2433
2399
2383
2402
2372
2406
2416
2375
2405
2415
2380
2395
2379
2389
2440
2385
2376
2412
2386
2392
2439
2411
2411
2421
2394
2429
2398
2344
2391
2395
2384
2408
2398
2385
2368
2362
2421
2428
2376
2408
2432
2359
2404
2437
2368
2382
2425
2391
2390
2408
2379
2383
2415
2414
2360
2364
2408
2386
2402
2399
2386
2429
2405
2353
2398
2436
2453
2472
2400
2329
2380
2430
2394
2378
2423
2392
2315
2398
2426
2332
2374
2452
2384
2347
2409
2417
2378
2400
2433
2404
2385
2411
2410
2402
2398
2375
2394
2412
2394
2438
2419
2361
2391
2401
2316
2354
2394
2343
2427
2461
2383
2434
2439
2384
2418
2409
2353
2382
2429
2403
2365
2373
2408
2424
2419
2434
2413
2367
2371
2429
2426
2364
2394
2422
2351
2356
2404
2364
2369
2457
2416
2371
2413
2395
2417
2451
2377
2370
2431
2408
2378
2410
2415
2409
2432
2413
2380
2427
2429
2392
2386
2387
2420
2383
2312
2384
2458
2387
2362
2378
2392
2408
2362
2358
2440
2419
2375
2428
2393
2346
2411
2390
2364
2413
2398
2361
2413
2451
2407
2404
2417
2398
2388
2410
2399
2353
2373
2432
2400
2375
2408
2385
2394
2413
2384
2408
2400
2381
2402
2411
2361
2393
2456
2380
2354
2423
2405
2386
2436
2400
2361
2413
2387
2371
2443
2428
2409
2383
2361
2386
2399
2385
2380
2372
2383
2411
2368
2352
2462
2397
2386
2463
2398
2343
2406
2393
2346
2369
2415
2442
2431
2356
2369
2402
2373
2417
2378
2319
2415
2391
2370
2448
2401
2379
2421
2376
2366
2412
2457
2439
2380
2399
2421
2397
2415
2427
2386
2366
2413
2421
2428
2408
2389
2417
2403
2407
2421
2410
2428
2431
2415
2454
2445
2383
2393
2452
2398
2372
2416
2392
2384
2433
2399
2375
2418
2362
2375
2420
2400
2384
2405
2418
2434
2423
2369
2373
2439
2411
2382
2404
2414
2445
2418
2363
2397
2425
2380
2346
2411
2435
2394
2383
2404
2369
2383
2438
2365
2367
2445
2409
2395
2418
2398
2391
2381
2408
2426
2388
2391
2427
2391
2356
2420
2390
2323
2350
2406
2368
2371
2446
2426
2401
2435
2411
2402
2451
2398
2352
2413
2423
2395
2383
2388
2406
2370
2314
2381
2411
2348
2414
2438
2371
2407
2420
2390
2389
2392
2381
2403
2429
2376
2342
2412
2442
2374
2367
2398
2384
2389
2416
2407
2368
2407
2433
2354
2365
2468
2433
2365
2437
2429
2386
2443
2419
2378
2434
2396
2394
2426
2372
2363
2407
2390
2383
2383
2384
2416
2369
2376
2469
2402
2352
2420
2378
2341
2410
2391
2347
2422
2438
2397
2401
2370
2425
2430
2340
2414
2472
2367
2383
2457
2417
2407
2428
2396
2386
2385
2373
2389
2415
2432
2402
2386
2406
2398
2344
2327
2402
2442
2412
2403
2395
2386
2366
2384
2429
2396
2349
2404
2440
2414
2389
2364
2370
2379
2395
2394
2392
2424
2387
2343
2456
2484
2350
2370
2427
2381
2388
2428
2414
2388
2354
2369
2421
2430
2351
2360
2438
2395
2353
2396
2402
2404
2400
2405
2400
2377
2376
2419
2430
2434
2411
2372
2410
2435
2390
2368
2366
2392
2430
2391
2375
2433
2419
2356
2390
2441
2399
2378
2398
2403
2409
2378
2352
2410
2428
2350
2362
2408
2380
2391
2435
2395
2372
2411
2413
2376
2361
2380
2410
2405
2433
2438
2377
2394
2438
2378
2365
2435
2415
2358
2394
2468
2427
2364
2414
2429
2357
2354
2414
2411
2391
2406
2444
2428
2353
2382
2451
2393
2409
2488
2419
2376
2455
2459
2355
2348
2418
2401
2386
2437
2384
2354
2398
2372
2366
2407
2394
2387
2408
2402
2421
2443
2409
2382
2361
