2536
2639
2725
2775
2785
2803
2742
2662
2625
2551
2439
2344
2306
2200
2071
2042
2047
2001
1999
2069
2115
2200
2324
2352
2456
2557
2614
2700
2769
2784
2775
2733
2682
2649
2538
2403
2324
2244
2153
2088
2080
2047
2020
2014
2064
2176
2216
2214
2401
2529
2522
2626
2754
2759
2756
2786
2746
2684
2639
2546
2441
2327
2237
2177
2069
2031
2028
1983
2056
2094
2102
2210
2310
2334
2455
2575
2622
2679
2761
2808
2779
2718
2713
2628
2488
2459
2365
2189
2169
2173
2074
2002
1989
1995
2088
2174
2226
2277
2386
2494
2596
2678
2718
2760
2791
2771
2775
2709
2601
2564
2480
2366
2260
2148
2083
2034
1984
1945
1975
2032
2123
2213
2297
2385
2503
2576
2646
2719
2765
2753
2784
2750
2681
2657
2530
2400
2353
2291
2149
2049
2052
2035
2022
2045
2080
2091
2161
2276
2373
2439
2531
2672
2761
2728
2775
2805
2716
2658
2637
2563
2470
2377
2239
2177
2133
2023
2011
2043
2035
2052
2134
2191
2271
2401
2462
2584
2717
2699
2719
2826
2818
2734
2647
2598
2575
2463
2346
2259
2176
2090
2030
2005
1987
2038
2134
2153
2220
2317
2356
2456
2620
2648
2657
2748
2804
2778
2720
2695
2661
2552
2423
2367
2244
2121
2120
2072
1990
2005
2042
2063
2119
2176
2281
2432
2491
2522
2660
2727
2723
2713
2741
2753
2644
2565
2556
2442
2305
2260
2208
2092
1997
2009
2017
1972
2041
2134
2170
2270
2433
2517
2549
2622
2740
2746
2721
2802
2816
2693
2588
2540
2450
2308
2239
2190
2100
1993
2002
2022
1968
1997
2202
2262
2241
2392
2520
2596
2680
2665
2726
2787
2719
2679
2682
2641
2534
2448
2363
2254
2167
2108
2054
1995
2013
2029
2024
2146
2258
2313
2410
2456
2533
2653
2688
2722
2807
2776
2713
2714
2657
2516
2414
2355
2282
2151
2104
2056
1989
1986
2016
2048
2132
2204
2268
2351
2515
2590
2606
2701
2762
2741
2776
2761
2660
2626
2548
2371
2312
2297
2190
2079
2040
1997
1986
2056
2100
2091
2213
2312
2343
2485
2619
2626
2685
2759
2735
2722
2714
2656
2632
2583
2426
2356
2281
2141
2098
2064
1963
1962
2035
2066
2135
2193
2307
2395
2388
2538
2747
2679
2695
2818
2746
2689
2706
2632
2544
2461
2329
2243
2209
2085
2015
2009
1997
2027
2126
2118
2139
2272
2368
2437
2580
2636
2689
2806
2820
2744
2725
2734
2629
2488
2415
2335
2276
2225
2083
2002
2065
2030
1973
2044
2173
2225
2302
2395
2520
2593
2593
2695
2814
2767
2732
2737
2680
2588
2541
2477
2379
2280
2144
2085
2092
2019
1954
2002
2080
2122
2219
2308
2381
2477
2575
2646
2717
2786
2781
2744
2725
2690
2645
2526
2408
2373
2276
2122
2126
2081
1977
2020
2055
2068
2181
2179
2233
2394
2487
2549
2681
2697
2717
2841
2829
2725
2680
2602
2518
2457
2325
2262
2263
2091
2031
2057
2009
2008
2053
2100
2218
2310
2381
2475
2571
2619
2695
2782
2778
2748
2726
2670
2599
2561
2494
2355
2266
2189
2096
2063
2018
1983
2041
2067
2107
2211
2313
2404
2478
2567
2686
2729
2714
2773
2817
2717
2642
2653
2550
2428
2360
2281
2167
2065
2052
2008
1986
2036
2061
2086
2184
2288
2393
2498
2564
2662
2751
2763
2766
2772
2784
2713
2607
2563
2469
2365
2273
2149
2090
2079
2033
2007
2020
2025
2154
2237
2291
2390
2451
2551
2665
2673
2736
2801
2716
2684
2674
2597
2530
2463
2338
2219
2160
2102
2011
1951
1987
2032
2059
2132
2237
2318
2381
2455
2557
2659
2739
2784
2777
2752
2784
2688
2572
2569
2442
2299
2290
2174
2034
2046
2054
2002
2000
2024
2102
2194
2255
2328
2481
2611
2615
2622
2767
2813
2731
2712
2701
2649
2528
2414
2361
2283
2184
2066
1997
1985
1994
2002
2013
2105
2239
2257
2341
2497
2573
2609
2704
2757
2721
2747
2745
2709
2681
2531
2392
2397
2307
2111
2079
2049
2001
2045
2048
2041
2145
2206
2282
2387
2440
2542
2702
2720
2743
2822
2765
2716
2698
2604
2504
2452
2378
2263
2182
2080
2019
2046
2038
2034
2056
2114
2216
2269
2389
2504
2560
2648
2715
2741
2746
2717
2728
2703
2602
2555
2519
2343
2222
2202
2129
2087
2082
1976
1968
2076
2120
2179
2308
2414
2473
2541
2659
2722
2723
2766
2768
2710
2706
2655
2511
2445
2371
2218
2165
2137
2050
2003
2017
2029
2067
2082
2136
2324
2426
2419
2600
2712
2664
2712
2782
2778
2729
2673
2616
2533
2427
2352
2268
2176
2116
2050
2030
1977
1987
2077
2116
2137
2279
2399
2487
2600
2664
2716
2804
2794
2748
2785
2746
2623
2522
2403
2370
2345
2155
2069
2120
1980
1949
2071
2049
2094
2239
2294
2367
2469
2562
2688
2733
2713
2789
2769
2690
2745
2666
2503
2464
2378
2214
2168
2158
2054
2018
2018
2005
2038
2126
2217
2305
2357
2423
2533
2666
2723
2707
2755
2772
2709
2722
2652
2469
2437
2392
2210
2181
2139
1997
2026
2072
2036
2116
2141
2165
2332
2422
2482
2637
2690
2698
2772
2815
2755
2739
2761
2641
2552
2535
2396
2234
2177
2101
1999
1984
2017
2057
2075
2112
2195
2298
2426
2513
2558
2649
2699
2725
2783
2814
2720
2656
2650
2528
2422
2349
2230
2144
2100
2042
1942
1982
2067
2058
2088
2190
2279
2372
2473
2553
2644
2726
2767
2788
2755
2722
2697
2592
2493
2413
2380
2311
2153
2102
2049
1980
2009
2066
2095
2150
2196
2275
2398
2491
2554
2662
2741
2746
2760
2777
2745
2685
2615
2526
2479
2386
2238
2176
2111
2036
2005
1993
1971
2065
2140
2143
2273
2495
2525
2516
2664
2710
2707
2785
2771
2691
2726
2675
2518
2473
2385
2218
2127
2117
2049
1980
1955
2022
2064
2128
2245
2309
2355
2493
2575
2626
2715
2744
2740
2797
2768
2703
2641
2552
2465
2371
2276
2226
2127
1981
1987
2052
1996
2049
2165
2223
2280
2381
2506
2605
2630
2676
2783
2797
2783
2774
2651
2531
2513
2440
2326
2259
2151
2051
2044
2016
1963
2017
2057
2124
2223
2287
2392
2525
2572
2623
2710
2789
2794
2766
2768
2694
2620
2574
2474
2324
2218
2186
2086
2006
2040
2024
2008
2061
2093
2218
2297
2369
2508
2585
2610
2750
2803
2722
2720
2737
2657
2597
2529
2436
2296
2215
2162
2127
2105
2053
2004
2051
2056
2101
2194
2259
2323
2456
2581
2661
2736
2775
2780
2792
2734
2652
2613
2589
2445
2293
2265
2197
2079
2040
2010
1967
1999
2082
2084
2206
2340
2391
2481
2598
2689
2750
2766
2754
2772
2770
2662
2559
2514
2439
2330
2255
2212
2089
1997
2028
2004
1998
2022
2103
2192
2287
2375
2473
2590
2656
2698
2733
2757
2777
2761
2737
2648
2482
2418
2387
2266
2167
2153
2095
1977
1960
1996
2048
2096
2207
2322
2397
2453
2537
2643
2717
2754
2791
2789
2735
2626
2579
2591
2431
2277
2254
2197
2080
2008
2037
2018
1967
2057
2165
2168
2287
2423
2468
2557
2656
2680
2710
2771
2829
2738
2645
2669
2516
2388
2395
2237
2108
2122
2058
1999
2048
1991
2012
2171
2229
2220
2349
2473
2561
2630
2699
2765
2794
2755
2734
2711
2594
2524
2496
2366
2242
2193
2133
2021
1976
2011
2017
2004
2114
2203
2247
2371
2483
2562
2659
2715
2738
2765
2767
2744
2683
2609
2579
2474
2328
2247
2146
2039
2030
2033
2020
2035
2086
2131
2214
2301
2414
2509
2585
2642
2720
2782
2761
2753
2765
2683
2595
2563
2455
2285
2213
2182
2069
1995
2029
2020
1999
2043
2114
2213
2323
2395
2494
2588
2628
2661
2738
2759
2692
2717
2737
2601
2472
2430
2307
2212
2194
2079
2017
2042
2020
2005
2103
2120
2185
2347
2374
2430
2599
2670
2670
2774
2805
2730
2740
2723
2616
2531
2450
2346
2252
2197
2124
2025
1985
1956
2020
2106
2133
2214
2315
2389
2507
2584
2636
2710
2728
2726
2788
2778
2640
2580
2587
2488
2366
2271
2157
2098
2059
1970
1994
2035
2065
2125
2191
2324
2421
2383
2546
2719
2655
2707
2860
2776
2691
2705
2614
2528
2444
2316
2289
2215
2085
2050
2005
1971
2058
2086
2096
2194
2282
2379
2519
2575
2648
2755
2749
2758
2776
2715
2648
2572
2507
2436
2344
2256
2176
2100
2029
1980
2015
2040
2070
2118
2206
2281
2366
2481
2598
2671
2702
2718
2802
2798
2700
2690
2653
2554
2507
2350
2202
2197
2100
1969
2002
2033
2024
2062
2160
2196
2249
2359
2496
2560
2632
2724
2782
2778
2740
2722
2744
2669
2521
2456
2399
2238
2138
2171
2098
2001
2054
2049
2066
2170
2239
2278
2415
2494
2529
2642
2746
2780
2780
2753
2702
2649
2566
2557
2496
2330
2236
2225
2144
2008
1997
2017
2052
2090
2095
2161
2349
2398
2411
2578
2697
2693
2744
2826
2812
2711
2676
2668
2544
2410
2353
2264
2157
2101
2051
2005
2032
2035
2012
2077
2220
2315
2375
2463
2576
2650
2730
2790
2790
2734
2703
2690
2609
2525
2418
2338
2310
2172
2039
2024
2022
1972
2004
2115
2182
2175
2291
2441
2455
2512
2689
2750
2719
2785
2812
2711
2676
2625
2487
2444
2368
2200
2176
2156
2056
1982
1974
2032
2089
2081
2171
2315
2412
2490
2551
2645
2724
2717
2754
2777
2711
2680
2656
2531
2453
2409
2261
2155
2137
2037
1998
2002
2026
2069
2124
2203
2321
2404
2460
2579
2685
2698
2714
2754
2770
2702
2650
2633
2548
2435
2402
2339
2148
2050
2065
2045
1972
2008
2113
2101
2163
2282
2364
2463
2558
2622
2712
2777
2749
2758
2782
2674
2540
2546
2472
2309
2294
2199
2052
2052
2056
2000
2020
2057
2103
2180
2303
2369
2471
2564
2634
2738
2808
2787
2749
2714
2690
2645
2526
2430
2413
2276
2100
2052
2059
2012
1944
1978
2094
2111
2166
2274
2344
2451
2576
2640
2708
2753
2746
2769
2781
2725
2599
2495
2483
2403
2234
2150
2115
2025
2025
2057
2028
2020
2112
2214
2319
2386
2466
2563
2643
2714
2769
2753
2736
2745
2691
2618
2536
2412
2326
2296
2197
2082
2061
2053
2008
2016
2060
2153
2222
2238
2395
2534
2567
2636
2740
2748
2781
2794
2743
2691
2608
2529
2414
2310
2308
2208
2070
2060
2026
1949
2006
2060
2111
2193
2286
2350
2438
2573
2683
2737
2758
2777
2773
2729
2708
2651
2515
2447
2399
2234
2115
2118
2088
2022
2015
1984
2085
2153
2158
2284
2450
2481
2564
2616
2688
2800
2751
2695
2763
2712
2561
2478
2442
2365
2253
2129
2106
2075
1999
2012
2058
2034
2129
2265
2315
2333
2467
2636
2690
2687
2776
2797
2725
2744
2731
2605
2530
2447
2343
2278
2171
2086
2027
1967
2012
2021
2033
2131
2211
2264
2359
2454
2570
2644
2680
2749
2785
2746
2723
2697
2612
2548
2473
2383
2277
2176
2088
1993
2033
2044
1999
2030
2158
2230
2303
2401
2472
2517
2612
2717
2765
2766
2775
2754
2703
2642
2562
2425
2339
2277
2153
2060
2028
2016
2018
1997
2079
2161
2174
2273
2435
2460
2571
2705
2724
2727
2726
2728
2764
2722
2635
2550
2429
2327
2247
2105
2062
2050
1993
1971
2038
2079
2125
2209
2289
2390
2483
2517
2615
2697
2740
2777
2764
2737
2702
2651
2557
2442
2346
2204
2104
2091
2056
2022
2010
1994
2063
2138
2213
2311
2413
2501
2578
2640
2740
2770
2786
2836
2728
2645
2670
2571
2439
2371
2244
2175
2138
2050
1995
1987
2003
2039
2135
2214
2279
2411
2539
2555
2641
2759
2779
2758
2790
2779
2701
2580
2500
2485
2379
2239
2163
2087
2065
2051
1999
1977
2053
2129
2240
2339
2352
2440
2607
2626
2666
2765
2734
2725
2826
2727
2551
2536
2480
2339
2243
2166
2099
2025
2027
2027
2014
2060
2153
2169
2249
2402
2487
2548
2639
2717
2787
2778
2706
2678
2679
2652
2567
2468
2377
2249
2135
2101
2075
1987
1998
2046
2048
2099
2251
2313
2361
2493
2611
2664
2730
2776
2773
2753
2685
2650
2618
2531
2457
2344
2256
2193
2074
2030
2030
1953
1997
2049
2106
2221
2283
2320
2505
2590
2602
2723
2801
2776
2792
2762
2703
2643
2497
2424
2401
2274
2169
2129
2029
1968
2029
2029
2019
2099
2210
2269
2397
2474
2525
2699
2798
2725
2765
2805
2667
2663
2687
2491
2409
2378
2229
2136
2115
2030
2015
2048
2033
2060
2129
2154
2256
2406
2506
2539
2632
2765
2760
2769
2820
2749
2672
2624
2529
2441
2360
2283
2189
2085
2035
1984
1988
2059
2067
2075
2240
2324
2333
2495
2602
2603
2742
2808
2776
2803
2772
2716
2691
2541
2409
2351
2264
2191
2123
2028
2008
2021
2035
2099
2110
2194
2352
2369
2441
2598
2656
2673
2718
2767
2787
2729
2698
2672
2564
2406
2313
2269
2196
2102
2028
1966
1977
2063
2097
2139
2262
2270
2338
2540
2567
2586
2722
2752
2737
2778
2777
2706
2631
2533
2408
2330
2261
2163
2079
2014
2031
2017
1973
2053
2166
2184
2270
2440
2558
2542
2596
2770
2813
2738
2773
2781
2662
2575
2530
2464
2351
2207
2168
2145
2064
2013
2045
2037
2042
2130
2222
2267
2411
2531
2589
2718
2763
2723
2754
2755
2704
2654
2587
2564
2456
2309
2268
2200
2117
2091
2033
1989
2059
2089
2071
2173
2353
2414
2458
2586
2673
2719
2759
2773
2738
2768
2753
2659
2593
2459
2301
2287
2220
2094
2093
2048
1985
2046
2095
2096
2193
2309
2375
2435
2564
2677
2697
2706
2759
2771
2758
2727
2632
2558
2447
2305
2282
2218
2074
2021
2042
2039
2003
2031
2174
2214
2237
2405
2549
2564
2590
2701
2784
2753
2695
2705
2692
2599
2517
2491
2399
2227
2143
2135
2055
2005
2024
1982
2026
2174
2224
2245
2403
2530
2581
2594
2676
2789
2787
2769
2723
2619
2600
2570
2415
2327
2295
2183
2064
2010
2017
1984
1977
2059
2133
2183
2338
2421
2462
2601
2663
2694
2799
2772
2750
2783
2690
2589
2576
2472
2319
2250
2166
2071
2044
2006
1984
2045
2101
2112
2156
2256
2408
2495
2529
2637
2766
2738
2715
2785
2777
2700
2611
2543
2464
2348
2227
2144
2108
2019
1956
1997
2080
2097
2124
2223
2296
2317
2462
2580
2644
2718
2763
2791
2768
2747
2755
2657
2522
2488
2385
2231
2130
2056
2049
2020
2006
2055
2109
2105
2166
2278
2396
2461
2547
2657
2718
2723
2748
2778
2766
2706
2620
2541
2489
2355
2237
2195
2079
1987
2043
2025
1974
2047
2140
2210
2322
2400
2472
2578
2666
2694
2731
2777
2780
2753
2712
2631
2551
2468
2379
2292
2180
2088
2051
1997
2003
2037
2070
2116
2226
2295
2342
2503
2596
2616
2709
2732
2753
2765
2685
2665
2658
2535
2440
2362
2262
2218
2091
2000
2066
2002
1938
2098
2188
2166
2287
2416
2474
2554
2684
2752
2745
2795
2796
2743
2730
2662
2559
2463
2283
2209
2241
2117
1982
1983
1997
2031
2074
2078
2203
2314
2333
2470
2615
2649
2707
2751
2743
2755
2741
2654
2577
2525
2447
2365
2259
2150
2067
2020
2021
2033
2035
2048
2162
2224
2297
2434
2542
2570
2638
2738
2812
2805
2770
2758
2698
2614
2527
2419
2336
2207
2140
2124
2078
2002
2018
2051
2061
2126
2230
2267
2361
2471
2547
2659
2706
2713
2799
2771
2745
2741
2598
2534
2506
2346
2234
2191
2106
2036
2027
1959
1987
2077
2153
2262
2337
2335
2459
2599
2641
2712
2754
2772
2841
2768
2637
2628
2539
2424
2348
2254
2150
2073
2043
2029
2021
1976
2034
2146
2198
2223
2374
2509
2565
2603
2709
2810
2792
2738
2758
2695
2612
2561
2458
2355
2248
2128
2100
2082
1996
1974
2065
2057
2092
2233
2298
2345
2517
2612
2628
2670
2739
2786
2789
2717
2655
2638
2541
2395
2310
2242
2168
2097
2048
2053
2040
2029
2088
2162
2219
2293
2418
2489
2549
2657
2763
2769
2748
2814
2812
2702
2626
2596
2499
2338
2266
2181
2061
2061
2059
1972
2036
2079
2071
2218
2319
2338
2504
2569
2592
2715
2753
2690
2736
2759
2671
2631
2564
2433
2357
2240
2166
2096
2030
2041
2063
2018
2065
2146
2194
2289
2411
2453
2528
2617
2701
2776
2770
2777
2754
2624
2603
2600
2421
2280
2267
2154
2056
2065
2027
1959
2034
2111
2108
2135
2309
2415
2432
2545
2655
2749
2805
2720
2733
2774
2675
2589
2603
2503
2368
2309
2191
2095
2068
1975
1983
2034
2063
2124
2187
2290
2423
2454
2509
2624
2713
2758
2769
2772
2781
2721
2632
2551
2439
2351
2253
2126
2083
2039
2002
2014
2010
2009
2127
2239
2309
2386
2485
2575
2673
2702
2745
2789
2767
2762
2730
2573
2525
2545
2362
2187
2224
2175
1986
1939
2067
2052
1999
2104
2228
2221
2325
2520
2586
2582
2711
2809
2745
2728
2780
2702
2598
2559
2494
2361
2238
2185
2098
1985
2032
2035
2003
2121
2189
2190
2310
2382
2432
2543
2648
2732
2758
2747
2754
2766
2713
2632
2559
2430
2335
2316
2231
2096
2019
1965
1975
2017
2039
2123
2242
2318
2383
2461
2605
2673
2680
2730
2789
2786
2719
2676
2650
2539
2443
2361
2247
2177
2138
2040
2028
2013
1978
2041
2112
2193
2333
2402
2446
2574
2717
2719
2705
2790
2792
2697
2686
2625
2496
2414
2371
2249
2132
2113
2091
2000
1931
1972
2063
2108
2215
2303
2412
2545
2590
2645
2732
2753
2768
2821
2757
2657
2613
2560
2445
2325
2271
2178
2058
2013
2018
2001
2019
2075
2132
2184
2312
2407
2465
2573
2652
2687
2786
2784
2710
2799
2790
2603
2550
2489
2303
2228
2231
2129
2020
1955
2013
2064
2079
2140
2233
2310
2386
2480
2603
2673
2639
2679
2825
2809
2693
2706
2638
2520
2492
2343
2171
2195
2179
2037
2023
2022
2019
2076
2107
2172
2324
2388
2421
2522
2642
2716
2780
2805
2784
2735
2693
2655
2562
2444
2345
2261
2179
2091
2057
2044
1971
1978
2113
2120
2146
2314
2409
2441
2593
2671
2675
2752
2815
2793
2732
2714
2678
2556
2425
2349
2273
2158
2079
2028
2026
2052
2034
2024
2141
2252
2309
2374
2490
2601
2631
2692
2822
2810
2726
2723
2653
2597
2562
2424
2354
2285
2064
2072
2115
1954
1968
2047
2039
2169
2278
2237
2336
2515
2585
2638
2723
2787
2803
2788
2744
2700
2631
2528
2453
2381
2289
2195
2090
2006
1995
2011
2018
2080
2138
2166
2282
2380
2464
2565
2695
2776
2727
2703
2766
2723
2626
2621
2573
2415
2329
2285
2152
2076
2054
2022
2002
2028
2133
2156
2219
2352
2376
2404
2589
2658
2626
2741
2824
2752
2712
2701
2669
2564
2413
2340
2243
2138
2076
2053
2068
2001
1987
2075
2135
2195
2295
2364
2460
2563
2613
2679
2760
2765
2735
2746
2716
2649
2555
2402
2336
2309
2185
2097
2035
1944
2019
2058
2052
2118
2194
2292
2394
2449
2585
2668
2681
2721
2777
2764
2738
2701
2615
2553
2483
2358
2251
2144
2050
2068
2052
2001
2027
2029
2130
2201
2230
2372
2537
2557
2618
2737
2747
2742
2774
2731
2697
2645
2531
2489
2417
2267
2194
2093
2003
2028
2040
1974
2038
2149
2200
2257
2407
2469
2503
2671
2721
2710
2839
2816
2687
2723
2638
2458
2476
2427
2234
2178
2137
2022
2036
2034
1993
2068
2130
2170
2359
2410
2447
2619
2660
2656
2805
2813
2710
2749
2750
2647
2558
2465
2341
2261
2170
2055
2033
2054
2055
2042
2076
2114
2213
2332
2377
2468
2601
2649
2710
2766
2756
2741
2756
2693
2596
2575
2466
2311
2242
2190
2120
2032
2000
2031
2036
2009
2149
2251
2242
2355
2513
2562
2673
2766
2742
2769
2790
2727
2690
2648
2539
2426
2352
2268
2133
2081
2074
2005
2001
1969
1993
2138
2229
2252
2375
2517
2590
2687
2730
2747
2807
2790
2740
2679
2600
2550
2459
2385
2293
2144
2076
2075
2023
1991
2037
2058
2106
2170
2283
2388
2435
2546
2666
2717
2738
2765
2753
2735
2742
2630
2507
2485
2388
2221
2166
2120
2067
2037
1998
1986
2076
2095
2175
2346
2403
2473
2581
2607
2701
2776
2731
2748
2717
2611
2666
2613
2385
2325
2263
2103
2092
2034
1959
2027
2063
2034
2122
2186
2245
2404
2524
2568
2658
2686
2720
2788
2783
2750
2732
2621
2536
2520
2372
2220
2158
2070
2021
2013
2018
2024
2055
2095
2186
2271
2342
2468
2599
2656
2712
2763
2769
2785
2758
2687
2602
2533
2478
2388
2259
2157
2102
2037
2009
2015
2040
2069
2099
2190
2322
2381
2450
2546
2628
2682
2766
2787
2748
2759
2732
2620
2510
2464
2389
2260
2191
2105
2030
2005
2015
2044
2048
2099
2219
2282
2367
2489
2608
2673
2677
2719
2784
2754
2747
2731
2630
2527
2415
2341
2268
2102
2034
2068
2000
1971
2055
2056
2079
2192
2272
2402
2505
2519
2674
2745
2698
2773
2808
2699
2664
2641
2556
2461
2338
2225
2174
2087
2041
2035
2003
1995
2066
2097
2185
2312
2375
2458
2629
2655
2622
2748
2800
2736
2775
2763
2637
2502
2454
2376
2267
2166
2120
2114
2041
2015
2104
2062
2067
2216
2322
2384
2487
2562
2655
2742
2755
2796
2808
2694
2655
2669
2547
2434
2389
2268
2174
2117
2033
1967
2022
2033
2040
2134
2225
2251
2395
2513
2543
2643
2728
2758
2793
2763
2784
2757
2607
2546
2519
2370
2227
2195
2163
2044
1979
2010
2054
2050
2116
2222
2278
2351
2507
2579
2610
2709
2773
2712
2733
2789
2678
2594
2619
2511
2283
2215
2197
2079
2020
2029
2042
2035
2084
2147
2227
2286
2363
2480
2566
2615
2713
2768
2788
2780
2702
2672
2644
2539
2424
2312
2249
2174
2080
2003
1993
2021
2045
2069
2125
2194
2286
2371
2509
2594
2632
2747
2812
2758
2753
2750
2664
2639
2569
2435
2380
2294
2116
2061
2096
2006
1953
2064
2118
2091
2192
2267
2340
2512
2586
2585
2697
2785
2746
2750
2747
2674
2625
2572
2463
2344
2224
2149
2103
2025
2022
2035
1987
2044
2160
2191
2284
2372
2431
2562
2631
2710
2798
2782
2708
2744
2715
2577
2525
2463
2340
2231
2149
2164
2091
1961
2028
2024
1984
2130
2268
2296
2347
2465
2606
2652
2656
2722
2773
2751
2733
2738
2651
2513
2474
2368
2195
2159
2145
2056
2018
1971
1959
2070
2184
2214
2301
2369
2458
2602
2636
2681
2783
2782
2759
2792
2686
2536
2501
2469
2392
2265
2133
2104
2050
1976
2014
2010
1996
2100
2204
2257
2398
2496
2567
2672
2719
2739
2776
2754
2744
2709
2613
2531
2447
2350
2255
2143
2074
2048
1974
1947
2044
2048
2074
2226
2275
2304
2494
2591
2610
2727
2761
2738
2778
2744
2695
2675
2540
2391
2320
2266
2165
2062
2038
2014
1977
1976
2042
2120
2218
2236
2329
2496
2600
2660
2700
2756
2821
2800
2719
2705
2664
2551
2460
2400
2308
2177
2076
2048
2042
1989
2008
2093
2098
2154
2308
2376
2437
2568
2618
2668
2791
2772
2729
2759
2664
2593
2565
2438
2358
2257
2097
2064
2079
2015
2000
2027
2049
2098
2227
2307
2403
2502
2563
2641
2743
2748
2725
2756
2741
2666
2627
2544
2405
2354
2322
2170
2047
2040
2047
2033
2015
2014
2166
2234
2233
2370
2533
2596
2659
2736
2784
2751
2731
2743
2728
2647
2502
2397
2353
2255
2170
2113
2010
1973
2029
2014
2043
2147
2193
2234
2387
2515
2575
2638
2737
2773
2756
2758
2738
2653
2598
2550
2410
2325
2283
2172
2086
2069
2058
2016
2020
2025
2084
2220
2302
2328
2461
2636
2681
2688
2741
2733
2771
2795
2680
2612
2591
2473
2355
2272
2139
2074
2052
1981
1991
2046
2043
2074
2227
2301
2341
2455
2598
2642
2700
2748
2730
2730
2774
2710
2610
2571
2479
2333
2239
2204
2096
2017
2063
1994
2001
2104
2115
2178
2345
2427
2456
2538
2671
2715
2706
2741
2783
2739
2682
2654
2526
2418
2361
2273
2206
2105
2018
2032
2073
2023
2086
2165
2161
2209
2414
2530
2560
2642
2720
2756
2797
2797
2748
2704
2644
2570
2479
2346
2251
2164
2078
2042
2021
2002
2043
2045
2120
2221
2248
2334
2469
2583
2646
2668
2752
2819
2781
2735
2687
2632
2551
2452
2385
2276
2142
2097
2096
2039
1966
1972
2073
2125
2190
2295
2394
2466
2555
2678
2731
2708
2747
2766
2704
2682
2661
2585
2443
2326
2278
2158
2054
1994
1949
1990
2064
2061
2095
2185
2282
2378
2476
2535
2596
2700
2760
2755
2775
2757
2674
2618
2553
2460
2352
2265
2240
2143
1989
2001
2089
2048
2029
2143
2243
2285
2383
2466
2551
2690
2701
2707
2841
2837
2685
2679
2675
2511
2379
2376
2283
2173
2119
2041
2035
2050
2000
2070
2206
2219
2228
2380
2498
2530
2661
2759
2768
2791
2797
2749
2688
2617
2517
2455
2379
2223
2150
2127
1999
1961
2025
2028
2085
2142
2156
2245
2380
2466
2578
2673
2696
2741
2768
2745
2744
2728
2576
2489
2498
2372
2219
2161
2099
2028
2017
2038
2080
2065
2128
2226
2300
2383
2477
2552
2662
2718
2727
2764
2759
2690
2724
2684
2533
2455
2381
2218
2183
2163
2028
1962
2045
2015
1989
2151
2267
2280
2387
2478
2578
2694
2721
2738
2775
2756
2711
2714
2647
2510
2452
2378
2261
2151
2040
1989
2039
2002
1930
2054
2177
2171
2290
2385
2440
2550
2668
2744
2751
2713
2712
2745
2705
2573
2484
2452
2388
2271
2167
2085
2037
2012
2003
2009
2065
2139
2196
2275
2408
2498
2584
2660
2733
2776
2738
2695
2745
2726
2593
2554
2519
2379
2244
2177
2125
2022
1996
2020
2033
2053
2130
2195
2266
2349
2448
2568
2656
2675
2682
2753
2821
2732
2637
2668
2613
2407
2311
2316
2179
2040
2067
2020
1946
2004
2134
2116
2136
2294
2415
2485
2601
2644
2690
2777
2816
2768
2726
2709
2629
2519
2442
2364
2274
2157
2048
2006
2076
2076
1983
2005
2171
2244
2292
2423
2549
2580
2652
2698
2733
2801
2785
2708
2689
2678
2529
2409
2410
2272
2127
2152
2086
1967
2009
2041
2055
2177
2249
2252
2397
2510
2537
2612
2726
2734
2697
2786
2792
2672
2624
2584
2449
2330
2255
2145
2092
2021
1970
1999
2048
2071
2133
2192
2269
2376
2490
2574
2614
2694
2802
2772
2747
2796
2708
2563
2507
2440
2314
2244
2222
2129
2064
2044
2034
2007
2031
2122
2235
2294
2325
2438
2560
2621
2701
2729
2720
2764
2766
2690
2630
2576
2429
2319
2279
2147
2070
2104
2032
1938
2030
2100
2129
2206
2317
2389
2465
2570
2676
2701
2677
2746
2815
2733
2680
2697
2576
2416
2364
2281
2174
2123
2056
1980
2023
2025
2038
2133
2211
2261
2403
2513
2590
2659
2704
2748
2808
2763
2734
2751
2651
2535
2476
2368
2250
2158
2073
2037
2037
2023
2030
2041
2107
2222
2309
2346
2450
2597
2689
2681
2692
2778
2784
2681
2694
2710
2532
2388
2321
2242
2129
2033
2042
2019
1962
1985
2065
2122
2210
2273
2371
2465
2538
2656
2729
2762
2824
2803
2681
2671
2669
2533
2456
2375
2212
2152
2136
2059
1976
1968
2027
2032
2068
2198
2332
2402
2483
2576
2629
2709
2790
2770
2734
2778
2729
2571
2545
2527
2325
2233
2229
2081
2013
2016
2004
2055
2079
2076
2214
2301
2349
2414
2558
2683
2723
2733
2769
2750
2694
2648
2629
2594
2473
2328
2265
2190
2059
2004
2037
2003
1989
2036
2120
2182
2296
2426
2442
2507
2665
2741
2705
2734
2832
2754
2617
2600
2606
2497
2308
2237
2200
2091
2041
2036
1986
1975
2090
2169
2177
2254
2430
2495
2542
2661
2697
2715
2806
2757
2671
2707
2639
2517
2453
2351
2286
2211
2118
2049
2039
2013
1982
2048
2168
2160
2220
2387
2510
2590
2616
2686
2778
2752
2756
2746
2665
2609
2570
2473
2320
2204
2161
2081
2034
2030
2010
2014
2073
2111
2178
2279
2383
2495
2556
2632
2756
2774
2716
2781
2779
2644
2603
2591
2463
2340
2273
2190
2101
2014
2000
2045
2025
2005
2141
2223
2263
2352
2493
2581
2615
2712
2800
2756
2725
2757
2688
2612
2589
2449
2319
2286
2156
2051
2043
1986
1973
2012
2026
2118
2274
2294
2381
2503
2545
2657
2736
2730
2779
2770
2730
2705
2629
2539
2441
2338
2265
2157
2098
2090
1983
1973
2086
2085
2133
2224
2263
2352
2490
2582
2653
2678
2724
2826
2817
2715
2698
2667
2528
2438
2373
2258
2166
2093
2027
1998
2008
2042
2090
2106
2215
2318
2369
2475
2596
2635
2682
2736
2823
2808
2719
2691
2645
2510
2473
2370
2213
2154
2115
2024
2004
2028
2020
2043
2126
2202
2300
2368
2453
2570
2671
2727
2749
2738
2771
2767
2637
2620
2585
2438
2376
2297
2151
2070
2030
2004
2037
1993
2016
2134
2205
2268
2372
2462
2573
2658
2680
2756
2820
2733
2693
2690
2606
2529
2431
2355
2278
2151
2043
2040
2048
2002
2010
2056
2155
2214
2272
2409
2548
2594
2646
2692
2742
2801
2729
2704
2739
2605
2511
2499
2343
2215
2219
2112
1995
2018
2045
2041
2080
2114
2196
2308
2397
2437
2577
2698
2717
2756
2777
2775
2752
2681
2623
2561
2450
2344
2288
2179
2084
2046
2044
2025
1984
2055
2204
2195
2255
2415
2493
2513
2657
2784
2755
2766
2719
2663
2685
2622
2497
2450
2353
2239
2228
2153
1991
1984
2067
2004
1983
2100
2236
2323
2393
2438
2569
2685
2707
2739
2809
2765
2701
2716
2682
2561
2466
2362
2215
2123
2111
2075
1993
1939
2017
2103
2085
2107
2269
2400
2435
2559
2695
2712
2745
2785
2765
2768
2726
2582
2517
2467
2327
2249
2191
2066
2014
2048
1999
1960
2029
2107
2188
2235
2305
2475
2611
2610
2683
2796
2811
2762
2722
2687
2625
2526
2434
2374
2284
2151
2092
2059
2003
1983
2015
2047
2131
2236
2294
2368
2490
2620
2690
2661
2768
2883
2772
2646
2675
2649
2513
2416
2342
2231
2172
2126
2028
1968
2026
2017
2029
2154
2270
2289
2346
2498
2606
2634
2716
2813
2797
2750
2771
2730
2604
2509
2457
2366
2256
2192
2144
2084
2018
1966
1981
2053
2123
2172
2301
2410
2489
2596
2642
2684
2774
2749
2715
2750
2699
2605
2505
2400
2362
2267
2114
2071
2088
2005
1958
2014
2064
2109
2222
2305
2374
2431
2553
2653
2715
2758
2757
2756
2743
2713
2661
2553
2392
2324
2272
2131
2053
2017
2008
2061
2056
2021
2126
2214
2257
2381
2545
2571
2649
2768
2760
2760
2764
2730
2697
2629
2529
2446
2350
2277
2180
2063
2056
2039
1963
2012
2108
2094
2172
2317
2366
2431
2550
2637
2699
2762
2799
2794
2754
2713
2646
2580
2505
2371
2224
2174
2162
2039
1937
1972
2036
2007
2098
2234
2262
2327
2526
2609
2617
2695
2744
2775
2821
2751
2682
2645
2528
2418
2374
2250
2099
2053
2082
1993
1943
2002
2059
2119
2251
2265
2317
2505
2577
2608
2720
2748
2727
2754
2759
2700
2586
2493
2424
2330
2257
2175
2082
2018
2053
2052
2006
2034
2148
2191
2283
2405
2432
2523
2696
2720
2710
2773
2765
2704
2721
2627
2479
2456
2394
2263
2191
2116
2028
2000
2018
2016
2057
2147
2234
2298
2390
2494
2602
2667
2743
2790
2796
2808
2769
2663
2614
2573
2435
2324
2293
2193
2090
2050
2005
1995
2060
2085
2091
2180
2289
2359
2508
2599
2624
2700
2779
2792
2785
2774
2717
2584
2524
2495
2384
2276
2179
2060
2027
1968
2002
2043
2013
2089
2228
2283
2366
2454
2568
2660
2693
2724
2797
2783
2724
2692
2612
2515
2441
2351
2272
2202
2079
2007
2043
2014
1967
2039
2151
2219
2301
2414
2505
2545
2643
2727
2722
2789
2829
2712
2653
2654
2556
2430
2357
2269
2180
2113
2057
2036
2046
1992
2038
2114
2194
2297
2397
2506
2622
2626
2680
2801
2803
2737
2736
2724
2628
2570
2517
2339
2223
2190
2115
2064
2041
1921
1995
2120
2101
2154
2304
2394
2502
2617
2668
2704
2763
2788
2767
2755
2687
2568
2518
2472
2313
2226
2211
2080
1995
2054
2029
1969
2041
2127
2173
2243
2407
2522
2561
2666
2735
2699
2739
2813
2773
2671
2594
2546
2479
2353
2224
2134
2086
2037
2021
2022
2024
2070
2178
2247
2307
2374
2477
2593
2662
2664
2715
2762
2756
2751
2706
2639
2564
2453
2355
2250
2135
2087
2070
2032
2021
2052
2025
2059
2232
2304
2357
2506
2574
2631
2745
2751
2764
2825
2771
2690
2619
2549
2461
2313
2229
2214
2100
1996
2046
2039
1991
2023
2133
2224
2280
2344
2475
2577
2657
2703
2760
2799
2760
2738
2707
2615
2542
2488
2363
2213
2188
2142
2015
2036
2099
2016
2037
2145
2180
2237
2334
2490
2600
2604
2737
2792
2753
2779
2735
2656
2603
2520
2460
2370
2216
2151
2159
2047
1981
2031
2023
1997
2148
2236
2279
2388
2481
2553
2675
2727
2750
2796
2759
2695
2667
2613
2557
2435
2311
2255
2187
2096
2062
2017
2002
2026
2065
2130
2193
2252
2368
2481
2570
2645
2744
2790
2752
2763
2775
2699
2610
2502
2424
2383
2259
2180
2124
2013
1981
2002
2055
2107
2138
2236
2334
2372
2494
2593
2607
2703
2762
2766
2782
2727
2679
2635
2541
2439
2334
2267
2175
2122
2077
1995
1981
2051
2100
2101
2188
2299
2391
2498
2563
2613
2706
2739
2743
2794
2724
2619
2625
2576
2453
2381
2282
2166
2113
2068
2000
2004
2055
2066
2124
2215
2298
2366
2462
2597
2696
2674
2690
2776
2801
2750
2662
2600
2551
2431
2324
2292
2233
2098
2072
2048
1986
2022
2068
2064
2191
2335
2396
2454
2551
2629
2722
2759
2768
2790
2758
2672
2616
2559
2468
2323
2245
2221
2110
1965
1999
2027
2012
2048
2102
2163
2270
2355
2487
2630
2669
2712
2805
2788
2771
2754
2670
2629
2519
2425
2423
2307
2171
2090
2072
2067
1980
1950
2089
2138
2152
2270
2422
2487
2533
2614
2727
2729
2754
2826
2759
2675
2658
2566
2458
2352
2238
2157
2071
1979
1967
2013
2063
2072
2158
2220
2279
2385
2480
2563
2667
2707
2739
2802
2783
2720
2678
2592
2508
2441
2344
2232
2144
2081
2010
1961
2015
2017
1998
2102
2244
2296
2408
2504
2548
2630
2685
2702
2758
2752
2741
2739
2642
2548
2452
2321
2256
2182
2061
2021
2022
1972
1995
2059
2116
2184
2306
2403
2489
2576
2638
2748
2799
2735
2768
2780
2611
2585
2606
2443
2338
2257
2138
2141
2099
1964
2014
2062
2065
2148
2240
2321
2437
2492
2555
2645
2666
2716
2808
2766
2716
2772
2666
2499
2460
2379
2233
2187
2104
2040
2051
2023
2012
2065
2147
2227
2264
2334
2525
2559
2541
2716
2800
2739
2754
2771
2699
2641
2547
2407
2340
2268
2136
2046
2052
2050
2023
2026
2084
2145
2229
2303
2372
2481
2603
2671
2718
2770
2789
2787
2728
2688
2641
2534
2493
2396
2217
2150
2131
2040
2007
2007
2026
2080
2129
2139
2272
2410
2438
2527
2680
2754
2799
2810
2780
2722
2667
2607
2543
2455
2340
2250
2202
2109
2030
2022
1998
1978
2044
2125
2180
2271
2392
2478
2572
2666
2722
2768
2810
2823
2754
2689
2641
2537
2445
2386
2265
2153
2143
2067
1973
1985
2049
2038
2082
2230
2294
2363
2541
2618
2611
2678
2772
2772
2764
2747
2708
2667
2550
2434
2346
2182
2143
2153
2046
1959
2007
2067
2076
2061
2193
2318
2353
2489
2669
2630
2632
2788
2775
2716
2787
2710
2598
2570
2456
2320
2258
2162
2080
2071
2014
1937
2017
2074
2135
2257
2332
2397
2491
2529
2601
2702
2755
2767
2748
2701
2683
2651
2552
2409
2335
2258
2149
2083
2052
2025
2042
2004
2023
2149
2198
2221
2397
2476
2520
2657
2706
2719
2772
2762
2741
2739
2608
2493
2473
2343
2208
2146
2100
2075
2003
1929
2010
2072
2081
2153
2297
2417
2501
2555
2624
2702
2747
2801
2813
2726
2675
2639
2553
2450
2330
2249
2186
2081
1998
1976
1996
2003
2045
2113
2227
2294
2346
2480
2624
2642
2693
2783
2748
2696
2773
2746
2638
2592
2469
2322
2276
2163
2055
2050
2027
1971
2008
1994
2072
2268
2318
2341
2509
2589
2636
2747
2815
2770
2740
2762
2720
2635
2548
2464
2358
2238
2175
2102
2045
2020
2016
2050
2093
2121
2204
2303
2387
2513
2632
2622
2661
2785
2789
2709
2735
2725
2639
2563
2442
2311
2232
2165
2104
2070
2026
1944
1973
2083
2137
2188
2282
2384
2516
2594
2607
2664
2752
2742
2734
2761
2702
2595
2526
2444
2362
2242
2111
2092
2063
1976
1964
2003
2047
2086
2204
2316
2363
2442
2558
2622
2666
2723
2752
2759
2722
2657
2623
2557
2409
2326
2291
2162
2085
2084
2049
2028
2080
2084
2137
2253
2307
2353
2500
2588
2608
2683
2760
2774
2782
2759
2712
2645
2553
2456
2336
2275
2198
2076
2012
2007
1999
2020
2075
2089
2149
2269
2387
2491
2574
2613
2707
2794
2788
2774
2756
2660
2561
2512
2490
2389
2261
2187
2128
2085
2001
1932
2029
2110
2163
2241
2305
2375
2494
2541
2582
2715
2794
2759
2758
2732
2696
2640
2555
2457
2349
2253
2168
2099
2074
2042
1973
1989
2085
2091
2163
2290
2392
2476
2570
2677
2748
2794
2801
2788
2822
2711
2582
2558
2429
2324
2293
2162
2113
2094
1988
2003
2113
2091
2125
2209
2266
2384
2509
2562
2630
2742
2767
2756
2772
2747
2678
2595
2503
2441
2395
2288
2151
2066
2048
2006
1953
1998
2075
2084
2182
2316
2402
2495
2556
2581
2691
2807
2763
2716
2763
2722
2604
2528
2448
2338
2269
2175
2038
2007
2055
2027
1985
2033
2128
2176
2301
2399
2448
2597
2688
2679
2740
2776
2734
2741
2704
2607
2570
2459
2310
2266
2200
2071
2005
1996
2009
2008
2086
2186
2202
2243
2439
2558
2578
2656
2715
2733
2770
2784
2741
2707
2654
2524
2383
2361
2306
2131
2073
2073
1983
1990
2115
2079
2067
2187
2323
2400
2473
2559
2693
2745
2717
2754
2784
2732
2683
2626
2561
2462
2327
2228
2187
2067
1999
2008
2018
2021
2071
2076
2143
2307
2390
2409
2553
2655
2696
2765
2769
2748
2725
2667
2605
2545
2502
2394
2196
2089
2130
2075
1974
2018
2083
2048
2101
2207
2281
2341
2446
2563
2652
2679
2689
2740
2772
2748
2663
2610
2564
2456
2362
2276
2160
2103
2073
1988
1972
2031
2072
2102
2204
2268
2344
2488
2583
2663
2747
2712
2734
2818
2743
2681
2655
2512
2441
2400
2239
2144
2120
2022
2019
2031
2001
2043
2139
2196
2272
2360
2477
2587
2660
2716
2769
2788
2784
2716
2677
2637
2516
2434
2357
2233
2156
2092
2022
2008
2045
2035
2059
2145
2185
2264
2432
2503
2551
2652
2693
2696
2794
2810
2696
2727
2700
2505
2400
2384
2260
2176
2144
2042
2016
2051
2096
2082
2102
2200
2293
2337
2467
2604
2669
2704
2732
2730
2761
2770
2699
2617
2585
2481
2362
2262
2193
2102
1960
1953
2066
1993
1993
2138
2235
2253
2394
2518
2560
2613
2724
2761
2741
2760
2755
2690
2621
2518
2447
2363
2249
2163
2116
2045
2015
2030
1991
2015
2154
2194
2256
2373
2493
2549
2630
2746
2771
2743
2796
2797
2675
2559
2529
2472
2349
2231
2118
2053
2070
2003
1961
2009
2099
2126
2205
2322
2409
2481
2575
2650
2695
2729
2756
2803
2747
2634
2611
2562
2443
2378
2244
2149
2146
2010
1986
2055
2009
1999
2159
2239
2280
2367
2493
2560
2638
2707
2758
2829
2823
2713
2660
2651
2507
2350
2338
2283
2158
2103
2057
1997
2024
2036
2077
2181
2218
2247
2416
2537
2533
2603
2763
2800
2735
2741
2740
2707
2637
2537
2480
2369
2213
2136
2149
2061
1967
2014
2079
2051
2106
2212
2314
2374
2486
2561
2618
2712
2769
2806
2788
2692
2642
2622
2539
2446
2334
2229
2168
2081
2029
2034
2008
1997
2058
2144
2205
2261
2397
2500
2541
2621
2704
2741
2748
2794
2788
2671
2603
2575
2474
2329
2231
2167
2106
2033
1996
2018
2058
2059
2144
2259
2288
2356
2477
2541
2645
2755
2740
2763
2803
2720
2695
2657
2520
2439
2387
2279
2153
2109
2088
2013
2024
2022
2018
2104
2221
2258
2373
2526
2590
2611
2695
2758
2766
2768
2771
2733
2619
2520
2461
2346
2241
2125
2065
2086
2047
1957
2016
2098
2115
2145
2277
2409
2478
2511
2615
2748
2792
2800
2784
2751
2721
2626
2524
2479
2397
2273
2186
2124
2090
2041
2019
2045
2056
2071
2236
2334
2322
2465
2665
2663
2696
2750
2734
2792
2802
2643
2627
2647
2423
2266
2288
2196
2075
2044
2027
1989
1999
2012
2140
2278
2290
2343
2529
2612
2645
2669
2745
2828
2759
2661
2701
2612
2476
2474
2358
2200
2190
2141
2053
1981
1978
2017
2110
2122
2154
2297
2412
2455
2542
2669
2725
2719
2770
2769
2728
2708
2615
2515
2450
2332
2237
2199
2078
1988
2025
2026
2001
2022
2115
2209
2280
2369
2467
2531
2649
2727
2750
2762
2778
2756
2672
2614
2576
2399
2290
2292
2195
2017
1977
2049
2029
1952
2036
2104
2180
2316
2424
2496
2601
2653
2740
2811
2767
2725
2729
2687
2605
2541
2480
2357
2238
2182
2095
2003
1998
2008
2022
2069
2152
2249
2336
2374
2476
2579
2636
2706
2739
2769
2772
2704
2643
2635
2619
2454
2263
2247
2227
2027
1989
2053
1990
1971
2091
2117
2145
2280
2430
2487
2527
2648
2762
2770
2773
2822
2744
2644
2653
2540
2378
2357
2327
2173
2088
2042
1982
1984
2013
2021
2104
2195
2295
2396
2510
2592
2609
2677
2758
2754
2787
2758
2651
2592
2577
2487
2338
2253
2215
2119
2005
2020
2048
1986
2048
2179
2217
2264
2422
2468
2524
2654
2696
2724
2809
2779
2724
2698
2599
2535
2445
2350
2288
2136
2053
2068
2013
1942
2060
2123
2091
2178
2324
2352
2445
2613
2655
2671
2761
2743
2757
2817
2692
2567
2557
2479
2375
2307
2190
2061
2035
2016
1991
2042
2060
2117
2221
2253
2362
2515
2555
2585
2718
2767
2744
2738
2719
2725
2649
2534
2483
2384
2271
2155
2096
2059
2007
2000
2044
2065
2150
2236
2293
2359
2493
2568
2610
2706
2817
2804
2698
2721
2774
2622
2510
2484
2325
2198
2186
2107
2021
2022
2043
2035
2066
2108
2200
2340
2379
2442
2601
2668
2716
2798
2790
2699
2701
2715
2624
2536
2432
2302
2244
2187
2104
2009
2023
2087
2063
2038
2137
2219
2267
2378
2497
2613
2709
2686
2709
2828
2784
2662
2664
2645
2544
2445
2347
2235
2190
2092
2008
2009
2009
2023
2069
2118
2195
2289
2411
2475
2545
2656
2691
2684
2764
2826
2759
2669
2599
2555
2482
2341
2216
2136
2088
2035
2014
2010
1989
2056
2187
2181
2259
2440
2495
2528
2645
2693
2718
2810
2812
2697
2665
2656
2518
2400
2359
2279
2153
2105
2076
1995
1964
2014
2094
2106
2190
2309
2378
2463
2598
2669
2735
2779
2771
2769
2757
2693
2603
2514
2455
2383
2232
2134
2148
2032
1945
2008
2040
2059
2155
2215
2287
2374
2499
2597
2670
2704
2751
2790
2778
2712
2677
2607
2530
2461
2327
2236
2200
2099
2046
2022
1976
2013
2117
2156
2225
2329
2421
2501
2551
2628
2704
2737
2780
2804
2730
2638
2618
2574
2455
2358
2273
2141
2067
2046
2027
2016
2050
2044
2088
2198
2304
2412
2497
2564
2672
2703
2714
2802
2807
2756
2695
2608
2570
2476
2329
2256
2185
2093
2054
1970
1987
2047
2069
2118
2221
2314
2376
2443
2579
2688
2718
2757
2804
2770
2721
2683
2644
2552
2434
2379
2278
2121
2044
2056
2053
1978
2007
2129
2199
2215
2311
2416
2479
2582
2688
2731
2769
2780
2744
2726
2695
2620
2518
2459
2372
2235
2169
2129
2034
1999
2049
2042
2071
2134
2194
2308
2368
2440
2602
2649
2703
2829
2783
2758
2812
2701
2606
2590
2406
2301
2297
2183
2104
2089
2027
1960
2012
2079
2146
2191
2266
2376
2450
2531
2656
2716
2733
2791
2796
2730
2703
2660
2567
2435
2362
2299
2153
2048
2055
2045
2011
2035
2089
2110
2194
2328
2409
2451
2560
2668
2709
2754
2782
2760
2733
2685
2588
2540
2483
2311
2221
2201
2079
1988
2006
1989
2012
2057
2104
2174
2278
2405
2514
2548
2616
2719
2713
2732
2782
2705
2624
2643
2530
2417
2387
2233
2117
2114
2057
1981
2021
2084
2106
2103
2223
2331
2361
2437
2580
2666
2720
2743
2792
2778
2702
2676
2635
2519
2438
2354
2242
2153
2094
2024
1989
1980
2035
2069
2100
2172
2314
2381
2452
2558
2671
2759
2782
2767
2795
2758
2662
2657
2621
2443
2326
2287
2169
2061
2054
2024
1979
1986
2085
2138
2160
2298
2449
2468
2556
2675
2736
2768
2750
2756
2782
2693
2564
2544
2499
2341
2225
2158
2121
2061
1992
1997
2059
2054
2114
2219
2286
2402
2514
2559
2668
2723
2741
2813
2803
2707
2661
2616
2532
2435
2357
2277
2210
2138
2021
1997
2033
2014
2075
2147
2216
2292
2345
2420
2604
2682
2682
2782
2780
2739
2798
2709
2582
2534
2432
2321
2267
2156
2084
2044
1989
1965
1992
2056
2121
2197
2311
2352
2437
2581
2652
2731
2814
2749
2778
2831
2659
2572
2590
2435
2316
2313
2198
2018
2041
2044
1977
2027
2060
2096
2226
2278
2347
2477
2550
2656
2756
2724
2746
2787
2701
2674
2647
2498
2427
2362
2252
2195
2146
2042
2018
2064
2033
2021
2152
2230
2287
2385
2513
2609
2681
2706
2714
2805
2798
2686
2681
2666
2539
2435
2392
2295
2161
2071
2042
2000
1990
2008
2053
2102
2223
2302
2349
2444
2542
2637
2756
2761
2745
2783
2743
2691
2632
2524
2463
2381
2252
2144
2096
2086
2013
1945
2014
2078
2108
2181
2298
2339
2455
2587
2667
2705
2735
2739
2762
2792
2687
2588
2581
2479
2325
2251
2208
2090
2027
1999
1979
1985
2066
2138
2159
2225
2402
2496
2528
2617
2747
2776
2721
2757
2760
2649
2566
2556
2518
2390
2216
2170
2131
2037
2045
1997
1978
2084
2135
2181
2338
2442
2483
2569
2664
2673
2719
2804
2748
2689
2719
2630
2511
2449
2344
2235
2212
2098
1986
1992
2033
1996
2026
2151
2262
2272
2388
2539
2518
2583
2760
2749
2722
2820
2733
2625
2644
2579
2450
2364
2248
2160
2084
2038
2034
2014
2034
2047
2106
2192
2264
2372
2485
2548
2643
2742
2728
2721
2776
2757
2691
2659
2594
2463
2391
2297
2158
2092
2028
1955
2010
2042
2065
2150
2183
2224
2431
2511
2487
2612
2759
2771
2750
2765
2764
2740
2664
2572
2452
2311
2233
2195
2146
2039
2019
2048
2018
2053
2130
2153
2296
2390
2461
2633
2678
2663
2737
2794
2776
2703
2629
2627
2547
2413
2391
2307
2116
2080
2072
1957
1985
2063
2059
2097
2247
2321
2368
2463
2581
2658
2709
2736
2775
2807
2758
2669
2638
2555
2404
2322
2266
2150
2093
2053
2027
2020
2006
2041
2167
2213
2283
2418
2499
2518
2634
2744
2749
2752
2770
2756
2729
2642
2548
2490
2360
2201
2218
2147
1985
2014
2049
1999
2060
2135
2208
2302
2384
2508
2619
2621
2705
2800
2758
2782
2769
2660
2627
2576
2489
2370
2211
2122
2152
2092
1971
1994
2029
2039
2120
2210
2290
2387
2518
2608
2674
2686
2717
2790
2715
2681
2742
2631
2476
2461
2385
2241
2182
2096
2023
2014
1990
1974
2058
2135
2197
2309
2399
2436
2568
2665
2720
2792
2778
2747
2758
2695
2600
2545
2451
2353
2258
2170
2090
2022
2047
2016
1997
2097
2149
2172
2326
2445
2504
2564
2616
2707
2761
2759
2762
2765
2732
2613
2481
2481
2391
2217
2130
2108
2071
2017
1997
2004
2054
2082
2170
2301
2382
2447
2534
2605
2666
2733
2774
2744
2725
2675
2579
2532
2466
2314
2220
2172
2119
2078
2029
1993
2034
2086
2155
2220
2304
2403
2463
2543
2678
2723
2749
2775
2785
2714
2631
2606
2593
2496
2323
2219
2147
2088
2052
1999
2011
2012
2056
2132
2185
2247
2383
2498
2551
2628
2787
2801
2720
2777
2787
2684
2623
2565
2449
2347
2275
2165
2068
2044
2036
1987
1990
2066
2164
2208
2251
2378
2486
2566
2646
2677
2762
2788
2723
2726
2725
2623
2557
2461
2313
2262
2201
2035
2022
2040
1978
2011
2067
2056
2195
2304
2372
2501
2595
2616
2715
2777
2724
2776
2793
2698
2583
2506
2470
2366
2257
2213
2153
2017
1980
2010
1994
2013
2099
2186
2287
2361
2445
2528
2614
2705
2767
2766
2753
2700
2649
2635
2560
2412
2295
2270
2173
2048
2079
2033
1966
2035
2100
2119
2216
2298
2367
2462
2575
2661
2698
2733
2782
2775
2688
2672
2641
2539
2448
2323
2213
2233
2182
2014
1988
2018
1989
2029
2163
2226
2274
2370
2505
2597
2598
2643
2789
2812
2775
2771
2657
2570
2563
2417
2277
2262
2167
2049
1990
1980
2040
2024
2026
2102
2193
2294
2378
2437
2570
2645
2699
2798
2823
2753
2732
2659
2590
2572
2420
2300
2327
2193
2044
2045
2033
1974
2003
2056
2172
2218
2233
2376
2531
2551
2647
2727
2713
2785
2834
2697
2650
2688
2557
2425
2351
2232
2126
2062
2057
2015
1958
2025
2096
2139
2219
2297
2416
2510
2525
2655
2718
2682
2779
2810
2727
2738
2653
2472
2442
2389
2200
2129
2123
2016
1994
2041
2027
2033
2118
2197
2301
2410
2494
2524
2593
2709
2759
2737
2778
2768
2657
2629
2571
2419
2374
2320
2142
2044
2066
2049
2016
2028
2049
2128
2215
2243
2336
2480
2591
2654
2734
2764
2737
2785
2785
2667
2597
2539
2430
2377
2295
2135
2119
2098
1952
1923
2048
2072
2106
2219
2296
2372
2514
2575
2623
2760
2798
2722
2737
2743
2659
2632
2566
2404
2355
2284
2128
2079
2118
2029
1954
1996
2082
2074
2165
2303
2366
2513
2601
2617
2736
2768
2749
2803
2758
2668
2625
2516
2405
2379
2272
2135
2080
2011
2011
2035
2017
2027
2094
2202
2336
2399
2435
2557
2689
2712
2722
2789
2807
2720
2656
2657
2581
2429
2331
2282
2143
2026
2053
2035
1988
2017
2083
2168
2245
2286
2366
2491
2607
2659
2686
2743
2783
2774
2735
2676
2619
2528
2395
2346
2288
2151
2067
2046
1985
1944
2006
2055
2102
2186
2306
2370
2460
2578
2656
2714
2731
2744
2792
2779
2684
2613
2572
2479
2325
2224
2218
2132
2001
1993
2037
2038
2068
2102
2226
2329
2355
2429
2544
2633
2725
2713
2753
2798
2683
2625
2616
2530
2436
2338
2260
2190
2115
2051
2021
1973
2008
2085
2112
2169
2289
2385
2468
2516
2638
2749
2766
2766
2756
2736
2689
2593
2539
2479
2364
2269
2162
2105
2130
1994
1935
2089
2104
2058
2215
2325
2373
2462
2595
2714
2731
2680
2790
2815
2680
2654
2636
2518
2460
2389
2242
2163
2121
2041
2018
2003
2028
2066
2105
2185
2315
2400
2459
2551
2663
2696
2723
2808
2804
2750
2710
2601
2522
2457
2325
2215
2171
2109
2062
2009
1993
1999
2029
2131
2252
2293
2366
2490
2592
2638
2685
2750
2780
2779
2734
2696
2626
2519
2473
2369
2205
2129
2112
2030
1991
2040
2050
2061
2133
2158
2281
2398
2453
2555
2663
2743
2807
2813
2767
2719
2658
2612
2510
2416
2379
2285
2181
2073
2024
2018
2035
2025
2020
2100
2226
2255
2380
2534
2522
2586
2736
2723
2736
2792
2707
2637
2619
2516
2434
2355
2203
2127
2125
2033
1947
1986
2105
2063
2043
2206
2290
2311
2489
2620
2631
2681
2729
2730
2765
2795
2676
2596
2570
2421
2325
2308
2165
2071
2109
2017
1980
2042
2080
2134
2211
2291
2420
2506
2552
2667
2770
2743
2719
2769
2790
2697
2563
2491
2442
2361
2266
2172
2108
2056
1989
1941
1984
2026
2118
2213
2254
2378
2514
2530
2606
2755
2776
2724
2726
2722
2700
2607
2527
2467
2343
2259
2203
2059
2016
2040
2005
2013
2070
2097
2151
2283
2404
2492
2607
2645
2658
2727
2777
2733
2699
2714
2650
2507
2399
2363
2310
2154
2069
2059
2048
2051
2050
2038
2124
2202
2311
2401
2462
2547
2664
2723
2701
2775
2818
2694
2673
2665
2518
2439
2387
2210
2164
2120
2007
2029
2061
2004
2082
2194
2210
2223
2378
2519
2550
2610
2690
2726
2790
2755
2667
2697
2646
2490
2448
2390
2210
2134
2148
2046
1968
1983
2052
2080
2119
2208
2322
2394
2483
2591
2687
2690
2738
2785
2752
2739
2704
2581
2542
2504
2300
2200
2229
2113
2013
2018
2011
2012
2048
2080
2202
2323
2376
2415
2555
2659
2683
2698
2744
2778
2770
2681
2608
2563
2462
2355
2252
2142
2077
2019
1993
2009
2056
2059
2090
2228
2324
2351
2458
2588
2659
2722
2757
2763
2772
2717
2645
2635
2540
2395
2297
2262
2223
2113
2086
2060
2026
1979
2053
2161
2171
2261
2387
2434
2544
2668
2685
2714
2780
2755
2706
2704
2673
2554
2422
2370
2318
2170
2136
2103
1964
1973
2060
2067
2104
2160
2307
2451
2462
2517
2667
2728
2747
2810
2814
2713
2651
2640
2575
2435
2324
2249
2150
2068
2019
1969
2020
2040
2034
2133
2233
2274
2413
2525
2567
2646
2692
2742
2759
2715
2718
2693
2606
2524
2476
2370
2213
2126
2092
2043
2025
2005
2015
2040
2143
2250
2298
2359
2512
2600
2619
2708
2738
2732
2759
2728
2688
2647
2507
2416
2391
2262
2182
2116
1977
1987
2083
2044
2048
2122
2176
2264
2390
2474
2549
2652
2734
2700
2745
2799
2701
2635
2658
2536
2387
2353
2276
2159
2088
2025
2006
2012
2010
2059
2158
2195
2263
2365
2498
2582
2638
2740
2789
2754
2775
2746
2668
2641
2559
2462
2385
2264
2119
2067
2083
1993
1929
2025
2111
2108
2221
2282
2351
2520
2584
2573
2752
2818
2758
2805
2793
2642
2592
2563
2446
2348
2266
2191
2115
2048
2027
2026
2007
2047
2183
2204
2238
2392
2476
2553
2648
2690
2788
2787
2729
2763
2742
2620
2524
2467
2361
2222
2169
2116
2035
1978
2045
2062
2050
2166
2279
2257
2377
2545
2592
2629
2710
2800
2824
2758
2741
2763
2648
2511
2425
2334
2279
2185
2108
2072
2021
2002
2020
2041
2151
2210
2266
2377
2495
2572
2663
2713
2722
2784
2813
2746
2680
2629
2555
2462
2351
2258
2186
2070
2029
2032
2002
2006
2047
2110
2232
2310
2369
2469
2582
2655
2704
2791
2831
2754
2736
2693
2597
2550
2442
2320
2245
2113
2066
2061
1981
2005
2081
2061
2094
2190
2291
2404
2516
2589
2649
2703
2758
2769
2772
2722
2687
2684
2576
2479
2405
2257
2171
2094
2009
2033
2048
2004
2082
2122
2182
2307
2372
2431
2587
2686
2728
2775
2777
2729
2779
2762
2604
2546
2485
2316
2241
2210
2147
2016
1976
2044
2057
2025
2125
2193
2231
2404
2521
2555
2655
2745
2749
2781
2756
2681
2693
2641
2492
2456
2440
2284
2137
2079
2075
2041
1998
1994
2078
2153
2127
2239
2435
2471
2571
2717
2709
2682
2768
2769
2720
2672
2595
2517
2420
2332
2263
2169
2081
2056
2020
1985
2057
2105
2127
2191
2329
2398
2452
2546
2667
2730
2759
2809
2781
2709
2669
2635
2518
2442
2395
2267
2143
2115
2076
1994
1971
2028
2067
2112
2202
2266
2376
2528
2564
2639
2757
2748
2757
2774
2738
2713
2617
2516
2439
2290
2199
2161
2086
2036
2014
2014
2046
2063
2147
2213
2267
2390
2550
2613
2619
2716
2788
2757
2746
2722
2680
2640
2572
2465
2358
2306
2197
2033
1986
2017
2007
1992
2047
2100
2189
2267
2347
2411
2530
2661
2750
2773
2753
2783
2728
2620
2646
2557
2368
2346
2316
2168
2113
2034
2014
2078
2026
2002
2110
2213
2301
2374
2517
2630
2607
2684
2799
2769
2807
2807
2664
2627
2599
2428
2295
2286
2201
2035
2003
2017
1984
2019
2077
2112
2187
2245
2370
2485
2537
2599
2710
2805
2798
2743
2726
2700
2656
2564
2441
2378
2285
2131
2064
2085
2004
1953
2054
2116
2116
2194
2321
2371
2453
2566
2631
2719
2799
2745
2735
2780
2669
2577
2580
2480
2304
2235
2166
2073
2062
2023
2026
2092
2063
2062
2204
2276
2330
2462
2591
2660
2720
2746
2806
2788
2697
2716
2681
2506
2452
2408
2215
2150
2173
2031
1974
2028
2031
2050
2122
2168
2270
2377
2413
2600
2727
2622
2663
2783
2803
2766
2664
2618
2589
2399
2291
2304
2228
2109
2052
1977
1969
2011
2064
2121
2161
2227
2393
2495
2545
2640
2705
2754
2786
2759
2738
2708
2635
2562
2481
2367
2234
2139
2100
2032
1999
1976
2005
2065
2125
2168
2238
2357
2513
2598
2617
2680
2801
2810
2731
2722
2705
2571
2500
2465
2381
2283
2174
2101
2070
2010
1960
1991
2114
2184
2162
2269
2467
2471
2508
2662
2703
2713
2768
2761
2705
2654
2622
2569
2418
2284
2281
2207
2032
1994
2016
1993
2050
2082
2108
2197
2268
2354
2538
2554
2586
2722
2708
2711
2813
2712
2653
2661
2496
2370
2382
2245
2105
2109
2069
1990
1986
2035
2094
2128
2221
2313
2371
2461
2579
2664
2729
2780
2766
2789
2739
2651
2642
2578
2413
2319
2274
2135
2073
2047
2005
2021
2044
2042
2098
2197
2325
2410
2464
2576
2663
2678
2779
2814
2735
2699
2721
2652
2534
2458
2365
2231
2140
2091
2048
2004
1990
2001
2042
2098
2188
2253
2387
2486
2524
2645
2744
2755
2781
2790
2727
2640
2593
2581
2457
2296
2263
2200
2051
2023
2039
1994
2034
2049
2092
2209
2318
2397
2537
2595
2596
2715
2795
2763
2753
2695
2616
2575
2524
2466
2360
2221
2156
2100
2025
2019
2013
1966
2059
2167
2227
2256
2346
2490
2564
2620
2739
2754
2765
2781
2722
2692
2661
2525
2426
2362
2259
2232
2146
2049
2059
2044
2046
2084
2134
2202
2328
2399
2469
2608
2668
2661
2736
2782
2745
2755
2751
2606
2498
2476
2385
2253
2187
2087
2010
2000
2030
2085
2115
2057
2155
2346
2381
2453
2616
2663
2685
2742
2738
2713
2729
2698
2608
2576
2469
2338
2278
2150
2047
2072
2025
1933
2032
2072
2070
2193
2287
2341
2524
2582
2626
2788
2741
2702
2831
2767
2698
2660
2497
2429
2388
2207
2169
2155
1997
1978
2038
2009
2052
2145
2205
2247
2350
2512
2586
2616
2734
2794
2751
2778
2778
2720
2647
2533
2443
2390
2258
2132
2104
2031
2005
2064
2056
2044
2139
2189
2242
2409
2517
2563
2672
2742
2760
2759
2756
2755
2664
2554
2543
2499
2321
2217
2193
2107
2059
1999
2005
2055
2048
2076
2207
2326
2370
2419
2583
2669
2696
2782
2804
2750
2733
2696
2599
2545
2442
2319
2272
2193
2085
2025
2022
1984
2005
2093
2160
2171
2249
2354
2468
2588
2654
2713
2786
2768
2742
2720
2666
2610
2526
2398
2330
2267
2167
2105
2052
1994
2023
2040
2041
2105
2204
2259
2369
2510
2584
2640
2740
2779
2772
2736
2663
2662
2591
2468
2471
2397
2220
2138
2119
2011
1998
2026
2013
2093
2156
2201
2315
2380
2480
2607
2624
2707
2797
2747
2741
2788
2694
2555
2515
2476
2330
2239
2245
2098
1995
2065
2051
1999
2100
2174
2176
2266
2430
2502
2543
2648
2738
2766
2777
2764
2729
2704
2643
2508
2410
2355
2241
2148
2104
2001
1986
2036
2027
2031
2128
2205
2273
2392
2488
2529
2606
2706
2769
2769
2773
2740
2659
2627
2569
2472
2380
2264
2176
2106
2034
1984
1994
2001
2042
2136
2233
2284
2399
2495
2538
2671
2762
2766
2808
2787
2735
2713
2634
2572
2499
2323
2232
2221
2129
2036
2022
2000
1987
2057
2170
2194
2264
2405
2515
2585
2671
2712
2727
2754
2746
2755
2703
2625
2565
2429
2342
2272
2150
2050
2055
2039
2007
2039
2086
2120
2166
2264
2408
2477
2521
2637
2711
2695
2770
2791
2662
2663
2712
2536
2421
2399
2260
2134
2115
2042
2016
2022
2053
2083
2137
2211
2306
2396
2515
2584
2618
2707
2760
2729
2767
2767
2666
2622
2587
2497
2358
2241
2181
2107
2062
2033
2009
2032
2088
2095
2206
2300
2328
2504
