2401
2382
2393
2393
2378
2381
2420
2410
2393
2394
2381
2367
2386
2388
2400
2403
2383
2420
2410
2399
2455
2416
2339
2419
2452
2357
2396
2433
2388
2401
2391
2382
2404
2361
2355
2440
2439
2394
2419
2403
2354
2369
2386
2396
2411
2391
2381
2416
2426
2404
2410
2408
2387
2386
2397
2439
2391
2362
2434
2426
2397
2439
2372
2332
2375
2366
2371
2435
2405
2341
2390
2454
2398
2394
2429
2380
2343
2421
2460
2386
2368
2443
2427
2412
2435
2422
2380
2400
2367
2342
2401
2409
2392
2411
2413
2393
2382
2422
2413
2335
2404
2450
2373
2412
2441
2374
2405
2440
2396
2388
2392
2379
2414
2424
2403
2389
2405
2384
2383
2379
2361
2417
2433
2371
2361
2410
2416
2395
2369
2383
2400
2383
2363
2390
2437
2435
2402
2390
2432
2454
2422
2387
2376
2399
2362
2393
2439
2397
2385
2374
2389
2424
2391
2359
2429
2443
2371
2356
2391
2444
2410
2361
2419
2456
2413
2395
2378
2351
2386
2408
2370
2422
2402
2326
2389
2421
2358
2382
2422
2382
2371
2418
2383
2392
2443
2408
2379
2406
2430
2416
2434
2435
2409
2448
2437
2386
2403
2380
2392
2429
2393
2386
2436
2382
2377
2462
2409
2346
2393
2388
2356
2401
2396
2347
2382
2406
2386
2385
2397
2418
2474
2446
2361
2412
2431
2328
2359
2437
2438
2380
2355
2439
2449
2386
2408
2424
2397
2392
2440
2460
2405
2392
2405
2431
2432
2378
2409
2431
2390
2398
2376
2328
2348
2408
2384
2344
2393
2380
2328
2378
2441
2374
2349
2418
2443
2447
2442
2358
2375
2429
2381
2390
2423
2401
2394
2420
2430
2405
2359
2374
2441
2423
2371
2389
2405
2370
2377
2425
2366
2341
2416
2408
2349
2396
2399
2374
2434
2430
2363
2363
2398
2418
2443
2423
2380
2409
2409
2417
2427
2382
2388
2459
2438
2374
2394
2466
2426
2374
2407
2413
2383
2413
2446
2403
2401
2416
2383
2399
2442
2404
2337
2393
2466
2408
2386
2462
2463
2412
2399
2378
2395
2421
2362
2354
2461
2409
2308
2384
2440
2400
2378
2416
2440
2401
2404
2418
2379
2343
2371
2422
2394
2368
2407
2409
2364
2365
2385
2413
2420
2402
2377
2402
2387
2366
2388
2391
2395
2400
2387
2408
2401
2398
2409
2401
2401
2376
2357
2394
2410
2398
2392
2399
2378
2350
2400
2423
2378
2421
2481
2431
2398
2448
2413
2349
2359
2412
2412
2365
2391
2447
2393
2351
2427
2464
2427
2449
2414
2384
2437
2435
2390
2389
2412
2380
2357
2404
2377
2344
2420
2444
2361
2368
2409
2381
2422
2433
2385
2437
2460
2362
2357
2417
2398
2400
2440
2394
2395
2448
2389
2389
2413
2364
2388
2440
2395
2409
2416
2334
2371
2437
2375
2358
2427
2415
2374
2381
2387
2376
2406
2385
2384
2434
2440
2411
2408
2418
2388
2385
2394
2390
2399
2407
2369
2356
2432
2451
2354
2367
2413
2374
2381
2458
2442
2365
2369
2438
2419
2385
2437
2431
2368
2412
2432
2402
2422
2404
2356
2419
2427
2332
2384
2469
2412
2400
2413
2409
2416
2399
2390
2417
2379
2386
2380
2361
2430
2437
2409
2440
2430
2372
2387
2452
2408
2397
2421
2392
2425
2426
2342
2345
2386
2360
2413
2437
2359
2362
2430
2385
2341
2414
2425
2335
2363
2450
2402
2357
2435
2410
2364
2405
2408
2387
2386
2384
2401
2444
2429
2410
2415
2394
2380
2404
2437
2438
2383
2368
2441
2451
2404
2421
2412
2399
2422
2415
2371
2393
2407
2411
2433
2397
2371
2446
2439
2394
2415
2400
2397
2421
2395
2389
2449
2407
2354
2438
2444
2347
2362
2409
2395
2411
2415
2408
2412
2410
2418
2400
2378
2389
2410
2405
2411
2424
2384
2397
2449
2408
2387
2417
2401
2362
2398
2416
2367
2385
2426
2384
2389
2426
2419
2393
2373
2401
2407
2403
2412
2410
2395
2362
2394
2426
2379
2367
2395
2415
2386
2364
2408
2434
2361
2368
2419
2386
2385
2450
2385
2330
2381
2423
2392
2389
2398
2413
2428
2444
2410
2390
2389
2414
2435
2399
2388
2417
2368
2309
2378
2401
2363
2423
2429
2395
2413
2416
2353
2362
2410
2396
2382
2381
2396
2430
2437
2414
2366
2398
2428
2352
2387
2462
2376
2348
2440
2374
2319
2438
2454
2379
2389
2401
2368
2381
2409
2407
2388
2388
2442
2445
2383
2404
2424
2424
2416
2430
2436
2399
2356
2399
2412
2370
2396
2428
2381
2365
2376
2366
2390
2417
2423
2417
2375
2361
2411
2427
2363
2418
2438
2372
2367
2403
2385
2374
2422
2414
2426
2410
2368
2420
2411
2346
2398
2431
2382
2391
2412
2360
2380
2442
2373
2329
2364
2411
2418
2393
2390
2421
2423
2417
2419
2443
2446
2394
2382
2395
2368
2409
2425
2385
2394
2411
2379
2396
2375
2372
2415
2369
2343
2407
2366
2356
2421
2414
2383
2420
2428
2389
2362
2424
2420
2370
2378
2383
2377
2405
2441
2466
2413
2348
2418
2425
2359
2412
2432
2390
2447
2430
2379
2446
2425
2329
2392
2428
2403
2413
2384
2410
2491
2406
2292
2387
2446
2351
2379
2446
2406
2389
2349
2337
2423
2389
2356
2425
2403
2366
2430
2418
2353
2384
2394
2385
2389
2352
2374
2401
2385
2416
2456
2407
2367
2414
2399
2409
2431
2363
2378
2423
2363
2354
2426
2428
2392
2369
2377
2396
2364
2361
2400
2419
2412
2420
2413
2431
2437
2397
2366
2417
2436
2372
2367
2402
2392
2413
2399
2370
2440
2423
2376
2408
2389
2366
2399
2387
2406
2411
2363
2373
2407
2386
2408
2422
2343
2420
2488
2346
2354
2456
2397
2372
2410
2380
2425
2398
2312
2429
2478
2320
2414
2465
2343
2390
2456
2376
2372
2402
2423
2450
2404
2398
2462
2364
2337
2437
2392
2360
2426
2390
2371
2422
2376
2411
2444
2344
2413
2491
2380
2373
2428
2373
2388
2436
2378
2396
2448
2399
2392
2404
2414
2441
2383
2404
2445
2389
2409
2439
2354
2343
2413
2420
2425
2441
2403
2416
2437
2422
2416
2431
2424
2378
2388
2405
2421
2407
2370
2424
2458
2419
2380
2395
2418
2385
2405
2457
2357
2319
2446
2474
2411
2393
2380
2428
2436
2330
2365
2449
2366
2362
2428
2414
2408
2393
2378
2413
2392
2376
2442
2437
2347
2336
2388
2371
2328
2425
2453
2352
2361
2408
2353
2408
2461
2370
2400
2487
2390
2376
2465
2425
2387
2430
2428
2422
2426
2405
2360
2389
2450
2421
2405
2441
2434
2385
2374
2414
2415
2406
2405
2402
2404
2392
2378
2390
2381
2390
2381
2397
2387
2352
2404
2446
2387
2388
2413
2363
2356
2418
2429
2382
2378
2425
2400
2388
2426
2386
2348
2386
2412
2375
2391
2415
2393
2360
2380
2408
2369
2364
2422
2390
2328
2397
2438
2339
2375
2448
2371
2384
2468
2433
2356
2418
2395
2350
2396
2396
2363
2391
2370
2337
2412
2427
2331
2332
2396
2375
2356
2393
2414
2414
2408
2362
2360
2438
2439
2408
2424
2400
2366
2366
2352
2376
2396
2380
2378
2382
2377
2457
2455
2349
2384
2418
2416
2404
2378
2414
2453
2401
2396
2418
2432
2426
2390
2368
2404
2386
2351
2393
2403
2394
2425
2375
2382
2446
2405
2356
2418
2463
2428
2373
2398
2423
2423
2437
2406
2375
2403
2463
2424
2322
2394
2486
2390
2349
2447
2451
2365
2401
2474
2437
2363
2413
2433
2385
2399
2416
2398
2405
2423
2435
2419
2396
2413
2486
2477
2393
2367
2393
2371
2407
2449
2381
2337
2421
2401
2354
2400
2402
2351
2365
2401
2418
2428
2414
2379
2459
2468
2365
2383
2449
2407
2393
2432
2409
2359
2379
2418
2432
2403
2382
2398
2400
2379
2376
2356
2342
2361
2418
2472
2401
2334
2410
2449
2380
2418
2447
2392
2387
2421
2399
2402
2445
2411
2394
2431
2390
2361
2433
2438
2390
2401
2403
2409
2412
2392
2430
2438
2350
2413
2475
2347
2339
2447
2413
2322
2385
2401
2312
2376
2459
2394
2373
2383
2398
2411
2378
2363
2406
2391
2381
2361
2394
2416
2369
2377
2424
2413
2372
2379
2398
2356
2373
2414
2413
2391
2396
2403
2415
2394
2397
2413
2392
2337
2383
2444
2396
2366
2385
2384
2404
2417
2408
2409
2390
2377
2416
2431
2369
2316
2408
2432
2359
2359
2379
2371
2399
2414
2388
2404
2387
2396
2433
2396
2369
2426
2414
2335
2387
2430
2389
2421
2410
2367
2433
2430
2304
2352
2470
2424
2363
2378
2412
2440
2438
2435
2414
2405
2401
2388
2375
2382
2422
2403
2348
2372
2409
2381
2381
2409
2392
2357
2360
2392
2436
2395
2387
2423
2415
2381
2368
2418
2404
2378
2406
2392
2376
2386
2346
2358
2448
2420
2358
2404
2404
2395
2413
2393
2382
2379
2357
2379
2418
2372
2390
2447
2412
2367
2347
2369
2437
2409
2366
2438
2432
2361
2431
2460
2377
2398
2423
2363
2358
2415
2409
2376
2386
2415
2411
2394
2383
2413
2426
2365
2361
2406
2361
2343
2398
2405
2381
2401
2404
2394
2378
2388
2414
2404
2394
2378
2399
2403
2389
2414
2393
2375
2411
2401
2373
2387
2398
2429
2458
2404
2371
2398
2393
2372
2410
2437
2419
2381
2363
2398
2406
2426
2423
2379
2400
2442
2397
2364
2403
2420
2389
2352
2360
2437
2432
2398
2435
2398
2397
2413
2319
2349
2451
2371
2395
2471
2373
2350
2399
2393
2412
2420
2384
2395
2415
2394
2424
2450
2395
2352
2404
2408
2357
2402
2424
2381
2417
2404
2342
2415
2472
2369
2361
2448
2409
2355
2426
2457
2396
2396
2430
2382
2411
2451
2395
2374
2444
2425
2379
2417
2409
2389
2450
2410
2359
2410
2414
2368
2419
2450
2391
2407
2425
2370
2352
2394
2415
2383
2399
2394
2400
2426
2386
2362
2413
2392
2363
2400
2395
2354
2425
2462
2393
2385
2424
2419
2393
2391
2411
2384
2348
2406
2445
2355
2339
2441
2446
2361
2390
2468
2421
2369
2396
2384
2370
2420
2382
2352
2443
2414
2355
2437
2415
2342
2420
2428
2325
2395
2462
2349
2375
2468
2356
2350
2445
2368
2368
2420
2372
2354
2407
2379
2325
2400
2435
2352
2334
2417
2413
2361
2428
2458
2400
2412
2443
2394
2386
2398
2410
2401
2365
2373
2398
2416
2407
2380
2393
2431
2430
2370
2390
2433
2422
2392
2433
2432
2372
2364
2398
2408
2382
2339
2387
2462
2444
2374
2334
2330
2408
2436
2397
2416
2406
2396
2468
2438
2389
2416
2431
2399
2382
2429
2402
2374
2405
2393
2386
2404
2386
2396
2438
2423
2366
2362
2407
2401
2353
2402
2481
2448
2380
2395
2393
2322
2379
2425
2374
2368
2402
2382
2407
2416
2373
2398
2384
2345
2400
2414
2402
2427
2392
2384
2438
2391
2383
2430
2403
2415
2440
2403
2407
2392
2372
2374
2346
2392
2450
2372
2382
2437
2349
2350
2426
2396
2371
2389
2387
2396
2435
2452
2441
2390
2401
2456
2435
2353
2359
2430
2418
2389
2371
2353
2362
2417
2481
2458
2375
2394
2447
2401
2381
2425
2390
2377
2431
2442
2397
2419
2466
2422
2330
2398
2459
2360
2393
2458
2392
2379
2417
2382
2419
2449
2385
2384
2393
2342
2360
2403
2388
2407
2439
2389
2402
2450
2393
2371
2419
2428
2386
2379
2447
2452
2361
2364
2399
2378
2370
2397
2402
2444
2428
2345
2394
2441
2360
2332
2384
2397
2406
2389
2367
2393
2434
2396
2381
2413
2373
2380
2460
2392
2388
2431
2395
2391
2379
2382
2413
2389
2390
2435
2405
2413
2411
2312
2366
2474
2369
2277
2412
2445
2332
2367
2461
2416
2371
2369
2380
2395
2406
2378
2391
2441
2421
2385
2381
2367
2405
2442
2381
2363
2454
2421
2342
2399
2408
2390
2431
2399
2385
2425
2416
2371
2356
2375
2398
2416
2413
2407
2405
2367
2379
2428
2414
2402
2400
2390
2421
2439
2412
2374
2395
2410
2411
2433
2437
2430
2389
2382
2417
2363
2389
2465
2399
2361
2420
2384
2367
2424
2395
2387
2379
2343
2366
2399
2381
2385
2418
2388
2377
2408
2396
2389
2415
2406
2397
2393
2439
2476
2413
2387
2461
2412
2336
2388
2412
2398
2432
2417
2411
2396
2356
2389
2417
2377
2402
2432
2403
2425
2429
2356
2371
2468
2451
2345
2420
2465
2377
2402
2433
2401
2429
2410
2374
2428
2448
2394
2412
2438
2396
2357
2418
2408
2364
2436
2471
2394
2372
2406
2401
2365
2370
2393
2354
2378
2397
2368
2419
2433
2362
2387
2459
2413
2358
2399
2408
2406
2419
2370
2392
2435
2379
2388
2464
2421
2346
2387
2397
2397
2438
2399
2357
2435
2477
2461
2425
2398
2339
2349
2449
2446
2438
2455
2422
2403
2406
2426
2419
2364
2374
2387
2382
2420
2435
2352
2371
2480
2446
2364
2404
2384
2356
2447
2453
2398
2462
2457
2417
2391
2386
2424
2402
2346
2437
2459
2374
2383
2407
2393
2413
2401
2415
2434
2391
2331
2361
2445
2413
2353
2402
2396
2343
2398
2438
2421
2393
2350
2392
2483
2457
2353
2414
2475
2378
2369
2435
2418
2379
2356
2377
2406
2375
2396
2397
2362
2371
2376
2395
2437
2410
2402
2419
2436
2416
2373
2403
2447
2433
2421
2439
2393
2334
2386
2415
2386
2422
2427
2430
2405
2367
2405
2410
2373
2406
2393
2345
2424
2445
2352
2391
2435
2385
2398
2433
2391
2402
2431
2366
2340
2406
2425
2406
2380
2380
2402
2404
2376
2416
2400
2394
2436
2415
2423
2449
2375
2371
2411
2365
2360
2433
2436
2371
2411
2454
2375
2413
2462
2374
2384
2482
2425
2400
2440
2370
2348
2435
2455
2424
2362
2360
2441
2401
2333
2391
2406
2360
2372
2435
2418
2392
2391
2432
2427
2350
2359
2437
2416
2412
2421
2393
2399
2407
2365
2409
2444
2388
2390
2449
2383
2326
2431
2475
2380
2362
2383
2375
2369
2398
2402
2397
2450
2447
2372
2354
2391
2419
2413
2404
2358
2328
2389
2446
2440
2392
2366
2389
2374
2384
2444
2422
2357
2373
2399
2406
2409
2345
2375
2434
2396
2409
2446
2389
2376
2414
2410
2400
2404
2375
2395
2434
2410
2398
2431
2417
2395
2430
2425
2396
2383
2380
2424
2400
2361
2440
2458
2379
2386
2440
2401
2378
2443
2436
2366
2361
2397
2376
2379
2396
2374
2403
2448
2433
2415
2445
2423
2382
2389
2388
2386
2366
2399
2470
2414
2339
2402
2431
2361
2388
2433
2421
2396
2413
2433
2381
2423
2462
2366
2385
2473
2438
2384
2426
2413
2361
2372
2435
2422
2332
2383
2489
2391
2351
2404
2390
2375
2396
2406
2443
2442
2420
2416
2379
2353
2390
2426
2430
2393
2358
2417
2440
2368
2391
2433
2409
2394
2391
2424
2444
2406
2411
2393
2355
2397
2405
2375
2415
2423
2381
2390
2421
2396
2418
2427
2352
2368
2449
2399
2351
2403
2410
2395
2369
2383
2444
2395
2326
2379
2425
2371
2341
2365
2380
2363
2370
2391
2404
2422
2376
2371
2425
2407
2377
2408
2405
2389
2384
2418
2438
2397
2368
2418
2418
2352
2358
2397
2451
2444
2380
2415
2448
2352
2374
2449
2407
2386
2403
2403
2407
2424
2388
2388
2420
2388
2381
2435
2427
2376
2377
2423
2469
2423
2376
2424
2466
2421
2380
2388
2414
2398
2371
2419
2479
2401
2334
2421
2471
2390
2386
2396
2398
2439
2408
2371
2413
2418
2378
2380
2371
2373
2393
2403
2385
2370
2382
2385
2417
2379
2360
2410
2417
2394
2383
2398
2454
2444
2362
2375
2461
2427
2381
2411
2396
2353
2400
2457
2405
2345
2379
2443
2415
2357
2381
2421
2410
2404
2373
2376
2426
2386
2381
2405
2397
2438
2455
2388
2380
2399
2406
2425
2427
2408
2416
2385
2396
2427
2384
2384
2375
2367
2414
2416
2416
2406
2402
2422
2403
2371
2406
2391
2353
2410
2449
2406
2374
2390
2421
2375
2410
2460
2382
2393
2428
2324
2345
2459
2447
2394
2405
2410
2430
2410
2418
2439
2392
2408
2416
2353
2382
2413
2395
2438
2433
2361
2400
2410
2380
2395
2400
2390
2395
2379
2362
2426
2480
2391
2354
2450
2447
2380
2415
2433
2430
2411
2381
2424
2435
2381
2407
2417
2376
2397
2418
2423
2427
2346
2335
2406
2415
2404
2399
2396
2394
2357
2363
2449
2470
2394
2370
2397
2432
2395
2360
2432
2461
2411
2401
2417
2414
2417
2389
2384
2434
2369
2320
2358
2384
2412
2377
2376
2407
2388
2386
2394
2364
2381
2378
2367
2418
2429
2421
2429
2369
2368
2456
2418
2377
2438
2414
2391
2403
2358
2357
2415
2394
2376
2423
2370
2382
2480
2472
2363
2322
2394
2425
2375
2373
2414
2414
2368
2389
2421
2382
2358
2433
2433
2380
2381
2401
2394
2370
2372
2402
2396
2395
2389
2377
2353
2356
2393
2438
2426
2407
2412
2369
2372
2423
2371
2352
2378
2396
2446
2432
2370
2396
2400
2372
2390
2383
2360
2393
2423
2375
2401
2416
2323
2360
2460
2393
2378
2429
2366
2360
2423
2398
2380
2433
2420
2408
2436
2430
2387
2404
2441
2404
2369
2410
2439
2406
2381
2406
2402
2383
2430
2456
2394
2369
2413
2402
2380
2417
2422
2423
2431
2422
2417
2391
2394
2438
2431
2361
2370
2397
2340
2359
2429
2389
2412
2425
2351
2394
2462
2389
2338
2418
2427
2348
2368
2457
2428
2377
2399
2425
2385
2397
2402
2403
2406
2353
2372
2437
2417
2405
2421
2385
2362
2418
2414
2388
2423
2418
2361
2374
2385
2384
2404
2394
2375
2438
2434
2404
2396
2363
2379
2434
2425
2364
2359
2394
2378
2375
2401
2430
2426
2382
2395
2446
2389
2346
2415
2435
2395
2384
2403
2441
2427
2349
2389
2467
2372
2347
2432
2402
2369
2384
2376
2420
2403
2346
2406
2392
2324
2417
2469
2344
2349
2459
2376
2337
2387
2358
2410
2469
2379
2384
2444
2375
2390
2455
2413
2379
2407
2400
2394
2389
2370
2389
2410
2410
2421
2431
2381
2404
2439
2395
2374
2430
2419
2362
2368
2375
2412
2435
2380
2350
2430
2412
2347
2418
2444
2402
2412
2384
2396
2440
2376
2335
2406
2438
2433
2390
2367
2408
2391
2381
2425
2399
2409
2449
2383
2374
2441
2390
2344
2378
2392
2349
2348
2416
2423
2370
2420
2425
2358
2379
2421
2421
2424
2412
2380
2442
2464
2411
2441
2422
2342
2404
2419
2361
2441
2451
2357
2440
2460
2324
2360
2445
2375
2360
2412
2380
2368
2435
2405
2380
2441
2432
2403
2449
2416
2374
2410
2352
2340
2437
2388
2381
2448
2399
2365
2400
2386
2399
2450
2376
2378
2479
2395
2383
2468
2363
2334
2427
2394
2388
2435
2373
2352
2437
2412
2318
2385
2445
2412
2411
2385
2389
2412
2372
2373
2401
2384
2411
2470
2412
2375
2409
2371
2383
2407
2358
2363
2365
2344
2375
2406
2406
2412
2426
2371
2332
2411
2415
2369
2393
2412
2447
2444
2351
2374
2460
2380
2351
2442
2407
2368
2436
2431
2406
2420
2417
2427
2452
2404
2363
2432
2412
2345
2424
2455
2395
2391
2440
2425
2380
2374
2424
2460
2392
2353
2418
2402
2365
2403
2402
2393
2433
2456
2390
2378
2441
2407
2357
2414
2413
2358
2407
2393
2383
2437
2400
2381
2436
2419
2385
2429
2431
2400
2380
2367
2406
2398
2363
2467
2457
2284
2364
2479
2368
2405
2487
2379
2372
2447
2397
2394
2418
2389
2406
2427
2397
2387
2378
2389
2415
2386
2379
2407
2431
2380
2372
2466
2447
2381
2431
2448
2395
2386
2433
2400
2413
2432
2393
2414
2407
2382
2404
2376
2399
2463
2397
2371
2392
2376
2397
2404
2382
2395
2384
2350
2418
2446
2390
2425
2440
2377
2367
2419
2413
2377
2399
2406
2429
2467
2408
2369
2430
2434
2373
2355
2381
2423
2416
2393
2397
2399
2392
2354
2422
2493
2376
2337
2465
2455
2379
2407
2443
2431
2381
2337
2380
2392
2380
2418
2420
2389
2421
2428
2415
2468
2411
2347
2402
2424
2400
2388
2412
2420
2382
2412
2440
2372
2365
2411
2385
2358
2400
2396
2386
2401
2420
2409
2382
2390
2419
2415
2418
2391
2350
2424
2463
2365
2345
2422
2409
2379
2393
2405
2404
2369
2376
2408
2400
2371
2392
2398
2354
2350
2371
2418
2397
2376
2441
2418
2349
2411
2432
2349
2393
2442
2364
2362
2412
2385
2396
2447
2425
2394
2371
2392
2390
2341
2373
2418
2413
2424
2386
2379
2442
2390
2372
2469
2435
2399
2410
2367
2395
2431
2387
2398
2392
2415
2391
2331
2400
2438
2353
2414
2457
2356
2377
2434
2395
2393
2422
2416
2401
2412
2396
2381
2400
2383
2385
2385
2386
2391
2402
2417
2393
2354
2374
2402
2390
2370
2393
2436
2448
2401
2361
2429
2482
2416
2409
2434
2404
2382
2427
2387
2371
2487
2440
2321
2422
2473
2378
2367
2446
2401
2354
2410
2407
2422
2429
2383
2382
2400
2402
2398
2378
2381
2418
2423
2382
2391
2406
2367
2380
2405
2388
2367
2402
2449
2401
2404
2456
2381
2331
2431
2444
2334
2357
2451
2435
2378
2420
2399
2337
2398
2416
2392
2427
2437
2420
2410
2404
2409
2405
2385
2399
2413
2395
2439
2451
2392
2445
2464
2381
2367
2438
2404
2372
2396
2405
2389
2347
2372
2451
2411
2364
2437
2452
2416
2403
2381
2363
2377
2410
2374
2340
2427
2480
2401
2366
2457
2461
2377
2394
2425
2346
2342
2407
2428
2435
2408
2395
2438
2407
2329
2428
2484
2392
2391
2430
2388
2410
2447
2395
2395
2422
2366
2370
2453
2404
2361
2444
2407
2348
2433
2440
2356
2390
2415
2367
2407
2446
2407
2378
2376
2363
2417
2420
2398
2414
2439
2392
2375
2429
2411
2391
2409
2407
2396
2372
2351
2399
2378
2343
2427
2474
2362
2345
2409
2387
2404
2456
2406
2349
2399
2453
2432
2407
2421
2409
2371
2404
2412
2426
2429
2377
2390
2429
2412
2411
2435
2450
2413
2383
2413
2422
2339
2372
2437
2384
2360
2402
2372
2359
2406
2390
2397
2434
2431
2405
2413
2410
2400
2419
2411
2411
2385
2360
2410
2399
2377
2401
2407
2423
2415
2373
2397
2439
2395
2408
2456
2394
2383
2441
2408
2405
2435
2408
2421
2438
2383
2398
2437
2404
2364
2378
2421
2415
2395
2401
2392
2396
2392
2398
2389
2358
2397
2453
2400
2365
2438
2472
2415
2391
2377
2383
2421
2418
2341
2355
2415
2373
2366
2437
2374
2341
2414
2396
2392
2424
2398
2411
2407
2357
2435
2438
2344
2370
2403
2359
2397
2404
2373
2419
2434
2394
2386
2361
2386
2468
2440
2430
2447
2380
2351
2407
2408
2403
2424
2408
2434
2448
2403
2436
2422
2374
2406
2427
2407
2395
2414
2440
2389
2388
2450
2382
2344
2451
2436
2335
2333
2396
2430
2400
2330
2406
2476
2381
2315
2387
2438
2378
2341
2415
2459
2391
2351
2413
2392
2350
2406
2437
2392
2375
2402
2411
2374
2380
2430
2410
2383
2419
2423
2365
2350
2367
2429
2453
2361
2387
2467
2402
2369
2414
2384
2386
2402
2406
2418
2434
2407
2391
2411
2404
2409
2429
2411
2371
2386
2391
2357
2371
2405
2395
2391
2414
2419
2396
2384
2380
2392
2423
2360
2361
2424
2413
2402
2423
2428
2417
2415
2385
2426
2466
2409
2385
2396
2388
2426
2421
2392
2363
2368
2387
2371
2388
2442
2408
2405
2445
2417
2377
2381
2380
2409
2407
2390
2423
2392
2333
2372
2427
2415
2375
2378
2421
2427
2371
2396
2469
2428
2367
2396
2445
2408
2386
2424
2430
2394
2394
2392
2391
2389
2396
2410
2391
2409
2475
2408
2359
2443
2428
2384
2417
2386
2377
2408
2396
2412
2430
2451
2434
2385
2418
2432
2398
2419
2439
2415
2402
2464
2470
2397
2396
2417
2379
2365
2372
2398
2422
2395
2423
2432
2379
2416
2386
2332
2405
2418
2360
2407
2425
2415
2436
2391
2349
2359
2376
2406
2414
2435
2429
2383
2414
2447
2366
2378
2430
2353
2360
2435
2403
2399
2393
2337
2435
2460
2393
2432
2415
2365
2413
2399
2378
2419
2378
2428
2459
2357
2418
2484
2337
2321
2457
2405
2350
2437
2384
2366
2444
2441
2406
2387
2351
2377
2404
2395
2383
2382
2373
2382
2390
2386
2396
2398
2411
2412
2410
2401
2386
2375
2396
2414
2407
2426
2436
2405
2414
2410
2397
2401
2373
2363
2415
2401
2367
2404
2441
2447
2418
2374
2400
2426
2398
2427
2454
2420
2379
2402
2405
2363
2375
2394
2402
2435
2418
2395
2426
2398
2354
2411
2406
2365
2427
2438
2396
2389
2392
2431
2436
2384
2386
2421
2410
2399
2413
2409
2417
2417
2431
2452
2434
2371
2383
2396
2402
2430
2396
2404
2456
2376
2359
2481
2469
2376
2431
2434
2343
2376
2450
2410
2395
2394
2350
2364
2381
2367
2384
2406
2430
2368
2355
2422
2419
2359
2389
2412
2388
2396
2378
2375
2408
2417
2402
2378
2406
2412
2389
2430
2415
2365
2385
2406
2400
2405
2407
2364
2368
2428
2414
2396
2409
2381
2373
2418
2396
2381
2382
2382
2395
2406
2426
2397
2346
2367
2403
2429
2419
2382
2395
2461
2410
2316
2412
2461
2344
2359
2429
2373
2382
2444
2436
2425
2410
2407
2406
2380
2390
2375
2379
2384
2364
2407
2444
2369
2381
2433
2383
2392
2445
2416
2398
2425
2402
2397
2398
2372
2393
2390
2362
2397
2405
2407
2418
2378
2402
2464
2394
2345
2432
2440
2364
2393
2472
2470
2413
2409
2432
2381
2343
2357
2405
2439
2414
2419
2454
2404
2368
2368
2420
2448
2392
2394
2425
2380
2391
2392
2381
2425
2407
2359
2376
2389
2385
2421
2406
2384
2399
2365
2359
2397
2398
2373
2434
2458
2390
2397
2425
2390
2397
2437
2405
2344
2408
2432
2387
2382
2409
2379
2397
2434
2375
2356
2425
2413
2376
2419
2447
2387
2364
2412
2412
2383
2384
2347
2349
2407
2400
2359
2394
2403
2367
2369
2358
2363
2411
2439
2394
2393
2428
2398
2426
2432
2382
2394
2398
2358
2403
2429
2330
2345
2454
2440
2409
2408
2425
2415
2423
2420
2408
2397
2395
2370
2396
2435
2432
2397
2361
2393
2433
2404
2398
2395
2365
2402
2413
2329
2350
2484
2445
2334
2415
2404
2332
2391
2368
2333
2409
2432
2408
2390
2362
2377
2399
2379
2389
2393
2364
2387
2386
2370
2430
2432
2417
2443
2421
2407
2407
2394
2419
2411
2345
2409
2449
2365
2350
2403
2388
2378
2404
2391
2399
2396
2395
2433
2436
2348
2339
2394
2405
2408
2406
2402
2410
2376
2386
2450
2405
2356
2413
2399
2383
2411
2378
2391
2412
2381
2366
2407
2385
2339
2405
2407
2395
2461
2421
2336
2400
2480
2418
2371
2404
2429
2431
2390
2390
2408
2378
2392
2460
2401
2394
2430
2381
2378
2399
2382
2417
2385
2356
2450
2433
2330
2385
2443
2409
2416
2438
2427
2393
2356
2386
2397
2368
2366
2382
2400
2397
2359
2407
2454
2382
2392
2450
2398
2373
2456
2420
2331
2410
2488
2444
2408
2432
2420
2423
2396
2347
2419
2468
2371
2360
2439
2450
2425
2385
2376
2457
2430
2360
2409
2459
2398
2419
2433
2378
2439
2456
2363
2370
2411
2431
2415
2427
2454
2404
2403
2456
2414
2391
2428
2402
2403
2428
2368
2374
2432
2390
2338
2383
2414
2384
2393
2430
2387
2345
2386
2409
2394
2407
2409
2402
2420
2423
2439
2414
2391
2420
2398
2373
2413
2406
2386
2399
2406
2384
2405
2384
2399
2431
2383
2346
2425
2405
2336
2354
2356
2352
2429
2447
2366
2381
2412
2368
2358
2390
2383
2359
2389
2407
2407
2423
2420
2412
2452
2435
2358
2370
2413
2396
2416
2408
2378
2418
2417
2313
2365
2436
2331
2339
2415
2403
2403
2423
2398
2409
2408
2408
2386
2371
2380
2376
2388
2412
2417
2419
2395
2358
2400
2418
2351
2408
2466
2429
2370
2370
2385
2399
2384
2377
2389
2394
2403
2387
2380
2411
2417
2380
2377
2394
2422
2457
2414
2383
2434
2409
2348
2381
2405
2390
2408
2378
2368
2419
2401
2404
2439
2393
2346
2368
2394
2393
2409
2394
2394
2413
2405
2380
2386
2421
2421
2394
2360
2370
2412
2411
2436
2426
2380
2424
2420
2389
2423
2422
2372
2413
2427
2397
2432
2407
2381
2413
2348
2353
2463
2420
2353
2385
2411
2397
2408
2404
2380
2412
2423
2385
2405
2440
2402
2390
2408
2385
2370
2391
2414
2420
2406
2397
2392
2378
2352
2372
2397
2375
2421
2463
2405
2402
2412
2363
2394
2483
2409
2326
2401
2456
2399
2396
2429
2384
2350
2407
2404
2370
2404
2417
2404
2422
2409
2409
2441
2367
2349
2418
2379
2371
2403
2400
2403
2407
2395
2407
2394
2346
2384
2453
2403
2382
2435
2430
2401
2410
2399
2438
2434
2354
2374
2443
2416
2369
2357
2374
2449
2434
2376
2375
2390
2415
2437
2423
2396
2436
2437
2389
2397
2425
2369
2377
2457
2421
2355
2391
2419
2400
2366
2397
2425
2421
2399
2378
2388
2394
2399
2392
2386
2369
2350
2422
2485
2367
2333
2477
2429
2309
2389
2469
2387
2364
2423
2393
2393
2411
2372
2370
2453
2449
2340
2314
2368
2399
2365
2360
2405
2405
2390
2375
2374
2409
2390
2359
2413
2369
2339
2396
2415
2413
2380
2354
2412
2439
2361
2384
2450
2420
2389
2368
2378
2412
2372
2347
2383
2394
2375
2420
2446
2396
2395
2386
2379
2415
2396
2366
2406
2414
2374
2382
2355
2358
2384
2318
2366
2434
2369
2387
2454
2423
2372
2338
2364
2408
2373
2379
2445
2381
2361
2434
2393
2342
2397
2421
2388
2338
2371
2420
2393
2397
2410
2407
2418
2405
2366
2367
2420
2421
2384
2415
2442
2392
2379
2441
2425
2348
2407
2453
2379
2397
2426
2361
2385
2412
2354
2362
2424
2365
2359
2408
2400
2389
2459
2446
2341
2390
2439
2359
2353
2393
2406
2402
2379
2411
2451
2394
2392
2453
2382
2363
2419
2411
2404
2415
2406
2412
2385
2379
2442
2446
2366
2370
2465
2425
2352
2426
2421
2367
2394
2383
2359
2411
2434
2380
2395
2413
2386
2376
2387
2422
2437
2406
2338
2371
2441
2413
2401
2401
2366
2439
2463
2369
2391
2450
2380
2358
2464
2422
2314
2391
2430
2391
2365
2414
2447
2393
2379
2445
2442
2420
2393
2379
2419
2423
2350
2364
2407
2398
2371
2364
2377
2406
2389
2375
2405
2428
2407
2422
2438
2375
2382
2432
2408
2410
2422
2382
2385
2451
2388
2356
2444
2400
2327
2422
2398
2337
2456
2454
2320
2347
2436
2375
2354
2444
2426
2392
2448
2417
2368
2396
2400
2378
2418
2448
2400
2397
2427
2435
2350
2326
2437
2400
2334
2393
2435
2437
2408
2387
2424
2420
2368
2369
2387
2382
2414
2419
2375
2405
2391
2367
2408
2384
2321
2390
2435
2341
2353
2434
2404
2373
2372
2391
2383
2397
2419
2388
2393
2397
2388
2430
2410
2392
2394
2385
2374
2402
2405
2394
2392
2369
2369
2434
2453
2387
2351
2402
2401
2379
2409
2411
2416
2428
2395
2382
2417
2413
2376
2420
2419
2349
2384
2418
2401
2417
2450
2389
2383
2423
2415
2425
2426
2407
2437
2401
2361
2418
2419
2395
2422
2398
2363
2417
2459
2415
2398
2408
2412
2424
2405
2373
2399
2392
2377
2424
2391
2392
2450
2386
2362
2440
2405
2383
2449
2439
2387
2390
2434
2444
2429
2396
2345
2389
2435
2430
2418
2370
2337
2443
2417
2335
2439
2431
2313
2384
2462
2392
2379
2433
2389
2351
2443
2447
2326
2375
2449
2415
2421
2423
2385
2383
2366
2387
2444
2430
2418
2441
2390
2364
2425
2412
2401
2462
2415
2405
2478
2424
2342
2392
2389
2345
2386
2422
2420
2431
2391
2382
2422
2404
2387
2405
2391
2390
2397
2403
2418
2412
2403
2445
2440
2408
2418
2389
2351
2420
2422
2398
2390
2335
2373
2422
2366
2409
2436
2390
2425
2421
2396
2447
2401
2327
2366
2428
2431
2431
2403
2391
2439
2447
2416
2390
2391
2430
2419
2391
2417
2436
2382
2362
2371
2399
2419
2411
2418
2424
2458
2425
2348
2406
2458
2369
2410
2501
2407
2390
2421
2359
2385
2432
2382
2386
2421
2399
2387
2419
2417
2394
2371
2384
2412
2372
2385
2448
2412
2326
2386
2426
2421
2469
2434
2396
2427
2413
2411
2456
2402
2356
2433
2432
2409
2412
2359
2370
2406
2391
2390
2398
2427
2412
2378
2398
2438
2433
2402
2387
2399
2398
2353
2407
2438
2395
2418
2422
2365
2415
2475
2394
2334
2379
2426
2380
2365
2411
2382
2391
2457
2411
2355
2394
2421
2426
2447
2394
2366
2417
2391
2368
2435
2424
2371
2389
2433
2439
2374
2358
2436
2427
2384
2415
2394
2395
2440
2391
2365
2432
2413
2344
2380
2430
2375
2358
2396
2395
2377
2391
2361
2375
2451
2391
2345
2443
2428
2328
2413
2490
2392
2361
2430
2414
2387
2385
2359
2352
2390
2390
2393
2396
2396
2403
2401
2389
2361
2405
2454
2343
2356
2452
2399
2357
2408
2412
2383
2397
2405
2434
2444
2390
2389
2421
2372
2366
2414
2392
2372
2398
2393
2344
2388
2415
2376
2351
2395
2442
2399
2356
2397
2419
2375
2393
2446
2433
2405
2391
2406
2444
2414
2377
2414
2424
2389
2407
2463
2414
2317
2374
2463
2395
2360
2400
2396
2381
2380
2399
2463
2434
2382
2369
2388
2432
2384
2356
2438
2408
2371
2425
2418
2403
2408
2391
2405
2409
2387
2405
2425
2408
2417
2402
2379
2402
2389
2362
2380
2419
2401
2392
2419
2393
2371
2396
2389
2412
2432
2404
2373
2377
2429
2387
2324
2390
2467
2371
2360
2452
2409
2369
2410
2423
2441
2411
2359
2398
2441
2386
2399
2438
2385
2383
2408
2424
2398
2375
2433
2454
2376
2391
2440
2400
2387
2404
2395
2428
2438
2389
2370
2383
2379
2372
2369
2391
2416
2422
2404
2416
2398
2401
2442
2428
2402
2402
2368
2385
2426
2418
2419
2461
2393
2349
2439
2399
2359
2471
2445
2333
2375
2434
2381
2392
2410
2398
2413
2409
2411
2403
2398
2375
2378
2420
2423
2397
2358
2393
2421
2362
2389
2462
2386
2388
2449
2370
2377
2440
2354
2359
2422
2404
2418
2381
2340
2396
2407
2372
2386
2420
2420
2411
2385
2419
2461
2399
2375
2402
2395
2383
2368
2355
2424
2450
2389
2408
2432
2384
2381
2430
2404
2353
2387
2396
2395
2436
2452
2371
2314
2380
2451
2441
2380
2396
2418
2418
2405
2389
2427
2422
2346
2395
2465
2422
2384
2426
2397
2387
2435
2396
2355
2394
2428
2413
2425
2435
2340
2321
2413
2408
2381
2402
2402
2382
2383
2406
2432
2405
2353
2401
2397
2344
2416
2427
2394
2359
2350
2427
2436
2367
2378
2448
2436
2376
2369
2392
2371
2389
2405
2401
2408
2408
2377
2368
2386
2405
2425
2408
2382
2392
2354
2346
2423
2426
2383
2373
2439
2468
2436
2400
2374
2363
2402
2422
2343
2348
2456
2403
2334
2387
2425
2415
2390
2358
2369
2415
2387
2360
2383
2408
2417
2410
2431
2436
2363
2361
2414
2376
2353
2428
2436
2372
2421
2437
2370
2360
2409
2395
2409
2460
2358
2332
2458
2436
2373
2400
2420
2366
2333
2413
2425
2393
2381
2358
2393
2429
2405
2428
2440
2365
2380
2435
2361
2336
2441
2450
2389
2367
2399
2427
2386
2374
2431
2428
2357
2377
2395
2381
2450
2445
2373
2408
2417
2388
2419
2417
2396
2397
2382
2418
2427
2386
2411
2430
2397
2369
2385
2396
2366
2352
2452
2475
2365
2389
2472
2369
2333
2391
2363
2377
2446
2397
2364
2447
2435
2366
2389
2399
2369
2377
2420
2424
2397
2398
2412
2394
2423
2445
2371
2409
2457
2355
2353
2453
2445
2370
2384
2420
2400
2392
2412
2401
2375
2396
2401
2404
2362
2282
2392
2489
2362
2349
2481
2402
2354
2471
2430
2339
2401
2454
2413
2392
2427
2464
2391
2363
2423
2385
2354
2410
2430
2435
2390
2361
2372
2358
2416
2421
2386
2453
2415
2358
2447
2398
2323
2420
2446
2379
2430
2431
2353
2384
2415
2396
2418
2417
2357
2378
2399
2405
2427
2438
2388
2392
2418
2350
2341
2416
2438
2392
2353
2410
2440
2340
2342
2442
2407
2363
2395
2429
2409
2381
2434
2458
2416
2408
2420
2387
2391
2373
2371
2411
2375
2374
2448
2423
2361
2386
2380
2359
2398
2382
2343
2394
2421
2371
2414
2442
2359
2402
2416
2355
2388
2422
2377
2412
2442
2409
2406
2429
2434
2427
2365
2408
2405
2328
2422
2453
2360
2386
2453
2397
2370
2430
2366
2300
2394
2411
2347
2434
2468
2386
2365
2420
2420
2364
2403
2427
2405
2430
2426
2397
2411
2395
2384
2418
2394
2404
2450
2379
2414
2460
2395
2362
2385
2403
2387
2413
2445
2434
2440
2442
2412
2436
2431
2401
2421
2422
2402
2389
2399
2447
2422
2338
2403
2456
2377
2361
2432
2431
2364
2394
2456
2347
2355
2451
2363
2377
2478
2435
2395
2413
2363
2411
2442
2349
2428
2473
2373
2371
2400
2345
2378
2440
2439
2437
2442
2400
2365
2393
2407
2364
2357
2382
2395
2416
2391
2377
2409
2370
2402
2431
2353
2360
2408
2352
2373
2425
2401
2395
2394
2392
2426
2430
2416
2397
2381
2442
2436
2351
2389
2448
2394
2384
2383
2346
2439
2466
2330
2345
2457
2411
2381
2432
2414
2406
2410
2323
2368
2443
2340
2360
2438
2389
2405
2428
2386
2447
2441
2357
2405
2444
2414
2422
2358
2345
2472
2434
2362
2450
2432
2336
2376
2419
2393
2401
2365
2356
2390
2375
2414
2438
2397
2421
2446
2355
2376
2488
2383
2330
2435
2424
2394
2453
2454
2396
2385
2432
2417
2392
2430
2394
2368
2446
2422
2338
2412
2420
2346
2424
2416
2371
2461
2427
2355
2399
2393
2350
2411
2452
2390
2390
2409
2407
2355
2371
2452
2399
2353
2382
2364
2442
2448
2326
2380
2433
2367
2443
2461
2338
2367
2396
2381
2413
2374
2371
2401
2404
2449
2421
2367
2408
2406
2387
2422
2413
2376
2419
2392
2356
2420
2407
2349
2393
2371
2386
2450
2369
2337
2448
2420
2376
2415
2388
2393
2432
2368
2394
2482
2410
2375
2447
2401
2365
2407
2389
2375
2394
2396
2414
2433
2376
2314
2394
2438
2368
2404
2447
2402
2320
2346
2421
2370
2368
2430
2395
2361
2413
2417
2434
2457
2346
2387
2522
2411
2318
2399
2440
2362
2339
2414
2428
2364
2356
2400
2417
2380
2347
2388
2432
2355
2344
2454
2426
2324
2399
2415
2332
2370
2454
2429
2390
2385
2390
2409
2425
2417
2437
2419
2368
2385
2396
2404
2442
2362
2352
2462
2451
2348
2395
2473
2425
2366
2370
2415
2444
2381
2354
2389
2418
2370
2344
2405
2406
2366
2406
2414
2371
2409
2386
2354
2411
2414
2379
2379
2404
2431
2395
2408
2438
2366
2375
2462
2410
2344
2429
2424
2334
2427
2468
2363
2370
2394
2373
2404
2430
2464
2416
2350
2396
2399
2386
2429
2407
2389
2381
2325
2337
2403
2399
2406
2413
2368
2382
2433
2394
2393
2408
2367
2446
2474
2357
2353
2434
2408
2412
2449
2378
2354
2401
2389
2352
2353
2371
2402
2411
2417
2435
2414
2403
2457
2444
2392
2406
2394
2426
2438
2355
2399
2461
2354
2353
2453
2409
2318
2391
2448
2386
2372
2428
2435
2362
2360
2411
2376
2358
2425
2432
2346
2371
2444
2418
2364
2393
2439
2383
2353
2418
2418
2396
2405
2403
2433
2424
2316
2382
2494
2370
2283
2435
2447
2353
2376
2392
2402
2394
2333
2370
2445
2428
2386
2414
2395
2381
2419
2403
2394
2414
2378
2371
2417
2425
2412
2416
2398
2399
2408
2398
2390
2384
2380
2409
2415
2363
2396
2469
2425
2370
2402
2409
2354
2338
2389
2417
2405
2407
2373
2369
2409
2402
2356
2408
2367
2309
2373
2396
2392
2447
2402
2376
2472
2453
2344
2410
2437
2374
2395
2423
2390
2384
2402
2405
2399
2412
2396
2402
2435
2407
2372
2405
2405
2379
2400
2406
2349
2349
2414
2434
2396
2428
2433
2348
2374
2455
2386
2328
2443
2485
2369
2374
2414
2356
2356
2401
2392
2355
2388
2389
2395
2383
2380
2425
2404
2395
2400
2357
2406
2455
2416
2425
2455
2398
2373
2417
2437
2417
2397
2399
2413
2404
2402
2423
2409
2362
2378
2446
2433
2378
2370
2396
2391
2377
2381
2409
2403
2370
2389
2392
2379
2398
2438
2426
2363
2379
2470
2409
2341
2407
2393
2352
2413
2446
2444
2409
2366
2377
2384
2378
2407
2425
2409
2414
2403
2397
2386
2354
2413
2462
2388
2377
2417
2387
2392
2445
2426
2371
2366
2397
2406
2408
2435
2435
2400
2423
2412
2385
2397
2420
2403
2375
2400
2415
2436
2401
2316
2351
2462
2408
2303
2400
2441
2376
2408
2408
2394
2408
2390
2396
2454
2457
2417
2390
2420
2417
2345
2405
2437
2347
2350
2442
2420
2383
2420
2418
2362
2399
2424
2350
2361
2414
2407
2421
2400
2371
2430
2417
2382
2415
2396
2356
2440
2444
2386
2401
2432
2377
2398
2441
2408
2378
2406
2404
2399
2419
2407
2436
2418
2378
2408
2416
2403
2373
2362
2412
2405
2378
2410
2376
2378
2427
2402
2421
2451
2383
2408
2479
2434
2417
2412
2377
2373
2429
2412
2380
2398
2418
2361
2396
2426
2342
2396
2435
2339
2387
2429
2353
2371
2427
2398
2391
2442
2448
2402
2390
2430
2405
2365
2386
2370
2355
2370
2394
2409
2393
2394
2376
2350
2408
2441
2382
2373
2398
2387
2417
2459
2381
2340
2433
2390
2335
2419
2420
2336
2362
2413
2401
2454
2435
2356
2440
2484
2393
2387
2413
2358
2379
2447
2455
2407
2362
2368
2412
2445
2412
2350
2364
2394
2364
2361
2431
2405
2336
2379
2412
2378
2403
2389
2341
2374
2402
2403
2422
2424
2405
2371
2415
2402
2394
2420
2394
2414
2444
2393
2351
2393
2432
2383
2389
2426
2372
2360
2453
2386
2353
2451
2389
2321
2419
2422
2359
2416
2416
2346
2367
2456
2452
2346
2316
2383
2396
2390
2390
2407
2426
2367
2342
2401
2423
2417
2389
2360
2390
2396
2356
2409
2435
2402
2396
2408
2430
2409
2396
2409
2396
2377
2394
2415
2435
2388
2374
2427
2412
2399
2422
2386
2363
2387
2397
2403
2397
2398
2408
2400
2411
2359
2314
2397
2417
2359
2414
2432
2380
2388
2431
2412
2347
2353
2409
2421
2373
2367
2433
2403
2361
2388
2403
2383
2362
2403
2457
2362
2355
2427
2357
2379
2485
2336
2312
2447
2406
2377
2428
2375
2397
2435
2370
2363
2427
2423
2410
2401
2392
2396
2407
2389
2405
2439
2408
2354
2401
2460
2391
2352
2413
2407
2418
2465
2417
2369
2475
2459
2352
2411
2429
2383
2421
2395
2378
2482
2432
2354
2438
2469
2345
2363
2441
2394
2395
2414
2446
2457
2398
2361
2377
2430
2397
2380
2458
2463
2406
2408
2410
2350
2372
2413
2374
2357
2411
2376
2367
2419
2426
2442
2443
2368
2408
2436
2385
2357
2371
2401
2424
2454
2408
2395
2438
2360
2350
2447
2400
2371
2446
2416
2369
2416
2380
2372
2405
2369
2366
2432
2395
2390
2432
2376
2389
2444
2410
2379
2345
2404
2450
2366
2366
2423
2407
2390
2406
2417
2441
2434
2384
2397
2438
2415
2386
2362
2364
2426
2427
2354
2325
2438
2464
2392
2396
2413
2419
2413
2374
2387
2423
2419
2411
2431
2380
2375
2427
2381
2349
2408
2410
2373
2365
2393
2411
2385
2379
2431
2423
2414
2404
2362
2391
2410
2373
2382
2408
2395
2414
2440
2377
2378
2423
2401
2428
2444
2438
2446
2409
2360
2399
2458
2378
2357
2467
2416
2336
2437
2456
2386
2374
2388
2440
2444
2393
2389
2410
2379
2360
2355
2416
2436
2367
2413
2431
2352
2392
2410
2347
2390
2437
2398
2403
2391
2374
2400
2366
2342
2382
2355
2381
2440
2356
2345
2442
2367
2346
2443
2432
2409
2481
2440
2349
2399
2479
2409
2388
2400
2385
2449
2436
2345
2380
2403
2337
2359
2440
2445
2402
2414
2432
2364
2388
2407
2375
2371
2393
2420
2422
2420
2421
2411
2446
2428
2398
2406
2411
2440
2425
2395
2434
2395
2335
2422
2441
2355
2415
2416
2360
2389
2404
2398
2417
2378
2367
2424
2384
2350
2435
2421
2330
2380
2463
2415
2400
2407
2400
2379
2375
2389
2395
2409
2374
2351
2410
2426
2397
2418
2414
2398
2444
2416
2369
2444
2444
2335
2429
2501
2376
2387
2435
2368
2344
2400
2449
2455
2412
2414
2419
2390
2426
2415
2332
2383
2459
2405
2395
2400
2386
2397
2393
2370
2399
2408
2363
2367
2401
2393
2374
2359
2396
2400
2378
2394
2437
2432
2373
2357
2391
2400
2374
2363
2392
2451
2432
2382
2402
2406
2404
2405
2392
2380
2411
2421
2398
2389
2422
2425
2380
2403
2425
2382
2401
2389
2384
2418
2455
2382
2332
2403
2429
2382
2383
2396
2375
2348
2401
2466
2418
2356
2403
2461
2393
2348
2425
2417
2381
2413
2426
2372
2363
2400
2380
2382
2430
2422
2358
2400
2479
2408
2377
2423
2363
2339
2412
2395
2345
2388
2418
2355
2326
2394
2446
2422
2342
2358
2402
2339
2356
2414
2383
2393
2428
2381
2378
2422
2391
2375
2423
2415
2381
2407
2446
2404
2372
2411
2443
2413
2355
2363
2397
2400
2394
2392
2426
2418
2391
2428
2442
2375
2380
2418
2390
2374
2398
2417
2420
2424
2415
2441
2406
2332
2382
2448
2415
2404
2429
2394
2354
2370
2419
2428
2449
2442
2364
2415
2446
2336
2337
2425
2412
2395
2417
2410
2379
2383
2437
2456
2397
2390
2393
2374
2400
2434
2437
2400
2356
2388
2461
2429
2363
2373
2416
2402
2393
2409
2451
2436
2383
2365
2409
2427
2391
2398
2427
2397
2399
2445
2383
2354
2423
2385
2359
2417
2372
2338
2444
2444
2370
2408
2427
2399
2388
2383
2383
2394
2429
2370
2373
2448
2417
2366
2430
2432
2400
2388
2366
2391
2436
2398
2391
2424
2390
2378
2394
2371
2393
2422
2365
2392
2428
2353
2347
2395
2357
2371
2452
2421
2401
2434
2404
2376
2426
2411
2344
2406
2467
2389
2416
2464
2369
2370
2414
2371
2373
2424
2416
2390
2410
2413
2363
2350
2400
2438
2415
2379
2355
2369
2450
2433
2366
2437
2449
2365
2382
2409
2362
2365
2406
2400
2413
2437
2373
2383
2410
2369
2379
2455
2440
2376
2418
2421
2376
2404
2416
2385
2389
2385
2371
2435
2417
2357
2396
2405
2392
2426
2397
2390
2432
2358
2344
2418
2376
2351
2419
2388
2367
2409
2387
2368
2402
2432
2427
2441
2416
2357
2407
2428
2375
2410
2462
2377
2375
2406
2360
2358
2406
2391
2378
2395
2380
2387
2437
2357
2325
2422
2425
2359
2394
2436
2402
2378
2382
2421
2396
2357
2394
2425
2404
2359
2364
2410
2426
2384
2390
2431
2420
2385
2392
2391
2405
2443
2420
2381
2404
2408
2379
2431
2469
2381
2390
2448
2407
2363
2350
2412
2480
2400
2360
2452
2429
2372
2403
2439
2414
2364
2389
2432
2414
2369
2374
2438
2428
2387
2395
2396
2411
2425
2365
2364
2432
2418
2355
2367
2385
2400
2423
2401
2406
2416
2377
2395
2421
2369
2370
2453
2435
2358
2355
2419
2417
2371
2396
2433
2411
2397
2450
2385
2343
2441
2460
2375
2360
2397
2411
2403
2392
2368
2374
2374
2346
2411
2476
2396
2385
2419
2403
2390
2387
2390
2390
2353
2391
2478
2409
2292
2373
2485
2434
2336
2368
2449
2374
2351
2493
2496
2349
2327
2392
2425
2423
2331
2326
2436
2446
2372
2389
2425
2381
2384
2425
2427
2399
2373
2423
2458
2397
2397
2457
2374
2335
2414
2421
2383
2402
2399
2357
2357
2370
2385
2372
2380
2413
2401
2357
2364
2465
2431
2357
2449
2435
2326
2413
2458
2339
2374
2445
2391
2411
2424
2405
2447
2431
2354
2386
2436
2403
2374
2398
2430
2439
2381
2357
2384
2432
2389
2362
2424
2414
2337
2399
2445
2372
2350
2376
2398
2391
2358
2352
2418
2424
2363
2401
2410
2337
2372
2430
2360
2378
2454
2372
2369
2471
2390
2322
2384
2412
2384
2397
2388
2390
2417
2426
2409
2402
2398
2407
2374
2373
2420
2413
2342
2376
2420
2372
2386
2452
2393
2374
2454
2402
2334
2407
2387
2345
2414
2372
2325
2431
2448
2386
2391
2419
2407
2359
2338
2435
2418
2303
2392
2478
2363
2363
2454
2412
2349
2381
2402
2397
2388
2394
2408
2385
2367
2393
2423
2410
2338
2373
2423
2380
2355
2370
2384
2418
2351
2356
2457
2404
2356
2416
2437
2413
2401
2395
2385
2409
2418
2372
2337
2369
2374
2384
2380
2385
2418
2368
2345
2433
2452
2409
2400
2358
2367
2425
2384
2335
2395
2454
2431
2412
2378
2393
2435
2416
2391
2412
2385
2412
2401
2358
2374
2425
2407
2370
2391
2418
2385
2377
2428
2383
2377
2450
2367
2413
2510
2387
2345
2465
2376
2349
2474
2422
2388
2435
2353
2321
2406
2417
2378
2397
2398
2378
2388
2392
2398
2407
2412
2434
2402
2358
2394
2420
2399
2375
2394
2455
2393
2320
2386
2423
2352
2369
2443
2425
2416
2403
2348
2373
2411
2398
2386
2411
2444
2387
2352
2438
2423
2352
2436
2430
2391
2442
2441
2395
2399
2436
2457
2409
2385
2448
2465
2414
2382
2391
2393
2416
2422
2429
2424
2381
2401
2443
2438
2408
2365
2384
2455
2423
2349
2433
2432
2319
2367
2464
2379
2331
2460
2478
2367
2373
2419
2386
2398
2437
2414
2392
2358
2367
2435
2385
2352
2437
2427
2358
2389
2407
2373
2379
2373
2400
2425
2416
2398
2412
2413
2325
2337
2422
2423
2392
2417
2399
2383
2424
2404
2370
2446
2469
2366
2389
2419
2374
2426
2415
2315
2363
2403
2388
2350
2388
2447
2406
2364
2414
2400
2412
2464
2377
2356
2436
2385
2342
2426
2431
2384
2418
2399
2377
2448
2417
2374
2439
2410
2346
2433
2442
2326
2358
2444
2413
2378
2420
2454
2442
2398
2370
2389
2413
2394
2380
2413
2409
2392
2429
2429
2387
2390
2432
2392
2391
2418
2391
2384
2388
2359
2350
2358
2394
2415
2409
2420
2410
2352
2365
2389
2386
2411
2425
2384
2380
2443
2442
2376
2390
2448
2402
2350
2400
2393
2396
2444
2413
2405
2451
2391
2365
2398
2359
2337
2418
2450
2446
2415
2417
2426
2405
2352
2372
2408
2374
2388
2444
2400
2383
2413
2402
2402
2368
2354
2409
2409
2394
2433
2434
2377
2416
2415
2360
2428
2452
2379
2385
2435
2411
2370
2411
2396
2414
2459
2390
2321
2389
2414
2377
2445
2429
2305
2367
2440
2391
2395
2454
2404
2363
2422
2434
2394
2408
2415
2433
2435
2376
2362
2406
2426
2410
2422
2398
2408
2454
2397
2372
2457
2432
2358
2384
2446
2449
2395
2355
2389
2465
2460
2369
2350
2435
2467
2403
2370
2388
2402
2416
2454
2409
2349
2414
2449
2385
2403
2442
2395
2361
2379
2399
2383
2356
2408
2472
2375
2341
2420
2400
2367
2434
2399
2344
2381
2384
2382
2400
2406
2402
2393
2421
2420
2385
2413
2445
2412
2388
2373
2381
2435
2402
2334
2393
2429
2334
2361
2452
2394
2324
2390
2425
2349
2350
2418
2417
2389
2455
2420
2356
2412
2394
2358
2462
2434
2356
2425
2401
2320
2414
2467
2407
2400
2399
2376
2408
2390
2397
2435
2396
2404
2421
2397
2409
2410
2365
2411
2432
2398
2418
2417
2422
2434
2433
2416
2418
2382
2387
2399
2404
2433
2440
2395
2372
2403
2401
2375
2369
2395
2431
2403
2359
2389
2402
2368
2385
2404
2455
2431
2321
2386
2493
2391
2318
2387
2425
2387
2365
2447
2454
2391
2392
2447
2424
2390
2397
2401
2370
2413
2450
2401
2409
2426
2392
2415
2407
2387
2374
2369
2389
2427
2458
2437
2392
2421
2433
2374
2381
2417
2443
2450
2412
2403
2428
2377
2379
2444
2391
2338
2434
2453
2359
2330
2424
2442
2366
2387
2425
2384
2398
2446
2392
2392
2427
2403
2399
2437
2410
2406
2452
2393
2359
2456
2483
2370
2374
2434
2391
2355
2362
2379
2397
2341
2364
2451
2396
2397
2461
2406
2370
2407
2390
2358
2383
2434
2425
2357
2374
2420
2391
2350
2380
2410
2419
2409
2399
2419
2400
2382
2406
2394
2391
2462
2448
2367
2434
2438
2372
2384
2368
2369
2422
2383
2354
2418
2453
2386
2372
2411
2396
2401
2407
2398
2428
2407
2304
2346
2451
2383
2363
2418
2424
2387
2383
2434
2419
2386
2424
2395
2360
2469
2476
2339
2391
2489
2400
2351
2434
2440
2415
2413
2381
2390
2413
2357
2362
2423
2469
2446
2411
2376
2373
2392
2401
2413
2401
2381
2405
2407
2382
2427
2441
2396
2377
2393
2419
2460
2424
2414
2423
2347
2383
2436
2380
2367
2412
2407
2390
2399
2408
2391
2378
2412
2407
2376
2396
2401
2441
2458
2358
2387
2433
2324
2354
2432
2373
2391
2428
2396
2399
2405
2365
2388
2420
2366
2352
2380
2415
2420
2390
2380
2370
2369
2353
2369
2417
2412
2378
2357
2392
2438
2398
2353
2408
2425
2396
2369
2397
2416
2349
2374
2444
2400
2362
2393
2384
2399
2436
2444
2419
2388
2378
2381
2406
2439
2407
2355
2373
2377
2370
2392
2389
2372
2388
2391
2378
2412
2425
2341
2360
2429
2345
2342
2457
2370
2331
2473
2445
2358
2392
2402
2390
2419
2385
2369
2414
2372
2364
2424
2391
2391
2418
2340
2361
2492
2417
2339
2464
2463
2360
2386
2429
2390
2419
2413
2383
2424
2431
2392
2402
2415
2409
2420
2416
2387
2388
2428
2455
2418
2383
2416
2405
2387
2392
2350
2398
2436
2392
2390
2435
2413
2365
2384
2411
2412
2415
2443
2452
2415
2366
2334
2418
2446
2352
2411
2471
2372
2375
2449
2394
2371
2403
2415
2437
2420
2383
2426
2436
2388
2396
2411
2413
2424
2401
2382
2397
2393
2383
2424
2454
2389
2367
2411
2370
2357
2438
2427
2371
2430
2425
2405
2424
2398
2423
2443
2375
2370
2449
2417
2354
2383
2406
2380
2380
2393
2413
2422
2427
2448
2416
2382
2427
2417
2375
2418
2421
2364
2389
2454
2429
2366
2389
2411
2425
2451
2373
2355
2478
2458
2355
2411
2432
2384
2399
2409
2383
2357
2356
2411
2447
2399
2398
2424
2386
2359
2428
2454
2368
2366
2449
2410
2335
2390
2457
2425
2369
2403
2426
2397
2408
2406
2368
2412
2450
2389
2383
2432
2413
2368
2388
2398
2386
2417
2428
2411
2417
2436
2396
2385
2401
2382
2377
2346
2354
2394
2353
2359
2429
2389
2364
2439
2449
2369
2401
2431
2379
2382
2450
2399
2355
2413
2421
2423
2391
2362
2429
2409
2360
2435
2431
2350
2403
2415
2376
2386
2359
2381
2461
2374
2300
2400
2457
2384
2362
2419
2407
2390
2406
2396
2385
2372
2364
2403
2441
2404
2363
2382
2431
2423
2390
2417
2411
2393
2435
2419
2376
2385
2393
2404
2416
2420
2392
2389
2420
2379
2373
2430
2398
2324
2388
2439
2424
2422
2412
2371
2385
2430
2398
2406
2421
2396
2357
2394
2477
2438
2346
2392
2439
2382
2378
2419
2409
2396
2410
2402
2390
2392
2408
2396
2400
2446
2423
2387
2417
2445
2393
2396
2410
2381
2407
2419
2420
2410
2394
2388
2383
2397
2397
2421
2421
2376
2397
2445
2407
2353
2445
2466
2371
2400
2469
2430
2387
2370
2365
2401
2416
2376
2387
2399
2400
2389
2349
2407
2416
2316
2360
2423
2408
2433
2446
2393
2383
2408
2431
2410
2350
2384
2434
2339
2304
2423
2426
2362
2403
2456
2416
2368
2412
2409
2383
2390
2403
2420
2386
2375
2425
2456
2405
2377
2410
2431
2424
2394
2412
2411
2391
2389
2430
2414
2361
2366
2404
2412
2413
2441
2405
2374
2447
2418
2356
2391
2441
2395
2357
2411
2432
2377
2351
2435
2456
2390
2436
2444
2395
2408
2425
2415
2382
2375
2420
2422
2415
2449
2430
2376
2408
2421
2393
2422
2434
2417
2380
2380
2398
2382
2360
2385
2439
2401
2375
2422
2388
2354
2416
2432
2391
2398
2439
2445
2416
2391
2427
2424
2344
2420
2463
2391
2373
2406
2430
2407
2392
2396
2390
2394
2386
2349
2420
2479
2348
2383
2512
2446
2385
2432
2416
2411
2403
2349
2370
2424
2398
2381
2439
2468
2405
2368
2441
2457
2382
2342
2400
2440
2399
2393
2480
2459
2367
2412
2393
2316
2385
2445
2365
2339
2407
2393
2387
2439
2439
2412
2424
2447
2429
2399
2383
2366
2391
2420
2401
2356
2398
2469
2404
2381
2430
2376
2389
2461
2412
2332
2409
2415
2368
2419
2387
2353
2429
2405
2363
2399
2425
2394
2413
2424
2394
2407
2408
2364
2393
2418
2408
2413
2423
2421
2391
2369
2378
2419
2415
2383
2400
2422
2411
2370
2391
2420
2395
2404
2425
2404
2383
2350
2372
2429
2436
2377
2385
2409
2392
2378
2415
2420
2366
2369
2473
2431
2356
2404
2426
2360
2406
2390
2304
2392
2454
2401
2415
2387
2365
2422
2419
2392
2408
2365
2382
2416
2405
2416
2389
2390
2451
2399
2341
2430
2493
2397
2344
2398
2418
2408
2408
2397
2372
2398
2395
2371
2426
2430
2393
2406
2411
2428
2410
2373
2422
2404
2320
2377
2443
2414
2402
2409
2403
2406
2361
2383
2420
2369
2418
2452
2363
2391
2399
2353
2407
2435
2391
2390
2372
2364
2407
2421
2423
2390
2351
2382
2386
2332
2396
2479
2384
2346
2425
2403
2373
2388
2393
2419
2445
2413
2368
2410
2418
2359
2394
2414
2392
2419
2427
2394
2401
2391
2369
2384
2393
2366
2359
2376
2420
2436
2412
2400
2405
2429
2400
2376
2404
2401
2401
2405
2386
2399
2429
2420
2409
2387
2358
2410
2448
2355
2336
2446
2448
2358
2392
2443
2373
2337
2382
2388
2371
2351
2364
2418
2411
2393
2413
2430
2407
2388
2419
2434
2400
2392
2381
2401
2420
2393
2383
2409
2377
2369
2407
2365
2393
2416
2372
2430
2435
2347
2369
2414
2401
2419
2416
2380
2409
2394
2397
2427
2425
2416
2405
2389
2385
2360
2345
2342
2392
2412
2378
2393
2423
2407
2379
2406
2406
2382
2389
2398
2421
2419
2385
2384
2421
2407
2351
2391
2423
2340
2354
2410
2383
2385
2408
2388
2393
2411
2391
2403
2436
2377
2373
2436
2429
2382
2383
2400
2375
2423
2461
2362
2343
2464
2424
2362
2398
2391
2393
2389
2361
2413
2409
2357
2382
2431
2436
2395
2378
2431
2410
2342
2390
2409
2350
2372
2420
2379
2371
2422
2410
2355
2382
2411
2354
2358
2400
2367
2406
2424
2385
2423
2413
2361
2436
2452
2358
2379
2391
2365
2443
2451
2385
2395
2411
2415
2440
2411
2386
2401
2432
2424
2373
2315
2384
2473
2377
2331
2429
2402
2368
2435
2438
2384
2359
2364
2432
2412
2386
2419
2409
2432
2458
2374
2389
2441
2375
2382
2428
2374
2362
2382
2336
2387
2452
2361
2367
2458
2378
2363
2442
2381
2368
2428
2396
2389
2429
2386
2383
2449
2405
2359
2433
2424
2382
2415
2412
2395
2416
2400
2355
2371
2409
2411
2358
2359
2407
2363
2356
2395
2406
2428
2460
2392
2400
2432
2400
2407
2386
2325
2370
2450
2407
2376
2423
2413
2371
2385
2400
2400
2468
2436
2348
2394
2464
2407
2415
2450
2381
2361
2407
2401
2365
2396
2419
2370
2387
2439
2436
2390
2361
2430
2450
2358
2420
2496
2375
2344
2399
2400
2382
2388
2411
2417
2381
2351
2381
2387
2357
2413
2456
2394
2361
2403
2409
2378
2383
2415
2431
2382
2349
2395
2432
2405
2367
2382
2416
2429
2390
2358
2394
2421
2423
2407
2390
2421
2434
2376
2386
2470
2426
2375
2413
2444
2379
2365
2454
2401
2348
2396
2409
2436
2426
2372
2409
2447
2392
2385
2445
2421
2405
2428
2383
2388
2468
2414
2344
2411
2421
2373
2372
2409
2435
2380
2365
2453
2448
2370
2390
2424
2415
2370
2306
2392
2459
2391
2392
2439
2406
2378
2383
2367
2368
2371
2375
2427
2405
2369
2457
2453
2375
2428
2387
2305
2390
2433
2416
2451
2423
2399
2458
2443
2389
2407
2382
2349
2401
2425
2412
2425
2457
2413
2375
2432
2417
2356
2400
2446
2426
2407
2379
2396
2417
2373
2375
2405
2372
2398
2444
2383
2370
2393
2367
2363
2391
2365
2403
2430
2364
2410
2448
2407
2416
2355
2363
2429
2389
2423
2463
2406
2401
2413
2356
2404
2420
2368
2396
2437
2424
2414
2361
2367
2415
2389
2342
2423
2435
2357
2396
