2385
2496
2629
2809
2809
2713
2574
2340
2203
2087
1938
1963
2163
2295
2421
2598
2730
2762
2728
2609
2449
2283
2096
1998
1988
2014
2223
2415
2549
2740
2791
2672
2675
2551
2286
2123
2044
1987
2043
2167
2373
2561
2673
2736
2788
2739
2598
2403
2202
2090
2028
2030
2117
2259
2481
2612
2724
2822
2720
2586
2482
2288
2125
1999
1971
2111
2253
2327
2574
2781
2744
2745
2722
2478
2282
2185
2026
1956
2024
2106
2329
2563
2609
2727
2861
2691
2540
2424
2181
2107
2078
1961
2059
2304
2486
2610
2764
2823
2729
2623
2485
2260
2109
2047
1996
2082
2230
2345
2553
2714
2726
2770
2728
2500
2330
2205
2052
1997
2010
2095
2339
2535
2653
2759
2792
2725
2561
2368
2240
2113
2007
2016
2099
2240
2474
2612
2739
2784
2710
2657
2467
2230
2109
2060
1990
2078
2248
2335
2559
2761
2748
2755
2741
2526
2319
2212
2080
1973
1995
2152
2338
2477
2638
2753
2763
2660
2549
2435
2194
1999
2000
2048
2110
2226
2411
2574
2743
2796
2726
2631
2491
2242
2073
2032
1999
2035
2225
2387
2531
2724
2802
2680
2642
2574
2326
2142
2044
1960
2058
2203
2305
2537
2750
2732
2716
2729
2590
2367
2195
2044
1982
2077
2166
2266
2484
2636
2710
2784
2752
2598
2472
2299
2114
2056
2048
2081
2260
2387
2512
2701
2782
2723
2645
2511
2340
2138
2034
2023
2004
2156
2364
2450
2639
2801
2739
2720
2645
2349
2205
2115
1963
2006
2144
2244
2427
2639
2738
2770
2760
2684
2481
2251
2145
2058
1984
2048
2204
2376
2522
2685
2836
2783
2628
2507
2351
2162
2027
2001
2042
2146
2331
2529
2706
2810
2801
2698
2565
2416
2228
2056
1973
2027
2112
2254
2488
2604
2708
2807
2775
2654
2459
2261
2174
2029
1902
2054
2271
2367
2554
2748
2754
2726
2714
2521
2301
2191
2018
1956
2105
2187
2318
2503
2634
2741
2796
2733
2578
2403
2223
2084
2016
2006
2080
2276
2493
2627
2711
2744
2738
2638
2473
2300
2154
2033
1952
2015
2259
2397
2499
2714
2795
2689
2652
2561
2331
2167
2048
1981
2068
2191
2295
2468
2631
2744
2794
2708
2580
2447
2223
2027
2033
2107
2100
2182
2450
2637
2709
2788
2803
2637
2439
2286
2105
1993
2027
2084
2181
2344
2537
2700
2772
2768
2674
2498
2318
2198
2099
2007
2027
2162
2364
2539
2670
2780
2794
2679
2525
2397
2276
2081
1978
2021
2083
2222
2431
2605
2739
2761
2741
2623
2424
2232
2108
2028
2031
2094
2171
2377
2616
2670
2773
2831
2633
2457
2373
2170
2007
2038
2070
2172
2357
2468
2622
2778
2768
2671
2567
2421
2215
2063
2042
2025
2076
2242
2431
2601
2748
2787
2750
2612
2454
2361
2165
1949
2023
2156
2155
2332
2631
2695
2710
2793
2708
2482
2343
2223
2055
1961
2021
2179
2336
2490
2686
2790
2761
2711
2583
2392
2242
2080
1963
1973
2128
2282
2426
2622
2718
2737
2758
2627
2435
2287
2085
2018
2103
2093
2173
2420
2641
2714
2748
2777
2689
2532
2290
2096
2083
2032
1993
2166
2365
2501
2670
2737
2773
2751
2546
2385
2253
2047
1972
2006
2119
2292
2447
2594
2759
2784
2727
2650
2469
2286
2150
2039
1991
2071
2228
2367
2522
2691
2788
2760
2655
2525
2291
2111
2084
2009
2002
2184
2370
2453
2647
2789
2715
2707
2643
2369
2193
2118
1995
2012
2170
2268
2432
2643
2754
2789
2752
2623
2488
2271
2073
2033
1999
2006
2238
2402
2497
2681
2763
2703
2668
2556
2327
2129
2024
2041
2100
2153
2295
2511
2684
2777
2802
2705
2513
2372
2190
2039
2040
2049
2120
2290
2454
2602
2784
2798
2706
2584
2432
2285
2106
1990
2023
2074
2204
2413
2588
2694
2800
2780
2649
2525
2322
2127
2079
2043
2014
2132
2360
2559
2716
2760
2771
2750
2572
2349
2208
2059
1969
2038
2117
2231
2472
2619
2683
2786
2723
2580
2464
2268
2120
2015
1986
2117
2233
2327
2563
2732
2744
2772
2648
2460
2384
2172
2030
2035
2034
2150
2363
2488
2660
2802
2770
2650
2572
2416
2193
2055
2016
2003
2109
2280
2410
2589
2775
2802
2748
2656
2465
2272
2087
1975
2016
2085
2186
2350
2551
2716
2742
2733
2691
2463
2304
2228
2047
1994
2068
2138
2301
2483
2664
2772
2791
2752
2615
2366
2205
2076
1980
2028
2168
2276
2420
2583
2734
2775
2737
2646
2470
2268
2120
1996
2012
2107
2204
2373
2617
2701
2722
2812
2697
2492
2345
2155
2062
2024
2016
2134
2303
2508
2700
2722
2754
2749
2528
2350
2221
2074
2058
2058
2078
2214
2414
2610
2731
2774
2791
2628
2429
2325
2161
2001
2055
2116
2160
2364
2588
2684
2795
2790
2654
2517
2367
2174
2024
1995
2062
2132
2309
2491
2655
2732
2761
2715
2536
2336
2207
2103
2022
1994
2083
2296
2467
2582
2733
2754
2728
2656
2448
2235
2143
2022
1939
2066
2212
2370
2570
2682
2719
2771
2729
2515
2319
2164
2012
1987
2063
2151
2323
2486
2638
2764
2803
2744
2579
2386
2259
2123
1994
2010
2102
2236
2479
2636
2714
2811
2772
2585
2475
2329
2103
2014
2021
2044
2224
2424
2530
2699
2827
2687
2630
2559
2305
2174
2116
1987
2035
2182
2341
2540
2701
2775
2808
2716
2525
2398
2247
2049
1977
2027
2147
2293
2446
2625
2750
2776
2754
2636
2439
2283
2158
2028
1970
2021
2213
2398
2556
2678
2759
2744
2627
2505
2366
2134
2023
2061
2031
2060
2317
2504
2638
2795
2795
2700
2591
2384
2181
2091
1990
1966
2138
2228
2346
2612
2744
2773
2790
2623
2401
2279
2132
2012
2013
2086
2269
2430
2559
2727
2818
2720
2645
2573
2345
2148
2043
1993
2043
2174
2392
2523
2627
2739
2761
2708
2581
2381
2215
2101
1997
2012
2126
2203
2420
2672
2707
2704
2765
2698
2478
2251
2097
2037
2023
2087
2228
2399
2536
2676
2793
2784
2686
2512
2342
2212
2041
1963
2071
2182
2307
2511
2700
2734
2730
2700
2564
2388
2205
2036
2064
2056
2073
2281
2449
2547
2751
2831
2699
2583
2462
2241
2124
2059
1968
2023
2225
2382
2556
2782
2815
2727
2684
2536
2324
2175
2066
1997
2051
2187
2317
2510
2725
2800
2776
2707
2590
2397
2222
2089
2018
2014
2086
2288
2520
2582
2646
2793
2773
2586
2467
2297
2083
2038
2018
2027
2208
2399
2543
2683
2804
2804
2709
2532
2330
2159
2022
1984
2053
2164
2330
2493
2663
2790
2766
2695
2622
2433
2190
2064
2018
1993
2081
2294
2501
2621
2720
2764
2775
2683
2413
2223
2158
2031
1981
2084
2215
2369
2544
2701
2802
2766
2657
2535
2348
2159
2067
2045
2036
2110
2335
2529
2672
2777
2773
2672
2551
2350
2183
2103
2021
2023
2130
2248
2406
2605
2776
2809
2742
2628
2473
2267
2076
2038
2014
2032
2239
2425
2529
2678
2809
2799
2685
2534
2305
2130
2068
2006
2052
2170
2338
2538
2694
2761
2782
2739
2567
2355
2214
2106
2030
1993
2084
2307
2453
2573
2732
2765
2723
2596
2437
2320
2143
2009
2019
2063
2205
2434
2581
2682
2790
2770
2616
2503
2330
2135
2059
2011
2015
2164
2348
2470
2603
2763
2791
2686
2608
2434
2193
2057
2057
2044
2109
2279
2456
2605
2746
2787
2756
2647
2444
2264
2160
2020
1983
2109
2259
2378
2572
2707
2773
2785
2663
2493
2353
2155
1994
1957
2034
2156
2296
2509
2755
2786
2737
2699
2556
2393
2233
2042
1983
2027
2097
2260
2466
2598
2746
2791
2713
2631
2487
2254
2091
2044
2006
2023
2145
2384
2627
2709
2745
2792
2726
2478
2315
2231
2068
1959
2036
2170
2308
2515
2718
2746
2739
2705
2561
2334
2153
2048
1979
1980
2099
2269
2452
2594
2707
2781
2780
2639
2438
2275
2117
2015
2036
2098
2203
2390
2567
2679
2792
2793
2643
2524
2377
2159
2036
2010
2030
2138
2351
2551
2705
2777
2785
2735
2585
2400
2210
2046
1995
2017
2120
2269
2431
2625
2742
2745
2771
2708
2437
2243
2116
1998
2009
2075
2173
2406
2571
2660
2795
2794
2623
2515
2383
2137
2011
2026
2019
2153
2376
2497
2639
2802
2798
2687
2573
2417
2203
2017
2016
2048
2066
2269
2495
2604
2707
2777
2733
2605
2439
2246
2104
1959
1957
2099
2234
2383
2566
2662
2752
2787
2679
2517
2325
2165
2019
1944
2054
2190
2300
2485
2711
2800
2757
2683
2579
2381
2218
2110
2017
2007
2120
2271
2459
2620
2684
2753
2764
2624
2499
2341
2091
1945
2046
2139
2191
2372
2604
2689
2702
2724
2706
2521
2281
2167
2070
1968
2039
2194
2348
2496
2654
2778
2795
2681
2536
2372
2209
2089
2011
2001
2081
2232
2472
2662
2735
2780
2789
2645
2463
2285
2106
2018
1987
2065
2274
2385
2525
2744
2761
2741
2698
2493
2339
2186
1981
1962
2070
2125
2305
2538
2682
2745
2783
2706
2550
2396
2177
2052
2011
2001
2101
2241
2430
2644
2772
2761
2724
2620
2428
2277
2136
2002
2020
2099
2215
2436
2590
2649
2776
2789
2605
2471
2375
2218
2090
2014
2044
2169
2325
2500
2689
2760
2765
2690
2531
2409
2244
2050
1972
2013
2108
2205
2446
2682
2732
2785
2807
2619
2446
2324
2118
1956
1994
2088
2201
2385
2594
2757
2785
2777
2695
2513
2327
2144
2010
2028
2061
2104
2347
2546
2634
2745
2803
2720
2538
2385
2311
2106
1947
2018
2105
2206
2438
2629
2773
2798
2710
2613
2459
2216
2087
2036
1978
2053
2222
2378
2556
2668
2725
2756
2640
2463
2343
2176
2006
1995
2075
2107
2291
2507
2657
2744
2782
2734
2574
2371
2217
2107
1995
1961
2100
2285
2401
2563
2763
2801
2723
2617
2478
2314
2140
2024
1987
2047
2263
2410
2510
2708
2825
2741
2662
2550
2318
2129
2029
1983
2069
2194
2316
2507
2686
2753
2793
2722
2530
2393
2257
2075
1967
2010
2122
2226
2444
2634
2722
2770
2754
2666
2456
2194
2086
2060
1969
2048
2268
2374
2539
2758
2798
2751
2667
2506
2353
2182
2033
2003
2041
2123
2336
2502
2602
2727
2762
2675
2570
2401
2194
2044
1990
2041
2139
2224
2405
2642
2766
2788
2741
2655
2510
2276
2069
2012
2014
2039
2179
2460
2632
2674
2784
2820
2666
2525
2379
2148
2005
1994
2017
2144
2356
2499
2639
2759
2758
2670
2602
2443
2206
2099
2058
1979
2042
2263
2461
2574
2726
2811
2726
2582
2460
2303
2111
2005
1996
2084
2247
2355
2560
2748
2753
2742
2681
2483
2323
2175
2027
1981
2064
2192
2315
2476
2690
2783
2745
2676
2577
2400
2229
2056
1996
2021
2075
2249
2442
2572
2758
2842
2712
2601
2492
2247
2093
2076
2009
2065
2261
2384
2588
2765
2749
2777
2695
2486
2296
2170
2060
1990
2035
2144
2323
2522
2679
2728
2789
2761
2548
2349
2262
2133
1958
1950
2147
2276
2419
2644
2772
2803
2739
2600
2502
2306
2027
1980
2055
2015
2177
2470
2601
2678
2783
2794
2659
2476
2367
2251
2066
1947
2055
2165
2298
2527
2642
2727
2810
2725
2515
2375
2242
2090
1995
2009
2121
2280
2455
2607
2730
2774
2700
2572
2490
2321
2075
2004
2052
2081
2205
2435
2603
2665
2790
2810
2613
2467
2386
2196
2028
1997
2062
2184
2303
2481
2685
2729
2691
2677
2578
2356
2207
2107
1996
2004
2106
2258
2402
2586
2747
2725
2722
2686
2466
2257
2158
2017
1940
2069
2257
2404
2584
2683
2750
2770
2617
2482
2351
2115
1949
2005
2075
2079
2308
2578
2691
2716
2726
2707
2580
2369
2211
2102
2032
2038
2099
2299
2494
2586
2739
2840
2724
2631
2532
2272
2089
2058
2004
2042
2231
2375
2507
2693
2802
2750
2641
2487
2336
2188
2033
1987
2044
2163
2377
2528
2623
2761
2815
2671
2525
2423
2236
2077
2035
2003
2068
2312
2476
2563
2779
2826
2671
2621
2527
2252
2062
2031
1992
2067
2247
2394
2566
2680
2713
2774
2710
2470
2303
2180
2009
1980
2029
2115
2345
2536
2685
2803
2800
2706
2600
2416
2233
2110
2002
2030
2115
2192
2451
2665
2724
2742
2728
2628
2454
2279
2130
1999
1999
2087
2160
2339
2602
2694
2736
2791
2698
2496
2301
2139
2048
2024
2055
2166
2357
2507
2653
2757
2778
2702
2534
2419
2262
2045
1976
2051
2125
2285
2548
2656
2679
2793
2807
2622
2444
2298
2110
1997
1996
2051
2193
2393
2530
2693
2805
2751
2674
2557
2300
2136
2090
1997
2018
2187
2346
2528
2721
2804
2774
2712
2556
2370
2205
2050
1999
2017
2091
2250
2496
2643
2699
2739
2743
2621
2416
2258
2114
1974
2005
2096
2187
2376
2610
2716
2738
2812
2695
2452
2334
2217
2042
2017
2053
2095
2339
2511
2576
2787
2841
2684
2612
2432
2154
2050
2022
2037
2143
2242
2426
2671
2746
2708
2737
2639
2420
2262
2109
1981
1998
2072
2188
2408
2586
2656
2749
2799
2666
2518
2356
2181
2068
2036
2065
2188
2330
2474
2683
2792
2754
2688
2589
2403
2186
2039
2002
2016
2092
2284
2461
2563
2720
2829
2773
2630
2467
2292
2126
2031
2009
2068
2217
2345
2524
2712
2786
2811
2702
2450
2295
2178
1992
1971
2089
2152
2317
2546
2695
2769
2765
2684
2591
2437
2213
2064
2023
1998
2103
2305
2484
2617
2775
2809
2721
2632
2486
2274
2095
1995
2031
2094
2203
2420
2589
2687
2775
2782
2681
2552
2383
2177
2062
2042
2058
2161
2336
2524
2696
2778
2781
2713
2569
2408
2222
2011
1995
2067
2097
2289
2516
2590
2708
2802
2745
2650
2486
2263
2125
2001
1985
2087
2193
2366
2591
2723
2728
2772
2731
2471
2253
2191
2051
1942
2090
2239
2318
2478
2657
2774
2772
2724
2569
2380
2266
2106
1980
2015
2129
2271
2466
2637
2712
2756
2765
2628
2458
2331
2150
2016
2019
2099
2235
2363
2532
2688
2774
2758
2655
2497
2300
2129
2027
1968
2020
2169
2353
2519
2708
2778
2760
2697
2547
2387
2213
2045
2028
2048
2077
2265
2499
2605
2718
2825
2725
2598
2505
2246
2050
2008
1977
2069
2248
2369
2531
2728
2759
2723
2683
2510
2296
2143
2069
2024
2016
2100
2320
2525
2658
2789
2798
2662
2583
2429
2163
2075
2068
1976
2093
2290
2401
2640
2822
2757
2714
2679
2468
2238
2139
2021
2003
2091
2209
2367
2585
2745
2788
2777
2687
2517
2337
2158
2034
2012
2063
2184
2327
2518
2718
2766
2767
2744
2560
2367
2232
2063
1993
2019
2092
2229
2427
2605
2726
2788
2747
2622
2461
2261
2094
2001
1984
2041
2215
2381
2533
2720
2803
2740
2657
2539
2342
2160
2032
1965
2054
2203
2336
2463
2685
2832
2785
2689
2589
2404
2194
2088
2031
2001
2094
2259
2438
2601
2736
2773
2752
2642
2441
2248
2109
2021
2004
2078
2234
2386
2539
2736
2821
2727
2658
2545
2278
2107
2060
2037
2066
2193
2355
2516
2651
2740
2796
2720
2579
2415
2213
2058
1967
2011
2145
2251
2387
2619
2797
2785
2716
2628
2481
2266
2076
2008
2022
2057
2215
2398
2575
2756
2790
2714
2659
2529
2336
2176
2052
2001
2040
2140
2308
2499
2651
2742
2756
2706
2574
2383
2202
2092
1999
1984
2096
2290
2466
2576
2711
2797
2747
2590
2420
2307
2176
2011
1993
2103
2196
2366
2609
2728
2744
2775
2706
2518
2317
2125
2035
2048
2052
2163
2342
2494
2663
2764
2813
2778
2527
2328
2224
2119
1995
2010
2168
2262
2419
2653
2785
2789
2729
2625
2472
2315
2119
1991
1973
2019
2205
2430
2570
2687
2759
2726
2625
2529
2348
2126
2018
2013
2042
2097
2319
2536
2609
2731
2798
2715
2602
2407
2198
2077
2027
2005
2071
2253
2469
2599
2745
2785
2699
2608
2481
2279
2157
2077
2010
2089
2253
2392
2549
2727
2780
2719
2696
2574
2315
2161
2061
1975
2079
2207
2284
2506
2716
2739
2775
2734
2516
2367
2243
2059
1981
2044
2157
2283
2414
2589
2766
2762
2727
2639
2416
2279
2192
1993
1945
2116
2253
2367
2563
2711
2789
2774
2626
2483
2352
2178
2051
1954
1998
2219
2359
2455
2706
2838
2737
2660
2567
2344
2173
2080
1985
2010
2165
2284
2406
2601
2774
2753
2682
2634
2463
2255
2145
2020
1985
2115
2238
2383
2576
2698
2794
2805
2658
2542
2348
2113
2049
2009
1972
2151
2382
2471
2644
2810
2776
2673
2586
2404
2175
2036
1997
2028
2133
2257
2436
2627
2751
2749
2732
2650
2432
2246
2152
2005
1981
2117
2233
2370
2578
2699
2741
2759
2669
2513
2334
2120
2005
2051
2090
2134
2314
2497
2630
2755
2804
2716
2565
2405
2225
2080
1993
1991
2081
2273
2460
2580
2722
2811
2742
2631
2449
2212
2077
2053
2009
2060
2246
2383
2545
2740
2803
2786
2678
2493
2358
2200
2026
1997
2043
2081
2308
2548
2635
2747
2827
2741
2581
2394
2209
2121
2017
1995
2181
2322
2391
2553
2750
2794
2737
2608
2460
2327
2128
1979
2057
2120
2152
2348
2619
2714
2732
2767
2709
2534
2331
2181
2096
2008
2028
2194
2354
2496
2685
2752
2737
2737
2593
2404
2271
2062
1963
2016
2103
2270
2430
2564
2769
2797
2679
2680
2496
2213
2138
2043
1997
2103
2203
2312
2565
2744
2729
2741
2698
2513
2330
2188
2045
1976
2045
2131
2304
2529
2684
2732
2776
2753
2579
2387
2236
2088
2012
2066
2125
2251
2484
2585
2712
2840
2752
2573
2450
2258
2081
2063
2020
2020
2205
2400
2560
2708
2769
2736
2674
2544
2303
2179
2106
1976
2045
2214
2315
2442
2654
2834
2810
2648
2546
2438
2183
2046
2056
2034
2129
2310
2445
2596
2770
2773
2714
2685
2483
2233
2147
2066
1997
2087
2238
2336
2559
2722
2748
2783
2686
2511
2349
2147
2069
2048
2031
2165
2351
2494
2673
2801
2763
2692
2587
2402
2199
2083
2042
2033
2127
2284
2447
2634
2769
2784
2760
2660
2465
2265
2128
2052
2066
2119
2212
2399
2583
2698
2825
2824
2662
2501
2322
2177
2090
2048
2030
2147
2348
2486
2665
2814
2779
2691
2578
2390
2235
2090
1964
2031
2117
2244
2513
2674
2722
2770
2725
2627
2481
2264
2084
1996
2004
2091
2236
2377
2584
2706
2732
2752
2664
2493
2352
2184
1992
1938
2041
2139
2299
2490
2631
2773
2810
2678
2516
2401
2242
2057
2004
2015
2086
2268
2453
2672
2785
2723
2746
2686
2398
2212
2138
1995
1969
2102
2235
2355
2527
2706
2799
2726
2596
2488
2313
2138
2058
1999
2031
2161
2315
2472
2633
2758
2772
2670
2547
2399
2217
2067
2006
2019
2101
2269
2500
2657
2750
2783
2711
2631
2469
2213
2092
2086
1995
1981
2205
2439
2539
2702
2814
2731
2633
2527
2338
2178
2044
1994
2046
2141
2314
2515
2647
2703
2759
2725
2526
2350
2228
2081
1960
2007
2156
2253
2445
2640
2741
2767
2760
2643
2443
2286
2111
2007
2044
2081
2192
2357
2548
2724
2774
2776
2706
2505
2347
2217
2035
1983
2067
2123
2325
2552
2619
2721
2849
2708
2507
2395
2246
2065
1981
2031
2144
2231
2431
2672
2733
2763
2763
2600
2420
2319
2154
1976
2014
2090
2144
2348
2575
2657
2717
2746
2654
2464
2330
2197
2038
1980
2057
2176
2303
2497
2680
2785
2793
2693
2581
2415
2241
2137
2019
2009
2118
2244
2452
2647
2722
2768
2789
2641
2425
2273
2106
2004
2049
2115
2227
2410
2555
2666
2786
2782
2672
2522
2354
2169
2043
1977
2011
2137
2336
2517
2663
2757
2754
2693
2573
2361
2208
2102
2017
2043
2162
2269
2434
2641
2742
2795
2782
2633
2450
2281
2143
2053
2018
2080
2244
2402
2571
2700
2756
2735
2648
2483
2288
2140
2052
2008
2033
2143
2316
2484
2646
2752
2781
2699
2544
2366
2190
2040
1975
1984
2094
2266
2421
2579
2781
2833
2740
2619
2443
2266
2128
2048
2045
2095
2186
2394
2627
2747
2776
2730
2644
2536
2342
2195
2050
1916
2006
2181
2327
2511
2658
2749
2788
2689
2570
2459
2226
2045
2014
2050
2144
2286
2465
2605
2710
2767
2777
2606
2368
2230
2098
1977
1994
2092
2210
2377
2560
2680
2761
2781
2644
2477
2342
2157
1986
1971
2081
2191
2316
2485
2666
2811
2792
2668
2547
2377
2194
2064
2012
2002
2097
2291
2478
2607
2704
2761
2720
2595
2422
2272
2140
2010
2003
2115
2250
2419
2555
2651
2777
2762
2629
2495
2325
2167
2070
1978
2013
2185
2339
2487
2688
2818
2753
2658
2609
2397
2169
2128
2035
1991
2168
2278
2402
2612
2696
2761
2785
2636
2424
2265
2138
2016
1943
1992
2196
2426
2604
2672
2725
2768
2618
2483
2391
2188
2013
1982
2049
2197
2336
2497
2681
2781
2779
2744
2561
2310
2232
2143
1959
2014
2159
2192
2392
2608
2699
2778
2761
2612
2447
2245
2082
2027
2010
2092
2240
2363
2586
2723
2749
2787
2725
2483
2271
2181
2078
1968
2018
2182
2363
2504
2675
2787
2766
2675
2563
2397
2215
2102
2014
2017
2127
2232
2421
2648
2749
2720
2698
2630
2456
2243
2111
2039
2006
2100
2260
2342
2523
2719
2736
2767
2733
2499
2337
2236
2064
1943
2001
2154
2319
2449
2638
2765
2759
2680
2545
2397
2242
2065
1996
2065
2137
2233
2446
2595
2693
2729
2727
2667
2421
2227
2158
2011
1967
2110
2223
2398
2607
2684
2765
2773
2599
2464
2354
2130
2032
2063
2060
2116
2317
2531
2687
2742
2778
2750
2579
2373
2208
2101
1999
1970
2079
2223
2389
2580
2760
2808
2719
2589
2470
2282
2081
1967
1977
2072
2223
2437
2622
2681
2731
2807
2684
2434
2301
2199
2035
1983
2036
2143
2319
2516
2702
2737
2753
2723
2533
2387
2255
2074
2023
2048
2072
2251
2502
2612
2708
2767
2747
2617
2427
2282
2109
2019
2058
2072
2172
2389
2562
2677
2785
2768
2670
2544
2316
2157
2061
1997
2073
2186
2285
2481
2706
2762
2708
2655
2540
2374
2196
2037
1971
2031
2123
2205
2422
2669
2770
2726
2715
2691
2476
2219
2129
2065
2035
2106
2221
2358
2569
2709
2767
2831
2699
2487
2334
2200
2052
1982
2018
2111
2327
2509
2639
2761
2758
2695
2626
2436
2148
2036
2048
1999
2075
2279
2488
2630
2769
2810
2725
2643
2490
2246
2085
2003
2013
2098
2215
2379
2557
2649
2706
2802
2711
2453
2297
2172
2021
1954
2033
2171
2326
2484
2669
2794
2741
2661
2626
2450
2159
2010
1997
2028
2119
2239
2463
2653
2701
2772
2762
2650
2514
2291
2077
2040
2066
2075
2206
2430
2553
2649
2794
2794
2643
2488
2345
2149
1982
1969
2046
2120
2316
2516
2620
2738
2795
2711
2580
2433
2226
2056
1992
2030
2137
2291
2475
2642
2756
2764
2738
2659
2447
2233
2121
2055
2047
2067
2184
2419
2593
2666
2802
2838
2670
2481
2331
2196
2043
1971
2064
2171
2317
2534
2673
2726
2777
2755
2618
2395
2213
2106
2017
2017
2138
2293
2451
2590
2722
2812
2740
2584
2460
2272
2101
2046
2008
2037
2218
2401
2540
2673
2736
2712
2666
2551
2320
2188
2130
1981
1997
2203
2327
2512
2734
2768
2810
2752
2502
2356
2232
2032
1977
2028
2118
2292
2473
2561
2701
2773
2696
2631
2480
2246
2108
2022
1996
2070
2214
2371
2576
2758
2767
2729
2684
2540
2317
2170
2072
1973
2040
2205
2335
2487
2698
2781
2763
2720
2544
2359
2253
2073
1975
2040
2125
2231
2462
2646
2737
2769
2716
2597
2486
2315
2099
2020
2042
2060
2205
2425
2560
2679
2802
2806
2668
2490
2354
2161
1987
2015
2075
2152
2338
2489
2684
2811
2730
2656
2596
2412
2168
2030
2002
2009
2100
2268
2490
2649
2755
2766
2748
2646
2426
2240
2114
2015
2005
2081
2225
2371
2527
2705
2785
2779
2690
2518
2341
2193
2038
2000
2100
2177
2296
2499
2661
2784
2805
2680
2527
2318
2151
2054
1974
2037
2113
2191
2482
2640
2672
2772
2771
2600
2431
2245
2097
1996
1943
2067
2226
2323
2548
2716
2696
2726
2693
2457
2261
2158
2017
1974
2083
2150
2282
2554
2672
2696
2760
2755
2547
2351
2223
2064
2006
2048
2116
2246
2454
2618
2734
2798
2774
2619
2469
2322
2105
1951
1977
2094
2212
2385
2591
2729
2744
2752
2713
2515
2303
2175
2051
2005
2062
2153
2350
2554
2665
2741
2771
2706
2576
2397
2195
2098
2035
2011
2143
2288
2439
2622
2729
2771
2771
2645
2468
2245
2041
2010
2086
2097
2173
2370
2558
2665
2752
2790
2687
2464
2291
2219
2105
1936
2011
2206
2286
2460
2665
2707
2765
2752
2567
2356
2235
2119
1971
1954
2126
2271
2413
2606
2768
2763
2726
2678
2489
2247
2099
2042
1977
2012
2225
2411
2562
2703
2763
2749
2689
2518
2298
2173
2081
2008
2039
2149
2317
2526
2707
2759
2762
2799
2657
2400
2231
2101
1984
1993
2126
2286
2453
2618
2737
2776
2734
2618
2460
2276
2134
2014
1974
2058
2228
2392
2539
2717
2803
2715
2692
2599
2350
2142
2028
1962
2026
2184
2329
2471
2653
2771
2787
2763
2620
2380
2186
2078
1997
2000
2096
2237
2444
2637
2757
2786
2764
2629
2413
2266
2139
1995
1989
2078
2224
2430
2580
2658
2798
2830
2658
2483
2310
2140
2017
1939
1990
2189
2345
2477
2769
2841
2672
2680
2641
2393
2203
2066
2006
2078
2100
2221
2510
2609
2682
2835
2778
2577
2440
2304
2121
2000
1991
2060
2197
2392
2597
2714
2793
2800
2668
2525
2394
2200
2018
2004
2094
2166
2347
2523
2654
2806
2760
2625
2603
2493
2163
1983
2025
2040
2083
2249
2503
2695
2729
2753
2810
2675
2403
2274
2144
1987
2000
2110
2233
2404
2539
2632
2813
2854
2658
2519
2358
2162
2050
2037
2026
2122
2401
2562
2658
2761
2750
2757
2640
2316
2165
2137
1992
1982
2158
2254
2376
2595
2772
2777
2681
2610
2495
2283
2133
2021
1985
2071
2208
2392
2573
2676
2753
2813
2703
2476
2348
2211
2042
1999
2054
2184
2329
2485
2696
2792
2734
2662
2564
2411
2202
2055
1990
2024
2169
2262
2424
2658
2725
2731
2777
2675
2458
2260
2105
2044
1992
2029
2214
2370
2538
2728
2778
2763
2736
2522
2308
2227
2060
1941
2046
2194
2317
2485
2656
2750
2800
2721
2538
2376
2191
2076
2052
2019
2109
2268
2415
2606
2768
2783
2728
2639
2486
2292
2101
1998
2015
2068
2194
2432
2582
2667
2768
2781
2692
2525
2281
2156
2090
2000
2039
2192
2340
2540
2717
2714
2737
2757
2585
2373
2228
2083
2047
2038
2082
2273
2478
2601
2771
2831
2746
2623
2432
2259
2125
2011
2033
2083
2155
2391
2609
2676
2756
2787
2635
2516
2355
2184
2075
1943
2025
2232
2321
2483
2700
2766
2747
2689
2565
2385
2202
2046
1979
1987
2078
2240
2490
2604
2653
2773
2774
2588
2465
2294
2085
2013
1996
2039
2227
2388
2516
2704
2767
2705
2672
2556
2312
2104
2056
2056
2029
2107
2363
2507
2616
2766
2767
2660
2545
2357
2191
2055
1960
1988
2100
2279
2454
2594
2721
2771
2750
2620
2420
2242
2127
2032
1990
2048
2195
2402
2581
2650
2740
2792
2657
2483
2377
2224
2016
2000
2097
2158
2365
2551
2657
2807
2829
2703
2564
2414
2219
2081
2015
2037
2111
2247
2441
2631
2766
2786
2725
2634
2493
2276
2115
1992
1959
2088
2180
2294
2530
2692
2765
2776
2653
2511
2374
2186
2048
1997
2031
2187
2365
2495
2687
2801
2745
2712
2598
2378
2233
2074
1931
1989
2127
2210
2425
2679
2747
2747
2739
2628
2438
2279
2116
1969
1940
2058
2259
2423
2530
2696
2823
2764
2626
2510
2328
2120
2043
2040
2076
2152
2309
2503
2645
2717
2786
2746
2561
2378
2228
2099
1997
1988
2117
2280
2443
2581
2707
2803
2751
2602
2466
2287
2110
2045
2041
2052
2197
2404
2565
2691
2786
2794
2649
2479
2343
2175
2029
2003
2103
2153
2295
2505
2609
2716
2798
2730
2564
2356
2196
2102
1973
1971
2143
2285
2430
2634
2715
2707
2719
2606
2423
2291
2123
1983
2022
2089
2209
2402
2560
2688
2781
2770
2698
2552
2335
2146
2033
1979
2055
2181
2279
2441
2685
2785
2747
2682
2548
2372
2236
2105
2017
2002
2115
2289
2457
2611
2763
2805
2743
2640
2474
2266
2105
2018
2021
2077
2233
2396
2534
2689
2786
2784
2700
2496
2311
2213
2056
1983
2087
2191
2280
2480
2729
2817
2785
2734
2631
2400
2219
2101
1993
1999
2125
2229
2416
2629
2721
2751
2779
2628
2425
2288
2110
2000
2045
2074
2159
2359
2593
2750
2767
2713
2675
2523
2288
2156
2059
1981
2031
2146
2321
2538
2702
2737
2746
2713
2608
2423
2187
2085
2033
1965
2106
2344
2479
2623
2777
2780
2729
2645
2450
2265
2164
2043
1998
2068
2233
2395
2513
2700
2842
2730
2636
2573
2315
2134
2076
1964
2027
2236
2333
2502
2707
2771
2766
2701
2578
2373
2192
2098
1992
2003
2135
2276
2453
2616
2726
2760
2746
2639
2469
2290
2107
2018
2015
2041
2195
2397
2538
2662
2774
2805
2729
2530
2323
2166
2031
1990
2062
2144
2303
2476
2674
2804
2768
2685
2573
2371
2186
2101
2026
2004
2158
2302
2411
2596
2799
2805
2699
2662
2496
2230
2095
2012
2008
2109
2241
2399
2590
2697
2764
2795
2673
2524
2384
2198
2047
1958
2061
2203
2313
2521
2711
2759
2758
2707
2575
2403
2198
2046
2035
2051
2065
2248
2480
2599
2720
2770
2723
2657
2490
2251
2108
2039
2007
2033
2191
2422
2582
2668
2748
2734
2629
2504
2319
2109
2018
2027
2048
2163
2354
2482
2628
2763
2769
2717
2596
2359
2218
2101
1987
2013
2137
2314
2466
2587
2781
2810
2687
2619
2480
2229
2096
2041
2010
2062
2231
2397
2517
2691
2821
2743
2642
2541
2299
2151
2103
1945
1962
2194
2369
2499
2663
2767
2829
2791
2551
2363
2250
2070
1949
1996
2121
2263
2480
2628
2683
2763
2790
2608
2384
2274
2123
2004
2037
2068
2161
2362
2575
2724
2792
2723
2612
2532
2357
2118
2000
1998
2019
2145
2320
2480
2649
2740
2729
2676
2575
2437
2198
2033
2041
2035
2066
2250
2473
2599
2744
2818
2769
2652
2449
2249
2130
1997
1972
2069
2208
2371
2575
2746
2796
2774
2662
2480
2323
2183
2018
1981
2081
2198
2315
2472
2665
2773
2745
2657
2647
2450
2171
2086
2056
2022
2074
2240
2488
2642
2714
2773
2785
2621
2390
2269
2144
1988
2011
2085
2168
2380
2598
2686
2746
2782
2682
2519
2344
2173
2048
1990
2061
2181
2324
2486
2654
2806
2845
2718
2562
2406
2204
2049
2012
1996
2086
2295
2446
2600
2784
2791
2726
2641
2455
2247
2093
1999
1995
2048
2194
2412
2567
2676
2782
2785
2665
2515
2342
2126
2031
1999
1985
2134
2339
2444
2632
2798
2771
2668
2579
2435
2219
2015
1972
2028
2114
2256
2457
2658
2772
2776
2740
2608
2423
2295
2117
1999
2053
2088
2198
2404
2541
2678
2794
2747
2659
2545
2327
2182
2063
1949
2031
2179
2283
2470
2706
2784
2771
2714
2544
2420
2249
2029
1997
2062
2119
2260
2451
2612
2747
2783
2706
2609
2492
2288
2093
2045
2025
2080
2276
2373
2523
2756
2805
2720
2684
2524
2290
2178
2052
1933
2043
2213
2320
2480
2712
2803
2772
2719
2559
2384
2234
2060
1985
2065
2151
2243
2465
2645
2766
2786
2735
2629
2427
2267
2162
2025
1953
2072
2278
2386
2551
2701
2725
2722
2658
2521
2341
2178
2072
2017
2047
2143
2345
2512
2608
2741
2805
2732
2541
2369
2207
2015
1961
2006
2091
2266
2445
2580
2778
2827
2740
2608
2417
2266
2122
2004
2033
2094
2163
2351
2555
2652
2751
2780
2655
2507
2347
2152
2033
2005
2042
2188
2378
2510
2641
2761
2768
2724
2567
2335
2215
2162
2005
1936
2137
2335
2429
2599
2782
2804
2726
2612
2444
2250
2115
2056
2021
2063
2205
2381
2561
2688
2770
2767
2651
2507
2354
2127
2010
2001
1989
2126
2375
2516
2651
2787
2802
2695
2569
2423
2230
2091
2038
2032
2114
2280
2466
2604
2750
2824
2751
2598
2451
2304
2140
1995
1949
2073
2230
2355
2576
2742
2766
2770
2664
2515
2338
2124
2022
2057
2053
2113
2346
2544
2665
2771
2789
2691
2572
2426
2213
2103
2032
1988
2074
2245
2430
2595
2727
2795
2762
2619
2477
2320
2083
1990
2073
2097
2197
2401
2520
2646
2810
2757
2593
2539
2372
2110
2047
2011
1968
2133
2396
2499
2629
2793
2774
2664
2541
2405
2212
2015
2006
2059
2123
2270
2455
2616
2736
2809
2780
2613
2405
2265
2134
1977
1971
2075
2221
2402
2574
2684
2761
2827
2691
2438
2330
2195
2007
1970
2069
2175
2316
2485
2707
2836
2781
2681
2570
2432
2223
2042
2015
2064
2130
2262
2462
2649
2727
2734
2789
2682
2425
2268
2184
2007
1973
2095
2190
2379
2632
2704
2765
2784
2668
2530
2326
2148
2049
2003
2061
2212
2327
2476
2659
2743
2794
2711
2548
2436
2282
2056
1994
2072
2122
2219
2479
2650
2661
2745
2788
2584
2426
2331
2085
1978
2038
2038
2195
2420
2528
2686
2848
2784
2643
2507
2316
2170
2068
1964
2024
2176
2296
2459
2639
2742
2804
2720
2528
2418
2217
2027
2029
2052
2110
2270
2464
2635
2740
2738
2739
2652
2470
2275
2106
2069
2065
2050
2237
2387
2487
2729
2809
2720
2674
2535
2315
2200
2047
1949
2036
2141
2288
2516
2668
2759
2831
2738
2517
2381
2239
2043
1985
2043
2129
2227
2415
2603
2757
2770
2688
2635
2476
2247
2132
2066
2006
2047
2217
2404
2557
2679
2756
2755
2627
2496
2330
2129
2009
1989
2015
2126
2359
2511
2645
2774
2793
2706
2551
2402
2252
2107
2014
2023
2129
2282
2451
2605
2734
2781
2712
2617
2516
2282
2079
2058
2036
2029
2215
2415
2557
2673
2723
2744
2683
2518
2360
2216
2008
1921
2046
2137
2290
2539
2706
2746
2749
2683
2591
2426
2180
2088
2018
1971
2160
2325
2424
2640
2749
2739
2757
2645
2445
2272
2109
2011
2006
2067
2236
2394
2531
2735
2831
2783
2655
2493
2316
2136
2007
2004
2072
2131
2270
2529
2693
2744
2771
2687
2513
2382
2223
2080
1989
2003
2170
2300
2428
2632
2747
2754
2755
2638
2397
2227
2136
2037
2031
2092
2237
2386
2554
2731
2813
2762
2664
2534
2353
2165
2012
1985
2084
2166
2301
2517
2702
2752
2787
2735
2568
2409
2205
2043
2012
2004
2113
2317
2438
2577
2802
2808
2697
2637
2449
2233
2131
2026
1981
2056
2219
2418
2570
2698
2788
2762
2682
2521
2293
2195
2105
1977
2007
2130
2276
2487
2675
2757
2762
2702
2583
2411
2179
2039
1997
1985
2092
2298
2473
2642
2772
2760
2728
2670
2463
2230
2095
2005
2004
2093
2238
2356
2484
2700
2828
2749
2656
2591
2350
2092
2041
2029
2021
2170
2368
2489
2708
2834
2764
2705
2588
2338
2197
2144
2029
1968
2091
2287
2445
2605
2768
2804
2761
2662
2420
2242
2165
2006
1963
2105
2232
2391
2590
2696
2740
2761
2681
2517
2308
2128
2027
1990
2034
2184
2366
2499
2672
2792
2759
2696
2563
2374
2226
2060
2004
2058
2109
2229
2471
2626
2730
2790
2732
2613
2404
2202
2151
2037
1930
2088
2298
2358
2554
2765
2774
2773
2722
2504
2329
2195
2018
1979
2081
2158
2296
2483
2641
2758
2768
2675
2580
2435
2201
2062
2021
2033
2126
2249
2430
2627
2733
2763
2732
2646
2496
2298
2095
1983
1998
2097
2231
2380
2530
2693
2814
2785
2668
2502
2339
2158
2014
1997
2033
2135
2367
2527
2624
2795
2817
2645
2543
2411
2188
2111
2075
1977
2107
2343
2440
2608
2795
2781
2758
2703
2425
2219
2165
2031
1960
2046
2198
2376
2563
2704
2800
2796
2646
2493
2316
2110
2024
2008
2033
2157
2337
2487
2680
2760
2725
2743
2596
2322
2167
2051
1966
2014
2134
2255
2432
2616
2718
2753
2751
2647
2506
2310
2097
2023
2051
2070
2188
2411
2587
2646
2721
2784
2694
2454
2296
2226
2037
1959
2067
2142
2280
2533
2707
2715
2702
2710
2627
2406
2201
2073
2040
2047
2057
2219
2489
2607
2693
2841
2779
2575
2443
2277
2098
2028
2020
2045
2166
2384
2557
2669
2777
2779
2660
2528
2328
2118
2020
1993
1981
2147
2374
2488
2626
2783
2809
2714
2565
2372
2211
2101
1991
1982
2122
2265
2408
2633
2739
2712
2712
2615
2428
2271
2099
1989
2013
2084
2191
2353
2563
2724
2765
2790
2715
2496
2312
2181
2030
1952
2048
2198
2324
2468
2685
2829
2786
2702
2583
2380
2192
2050
1946
1949
2109
2287
2424
2583
2765
2839
2716
2603
2507
2262
2056
2022
2011
2034
2212
2426
2571
2678
2806
2813
2662
2500
2328
2153
2043
2024
2065
2142
2319
2540
2669
2740
2798
2747
2538
2367
2250
2081
1980
2029
2108
2230
2445
2596
2726
2796
2714
2617
2495
2240
2066
2048
1994
1997
2188
2388
2538
2698
2804
2794
2671
2490
2323
2157
2033
2003
2005
2092
2354
2534
2647
2768
2786
2689
2558
2406
2220
2093
2004
1979
2123
2281
2377
2570
2772
2788
2695
2626
2500
2267
2119
2048
1976
2057
2267
2399
2544
2738
2809
2784
2669
2512
2353
2168
2032
1968
2028
2148
2296
2472
2646
2757
2785
2697
2556
2428
2251
2076
2007
2020
2118
2279
2429
2575
2746
2799
2786
2644
2438
2303
2083
1965
2067
2112
2175
2375
2524
2659
2792
2771
2672
2531
2329
2153
2031
1979
2010
2160
2402
2512
2597
2779
2817
2684
2527
2392
2218
2062
2019
2048
2124
2261
2446
2601
2731
2779
2749
2639
2443
2277
2160
1998
1989
2085
2184
2395
2568
2667
2812
2743
2619
2578
2382
2126
2063
2078
2015
2077
2385
2566
2673
2779
2727
2639
2612
2443
2202
2058
2004
2039
2113
2216
2460
2649
2728
2792
2782
2640
2501
2320
2089
1994
2013
2048
2192
2421
2591
2706
2748
2739
2732
2541
2276
2165
2096
1972
2024
2191
2320
2495
2661
2733
2779
2730
2546
2395
2259
2043
1994
2071
2097
2263
2513
2621
2679
2778
2787
2659
2474
2268
2145
2111
2045
2086
2263
2407
2581
2709
2773
2770
2658
2491
2328
2163
2017
1993
2077
2140
2307
2500
2620
2770
2837
2711
2505
2371
2233
2064
1985
2030
2121
2248
2399
2592
2793
2780
2695
2637
2437
2219
2136
2036
1959
2062
2222
2362
2590
2716
2752
2805
2670
2512
2422
2163
1957
2030
2073
2159
2395
2504
2652
2818
2741
2651
2626
2409
2150
2086
2047
2007
2111
2284
2453
2624
2734
2773
2780
2655
2407
2229
2114
2043
1987
2057
2267
2392
2535
2708
2759
2752
2663
2499
2368
2167
2001
2028
2065
2144
2351
2521
2658
2778
2767
2726
2606
2387
2208
2073
2007
2029
2086
2273
2472
2587
2715
2752
2692
2649
2475
2200
2100
2049
1938
2041
2266
2387
2537
2704
2771
2775
2714
2507
2284
2168
2069
1998
2021
2151
2392
2545
2625
2772
2823
2685
2538
2421
2241
2078
2014
2031
2162
2271
2385
2605
2769
2741
2724
2655
2416
2216
2129
2028
2011
2097
2201
2397
2650
2717
2713
2770
2686
2481
2349
2190
2009
1976
2036
2125
2307
2513
2674
2753
2749
2695
2589
2449
2246
2052
2023
2061
2111
2281
2504
2641
2701
2752
2809
2690
2421
2254
2141
2010
1992
2073
2212
2343
2512
2725
2766
2679
2661
2571
2358
2155
2061
2002
2010
2148
2356
2536
2683
2787
2807
2737
2599
2407
2197
2067
2018
2026
2139
2246
2419
2646
2724
2755
2796
2647
2448
2274
2061
2011
2047
2020
2197
2465
2545
2608
2748
2780
2695
2526
2310
2164
2050
1968
2014
2160
2329
2496
2671
2783
2785
2707
2578
2372
2200
2058
1984
2048
2140
2277
2481
2641
2729
2791
2776
2639
2431
2241
2119
2040
2045
2104
2187
2393
2624
2690
2730
2790
2662
2480
2323
2184
2063
1990
2000
2144
2390
2539
2621
2760
2809
2702
2559
2423
2230
2052
2041
2064
2095
2242
2470
2621
2713
2826
2761
2550
2437
2300
2077
2014
2048
2081
2193
2351
2558
2762
2771
2745
2673
2502
2322
2178
2034
1998
2061
2118
2280
2501
2657
2710
2734
2721
2527
2365
2259
2048
1948
2031
2135
2269
2448
2606
2761
2830
2709
2635
2487
2249
2114
2020
1978
2059
2247
2414
2544
2705
2786
2755
2685
2521
2324
2189
2079
1994
2029
2182
2323
2483
2681
2761
2778
2752
2547
2362
2273
2030
1943
2105
2140
2202
2481
2649
2742
2789
2706
2614
2486
2243
2021
1991
2041
2046
2184
2412
2553
2691
2780
2762
2651
2458
2321
2168
1976
1944
2064
2145
2297
2510
2664
2721
2742
2698
2546
2380
2193
2042
2003
1984
2073
2287
2450
2608
2773
2763
2706
2644
2451
2285
2128
1943
1987
2068
2163
2388
2561
2650
2748
2750
2699
2548
2315
2116
2042
2010
2018
2146
2321
2493
2706
2767
2733
2759
2581
2336
2274
2105
1938
2025
2175
2251
2434
2627
2716
2772
2723
2585
2443
2292
2082
1988
2071
2054
2148
2420
2570
2651
2792
2755
2611
2541
2340
2142
2106
2039
2006
2175
2376
2491
2674
2778
2773
2737
2585
2362
2224
2095
1976
2017
2119
2200
2437
2668
2726
2768
2769
2600
2425
2320
2104
1920
2006
2117
2230
2390
2538
2681
2745
2729
2678
2536
2309
2129
2063
1998
2025
2165
2343
2502
2634
2753
2798
2661
2545
2414
2207
2085
2037
2010
2108
2233
2416
2658
2754
2720
2723
2646
2452
2258
2088
2004
2029
2048
2194
2430
2553
2653
2766
2738
2669
2538
2304
2151
2052
1956
2021
2206
2307
2413
2636
2797
2774
2684
2550
2406
2268
2075
1956
2034
2125
2236
2469
2661
2732
2759
2798
2655
2422
2270
2112
2040
2053
2052
2236
2481
2552
2671
2824
2759
2645
2502
2288
2162
2092
2016
2050
2206
2359
2447
2588
2778
2799
2673
2541
2428
2248
2040
2024
2054
2086
2266
2450
2557
2744
2754
2642
2677
2554
2218
2119
2089
1961
2021
2243
2368
2526
2691
2774
2781
2660
2485
2336
2173
2032
1984
2038
2110
2288
2519
2637
2730
2824
2715
2532
2442
2252
2103
2087
2040
2109
2274
2458
2677
2770
2745
2745
2659
2437
2255
2120
2059
2035
2066
2238
2441
2565
2696
2795
2786
2689
2518
2347
2171
2020
1981
2054
2145
2342
2537
2661
2749
2774
2725
2600
2390
2235
2094
1982
2005
2139
2278
2467
2608
2747
2869
2762
2558
2449
2293
2155
2021
1976
2128
2236
2342
2599
2728
2735
2750
2726
2572
2318
2115
2052
2013
2002
2143
2360
2550
2680
2719
2776
2752
2538
2405
2258
2047
1970
2021
2112
2254
2447
2596
2724
2778
2727
2627
2459
2255
2112
2020
2000
2081
2233
2390
2585
2769
2819
2753
2690
2533
2317
2157
2048
2028
2117
2186
2318
2536
2670
2768
2821
2732
2541
2372
2216
2053
1956
2002
2181
2319
2378
2607
2801
2724
2692
2667
2437
2225
2141
2041
1976
2070
2248
2410
2572
2710
2735
2705
2674
2510
2289
2165
2062
2000
2059
2173
2339
2486
2647
2774
2745
2680
2607
2404
2168
2078
2062
2020
2084
2281
2444
2589
2761
2824
2762
2618
2460
2296
2082
1991
2043
2058
2193
2448
2603
2689
2794
2754
2637
2523
2329
2127
2034
1976
2022
2231
2366
2439
2696
2819
2749
2675
2584
2424
2183
2033
2039
2026
2092
2272
2453
2638
2795
2779
2722
2640
2433
2263
2182
2044
1994
2099
2234
2361
2552
2745
2801
2740
2672
2530
2311
2129
2045
2021
2031
2151
2357
2515
2683
2758
2792
2772
2566
2354
2250
2102
2048
2065
2080
2243
2469
2606
2745
2783
2716
2641
2472
2242
2099
2052
1988
2047
2237
2399
2572
2715
2727
2727
2696
2486
2314
2184
2023
1998
2077
2183
2329
2489
2693
2807
2744
2664
2609
2412
2181
2126
2049
1961
2071
2299
2482
2639
2759
2788
2725
2603
2469
2273
2089
2045
2034
2048
2231
2411
2572
2708
2762
2781
2712
2507
2274
2154
2078
2021
2046
2157
2347
2479
2629
2762
2775
2734
2564
2349
2232
2102
1960
2006
2155
2244
2417
2671
2786
2735
2700
2645
2448
2236
2131
2046
1981
2040
2203
2380
2560
2701
2747
2782
2728
2522
2335
2190
2063
1984
2042
2176
2334
2524
2694
2799
2782
2688
2558
2397
2250
2057
1970
2056
2125
2211
2448
2668
2762
2782
2767
2644
2463
2254
2094
2011
1951
2026
2246
2390
2515
2682
2778
2773
2691
2526
2326
2178
2055
1968
2035
2179
2328
2518
2660
2736
2799
2708
2550
2409
2198
2093
2039
2014
2192
2314
2405
2650
2799
2765
2741
2637
2453
2247
2115
2073
2016
2038
2235
2419
2531
2685
2830
2735
2631
2587
2364
2099
2032
2059
2045
2142
2366
2467
2615
2783
2748
2647
2609
2414
2110
2027
2062
2016
2098
2304
2468
2633
2756
2776
2743
2606
2414
2259
2096
2010
2039
2077
2217
2422
2561
2687
2778
2771
2698
2537
2319
2172
2075
1983
2051
2158
2290
2510
2678
2750
2806
2745
2530
2383
2253
2030
1985
2051
2077
2256
2498
2616
2699
2750
2724
2622
2464
2291
2152
2045
2010
2049
2183
2366
2568
2718
2772
2786
2704
2460
2269
2206
2083
1995
2042
2174
2381
2495
2613
2764
2779
2675
2547
2431
2236
2034
1999
2011
2029
2206
2472
2629
2707
2752
2740
2638
2452
2262
2115
2006
1999
2092
2208
2377
2568
2677
2756
2784
2653
2489
2356
2142
2000
2026
2049
2121
2329
2509
2664
2751
2723
2671
2611
2388
2161
2107
2038
1976
2114
2270
2416
2616
2742
2765
2764
2619
2407
2304
2162
1952
1962
2080
2191
2373
2563
2702
2801
2760
2643
2505
2338
2171
2024
1987
2058
2133
2295
2530
2697
2750
2806
2764
2557
2353
2212
2106
2027
2006
2090
2274
2464
2590
2775
2840
2713
2607
2474
2271
2114
2031
2009
2079
2229
2389
2569
2702
2726
2706
2671
2556
2348
2167
2030
2015
2073
2161
2322
2510
2650
2760
2808
2714
2529
2420
2239
2040
1982
2014
2123
2264
2448
2636
2726
2776
2772
2590
2406
2283
2081
2013
2057
2016
2186
2463
2550
2679
2835
2751
2630
2515
2286
2157
2073
1977
2087
2215
2272
2512
2744
2744
2722
2706
2580
2383
2223
2115
1983
1985
2160
2273
2383
2602
2751
2755
2741
2615
2475
2345
2166
2036
2010
2072
2234
2362
2500
2710
2762
2722
2693
2520
2327
2194
2047
1977
2047
2168
2390
2531
2589
2746
2798
2636
2541
2442
2255
2103
2020
2045
2178
2282
2448
2642
2720
2781
2776
2628
2457
2277
2078
1991
2034
2074
2183
2399
2573
2666
2765
2794
2647
2451
2329
2213
2003
1957
2080
2150
2313
2522
2660
2792
2817
2702
2577
2375
2170
2075
1981
1997
2170
2271
2395
2596
2721
2784
2769
2607
2443
2302
2106
1975
2025
2087
2189
2392
2573
2708
2779
2764
2656
2483
2316
2172
2049
2020
2048
2149
2348
2529
2683
2826
2820
2673
2545
2438
2213
2010
2021
2049
2078
2262
2478
2623
2713
2745
2763
2624
2426
2267
2096
1980
2020
2084
2156
2352
2601
2704
2726
2729
2674
2509
2274
2122
2054
1994
2019
2170
2340
2531
2702
2754
2765
2735
2561
2344
2226
2097
2013
2010
2120
2273
2427
2656
2791
2733
2712
2675
2462
2253
2142
2034
1977
2061
2263
2389
2510
2718
2818
2761
2671
2525
2332
2175
2061
1996
2044
2145
2303
2502
2704
2791
2745
2682
2559
2401
2204
2015
1995
2064
2106
2247
2481
2615
2754
2819
2720
2588
2493
2287
2081
2004
2040
2124
2226
2383
2581
2732
2746
2723
2658
2507
2326
2153
2069
2022
2038
2155
2302
2492
2700
2804
2771
2702
2568
2404
2236
2066
1988
2009
2093
2279
2483
2588
2712
2815
2747
2609
2432
2239
2137
2002
1962
2108
2247
2337
2518
2696
2783
2764
2657
2518
2323
2128
2044
1967
2002
2146
2302
2510
2714
2745
2743
2711
2560
2396
2254
2070
1963
1990
2090
2283
2492
2631
2751
2771
2747
2655
2452
2283
2144
1964
1980
2156
2262
2402
2603
2694
2758
2824
2701
2495
2364
2180
2009
2003
2056
2129
2310
2514
2677
2755
2763
2714
2573
2428
2284
2064
1942
2025
2144
2266
2449
2589
2706
2779
2768
2653
2438
2269
2144
1978
1951
2098
2260
2407
2577
2674
2740
2801
2703
2514
2349
2209
2112
2052
2015
2132
2362
2478
2594
2757
2792
2673
2511
2364
2219
2082
1998
1984
2097
2287
2439
2581
2739
2799
2758
2649
2467
2255
2112
2063
1985
2014
2224
2387
2525
2633
2758
2830
2696
2463
2311
2174
2013
1989
2082
2166
2306
2478
2670
2779
2777
2736
2588
2376
2182
2030
1998
2015
2079
2277
2520
2596
2643
2780
2784
2598
2418
2293
2139
2008
2014
2142
2254
2331
2519
2712
2778
2725
2678
2571
2337
2125
2070
2029
2018
2162
2365
2510
2639
2775
2791
2717
2592
2388
2186
2101
2047
1974
2040
2261
2499
2645
2706
2758
2800
2673
2443
2289
2155
1979
1984
2118
2221
2369
2564
2683
2759
2783
2676
2514
2329
2157
2089
2022
2033
2180
2362
2525
2673
2728
2761
2722
2581
2441
2227
2043
1990
1985
2075
2252
2456
2593
2715
2800
2745
2636
2472
2272
2156
2072
2005
2094
2268
2371
2529
2704
2748
2762
2693
2507
2351
2235
2050
1967
2097
2183
2278
2523
2640
2696
2791
2693
2522
2400
2203
2084
2098
2046
2094
2320
2469
2596
2734
2775
2771
2629
2398
2239
2109
2028
2029
2072
2176
2359
2580
2711
2753
2743
2668
2479
2266
2158
2102
2020
2004
2164
2372
2497
2618
2781
2791
2652
2536
2383
2207
2075
1988
2015
2105
2256
2471
2653
2705
2736
2757
2626
2415
2303
2169
2019
1988
2062
2263
2456
2532
2697
2817
2722
2635
2538
2353
2211
2087
1985
2008
2176
2367
2481
2668
2835
2782
2666
2584
2366
2177
2121
1999
1974
2180
2270
2385
2646
2735
2702
2739
2617
2406
2313
2127
1963
2045
2111
2183
2386
2568
2704
2811
2754
2630
2541
2349
2150
2060
1962
1991
2153
2305
2497
2690
2764
2803
2686
2523
2453
2239
1991
2016
2084
2088
2246
2481
2583
2749
2814
2692
2589
2473
2304
2140
2029
2015
2080
2209
2355
2569
2717
2713
2712
2705
2513
2300
2205
2040
1942
2043
2170
2328
2505
2642
2759
2789
2698
2585
2365
2141
2082
2026
1986
2107
2285
2430
2600
2745
2767
2713
2629
2500
2231
2028
2062
2059
2001
2177
2399
2533
2695
2790
2765
2674
2500
2326
2147
2011
1987
2018
2110
2318
2492
2632
2783
2806
2702
2579
2417
2240
2087
2048
2062
2112
2258
2453
2605
2718
2762
2716
2639
2468
2220
2082
2045
2038
2068
2181
2386
2599
2686
2775
2827
2686
2501
2361
2173
2016
1999
2074
2183
2347
2502
2657
2788
2782
2705
2592
2402
2228
2091
1998
2011
2115
2265
2452
2623
2734
2799
2731
2564
2454
2250
2099
2067
1990
2040
2328
2423
2471
2732
2843
2743
2653
2566
2357
2104
2054
2069
2014
2104
2325
2468
2637
2791
2760
2698
2600
2366
2190
2082
1990
2040
2173
2282
2440
2616
2767
2788
2710
2580
2489
2263
2033
2032
2060
2039
2195
2388
2520
2698
2791
2775
2691
2488
2332
2193
1992
1936
2085
2145
2241
2528
2734
2702
2726
2777
2592
2331
2249
2109
1989
2031
2104
2270
2490
2606
2714
2774
2703
2622
2490
2289
2099
1998
2027
2082
2218
2435
2577
2672
2760
2763
2685
2492
2260
2162
2057
1980
2046
2149
2348
2566
2690
2771
2818
2716
2572
2383
2174
2065
2024
2051
2133
2234
2467
2644
2705
2798
2777
2579
2445
2292
2079
2016
2080
2082
2203
2432
2572
2694
2786
2756
2689
2541
2304
2134
2033
1998
2065
2145
2282
2493
2643
2736
2821
2715
2498
2396
2291
2074
1957
2025
2179
2285
2422
2615
2722
2729
2732
2589
2404
2296
2097
1963
2048
2046
2148
2438
2590
2636
2748
2803
2699
2494
2305
2161
2022
1970
2037
2152
2349
2518
2653
2759
2808
2707
2541
2388
2206
2085
1991
1941
2102
2289
2415
2581
2751
2799
2747
2611
2425
2278
2113
1988
1994
2075
2217
2391
2589
2736
2785
2758
2633
2470
2338
2140
1998
2001
2045
2155
2328
2455
2662
2780
2736
2709
2591
2368
2244
2104
1970
2013
2135
2222
2416
2658
2749
2732
2768
2679
2413
2262
2183
2010
1975
2113
2231
2371
2556
2697
2770
2790
2725
2498
2303
2186
2003
1945
2074
2154
2296
2533
2682
2776
2812
2674
2547
2406
2203
2074
1979
1963
2128
2273
2399
2642
2769
2740
2758
2644
2435
2318
2158
1992
1986
2085
2200
2350
2541
2730
2772
2758
2676
2481
2307
2191
2035
1987
2057
2157
2346
2500
2627
2786
2831
2729
2582
2405
2183
2024
1985
2000
2117
2276
2403
2595
2765
2769
2716
2643
2476
2238
2065
2004
1983
2046
2203
2370
2552
2717
2768
2762
2703
2503
2295
2162
2031
2019
2044
2115
2350
2513
2623
2751
2769
2707
2610
2357
2135
2099
2024
1988
2112
2278
2501
2662
2751
2783
2723
2620
2449
2212
2083
2026
1989
2080
2217
2352
2559
2690
2767
2749
2664
2553
2316
2116
2050
1997
1980
2181
2406
2494
2687
2820
2751
2669
2603
2390
2194
2104
1990
2005
2178
2299
2442
2643
2762
2747
2755
2634
2430
2283
2122
1998
1999
2061
2216
2403
2568
2691
2786
2765
2620
2511
2386
2205
2038
1976
2066
2166
2294
2523
2689
2751
2767
2691
2538
2383
2214
2056
2015
2047
2117
2275
2471
2634
2741
2814
2798
2623
2440
2276
2100
2013
2027
2048
2232
2428
2543
2691
2780
2735
2675
2513
2282
2141
2045
2018
2081
2104
2292
2562
2656
2716
2823
2705
2495
2405
2189
2007
2004
2022
2089
2251
2413
2584
2750
2768
2718
2648
2442
2277
2160
2002
1997
2106
2233
2400
2538
2692
2850
2782
2606
2493
2358
2196
2035
1993
2064
2146
2313
2531
2702
2791
2791
2728
2579
2364
2204
2075
2044
2079
2088
2220
2476
2634
2704
2787
2777
2594
2459
2337
2117
2009
2013
2017
2187
2406
2544
2708
2808
2736
2680
2545
2322
2165
2053
2005
2042
2088
2306
2568
2654
2740
2829
2719
2551
2401
2204
2046
1984
1982
2090
2269
2438
2588
2718
2737
2760
2684
2397
2248
2220
2013
1920
2067
2250
2371
2562
2715
2727
2754
2681
2504
2364
2160
2020
2032
2071
2194
2354
2448
2641
2790
2773
2687
2599
2422
2203
2053
1996
2007
2125
2301
2461
2636
2742
2762
2759
2620
2441
2282
2138
2038
2000
2055
2203
2373
2571
2667
2752
2783
2668
2477
2284
2144
2061
1985
1984
2103
2325
2500
2640
2767
2807
2703
2538
2422
2246
2037
1956
2023
2123
2220
2452
2646
2713
2768
2735
2611
2494
2297
2095
1990
1986
2065
2222
2405
2570
2675
2747
2762
2650
2475
2340
2197
2030
1944
2016
2164
2357
2530
2658
2753
2811
2715
2526
2427
2276
1986
1941
2066
2092
2237
2473
2623
2726
2732
2728
2702
2429
2211
2139
2016
2032
2146
2217
2355
2542
2675
2731
2752
2671
2508
2303
2158
2097
2026
2028
2159
2354
2489
2649
2815
2801
2707
2553
2379
2254
2106
1997
2013
2159
2264
2377
2580
2739
2785
2773
2615
2434
2315
2150
2026
2019
2070
2254
2413
2537
2740
2852
2775
2646
2502
2323
2139
2023
1964
2041
2192
2330
2508
2687
2738
2759
2730
2594
2386
2169
2096
2028
1983
2114
2287
2443
2604
2715
2750
2741
2607
2418
2283
2157
2015
2015
2101
2190
2350
2580
2681
2750
2762
2680
2532
2310
2157
2093
2018
2052
2201
2360
2501
2666
2753
2730
2676
2572
2391
2194
2045
1993
2030
2124
2262
2448
2608
2765
2836
2759
2640
2457
2275
2142
2016
2007
2071
2216
2427
2547
2651
2777
2764
2610
2483
2341
2170
2038
2007
2059
2163
2329
2477
2594
2735
2851
2746
2562
2416
2200
2063
2043
2012
2057
2269
2439
2602
2824
2808
2679
2637
2519
2289
2070
1995
2035
2069
2206
2439
2578
2646
2778
2782
2637
2537
2371
2159
2041
1985
1993
2170
2381
2511
2663
2731
2739
2710
2575
2377
2206
2090
2025
2009
2083
2249
2482
2640
2694
2763
2765
2566
2406
2302
2105
2003
2053
2085
2177
2366
2568
2690
2769
2791
2676
2515
2339
2113
2019
2043
2018
2101
2356
2508
2644
2778
2770
2693
2589
2375
2195
2102
2019
1990
2102
2283
2455
2612
2741
2781
2774
2653
2421
2250
2137
2036
2012
2051
2183
2411
2549
2668
2822
2795
2588
2476
2395
2204
2026
1993
2037
2134
2335
2518
2652
2750
2743
2716
2602
2396
2205
2056
2000
2026
2108
2257
2461
2604
2701
2783
2736
2612
2464
2275
2114
2009
2019
2065
2175
2401
2590
2647
2741
2819
2684
2480
2327
2154
2037
2006
2030
2139
2316
2510
2662
2754
2744
2670
2574
2372
2187
2091
2016
2055
2137
2218
2467
2670
2717
2761
2775
2622
2437
2286
2101
2015
2027
2080
2216
2355
2537
2723
2773
2740
2663
2485
2291
2141
2009
1959
2064
2178
2334
2521
2659
2737
2781
2754
2563
2377
2269
2101
2010
2050
2086
2229
2476
2579
2704
2796
2709
2615
2513
2298
2113
2028
1988
2034
2233
2409
2538
2691
2788
2742
2674
2567
2341
2169
2084
2019
2029
2134
2351
2585
2673
2733
2792
2728
2580
2384
2185
2077
2047
2014
2089
2311
2488
2582
2738
2780
2703
2652
2517
2262
2063
2024
2034
2056
2206
2415
2543
2669
2786
2754
2642
2510
2347
2152
2036
1997
2016
2141
2336
2473
2647
2765
2765
2709
2546
2347
2242
2100
1974
1999
2082
2254
2492
2640
2706
2737
2746
2591
2412
2279
2125
2025
2003
2029
2194
2412
2561
2670
2725
2737
2692
2515
2320
2116
1991
1980
2032
2161
2341
2487
2643
2751
2788
2755
2584
2360
2242
2105
1972
2028
2154
2255
2401
2644
2807
2748
2717
2649
2459
2259
2081
2034
2023
2023
2214
2455
2552
2670
2810
2749
2643
2559
2338
2116
2020
1980
1997
2158
2317
2437
2647
2760
2759
2791
2594
2275
2183
2139
1991
1980
2126
2300
2464
2591
2723
2784
2733
2624
2479
2275
2102
1999
1980
2062
2209
2407
2565
2657
2763
2782
2686
2530
2354
2198
2053
1993
2038
2129
2313
2509
2665
2765
2797
2702
2553
2414
2234
2049
1998
2022
2119
2239
2418
2626
2769
2744
2738
2689
2413
2208
2193
2022
1923
2111
2254
2331
2585
2782
2779
2746
2693
2521
2339
2178
2029
2021
2074
2115
2354
2563
2595
2728
2837
2684
2535
2473
2252
2014
2029
2085
2105
2289
2493
2593
2729
2783
2740
2673
2489
2255
2137
2075
2024
2084
2251
2378
2507
2674
2779
2763
2645
2482
2331
2162
2047
2001
2038
2132
2303
2533
2696
2767
2780
2724
2616
2402
2216
2119
2010
2016
2109
2247
2474
2612
2636
2715
2804
2630
2403
2317
2137
1992
2028
2071
2220
2390
2533
2689
2795
2746
2672
2545
2331
2143
1994
1968
2034
2128
2349
2540
2661
2784
2807
2712
2569
2375
2199
2074
1983
1996
2105
2245
2463
2671
2737
2746
2746
2621
2453
2272
2086
2003
2011
2058
2205
2395
2559
2692
2769
2736
2629
2494
2343
2204
2079
2018
2030
2139
2341
2490
2658
2801
2765
2670
2614
2411
2193
2072
1985
2035
2154
2231
2450
2643
2712
2780
2768
2616
2438
2233
2100
2089
2033
2020
2258
2405
2497
2712
2793
2772
2733
2471
2276
2225
2094
1985
2044
2142
2324
2541
2695
2768
2790
2743
2558
2366
2240
2088
1957
1989
2122
2263
2444
2606
2752
2770
2718
2662
2487
2267
2104
2030
1988
2079
2278
2390
2552
2742
2772
2768
2710
2501
2328
2217
2054
1997
2035
2143
2355
2479
2627
2803
2790
2712
2608
2383
2225
2091
1958
2003
2148
2247
2446
2626
2689
2786
2767
2552
2401
2249
2052
1988
2038
2114
2203
2368
2582
2732
2769
2773
2690
2494
2329
2173
2024
2003
2057
2124
2340
2550
2656
2744
2806
2715
2540
2417
2210
2007
1992
2009
2078
2243
2454
2589
2724
2808
2737
2613
2456
2250
2102
2014
2007
2073
2178
2351
2581
2729
2786
2742
2663
2520
2312
2153
2078
2024
2020
2152
