2068
2898
2275
1444
2022
2908
2307
1438
2046
2921
2316
1458
2048
2908
2267
1449
2070
2921
2295
1454
2067
2939
2292
1425
2047
2908
2271
1432
2068
2947
2302
1454
2064
2882
2258
1450
2076
2913
2280
1444
2047
2936
2300
1446
2060
2900
2271
1443
2075
2928
2286
1430
2006
2911
2279
1408
2059
2908
2268
1442
2042
2904
2296
1426
2079
2923
2237
1419
2084
2935
2276
1431
2073
2931
2271
1436
2094
2929
2253
1440
2071
2893
2290
1474
2056
2890
2274
1446
2051
2895
2271
1442
2033
2916
2257
1397
2110
2915
2227
1440
2078
2894
2269
1474
2058
2875
2270
1448
2056
2924
2288
1426
2060
2909
2279
1441
2050
2914
2288
1422
2037
2884
2272
1460
2036
2890
2261
1409
2063
2924
2273
1420
2016
2891
2272
1418
2059
2912
2232
1422
2043
2894
2266
1421
2069
2909
2249
1415
2057
2921
2290
1434
1991
2883
2321
1425
2061
2965
2244
1377
2062
2886
2217
1424
2029
2872
2279
1437
2046
2931
2283
1423
2066
2908
2264
1450
2087
2945
2305
1385
1999
2925
2287
1439
2071
2907
2230
1384
2033
2914
2263
1386
2046
2908
2237
1406
2060
2928
2259
1433
2067
2914
2263
1450
2062
2859
2246
1449
2061
2901
2283
1417
2043
2931
2290
1408
2039
2949
2301
1399
2027
2894
2257
1437
2052
2873
2270
1452
2059
2924
2283
1426
2045
2877
2273
1467
2077
2920
2266
1415
2077
2932
2245
1395
2046
2881
2221
1446
2102
2910
2263
1450
2051
2902
2295
1442
2048
2918
2290
1423
2042
2906
2263
1453
2089
2885
2236
1410
2042
2906
2274
1429
2056
2900
2269
1433
2094
2927
2269
1453
2070
2889
2258
1470
2074
2901
2286
1461
2071
2912
2278
1422
2042
2899
2254
1428
2079
2937
2260
1368
2040
2944
2262
1409
2083
2898
2218
1424
2047
2896
2268
1422
2021
2876
2259
1436
2073
2939
2304
1451
2029
2884
2291
1427
2056
2936
2278
1430
2069
2927
2298
1440
2035
2925
2315
1423
2044
2898
2271
1436
2056
2943
2293
1414
2065
2935
2273
1404
2038
2914
2300
1441
2052
2881
2274
1433
2062
2944
2307
1433
2065
2926
2276
1413
2066
2895
2272
1448
2067
2936
2290
1427
2022
2875
2277
1484
2122
2915
2283
1446
2036
2894
2296
1475
2087
2924
2287
1446
2056
2953
2287
1412
2037
2914
2280
1452
2082
2911
2276
1443
2079
2945
2288
1446
2076
2892
2270
1457
2054
2887
2278
1412
2019
2912
2298
1441
2080
2915
2282
1447
2054
2909
2276
1426
2076
2908
2264
1430
2054
2926
2275
1409
2047
2896
2289
1466
2061
2917
2279
1440
2051
2918
2309
1444
2031
2918
2291
1426
2048
2923
2308
1448
2032
2936
2345
1428
2057
2949
2281
1400
2050
2917
2241
1426
2102
2898
2248
1445
2072
2922
2293
1438
2043
2881
2279
1452
2062
2946
2309
1410
2057
2928
2261
1444
2086
2876
2274
1451
2055
2932
2303
1404
2014
2899
2294
1453
2071
2921
2269
1440
2049
2889
2234
1429
2090
2901
2249
1441
2059
2912
2290
1436
2020
2896
2318
1454
2042
2940
2305
1401
2018
2898
2295
1466
2023
2886
2311
1443
2020
2933
2308
1394
2039
2957
2265
1403
2037
2885
2254
1404
2058
2908
2233
1426
2109
2904
2218
1448
2082
2914
2290
1440
2048
2900
2299
1465
2059
2938
2300
1398
2031
2913
2266
1418
2074
2898
2258
1441
2054
2906
2277
1436
2026
2896
2306
1439
2063
2917
2290
1432
2033
2930
2320
1444
2068
2912
2258
1433
2058
2926
2293
1420
2026
2860
2240
1457
2094
2954
2287
1411
2065
2931
2291
1421
2035
2901
2298
1439
2071
2930
2305
1449
2032
2911
2294
1420
2051
2889
2263
1441
2037
2886
2286
1454
2032
2856
2263
1481
2075
2915
2323
1461
2027
2873
2279
1439
2046
2932
2290
1446
2080
2942
2269
1408
2041
2949
2304
1436
2099
2944
2260
1450
2064
2885
2296
1453
2099
2960
2278
1394
2023
2916
2280
1452
2071
2923
2299
1435
2059
2917
2270
1449
2048
2892
2288
1447
2052
2937
2282
1418
2072
2923
2245
1458
2101
2888
2266
1452
2070
2948
2298
1428
2041
2902
2268
1415
2081
2915
2238
1412
2040
2908
2274
1438
2094
2937
2262
1431
2072
2948
2309
1427
2025
2907
2309
1460
2069
2936
2285
1418
2051
2924
2289
1445
2060
2925
2284
1432
2084
2950
2239
1398
2050
2899
2256
1443
2060
2900
2278
1419
2002
2924
2312
1425
2064
2916
2273
1449
2069
2929
2273
1420
2049
2864
2262
1462
2084
2943
2287
1421
2058
2867
2244
1448
2050
2898
2267
1426
2052
2908
2281
1461
2062
2904
2292
1414
2048
2940
2274
1430
2086
2941
2309
1427
2034
2888
2265
1436
2052
2909
2323
1477
2049
2914
2273
1401
2047
2937
2306
1415
2041
2922
2290
1439
2060
2913
2273
1460
2128
2945
2283
1426
2046
2879
2271
1446
2071
2869
2257
1450
2041
2910
2310
1439
2057
2919
2265
1425
2071
2909
2253
1432
2068
2896
2263
1430
2081
2945
2285
1451
2056
2896
2298
1441
2045
2915
2256
1410
2059
2924
2301
1441
2064
2937
2307
1453
2105
2935
2237
1425
2034
2901
2309
1436
2047
2915
2296
1447
2074
2928
2316
1453
2065
2908
2250
1419
2083
2956
2285
1406
2039
2885
2286
1459
2030
2906
2291
1435
2090
2925
2287
1481
2049
2884
2259
1432
2070
2942
2299
1431
2043
2917
2270
1447
2081
2861
2239
1431
2045
2900
2280
1405
2018
2903
2305
1457
2044
2928
2312
1453
2056
2900
2266
1437
2063
2932
2277
1423
2088
2921
2271
1437
2060
2913
2304
1451
2076
2955
2289
1412
2015
2891
2268
1445
2084
2910
2270
1418
2061
2946
2267
1421
2051
2885
2267
1444
2070
2918
2277
1425
2062
2930
2253
1438
2068
2895
2227
1427
2091
2897
2266
1474
2030
2886
2323
1450
2047
2915
2299
1453
2067
2939
2292
1441
2083
2934
2280
1439
2084
2925
2292
1429
2036
2878
2250
1426
2075
2905
2244
1418
2073
2913
2288
1433
2067
2913
2267
1415
2047
2921
2256
1425
2025
2894
2282
1418
2071
2892
2233
1407
2029
2913
2284
1447
2038
2882
2251
1412
2052
2912
2283
1472
2039
2860
2291
1459
2021
2903
2292
1419
2061
2913
2270
1411
2004
2869
2274
1429
2024
2903
2272
1402
2011
2891
2267
1433
2093
2918
2264
1427
2006
2895
2275
1419
2068
2887
2243
1411
2055
2901
2283
1425
2012
2870
2272
1469
2068
2897
2254
1413
2034
2892
2237
1406
2090
2916
2211
1377
2076
2937
2245
1427
2065
2878
2262
1440
2071
2893
2254
1445
2038
2892
2275
1423
2062
2905
2254
1429
2058
2933
2307
1446
2045
2874
2241
1439
2068
2901
2275
1420
2045
2893
2274
1442
2053
2867
2255
1435
2057
2912
2269
1423
2057
2942
2281
1418
2074
2932
2227
1428
2058
2875
2269
1418
2076
2886
2234
1452
2042
2895
2306
1404
2003
2906
2281
1419
2072
2937
2270
1417
2052
2905
2299
1442
2073
2926
2263
1407
2062
2931
2292
1475
2060
2877
2294
1458
2073
2925
2274
1418
2024
2919
2279
1410
2035
2927
2253
1402
2064
2903
2257
1449
2045
2871
2286
1455
2024
2911
2292
1412
2042
2911
2266
1403
2025
2893
2270
1422
2049
2898
2272
1419
2012
2879
2309
1444
2057
2914
2270
1426
2058
2908
2276
1426
2086
2917
2275
1428
2064
2909
2259
1417
2041
2898
2301
1456
2054
2931
2301
1430
2038
2873
2273
1445
2052
2912
2276
1407
2036
2915
2272
1425
2052
2902
2305
1465
2049
2917
2301
1426
2055
2936
2278
1426
2067
2884
2248
1402
2047
2948
2297
1401
2051
2911
2257
1421
2073
2921
2257
1421
2054
2897
2281
1448
2038
2931
2333
1425
2030
2866
2258
1445
2071
2896
2250
1448
2084
2917
2290
1439
2026
2913
2297
1443
2081
2921
2268
1440
2036
2901
2301
1431
2028
2920
2253
1435
2075
2922
2287
1441
2029
2890
2279
1430
2037
2905
2281
1415
2051
2926
2293
1425
2018
2882
2272
1454
2059
2898
2257
1410
2043
2908
2267
1443
2072
2905
2264
1440
2040
2921
2300
1421
2066
2913
2274
1458
2074
2921
2267
1434
2063
2888
2280
1463
2048
2886
2300
1440
2034
2909
2274
1427
2059
2902
2269
1447
2094
2938
2261
1404
2031
2885
2269
1445
2083
2907
2278
1437
2053
2897
2257
1435
2055
2882
2279
1469
2073
2941
2294
1399
2061
2921
2286
1457
2047
2889
2299
1420
2066
2954
2288
1426
2083
2928
2288
1432
2066
2937
2295
1410
2037
2907
2287
1457
2067
2913
2274
1440
2083
2949
2314
1438
2037
2901
2301
1437
2056
2948
2292
1406
2075
2916
2237
1431
2074
2914
2291
1439
2038
2904
2303
1421
2015
2905
2287
1432
2081
2964
2287
1438
2051
2882
2292
1465
2042
2911
2287
1449
2073
2925
2315
1441
2050
2907
2262
1443
2075
2924
2271
1435
2058
2887
2296
1459
2022
2900
2288
1408
2036
2926
2265
1442
2073
2922
2291
1430
2059
2916
2250
1420
2057
2940
2278
1439
2067
2894
2292
1423
2011
2915
2306
1447
2056
2899
2325
1492
2048
2926
2280
1416
2067
2912
2274
1450
2064
2880
2276
1465
2074
2926
2278
1422
2043
2909
2289
1434
2066
2924
2276
1447
2069
2934
2299
1464
2086
2926
2288
1431
2117
2950
2290
1441
2052
2902
2291
1458
2062
2944
2311
1428
2071
2920
2289
1429
2069
2916
2286
1453
2072
2927
2314
1457
2065
2923
2255
1441
2093
2880
2263
1437
2060
2904
2283
1441
2086
2919
2253
1410
2024
2918
2319
1443
2070
2952
2321
1474
2054
2912
2303
1447
2052
2903
2272
1406
2042
2885
2307
1471
2068
2937
2293
1405
2039
2922
2275
1426
2087
2923
2255
1412
2094
2934
2255
1435
2086
2911
2273
1454
2071
2944
2313
1416
2040
2906
2273
1441
2048
2895
2278
1465
2050
2919
2297
1425
2042
2912
2269
1423
2063
2898
2253
1480
2056
2854
2295
1451
2056
2901
2275
1430
2011
2929
2282
1402
2042
2908
2262
1407
2047
2946
2337
1452
2026
2908
2286
1447
2057
2946
2303
1446
2081
2897
2272
1440
2040
2908
2250
1409
2076
2923
2272
1438
2063
2911
2281
1435
2068
2907
2254
1442
2074
2908
2268
1438
2100
2930
2277
1449
2073
2906
2266
1424
2048
2875
2281
1465
2056
2919
2278
1407
2021
2914
2277
1425
2073
2923
2269
1417
2082
2913
2241
1451
2080
2911
2297
1444
2086
2941
2296
1434
2041
2916
2307
1439
2035
2930
2264
1381
2039
2922
2254
1406
2057
2911
2269
1456
2048
2941
2286
1369
2031
2933
2285
1441
2064
2908
2269
1408
2055
2932
2257
1395
1995
2887
2291
1448
2083
2940
2274
1436
2047
2914
2296
1435
2047
2915
2302
1443
2040
2929
2278
1398
2040
2889
2251
1447
2088
2919
2271
1467
2062
2887
2293
1432
2006
2915
2311
1420
2065
2940
2266
1426
2061
2910
2284
1428
2044
2912
2280
1450
2060
2935
2309
1433
2086
2914
2256
1444
2067
2905
2280
1426
2016
2899
2296
1472
2072
2937
2298
1446
2088
2920
2267
1416
2069
2929
2254
1428
2072
2891
2286
1453
2001
2871
2324
1445
2052
2937
2276
1415
2058
2927
2294
1451
2067
2905
2248
1413
2057
2917
2263
1458
2078
2899
2272
1446
2076
2920
2265
1418
2053
2891
2264
1475
2048
2895
2300
1452
2063
2934
2300
1424
2020
2900
2277
1435
2074
2905
2287
1451
2025
2901
2301
1462
2072
2920
2296
1438
2039
2932
2280
1417
2030
2896
2275
1419
2052
2893
2251
1439
2056
2874
2253
1450
2049
2884
2264
1417
2056
2929
2319
1443
2038
2964
2310
1422
2090
2917
2263
1434
2027
2869
2289
1459
2037
2911
2261
1404
2063
2952
2284
1420
2051
2890
2275
1433
2016
2916
2308
1409
2027
2936
2278
1417
2041
2933
2277
1402
2054
2939
2285
1434
2037
2909
2300
1424
2073
2930
2261
1430
2034
2907
2271
1446
2071
2869
2270
1448
2018
2893
2290
1426
2053
2943
2288
1403
2089
2941
2231
1412
2051
2871
2275
1477
2027
2899
2298
1413
2051
2928
2285
1444
2017
2891
2298
1439
2081
2954
2267
1410
2031
2933
2302
1460
2083
2902
2256
1393
2023
2917
2287
1419
2048
2922
2281
1432
2049
2932
2304
1436
2034
2895
2297
1484
2051
2892
2316
1445
2064
2925
2292
1432
2036
2922
2306
1453
2070
2909
2241
1418
2049
2918
2288
1465
2064
2891
2240
1429
2029
2892
2315
1417
2013
2875
2249
1452
2080
2954
2301
1423
2071
2940
2299
1441
2079
2908
2266
1460
2087
2900
2282
1430
2008
2899
2264
1378
2069
2937
2246
1409
2048
2895
2275
1443
2059
2904
2247
1406
2049
2907
2246
1437
2055
2890
2279
1416
2035
2920
2303
1433
2047
2926
2295
1429
2053
2919
2269
1429
2067
2890
2280
1457
2007
2856
2280
1439
2040
2918
2297
1436
2018
2943
2312
1394
2067
2921
2247
1460
2085
2929
2290
1413
2034
2883
2253
1428
2027
2894
2285
1442
2051
2931
2307
1413
2038
2929
2246
1433
2071
2872
2278
1457
2007
2896
2310
1415
2035
2924
2282
1425
2047
2943
2275
1423
2056
2877
2221
1383
2047
2922
2267
1432
2058
2876
2271
1455
2005
2932
2306
1395
2050
2886
2243
1443
2055
2880
2285
1422
2030
2919
2268
1432
2062
2891
2267
1417
2033
2911
2301
1415
2016
2919
2286
1442
2069
2915
2245
1411
2065
2917
2290
1450
2032
2875
2279
1443
2021
2901
2304
1442
2023
2885
2286
1441
2033
2913
2293
1425
2090
2941
2251
1395
2027
2881
2285
1481
2083
2903
2296
1445
2020
2901
2289
1423
2048
2905
2252
1412
2060
2919
2287
1419
2021
2890
2303
1465
2058
2917
2274
1417
2058
2909
2246
1410
2043
2883
2247
1409
2068
2907
2291
1455
2045
2917
2281
1429
2068
2916
2284
1444
2036
2881
2274
1460
2049
2886
2251
1429
2049
2940
2282
1385
2013
2880
2250
1421
2048
2915
2256
1415
2035
2875
2253
1423
2027
2886
2284
1434
2046
2900
2272
1416
2002
2901
2283
1384
2074
2932
2234
1412
2077
2938
2294
1422
2067
2895
2254
1437
2035
2867
2278
1442
2035
2886
2299
1458
2051
2924
2324
1431
2036
2899
2293
1457
2024
2879
2266
1403
2048
2939
2271
1412
2045
2903
2284
1439
2052
2910
2298
1438
2029
2917
2305
1456
2078
2917
2274
1409
2027
2917
2313
1451
2044
2933
2300
1410
2050
2918
2271
1442
2078
2909
2270
1445
2054
2906
2245
1418
2051
2892
2265
1447
2049
2896
2260
1443
2072
2920
2255
1395
2013
2906
2267
1437
2091
2874
2235
1453
2052
2917
2332
1439
2052
2936
2292
1443
2065
2926
2291
1422
2029
2918
2302
1422
2026
2914
2274
1426
2081
2937
2258
1397
2044
2937
2282
1425
2068
2914
2258
1436
2041
2900
2276
1413
2045
2912
2268
1422
2044
2883
2284
1446
2034
2877
2276
1419
2067
2943
2277
1424
2055
2900
2309
1471
2055
2919
2305
1464
2060
2913
2282
1404
2034
2904
2290
1422
2047
2922
2249
1405
2043
2917
2275
1416
2056
2901
2276
1448
2067
2915
2298
1438
2027
2913
2301
1448
2056
2937
2332
1433
2052
2950
2288
1433
2094
2919
2240
1401
2053
2919
2284
1431
2048
2904
2263
1423
2091
2922
2274
1454
2054
2893
2320
1458
2043
2905
2289
1438
2040
2915
2310
1434
2023
2921
2278
1413
2035
2955
2306
1414
2042
2915
2301
1417
2051
2934
2260
1434
2092
2910
2270
1430
2009
2899
2295
1419
2055
2915
2262
1410
2026
2906
2288
1427
2099
2958
2259
1409
2054
2900
2284
1446
2046
2903
2288
1449
2078
2972
2302
1437
2098
2925
2272
1443
2037
2895
2261
1439
2085
2922
2270
1455
2054
2914
2323
1457
2067
2925
2279
1432
2065
2949
2299
1430
2076
2899
2275
1449
2053
2907
2295
1457
2046
2941
2336
1441
2061
2939
2285
1435
2051
2880
2274
1448
2029
2917
2331
1451
2021
2918
2346
1455
2000
2926
2342
1452
2078
2967
2314
1397
2033
2953
2298
1450
2072
2925
2291
1447
2057
2922
2275
1442
2050
2872
2284
1451
2049
2933
2323
1438
2035
2919
2299
1443
2068
2913
2278
1412
2040
2919
2305
1451
2034
2919
2296
1457
2089
2940
2268
1412
2074
2938
2316
1430
2058
2935
2267
1440
2071
2925
2291
1440
2054
2880
2286
1463
2068
2945
2308
1423
2060
2923
2306
1482
2057
2894
2306
1449
2069
2952
2293
1423
2078
2897
2275
1486
2088
2924
2327
1460
2012
2904
2318
1456
2032
2881
2289
1432
2067
2968
2315
1415
2034
2912
2283
1439
2046
2928
2289
1436
2040
2904
2317
1452
2027
2905
2295
1459
2108
2934
2285
1451
2049
2925
2337
1470
2072
2905
2286
1454
2045
2903
2309
1456
2063
2946
2300
1417
2069
2927
2279
1436
2048
2933
2318
1446
2056
2941
2298
1449
2034
2868
2307
1496
2062
2909
2293
1445
2049
2900
2301
1430
2030
2929
2315
1439
2052
2913
2280
1441
2047
2905
2309
1434
2038
2918
2296
1432
2045
2925
2309
1443
2035
2884
2288
1475
2089
2935
2306
1437
2057
2904
2276
1432
2043
2895
2269
1446
2070
2900
2264
1421
2019
2909
2325
1453
2060
2892
2285
1411
2018
2909
2288
1447
2063
2906
2266
1433
2046
2893
2303
1465
2043
2869
2280
1444
2036
2918
2307
1416
2036
2912
2287
1410
2010
2899
2292
1449
2044
2902
2322
1475
2060
2914
2300
1433
2058
2938
2242
1397
2076
2919
2264
1437
2069
2890
2258
1433
2026
2891
2309
1454
2027
2864
2253
1438
2082
2959
2285
1411
2065
2922
2273
1421
2038
2919
2289
1449
2054
2902
2295
1464
1998
2897
2330
1410
2048
2922
2242
1416
2060
2896
2272
1442
2073
2922
2291
1452
2052
2930
2309
1409
2045
2905
2270
1457
2072
2946
2280
1374
2025
2901
2257
1427
2049
2915
2268
1423
2028
2904
2319
1453
2005
2889
2299
1431
2081
2954
2306
1441
2055
2916
2290
1475
2073
2910
2275
1435
2039
2896
2298
1452
2015
2878
2312
1499
2061
2945
2286
1422
2073
2918
2258
1443
2075
2921
2285
1429
2081
2924
2301
1474
2052
2914
2319
1449
2063
2951
2312
1419
2013
2917
2313
1446
2086
2917
2245
1408
2058
2892
2263
1454
2054
2898
2291
1460
2078
2910
2285
1436
2057
2919
2313
1440
2036
2937
2313
1425
2066
2953
2299
1431
2044
2924
2321
1473
2077
2933
2300
1400
2010
2906
2278
1422
2064
2915
2267
1442
2080
2940
2294
1439
2062
2882
2244
1465
2085
2917
2307
1416
2015
2898
2310
1450
2020
2932
2285
1432
2103
2955
2243
1423
2063
2902
2289
1439
2052
2928
2296
1430
2028
2901
2280
1443
2067
2921
2265
1413
2053
2907
2286
1454
2068
2907
2294
1456
2061
2924
2293
1452
2035
2904
2317
1441
2040
2907
2295
1425
2045
2925
2276
1427
2045
2901
2297
1463
2077
2930
2313
1431
2022
2929
2306
1433
2075
2936
2285
1431
2050
2932
2302
1445
2065
2894
2265
1428
2047
2921
2291
1445
2071
2899
2260
1454
2051
2919
2291
1428
2055
2932
2275
1411
2032
2898
2273
1439
2090
2921
2262
1449
2031
2887
2273
1452
2042
2887
2257
1423
2082
2943
2274
1429
2066
2873
2264
1442
2074
2939
2286
1427
2051
2895
2272
1455
2068
2914
2310
1463
2065
2901
2264
1446
2049
2900
2297
1448
2057
2912
2312
1429
2026
2946
2296
1399
2060
2954
2256
1405
2069
2879
2241
1430
2024
2888
2273
1444
2059
2935
2282
1402
2026
2889
2284
1457
2053
2905
2287
1462
2071
2914
2296
1441
2015
2896
2320
1433
2052
2955
2259
1417
2076
2921
2247
1410
2070
2913
2260
1413
2074
2904
2237
1425
2044
2873
2265
1439
2060
2912
2282
1418
1998
2871
2283
1429
2018
2920
2299
1420
2046
2920
2282
1439
2067
2912
2276
1435
2096
2921
2245
1430
2060
2899
2281
1470
2060
2888
2299
1449
2032
2922
2293
1424
2063
2879
2250
1435
2051
2941
2306
1448
2058
2918
2285
1439
2038
2869
2285
1436
2035
2913
2290
1460
2041
2901
2307
1443
2030
2911
2286
1433
2042
2904
2275
1433
2033
2874
2269
1429
2063
2927
2258
1439
2080
2875
2276
1488
2078
2913
2313
1439
2039
2920
2312
1429
2030
2918
2277
1429
2076
2934
2271
1397
2001
2885
2277
1431
2029
2910
2259
1412
2048
2925
2270
1423
2065
2884
2273
1453
2057
2943
2276
1436
2067
2900
2284
1414
2020
2891
2277
1417
2012
2911
2284
1433
2046
2912
2293
1431
2056
2949
2300
1414
2081
2924
2248
1437
2098
2910
2241
1457
2061
2915
2299
1426
2053
2873
2220
1431
2037
2868
2299
1454
2054
2934
2285
1428
2055
2905
2279
1425
2052
2912
2289
1448
2055
2931
2294
1463
2073
2899
2270
1444
2025
2882
2313
1417
2028
2919
2269
1425
2022
2906
2295
1457
2088
2899
2261
1411
2048
2931
2302
1442
2072
2888
2266
1461
2081
2926
2270
1408
2047
2923
2292
1462
2021
2881
2281
1405
2023
2945
2301
1404
2000
2902
2308
1461
2048
2918
2283
1404
2027
2907
2292
1436
2049
2890
2276
1436
2038
2932
2281
1397
2035
2882
2257
1435
2042
2913
2286
1425
2051
2930
2309
1453
2049
2875
2267
1458
2069
2900
2286
1460
2048
2889
2271
1439
2038
2896
2268
1411
2024
2907
2268
1400
2046
2902
2251
1420
2056
2915
2301
1446
2043
2897
2308
1446
2003
2893
2308
1464
2042
2901
2307
1419
2024
2920
2259
1422
2077
2930
2294
1452
2045
2880
2296
1420
2040
2944
2260
1371
2040
2918
2270
1451
2076
2924
2296
1416
2055
2937
2258
1432
2041
2860
2265
1457
2032
2904
2324
1413
2017
2900
2277
1425
2029
2922
2283
1428
2080
2916
2258
1421
2069
2906
2272
1431
2040
2914
2298
1411
2018
2919
2295
1447
2085
2924
2251
1407
2055
2938
2286
1406
2058
2900
2249
1438
2044
2907
2255
1409
2081
2924
2251
1418
2047
2885
2241
1411
2050
2911
2251
1452
2061
2868
2252
1431
2076
2918
2261
1438
2031
2882
2273
1448
2054
2886
2282
1445
2028
2888
2293
1464
2033
2897
2300
1405
2044
2927
2236
1381
2053
2928
2292
1422
2034
2904
2279
1429
2051
2916
2261
1400
2050
2905
2246
1442
2094
2900
2259
1444
2030
2907
2295
1405
2043
2913
2262
1398
2048
2923
2275
1466
2046
2870
2289
1450
2027
2900
2296
1425
2025
2907
2274
1427
2057
2914
2285
1446
2063
2913
2266
1434
2052
2890
2276
1434
2051
2920
2300
1418
2001
2933
2323
1417
2071
2920
2240
1402
2066
2920
2312
1463
2030
2909
2299
1430
2053
2934
2278
1441
2067
2893
2284
1440
2038
2887
2277
1418
2052
2876
2255
1437
2010
2858
2302
1446
2052
2906
2248
1428
2048
2876
2311
1462
2018
2898
2314
1429
2048
2971
2319
1430
2055
2882
2258
1442
2053
2930
2281
1426
2047
2859
2297
1470
2032
2928
2321
1439
2062
2923
2295
1437
2035
2911
2309
1424
2048
2949
2282
1439
2062
2919
2281
1438
2095
2908
2256
1439
2037
2911
2312
1422
2032
2931
2291
1447
2068
2933
2292
1451
2098
2939
2316
1437
2031
2927
2292
1445
2082
2916
2270
1443
2054
2907
2305
1475
2066
2909
2283
1395
2036
2968
2319
1417
2048
2917
2267
1422
2051
2908
2286
1443
2074
2906
2286
1442
2058
2948
2306
1449
2087
2915
2269
1436
2048
2915
2304
1474
2077
2936
2324
1469
2044
2907
2306
1425
2082
2953
2245
1415
2063
2946
2319
1462
2065
2906
2280
1419
2035
2888
2287
1479
2048
2873
2282
1470
2057
2954
2302
1412
2078
2918
2266
1449
2045
2920
2294
1448
2084
2902
2279
1471
2055
2925
2331
1443
2067
2925
2263
1411
2048
2944
2328
1467
2079
2916
2274
1423
2028
2907
2271
1431
2072
2922
2261
1452
2080
2927
2290
1428
2059
2944
2266
1432
2072
2934
2266
1407
2080
2940
2277
1435
2067
2926
2316
1491
2079
2894
2270
1413
2016
2932
2300
1424
2087
2931
2257
1453
2067
2977
2342
1423
2044
2901
2316
1471
2043
2924
2301
1448
2075
2933
2312
1460
2060
2911
2291
1427
2036
2928
2309
1471
2053
2914
2293
1450
2075
2923
2300
1416
2092
2962
2300
1485
2089
2892
2262
1454
2065
2937
2319
1432
2041
2899
2265
1443
2085
2944
2264
1449
2079
2913
2277
1444
2051
2899
2294
1437
2050
2934
2310
1450
2034
2875
2280
1430
2078
2940
2286
1420
2013
2924
2316
1457
2076
2895
2246
1451
2064
2886
2283
1459
2023
2863
2293
1457
2033
2937
2299
1409
2068
2942
2298
1450
2047
2880
2254
1431
2077
2922
2293
1452
2083
2952
2283
1463
2097
2919
2278
1429
2004
2895
2312
1442
2063
2929
2277
1432
2059
2927
2284
1446
2049
2875
2289
1488
2065
2917
2288
1436
2053
2921
2308
1436
2046
2948
2299
1437
2050
2925
2273
1418
2076
2925
2294
1472
2067
2916
2303
1438
2017
2921
2281
1405
2093
2969
2256
1396
2067
2942
2289
1448
2052
2864
2282
1455
2067
2941
2285
1414
2046
2900
2268
1442
2047
2871
2276
1448
2074
2955
2293
1411
2041
2904
2282
1435
2033
2902
2296
1468
2041
2919
2333
1444
2035
2905
2265
1433
2054
2914
2316
1465
2040
2903
2297
1455
2063
2938
2313
1440
2047
2912
2294
1435
2048
2952
2309
1413
2050
2948
2270
1436
2041
2880
2287
1457
2065
2921
2263
1405
2049
2906
2277
1463
2055
2902
2301
1422
2057
2941
2278
1433
2056
2911
2309
1458
2046
2943
2318
1428
2043
2911
2283
1432
2071
2948
2303
1446
2084
2914
2286
1432
2051
2912
2297
1455
2069
2927
2296
1422
2032
2935
2319
1414
2036
2928
2307
1423
2048
2965
2281
1406
2063
2912
2280
1457
2078
2922
2287
1424
2036
2909
2307
1447
2039
2902
2305
1451
2053
2915
2280
1434
2043
2921
2320
1457
2080
2955
2284
1439
2051
2910
2308
1448
2058
2934
2285
1435
2069
2962
2311
1435
2048
2894
2302
1462
2048
2909
2280
1431
2050
2898
2302
1481
2049
2909
2301
1435
2068
2915
2271
1429
2055
2923
2315
1471
2035
2924
2278
1417
2059
2930
2299
1456
2088
2921
2289
1444
2057
2954
2326
1420
2061
2897
2279
1479
2079
2904
2290
1449
2059
2927
2322
1417
2031
2959
2311
1440
2059
2924
2302
1448
2030
2882
2291
1432
2080
2957
2262
1406
2048
2930
2309
1440
2060
2938
2332
1449
2044
2949
2282
1449
2086
2858
2254
1482
2080
2924
2308
1432
2047
2908
2293
1457
2055
2907
2319
1457
2048
2910
2312
1443
2005
2898
2317
1419
2022
2928
2289
1430
2050
2924
2301
1467
2080
2927
2302
1429
2057
2933
2315
1464
2028
2898
2308
1462
2079
2950
2295
1437
2084
2952
2304
1450
2040
2902
2288
1426
2077
2958
2270
1404
2081
2950
2275
1429
2069
2906
2272
1450
2029
2882
2300
1468
2049
2881
2267
1427
2072
2949
2329
1463
2051
2914
2273
1427
2074
2937
2289
1446
2062
2894
2308
1472
2054
2913
2302
1457
2088
2952
2297
1439
2083
2917
2268
1442
2087
2932
2284
1435
2027
2924
2309
1433
2057
2924
2254
1437
2075
2919
2252
1445
2068
2867
2271
1463
2064
2936
2298
1427
2047
2898
2271
1466
2076
2915
2285
1404
2051
2935
2286
1448
2041
2870
2297
1477
2085
2884
2280
1441
2065
2949
2318
1436
2048
2922
2299
1447
2081
2933
2315
1433
2023
2908
2301
1444
2047
2952
2300
1405
2033
2912
2281
1429
2021
2881
2278
1451
2080
2928
2289
1418
2040
2899
2292
1454
2057
2920
2274
1421
2049
2928
2301
1451
2100
2901
2262
1428
2049
2903
2274
1426
2062
2901
2258
1456
2088
2920
2288
1456
2068
2887
2282
1435
2016
2915
2290
1434
2074
2930
2295
1436
2020
2909
2339
1423
2023
2909
2283
1417
2033
2943
2288
1392
2049
2939
2275
1446
2064
2929
2293
1450
2049
2901
2287
1446
2047
2919
2269
1430
2049
2920
2305
1459
2058
2915
2295
1437
2060
2917
2298
1428
2008
2880
2276
1426
2057
2900
2293
1461
2047
2877
2269
1455
2048
2909
2281
1466
2065
2926
2315
1447
2035
2893
2294
1463
2044
2894
2327
1453
1993
2908
2335
1420
2022
2919
2273
1413
2048
2912
2280
1429
2030
2936
2328
1442
2073
2901
2259
1426
2029
2885
2296
1441
2048
2922
2278
1420
2083
2961
2312
1460
2053
2888
2325
1468
2017
2902
2323
1446
2072
2925
2264
1432
2069
2912
2302
1467
2072
2910
2300
1453
2025
2898
2314
1470
2094
2922
2282
1428
2031
2936
2326
1443
2070
2917
2298
1445
2037
2915
2299
1458
2044
2886
2305
1466
2086
2947
2317
1434
2056
2943
2296
1443
2077
2940
2268
1442
2085
2909
2275
1467
2054
2888
2310
1461
2078
2937
2287
1444
2037
2916
2281
1429
2084
2913
2280
1478
2055
2924
2337
1452
2031
2922
2270
1431
2101
2964
2284
1417
2086
2925
2271
1450
2065
2896
2291
1455
2053
2929
2323
1445
2025
2898
2313
1441
2055
2919
2268
1405
2027
2925
2297
1434
2076
2910
2243
1435
2053
2913
2287
1443
2038
2889
2298
1449
2035
2933
2291
1442
2064
2899
2291
1444
2075
2968
2279
1418
2077
2946
2299
1426
2036
2890
2306
1458
2062
2952
2294
1439
2031
2893
2326
1464
2050
2896
2316
1456
2008
2931
2340
1440
2028
2905
2287
1413
2059
2967
2269
1421
2048
2891
2291
1437
2038
2946
2293
1416
2066
2897
2282
1474
2032
2890
2301
1448
2076
2942
2276
1422
2023
2889
2295
1448
2052
2906
2271
1394
2070
2967
2285
1418
2080
2916
2274
1448
2072
2911
2290
1439
2033
2900
2306
1457
2036
2926
2305
1404
2045
2930
2276
1433
2063
2950
2275
1407
2048
2891
2297
1461
2019
2899
2294
1418
2029
2933
2269
1408
2072
2923
2286
1438
2030
2918
2293
1419
2061
2940
2246
1395
2060
2899
2273
1457
2026
2891
2310
1441
2046
2897
2295
1442
2046
2929
2306
1446
2090
2967
2272
1398
2058
2931
2276
1431
2069
2904
2267
1429
2039
2915
2323
1468
2048
2873
2294
1470
2068
2943
2299
1419
2048
2876
2254
1451
2074
2935
2303
1411
2048
2941
2272
1418
2055
2906
2248
1430
2076
2889
2280
1464
2036
2913
2316
1472
2058
2863
2241
1446
2045
2909
2302
1423
2027
2891
2264
1421
2045
2918
2290
1452
2049
2888
2299
1449
2025
2901
2287
1435
2080
2945
2303
1439
2021
2893
2305
1461
2074
2940
2284
1416
2084
2964
2282
1438
2093
2909
2269
1461
2061
2935
2328
1460
2083
2929
2303
1445
2032
2928
2312
1432
2051
2925
2282
1430
2076
2918
2283
1451
2045
2892
2298
1463
2055
2945
2314
1449
2088
2943
2258
1391
2055
2909
2287
1470
2069
2891
2260
1420
2035
2927
2292
1429
2048
2875
2295
1492
2080
2931
2305
1450
2048
2918
2310
1428
2050
2910
2263
1416
2063
2901
2286
1484
2083
2934
2317
1478
2128
2950
2263
1464
2065
2893
2285
1456
2049
2895
2309
1438
2014
2920
2308
1445
2055
2909
2305
1443
2060
2946
2298
1427
2067
2931
2292
1446
2039
2894
2292
1437
2059
2932
2305
1444
2059
2913
2291
1462
2097
2936
2287
1428
2045
2924
2293
1430
2046
2921
2300
1426
2053
2957
2322
1434
2067
2929
2296
1439
2044
2929
2295
1429
2056
2907
2293
1453
2074
2943
2304
1435
2057
2920
2286
1431
2060
2922
2249
1440
2077
2925
2292
1441
2044
2921
2301
1450
2077
2910
2255
1457
2084
2909
2299
1451
2045
2911
2282
1422
2061
2966
2308
1416
2070
2938
2290
1472
2070
2899
2297
1473
2066
2906
2282
1432
2048
2910
2298
1447
2111
2966
2289
1405
2040
2916
2296
1459
2087
2918
2285
1432
2048
2905
2296
1463
2073
2906
2252
1439
2087
2934
2264
1411
2080
2959
2310
1456
2087
2942
2286
1428
2064
2923
2286
1426
2037
2924
2276
1431
2063
2914
2295
1462
2048
2907
2301
1470
2056
2898
2270
1418
2049
2930
2303
1431
2055
2927
2292
1438
2086
2968
2291
1435
2061
2914
2288
1485
2079
2944
2317
1433
2084
2935
2268
1435
2066
2904
2285
1457
2064
2935
2314
1440
2023
2925
2328
1447
2065
2924
2279
1428
2053
2943
2298
1436
2064
2921
2255
1433
2084
2904
2274
1442
2072
2915
2281
1465
2082
2940
2307
1429
2044
2951
2321
1432
2042
2897
2264
1440
2073
2913
2274
1429
2019
2903
2298
1453
2081
2913
2292
1447
2061
2924
2291
1436
2069
2910
2290
1455
2068
2921
2302
1440
2055
2911
2305
1472
2059
2919
2263
1431
2073
2898
2321
1481
2016
2884
2306
1443
2058
2934
2286
1418
2024
2916
2309
1436
2074
2931
2296
1427
2075
2953
2313
1427
2038
2902
2279
1448
2089
2936
2269
1449
2084
2897
2281
1491
2105
2909
2272
1444
2086
2929
2294
1469
2066
2925
2339
1459
2084
2975
2292
1434
2083
2923
2281
1445
2076
2920
2263
1425
2082
2951
2311
1460
2080
2897
2293
1479
2062
2950
2345
1450
2068
2927
2284
1427
2065
2930
2285
1464
2092
2949
2295
1448
2068
2910
2312
1476
2103
2930
2294
1437
2060
2928
2295
1461
2071
2913
2283
1444
2071
2918
2300
1426
2064
2927
2272
1477
2080
2908
2281
1433
2056
2901
2280
1455
2057
2907
2306
1452
2071
2949
2311
1445
2083
2929
2302
1470
2083
2927
2319
1453
2036
2916
2314
1435
2090
2945
2294
1470
2047
2919
2355
1452
2026
2924
2318
1455
2056
2942
2297
1413
2050
2944
2298
1434
2037
2916
2303
1433
2059
2954
2294
1445
2048
2916
2297
1432
2070
2927
2283
1434
2052
2935
2309
1453
2102
2946
2283
1424
2066
2927
2276
1450
2066
2892
2252
1455
2097
2955
2300
1430
2072
2907
2290
1473
2061
2937
2317
1426
2079
2943
2276
1443
2060
2917
2306
1445
2083
2941
2267
1415
2075
2926
2245
1469
2111
2909
2293
1473
2052
2905
2324
1459
2043
2912
2293
1436
2070
2962
2295
1403
2043
2902
2300
1483
2050
2905
2316
1445
2045
2947
2305
1415
2038
2921
2288
1432
2079
2931
2274
1461
2070
2915
2290
1452
2078
2896
2271
1436
2029
2922
2324
1448
2037
2909
2301
1428
2065
2912
2273
1424
2085
2901
2262
1486
2085
2901
2294
1468
2069
2940
2311
1441
2058
2944
2303
1444
2079
2893
2254
1457
2069
2929
2327
1463
2071
2950
2306
1467
2090
2933
2290
1453
2048
2924
2352
1465
2046
2941
2303
1415
2047
2938
2290
1430
2061
2922
2261
1425
2081
2911
2288
1463
2054
2918
2333
1449
2063
2942
2287
1443
2040
2927
2296
1431
2081
2927
2267
1465
2056
2937
2331
1424
2039
2901
2290
1443
2071
2974
2302
1415
2090
2933
2282
1449
2040
2889
2293
1464
2068
2906
2294
1444
2043
2908
2325
1457
2047
2933
2276
1416
2050
2916
2250
1408
2064
2895
2277
1463
2078
2882
2267
1450
2027
2915
2310
1444
2063
2951
2295
1445
2080
2921
2278
1452
2032
2885
2298
1446
2062
2936
2312
1450
2038
2904
2301
1448
2046
2927
2293
1445
2072
2953
2297
1434
2054
2906
2278
1412
2038
2949
2300
1430
2036
2902
2281
1454
2065
2919
2276
1439
2072
2912
2259
1445
2092
2924
2284
1438
2056
2892
2269
1470
2070
2905
2329
1447
2074
2950
2275
1434
2076
2889
2261
1459
2044
2874
2291
1421
2043
2931
2289
1458
2096
2920
2294
1461
2080
2952
2299
1412
2036
2902
2298
1438
2022
2923
2299
1437
2063
2914
2278
1429
2060
2913
2281
1416
2046
2910
2268
1424
2015
2921
2338
1460
2095
2931
2277
1453
2085
2948
2320
1462
2038
2902
2294
1435
2071
2978
2312
1423
2089
2926
2287
1456
2065
2911
2329
1463
2050
2929
2287
1415
2024
2927
2307
1439
2073
2926
2281
1435
2037
2891
2289
1432
2047
2920
2279
1428
2053
2926
2314
1453
2050
2908
2287
1425
2080
2956
2267
1439
2087
2871
2257
1452
2057
2910
2272
1427
2045
2953
2319
1458
2035
2917
2299
1444
2094
2932
2282
1456
2083
2919
2298
1461
2074
2920
2266
1442
2071
2962
2309
1410
2061
2912
2252
1436
2090
2921
2271
1461
2048
2885
2299
1454
2048
2930
2286
1436
2088
2919
2295
1453
1987
2866
2318
1413
2035
2966
2315
1437
2057
2940
2319
1450
2099
2924
2281
1442
2063
2931
2321
1441
2027
2902
2301
1430
2056
2952
2293
1412
2065
2927
2263
1435
2082
2919
2274
1439
2065
2913
2274
1446
2033
2887
2315
1448
2045
2928
2292
1461
2057
2906
2312
1481
2071
2900
2270
1442
2037
2908
2298
1419
2023
2911
2292
1431
2065
2938
2282
1446
2046
2899
2295
1472
2084
2931
2279
1422
2068
2918
2300
1456
2042
2906
2302
1454
2037
2927
2305
1424
2045
2942
2272
1429
2081
2906
2282
1448
2069
2941
2295
1432
2070
2912
2289
1482
2071
2900
2285
1435
2055
2902
2299
1484
2035
2903
2313
1427
2056
2937
2304
1437
2051
2901
2293
1463
2056
2919
2277
1434
2027
2893
2326
1431
2035
2943
2294
1440
2060
2899
2289
1421
2031
2883
2285
1460
2058
2931
2318
1419
2023
2921
2299
1455
2065
2874
2262
1442
2041
2901
2303
1442
2034
2926
2305
1450
2085
2931
2287
1422
2031
2930
2318
1446
2050
2907
2265
1411
2056
2947
2294
1439
2096
2914
2272
1481
2083
2908
2296
1439
2067
2944
2299
1440
2044
2902
2295
1444
2045
2936
2293
1428
2053
2929
2301
1465
2061
2901
2275
1428
2059
2921
2277
1457
2105
2919
2274
1437
2037
2902
2295
1415
2035
2931
2301
1437
2083
2963
2260
1397
2050
2888
2279
1451
2062
2933
2293
1425
2054
2902
2268
1447
2044
2906
2315
1437
2059
2908
2277
1405
2018
2935
2293
1416
2041
2926
2295
1431
2039
2914
2306
1425
2029
2901
2307
1465
2060
2954
2309
1410
2046
2939
2313
1447
2040
2909
2271
1426
2059
2939
2305
1457
2057
2901
2310
1467
2054
2896
2278
1416
2036
2920
2263
1401
2063
2930
2281
1446
2041
2889
2293
1440
2040
2924
2331
1460
2048
2944
2310
1415
2024
2905
2286
1453
2064
2890
2275
1446
2053
2917
2285
1428
2053
2913
2287
1458
2102
2910
2296
1479
2044
2922
2340
1445
2013
2909
2288
1424
2060
2939
2274
1424
2069
2898
2279
1440
2033
2934
2308
1420
2045
2928
2306
1441
2023
2902
2290
1408
2036
2925
2267
1409
2033
2897
2282
1443
2076
2903
2263
1459
2063
2919
2333
1460
2054
2917
2278
1451
2052
2896
2284
1445
2053
2885
2269
1451
2033
2924
2300
1423
2052
2911
2267
1455
2091
2935
2289
1447
2058
2906
2285
1454
2039
2877
2295
1473
2070
2937
2305
1427
2067
2944
2287
1429
2107
2932
2272
1437
2051
2926
2306
1444
2072
2918
2282
1460
2088
2953
2289
1435
2051
2898
2314
1467
2036
2919
2289
1437
2063
2941
2309
1454
2042
2913
2293
1429
2091
2933
2287
1431
2051
2918
2295
1455
2069
2916
2308
1439
2065
2934
2272
1427
2061
2929
2314
1469
2081
2945
2305
1397
2010
2900
2295
1455
2074
2939
2285
1427
2094
2967
2276
1400
2040
2895
2290
1486
2081
2913
2285
1427
2039
2924
2301
1473
2103
2936
2298
1447
2045
2924
2321
1472
2042
2875
2302
1487
2073
2932
2294
1424
2053
2915
2275
1427
2079
2943
2298
1449
2098
2931
2273
1427
2023
2893
2289
1435
2089
2939
2285
1443
2054
2926
2333
1464
2048
2914
2278
1410
2048
2925
2286
1447
2031
2880
2288
1445
2049
2950
2291
1454
2087
2912
2308
1429
2039
2931
2316
1459
2070
2957
2295
1444
2069
2891
2294
1455
2068
2903
2265
1441
2047
2924
2291
1431
2087
2936
2278
1424
2054
2911
2286
1462
2048
2887
2280
1455
2082
2944
2301
1431
2073
2916
2292
1456
2047
2937
2301
1456
2098
2946
2293
1415
2039
2912
2328
1483
2085
2927
2300
1448
2046
2932
2354
1496
2085
2896
2285
1443
2026
2903
2313
1425
2037
2932
2289
1460
2065
2916
2286
1439
2047
2905
2301
1449
2045
2903
2296
1445
2047
2928
2304
1447
2059
2906
2311
1488
2053
2873
2287
1447
2034
2917
2295
1429
2048
2934
2295
1427
2074
2966
2309
1420
2060
2890
2267
1477
2082
2915
2297
1472
2050
2911
2291
1431
2034
2901
2295
1422
2071
2942
2307
1444
2023
2907
2323
1461
2103
2967
2306
1429
2059
2940
2293
1439
2070
2913
2272
1443
2048
2918
2322
1483
2074
2912
2273
1436
2081
2970
2310
1402
2062
2920
2267
1439
2050
2907
2291
1438
2063
2921
2303
1441
2028
2901
2305
1433
2041
2925
2313
1427
2025
2964
2312
1413
2057
2911
2280
1452
2057
2945
2341
1428
2013
2892
2293
1469
2070
2935
2301
1403
2025
2910
2263
1429
2066
2907
2280
1437
2042
2914
2301
1434
2013
2884
2299
1451
2085
2925
2289
1449
2056
2930
2308
1420
2076
2940
2269
1405
2053
2949
2305
1474
2057
2921
2323
1465
2053
2944
2297
1401
2057
2943
2303
1459
2040
2928
2301
1409
2065
2929
2265
1460
2053
2899
2341
1471
2052
2942
2316
1456
2035
2938
2343
1454
2062
2909
2277
1398
2042
2944
2276
1413
2054
2892
2277
1459
2069
2912
2307
1439
2042
2941
2317
1445
2046
2955
2305
1398
2058
2948
2278
1434
2071
2902
2277
1458
2058
2898
2315
1434
1993
2920
2330
1453
2043
2892
2279
1437
2055
2962
2328
1445
2061
2910
2255
1425
2073
2920
2291
1447
2040
2927
2327
1434
2029
2913
2305
1442
2064
2942
2287
1453
2063
2931
2329
1466
2070
2934
2289
1452
2050
2896
2305
1444
2040
2943
2331
1451
2059
2940
2287
1429
2064
2905
2278
1417
2069
2951
2265
1471
2105
2905
2287
1460
2039
2906
2296
1438
2036
2909
2290
1470
2058
2914
2297
1455
2109
2962
2269
1406
2045
2943
2314
1455
2082
2929
2299
1451
2069
2912
2288
1475
2060
2867
2310
1472
2041
2910
2301
1434
2040
2909
2285
1454
2038
2898
2314
1442
2050
2955
2319
1437
2068
2930
2309
1454
2079
2916
2287
1457
2045
2921
2297
1455
2083
2935
2291
1454
2077
2916
2298
1461
2075
2925
2307
1458
2045
2930
2312
1408
2053
2923
2286
1460
2067
2901
2265
1409
2026
2900
2271
1431
2050
2913
2307
1446
2063
2929
2287
1424
2045
2912
2295
1446
2067
2941
2288
1437
2044
2948
2323
1445
2080
2933
2295
1455
2071
2947
2287
1444
2055
2897
2279
1451
2025
2910
2324
1441
2062
2957
2317
1465
2073
2912
2279
1466
2086
2911
2284
1440
2020
2917
2319
1469
2066
2911
2315
1465
2041
2927
2319
1449
2071
2923
2291
1435
2073
2958
2309
1425
2064
2936
2292
1450
2055
2890
2272
1453
2090
2944
2273
1442
2065
2920
2304
1483
2104
2924
2275
1416
2036
2934
2280
1406
2049
2896
2281
1468
2049
2891
2306
1466
2056
2913
2308
1451
2061
2943
2314
1409
2028
2921
2294
1473
2075
2921
2300
1424
2057
2914
2281
1414
2021
2920
2325
1465
2069
2929
2282
1417
2036
2922
2306
1472
2091
2911
2279
1426
2032
2912
2278
1414
2035
2918
2317
1443
2029
2917
2309
1421
2062
2967
2296
1429
2077
2904
2224
1423
2038
2883
2302
1463
2048
2898
2294
1444
2063
2925
2301
1442
2031
2912
2316
1478
2065
2892
2276
1438
2025
2918
2292
1411
2045
2933
2305
1461
2091
2933
2277
1440
2070
2909
2287
1440
2056
2894
2278
1445
2044
2912
2320
1439
2047
2933
2312
1439
2060
2904
2269
1440
2060
2911
2287
1448
2056
2906
2277
1419
2052
2930
2295
1442
2039
2888
2290
1434
2082
2957
2262
1430
2092
2896
2257
1444
2062
2919
2304
1438
2040
2948
2340
1458
2051
2916
2293
1428
2076
2929
2260
1424
2022
2939
2324
1437
2068
2925
2273
1424
2066
2927
2308
1445
2029
2916
2314
1438
2048
2941
2299
1420
2056
2920
2285
1442
2039
2882
2320
1478
2057
2946
2319
1426
2056
2932
2275
1421
2053
2906
2283
1403
2027
2931
2307
1480
2090
2898
2273
1451
2075
2949
2325
1449
2048
2882
2313
1474
2061
2959
2315
1447
2091
2941
2278
1428
2067
2924
2301
1454
2092
2917
2286
1473
2070
2904
2304
1456
2068
2911
2283
1447
2064
2910
2288
1466
2070
2896
2283
1442
2041
2916
2299
1438
2015
2870
2291
1474
2069
2950
2329
1458
2076
2920
2282
1452
2048
2905
2280
1431
2095
2953
2290
1451
2059
2904
2329
1490
2066
2933
2292
1439
2062
2903
2295
1466
2096
2916
2277
1430
2024
2922
2330
1433
2056
2932
2281
1446
2091
2936
2285
1415
2048
2925
2297
1457
2068
2923
2256
1433
2083
2908
2288
1444
2049
2936
2327
1432
2045
2946
2291
1441
2072
2948
2301
1460
2082
2915
2298
1465
2071
2954
2290
1437
2064
2930
2290
1444
2077
2926
2274
1441
2036
2921
2310
1423
2052
2926
2318
1453
2065
2962
2306
1444
2064
2898
2292
1420
2068
2968
2308
1444
2024
2900
2299
1451
2061
2930
2297
1417
2052
2928
2321
1456
2029
2911
2316
1465
2048
2912
2290
1408
2022
2944
2323
1427
2063
2937
2281
1438
2078
2916
2288
1451
2055
2909
2295
1466
2054
2916
2312
1444
2040
2965
2321
1452
2082
2915
2311
1451
2030
2934
2310
1432
2045
2914
2288
1457
2074
2954
2309
1443
2061
2954
2313
1439
2060
2935
2281
1415
2075
2927
2264
1453
2038
2908
2307
1456
2070
2910
2281
1450
2036
2923
2343
1458
2050
2933
2287
1397
2039
2929
2315
1443
2066
2942
2313
1452
2073
2920
2274
1457
2081
2906
2289
1439
2069
2950
2279
1455
2080
2919
2304
1476
2044
2868
2309
1458
2054
2961
2331
1432
2057
2940
2316
1455
2042
2906
2274
1427
2072
2944
2318
1455
2066
2913
2257
1458
2088
2955
2327
1446
2048
2910
2296
1451
2048
2929
2317
1439
2059
2944
2310
1435
2039
2912
2330
1482
2072
2946
2315
1457
2050
2935
2340
1459
2079
2924
2279
1450
2053
2925
2322
1463
2045
2914
2326
1488
2077
2951
2337
1470
2073
2939
2305
1457
2027
2884
2320
1456
2074
2939
2300
1463
2051
2912
2308
1450
2055
2922
2293
1437
2040
2952
2326
1452
2068
2913
2263
1440
2090
2939
2284
1452
2092
2934
2305
1449
2055
2935
2302
1463
2063
2873
2311
1500
2032
2889
2335
1437
2025
2916
2276
1433
2048
2927
2320
1451
2060
2941
2279
1413
2049
2926
2274
1433
2071
2909
2272
1447
2065
2942
2302
1453
2089
2899
2296
1476
2074
2969
2318
1422
2048
2923
2295
1436
2049
2904
2283
1466
2085
2952
2290
1420
2020
2899
2304
1443
2076
2926
2263
1428
2043
2925
2294
1462
2082
2903
2279
1427
2064
2936
2298
1460
2081
2913
2278
1436
2057
2970
2294
1393
2053
2913
2293
1453
2088
2925
2283
1457
2082
2922
2296
1423
2029
2940
2333
1454
2074
2941
2321
1446
2042
2913
2287
1419
2074
2943
2274
1449
2083
2897
2275
1469
2043
2845
2299
1484
2021
2919
2323
1410
1995
2927
2344
1468
2062
2904
2269
1431
2054
2937
2300
1432
2050
2898
2285
1453
2062
2930
2316
1439
2072
2963
2324
1434
2065
2897
2264
1463
2062
2948
2345
1458
2048
2931
2304
1439
2076
2941
2315
1440
2010
2888
2296
1454
2044
2924
2288
1431
2087
2932
2295
1449
2054
2894
2300
1460
2048
2921
2315
1436
2069
2955
2291
1463
2126
2929
2239
1427
2054
2920
2331
1466
2059
2895
2258
1459
2065
2930
2334
1475
2056
2909
2280
1402
2019
2919
2275
1416
2060
2930
2276
1436
2063
2914
2258
1446
2070
2879
2269
1443
2072
2944
2306
1440
2059
2901
2251
1421
2059
2937
2298
1450
2069
2882
2265
1479
2063
2910
2327
1475
2048
2924
2307
1436
2065
2912
2289
1463
2056
2922
2325
1476
2058
2906
2289
1430
2065
2962
2320
1430
2042
2921
2297
1455
2079
2922
2308
1470
2083
2940
2303
1443
2052
2896
2296
1485
2080
2906
2287
1443
2063
2907
2286
1462
2060
2902
2293
1458
2054
2938
2327
1437
2051
2933
2317
1450
2054
2927
2293
1445
2055
2922
2316
1432
2058
2945
2311
1464
2030
2917
2308
1428
2051
2903
2293
1474
2068
2941
2336
1444
2044
2920
2317
1451
2040
2930
2325
1443
2042
2933
2332
1451
2062
2954
2302
1439
2084
2932
2283
1455
2065
2925
2315
1471
2050
2911
2307
1452
2067
2935
2270
1455
2079
2880
2284
1480
2067
2920
2318
1443
2048
2937
2310
1453
2080
2921
2294
1447
2077
2983
2329
1443
2057
2917
2309
1453
2080
2931
2292
1452
2054
2909
2324
1463
2059
2936
2295
1433
2061
2926
2276
1433
2045
2893
2320
1497
2083
2957
2285
1420
2058
2902
2300
1465
2071
2929
2331
1430
2053
2940
2286
1450
2063
2910
2290
1451
2105
2964
2297
1427
2093
2978
2310
1434
2072
2926
2288
1480
2098
2967
2343
1455
2054
2917
2299
1473
2077
2943
2296
1429
2068
2937
2291
1423
2084
2936
2292
1470
2108
2949
2304
1455
2043
2905
2306
1454
2060
2939
2330
1445
2027
2945
2334
1463
2080
2910
2297
1478
2041
2906
2308
1441
2051
2894
2294
1478
2080
2955
2320
1448
2095
2943
2307
1434
2054
2944
2292
1452
2067
2930
2296
1429
2032
2910
2306
1472
2096
2945
2288
1458
2054
2889
2321
1464
2057
2940
2317
1417
2073
2959
2310
1445
2052
2904
2297
1465
2050
2941
2338
1435
2061
2924
2316
1473
2069
2934
2325
1452
2056
2928
2337
1469
2033
2893
2316
1474
2080
2969
2295
1418
2040
2913
2280
1455
2095
2927
2286
1415
2036
2925
2279
1430
2050
2881
2316
1490
2063
2918
2300
1410
2033
2943
2282
1431
2061
2930
2298
1431
2079
2953
2284
1434
2083
2933
2321
1491
2075
2904
2304
1424
2037
2934
2300
1437
2062
2920
2297
1484
2034
2902
2350
1463
2062
2951
2303
1417
2071
2975
2297
1416
2053
2925
2284
1453
2077
2907
2281
1461
2090
2910
2280
1447
2058
2931
2305
1429
2048
2935
2303
1446
2075
2941
2320
1459
2060
2912
2305
1446
2065
2937
2321
1462
2060
2901
2278
1422
2054
2952
2284
1419
2078
2917
2276
1452
2073
2896
2282
1464
2082
2937
2299
1476
2051
2918
2328
1453
2064
2946
2300
1399
2024
2941
2295
1460
2078
2909
2294
1474
2098
2934
2286
1456
2070
2907
2294
1483
2073
2923
2292
1439
2082
2966
2309
1434
2054
2915
2293
1450
2063
2896
2298
1454
2016
2913
2319
1446
2050
2915
2279
1456
2048
2923
2340
1449
2060
2914
2264
1418
2058
2944
2317
1459
2068
2903
2282
1446
2067
2960
2293
1404
2028
2949
2325
1454
2049
2930
2316
1425
2093
2964
2299
1468
2077
2928
2323
1476
2071
2920
2301
1426
2014
2938
2346
1473
2062
2917
2287
1430
2061
2940
2291
1424
2059
2902
2297
1470
2063
2924
2281
1421
2069
2937
2312
1463
2038
2890
2297
1434
2063
2950
2281
1432
2073
2909
2315
1483
2062
2916
2282
1424
2019
2902
2308
1434
2024
2871
2283
1435
2030
2941
2310
1408
2033
2925
2297
1453
2081
2941
2275
1404
2066
2934
2304
1463
2050
2926
2297
1428
2036
2924
2315
1445
2038
2901
2307
1456
2052
2917
2293
1426
2044
2918
2313
1469
2048
2887
2280
1404
2039
2946
2283
1426
2094
2886
2246
1471
2051
2927
2305
1406
2041
2942
2302
1432
2051
2919
2323
1469
2084
2958
2306
1440
2038
2919
2298
1426
2073
2918
2269
1465
2059
2875
2284
1454
2072
2906
2259
1439
2052
2909
2299
1453
2056
2894
2308
1470
2067
2920
2276
1426
2061
2891
2276
1465
2095
2927
2278
1454
2083
2929
2279
1466
2045
2884
2343
1469
2068
2949
2273
1404
2035
2898
2298
1456
2048
2948
2327
1455
2071
2953
2318
1436
2053
2907
2278
1423
2049
2935
2280
1446
2062
2913
2336
1455
2050
2926
2314
1415
2048
2940
2277
1453
2099
2939
2303
1421
2069
2949
2296
1420
2023
2923
2296
1456
2092
2936
2307
1440
2029
2947
2322
1417
2041
2897
2281
1435
2049
2946
2328
1447
2048
2914
2322
1461
2046
2921
2298
1452
2071
2937
2348
1459
2021
2938
2297
1409
2091
2938
2301
1448
2009
2947
2367
1445
2038
2929
2305
1450
2092
2961
2316
1456
2048
2897
2303
1458
2050
2988
2325
1427
2087
2944
2268
1452
2089
2937
2311
1469
2089
2962
2311
1431
2056
2903
2287
1483
2062
2915
2309
1455
2059
2944
2315
1430
2066
2947
2286
1434
2055
2905
2299
1443
2036
2896
2312
1464
2035
2939
2316
1426
2071
2939
2281
1441
2077
2927
2259
1433
2060
2929
2311
1443
2035
2950
2331
1464
2077
2916
2296
1439
2045
2912
2287
1453
2088
2917
2267
1462
2091
2947
2326
1473
2062
2927
2323
1457
2063
2938
2316
1455
2080
2933
2327
1487
2020
2892
2321
1467
2053
2936
2332
1461
2059
2916
2315
1465
2083
2972
2340
1410
2037
2957
2317
1467
2079
2925
2295
1465
2068
2938
2302
1412
2043
2918
2280
1436
2089
2967
2296
1422
2027
2886
2300
1451
2064
2911
2275
1444
2075
2951
2298
1429
2039
2934
2337
1447
2061
2946
2319
1462
2065
2916
2295
1461
2074
2906
2278
1441
2046
2930
2331
1449
2064
2928
2284
1449
2076
2923
2289
1410
2020
2905
2311
1466
2048
2930
2334
1460
2067
2936
2304
1472
2049
2916
2325
1476
2067
2956
2316
1402
2051
2949
2287
1432
2079
2939
2306
1459
2065
2932
2314
1440
2073
2941
2299
1473
2097
2980
2329
1417
2032
2899
2288
1445
2053
2898
2303
1467
2054
2926
2313
1455
2061
2939
2332
1448
2056
2955
2300
1415
2037
2935
2299
1466
2084
2921
2298
1439
2065
2963
2322
1458
2077
2906
2287
1452
2065
2941
2321
1433
2051
2891
2284
1467
2069
2932
2310
1458
2055
2910
2308
1433
2022
2921
2333
1442
2074
2917
2296
1464
2068
2942
2318
1435
2068
2903
2283
1435
2033
2922
2346
1489
2038
2888
2323
1478
2071
2963
2295
1412
2081
2924
2295
1451
2040
2921
2310
1461
2052
2917
2286
1458
2068
2919
2296
1446
2081
2927
2282
1446
2037
2897
2310
1474
2077
2934
2277
1459
2085
2932
2286
1435
2051
2887
2286
1459
2067
2924
2306
1466
2052
2901
2316
1470
2058
2928
2338
1460
2034
2918
2310
1449
2006
2884
2332
1451
2073
2953
2287
1397
2053
2940
2312
1481
2058
2897
2312
1435
2033
2954
2314
1416
2099
2954
2262
1459
2085
2926
2325
1488
2067
2905
2287
1458
2053
2890
2316
1456
2014
2931
2323
1415
2045
2925
2298
1469
2097
2920
2279
1438
2019
2940
2350
1448
2070
2918
2262
1419
2038
2939
2343
1441
2062
2950
2316
1457
2075
2946
2323
1462
2057
2921
2313
1439
2062
2938
2278
1445
2098
2945
2297
1460
2063
2926
2345
1454
2054
2905
2278
1422
2053
2947
2281
1437
2097
2929
2311
1452
2052
2983
2363
1444
2041
2912
2302
1457
2079
2987
2300
1436
2082
2911
2284
1501
2090
2905
2288
1450
2052
2931
2326
1457
2064
2946
2313
1437
2071
2963
2302
1422
2070
2932
2306
1486
2094
2913
2307
1460
2061
2932
2314
1443
2063
2923
2289
1469
2097
2931
2285
1457
2048
2906
2324
1443
2045
2947
2301
1441
2089
2940
2305
1491
2054
2901
2334
1490
2074
2938
2312
1442
2041
2931
2323
1438
2049
2964
2304
1450
2074
2941
2311
1412
2020
2898
2304
1474
2069
2939
2297
1437
2033
2918
2320
1457
2046
2925
2333
1457
2071
2928
2288
1455
2043
2909
2320
1469
2061
2943
2321
1429
2052
2931
2327
1487
2083
2940
2309
1417
2047
2961
2303
1426
2036
2915
2292
1430
2039
2930
2314
1442
2056
2937
2291
1454
2071
2930
2291
1457
2070
2912
2308
1444
2021
2915
2318
1462
2089
2960
2310
1463
2100
2971
2289
1443
2124
2921
2258
1441
2049
2942
2311
1454
2088
2941
2312
1461
2050
2937
2319
1442
2020
2903
2305
1454
2056
2905
2287
1463
2079
2963
2336
1490
2047
2881
2325
1483
2084
2953
2296
1437
2080
2957
2302
1438
2077
2907
2278
1450
2044
2914
2337
1477
2021
2913
2322
1437
2071
2951
2293
1456
2075
2910
2320
1495
2039
2902
2317
1442
2051
2938
2298
1433
2048
2923
2318
1460
2099
2968
2308
1421
2040
2972
2328
1425
2103
2950
2305
1454
2061
2920
2319
1463
2058
2909
2287
1461
2078
2956
2312
1425
2065
2918
2310
1477
2047
2890
2312
1488
2063
2928
2333
1445
2018
2913
2316
1455
2063
2910
2293
1452
2032
2935
2335
1444
2077
2897
2275
1449
2069
2969
2349
1446
2060
2884
2274
1458
2052
2894
2350
1455
2016
2934
2356
1445
2049
2933
2286
1429
2072
2930
2320
1451
2010
2895
2328
1463
2052
2906
2251
1429
2033
2909
2319
1441
2025
2913
2310
1434
2048
2958
2329
1440
2058
2928
2329
1462
2048
2907
2321
1476
2059
2892
2277
1447
2035
2875
2286
1445
2016
2924
2340
1458
2027
2927
2312
1435
2095
2936
2259
1451
2049
2931
2315
1438
2061
2899
2286
1436
2067
2964
2342
1453
2057
2906
2285
1463
2076
2889
2298
1470
2056
2920
2325
1463
2071
2959
2300
1427
2092
2944
2295
1438
2015
2895
2314
1465
2046
2933
2346
1451
2030
2948
2357
1446
2079
2938
2277
1440
2058
2934
2320
1456
2042
2914
2317
1437
2071
2931
2269
1450
2103
2938
2291
1462
2068
2905
2312
1468
2060
2938
2353
1480
2044
2947
2322
1432
2106
2954
2300
1451
2043
2923
2324
1441
2018
2889
2301
1451
2062
2966
2341
1473
2078
2940
2302
1452
2068
2937
2305
1451
2045
2904
2319
1459
2029
2882
2300
1453
2064
2922
2297
1436
2044
2929
2315
1437
2058
2925
2296
1450
2047
2925
2299
1434
2065
2927
2298
1442
2059
2923
2286
1471
2077
2900
2307
1474
2072
2924
2302
1464
2080
2899
2302
1469
2038
2900
2293
1458
2061
2941
2345
1444
2037
2942
2316
1444
2102
2957
2277
1418
2032
2924
2338
1479
2074
2935
2310
1450
2060
2944
2300
1428
2063
2937
2307
1473
2081
2926
2322
1461
2032
2928
2351
1458
2039
2932
2319
1437
2092
2987
2340
1463
2081
2961
2315
1450
2076
2948
2304
1418
2020
2930
2316
1456
2097
2945
2290
1459
2068
2923
2312
1477
2041
2877
2326
1479
2050
2977
2333
1430
2057
2948
2319
1459
2055
2924
2303
1456
2073
2954
2296
1430
2099
2972
2318
1464
2114
2941
2303
1460
2042
2906
2347
1464
2068
2961
2298
1453
2078
2939
2305
1441
2067
2899
2313
1515
2085
2939
2318
1434
2049
2918
2297
1438
2048
2940
2329
1450
2048
2941
2333
1469
2043
2910
2372
1462
2035
2966
2323
1430
2059
2966
2304
1432
2065
2921
2313
1442
2045
2980
2348
1439
2052
2905
2321
1467
2070
2940
2290
1432
2080
2951
2324
1480
2037
2896
2313
1454
2064
2972
2311
1440
2073
2906
2288
1459
2078
2931
2327
1476
2003
2884
2299
1457
2037
2907
2302
1455
2047
2928
2320
1454
2035
2891
2289
1439
2055
2931
2284
1425
2049
2909
2304
1450
2051
2935
2317
1430
2052
2935
2300
1428
2037
2926
2326
1449
2062
2920
2287
1438
2037
2920
2295
1432
2029
2915
2301
1443
2031
2908
2278
1425
2038
2914
2308
1475
2066
2938
2309
1435
2037
2913
2301
1453
2025
2890
2297
1441
2060
2932
2303
1454
2051
2898
2287
1451
2077
2940
2293
1436
2045
2920
2309
1463
2083
2928
2303
1441
2046
2931
2296
1462
2068
2899
2273
1450
2093
2954
2270
1406
2087
2926
2297
1462
2032
2908
2324
1441
2044
2953
2374
1474
2038
2901
2352
1482
2072
2944
2305
1448
2032
2946
2324
1451
2089
2911
2293
1482
2056
2906
2310
1436
2013
2888
2311
1475
2084
2931
2315
1457
2058
2932
2326
1463
2051
2941
2317
1450
2082
2942
2306
1446
2037
2923
2334
1454
2051
2951
2297
1432
2059
2917
2322
1464
2036
2913
2298
1424
2054
2965
2334
1450
2037
2905
2344
1493
2035
2962
2339
1423
2055
2942
2310
1454
2066
2935
2312
1448
2045
2923
2324
1465
2041
2892
2294
1469
2078
2932
2310
1468
2047
2929
2310
1431
2089
2943
2287
1456
2091
2951
2308
1456
2065
2927
2308
1474
2098
2962
2328
1448
