2121
2256
2483
2641
2584
2287
2091
2182
2435
2612
2566
2357
2122
2138
2423
2617
2612
2428
2145
2048
2304
2670
2722
2466
2195
2117
2255
2513
2675
2604
2323
2079
2176
2463
2635
2594
2425
2174
2126
2362
2638
2674
2453
2173
2142
2351
2615
2713
2517
2213
2142
2291
2529
2663
2562
2321
2102
2195
2468
2672
2639
2316
2083
2194
2408
2580
2656
2451
2130
2108
2298
2578
2678
2466
2243
2131
2195
2494
2685
2557
2299
2129
2171
2433
2654
2576
2343
2155
2190
2407
2668
2679
2435
2203
2141
2298
2590
2672
2485
2213
2141
2262
2463
2634
2610
2279
2046
2234
2520
2600
2549
2379
2107
2089
2354
2624
2650
2404
2185
2192
2315
2524
2656
2553
2258
2071
2224
2503
2666
2569
2249
2107
2249
2457
2634
2610
2320
2081
2131
2375
2628
2636
2392
2166
2167
2320
2506
2636
2539
2233
2121
2269
2528
2654
2556
2335
2158
2175
2411
2638
2600
2354
2115
2128
2400
2622
2641
2483
2150
2062
2365
2635
2652
2466
2212
2144
2248
2465
2677
2565
2217
2106
2222
2384
2643
2668
2342
2115
2207
2379
2587
2662
2469
2156
2085
2317
2600
2644
2459
2217
2092
2217
2499
2659
2559
2269
2071
2187
2500
2656
2587
2398
2202
2149
2359
2621
2640
2407
2175
2151
2325
2534
2642
2523
2259
2105
2238
2548
2663
2551
2366
2138
2162
2458
2670
2582
2344
2132
2165
2427
2593
2627
2465
2125
2076
2349
2557
2602
2489
2224
2122
2284
2475
2625
2630
2303
2008
2216
2565
2656
2583
2368
2128
2129
2423
2658
2631
2403
2178
2133
2274
2528
2722
2506
2155
2109
2260
2480
2690
2585
2283
2139
2205
2426
2638
2596
2344
2120
2181
2426
2599
2627
2475
2206
2136
2290
2534
2639
2517
2201
2041
2220
2523
2643
2529
2301
2122
2180
2472
2686
2602
2363
2164
2139
2360
2600
2633
2448
2174
2080
2344
2629
2666
2497
2267
2118
2251
2541
2676
2541
2299
2115
2191
2468
2632
2632
2389
2105
2150
2370
2589
2629
2440
2175
2118
2284
2530
2647
2539
2217
2074
2303
2590
2671
2578
2316
2130
2252
2455
2629
2640
2345
2135
2168
2334
2607
2657
2414
2196
2156
2286
2593
2726
2502
2215
2146
2282
2521
2681
2571
2321
2137
2180
2445
2665
2604
2319
2119
2188
2393
2584
2644
2453
2162
2122
2348
2572
2640
2541
2277
2092
2219
2547
2671
2545
2306
2132
2221
2473
2618
2591
2407
2161
2132
2380
2648
2638
2371
2176
2161
2303
2590
2676
2460
2243
2170
2254
2499
2658
2532
2299
2131
2159
2426
2656
2603
2344
2132
2174
2398
2614
2654
2453
2147
2129
2369
2534
2582
2486
2218
2086
2245
2537
2699
2561
2265
2137
2215
2436
2670
2624
2339
2136
2148
2338
2575
2652
2432
2186
2156
2344
2594
2636
2452
2208
2106
2242
2506
2680
2567
2291
2137
2196
2433
2643
2602
2304
2099
2215
2378
2558
2665
2459
2190
2132
2300
2631
2728
2518
2252
2139
2261
2495
2666
2624
2306
2103
2237
2484
2615
2586
2376
2122
2176
2410
2612
2671
2454
2174
2156
2322
2541
2657
2510
2265
2126
2238
2540
2676
2542
2296
2115
2187
2455
2629
2612
2390
2130
2125
2373
2619
2634
2426
2173
2070
2285
2614
2655
2473
2252
2101
2232
2579
2660
2500
2311
2156
2205
2401
2604
2646
2364
2106
2204
2434
2614
2612
2427
2220
2142
2318
2598
2683
2494
2230
2112
2236
2555
2710
2550
2256
2095
2209
2403
2592
2630
2392
2144
2158
2347
2585
2611
2411
2185
2097
2289
2582
2622
2483
2268
2070
2207
2608
2736
2538
2229
2085
2224
2490
2609
2618
2423
2119
2156
2445
2646
2638
2450
2184
2110
2330
2608
2642
2416
2195
2133
2234
2524
2703
2537
2260
2115
2220
2462
2612
2569
2355
2154
2137
2370
2662
2619
2379
2184
2114
2275
2608
2715
2497
2233
2128
2241
2557
2701
2528
2288
2126
2204
2486
2695
2624
2333
2125
2178
2380
2569
2619
2480
2249
2100
2270
2588
2645
2459
2222
2132
2275
2483
2651
2588
2271
2086
2224
2437
2592
2591
2340
2085
2141
2414
2610
2629
2429
2152
2113
2295
2574
2688
2484
2211
2144
2252
2494
2693
2554
2233
2128
2228
2430
2651
2609
2323
2135
2151
2389
2663
2659
2387
2162
2107
2294
2568
2601
2431
2237
2123
2235
2479
2654
2605
2280
2043
2196
2446
2626
2627
2341
2125
2206
2383
2607
2665
2418
2166
2177
2345
2592
2685
2499
2229
2139
2258
2495
2660
2609
2340
2109
2163
2500
2696
2543
2322
2181
2151
2354
2635
2666
2409
2193
2151
2319
2610
2684
2476
2215
2110
2261
2509
2663
2564
2278
2124
2215
2442
2671
2610
2333
2177
2180
2357
2640
2666
2395
2149
2148
2314
2562
2685
2527
2225
2119
2280
2515
2623
2595
2353
2081
2157
2504
2652
2562
2370
2185
2124
2376
2654
2614
2425
2227
2149
2313
2576
2680
2509
2199
2060
2225
2534
2691
2546
2333
2186
2186
2450
2697
2566
2279
2130
2154
2366
2603
2646
2472
2182
2087
2318
2578
2603
2499
2298
2104
2227
2543
2679
2526
2300
2183
2217
2436
2661
2662
2358
2087
2170
2386
2564
2624
2441
2208
2137
2295
2589
2691
2457
2221
2144
2274
2533
2649
2539
2286
2115
2146
2447
2750
2639
2309
2168
2196
2346
2597
2659
2430
2130
2101
2371
2579
2582
2465
2255
2094
2231
2533
2633
2535
2326
2132
2165
2456
2686
2599
2345
2156
2148
2373
2638
2664
2447
2185
2091
2325
2582
2628
2502
2290
2099
2223
2570
2690
2537
2312
2131
2197
2486
2613
2559
2440
2166
2127
2437
2626
2581
2455
2207
2137
2366
2581
2630
2517
2242
2095
2234
2550
2687
2536
2277
2142
2204
2420
2608
2604
2347
2167
2197
2361
2593
2664
2420
2139
2142
2340
2534
2674
2544
2211
2096
2260
2498
2633
2555
2313
2151
2234
2416
2632
2630
2341
2114
2160
2416
2622
2614
2435
2189
2105
2306
2630
2724
2483
2229
2108
2203
2528
2694
2525
2306
2192
2188
2461
2674
2594
2338
2090
2122
2414
2584
2572
2435
2181
2084
2283
2526
2639
2528
2227
2088
2284
2560
2631
2495
2262
2131
2236
2450
2656
2625
2378
2164
2154
2361
2605
2605
2448
2242
2111
2291
2607
2682
2474
2238
2136
2243
2483
2658
2597
2295
2063
2187
2481
2638
2606
2352
2089
2171
2410
2554
2671
2540
2166
2099
2358
2558
2622
2491
2191
2088
2242
2466
2659
2589
2276
2096
2205
2480
2665
2573
2357
2134
2094
2366
2633
2629
2445
2195
2099
2303
2613
2646
2475
2242
2105
2256
2535
2643
2575
2346
2133
2173
2420
2635
2614
2341
2115
2168
2416
2666
2683
2432
2184
2163
2338
2544
2626
2479
2237
2141
2269
2526
2670
2522
2245
2126
2219
2454
2678
2626
2352
2134
2157
2384
2631
2660
2400
2158
2150
2302
2562
2678
2491
2191
2108
2272
2491
2643
2590
2297
2106
2191
2444
2657
2594
2337
2144
2129
2351
2621
2632
2386
2168
2151
2332
2538
2636
2525
2209
2077
2308
2538
2632
2538
2284
2132
2193
2459
2711
2599
2322
2199
2149
2295
2657
2721
2404
2161
2160
2325
2581
2666
2462
2224
2094
2197
2506
2676
2546
2291
2120
2197
2503
2646
2558
2367
2114
2089
2373
2634
2621
2402
2190
2144
2314
2567
2628
2472
2219
2098
2238
2468
2577
2553
2360
2130
2206
2465
2651
2602
2323
2113
2153
2350
2576
2666
2474
2181
2125
2323
2596
2647
2492
2269
2102
2233
2567
2676
2518
2308
2135
2186
2445
2620
2600
2378
2144
2163
2400
2613
2680
2430
2130
2121
2308
2523
2643
2495
2189
2122
2311
2495
2610
2589
2301
2071
2226
2489
2634
2632
2363
2102
2160
2400
2617
2656
2476
2162
2099
2345
2597
2647
2540
2306
2129
2240
2551
2690
2551
2293
2143
2188
2465
2714
2622
2315
2139
2199
2362
2573
2668
2436
2107
2112
2400
2574
2622
2513
2247
2108
2260
2516
2690
2540
2205
2126
2227
2418
2664
2619
2327
2142
2179
2352
2611
2645
2414
2172
2132
2321
2599
2671
2473
2238
2158
2230
2512
2704
2561
2294
2138
2163
2457
2642
2566
2378
2153
2153
2419
2605
2632
2461
2178
2091
2313
2613
2678
2479
2215
2126
2283
2479
2618
2570
2261
2057
2225
2477
2665
2636
2353
2132
2170
2395
2651
2677
2449
2229
2157
2276
2585
2712
2506
2256
2127
2258
2529
2659
2555
2287
2121
2224
2452
2606
2617
2422
2134
2092
2357
2571
2594
2445
2183
2111
2329
2602
2660
2487
2225
2087
2224
2558
2723
2512
2243
2159
2218
2450
2668
2583
2334
2148
2130
2328
2620
2674
2417
2165
2168
2320
2529
2637
2562
2293
2110
2264
2562
2631
2510
2308
2123
2182
2473
2635
2581
2349
2126
2142
2347
2596
2676
2424
2148
2163
2358
2533
2667
2536
2191
2108
2297
2484
2628
2574
2302
2094
2200
2497
2680
2614
2372
2160
2161
2365
2591
2640
2458
2161
2094
2364
2632
2645
2515
2271
2104
2271
2555
2653
2567
2303
2128
2239
2419
2614
2679
2401
2111
2199
2435
2573
2627
2474
2202
2137
2327
2575
2654
2453
2191
2141
2269
2503
2670
2563
2277
2103
2191
2444
2662
2639
2356
2117
2178
2427
2648
2635
2419
2177
2163
2332
2577
2655
2480
2207
2094
2245
2554
2643
2487
2289
2178
2190
2440
2712
2632
2318
2103
2170
2401
2623
2667
2441
2121
2114
2384
2581
2654
2497
2208
2139
2303
2557
2710
2550
2270
2127
2211
2477
2634
2592
2434
2154
2070
2421
2699
2623
2430
2234
2141
2305
2609
2695
2525
2218
2087
2275
2561
2679
2585
2285
2100
2246
2499
2623
2617
2396
2136
2148
2384
2629
2625
2377
2175
2167
2333
2579
2701
2519
2197
2116
2264
2483
2647
2579
2322
2130
2188
2433
2668
2618
2349
2157
2189
2413
2636
2611
2442
2218
2096
2312
2633
2663
2431
2207
2141
2241
2478
2666
2639
2341
2074
2188
2493
2681
2595
2322
2151
2163
2371
2661
2691
2432
2180
2140
2325
2586
2708
2502
2200
2160
2328
2521
2629
2551
2275
2109
2209
2467
2681
2595
2325
2189
2203
2381
2648
2643
2417
2222
2137
2297
2597
2663
2508
2244
2078
2263
2561
2665
2544
2283
2126
2213
2441
2608
2635
2432
2130
2131
2399
2597
2634
2477
2182
2103
2341
2584
2664
2494
2207
2146
2322
2515
2708
2614
2266
2101
2167
2415
2677
2622
2351
2164
2166
2398
2643
2584
2388
2211
2154
2316
2543
2655
2529
2230
2138
2296
2488
2633
2603
2305
2094
2199
2457
2645
2572
2315
2151
2209
2386
2600
2660
2444
2169
2141
2382
2621
2636
2489
2228
2054
2253
2569
2674
2514
2280
2143
2157
2438
2716
2584
2302
2193
2212
2353
2584
2630
2446
2207
2108
2284
2572
2671
2501
2194
2080
2281
2570
2653
2550
2289
2077
2157
2444
2660
2631
2320
2052
2171
2403
2520
2611
2491
2148
2081
2330
2532
2613
2490
2209
2128
2284
2537
2696
2543
2250
2099
2169
2427
2660
2633
2406
2140
2148
2421
2643
2662
2446
2149
2129
2319
2535
2652
2494
2227
2116
2195
2481
2715
2578
2241
2109
2206
2398
2630
2640
2334
2114
2192
2381
2559
2636
2462
2168
2109
2328
2608
2681
2445
2201
2139
2260
2487
2682
2596
2273
2110
2248
2461
2637
2589
2317
2155
2173
2356
2638
2693
2422
2133
2111
2290
2586
2696
2499
2211
2113
2248
2528
2678
2533
2266
2149
2219
2444
2640
2648
2403
2100
2116
2427
2661
2623
2422
2238
2154
2305
2592
2666
2474
2299
2210
2236
2443
2698
2587
2252
2144
2261
2432
2649
2680
2358
2061
2165
2466
2602
2581
2449
2193
2107
2326
2562
2663
2532
2221
2138
2318
2503
2672
2622
2233
2059
2245
2458
2604
2603
2368
2149
2180
2406
2593
2614
2441
2203
2110
2273
2592
2653
2422
2218
2092
2243
2572
2647
2527
2347
2149
2164
2440
2687
2623
2338
2133
2176
2372
2612
2623
2370
2175
2117
2230
2579
2749
2480
2201
2152
2235
2479
2673
2560
2280
2105
2129
2441
2692
2574
2347
2161
2140
2424
2667
2603
2397
2199
2139
2316
2573
2675
2502
2231
2161
2274
2484
2670
2583
2282
2113
2207
2447
2678
2643
2342
2110
2173
2395
2624
2681
2430
2134
2133
2345
2553
2667
2555
2235
2093
2278
2541
2642
2570
2331
2108
2181
2464
2665
2627
2379
2150
2173
2407
2602
2642
2438
2145
2092
2326
2596
2684
2545
2275
2130
2288
2542
2657
2548
2308
2122
2163
2439
2662
2631
2381
2144
2151
2388
2636
2629
2378
2157
2118
2272
2585
2682
2491
2229
2086
2207
2542
2655
2518
2333
2156
2181
2465
2671
2620
2351
2146
2188
2411
2644
2655
2412
2196
2187
2339
2603
2718
2476
2184
2106
2251
2471
2621
2552
2267
2096
2193
2440
2643
2601
2344
2113
2167
2419
2637
2643
2469
2212
2091
2308
2572
2606
2470
2227
2092
2228
2535
2666
2537
2307
2117
2169
2478
2671
2581
2325
2117
2162
2426
2608
2584
2441
2202
2101
2302
2544
2635
2492
2207
2099
2277
2517
2664
2607
2331
2059
2161
2486
2630
2586
2445
2180
2105
2350
2643
2651
2389
2160
2153
2272
2516
2703
2533
2200
2117
2265
2511
2673
2565
2288
2131
2173
2451
2678
2637
2352
2138
2160
2391
2626
2656
2405
2132
2163
2349
2547
2705
2498
2187
2149
2252
2465
2675
2546
2301
2171
2108
2390
2740
2602
2312
2194
2145
2331
2715
2684
2374
2191
2154
2314
2558
2626
2509
2252
2083
2273
2555
2600
2557
2360
2068
2150
2482
2681
2629
2341
2098
2178
2420
2599
2653
2420
2125
2081
2309
2587
2709
2510
2194
2160
2294
2466
2645
2556
2249
2063
2147
2441
2653
2601
2345
2138
2151
2343
2605
2690
2448
2139
2113
2289
2543
2683
2492
2181
2139
2291
2518
2660
2545
2256
2120
2232
2454
2611
2596
2370
2140
2162
2385
2593
2645
2415
2132
2124
2339
2567
2649
2506
2227
2102
2210
2477
2684
2569
2275
2110
2213
2481
2648
2583
2295
2083
2157
2409
2630
2672
2472
2158
2085
2328
2577
2610
2500
2284
2092
2192
2504
2656
2542
2278
2067
2210
2514
2641
2617
2438
2156
2138
2392
2616
2643
2457
2169
2120
2357
2573
2624
2527
2227
2042
2231
2494
2632
2609
2332
2073
2247
2491
2612
2643
2434
2111
2094
2381
2621
2620
2401
2139
2137
2317
2522
2635
2492
2205
2133
2301
2556
2721
2597
2269
2149
2226
2457
2690
2661
2340
2116
2170
2370
2562
2615
2446
2161
2099
2371
2605
2608
2487
2260
2077
2222
2533
2698
2558
2232
2090
2207
2407
2652
2621
2372
2198
2188
2402
2665
2639
2428
2226
2132
2310
2636
2683
2472
2188
2092
2289
2530
2640
2593
2339
2129
2222
2494
2647
2594
2401
2149
2098
2368
2638
2637
2444
2219
2096
2288
2571
2685
2546
2241
2091
2250
2515
2694
2542
2237
2104
2173
2427
2682
2639
2366
2117
2182
2442
2623
2606
2407
2159
2126
2299
2582
2690
2484
2207
2099
2205
2528
2667
2486
2326
2179
2164
2442
2654
2590
2367
2106
2127
2411
2596
2630
2429
2147
2122
2326
2555
2693
2534
2199
2101
2266
2512
2667
2557
2260
2086
2207
2461
2644
2573
2351
2190
2163
2344
2615
2654
2416
2167
2135
2305
2579
2663
2461
2199
2125
2290
2537
2619
2551
2345
2126
2165
2468
2677
2577
2348
2164
2171
2394
2600
2630
2479
2184
2104
2336
2586
2658
2505
2256
2097
2234
2567
2688
2519
2308
2147
2154
2449
2701
2583
2345
2202
2196
2348
2585
2661
2457
2172
2158
2362
2579
2643
2515
2246
2094
2258
2535
2664
2583
2277
2076
2229
2472
2639
2620
2309
2088
2176
2371
2590
2634
2429
2210
2147
2318
2574
2668
2480
2199
2121
2273
2540
2714
2561
2281
2151
2201
2471
2700
2593
2340
2136
2144
2380
2625
2635
2432
2203
2151
2276
2575
2775
2536
2189
2135
2300
2493
2638
2581
2314
2096
2165
2493
2689
2584
2351
2151
2123
2393
2638
2630
2479
2226
2109
2312
2589
2698
2492
2201
2110
2254
2499
2665
2584
2307
2109
2205
2447
2635
2614
2345
2126
2218
2399
2602
2719
2512
2194
2118
2334
2610
2664
2477
2231
2131
2235
2521
2703
2603
2345
2174
2182
2420
2640
2582
2326
2166
2166
2388
2672
2688
2393
2152
2157
2324
2552
2679
2510
2230
2140
2252
2477
2664
2590
2317
2121
2188
2478
2648
2554
2334
2160
2176
2371
2614
2663
2451
2138
2107
2337
2532
2627
2518
2282
2113
2207
2561
2688
2521
2292
2149
2145
2431
2664
2580
2366
2141
2095
2408
2679
2621
2446
2193
2042
2327
2657
2654
2490
2279
2112
2237
2581
2766
2587
2298
2099
2189
2501
2664
2582
2392
2159
2156
2394
2577
2602
2446
2153
2104
2347
2569
2663
2540
2197
2092
2283
2500
2651
2575
2306
2127
2199
2484
2672
2577
2343
2142
2135
2409
2644
2629
2429
2167
2076
2289
2560
2643
2518
2236
2064
2242
2551
2655
2544
2306
2104
2237
2505
2644
2625
2405
2150
2166
2409
2597
2626
2482
2186
2080
2326
2601
2643
2513
2271
2113
2249
2535
2636
2537
2324
2146
2183
2474
2727
2610
2319
2156
2172
2393
2634
2620
2399
2218
2090
2229
2609
2745
2512
2242
2146
2271
2536
2699
2561
2269
2123
2193
2424
2640
2609
2373
2126
2125
2385
2621
2623
2447
2205
2111
2283
2571
2671
2508
2219
2092
2239
2538
2695
2588
2273
2087
2225
2496
2671
2626
2349
2142
2175
2337
2585
2719
2438
2086
2107
2364
2562
2638
2506
2211
2128
2253
2475
2693
2590
2248
2090
2253
2476
2612
2643
2425
2150
2162
2407
2621
2621
2429
2188
2151
2332
2564
2683
2512
2233
2131
2237
2483
2661
2581
2304
2132
2191
2429
2656
2598
2358
2148
2147
2373
2612
2643
2429
2150
2087
2310
2596
2673
2471
2238
2133
2233
2475
2632
2549
2324
2154
2162
2427
2685
2526
2280
2214
2192
2328
2637
2671
2380
2172
2174
2322
2568
2684
2488
2209
2104
2242
2510
2681
2621
2305
2050
2158
2491
2677
2581
2341
2148
2142
2392
2641
2597
2408
2180
2075
2286
2572
2675
2500
2220
2134
2272
2500
2700
2569
2259
2160
2222
2417
2670
2615
2298
2101
2189
2404
2599
2660
2515
2215
2094
2329
2601
2618
2460
2227
2110
2243
2519
2665
2558
2282
2109
2196
2457
2642
2620
2377
2156
2164
2366
2604
2655
2444
2174
2129
2316
2537
2672
2500
2187
2084
2267
2562
2698
2570
2258
2093
2196
2430
2646
2609
2336
2123
2153
2412
2634
2604
2417
2189
2117
2282
2585
2689
2512
2247
2160
2255
2508
2698
2578
2310
2109
2160
2463
2665
2548
2383
2240
2150
2375
2732
2690
2339
2196
2185
2271
2545
2675
2492
2242
2089
2192
2519
2680
2528
2261
2116
2231
2441
2587
2631
2393
2094
2165
2453
2592
2613
2495
2161
2048
2306
2592
2639
2481
2244
2134
2234
2522
2697
2612
2330
2123
2196
2468
2701
2640
2337
2151
2204
2370
2591
2645
2422
2191
2151
2308
2562
2646
2454
2206
2092
2219
2501
2677
2570
2289
2129
2246
2457
2659
2604
2361
2184
2182
2355
2632
2718
2410
2140
2192
2334
2591
2699
2466
2214
2106
2206
2563
2758
2553
2275
2156
2215
2488
2694
2602
2347
2148
2131
2378
2688
2674
2395
2183
2163
2325
2564
2633
2518
2245
2097
2266
2514
2683
2569
2274
2148
2221
2411
2680
2640
2294
2102
2176
2376
2610
2643
2461
2215
2158
2303
2541
2699
2503
2140
2087
2321
2527
2643
2606
2308
2063
2203
2477
2615
2603
2372
2132
2185
2418
2602
2665
2464
2170
2120
2348
2575
2674
2556
2210
2118
2347
2501
2599
2592
2301
2061
2202
2496
2697
2620
2323
2156
2201
2332
2564
2697
2485
2123
2075
2321
2584
2665
2466
2178
2081
2219
2554
2707
2530
2287
2118
2194
2501
2719
2620
2377
2173
2173
2410
2613
2626
2441
2191
2123
2330
2600
2688
2501
2209
2095
2243
2522
2674
2506
2274
2146
2178
2440
2678
2602
2343
2155
2168
2352
2613
2694
2451
2131
2085
2286
2611
2669
2451
2223
2117
2247
2539
2670
2565
2308
2131
2217
2501
2631
2583
2404
2140
2106
2348
2589
2625
2437
2194
2129
2285
2550
2738
2545
2185
2103
2292
2540
2653
2559
2313
2096
2178
2472
2666
2613
2375
2128
2176
2444
2643
2617
2415
2202
2144
2307
2570
2659
2530
2262
2087
2236
2540
2661
2558
2340
2143
2195
2516
2677
2573
2369
2157
2150
2383
2607
2644
2493
2223
2087
2300
2599
2619
2458
2255
2114
2254
2561
2628
2465
2294
2185
2198
2395
2655
2649
2371
2136
2155
2387
2629
2647
2465
2224
2117
2301
2599
2668
2462
2200
2099
2267
2540
2648
2547
2350
2119
2155
2480
2657
2574
2341
2130
2200
2402
2600
2718
2488
2140
2106
2323
2534
2644
2527
2291
2156
2223
2510
2708
2554
2235
2074
2178
2445
2588
2552
2378
2148
2158
2406
2620
2605
2437
2216
2099
2311
2635
2632
2428
2272
2178
2222
2496
2709
2576
2294
2146
2185
2440
2676
2634
2356
2137
2157
2375
2623
2659
2432
2174
2119
2317
2560
2689
2514
2197
2112
2276
2514
2678
2596
2360
2153
2177
2447
2643
2583
2407
2173
2127
2410
2634
2601
2441
2180
2110
2346
2567
2620
2529
2253
2092
2277
2533
2643
2588
2300
2129
2215
2438
2657
2628
2366
2153
2130
2359
2661
2661
2410
2227
2126
2243
2624
2730
2470
2253
2168
2281
2537
2686
2610
2304
2086
2229
2471
2594
2611
2413
2099
2134
2435
2605
2622
2442
2161
2117
2310
2577
2680
2486
2213
2139
2260
2497
2660
2577
2256
2077
2233
2484
2621
2614
2365
2116
2195
2427
2603
2692
2452
2202
2141
2283
2591
2660
2447
2226
2088
2196
2523
2699
2558
2323
2108
2158
2455
2661
2571
2374
2182
2115
2340
2628
2652
2454
2216
2112
2270
2586
2670
2476
2203
2095
2252
2519
2667
2549
2263
2084
2213
2484
2624
2550
2370
2184
2121
2387
2676
2633
2392
2206
2132
2320
2622
2638
2470
2247
2063
2230
2568
2692
2573
2316
2106
2207
2507
2665
2584
2372
2175
2184
2380
2596
2663
2458
2159
2136
2311
2537
2667
2510
2223
2123
2252
2510
2698
2578
2279
2106
2215
2463
2632
2625
2411
2127
2127
2432
2635
2627
2440
2175
2139
2389
2609
2641
2508
2266
2106
2248
2538
2656
2522
2283
2118
2196
2489
2669
2615
2389
2122
2140
2413
2649
2656
2408
2152
2177
2364
2540
2655
2593
2281
2080
2273
2552
2645
2571
2312
2112
2177
2424
2631
2594
2364
2179
2141
2358
2650
2636
2428
2178
2075
2302
2643
2681
2480
2233
2089
2243
2528
2648
2569
2340
2120
2184
2464
2684
2639
2355
2084
2173
2453
2605
2619
2460
2163
2078
2324
2593
2617
2436
2221
2152
2275
2474
2632
2602
2265
2061
2213
2438
2608
2646
2395
2120
2159
2398
2617
2673
2415
2117
2131
2331
2567
2663
2496
2230
2103
2239
2517
2642
2537
2281
2097
2214
2508
2659
2616
2420
2158
2134
2385
2629
2654
2462
2133
2080
2339
2579
2644
2531
2259
2088
2260
2563
2682
2535
2251
2111
2222
2459
2643
2615
2399
2163
2135
2387
2626
2657
2479
2236
2155
2343
2558
2639
2537
2244
2089
2284
2518
2610
2574
2331
2134
2245
2458
2650
2670
2385
2136
2182
2353
2620
2682
2401
2169
2179
2287
2558
2724
2511
2197
2141
2274
2515
2658
2539
2313
2143
2151
2428
2676
2611
2351
2146
2179
2421
2648
2688
2447
2165
2139
2328
2554
2669
2501
2194
2108
2276
2536
2678
2543
2286
2144
2223
2471
2691
2630
2375
2177
2132
2350
2653
2640
2395
2161
2103
2316
2592
2654
2505
2259
2125
2222
2523
2676
2584
2291
2097
2190
2418
2599
2642
2397
2093
2143
2411
2592
2613
2462
2212
2125
2310
2575
2648
2509
2252
2138
2268
2474
2655
2597
2322
2106
2201
2456
2663
2669
2354
2100
2219
2406
2549
2653
2456
2127
2127
2336
2541
2631
2507
2219
2070
2251
2535
2642
2532
2292
2152
2197
2452
2703
2627
2332
2157
2191
2414
2644
2666
2421
2135
2109
2322
2533
2608
2502
2271
2103
2262
2558
2652
2539
2317
2122
2183
2452
2664
2614
2387
2132
2120
2374
2616
2585
2381
2191
2189
2348
2556
2661
2509
2184
2104
2269
2493
2648
2562
2301
2099
2163
2445
2686
2631
2355
2167
2153
2358
2610
2652
2475
2205
2127
2324
2585
2635
2412
2213
2158
2268
2523
2716
2618
2306
2130
2239
2455
2605
2584
2362
2108
2162
2422
2652
2642
2398
2161
2122
2281
2589
2721
2500
2227
2190
2317
2524
2641
2542
2322
2102
2156
2463
2676
2575
2326
2174
2167
2337
2557
2679
2471
2122
2132
2377
2564
2659
2521
2260
2125
2212
2515
2705
2504
2238
2164
2252
2474
2675
2627
2358
2133
2191
2391
2608
2689
2423
2073
2082
2329
2581
2707
2562
2241
2095
2256
2537
2665
2484
2207
2141
2218
2410
2658
2615
2299
2128
2177
2387
2600
2629
2465
2212
2110
2335
2582
2641
2488
2218
2109
2316
2504
2591
2564
2320
2076
2207
2466
2589
2576
2411
2129
2099
2378
2587
2597
2452
2192
2100
2326
2578
2631
2486
2204
2066
2240
2545
2637
2506
2294
2121
2166
2484
2710
2606
2353
2168
2178
2431
2642
2643
2449
2202
2120
2301
2570
2652
2502
2221
2112
2299
2559
2657
2545
2290
2116
2229
2468
2668
2625
2355
2089
2142
2403
2602
2621
2452
2203
2114
2305
2591
2664
2466
2177
2166
2289
2475
2689
2599
2287
2133
2188
2426
2657
2611
2337
2174
2213
2428
2590
2618
2462
2192
2115
2325
2553
2641
2506
2239
2086
2222
2559
2677
2498
2285
2128
2178
2443
2626
2580
2399
2179
2167
2413
2661
2653
2425
2171
2117
2303
2621
2710
2483
2231
2168
2243
2469
2674
2591
2318
2125
2186
2468
2687
2615
2343
2121
2164
2406
2593
2588
2425
2191
2114
2336
2616
2682
2469
2227
2135
2216
2483
2694
2547
2279
2141
2207
2416
2651
2644
2363
2132
2168
2404
2607
2617
2469
2190
2075
2358
2643
2648
2516
2287
2090
2216
2580
2687
2518
2317
2155
2177
2451
2660
2629
2356
2110
2187
2449
2594
2618
2473
2190
2127
2380
2623
2654
2534
2256
2056
2259
2553
2644
2558
2298
2107
2239
2472
2663
2635
2338
2115
2217
2400
2600
2708
2459
2145
2147
2335
2590
2706
2517
2227
2111
2250
2536
2653
2539
2301
2124
2206
2463
2639
2595
2312
2125
2193
2361
2571
2698
2426
2129
2178
2346
2568
2704
2508
2259
2185
2266
2531
2730
2559
2266
2143
2235
2467
2642
2566
2382
2215
2186
2387
2663
2651
2415
2189
2113
2285
2626
2680
2457
2235
2146
2239
2489
2675
2603
2283
2073
2212
2506
2593
2556
2421
2162
2109
2398
2645
2639
2431
2173
2116
2342
2598
2661
2486
2208
2131
2314
2546
2619
2525
2326
2127
2163
2460
2670
2607
2346
2128
2144
2378
2610
2589
2420
2212
2133
2306
2572
2639
2487
2265
2104
2233
2574
2674
2529
2286
2111
2207
2437
2603
2617
2357
2133
2200
2400
2618
2714
2465
2165
2120
2311
2586
2670
2463
2229
2120
2230
2523
2663
2528
2309
2110
2198
2451
2622
2593
2359
2135
2151
2385
2651
2687
2436
2139
2116
2344
2624
2712
2516
2250
2144
2256
2555
2687
2531
2306
2183
2231
2481
2637
2599
2405
2163
2147
2403
2631
2623
2417
2193
2129
2299
2622
2748
2498
2223
2149
2256
2498
2671
2551
2283
2106
2165
2450
2714
2628
2325
2144
2199
2399
2619
2674
2449
2150
2128
2306
2553
2702
2536
2223
2067
2202
2535
2669
2534
2319
2111
2158
2468
2641
2571
2373
2169
2117
2338
2639
2646
2360
2182
2189
2278
2521
2680
2506
2208
2093
2260
2502
2649
2571
2307
2131
2192
2458
2714
2622
2311
2100
2168
2415
2590
2632
2483
2182
2127
2371
2608
2688
2567
2247
2112
2296
2564
2658
2517
2260
2122
2196
2437
2632
2600
2383
2162
2114
2355
2656
2643
2405
2242
2155
2236
2546
2710
2509
2245
2148
2256
2514
2660
2531
2289
2122
2174
2463
2686
2626
2399
2166
2106
2374
2715
2669
2384
2217
2133
2245
2588
2695
2516
2227
2052
2181
2540
2678
2528
2311
2141
2203
2472
2667
2618
2363
2114
2138
2386
2604
2682
2473
2175
2110
2292
2580
2736
2524
2166
2097
2312
2514
2623
2567
2289
2080
2181
2443
2634
2618
2340
2088
2194
2440
2621
2627
2431
2191
2158
2363
2599
2637
2479
2253
2133
2236
2527
2674
2558
2298
2111
2166
2471
2713
2661
2362
2143
2180
2366
2574
2637
2413
2135
2123
2305
2548
2680
2461
2172
2143
2264
2510
2698
2562
2309
2167
2164
2413
2713
2635
2337
2127
2184
2409
2585
2580
2430
2203
2087
2268
2566
2685
2488
2166
2081
2271
2549
2667
2547
2290
2144
2218
2480
2662
2599
2360
2158
2139
2330
2649
2714
2400
2156
2149
2299
2559
2654
2484
2270
2128
2219
2533
2689
2556
2282
2090
2209
2471
2602
2588
2428
2147
2128
2395
2630
2648
2451
2164
2126
2315
2557
2679
2505
2216
2157
2289
2486
2637
2598
2306
2080
2213
2470
2638
2618
2373
2151
2149
2391
2654
2642
2391
2188
2156
2289
2539
2670
2484
2243
2157
2240
2494
2704
2556
2281
2191
2222
2428
2722
2639
2301
2137
2209
2422
2631
2617
2452
2216
2076
2263
2574
2673
2482
2178
2105
2318
2526
2599
2549
2296
2063
2158
2436
2616
2632
2419
2109
2117
2413
2625
2621
2388
2136
2150
2362
2563
2664
2504
2231
2125
2221
2464
2690
2602
2302
2118
2247
2475
2640
2629
2360
2079
2156
2435
2600
2609
2454
2159
2076
2324
2592
2643
2472
2262
2180
2253
2467
2695
2628
2267
2100
2212
2442
2656
2612
2345
2148
2184
2398
2613
2631
2415
2175
2117
2301
2553
2640
2480
2217
2133
2247
2468
2665
2582
2281
2052
2169
2487
2612
2552
2389
2132
2123
2400
2641
2631
2454
2206
2099
2292
2587
2654
2483
2236
2117
2252
2536
2692
2588
2319
2124
2187
2484
2635
2595
2405
2114
2127
2449
2608
2652
2508
2146
2067
2356
2595
2663
2532
2175
2050
2307
2543
2641
2573
2297
2058
2190
2496
2626
2570
2382
2175
2139
2321
2629
2686
2405
2153
2163
2320
2568
2681
2454
2206
2156
2255
2503
2675
2549
2303
2172
2177
2463
2720
2592
2367
2203
2139
2388
2665
2648
2441
2191
2135
2356
2566
2655
2544
2254
2089
2251
2551
2636
2514
2358
2159
2155
2444
2704
2596
2292
2132
2153
2322
2612
2709
2482
2174
2103
2306
2588
2651
2469
2242
2124
2218
2485
2668
2573
2286
2093
2201
2472
2652
2597
2348
2151
2171
2362
2616
2685
2407
2134
2167
2298
2497
2678
2520
2192
2112
2289
2520
2658
2604
2349
2116
2163
2470
2677
2593
2332
2142
2172
2391
2642
2688
2473
2207
2131
2279
2542
2659
2501
2266
2146
2249
2485
2635
2564
2284
2090
2178
2467
2682
2609
2334
2150
2182
2418
2661
2653
2441
2185
2105
2347
2633
2650
2516
2277
2084
2227
2515
2679
2553
2266
2139
2179
2376
2667
2624
2353
2164
2186
2367
2588
2622
2451
2185
2113
2361
2615
2662
2525
2244
2053
2209
2551
2658
2510
2291
2115
2165
2463
2671
2605
2343
2121
2179
2419
2591
2628
2468
2199
2100
2288
2579
2675
2524
2208
2061
2270
2563
2668
2527
2279
2116
2175
2455
2711
2603
2330
2188
2198
2364
2602
2597
2409
2203
2146
2322
2565
2644
2520
2275
2072
2223
2577
2662
2535
2319
2119
2179
2497
2657
2579
2375
2153
2147
2425
2611
2602
2457
2213
2092
2281
2595
2692
2477
2251
2186
2241
2470
2718
2575
2212
2130
2247
2431
2666
2655
2377
2138
2135
2343
2632
2690
2440
2192
2126
2276
2604
2701
2495
2256
2160
2257
2512
2666
2562
2263
2086
2257
2488
2605
2658
2385
2121
2221
2415
2605
2670
2417
2167
2169
2349
2594
2702
2506
2239
2138
2253
2530
2735
2571
2234
2111
2237
2447
2604
2584
2393
2131
2121
2429
2680
2649
2419
2156
2142
2363
2572
2649
2536
2259
2050
2193
2579
2684
2511
2245
2132
2215
2359
2628
2688
2360
2137
2180
2372
2610
2641
2407
2204
2172
2330
2592
2717
2550
2188
2077
2259
2480
2669
2595
2283
2096
2201
2460
2673
2622
2358
2139
2152
2389
2649
2676
2454
2218
2130
2289
2620
2682
2435
2237
2124
2182
2474
2682
2587
2273
2074
2196
2478
2626
2608
2379
2128
2168
2391
2560
2621
2466
2207
2123
2338
2570
2611
2522
2285
2119
2246
2518
2719
2612
2293
2134
2247
2413
2593
2646
2378
2113
2164
2384
2616
2600
2386
2229
2164
2271
2574
2710
2517
2249
2129
2250
2481
2596
2618
2391
2062
2171
2519
2623
2597
2410
2105
2128
2443
2647
2634
2440
2169
2114
2334
2591
2663
2504
2221
2095
2280
2568
2664
2537
2317
2129
2192
2450
2651
2644
2412
2136
2164
2422
2613
2665
2511
2112
2057
2340
2572
2649
2481
2209
2111
2198
2480
2716
2538
2240
2148
2180
2441
2728
2590
2298
2175
2169
2355
2626
2672
2463
2209
2088
2311
2645
2684
2446
2222
2134
2195
2484
2723
2560
2242
2125
2256
2463
2628
2621
2402
2163
2168
2415
2669
2626
2388
2182
2130
2303
2594
2680
2491
2209
2111
2224
2468
2630
2573
2289
2099
2233
2507
2629
2598
2378
2097
2115
2434
2645
2580
2417
2223
2128
2307
2617
2702
2486
2240
2135
2229
2478
2676
2560
2319
2160
2189
2439
2664
2634
2380
2123
2144
2407
2627
2587
2387
2212
2164
2304
2561
2688
2506
2194
2106
2258
2490
2681
2560
2267
2139
2192
2426
2651
2585
2313
2178
2175
2332
2635
2708
2426
2169
2145
2326
2568
2617
2507
2270
2065
2220
2534
2641
2526
2281
2089
2201
2474
2660
2643
2372
2070
2127
2415
2582
2617
2488
2162
2084
2392
2602
2592
2525
2274
2086
2266
2541
2601
2543
2297
2131
2251
2436
2605
2650
2357
2080
2150
2397
2599
2646
2424
2160
2119
2340
2591
2641
2481
2197
2118
2325
2542
2630
2543
2301
2111
2194
2465
2671
2610
2389
2167
2147
2403
2628
2600
2427
2184
2098
2285
2577
2659
2463
2231
2146
2217
2491
2708
2577
2261
2125
2211
2446
2641
2593
2377
2163
2178
2397
2627
2659
2400
2197
2190
2288
2502
2701
2560
2202
2088
2288
2545
2728
2607
2250
2110
2227
2403
2651
2614
2249
2081
2198
2400
2613
2652
2425
2169
2133
2323
2572
2665
2558
2219
2034
2231
2514
2657
2574
2294
2105
2197
2451
2631
2614
2349
2108
2162
2391
2589
2647
2450
2118
2100
2381
2584
2636
2469
2211
2120
2253
2492
2653
2539
2289
2105
2168
2478
2670
2568
2384
2192
2111
2358
2693
2677
2442
2162
2100
2327
2561
2636
2542
2284
2122
2249
2528
2710
2622
2254
2090
2286
2463
2581
2636
2385
2139
2166
2377
2629
2699
2413
2105
2154
2350
2530
2680
2536
2164
2114
2295
2503
2659
2542
2274
2116
2195
2442
2652
2580
2340
2194
2214
2387
2653
2639
2434
2243
2136
2271
2597
2684
2454
2232
2149
2256
2502
2658
2582
2307
2104
2228
2490
2636
2614
2382
2089
2150
2457
2616
2617
2471
2199
2118
2329
2558
2673
2535
2238
2130
2330
2524
2592
2562
2335
2124
2191
2446
2662
2620
2356
2145
2166
2376
2620
2694
2467
2160
2100
2291
2563
2669
2507
2207
2084
2300
2542
2629
2615
2331
2078
2233
2481
2599
2602
2363
2124
2212
2433
2601
2621
2404
2179
2147
2308
2596
2677
2411
2224
2153
2203
2535
2736
2540
2252
2126
2194
2472
2637
2570
2384
2165
2144
2397
2626
2637
2422
2175
2146
2314
2552
2668
2500
2210
2109
2248
2520
2647
2558
2312
2100
2181
2442
2654
2601
2320
2135
2183
2359
2606
2677
2412
2167
2149
2264
2579
2770
2526
2205
2157
2274
2514
2703
2554
2243
2095
2217
2465
2640
2607
2340
2104
2176
2423
2594
2661
2428
2131
2173
2338
2508
2647
2522
2211
2104
2238
2530
2681
2544
2321
2146
2187
2472
2638
2576
2383
2174
2192
2452
2633
2618
2429
2186
2140
2320
2558
2655
2506
2261
2138
2260
2532
2685
2523
2248
2099
2200
2425
2598
2599
2385
2145
2164
2389
2597
2626
2412
2163
2142
2319
2579
2711
2534
2199
2091
2252
2523
2703
2554
2221
2136
2267
2448
2697
2701
2353
2147
2183
2355
2589
2622
2411
2217
2170
2319
2557
2688
2511
2213
2135
2264
2515
2678
2541
2265
2158
2247
2478
2656
2612
2370
2157
2147
2398
2687
2647
2403
2193
2120
2269
2562
2679
2495
2207
2138
2286
2516
2637
2512
2290
2142
2206
2464
2679
2594
2335
2163
2143
2345
2635
2658
2419
2205
2129
2274
2556
2635
2494
2275
2115
2219
2558
2735
2537
2270
2145
2205
2457
2650
2546
2315
2149
2127
2369
2659
2637
2373
2136
2143
2367
2570
2641
2562
2271
2066
2260
2606
2665
2535
2352
2145
2132
2470
2719
2571
2298
2197
2214
2329
2580
2687
2432
2178
2181
2340
2580
2672
2497
2246
2122
2273
2543
2670
2560
2334
2135
2177
2459
2673
2578
2362
2189
2173
2347
2599
2664
2450
2162
2115
2356
2618
2648
2446
2222
2121
2232
2525
2714
2604
2292
2107
2218
2478
2637
2597
2395
2173
2174
2404
2628
2676
2452
2183
2152
2329
2566
2637
2489
2266
2128
2277
2550
2656
2541
2294
2159
2235
2422
2642
2642
2361
2091
2136
2401
2656
2653
2405
2162
2151
2337
2588
2715
2477
2161
2133
2229
2483
2704
2561
2290
2130
2145
2430
2673
2604
2343
2129
2146
2412
2646
2657
2463
2225
2109
2298
2623
2675
2467
2204
2093
2255
2522
2654
2537
2236
2103
2242
2461
2651
2657
2381
2105
2164
2398
2606
2646
2434
2160
2109
2283
2584
2680
2504
2231
2116
2273
2539
2659
2559
2321
2122
2189
2487
2694
2610
2366
2196
2190
2387
2626
2654
2435
2167
2096
2270
2579
2716
2469
2217
2151
2238
2505
2710
2583
2315
2145
2199
2495
2726
2649
2359
2162
2231
2395
2598
2679
2422
2121
2156
2346
2572
2665
2516
2251
2123
2220
2501
2671
2568
2281
2132
2233
2457
2626
2605
2377
2172
2205
2415
2567
2587
2412
2193
2123
2296
2613
2719
2504
2218
2128
2291
2526
2662
2544
2291
2111
2187
2430
2634
2606
2370
2160
2163
2399
2640
2659
2431
2166
2147
2346
2606
2685
2515
2244
2105
2252
2529
2655
2533
2287
2141
2213
2439
2633
2642
2363
2108
2149
2365
2617
2680
2372
2140
2189
2333
2558
2707
2537
2254
2117
2212
2507
2692
2528
2277
2163
2188
2380
2653
2640
2351
2162
2186
2372
2646
2683
2462
2208
2155
2328
2556
2669
2516
2204
2072
2249
2541
2670
2550
2280
2122
2216
2446
2625
2622
2339
2118
2212
2423
2635
2655
2396
2189
2152
2277
2527
2687
2513
2206
2114
2258
2479
2686
2600
2260
2111
2250
2452
2666
2642
2338
2160
2203
2313
2559
2656
2399
2129
2131
2316
2574
2637
2446
2231
2142
2188
2496
2698
2533
2342
2173
2140
2454
2719
2596
2348
2148
2140
2379
2630
2653
2445
2184
2110
2340
2622
2652
2474
2256
2126
2222
2466
2638
2575
2350
2146
2190
2421
2658
2642
2358
2113
2217
2472
2599
2603
2468
2202
2123
2311
2583
2689
2516
2196
2098
2273
2516
2659
2579
2279
2137
2251
2460
2637
2634
2345
2104
2190
2414
2574
2667
2485
2144
2129
2388
2598
2683
2579
2268
2067
2212
2498
2666
2527
2240
2116
2243
2437
2620
2642
2376
2085
2133
2398
2609
2623
2429
2202
2156
2332
2585
2681
2496
2233
2124
2239
2541
2725
2583
2276
2116
2224
2453
2658
2675
2352
2078
2192
2444
2609
2645
2446
2160
2133
2349
2561
2640
2528
2242
2087
2231
2520
2710
2581
2282
2101
2210
2474
2647
2593
2398
2180
2133
2318
2636
2662
2386
2162
2174
2319
2482
2610
2532
2235
2085
2275
2544
2636
2554
2318
2100
2185
2493
2657
2599
2402
2141
2112
2390
2600
2632
2529
2250
2049
2292
2636
2654
2470
2237
2128
2268
2508
2634
2552
2297
2117
2202
2445
2643
2626
2355
2122
2156
2395
2597
2631
2488
2171
2083
2340
2581
2643
2512
2208
2075
2256
2519
2639
2553
2298
2089
2206
2513
2644
2588
2373
2141
2179
2418
2594
2635
2452
2200
2135
2297
2595
2695
2480
2231
2105
2228
2502
2671
2554
2319
2148
2174
2449
2719
2634
2351
2162
2176
2389
2592
2651
2485
2181
2112
2330
2592
2688
2524
2181
2062
2296
2537
2626
2550
2291
2118
2218
2458
2641
2633
2388
2141
2139
2383
2653
2665
2415
2185
2127
2268
2568
2687
2508
2267
2149
2258
2542
2695
2566
2305
2117
2234
2534
2682
2571
2366
2162
2122
2366
2635
2658
2457
2196
2146
2356
2595
2649
2477
2212
2144
2280
2482
2649
2573
2255
2075
2210
2499
2659
2577
2364
2160
2080
2309
2657
2670
2384
2187
2169
2329
2565
2632
2482
2231
2091
2229
2521
2667
2553
2300
2122
2200
2472
2656
2603
2375
2172
2162
2316
2627
2670
2392
2207
2185
2290
2578
2723
2474
2188
2135
2247
2473
2682
2585
2263
2132
2221
2404
2604
2623
2332
2118
2182
2404
2614
2651
2469
2206
2117
2367
2626
2659
2479
2239
2113
2232
2506
2672
2583
2311
2132
2182
2433
2702
2606
2283
2141
2216
2374
2626
2663
2373
2139
2147
2297
2560
2677
2492
2187
2083
2278
2541
2665
2572
2297
2124
2214
2470
2658
2606
2373
2170
2194
2387
2580
2602
2432
2189
2116
2348
2603
2654
2470
2217
2150
2278
2491
2689
2603
2262
2086
2218
2479
2666
2613
2384
2179
2106
2329
2632
2663
2456
2184
2119
2347
2620
2685
2501
2200
2082
2257
2524
2661
2567
2270
2115
2212
2427
2656
2647
2349
2127
2167
2388
2627
2625
2422
2192
2115
2311
2563
2629
2485
2271
2128
2204
2505
2682
2561
2293
2107
2225
2454
2635
2640
2407
2100
2139
2452
2593
2600
2493
2193
2123
2380
2563
2631
2509
2164
2082
2260
2448
2652
2632
2291
2095
2215
2490
2677
2575
2358
2220
2176
2342
2631
2689
2440
2136
2053
2344
2641
2671
2566
2219
2045
2269
2527
2672
2616
2282
2105
2250
2439
2639
2653
2386
2154
2152
2345
2640
2670
2442
2201
2139
2281
2562
2653
2507
2267
2100
2260
2591
2639
2483
2321
2199
2182
2387
2681
2687
2357
2060
2122
2424
2606
2642
2448
2170
2093
2294
2591
2681
2490
2261
2168
2231
2460
2685
2575
2261
2092
2237
2488
2650
2615
2377
2137
2162
2431
2641
2642
2477
2218
2167
2345
2566
2661
2564
2246
2047
2255
2547
2618
2564
2319
2078
2183
2477
2653
2621
2374
2143
2173
2369
2610
2694
2449
2187
2154
2320
2539
2652
2505
2234
2099
2218
2544
2689
2501
2321
2187
2218
2472
2631
2573
2385
2156
2115
2387
2670
2636
2412
2207
2144
2305
2588
2691
2484
2229
2141
2226
2555
2748
2558
2297
2120
2141
2451
2664
2577
2328
2120
2123
2384
2652
2651
2408
2167
2147
2319
2590
2729
2496
2150
2097
2273
2474
2636
2593
2325
2095
2172
2484
2681
2589
2357
2155
2160
2376
2613
2631
2429
2171
2131
2357
2607
2637
2482
2245
2088
2227
2525
2678
2549
2299
2149
2160
2434
2694
2616
2363
2168
2134
2359
2627
2622
2383
2175
2177
2387
2621
2637
2514
2279
2098
2266
2571
2614
2494
2347
2135
2203
2479
2617
2625
2400
2076
2158
2446
2580
2615
2468
2187
2121
2311
2559
2678
2485
2207
2142
2263
2490
2667
2557
2269
2109
2204
2466
2683
2636
2337
2091
2158
2413
2593
2631
2455
2145
2096
2359
2584
2641
2531
2280
2117
2240
2523
2656
2568
2303
2091
2172
2433
2632
2593
2327
2115
2197
2396
2567
2665
2471
2141
2118
2325
2541
2660
2538
2208
2097
2255
2505
2691
2549
2259
2139
2232
2451
2656
2643
2401
2155
2145
2391
2604
2616
2447
2171
2123
2302
2503
2668
2539
2200
2073
2256
2522
2653
2510
2262
2117
2187
2437
2665
2649
2346
2114
2189
2392
2596
2648
2401
2138
2118
2274
2567
2674
2473
2245
2151
2248
2527
2660
2554
2307
2148
2201
2438
2646
2614
2374
2182
2202
2420
2637
2632
2429
2175
2110
2351
2643
2676
2466
2236
2142
2253
2480
2673
2586
2289
2144
2231
2480
2659
2595
2373
2137
2122
2366
2608
2654
2449
2185
2146
2333
2594
2672
2483
2232
2110
2210
2562
2770
2523
2199
2167
2216
2435
2700
2600
2334
2179
2163
2364
2613
2623
2458
2194
2092
2346
2621
2641
2512
2238
2096
2296
2485
2563
2601
2377
2044
2150
2513
2679
2600
2355
2123
2200
2425
2622
2643
2437
2199
2175
2318
2541
2684
2530
2186
2080
2301
2555
2604
2537
2333
2110
2209
2508
2673
2625
2386
2150
2168
2397
2631
2679
2446
2186
2129
2307
2568
2677
2473
2214
2192
2306
2495
2646
2551
2323
2132
2195
2482
2667
2597
2373
2157
2112
2352
2667
2650
2386
2192
2161
2290
2585
2704
2474
2197
2135
2255
2505
2687
2551
2266
2129
2193
2450
2688
2632
2346
2108
2127
2420
2679
2667
2424
2166
2139
2347
2572
2656
2563
2265
2077
2295
2576
2632
2528
2330
2160
2208
2447
2639
2604
2362
2139
2170
2402
2593
2599
2478
2212
2082
2325
2622
2676
2521
2223
2129
2272
2508
2673
2590
2302
2136
2231
2453
2621
2589
2360
2118
2138
2399
2602
2667
2450
2114
2135
2369
2570
2669
2511
2203
2117
2263
2475
2670
2564
2232
2095
2207
2395
2626
2661
2364
2125
2198
2353
2535
2635
2450
2189
2132
2370
2626
2646
2512
2256
2062
2256
2555
2612
2538
2321
2105
2190
2470
2621
2609
2366
2085
2159
2402
2557
2639
2504
2193
2080
2277
2594
2677
2467
2202
2130
2275
2519
2655
2539
2313
2185
2224
2414
2649
2660
2371
2099
2125
2389
2642
2628
2443
2242
2129
2266
2594
2706
2494
2219
2137
2274
2523
2676
2540
2267
2133
2192
2430
2674
2655
2364
2125
2152
2372
2592
2673
2444
2151
2119
2294
2528
2652
2474
2225
2145
2244
2489
2662
2550
2254
2099
2237
2468
2587
2576
2420
2144
2123
2396
2626
2611
2412
2172
2133
2305
2584
2650
2475
2238
2116
2217
2471
2680
2579
2238
2079
2228
2469
2615
2606
2388
2105
2125
2434
2614
2610
2443
2199
2116
2266
2512
2648
2483
2172
2071
2272
2526
2631
2555
2330
2090
2136
2481
2700
2580
2313
2152
2169
2374
2636
2667
2424
2174
2130
2312
2596
2677
2479
2246
2173
2247
2495
2680
2545
2268
2163
2176
2405
2676
2606
2330
2161
2145
2359
2652
2670
2426
2242
2148
2295
2613
2648
2407
2234
2154
2253
2501
2663
2556
2249
2091
2242
2417
2594
2609
2354
2152
2154
2331
2645
2686
2378
2178
2164
2260
2554
2690
2485
2229
2098
2204
2508
2673
2571
2276
2080
2183
2476
2655
2589
2337
2099
2141
2396
2588
2595
2457
2234
2106
2298
2590
2659
2510
2271
2122
2246
2527
2671
2562
2286
2085
2171
2486
2670
2553
2373
2178
2092
2342
2678
2628
2389
2221
2178
2319
2593
2669
2471
2216
2125
2270
2515
2650
2563
2296
2141
2192
2428
2692
2662
2341
2162
2185
2371
2637
2718
2459
2185
2159
2282
2554
2719
2491
2213
2152
2256
2501
2663
2571
2310
2101
2167
2478
2679
2567
2319
2170
2182
2338
2626
2721
2448
2131
2116
2339
2610
2663
2486
2234
2122
2257
2535
2687
2548
2286
2144
2199
2449
2678
2638
2402
2152
2123
2373
2627
2649
2423
2149
2117
2332
2557
2687
2541
2192
2101
2302
2508
2664
2607
2282
2071
2202
2484
2681
2634
2344
2102
2171
2417
2629
2654
2409
2140
2159
2360
2557
2640
2514
2256
2109
2210
2488
2679
2573
2233
2033
2211
2492
2645
2626
2352
2095
2159
2399
2602
2672
2450
2166
2159
2306
2564
2734
2502
2163
2120
2262
2461
2663
2540
2215
2131
2236
2382
2603
2633
2378
2096
2131
2396
2616
2645
2414
2120
2143
2375
2582
2664
2518
2229
2101
2265
2557
2674
2608
2371
2114
2193
2499
2655
2598
2373
2158
2191
2413
2623
2625
2389
2186
2148
2290
2585
2682
2471
2238
2127
2253
2518
2635
2564
2299
2090
2210
2486
2636
2584
2400
2163
2136
2378
2616
2645
2460
2182
2100
2304
2605
2678
2456
2193
2155
2292
2460
2632
2640
2287
2055
2256
2502
2587
2574
2355
2119
2174
2388
2583
2692
2484
2161
2161
2338
2547
2720
2521
2181
2195
2318
2442
2716
2646
2175
2067
2228
2439
2667
2608
2354
2181
2165
2351
2624
2679
2442
2152
2159
2366
2548
2663
2556
2237
2113
2249
2509
2705
2550
2234
2088
2162
2463
2711
2618
2301
2130
2165
2366
2658
2678
2406
2179
2152
2292
2548
2670
2480
2249
2106
2191
2546
2690
2519
2307
2139
2197
2421
2619
2656
2407
2117
2156
2432
2625
2614
2429
2191
2136
2347
2565
2619
2476
2221
2109
2265
2514
2627
2625
2324
2037
2184
2463
2638
2642
2375
2144
2189
2360
2583
2659
2378
2091
2147
2335
2529
2698
2547
2221
2134
2277
2497
2655
2561
2279
2123
2222
2466
2651
2575
2333
2133
2138
2365
2619
2665
2407
2153
2134
2324
2559
2628
2460
2215
2111
2252
2516
2697
2609
2303
2108
2203
2455
2658
2631
2332
2143
2212
2379
2608
2648
2405
2174
2117
2307
2609
2671
2472
2203
2126
2277
2480
2643
2593
2301
2102
2223
2459
2656
2624
2358
2132
2172
2373
2618
2666
2425
2151
2150
2322
2533
2673
2567
2240
2086
2282
2572
2644
2507
2333
2162
2148
2426
2680
2595
2317
2174
2165
2378
2660
2635
2414
2233
2129
2267
2561
2667
2500
2251
2121
2239
2521
2695
2550
2264
2123
2179
2433
2692
2651
2337
2135
2211
2362
2593
2689
2403
2134
2169
2329
2601
2729
2505
2196
2141
2289
2497
2662
2598
2312
2077
2150
2469
2669
2559
2322
2190
2181
2355
2637
2632
2391
2215
2132
2266
2585
2704
2478
2224
2168
2253
2492
2733
2581
2253
2157
2254
2443
2672
2647
2307
2088
2173
2417
2628
2645
2446
2201
2137
2322
2618
2698
2467
2184
2163
2302
2500
2650
2569
2308
2162
2167
2397
2676
2594
2351
2186
2147
2368
2681
2688
2448
2198
2113
2303
2591
2643
2494
2247
2126
2247
2515
2676
2545
2268
2090
2217
2492
2628
2605
2397
2157
2147
2390
2699
2663
2364
2187
2152
2249
2562
2711
2503
2237
2124
2228
2492
2692
2587
2256
2136
2240
2462
2653
2600
2324
2169
2182
2378
2662
2677
2403
2141
2119
2335
2560
2645
2497
2210
2145
2281
2463
2651
2602
2281
2129
2244
2432
2671
2654
2329
2130
2190
2360
2591
2659
2455
2165
2085
2333
2654
2666
2474
2241
2047
2235
2602
2684
2535
2311
2121
2168
2447
2666
2647
2388
2087
2122
2455
2606
2617
2483
2200
2114
2362
2608
2623
2482
2255
2114
2238
2518
2690
2568
2239
2087
2236
2454
2641
2665
2387
2098
2186
2437
2568
2602
2476
2197
2081
2263
2619
2685
2447
2225
2163
2234
2477
2657
2542
2255
2067
2173
2505
2625
2529
2382
2160
2136
2392
2646
2673
2426
2170
2134
2300
2532
2649
2509
2244
2104
2258
2554
2685
2554
2289
2134
2236
2455
2618
2616
2387
2124
2118
2368
2646
2657
2408
2185
2182
2339
2566
2659
2507
2257
2106
2198
2522
2679
2555
2330
2132
2174
2502
2733
2613
2331
2162
2145
2339
2666
2694
2349
2141
2211
2310
2518
2718
2536
2191
2084
2271
2509
2670
2610
2328
2094
2203
2486
2665
2604
2369
2149
2166
2378
2598
2629
2414
2206
2140
2262
2581
2706
2461
2192
2104
2247
2542
2682
2542
2267
2098
2157
2471
2712
2575
2317
2185
2162
2343
2616
2642
2399
2135
2117
2323
2540
2661
2544
2248
2111
2263
2529
2637
2518
2332
2131
2112
2449
2749
2612
2303
2147
2191
2372
2579
2617
2467
2188
2091
2302
2557
2665
2486
2212
2096
2204
2517
2691
2571
2301
2112
2210
2460
2655
2629
2343
2086
2209
2420
2554
2655
2490
2154
2125
2362
2536
2665
2559
2235
2126
2291
2526
2669
2557
2279
2126
2216
2493
2670
2557
2373
2166
2140
2401
2597
2621
2513
2163
2039
2343
2616
2610
2487
2249
2130
2253
2538
2715
2518
2221
2171
2222
2388
2676
2683
2334
2081
2117
2379
2655
2624
2365
2198
2119
2252
2580
2667
2443
2230
2125
2218
2521
2694
2530
2287
2106
2196
2493
2678
2599
2358
2157
2129
2370
2655
2639
2408
2181
2109
2291
2589
2650
2463
2215
2104
2228
2504
2682
2549
2234
2077
2188
2456
2691
2607
2330
2136
2149
2361
2620
2667
2452
2163
2106
2342
2611
2636
2464
2268
2128
2263
2564
2672
2569
2362
2147
2183
2462
2652
2616
2393
2123
2131
2431
2615
2578
2471
2209
2100
2329
2585
2652
2478
2212
2164
2266
2458
2693
2614
2292
2106
2191
2464
2646
2575
2328
2122
2161
2422
2644
2633
2440
2237
2132
2285
2581
2650
2467
2253
2124
2216
2537
2728
2536
2273
2154
2203
2479
2694
2602
2382
2186
2128
2345
2660
2642
2391
2206
2201
2336
2569
2682
2530
2229
2121
2248
2487
2687
2575
2254
2111
2209
2426
2657
2676
2395
2117
2154
2421
2639
2639
2409
2187
2149
2286
2543
2688
2502
2208
2145
2302
2533
2686
2548
2254
2142
2252
2481
2641
2611
2404
2173
2183
2408
2616
2635
2431
2178
2119
2310
2572
2659
2486
2208
2170
2282
2480
2667
2563
2266
2093
2189
2420
2637
2640
2327
2092
2177
2358
2565
2638
2399
2182
2146
2257
2529
2691
2485
2202
2138
2243
2497
2703
2560
2271
2138
2187
2441
2663
2567
2327
2169
2157
2367
2663
2675
2440
2191
2126
2335
2618
2626
2442
2268
2122
2196
2545
2669
2510
2295
2123
2148
2455
2704
2580
2359
2190
2126
2333
2650
2653
2446
2227
2091
2297
2619
2633
2478
2293
2113
2214
2540
2660
2525
2320
2170
2244
2461
2643
2600
2360
2120
2133
2418
2639
2628
2466
2211
2112
2293
2587
2684
2499
2237
2160
2290
2544
2705
2562
2241
2086
2153
2423
2691
2620
2318
2180
2218
2361
2587
2665
2455
2173
2101
2312
2569
2656
2549
2268
2094
2271
2533
2640
2568
2300
2088
2211
2483
2635
2578
2349
2092
2153
2413
2584
2598
2427
2195
2157
2313
2536
2683
2546
2208
2098
2268
2496
2656
2582
2296
2105
2216
2462
2630
2588
2389
2182
2171
2397
2616
2632
2449
2251
2132
2291
2613
2674
2446
2222
2139
2237
2527
2723
2565
2292
2171
2223
2454
2676
2640
2379
2087
2118
2418
2609
2607
2490
2197
2067
2291
2571
2650
2514
2212
2100
2271
2550
2684
2554
2279
2129
2251
2475
2644
2639
2350
2100
2152
2388
2615
2623
2432
2246
2142
2280
2551
2660
2533
2260
2087
2270
2542
2658
2534
2276
2124
2200
2433
2663
2603
2327
2163
2191
2361
2606
2661
2432
2185
2117
2285
2566
2685
2522
2227
2067
2172
2551
2719
2518
2255
2121
2159
2449
2707
2614
2362
2157
2120
2374
2643
2642
2415
2166
2154
2364
2559
2666
2550
2214
2110
2282
2526
2652
2543
2303
2100
2165
2465
2698
2623
2357
2132
2140
2372
2643
2690
2491
2194
2112
2339
2608
2630
2442
2268
2149
2236
2545
2684
2549
2282
2094
2188
2469
2592
2551
2384
2133
2114
2406
2644
2635
2464
2201
2121
2330
2589
2718
2567
2212
2106
2283
2503
2683
2577
2312
2148
2214
2475
2670
2565
2342
2186
2139
2327
2635
2696
2463
2168
2108
2298
2538
2653
2521
2230
2102
2235
2525
2682
2560
2309
2135
2180
2433
2654
2590
2361
2184
2156
2389
2659
2674
2456
2195
2105
2340
2615
2651
2485
2267
2124
2214
2487
2676
2583
2276
2088
2196
2466
2672
2609
2364
2152
2159
2386
2606
2609
2449
2238
2147
2292
2589
2667
2509
2224
2077
2266
2562
2670
2572
2290
2090
2214
2453
2615
2628
2445
2172
2140
2386
2612
2662
2486
2199
2128
2342
2537
2619
2525
2277
2127
2219
2515
2696
2513
2241
2125
2220
2446
2634
2629
2390
2146
2184
2427
2621
2637
2454
2197
2131
2342
2592
2633
2486
2247
2092
2179
2530
2710
2570
2297
2134
2199
2413
2638
2657
2374
2097
2179
2436
2593
2664
2530
2166
2052
2322
2595
2662
2512
2247
2123
2248
2454
2652
2611
2286
2082
2232
2481
2620
2602
2397
2145
2112
2331
2653
2713
2378
2145
2161
2278
2536
2699
2480
2200
2180
2228
2480
2742
2576
2245
2165
2262
2452
2672
2648
2344
2126
2165
2352
2574
2680
2449
2135
2133
2332
2565
2677
2488
2197
2118
2245
2486
2686
2564
2264
2106
2176
2415
2635
2600
2362
2142
2140
2360
2646
2615
2344
2171
2160
2265
2539
2732
2507
2160
2095
2270
2508
2644
2520
2286
2187
2221
2419
2670
2671
2389
2120
2115
2397
2648
2645
2446
2218
2106
2305
2619
2678
2497
2234
2074
2223
2563
2691
2513
2299
2184
2206
2430
2655
2599
2332
2154
2183
2389
2616
2671
2441
2145
2185
2347
2553
2699
2544
2240
2112
2249
2569
2729
2524
2254
2160
2201
2431
2657
2618
2394
2138
2139
2406
2650
2663
2439
2186
2113
2269
2550
2683
2489
2223
2130
2248
2473
2699
2592
2268
2129
2224
2451
2681
2634
2367
2175
2182
2347
2598
2668
2429
2126
2131
2348
2565
2678
2529
2194
2113
2268
2505
2657
2568
2274
2125
2253
2455
2636
2660
2383
2124
2169
2409
2580
2644
2463
2127
2096
2324
2540
2646
2494
2237
2144
2230
2496
2698
2514
2241
2113
2183
2452
2652
2574
2405
2178
2159
2386
2597
2661
2444
2133
2139
2345
2526
2639
2528
2205
2108
2298
2533
2641
2527
2290
2169
2214
2459
2682
2616
2317
2158
2149
2359
2653
2619
2402
2234
2133
2258
2617
2743
2499
2230
2109
2268
2577
2658
2522
2325
2142
2224
2498
2678
2615
2355
2143
2162
2352
2597
2640
2395
2153
2136
2290
2572
2712
2531
2260
2155
2245
2539
2697
2536
2286
2101
2153
2465
2674
2607
2371
2182
2179
2381
2611
2639
2427
2165
2143
2353
2551
2660
2502
2201
2119
2308
2508
2591
2555
2311
2092
2161
2462
2672
2592
2353
2168
2155
2380
2658
2649
2414
2191
2163
2333
2587
2649
2479
2238
2094
2192
2547
2708
2513
2324
2169
2139
2474
2714
2590
2366
2135
2135
2447
2651
2615
2450
2162
2086
2319
2567
2679
2551
2242
2060
2232
2516
2649
2528
2258
2133
2216
2408
2621
2650
2397
2101
2169
2422
2603
2675
2460
2089
2104
2392
2586
2641
2540
2233
2065
2232
2514
2642
2571
2307
2088
2181
2444
2657
2630
2353
2166
2170
2342
2607
2652
2458
2202
2129
2369
2603
2640
2542
2266
2075
2296
2583
2653
2570
2310
2103
2197
2463
2688
2602
2338
2152
2149
2375
2635
2643
2416
2186
2129
2310
2589
2688
2521
2211
2136
2290
2443
2659
2632
2262
2058
2190
2511
2701
2630
2395
2131
2099
2372
2587
2600
2503
2218
2086
2333
2597
2677
2545
2208
2094
2295
2515
2651
2565
2275
2121
2229
2441
2651
2630
2377
2111
2123
2403
2643
2620
2455
2235
2131
2321
2601
2651
2483
2214
2089
2242
2504
2610
2516
2309
2123
2190
2466
2660
2601
2340
2169
2173
2344
2634
2668
2391
2200
2151
2284
2581
2680
2438
2185
2135
2242
2475
2663
2579
2245
2081
2201
2452
2648
2613
2396
2182
2201
2388
2586
2672
2491
2161
2131
2365
2578
2650
2494
2225
2096
2228
2487
2614
2547
2304
2127
2212
2465
2643
2594
2375
2139
2163
2444
2654
2638
2427
2169
2129
2319
2553
2664
2507
2240
2142
2259
2468
2661
2601
2269
2105
2228
2436
2648
2650
2364
2121
2159
2398
2643
2609
2380
2184
2124
2264
2530
2658
2538
2253
2118
2237
2559
2741
2566
2269
2141
2185
2400
2650
2603
2315
2153
2197
2374
2615
2705
2447
2148
2121
2336
2560
2633
2485
2224
2113
2264
2532
2674
2536
2301
2140
2190
2472
2673
2594
2343
2118
2158
2414
2627
2608
2398
2175
2078
2287
2618
2673
2492
2240
