2290
2959
2159
1499
2268
2960
2156
1462
2297
2978
2129
1456
2271
2959
2162
1506
2340
2963
2123
1491
2285
2963
2158
1493
2277
2969
2174
1485
2287
2978
2143
1462
2316
2966
2103
1495
2302
2946
2111
1458
2259
2950
2161
1506
2264
2947
2159
1480
2287
2961
2113
1461
2298
2963
2139
1494
2324
2911
2093
1498
2286
2944
2156
1489
2262
2925
2114
1474
2287
2985
2138
1452
2284
2951
2138
1505
2272
2935
2124
1475
2309
2965
2138
1484
2266
2905
2133
1465
2260
2978
2151
1475
2255
2961
2152
1482
2306
2939
2116
1470
2289
2990
2120
1427
2273
2973
2126
1479
2304
2956
2102
1463
2289
2925
2133
1479
2259
2934
2138
1486
2292
2956
2126
1491
2246
2890
2123
1460
2284
2975
2144
1476
2262
2972
2149
1465
2315
2961
2116
1485
2278
2928
2136
1493
2301
2940
2143
1494
2280
2976
2141
1439
2270
2970
2159
1490
2267
2963
2159
1461
2263
2978
2114
1459
2294
2942
2141
1497
2332
2937
2108
1504
2254
2959
2176
1475
2287
2973
2143
1463
2270
2979
2149
1470
2277
2929
2121
1500
2282
2959
2124
1432
2256
2962
2141
1469
2266
2976
2136
1453
2295
2953
2111
1476
2268
2966
2152
1470
2297
2976
2136
1482
2255
2927
2149
1476
2284
2960
2122
1450
2293
3016
2162
1475
2287
2949
2172
1498
2274
2961
2154
1470
2277
2947
2150
1495
2267
2950
2169
1485
2299
3001
2148
1482
2303
2975
2138
1494
2296
2935
2140
1482
2242
2962
2136
1471
2301
2951
2097
1478
2270
2938
2172
1487
2290
2985
2169
1489
2326
2995
2134
1462
2277
2971
2163
1489
2291
3005
2152
1466
2291
2960
2121
1475
2268
2910
2119
1479
2293
2969
2109
1454
2265
2958
2148
1481
2272
2941
2135
1485
2278
2985
2156
1465
2263
2949
2141
1466
2265
2972
2132
1460
2285
2932
2136
1491
2272
2980
2149
1466
2294
2989
2140
1474
2260
2911
2126
1483
2293
2946
2126
1493
2297
2965
2120
1475
2293
2927
2141
1474
2248
2974
2168
1475
2273
2931
2123
1472
2279
2977
2152
1451
2258
2960
2145
1484
2286
2946
2152
1497
2262
2944
2157
1463
2257
2962
2155
1483
2279
2968
2145
1462
2240
2958
2180
1512
2312
2961
2153
1488
2299
2974
2133
1487
2299
2913
2120
1496
2243
2958
2152
1452
2246
2943
2121
1467
2279
2911
2123
1493
2243
2967
2204
1478
2217
2944
2185
1484
2280
2918
2108
1479
2237
2942
2171
1486
2274
2955
2149
1478
2251
2967
2170
1436
2226
2944
2133
1502
2314
2980
2117
1464
2294
2931
2139
1516
2283
2930
2113
1466
2295
2960
2120
1455
2256
2926
2123
1451
2260
2980
2135
1475
2282
2963
2131
1457
2298
2940
2122
1482
2276
2988
2139
1447
2247
2938
2165
1516
2295
2963
2157
1497
2274
2920
2139
1514
2260
2971
2164
1465
2292
2957
2139
1477
2252
2941
2146
1455
2276
2975
2149
1477
2250
2938
2142
1483
2283
2937
2119
1479
2258
2969
2181
1464
2257
2962
2135
1458
2284
2979
2138
1468
2259
2926
2148
1491
2278
2942
2148
1499
2278
2956
2147
1476
2212
2925
2168
1479
2277
2950
2133
1462
2293
2991
2124
1468
2300
2954
2153
1503
2282
2950
2140
1472
2262
2958
2168
1487
2285
2984
2143
1467
2262
2922
2167
1513
2236
2931
2199
1483
2240
2977
2180
1479
2263
2955
2158
1448
2247
2941
2103
1463
2279
2964
2156
1480
2313
2946
2107
1467
2275
2988
2183
1485
2268
2930
2119
1483
2298
2985
2133
1455
2284
2940
2143
1490
2259
2962
2167
1457
2270
2959
2150
1503
2262
2945
2144
1481
2289
2955
2157
1481
2266
2949
2145
1499
2302
2934
2111
1454
2256
2992
2151
1468
2295
2952
2138
1497
2298
2966
2139
1443
2274
2984
2132
1473
2281
2960
2153
1475
2276
2961
2130
1478
2253
2935
2153
1490
2307
2950
2138
1455
2232
2948
2150
1483
2286
2961
2141
1469
2256
2956
2159
1481
2252
2945
2143
1467
2275
2982
2148
1469
2298
2971
2134
1486
2310
2961
2123
1468
2283
2957
2149
1471
2262
2970
2186
1473
2249
2967
2160
1463
2231
2952
2174
1483
2288
2938
2116
1460
2263
2985
2161
1481
2273
2926
2141
1491
2270
2945
2168
1505
2275
2964
2160
1474
2274
2952
2156
1455
2255
2937
2119
1472
2244
2932
2168
1505
2285
2964
2168
1462
2246
2950
2165
1497
2289
2961
2152
1481
2278
2975
2168
1489
2275
2946
2157
1520
2282
2963
2156
1467
2269
2943
2151
1498
2263
2952
2148
1449
2298
2995
2133
1466
2309
2976
2157
1511
2297
2952
2154
1456
2250
2950
2127
1482
2312
2963
2165
1490
2274
2962
2096
1431
2292
2950
2139
1519
2278
2964
2164
1458
2267
2937
2113
1499
2272
2946
2150
1469
2305
2998
2137
1445
2259
2948
2153
1500
2302
2972
2149
1485
2273
2968
2159
1466
2305
2960
2106
1480
2275
2985
2180
1492
2242
2939
2177
1471
2292
2992
2134
1458
2287
2957
2110
1446
2275
2962
2123
1487
2298
2949
2138
1488
2220
2911
2168
1470
2278
2975
2116
1442
2232
2942
2161
1483
2282
2972
2152
1478
2297
3004
2142
1479
2300
2920
2105
1513
2272
2957
2193
1475
2286
2968
2162
1481
2244
2947
2144
1496
2290
2962
2158
1480
2260
2946
2180
1480
2276
2967
2148
1494
2285
2976
2158
1486
2288
2961
2158
1473
2255
2963
2151
1495
2308
2936
2131
1525
2305
2957
2151
1493
2252
2948
2162
1489
2276
2919
2157
1519
2284
2976
2174
1488
2236
2939
2172
1517
2317
2938
2146
1481
2225
2941
2138
1466
2257
2954
2142
1460
2290
2967
2147
1485
2263
2936
2120
1475
2282
2961
2131
1475
2290
2943
2159
1499
2252
2932
2147
1456
2265
2956
2162
1504
2261
2938
2191
1488
2280
2969
2151
1470
2264
2978
2158
1493
2302
2945
2117
1466
2260
2958
2162
1489
2260
2939
2147
1496
2263
2989
2158
1417
2250
2951
2134
1474
2272
2962
2148
1461
2291
2964
2129
1502
2284
2926
2123
1483
2287
2966
2146
1449
2235
2951
2153
1490
2264
2933
2140
1486
2243
2944
2183
1497
2283
2942
2140
1481
2286
2966
2123
1466
2275
2963
2186
1489
2258
2942
2126
1449
2272
2949
2142
1487
2238
2899
2151
1469
2269
2985
2162
1477
2263
2983
2166
1466
2296
2951
2113
1458
2259
2943
2158
1489
2238
2914
2146
1491
2251
2956
2153
1468
2271
2972
2158
1483
2266
2949
2109
1444
2280
2962
2133
1480
2274
2921
2148
1488
2280
2964
2147
1454
2238
2928
2149
1477
2294
2972
2136
1469
2238
2936
2138
1473
2278
2930
2122
1499
2284
2942
2139
1474
2247
2934
2133
1480
2257
2936
2136
1484
2289
2951
2147
1478
2268
2956
2150
1473
2292
2956
2122
1470
2238
2959
2179
1503
2282
2940
2137
1468
2290
2949
2107
1469
2298
2940
2116
1478
2294
2987
2141
1464
2274
2942
2154
1485
2244
2968
2161
1472
2255
2933
2158
1513
2255
2932
2143
1450
2273
2963
2118
1476
2230
2952
2168
1467
2275
2929
2131
1459
2244
2942
2155
1469
2263
2959
2171
1520
2251
2960
2149
1439
2277
2944
2141
1486
2270
2942
2132
1443
2236
2987
2177
1463
2228
2924
2171
1471
2265
2942
2074
1433
2262
2939
2137
1492
2289
2969
2149
1478
2267
2984
2148
1452
2268
2951
2160
1483
2275
2984
2138
1442
2257
2945
2163
1483
2265
2925
2141
1461
2263
2962
2132
1471
2284
2961
2135
1461
2266
2941
2152
1481
2245
2947
2149
1484
2292
2917
2119
1488
2273
2943
2162
1482
2244
2972
2147
1462
2284
2970
2122
1465
2267
2916
2132
1493
2256
2948
2152
1467
2296
2994
2151
1486
2274
2923
2127
1487
2297
2955
2141
1485
2252
2939
2160
1475
2312
2988
2150
1472
2284
2954
2135
1481
2304
2973
2123
1472
2280
2967
2152
1495
2269
2940
2147
1518
2292
2942
2125
1478
2286
2964
2153
1486
2261
2992
2188
1491
2325
2980
2126
1489
2291
2979
2145
1468
2307
2979
2114
1472
2253
2942
2179
1496
2266
2957
2152
1491
2285
2986
2160
1446
2296
2989
2159
1480
2264
2949
2145
1477
2266
2943
2142
1528
2310
2957
2154
1506
2316
2938
2119
1484
2257
2949
2149
1511
2322
2955
2157
1473
2266
2980
2160
1453
2243
2964
2160
1478
2286
3008
2146
1453
2278
2943
2159
1520
2259
2934
2165
1463
2277
3010
2143
1486
2326
2953
2142
1517
2318
2953
2128
1438
2256
2988
2115
1462
2324
2948
2147
1480
2283
3007
2189
1515
2306
2940
2141
1528
2296
2971
2147
1456
2283
2969
2140
1515
2283
2947
2158
1492
2281
2983
2184
1482
2244
2954
2164
1483
2294
2988
2176
1491
2300
2976
2135
1477
2295
2979
2177
1505
2272
2968
2207
1521
2272
2937
2148
1478
2257
2992
2182
1462
2291
2960
2138
1516
2284
2950
2141
1481
2296
2986
2185
1522
2289
2967
2206
1471
2247
2967
2164
1465
2259
3001
2173
1507
2323
2970
2142
1492
2299
2983
2192
1509
2276
2950
2170
1501
2264
2950
2189
1513
2278
2971
2158
1475
2267
2957
2132
1450
2279
2977
2158
1499
2269
2945
2151
1484
2292
2978
2127
1465
2283
2952
2140
1511
2302
2948
2166
1492
2263
2996
2180
1477
2309
2961
2141
1488
2289
2967
2161
1499
2294
2966
2169
1505
2293
2948
2140
1492
2271
2952
2192
1514
2260
2957
2158
1462
2308
2970
2149
1519
2282
2954
2163
1486
2304
2956
2156
1520
2281
2979
2191
1490
2244
2956
2169
1466
2290
2985
2128
1484
2291
2970
2171
1493
2260
2955
2143
1436
2251
2949
2122
1483
2298
2963
2182
1506
2301
2964
2159
1488
2234
2948
2184
1508
2275
2947
2158
1489
2270
2956
2188
1514
2255
2906
2164
1517
2262
2979
2176
1471
2291
2952
2136
1498
2277
2959
2166
1469
2281
2972
2133
1472
2270
2901
2116
1500
2309
2978
2151
1496
2288
2928
2142
1485
2273
2940
2163
1484
2271
3007
2172
1458
2276
2944
2127
1497
2290
2986
2175
1474
2281
2952
2151
1504
2263
2961
2146
1451
2297
2978
2147
1472
2268
2943
2152
1529
2303
2925
2134
1506
2266
2962
2154
1478
2314
3003
2142
1481
2301
2987
2167
1477
2250
2913
2125
1452
2247
2981
2171
1464
2261
2945
2129
1485
2278
2959
2139
1484
2303
2966
2137
1482
2273
2935
2129
1489
2294
2955
2149
1486
2259
2971
2145
1448
2277
2935
2111
1495
2264
2948
2164
1447
2235
2933
2142
1480
2301
3000
2150
1476
2266
2972
2163
1490
2296
2944
2118
1488
2299
2980
2174
1494
2263
2936
2144
1490
2278
2956
2122
1465
2267
2927
2121
1518
2299
2951
2168
1488
2287
2988
2161
1437
2244
2943
2129
1526
2269
2940
2174
1480
2303
2951
2116
1482
2249
2930
2148
1466
2285
2994
2152
1467
2300
2960
2141
1474
2288
2964
2145
1473
2269
2980
2156
1504
2285
2913
2129
1470
2243
2954
2154
1452
2257
2973
2151
1501
2278
2954
2156
1467
2269
2956
2124
1459
2272
2957
2128
1469
2286
2950
2148
1474
2257
2942
2138
1472
2285
2934
2136
1497
2282
2976
2154
1476
2254
2970
2147
1475
2265
2956
2158
1471
2256
2920
2149
1467
2228
2931
2154
1457
2265
2970
2133
1483
2298
2950
2138
1483
2258
2964
2152
1483
2300
2956
2135
1477
2294
2966
2155
1486
2277
2972
2187
1484
2234
2923
2147
1447
2229
2950
2116
1455
2262
2934
2141
1482
2261
2971
2164
1473
2266
2960
2148
1491
2270
2957
2144
1459
2269
2947
2163
1472
2259
2953
2139
1481
2296
2954
2135
1476
2244
2945
2186
1507
2256
2942
2140
1471
2266
2970
2161
1471
2271
2947
2125
1470
2271
2937
2139
1483
2271
2970
2152
1480
2303
2945
2116
1484
2266
2956
2153
1491
2247
2933
2170
1459
2249
2977
2113
1428
2259
2968
2130
1462
2257
2948
2148
1463
2233
2961
2172
1467
2271
2946
2103
1490
2313
2954
2117
1468
2259
2936
2121
1487
2274
2953
2122
1471
2266
2922
2123
1492
2267
2937
2150
1493
2304
2954
2130
1500
2261
2936
2177
1476
2262
2958
2140
1454
2278
2995
2156
1489
2277
2931
2138
1491
2289
2964
2111
1464
2284
2942
2144
1483
2247
2929
2145
1490
2289
2946
2124
1469
2243
2945
2157
1475
2277
2954
2154
1479
2258
2961
2147
1471
2297
2916
2098
1476
2285
2982
2162
1496
2287
2917
2147
1493
2287
2965
2122
1469
2304
2920
2120
1501
2284
2930
2114
1464
2246
2958
2152
1500
2274
2917
2147
1505
2290
2955
2144
1490
2266
2939
2139
1489
2247
2920
2162
1468
2247
2978
2173
1491
2249
2933
2138
1504
2289
2948
2128
1446
2268
2958
2142
1458
2232
2958
2173
1465
2277
2940
2126
1481
2293
2950
2142
1488
2284
2960
2127
1475
2268
2928
2140
1488
2294
2947
2146
1493
2249
2956
2176
1499
2268
2928
2143
1478
2241
2954
2151
1452
2276
2955
2127
1495
2296
2954
2129
1488
2280
2964
2157
1484
2217
2931
2154
1474
2307
3002
2115
1450
2267
2938
2142
1509
2297
2937
2128
1477
2269
2959
2147
1483
2261
2945
2139
1486
2277
2955
2138
1461
2299
2942
2107
1465
2288
2958
2149
1479
2272
2954
2169
1471
2280
2965
2161
1479
2275
2965
2155
1460
2248
2971
2151
1466
2291
2946
2121
1493
2269
2949
2147
1474
2239
2923
2124
1450
2282
2997
2174
1483
2317
2950
2115
1502
2270
2916
2142
1486
2257
2944
2158
1506
2286
2926
2140
1505
2298
2952
2127
1466
2247
2948
2140
1450
2278
2927
2140
1487
2273
2959
2157
1480
2250
2981
2171
1458
2273
2973
2145
1453
2253
2943
2151
1493
2271
2961
2130
1473
2317
2981
2149
1499
2255
2919
2148
1498
2274
2961
2178
1492
2257
2962
2160
1497
2304
2947
2119
1466
2287
3007
2174
1440
2265
2933
2142
1508
2283
2945
2144
1494
2264
2957
2159
1463
2275
2957
2141
1471
2290
2977
2145
1474
2279
2953
2167
1449
2260
2973
2165
1467
2259
2951
2145
1462
2267
2927
2108
1482
2282
2937
2155
1484
2266
2929
2142
1462
2275
2968
2135
1450
2262
2954
2149
1494
2275
2946
2140
1472
2290
2943
2148
1479
2253
2973
2162
1496
2308
2933
2112
1482
2261
2954
2175
1481
2279
2987
2143
1467
2271
2966
2149
1498
2295
2939
2090
1479
2283
2958
2152
1500
2253
2890
2161
1509
2271
2976
2144
1476
2318
2967
2105
1474
2306
2929
2122
1504
2302
2944
2130
1442
2255
2979
2132
1486
2276
2938
2098
1465
2292
2959
2130
1479
2282
2933
2141
1524
2297
2999
2152
1433
2288
2985
2152
1516
2303
2966
2155
1519
2319
2988
2141
1461
2296
2958
2130
1481
2297
2978
2158
1460
2229
2983
2148
1485
2324
2956
2110
1458
2296
2972
2167
1514
2229
2926
2161
1462
2278
2962
2141
1478
2275
2966
2165
1509
2296
2978
2155
1477
2309
2967
2175
1531
2306
2980
2167
1494
2299
3000
2168
1464
2278
2966
2159
1481
2270
2947
2128
1445
2267
2984
2133
1487
2295
2919
2140
1525
2309
2974
2167
1461
2251
2971
2187
1499
2292
2965
2173
1477
2265
2975
2164
1481
2247
2946
2177
1483
2303
2976
2148
1484
2254
2962
2178
1498
2289
2969
2179
1485
2282
2976
2153
1473
2300
2943
2102
1476
2317
3002
2141
1458
2279
2972
2163
1476
2242
2952
2162
1476
2249
2960
2187
1479
2230
2965
2141
1463
2317
2965
2146
1469
2228
2966
2161
1447
2299
2986
2126
1465
2278
2957
2161
1470
2276
2959
2136
1483
2299
2973
2164
1499
2257
2946
2163
1470
2277
2953
2128
1459
2276
2973
2134
1452
2235
2941
2156
1480
2273
2976
2162
1507
2297
2945
2147
1497
2300
2976
2147
1453
2263
2966
2178
1509
2263
2905
2134
1485
2266
2974
2139
1471
2281
2965
2158
1517
2247
2927
2191
1495
2265
2976
2172
1479
2260
2968
2164
1482
2328
3009
2138
1467
2261
2963
2167
1494
2300
2967
2141
1497
2277
2988
2177
1491
2292
2950
2143
1493
2275
2978
2187
1466
2257
2974
2175
1501
2299
2963
2138
1461
2262
2996
2170
1453
2280
2980
2140
1464
2296
2950
2115
1484
2247
2964
2187
1476
2288
2959
2110
1447
2269
2963
2158
1485
2265
2958
2121
1482
2321
3005
2144
1489
2302
2956
2170
1485
2272
2945
2130
1458
2295
2982
2170
1484
2246
2931
2139
1483
2293
2943
2137
1496
2256
2980
2177
1484
2310
2958
2133
1493
2286
2965
2163
1491
2267
2938
2133
1495
2290
2970
2153
1462
2259
2923
2145
1519
2299
2952
2138
1501
2269
2939
2160
1475
2251
2973
2142
1461
2313
2964
2138
1495
2261
2956
2161
1509
2321
2963
2141
1502
2277
2961
2155
1474
2259
2924
2149
1483
2262
2964
2141
1486
2313
2954
2135
1484
2302
2967
2164
1467
2265
2955
2160
1483
2251
2960
2148
1476
2301
2975
2133
1468
2256
2931
2133
1473
2280
2977
2173
1491
2281
2985
2126
1450
2279
2914
2124
1514
2291
2976
2171
1462
2272
2983
2179
1489
2272
2970
2146
1484
2326
2966
2134
1513
2297
2945
2167
1482
2281
2962
2158
1464
2253
2992
2180
1498
2320
2947
2125
1483
2263
2960
2168
1478
2277
2967
2147
1493
2283
2979
2131
1434
2249
2939
2138
1490
2253
2938
2154
1502
2252
2966
2163
1453
2261
2989
2147
1469
2303
2933
2133
1499
2259
2954
2161
1473
2295
2980
2138
1484
2298
3001
2180
1480
2286
2938
2102
1474
2311
2987
2136
1483
2261
2896
2124
1479
2253
2963
2151
1447
2288
2983
2140
1485
2306
2949
2131
1482
2320
2990
2158
1467
2243
2951
2150
1488
2321
2997
2135
1462
2290
2981
2158
1485
2286
2947
2132
1497
2289
2944
2174
1526
2292
2960
2167
1482
2247
2942
2156
1455
2254
2976
2194
1480
2265
2976
2162
1486
2302
2949
2135
1497
2257
2972
2201
1486
2295
2991
2160
1458
2263
2969
2141
1454
2242
2935
2163
1525
2296
3000
2176
1482
2308
2948
2129
1510
2287
2935
2125
1486
2287
2952
2150
1517
2287
2923
2134
1476
2300
2971
2148
1484
2306
2987
2142
1486
2314
2926
2098
1475
2265
2965
2179
1482
2257
2938
2121
1473
2314
2997
2125
1457
2288
2970
2141
1481
2274
2953
2150
1459
2285
2978
2178
1512
2280
2967
2155
1487
2282
2954
2126
1479
2238
2935
2157
1490
2274
2913
2132
1491
2266
2972
2175
1486
2261
2926
2129
1488
2295
2954
2146
1466
2266
2974
2170
1480
2246
2959
2139
1476
2283
2929
2149
1513
2215
2898
2169
1460
2252
2971
2158
1440
2227
2970
2156
1458
2269
2937
2126
1486
2269
2953
2155
1468
2255
2926
2125
1489
2269
2975
2154
1450
2262
2938
2157
1511
2268
2937
2152
1498
2287
2979
2162
1474
2261
2958
2145
1475
2319
3000
2129
1490
2258
2896
2139
1536
2290
2924
2116
1480
2293
2962
2156
1488
2280
2954
2111
1500
2312
2979
2166
1479
2270
2944
2157
1508
2253
2943
2165
1518
2317
2966
2156
1487
2266
2949
2180
1507
2279
2956
2143
1471
2270
2924
2111
1522
2318
2951
2151
1506
2252
2938
2161
1476
2277
2941
2138
1513
2288
2963
2162
1470
2264
2945
2135
1511
2273
2924
2156
1478
2271
2985
2196
1513
2239
2934
2181
1473
2300
2990
2129
1484
2278
2937
2172
1520
2273
2940
2130
1488
2259
2952
2190
1496
2228
2948
2139
1500
2286
2968
2162
1470
2263
2958
2156
1471
2254
2978
2127
1466
2295
2971
2145
1475
2254
2954
2175
1472
2277
2969
2125
1489
2280
2914
2133
1488
2277
2945
2180
1503
2265
2979
2185
1458
2218
2925
2120
1470
2274
2983
2151
1464
2268
2960
2157
1512
2318
2962
2147
1495
2316
2961
2108
1495
2260
2933
2169
1496
2275
2955
2162
1458
2238
2945
2138
1485
2291
2943
2116
1457
2269
2975
2176
1483
2256
2932
2141
1515
2280
2958
2163
1467
2241
2945
2135
1492
2276
2923
2132
1496
2285
2972
2193
1476
2273
2955
2124
1476
2309
2938
2127
1488
2269
2965
2181
1474
2281
2966
2135
1456
2276
2967
2165
1480
2269
2914
2121
1498
2274
2986
2143
1413
2269
2984
2139
1468
2316
2947
2101
1492
2251
2906
2144
1493
2267
2949
2158
1484
2311
2973
2136
1458
2242
2983
2181
1487
2323
2954
2123
1494
2306
2955
2131
1499
2299
2933
2167
1521
2255
2969
2181
1481
2282
2982
2129
1457
2316
2955
2107
1490
2302
2944
2159
1489
2220
2930
2159
1499
2281
2969
2151
1453
2293
3007
2133
1468
2272
2928
2135
1482
2251
2926
2134
1472
2283
2938
2115
1461
2259
2968
2150
1467
2275
2957
2156
1491
2243
2951
2165
1473
2282
2943
2115
1478
2267
2957
2162
1508
2304
2925
2120
1488
2265
2978
2160
1484
2298
2963
2139
1493
2280
2958
2159
1484
2259
2941
2149
1478
2277
2963
2135
1434
2255
2958
2159
1482
2251
2944
2160
1472
2275
2958
2130
1504
2308
2949
2141
1491
2281
2946
2155
1479
2295
2975
2130
1480
2297
2939
2126
1486
2267
2960
2149
1493
2271
2923
2129
1471
2275
2950
2149
1469
2244
2932
2121
1478
2289
2974
2158
1460
2278
2946
2141
1488
2279
2965
2144
1475
2294
2949
2144
1511
2271
2911
2148
1507
2276
2944
2150
1464
2262
2979
2144
1475
2307
2926
2113
1498
2291
2961
2145
1476
2278
2960
2179
1506
2270
2952
2181
1503
2294
2969
2129
1482
2285
2946
2175
1501
2305
2973
2130
1464
2292
2965
2157
1511
2298
2933
2139
1515
2285
2978
2163
1471
2282
2940
2145
1513
2302
2999
2156
1482
2275
2972
2145
1460
2282
2940
2126
1487
2304
2961
2148
1481
2238
2973
2179
1478
2289
2965
2145
1494
2284
2945
2175
1527
2277
2949
2168
1474
2265
3020
2173
1482
2312
2976
2123
1485
2319
2978
2146
1492
2305
2939
2137
1474
2266
2971
2141
1493
2336
2999
2160
1510
2267
2932
2162
1475
2265
2953
2161
1504
2298
2993
2201
1497
2290
2929
2114
1488
2273
2938
2189
1504
2255
2950
2190
1487
2266
2972
2174
1469
2269
2962
2178
1512
2309
2957
2144
1474
2290
2943
2123
1511
2283
2965
2165
1488
2298
2932
2118
1502
2259
2933
2177
1514
2281
2989
2188
1478
2276
3002
2169
1474
2258
2916
2102
1482
2273
2947
2155
1480
2291
2996
2180
1499
2283
2929
2122
1467
2284
2942
2134
1484
2248
2961
2165
1475
2303
2999
2163
1452
2271
2988
2171
1484
2293
2948
2149
1473
2253
2949
2152
1481
2290
2956
2135
1476
2282
2979
2160
1461
2270
2991
2172
1485
2276
2964
2166
1470
2290
2979
2147
1479
2256
2950
2168
1510
2315
2981
2149
1480
2296
2967
2142
1460
2267
2960
2167
1501
2260
2959
2174
1504
2280
2947
2161
1505
2288
2980
2168
1473
2271
2942
2158
1479
2237
2967
2157
1481
2297
2937
2128
1476
2289
2959
2146
1509
2351
2983
2149
1489
2257
2927
2145
1474
2291
2978
2152
1520
2293
2949
2180
1494
2274
2953
2156
1489
2290
2997
2151
1495
2290
2977
2143
1493
2284
2962
2176
1483
2266
2943
2122
1494
2265
2940
2177
1504
2289
2964
2144
1462
2276
2989
2184
1514
2305
2966
2158
1470
2273
3002
2180
1496
2272
2921
2144
1485
2281
2978
2149
1475
2271
2941
2156
1503
2271
2979
2170
1481
2310
2977
2129
1508
2303
2942
2178
1501
2258
2946
2170
1503
2250
2943
2128
1431
2246
2924
2115
1478
2285
2987
2188
1477
2269
2954
2148
1502
2280
2977
2169
1460
2281
2968
2174
1505
2288
2951
2152
1483
2284
2978
2167
1502
2285
2968
2179
1479
2330
2999
2148
1496
2258
2928
2162
1481
2264
2980
2157
1475
2258
2964
2179
1461
2262
2934
2165
1516
2264
2966
2163
1465
2250
2970
2137
1466
2308
2994
2140
1454
2287
2968
2146
1504
2260
2957
2196
1483
2278
2987
2172
1488
2269
2951
2152
1493
2260
2930
2154
1493
2276
3008
2162
1454
2265
2941
2124
1478
2276
2990
2127
1444
2249
2937
2133
1492
2312
2983
2143
1472
2270
2957
2132
1461
2266
2966
2190
1488
2268
2985
2160
1491
2268
2975
2187
1485
2280
2940
2130
1457
2261
2992
2200
1497
2282
2947
2152
1510
2268
2951
2156
1462
2269
2964
2128
1480
2286
2933
2157
1505
2280
3002
2161
1470
2271
2960
2137
1467
2251
2905
2138
1505
2234
2969
2207
1471
2301
2983
2135
1477
2306
2970
2140
1492
2257
2925
2161
1511
2286
2967
2169
1479
2273
2936
2134
1507
2284
2962
2156
1462
2289
2945
2139
1501
2264
2949
2176
1481
2263
2954
2141
1486
2272
2957
2163
1507
2259
2918
2141
1488
2224
2954
2169
1470
2285
2928
2159
1536
2294
2984
2174
1477
2291
2955
2142
1500
2285
2941
2146
1481
2271
2947
2163
1489
2250
2927
2161
1464
2272
2929
2122
1458
2260
3003
2157
1485
2336
2952
2121
1479
2263
2959
2181
1473
2274
2952
2150
1484
2273
2970
2162
1466
2259
2944
2147
1496
2262
2939
2142
1474
2269
2961
2161
1467
2253
2948
2149
1492
2282
2965
2174
1478
2258
2970
2174
1478
2275
2978
2162
1460
2289
2986
2190
1507
2297
2963
2156
1477
2298
2988
2140
1468
2285
2940
2147
1510
2286
2953
2151
1502
2285
2933
2142
1506
2271
2907
2125
1486
2304
2965
2167
1474
2260
2970
2149
1470
2292
2960
2104
1489
2278
2948
2167
1515
2288
2946
2133
1480
2292
2992
2121
1472
2299
2909
2144
1529
2271
2922
2163
1519
2266
2944
2135
1475
2261
2953
2162
1482
2277
2952
2138
1462
2254
2951
2135
1454
2304
2972
2108
1456
2269
2940
2154
1478
2259
2938
2122
1455
2288
2979
2146
1473
2264
2952
2165
1491
2249
2967
2136
1455
2292
2988
2153
1450
2260
2930
2124
1509
2323
2965
2114
1482
2264
2944
2147
1480
2272
2952
2144
1473
2257
2943
2142
1487
2267
2941
2142
1480
2267
2982
2150
1462
2271
2932
2155
1501
2248
2942
2136
1474
2320
2989
2131
1482
2276
2939
2154
1484
2268
2982
2166
1454
2223
2980
2151
1451
2303
2942
2105
1480
2273
2928
2123
1478
2268
2924
2119
1480
2261
2940
2147
1482
2286
2929
2160
1494
2240
2955
2147
1451
2273
2959
2122
1434
2265
2941
2124
1479
2308
2967
2139
1473
2238
2941
2142
1487
2285
2944
2143
1455
2224
2959
2170
1451
2271
2974
2134
1474
2283
3000
2180
1480
2295
2986
2160
1467
2290
2959
2124
1443
2279
2961
2134
1492
2278
2960
2134
1452
2280
2958
2143
1481
2252
2940
2158
1468
2258
2966
2141
1478
2289
2937
2161
1509
2272
2942
2162
1476
2283
2983
2120
1437
2276
2937
2126
1468
2267
2950
2149
1494
2271
2959
2177
1471
2245
2970
2130
1458
2292
2952
2153
1518
2253
2943
2173
1491
2272
2929
2129
1471
2270
3002
2174
1477
2278
2947
2148
1483
2304
2993
2152
1462
2288
2942
2098
1461
2265
2941
2151
1485
2269
2972
2162
1488
2242
2946
2162
1476
2307
2953
2128
1494
2226
2917
2182
1503
2286
2999
2142
1460
2300
2961
2109
1472
2278
2938
2141
1472
2268
2974
2167
1468
2252
2953
2146
1469
2294
2983
2145
1455
2269
2975
2153
1480
2267
2949
2149
1492
2286
2958
2157
1464
2247
2966
2168
1483
2298
2967
2147
1512
2266
2934
2140
1483
2253
2951
2154
1489
2280
2990
2175
1458
2255
2992
2180
1483
2277
2959
2130
1487
2300
2937
2144
1516
2282
2915
2141
1472
2263
2950
2127
1459
2233
2945
2169
1491
2273
2927
2116
1478
2258
2960
2191
1504
2269
2952
2159
1519
2258
2966
2156
1487
2270
2927
2161
1519
2262
2949
2167
1472
2243
2979
2177
1466
2277
2973
2161
1505
2315
2980
2153
1498
2258
2961
2168
1476
2262
2970
2139
1469
2288
2974
2159
1503
2282
2946
2129
1489
2272
2947
2168
1483
2251
2936
2168
1503
2273
2961
2141
1468
2267
2971
2193
1474
2240
2915
2126
1502
2277
2961
2139
1463
2265
2960
2157
1488
2282
2955
2185
1481
2274
3011
2179
1467
2303
2951
2136
1496
2269
2964
2158
1492
2279
2935
2171
1504
2260
2980
2173
1448
2271
2964
2147
1480
2256
2956
2170
1471
2268
2981
2177
1466
2265
2992
2160
1465
2297
2956
2125
1488
2288
2970
2164
1488
2269
2928
2138
1500
2282
2959
2161
1463
2236
2948
2156
1474
2278
2984
2155
1478
2276
2963
2121
1490
2270
2939
2148
1490
2293
2992
2149
1470
2252
2992
2179
1492
2288
2962
2137
1488
2306
2973
2158
1487
2243
2934
2161
1479
2282
3009
2136
1459
2309
2981
2151
1519
2291
2946
2167
1507
2260
2957
2188
1497
2267
2973
2161
1479
2297
2937
2115
1488
2250
2964
2184
1463
2270
2960
2157
1507
2266
2962
2166
1504
2286
2946
2164
1491
2273
2976
2152
1474
2285
2962
2170
1484
2291
2986
2144
1488
2285
2948
2133
1482
2245
2926
2147
1482
2288
2978
2141
1469
2237
2962
2167
1508
2304
2975
2178
1508
2270
2987
2213
1496
2277
2954
2151
1504
2287
2962
2184
1498
2277
2988
2186
1466
2284
2978
2164
1524
2308
2968
2139
1494
2272
2940
2161
1512
2298
2972
2141
1531
2304
2948
2170
1517
2272
2958
2191
1513
2277
3002
2194
1483
2294
2990
2173
1503
2301
2997
2196
1509
2288
2989
2182
1485
2278
2977
2181
1507
2280
2959
2171
1524
2293
2996
2195
1501
2313
2992
2147
1511
2285
2951
2153
1505
2326
2966
2126
1459
2276
3010
2145
1443
2291
2959
2122
1517
2301
2968
2149
1466
2283
2973
2184
1514
2286
2954
2174
1510
2264
2949
2182
1489
2256
2960
2164
1469
2289
2991
2190
1487
2259
2982
2184
1490
2278
2917
2134
1490
2266
2966
2175
1504
2285
2951
2155
1507
2291
2991
2151
1484
2301
2963
2150
1510
2299
2948
2192
1531
2271
2970
2174
1461
2284
2987
2132
1489
2328
2973
2145
1475
2298
2978
2137
1513
2330
2966
2133
1499
2280
2954
2148
1477
2290
2945
2176
1550
2275
2965
2184
1468
2245
2991
2192
1507
2293
2972
2163
1478
2304
2977
2133
1517
2316
2952
2136
1474
2283
3004
2170
1449
2264
2964
2122
1451
2269
2954
2154
1478
2263
2957
2151
1504
2292
2927
2142
1493
2269
2982
2181
1477
2264
2952
2136
1487
2265
2962
2192
1480
2271
2977
2163
1500
2285
2993
2193
1480
2309
2993
2145
1489
2271
2946
2162
1491
2268
2953
2189
1504
2254
2982
2202
1493
2272
2958
2138
1480
2272
2973
2162
1482
2285
2952
2146
1509
2254
2917
2142
1471
2296
2992
2167
1464
2249
2957
2142
1474
2324
2956
2135
1520
2265
2931
2191
1503
2274
2949
2165
1469
2233
2959
2172
1484
2276
2952
2183
1514
2275
2986
2153
1475
2300
2971
2154
1485
2282
2964
2137
1492
2313
2983
2132
1486
2313
2976
2156
1482
2307
2972
2169
1486
2245
2983
2187
1501
2314
2954
2140
1502
2286
2976
2159
1454
2281
2937
2119
1493
2300
2985
2160
1467
2285
2942
2148
1525
2315
2973
2146
1468
2283
2995
2165
1454
2247
2927
2130
1478
2275
2978
2155
1468
2236
2952
2156
1494
2304
2953
2138
1518
2291
2977
2191
1491
2242
2942
2186
1492
2237
2965
2179
1481
2247
2971
2170
1479
2283
2967
2117
1455
2330
2973
2122
1523
2260
2901
2148
1481
2288
2963
2138
1490
2253
2917
2176
1497
2244
2946
2161
1468
2254
2981
2192
1502
2260
2976
2157
1457
2261
2958
2150
1499
2296
2950
2172
1494
2258
2975
2160
1456
2291
2962
2151
1454
2228
2934
2129
1493
2322
2969
2166
1490
2263
2959
2166
1483
2281
2950
2151
1488
2260
2970
2176
1457
2257
2941
2163
1528
2289
2940
2167
1474
2268
2965
2150
1474
2274
2977
2145
1471
2292
2985
2172
1490
2271
2926
2123
1488
2288
2964
2133
1473
2240
2927
2151
1466
2279
2950
2133
1471
2270
2967
2195
1491
2262
2943
2147
1494
2245
2930
2167
1485
2250
2973
2208
1492
2272
2966
2150
1460
2281
2953
2146
1494
2295
2943
2130
1511
2306
2970
2165
1492
2254
2925
2161
1502
2294
2956
2138
1465
2247
2980
2167
1478
2287
2936
2122
1509
2284
2954
2140
1479
2275
2973
2190
1514
2279
2955
2130
1448
2290
2996
2155
1463
2250
2933
2161
1459
2281
2971
2144
1492
2265
2947
2165
1490
2289
2967
2139
1502
2324
2978
2175
1493
2243
2923
2184
1510
2266
2965
2158
1469
2253
2939
2173
1477
2229
2927
2171
1489
2256
2982
2158
1479
2255
2963
2168
1452
2281
2988
2111
1465
2284
2970
2179
1501
2282
2951
2138
1468
2278
2952
2123
1492
2295
2930
2153
1499
2258
2986
2188
1445
2266
2991
2168
1484
2245
2942
2184
1492
2254
2981
2155
1463
2258
2967
2148
1455
2300
2989
2163
1496
2263
2945
2177
1508
2283
2950
2167
1484
2257
2965
2177
1500
2291
2944
2141
1519
2295
2954
2170
1463
2249
2949
2129
1460
2237
2951
2142
1458
2291
2956
2170
1504
2268
2966
2168
1493
2281
2980
2149
1460
2254
2972
2152
1461
2294
2952
2121
1461
2274
2972
2164
1484
2274
2948
2158
1489
2271
2957
2141
1481
2267
2920
2184
1514
2230
2959
2185
1451
2262
2976
2146
1470
2287
2960
2148
1474
2291
2972
2131
1485
2263
2949
2148
1493
2307
2952
2123
1490
2289
2958
2161
1490
2249
2972
2180
1478
2299
2984
2129
1461
2301
2967
2147
1507
2291
2985
2147
1481
2295
2960
2133
1484
2257
2917
2138
1480
2307
3002
2151
1480
2260
2973
2161
1470
2253
2959
2166
1468
2259
2969
2163
1473
2290
2953
2144
1501
2282
3000
2168
1456
2273
2972
2128
1478
2287
2977
2163
1462
2275
2943
2134
1468
2256
2970
2169
1490
2280
2953
2142
1465
2274
2963
2145
1490
2313
2982
2136
1449
2269
2983
2164
1489
2263
2921
2153
1498
2264
2958
2154
1467
2263
2932
2139
1498
2247
2944
2145
1480
2254
2937
2149
1504
2274
2978
2176
1492
2306
2969
2157
1514
2282
2961
2157
1481
2290
2955
2143
1485
2283
2965
2166
1516
2297
2955
2176
1515
2280
2944
2126
1462
2276
2969
2172
1496
2268
2960
2142
1469
2317
2977
2134
1475
2287
2948
2144
1507
2318
2961
2179
1506
2245
2938
2185
1490
2248
2947
2165
1508
2286
2982
2189
1468
2278
2970
2161
1494
2255
2955
2181
1480
2270
2957
2162
1494
2270
2940
2130
1474
2285
2939
2128
1463
2251
3002
2174
1481
2308
2971
2127
1471
2271
2963
2162
1501
2306
2962
2127
1473
2278
2978
2187
1499
2261
2951
2145
1484
2293
2994
2137
1460
2294
2952
2160
1490
2242
2939
2149
1469
2289
2984
2145
1460
2250
2940
2130
1451
2296
2982
2141
1500
2284
2964
2166
1485
2288
2945
2165
1475
2257
2950
2139
1466
2264
2936
2172
1504
2246
2968
2174
1462
2281
3007
2193
1489
2296
2964
2130
1516
2313
2950
2150
1503
2236
2951
2183
1459
2291
2978
2152
1470
2223
2944
2163
1469
2266
2951
2156
1490
2265
2955
2148
1462
2277
2925
2107
1508
2288
2940
2133
1483
2255
2945
2149
1478
2274
2960
2140
1453
2242
2949
2159
1482
2245
2964
2177
1475
2294
3003
2174
1447
2233
2985
2167
1464
2282
2961
2138
1496
2317
3005
2158
1465
2296
2945
2135
1502
2288
2951
2152
1475
2280
2968
2160
1479
2258
2948
2162
1462
2283
2991
2163
1476
2258
2948
2155
1509
2296
2960
2177
1492
2245
2955
2175
1461
2271
2946
2138
1493
2274
2972
2186
1487
2271
2965
2185
1493
2286
2996
2168
1466
2284
2959
2135
1505
2284
2906
2118
1476
2292
2959
2147
1486
2252
2952
2174
1486
2289
2956
2151
1478
2236
2980
2210
1497
2294
2963
2115
1443
2256
2965
2150
1474
2276
2968
2183
1541
2283
2955
2177
1463
2230
2961
2168
1481
2255
2959
2160
1466
2292
2977
2141
1498
2291
2931
2148
1503
2294
2962
2192
1514
2274
2967
2159
1481
2288
2922
2115
1503
2267
2960
2186
1499
2269
2958
2151
1458
2285
3005
2167
1495
2301
2969
2160
1498
2268
2929
2154
1505
2300
2968
2167
1490
2258
2970
2159
1465
2287
3006
2162
1473
2310
2988
2168
1474
2300
2971
2141
1497
2285
2981
2175
1482
2281
2936
2149
1531
2285
2949
2175
1495
2278
2974
2188
1495
2267
2978
2179
1494
2298
2970
2148
1490
2264
2942
2129
1478
2301
2996
2147
1466
2268
2937
2147
1517
2273
2944
2170
1478
2279
2994
2149
1470
2255
2932
2148
1490
2252
2978
2177
1445
2237
2944
2174
1478
2237
2962
2153
1488
2291
2971
2138
1499
2287
2970
2171
1454
2283
2981
2132
1456
2267
2965
2170
1497
2275
2936
2159
1487
2239
2944
2160
1467
2293
2978
2139
1486
2264
2970
2189
1482
2262
2937
2113
1446
2278
2958
2141
1480
2290
2953
2125
1517
2279
2923
2134
1480
2297
2971
2140
1442
2259
2945
2154
1499
2281
2920
2137
1498
2252
2965
2214
1486
2260
2963
2139
1480
2255
2944
2131
1477
2285
2955
2155
1493
2270
2983
2152
1479
2299
2963
2126
1486
2267
2952
2168
1473
2281
2978
2155
1480
2278
2980
2175
1489
2261
2916
2159
1507
2243
2954
2179
1454
2252
2955
2151
1493
2280
2966
2139
1469
2274
2964
2147
1496
2290
2949
2117
1460
2294
2977
2176
1515
2272
2970
2161
1477
2301
2973
2162
1488
2275
2964
2155
1492
2281
2952
2148
1466
2261
2957
2166
1506
2285
2942
2130
1479
2297
2958
2104
1455
2245
2946
2165
1479
2249
2954
2152
1461
2260
2951
2138
1480
2277
2941
2150
1494
2297
2952
2128
1495
2274
2935
2152
1514
2304
2966
2163
1482
2268
2977
2180
1481
2267
2936
2123
1489
2275
2952
2128
1445
2253
2976
2168
1477
2270
2962
2152
1498
2307
2977
2134
1471
2262
2917
2154
1495
2263
2982
2182
1461
2219
2942
2149
1482
2302
2974
2148
1460
2249
2983
2167
1456
2274
2940
2114
1474
2288
2954
2177
1488
2273
2974
2148
1491
2289
2952
2112
1462
2286
2953
2174
1499
2240
2912
2152
1472
2262
2976
2156
1478
2259
2977
2172
1498
2304
2960
2139
1469
2281
2996
2173
1485
2291
2971
2158
1503
2278
2990
2184
1484
2300
2973
2140
1476
2284
2938
2141
1501
2278
2972
2152
1457
2257
2931
2145
1483
2302
2987
2172
1465
2248
2975
2142
1462
2325
2966
2107
1507
2293
2969
2166
1464
2257
2950
2157
1487
2299
2950
2107
1501
2311
2937
2156
1509
2267
2963
2136
1443
2297
2956
2142
1508
2243
2923
2150
1466
2275
2943
2139
1476
2253
2977
2173
1507
2292
2963
2147
1505
2289
2953
2185
1450
2241
2966
2139
1508
2293
2964
2158
1507
2273
2951
2183
1474
2259
2969
2132
1451
2292
2964
2103
1477
2253
2916
2138
1464
2256
2980
2180
1510
2259
2939
2194
1504
2285
2942
2133
1483
2257
2944
2167
1511
2293
2934
2130
1485
2237
2963
2183
1446
2220
2954
2176
1480
2249
2943
2140
1498
2303
2951
2142
1511
2281
2930
2132
1480
2291
2965
2159
1464
2225
2925
2177
1524
2296
2957
2162
1471
2255
3001
2169
1460
2262
2911
2139
1496
2249
2964
2174
1461
2258
2941
2161
1502
2280
2966
2157
1485
2266
2963
2202
1518
2236
2937
2166
1484
2321
2981
2104
1497
2308
2972
2165
1486
2264
2943
2123
1480
2291
2989
2179
1486
2281
2913
2128
1513
2289
2959
2129
1457
2292
2965
2162
1518
2306
2995
2173
1468
2292
2957
2133
1505
2301
2962
2158
1492
2319
2965
2155
1512
2260
2948
2185
1478
2260
2980
2172
1466
2243
2984
2172
1466
2276
2969
2162
1483
2272
2988
2125
1474
2285
2960
2169
1483
2283
2976
2167
1467
2300
2990
2118
1482
2289
2971
2178
1479
2255
2945
2154
1491
2263
2957
2157
1466
2274
2971
2159
1471
2279
3001
2184
1488
2270
2948
2148
1502
2327
2976
2175
1488
2257
2989
2163
1470
2268
2970
2142
1472
2301
2954
2143
1481
2260
2973
2196
1491
2308
3009
2138
1456
2275
2961
2178
1515
2315
2927
2120
1502
2258
2942
2195
1480
2277
2987
2153
1481
2299
2978
2168
1480
2287
2978
2164
1501
2263
2951
2146
1487
2291
2983
2172
1494
2302
2984
2171
1494
2297
2963
2143
1475
2245
2981
2197
1493
2293
2964
2113
1473
2275
2963
2162
1470
2274
2970
2191
1489
2274
2987
2154
1458
2303
2972
2157
1495
2265
2918
2145
1511
2292
2964
2170
1513
2269
2928
2145
1470
2304
2991
2142
1487
2269
2955
2168
1497
2299
2945
2155
1471
2268
2972
2188
1496
2248
2944
2173
1499
2287
3001
2196
1463
2283
2982
2167
1507
2269
2952
2180
1499
2304
2985
2172
1492
2254
2957
2172
1488
2309
2999
2169
1478
2284
2969
2153
1515
2305
2954
2172
1498
2277
2988
2158
1457
2290
2972
2126
1481
2319
2963
2150
1503
2282
2930
2154
1485
2253
2951
2173
1490
2287
2972
2161
1468
2276
2990
2174
1506
2312
2998
2176
1522
2263
2955
2188
1495
2282
2984
2182
1473
2267
2983
2139
1511
2304
2933
2139
1487
2285
3007
2178
1453
2268
2971
2172
1525
2290
2968
2167
1483
2309
3006
2159
1488
2303
2981
2170
1471
2293
2957
2145
1490
2277
2968
2161
1487
2302
2940
2138
1468
2257
2958
2164
1491
2252
2943
2161
1502
2271
2979
2179
1491
2269
2946
2195
1527
2254
2956
2156
1489
2268
2950
2171
1469
2223
2960
2170
1472
2275
2986
2163
1466
2248
2954
2178
1494
2261
2943
2202
1518
2222
2971
2210
1475
2252
2955
2149
1487
2296
3005
2200
1495
2250
2966
2189
1500
2293
2976
2125
1479
2276
2923
2138
1494
2293
2961
2135
1512
2329
2959
2129
1473
2275
2955
2154
1498
2293
2945
2153
1461
2231
2980
2162
1503
2298
2924
2126
1486
2274
2934
2134
1480
2252
2966
2160
1468
2263
2947
2132
1484
2287
2955
2154
1487
2239
2954
2176
1461
2272
2980
2149
1479
2262
2959
2157
1476
2303
2960
2122
1476
2274
2962
2161
1463
2253
2953
2156
1473
2230
2960
2179
1478
2259
2935
2125
1473
2285
2950
2178
1503
2282
2942
2134
1482
2275
2967
2164
1481
2300
2961
2120
1487
2269
2953
2159
1516
2290
2962
2162
1459
2283
2980
2177
1513
2265
2917
2139
1487
2279
3013
2170
1474
2315
2958
2119
1514
2289
2943
2152
1467
2259
2986
2174
1457
2280
2981
2157
1448
2278
2951
2136
1499
2297
2988
2195
1510
2292
2942
2140
1497
2279
2952
2146
1477
2268
2955
2156
1510
2290
2976
2140
1440
2242
2943
2179
1524
2269
2974
2170
1446
2250
2963
2145
1480
2248
2934
2177
1488
2280
2985
2164
1463
2274
3016
2172
1500
2293
2937
2142
1514
2288
2963
2161
1483
2243
2919
2195
1518
2267
2962
2158
1488
2286
2949
2193
1525
2241
2949
2177
1481
2290
2977
2142
1502
2292
2957
2162
1498
2293
2966
2175
1466
2242
2961
2183
1467
2261
2949
2121
1463
2270
2985
2144
1444
2283
2953
2130
1505
2297
2964
2156
1479
2255
2954
2159
1501
2307
2948
2146
1506
2284
2960
2167
1477
2255
2942
2165
1495
2273
2964
2160
1466
2205
2950
2173
1456
2270
2979
2181
1476
2253
2988
2169
1497
2293
2948
2136
1507
2278
2961
2182
1499
2269
2964
2186
1505
2261
2993
2185
1449
2282
2963
2149
1473
2236
2937
2183
1492
2288
3009
2169
1469
2262
2958
2178
1493
2288
2949
2159
1488
2276
2952
2141
1425
2262
2948
2126
1478
2245
2963
2148
1440
2265
2972
2168
1489
2273
3003
2195
1444
2236
2986
2170
1460
2263
2942
2153
1518
2304
2962
2137
1467
2271
2971
2162
1473
2286
2949
2127
1465
2247
2968
2186
1480
2250
2944
2126
1456
2269
2948
2146
1466
2248
2975
2211
1476
2237
2965
2125
1461
2323
2997
2148
1484
2274
2936
2132
1475
2327
3007
2157
1503
2289
2944
2145
1499
2274
2926
2160
1509
2272
2958
2170
1478
2259
2926
2136
1527
2286
2931
2156
1483
2264
2987
2164
1475
2291
2957
2141
1462
2278
2961
2149
1490
2251
2922
2156
1493
2285
2960
2163
1481
2261
2958
2163
1488
2254
2933
2141
1473
2248
2938
2150
1481
2259
2930
2187
1527
2275
2978
2133
1442
2266
2968
2152
1479
2266
2945
2149
1451
2248
2973
2125
1458
2259
2930
2141
1493
2309
2945
2164
1509
2243
2957
2181
1493
2272
2952
2130
1471
2262
2966
2176
1510
2271
2939
2168
1493
2244
2968
2144
1472
2264
2926
2143
1508
2280
2952
2128
1474
2298
2943
2120
1479
2267
2936
2163
1486
2300
2969
2141
1479
2237
2933
2129
1485
2262
2925
2143
1451
2253
2980
2171
1475
2255
2969
2195
1490
2246
2972
2158
1466
2297
2952
2158
1518
2284
2945
2156
1482
2289
2979
2160
1481
2271
2941
2129
1467
2271
2940
2176
1486
2223
2967
2187
1452
2254
2979
2141
1474
2261
2984
2172
1478
2267
2929
2139
1524
2315
2997
2169
1482
2285
2980
2160
1474
2266
2974
2146
1471
2296
2965
2147
1472
2253
2964
2155
1482
2306
2964
2180
1521
2282
3008
2171
1462
2283
2939
2127
1495
2266
2964
2200
1472
2283
2957
2152
1486
2324
2994
2130
1465
2266
2955
2160
1496
2275
2942
2161
1489
2308
2970
2107
1479
2263
2940
2157
1503
2290
2966
2163
1483
2256
2988
2162
1454
2316
2934
2103
1520
2288
2956
2192
1506
2238
2941
2161
1489
2287
2990
2125
1451
2294
2954
2131
1500
2292
2928
2145
1506
2270
2986
2157
1460
2260
2962
2168
1494
2315
2969
2140
1488
2288
2976
2181
1508
2297
2931
2141
1465
2222
2957
2179
1487
2249
2936
2155
1479
2269
2995
2161
1468
2299
2954
2141
1483
2267
2951
2161
1495
2265
2960
2154
1487
2278
2947
2184
1483
2250
2960
2150
1458
2239
2969
2165
1505
2259
2954
2166
1460
2242
2985
2158
1479
2313
2979
2167
1491
2282
2998
2154
1454
2297
2963
2129
1502
2271
2927
2143
1483
2271
2965
2140
1475
2254
2964
2162
1465
2269
2969
2137
1467
2222
2963
2184
1471
2310
2976
2130
1502
2312
2945
2168
1492
2262
2984
2168
1481
2292
2982
2143
1473
2294
2970
2133
1486
2306
2962
2156
1510
2284
2958
2178
1476
2218
2978
2205
1502
2286
3019
2191
1478
2250
2959
2145
1484
2280
2941
2137
1500
2283
3002
2176
1486
2295
2959
2107
1511
2334
2955
2129
1487
2288
2954
2150
1461
2264
2941
2120
1491
2297
2948
2163
1498
2254
2960
2192
1499
2301
2963
2150
1480
2286
2975
2174
1480
2281
3000
2175
1469
2285
2985
2145
1453
2295
2956
2137
1517
2285
2942
2170
1491
2293
2981
2164
1503
2292
2959
2159
1497
2259
2948
2159
1496
2255
2961
2176
1499
2335
2994
2150
1477
2278
2963
2141
1478
2312
2959
2125
1505
2275
2925
2167
1548
2261
2936
2203
1502
2277
3004
2162
1468
2281
2959
2156
1500
2281
2991
2173
1465
2253
2960
2167
1483
2255
2940
2156
1515
2326
2980
2153
1460
2225
2950
2172
1462
2280
2992
2144
1486
2290
2973
2172
1494
2284
2973
2175
1504
2279
2990
2156
1478
2285
2931
2156
1495
2250
2958
2167
1484
2269
2971
2151
1492
2275
2958
2181
1493
2276
2978
2152
1483
2280
2950
2141
1477
2284
2976
2137
1498
2297
2958
2145
1498
2280
2919
2146
1501
2266
2968
2162
1470
2259
2970
2182
1499
2286
2963
2156
1475
2288
2986
2148
1472
2268
2959
2133
1467
2304
2966
2128
1462
2275
2956
2144
1499
2316
2955
2140
1489
2258
2929
2184
1520
2262
2954
2177
1514
2255
2969
2204
1491
2287
2966
2146
1495
2279
2959
2142
1483
2278
2990
2191
1490
2276
2978
2157
1510
2325
2974
2116
1462
2267
2955
2178
1475
2257
2931
2132
1494
2273
2977
2175
1495
2288
2960
2183
1508
2270
2975
2174
1496
2294
2967
2186
1536
2305
2959
2157
1471
2293
2991
2157
1482
2252
2964
2154
1451
2307
2977
2135
1486
2283
2978
2160
1485
2293
2942
2135
1493
2277
2988
2208
1475
2260
2985
2191
1516
2285
3003
2174
1427
2267
2974
2159
1490
2294
2981
2159
1483
2313
2989
2167
1502
2278
2949
2153
1498
2298
2961
2145
1504
2277
2970
2158
1495
2301
2966
2149
1482
2255
2961
2181
1495
2288
2986
2174
1500
2308
2996
2161
1472
2271
2978
2164
1475
2249
2963
2157
1452
2280
2995
2158
1492
2267
2962
2160
1493
2285
2927
2143
1521
2276
2965
2177
1498
2296
2930
2140
1501
2258
2958
2178
1483
2260
2937
2119
1473
2267
2972
2158
1456
2270
2957
2110
1458
2285
2969
2134
1480
2312
2989
2157
1515
2289
2959
2171
1477
2275
2959
2135
1470
2246
2959
2166
1475
2310
2989
2138
1469
2299
2973
2163
1510
2258
2945
2181
1510
2285
2989
2166
1468
2288
2950
2155
1501
2296
2959
2127
1474
2297
2969
2149
1498
2256
2934
2166
1510
2294
2962
2175
1512
2255
2990
2214
1474
2284
2983
2143
1465
2304
2984
2140
1477
2266
2955
2162
1490
2266
2974
2184
1470
2270
2969
2168
1495
2278
2964
2148
1490
2271
2932
2126
1508
2282
2935
2164
1503
2280
2955
2170
1493
2249
2975
2189
1490
2286
2978
2161
1475
2275
2976
2187
1496
2240
2919
2171
1508
2275
2969
2173
1504
2276
2940
2174
1513
2255
2965
2156
1457
2303
2995
2138
1475
2269
2965
2179
1476
2287
3011
2178
1468
2273
2983
2189
1493
2284
2980
2164
1497
2278
2976
2186
1503
2291
2966
2153
1504
2274
2962
2175
1489
2290
2960
2186
1521
2286
2990
2165
1454
2288
3006
2159
1463
2282
2989
2180
1487
2295
2964
2164
1503
2246
2963
2179
1493
2314
2952
2146
1481
2251
2971
2188
1444
2225
2984
2160
1478
2302
3004
2153
1464
2311
2992
2151
1505
2265
2939
2165
1475
2275
2969
2190
1505
2265
2968
2164
1490
2300
2965
2155
1475
2272
2977
2171
1476
2290
2978
2163
1503
2284
2955
2182
1477
2244
2919
2140
1488
2256
2971
2188
1488
2284
2981
2162
1464
2273
2954
2160
1487
2264
2960
2148
1479
2251
2943
2163
1489
2283
2967
2146
1475
2258
2964
2179
1497
2275
2934
2174
1491
2242
2950
2171
1493
2272
2943
2148
1484
2269
2998
2176
1464
2290
2974
2144
1493
2278
2934
2168
1512
2270
2947
2143
1499
2268
2962
2180
1467
2269
2993
2142
1448
2271
2965
2161
1509
2290
2939
2158
1495
2255
2986
2227
1514
2297
2972
2178
1504
2284
2980
2139
1461
2267
2966
2159
1495
2286
2989
2151
1469
2286
2964
2161
1504
2278
2970
2170
1489
2281
2933
2154
1490
2239
2947
2195
1502
2266
2920
2147
1503
2252
2943
2153
1469
2268
2917
2144
1487
2282
2976
2145
1467
2261
2953
2162
1490
2290
2964
2164
1485
2299
2962
2143
1488
2253
2927
2144
1522
2299
2947
2187
1495
2247
2964
2179
1493
2295
2977
2160
1493
2263
2969
2181
1488
2287
2934
2152
1494
2247
2955
2207
1484
2241
2922
2158
1504
2259
2962
2192
1493
2274
2937
2154
1499
2250
2957
2164
1501
2291
2959
2148
1478
2253
2923
2140
1499
2315
2964
2139
1471
2280
3005
2193
1478
2316
2971
2132
1505
2332
2998
2137
1459
2262
2980
2189
1500
2280
2986
2145
1475
2326
2991
2180
1493
2268
2947
2157
1506
2288
2953
2169
1500
2250
2949
2203
1519
2296
2980
2173
1481
2301
3014
2170
1471
2291
2917
2114
1527
2320
2981
2153
1461
2290
2960
2146
1512
2295
2966
2149
1502
2290
2947
2176
1495
2235
2960
2186
1479
2298
2971
2160
1484
2258
2959
2163
1478
2296
2984
2156
1456
2244
2959
2169
1474
2252
2964
2166
1495
2297
3007
2160
1476
2283
2972
2183
1516
2256
2937
2166
1482
2256
2985
2175
1472
2247
2977
2194
1497
2294
2977
2151
1479
2282
2980
2171
1482
2295
2980
2158
1464
2284
2999
2175
1498
2297
2962
2152
1514
2296
2951
2147
1509
2291
2934
2157
1541
2278
2970
2195
1471
2284
2990
2175
1501
2264
2934
2172
1507
2257
2973
2174
1461
2267
3009
2177
1454
2283
2993
2158
1447
2242
2984
2160
1480
2298
3001
2168
1512
2320
2966
2151
1500
2263
2943
2191
1531
2277
2947
2188
1490
2249
2984
2191
1486
2286
2991
2141
1475
2309
3020
2186
1460
2244
2976
2154
1493
2276
2907
2140
1505
2261
2974
2192
1459
2263
2968
2136
1470
2293
2999
2189
1507
2278
2961
2185
1488
2270
2963
2170
1513
2301
2970
2146
1488
2237
2939
2196
1509
2273
2970
2175
1468
2218
2986
2158
1452
2299
2976
2133
1473
2276
2969
2165
1492
2278
2964
2175
1523
2285
2950
2166
1486
2259
2948
2173
1491
2250
2935
2166
1496
2292
2971
2183
1481
2252
2990
2176
1472
2287
2988
2183
1476
2245
2940
2132
1511
2335
2961
2141
1475
2276
2962
2137
1484
2287
2989
2197
1479
2222
2978
2152
1460
2294
2939
2134
1510
2284
2958
2171
1517
2265
2952
2183
1498
2256
2979
2163
1459
2306
3007
2166
1466
2261
2990
2179
1506
2346
2978
2134
1485
2291
2955
2155
1491
2286
2944
2158
1526
2291
2973
2146
1481
2290
2970
2151
1467
2271
2970
2149
1482
2315
2996
2162
1487
2287
2960
2157
1465
2260
2954
2160
1487
2258
2986
2201
1488
2280
2951
2136
1482
2275
2978
2178
1499
2288
2969
2137
1497
2275
2949
2169
1487
2279
2972
2169
1515
2291
2976
2144
1488
2291
2972
2163
1518
2291
2943
2192
1518
2289
2991
2157
1474
2293
2971
2138
1487
2298
2921
2145
1490
2267
2961
2172
1487
2257
2933
2174
1528
2303
3017
2160
1452
2253
2975
2174
1502
2266
2921
2148
1508
2273
2962
2182
1473
2240
2972
2150
1475
2332
2993
2161
1457
2248
2978
2141
1485
2295
2924
2147
1474
2262
2988
2177
1480
2282
2951
2135
1508
2263
2915
2160
1484
2263
2951
2149
1469
2278
2979
2154
1463
2294
2964
2137
1470
2252
2940
2162
1519
2305
2962
2125
1457
2267
2974
2183
1501
2298
2957
2155
1457
2262
2960
2156
1469
2249
2951
2165
1504
2320
2987
2131
1468
2272
2948
2133
1486
2302
2977
2142
1447
2269
3001
2185
1489
2278
2987
2165
1480
2308
2949
2139
1491
2267
2946
2181
1488
2279
2969
2137
1462
2267
2990
2184
1464
2266
2952
2154
1516
2296
2947
2153
1485
2277
2980
2163
1478
2289
2967
2157
1480
2292
2972
2133
1483
2238
2916
2178
1477
2275
2990
2145
1456
2254
2944
2160
1515
2281
2920
2117
1464
2241
2989
2178
1443
2235
2942
2152
1499
2277
2962
2159
1462
2297
2967
2144
1477
2275
2960
2175
1494
2251
2939
2174
1483
2241
2962
2176
1484
2306
2976
2161
1481
2272
2963
2157
1478
2300
2959
2147
1500
2286
2967
2159
1501
2280
2916
2161
1507
2259
2976
2171
1452
2265
2985
2184
1490
2270
2951
2165
1494
2271
2972
2208
1495
2250
2971
2193
1490
2284
2972
2142
1456
2285
2981
2163
1488
2286
2974
2156
1494
2250
2939
2156
1509
2256
2920
2153
1505
2290
2981
2187
1450
2248
2981
2178
1485
2288
2962
2162
1490
2249
2934
2176
1487
2244
2968
2154
1464
2290
2961
2138
1509
2287
2978
2197
1497
2284
2938
2114
1477
2277
2965
2177
1500
2239
2946
2173
1489
2250
2970
2164
1459
2287
2982
2173
1511
2275
2928
2139
1492
2301
2976
2171
1499
2258
2967
2194
1487
2316
3004
2144
1477
2276
2989
2164
1484
2321
2959
2144
1479
2277
3018
2162
1491
2289
2942
2153
1517
2295
2988
2166
1455
2268
2959
2139
1504
2285
2928
2153
1502
2301
2978
2177
1514
2300
2944
2129
1492
2275
2955
2162
1470
2257
2968
2154
1486
2305
2980
2146
1485
2303
2959
2141
1484
2296
2933
2131
1494
2272
2969
2167
1477
2272
2961
2172
1520
2295
2965
2111
1460
2296
2969
2140
1475
2256
2969
2175
1481
2275
2998
2164
1509
2299
2994
2189
1509
2308
2971
2157
1483
2293
2973
2159
1501
2271
2955
2170
1483
2257
2969
2133
1451
2268
2960
2159
1512
2254
2934
2169
1465
2234
2970
2183
1514
2258
2930
2166
1483
2278
2961
2190
1511
2249
3001
2175
1453
2279
2984
2193
1488
2227
2964
2222
1481
2218
2942
2181
1492
2304
3003
2166
1475
2255
2937
2155
1479
2269
2970
2146
1466
2292
2944
2171
1514
2254
2957
2192
1492
2293
2965
2152
1466
2238
2965
2178
1501
2261
2932
2138
1472
2248
2983
2174
1455
2291
2977
2160
1512
2276
2986
2203
1489
2265
2955
2162
1500
2248
2960
2153
1473
2298
2974
2152
1503
2296
2969
2159
1492
2297
2953
2153
1505
2274
2964
2172
1468
2313
2992
2147
1467
2283
2976
2133
1473
2277
2945
2167
1496
2289
2995
2181
1470
2269
2957
2186
1520
2258
2959
2174
1501
2290
2972
2175
1506
2275
2942
2168
1495
2279
2959
2162
1492
2272
2962
2161
1504
2280
2956
2182
1485
2255
2995
2176
1464
2270
2938
2126
1504
2283
2945
2146
1482
2283
2990
2154
1461
2298
2974
2133
1462
2270
2951
2182
1516
2255
2968
2182
1499
2314
2971
2139
1488
2264
2947
2210
1503
2261
2952
2154
1479
2277
2984
2137
1475
2287
2963
2159
1530
2287
2955
2144
1471
2238
2911
2148
1484
2235
2977
2174
1452
2291
2986
2141
1468
2276
2979
2171
1478
2301
2996
2133
1493
2254
2919
2154
1505
2303
2966
2156
1490
2246
2972
2181
1481
2275
2946
2137
1493
2310
2986
2161
1469
2246
2968
2168
1473
2266
2953
2155
1468
2298
2979
2129
1495
2288
2948
2175
1504
2260
2976
2178
1471
2250
2967
2156
1461
2294
2961
2132
1487
2261
2988
2158
1448
2255
2946
2116
1485
2306
2941
2137
1498
2275
2949
2152
1485
2266
2944
2165
1509
2282
2968
2175
1480
2246
2978
2172
1476
2290
2961
2140
1467
2221
2954
2171
1472
2273
2945
2148
1504
2290
2985
2174
1488
2299
2964
2160
1516
2268
2951
2184
1478
2267
2978
2169
1488
2276
2953
2182
1498
2274
3003
2191
1489
2237
2959
2204
1494
2296
2978
2164
1451
2226
2934
2147
1488
2277
2972
2168
1454
2255
2997
2161
1473
2281
2936
2118
1498
2271
2939
2126
1448
2262
2966
2156
1459
2290
2984
2146
1487
2284
2944
2130
1503
2287
2947
2139
1500
2316
2950
2141
1470
2235
2949
2187
1515
2293
2931
2142
1494
2273
2970
2177
1470
2271
2957
2135
1489
2260
2966
2173
1469
2247
2975
2207
1504
2253
2986
2161
1448
2260
2977
2171
1480
2257
2971
2162
1476
2270
2947
2134
1488
2276
2947
2138
1463
2294
2997
2117
1439
2287
2974
2172
1483
2258
2922
2157
1507
2264
2963
2140
1436
2237
2943
2137
1501
2251
2919
2158
1443
2272
2997
2148
1469
2294
2944
2138
1505
2297
2945
2151
1474
2236
2973
2188
1498
2291
2959
2146
1473
2279
2986
2189
1462
2235
2957
2167
1499
2288
2978
2161
1450
2269
2953
2172
1514
2278
2934
2134
1487
2237
2927
2179
1530
2262
2977
2192
1460
2280
2974
2151
1471
2266
2974
2164
1509
2293
2954
2151
1462
2285
2988
2156
1474
2309
2985
2159
1513
2281
2949
2171
1472
2244
2929
2156
1491
2299
2974
2155
1478
2283
2980
2176
1448
2243
2964
2167
1468
2315
2979
2128
1466
2258
2959
2128
1457
2298
2955
2133
1484
2260
2945
2192
1501
2277
2942
2152
1492
2281
2962
2144
1491
2269
2939
2137
1453
2274
2967
2163
1476
2242
2951
2207
1504
2227
2994
2209
1458
2267
2981
2144
1496
2274
2939
2163
1500
2279
2941
2163
1469
2249
2987
2182
1464
2247
2946
2202
1529
2272
2996
2182
1471
2251
2940
2130
1469
2265
2943
2171
1481
2228
2976
2192
1472
2231
2976
2183
1483
2299
2982
2161
1475
2265
2986
2181
1476
2258
2970
2156
1487
2293
2935
2150
1497
2241
2942
2178
1498
2251
2975
2189
1485
2267
2965
2178
1494
2273
2970
2178
1474
2262
2995
2178
1470
2259
2968
2208
1523
2287
2926
2154
1499
2250
2940
2162
1503
2307
2958
2147
1483
2288
2990
2168
1475
2281
2966
2171
1511
2312
2972
2158
1503
2280
2957
2179
1509
2258
2977
2187
1496
