2376
2413
2460
2403
2356
2397
2404
2388
2358
2355
2383
2376
2355
2387
2428
2391
2420
2451
2396
2386
2380
2374
2416
2381
2348
2420
2414
2368
2419
2403
2371
2440
2400
2382
2431
2405
2411
2451
2355
2339
2469
2424
2359
2422
2405
2344
2394
2429
2406
2406
2407
2392
2387
2396
2393
2411
2436
2376
2365
2401
2359
2337
2419
2429
2337
2394
2441
2391
2395
2415
2388
2405
2405
2349
2399
2403
2348
2430
2447
2359
2391
2462
2404
2334
2382
2453
2383
2337
2429
2412
2370
2422
2421
2398
2425
2408
2399
2421
2384
2395
2453
2402
2368
2402
2397
2403
2431
2422
2389
2366
2404
2431
2392
2379
2453
2457
2364
2370
2415
2408
2413
2393
2404
2419
2408
2412
2385
2391
2394
2384
2365
2423
2465
2402
2396
2433
2401
2399
2434
2390
2311
2352
2424
2383
2395
2426
2382
2382
2410
2414
2434
2383
2363
2417
2391
2353
2373
2405
2402
2389
2400
2425
2424
2407
2409
2403
2350
2374
2412
2429
2394
2393
2433
2385
2363
2429
2408
2362
2390
2418
2385
2387
2391
2393
2419
2422
2410
2417
2421
2396
2372
2413
2399
2369
2412
2417
2370
2397
2420
2368
2418
2434
2385
2427
2438
2391
2352
2373
2436
2414
2404
2413
2425
2434
2361
2373
2450
2396
2393
2447
2423
2370
2364
2435
2433
2356
2407
2442
2363
2345
2388
2403
2403
2379
2406
2430
2360
2357
2428
2383
2341
2415
2414
2370
2386
2403
2399
2407
2395
2391
2393
2417
2415
2400
2411
2361
2350
2446
2477
2399
2394
2416
2405
2416
2397
2362
2371
2386
2408
2405
2384
2395
2406
2408
2391
2408
2432
2408
2395
2411
2412
2380
2385
2418
2425
2372
2378
2397
2371
2410
2435
2391
2360
2398
2405
2360
2389
2407
2349
2372
2402
2358
2412
2455
2396
2402
2413
2387
2400
2419
2382
2360
2414
2447
2401
2369
2412
2429
2396
2407
2453
2436
2389
2384
2420
2402
2396
2420
2426
2398
2362
2364
2423
2415
2372
2391
2396
2386
2375
2350
2375
2392
2400
2425
2394
2382
2415
2371
2387
2434
2370
2384
2380
2335
2424
2440
2356
2382
2388
2400
2460
2374
2356
2457
2399
2369
2434
2396
2385
2425
2346
2330
2375
2384
2412
2392
2367
2429
2414
2323
2374
2445
2370
2365
2414
2385
2426
2441
2392
2396
2411
2368
2387
2435
2426
2409
2405
2366
2371
2448
2423
2391
2435
2412
2424
2455
2387
2350
2338
2364
2389
2371
2403
2431
2379
2345
2363
2402
2376
2368
2382
2435
2447
2368
2364
2420
2410
2346
2373
2437
2429
2393
2397
2378
2391
2404
2405
2405
2378
2375
2403
2371
2342
2387
2433
2433
2394
2378
2415
2413
2410
2472
2444
2395
2403
2390
2424
2404
2315
2403
2458
2346
2358
2419
2388
2401
2401
2410
2406
2381
2400
2395
2380
2418
2413
2385
2379
2395
2392
2389
2386
2404
2428
2427
2406
2380
2338
2339
2399
2377
2359
2412
2406
2380
2375
2359
2379
2413
2385
2381
2434
2412
2402
2402
2336
2368
2401
2362
2386
2392
2374
2400
2433
2391
2409
2429
2385
2387
2402
2371
2372
2404
2404
2403
2402
2353
2351
2403
2381
2393
2459
2400
2361
2402
2421
2425
2381
2359
2400
2385
2353
2378
2400
2435
2440
2401
2395
2412
2408
2398
2381
2388
2386
2415
2436
2395
2373
2390
2373
2390
2426
2382
2383
2433
2386
2392
2456
2397
2398
2450
2396
2381
2444
2414
2356
2379
2390
2392
2380
2383
2408
2416
2399
2367
2391
2396
2369
2406
2376
2331
2387
2389
2370
2431
2435
2411
2444
2422
2366
2367
2367
2367
2348
2364
2425
2406
2420
2419
2348
2387
2434
2414
2408
2357
2357
2439
2388
2322
2403
2458
2387
2372
2444
2428
2353
2367
2400
2383
2401
2412
2375
2415
2471
2399
2352
2462
2466
2371
2389
2450
2429
2375
2392
2382
2370
2435
2401
2330
2376
2393
2405
2425
2395
2406
2442
2391
2366
2395
2381
2383
2394
2371
2383
2415
2393
2391
2396
2375
2366
2412
2403
2399
2411
2373
2402
2421
2414
2393
2335
2380
2442
2393
2372
2411
2360
2392
2469
2400
2326
2404
2458
2368
2369
2444
2413
2355
2365
2446
2466
2371
2372
2484
2432
2324
2480
2525
2348
2323
2392
2381
2392
2400
2344
2375
2408
2389
2393
2371
2380
2399
2361
2376
2433
2422
2373
2400
2395
2363
2362
2388
2429
2399
2358
2388
2393
2360
2356
2376
2396
2371
2356
2373
2384
2364
2373
2404
2410
2377
2389
2414
2414
2360
2348
2412
2419
2349
2362
2436
2418
2338
2383
2455
2426
2401
2435
2418
2387
2439
2446
2392
2371
2394
2400
2400
2393
2404
2413
2396
2387
2402
2407
2379
2342
2396
2442
2406
2363
2412
2441
2358
2331
2398
2454
2400
2347
2404
2439
2427
2421
2405
2409
2418
2401
2398
2382
2404
2418
2366
2394
2459
2424
2378
2396
2419
2393
2381
2409
2403
2400
2413
2425
2410
2349
2381
2441
2396
2382
2367
2392
2456
2434
2399
2401
2379
2358
2399
2402
2353
2375
2408
2351
2372
2401
2365
2389
2413
2349
2352
2411
2404
2389
2431
2400
2303
2390
2446
2376
2429
2434
2403
2422
2382
2380
2425
2375
2392
2476
2387
2355
2428
2358
2374
2432
2371
2362
2417
2414
2392
2417
2436
2378
2331
2414
2466
2370
2363
2428
2370
2372
2393
2380
2406
2402
2350
2337
2379
2424
2381
2360
2409
2433
2414
2404
2407
2434
2441
2368
2350
2417
2408
2367
2381
2381
2403
2444
2392
2360
2444
2417
2370
2439
2422
2334
2359
2399
2334
2354
2445
2418
2420
2418
2358
2367
2391
2369
2381
2370
2396
2409
2363
2381
2438
2388
2350
2388
2429
2378
2330
2411
2446
2376
2416
2447
2380
2379
2389
2402
2421
2339
2365
2458
2381
2368
2444
2434
2401
2418
2411
2393
2397
2419
2433
2436
2453
2438
2426
2415
2364
2404
2446
2359
2371
2443
2382
2350
2416
2398
2352
2399
2451
2434
2415
2397
2386
2416
2396
2365
2396
2379
2398
2431
2378
2378
2394
2412
2440
2375
2381
2465
2399
2359
2459
2426
2320
2376
2418
2401
2413
2387
2388
2426
2398
2386
2416
2368
2373
2438
2404
2373
2402
2369
2387
2452
2443
2367
2382
2471
2405
2308
2406
2426
2321
2350
2430
2373
2379
2435
2390
2387
2441
2415
2410
2399
2366
2411
2377
2340
2417
2445
2402
2365
2381
2475
2457
2371
2398
2362
2311
2414
2480
2396
2395
2411
2391
2394
2369
2342
2379
2434
2422
2366
2396
2432
2384
2398
2450
2388
2356
2398
2394
2379
2388
2368
2371
2434
2399
2365
2426
2397
2346
2401
2443
2445
2435
2380
2372
2358
2398
2457
2418
2371
2424
2361
2361
2441
2396
2369
2415
2397
2406
2424
2404
2409
2383
2355
2411
2387
2331
2427
2441
2391
2411
2391
2373
2385
2365
2372
2369
2397
2428
2363
2360
2453
2387
2351
2428
2378
2414
2496
2435
2348
2365
2398
2420
2412
2363
2377
2428
2384
2347
2415
2392
2360
2447
2428
2389
2426
2378
2386
2455
2365
2342
2426
2390
2393
2430
2367
2370
2439
2408
2329
2378
2423
2387
2390
2421
2419
2377
2373
2433
2425
2343
2358
2412
2394
2383
2417
2420
2393
2398
2409
2397
2380
2397
2402
2400
2403
2393
2406
2415
2359
2365
2406
2401
2398
2419
2461
2444
2373
2363
2428
2459
2400
2402
2431
2378
2389
2454
2414
2361
2407
2431
2416
2380
2370
2394
2392
2370
2423
2431
2347
2399
2453
2373
2369
2442
2411
2431
2437
2344
2346
2474
2462
2369
2388
2402
2397
2392
2397
2453
2432
2382
2398
2400
2391
2419
2409
2380
2423
2369
2322
2456
2443
2378
2381
2339
2343
2434
2394
2321
2430
2441
2328
2407
2461
2410
2395
2371
2432
2448
2344
2403
2493
2391
2365
2435
2385
2389
2430
2389
2390
2408
2361
2399
2429
2353
2366
2419
2410
2411
2371
2395
2448
2375
2325
2389
2418
2368
2325
2333
2374
2408
2372
2368
2421
2425
2378
2344
2374
2427
2399
2386
2438
2412
2406
2468
2392
2348
2434
2409
2345
2399
2406
2367
2411
2423
2405
2424
2425
2394
2350
2388
2433
2381
2356
2422
2450
2408
2386
2406
2389
2392
2406
2420
2427
2377
2343
2442
2478
2396
2380
2413
2375
2349
2375
2403
2442
2419
2398
2388
2387
2425
2417
2397
2415
2408
2374
2375
2389
2347
2341
2435
2476
2354
2354
2436
2380
2345
2382
2389
2431
2430
2366
2374
2392
2372
2413
2422
2386
2387
2401
2404
2380
2397
2398
2385
2407
2397
2402
2440
2414
2371
2384
2410
2410
2413
2368
2403
2428
2395
2387
2398
2416
2414
2401
2428
2385
2365
2383
2383
2395
2416
2435
2407
2378
2406
2391
2382
2430
2400
2347
2405
2417
2379
2411
2459
2365
2340
2418
2419
2401
2417
2405
2408
2456
2419
2374
2455
2441
2360
2413
2410
2353
2426
2459
2402
2397
2414
2382
2435
2459
2415
2407
2433
2382
2309
2361
2421
2392
2409
2421
2377
2381
2446
2410
2364
2391
2378
2413
2438
2342
2386
2449
2359
2368
2416
2359
2390
2421
2360
2397
2437
2393
2384
2429
2433
2401
2406
2388
2378
2394
2394
2405
2395
2348
2379
2440
2409
2388
2402
2384
2398
2446
2426
2354
2380
2436
2404
2375
2396
2414
2431
2385
2341
2380
2381
2359
2426
2423
2355
2410
2444
2385
2418
2423
2384
2396
2392
2378
2419
2429
2407
2402
2388
2373
2384
2366
2411
2418
2364
2388
2412
2376
2379
2415
2403
2373
2382
2410
2418
2385
2406
2401
2345
2373
2432
2410
2397
2387
2368
2411
2416
2344
2377
2423
2413
2419
2385
2388
2422
2373
2377
2425
2393
2404
2436
2373
2377
2420
2437
2440
2366
2389
2464
2350
2372
2449
2374
2340
2391
2378
2349
2373
2375
2419
2402
2387
2411
2360
2393
2439
2386
2377
2397
2407
2401
2371
2382
2421
2394
2359
2409
2439
2353
2360
2411
2377
2394
2398
2364
2381
2391
2387
2418
2415
2382
2388
2418
2432
2426
2414
2415
2392
2403
2396
2354
2408
2399
2302
2374
2436
2371
2408
2413
2363
2403
2383
2337
2408
2397
2357
2390
2397
2399
2393
2386
2388
2388
2392
2383
2360
2384
2412
2397
2370
2409
2447
2423
2364
2383
2427
2374
2368
2466
2430
2362
2404
2419
2386
2432
2436
2394
2437
2439
2388
2398
2413
2405
2414
2425
2383
2353
2400
2423
2388
2399
2401
2404
2411
2380
2400
2445
2389
2371
2428
2446
2441
2410
2390
2451
2423
2379
2455
2433
2370
2387
2397
2423
2401
2360
2405
2425
2375
2398
2400
2375
2449
2433
2350
2379
2365
2362
2392
2399
2369
2427
2439
2366
2392
2480
2421
2343
2411
2452
2363
2336
2416
2448
2410
2389
2384
2415
2481
2417
2381
2438
2384
2359
2421
2421
2381
2389
2377
2391
2431
2365
2354
2464
2427
2373
2414
2402
2382
2399
2386
2407
2421
2360
2387
2451
2414
2363
2381
2408
2392
2365
2404
2415
2379
2384
2389
2398
2424
2401
2387
2413
2412
2395
2397
2426
2377
2358
2460
2450
2365
2386
2422
2403
2440
2408
2379
2432
2399
2363
2435
2472
2401
2408
2446
2386
2358
2452
2406
2311
2369
2421
2406
2407
2397
2413
2403
2349
2382
2405
2343
2371
2412
2360
2340
2398
2402
2364
2400
2393
2382
2434
2444
2382
2359
2429
2438
2353
2375
2420
2382
2360
2409
2400
2338
2367
2413
2419
2399
2365
2353
2426
2440
2397
2394
2423
2400
2414
2404
2396
2411
2438
2426
2381
2379
2432
2451
2420
2369
2395
2430
2405
2395
2436
2398
2376
2402
2359
2392
2464
2394
2385
2469
2416
2323
2361
2440
2442
2352
2357
2485
2470
2383
2388
2416
2412
2409
2386
2389
2397
2358
2366
2404
2411
2383
2368
2396
2427
2376
2388
2413
2369
2364
2386
2393
2446
2415
2368
2422
2388
2312
2386
2409
2367
2404
2417
2428
2437
2374
2425
2476
2359
2362
2463
2399
2368
2430
2410
2372
2398
2383
2372
2413
2414
2386
2419
2406
2409
2450
2401
2378
2427
2420
2355
2348
2411
2427
2385
2353
2388
2461
2436
2361
2367
2429
2448
2413
2406
2371
2386
2451
2405
2339
2440
2479
2373
2369
2445
2396
2328
2384
2403
2365
2377
2382
2409
2434
2366
2370
2422
2414
2395
2379
2377
2398
2380
2411
2430
2392
2406
2445
2378
2336
2388
2398
2381
2409
2442
2388
2348
2404
2435
2393
2409
2455
2383
2359
2433
2388
2330
2431
2452
2366
2416
2434
2359
2398
2442
2382
2383
2384
2360
2378
2347
2346
2433
2422
2396
2421
2403
2401
2406
2396
2406
2394
2390
2378
2380
2387
2373
2366
2405
2430
2395
2350
2398
2423
2400
2397
2446
2409
2393
2426
2403
2389
2395
2359
2365
2438
2412
2359
2401
2388
2370
2389
2334
2351
2445
2417
2368
2386
2399
2432
2435
2388
2397
2408
2387
2388
2404
2383
2407
2452
2391
2360
2441
2463
2390
2394
2422
2400
2377
2417
2376
2351
2402
2377
2402
2449
2350
2390
2464
2408
2374
2363
2378
2423
2385
2316
2350
2387
2390
2402
2379
2384
2412
2405
2409
2410
2393
2387
2384
2385
2425
2448
2429
2397
2365
2382
2393
2381
2408
2464
2395
2362
2434
2403
2347
2370
2370
2377
2397
2373
2373
2412
2467
2454
2382
2375
2395
2386
2405
2432
2425
2428
2451
2391
2304
2432
2526
2365
2319
2427
2396
2338
2371
2374
2359
2413
2409
2359
2383
2418
2400
2407
2428
2427
2380
2324
2355
2417
2434
2386
2381
2419
2368
2362
2428
2379
2362
2421
2425
2353
2332
2369
2405
2387
2387
2450
2429
2346
2351
2397
2416
2402
2397
2392
2411
2385
2336
2387
2448
2424
2356
2391
2461
2386
2398
2436
2376
2341
2381
2410
2416
2397
2354
2364
2397
2370
2384
2460
2415
2352
2452
2456
2373
2398
2397
2377
2386
2333
2343
2449
2433
2391
2446
2419
2328
2363
2444
2411
2365
2420
2408
2348
2400
2391
2368
2373
2345
2397
2450
2384
2390
2430
2343
2361
2404
2366
2405
2454
2384
2375
2435
2421
2388
2387
2406
2424
2398
2367
2382
2385
2386
2411
2414
2394
2379
2384
2402
2411
2402
2371
2410
2412
2383
2430
2419
2361
2404
2420
2412
2416
2367
2381
2416
2383
2408
2410
2371
2385
2400
2368
2383
2396
2395
2401
2375
2374
2428
2443
2399
2391
2417
2368
2362
2425
2395
2369
2425
2413
2416
2431
2378
2369
2374
2333
2409
2477
2413
2374
2412
2433
2413
2381
2392
2392
2415
2452
2411
2373
2411
2366
2391
2487
2425
2361
2429
2411
2358
2410
2417
2381
2420
2390
2325
2375
2376
2321
2369
2418
2392
2384
2442
2433
2387
2397
2387
2355
2366
2399
2411
2382
2360
2373
2381
2409
2409
2358
2393
2435
2418
2388
2396
2422
2375
2327
2416
2452
2351
2411
2513
2382
2324
2400
2390
2370
2395
2406
2417
2412
2404
2392
2411
2400
2375
2408
2420
2364
2319
2411
2475
2402
2409
2430
2403
2437
2396
2338
2388
2403
2365
2396
2418
2389
2419
2425
2374
2400
2455
2377
2347
2417
2394
2396
2441
2397
2410
2467
2388
2358
2418
2423
2380
2388
2423
2424
2404
2372
2349
2407
2434
2375
2400
2442
2397
2370
2389
2426
2443
2392
2398
2442
2411
2386
2371
2366
2406
2401
2361
2418
2408
2364
2400
2402
2382
2372
2344
2389
2440
2344
2386
2471
2403
2382
2435
2373
2369
2443
2421
2372
2403
2417
2346
2347
2400
2381
2404
2411
2385
2435
2421
2359
2379
2409
2404
2390
2408
2409
2402
2402
2395
2408
2446
2412
2386
2420
2420
2343
2359
2447
2447
2385
2365
2352
2405
2433
2365
2384
2420
2386
2381
2397
2369
2360
2368
2410
2417
2379
2400
2458
2412
2384
2407
2375
2356
2356
2403
2416
2395
2348
2380
2454
2385
2379
2445
2408
2367
2410
2416
2414
2385
2363
2385
2420
2405
2362
2363
2423
2430
2380
2407
2451
2432
2340
2356
2438
2388
2377
2487
2412
2342
2439
2430
2376
2381
2351
2387
2442
2388
2383
2473
2437
2363
2420
2461
2406
2384
2428
2420
2384
2427
2426
2384
2429
2452
2409
2408
2393
2391
2408
2373
2371
2441
2378
2347
2446
2388
2337
2426
2430
2363
2381
2390
2384
2413
2420
2378
2339
2386
2419
2388
2357
2366
2413
2445
2391
2383
2435
2445
2435
2400
2374
2367
2386
2392
2418
2456
2397
2374
2406
2400
2424
2429
2355
2375
2403
2364
2408
2384
2367
2450
2401
2325
2398
2406
2368
2413
2423
2432
2444
2371
2368
2417
2395
2385
2405
2407
2376
2359
2380
2420
2435
2415
2419
2423
2384
2401
2411
2395
2413
2391
2391
2467
2410
2375
2438
2384
2296
2412
2509
2427
2386
2452
2432
2394
2376
2378
2402
2429
2386
2379
2432
2427
2379
2393
2410
2405
2405
2387
2385
2416
2382
2395
2442
2406
2385
2405
2339
2332
2428
2436
2372
2405
2410
2377
2429
2429
2351
2412
2458
2385
2359
2357
2340
2374
2379
2366
2405
2382
2372
2429
2400
2398
2400
2356
2397
2457
2409
2386
2409
2400
2419
2427
2378
2391
2467
2433
2371
2453
2451
2375
2412
2394
2367
2448
2415
2366
2416
2403
2412
2457
2380
2382
2415
2366
2404
2456
2383
2393
2449
2359
2334
2460
2415
2327
2416
2463
2359
2409
2453
2390
2413
2449
2375
2395
2428
2385
2388
2443
2404
2352
2384
2410
2409
2415
2382
2372
2403
2429
2399
2348
2408
2481
2360
2316
2440
2430
2348
2374
2401
2393
2431
2434
2419
2389
2366
2449
2496
2419
2394
2382
2362
2395
2385
2368
2418
2407
2384
2451
2417
2342
2389
2462
2444
2404
2409
2395
2366
2399
2416
2405
2373
2384
2414
2429
2385
2340
2420
2425
2326
2390
2411
2374
2419
2412
2396
2422
2397
2396
2411
2387
2391
2414
2392
2386
2374
2357
2373
2373
2398
2431
2389
2370
2458
2394
2328
2450
2439
2333
2410
2443
2349
2384
2422
2380
2408
2447
2387
2359
2470
2456
2342
2378
2451
2419
2379
2374
2379
2426
2419
2366
2385
2398
2364
2404
2435
2392
2373
2401
2394
2384
2401
2380
2356
2394
2393
2371
2381
2380
2438
2463
2358
2372
2449
2385
2331
2397
2405
2345
2396
2434
2348
2371
2454
2392
2358
2389
2362
2398
2425
2388
2394
2413
2427
2431
2400
2387
2408
2415
2395
2415
2439
2393
2371
2416
2402
2363
2362
2373
2384
2426
2406
2401
2407
2391
2385
2398
2408
2434
2400
2363
2396
2432
2420
2421
2408
2373
2346
2366
2425
2398
2349
2390
2440
2412
2375
2427
2446
2416
2410
2412
2419
2403
2373
2394
2412
2412
2387
2384
2399
2387
2377
2418
2434
2430
2426
2406
2420
2434
2358
2364
2435
2396
2372
2432
2390
2355
2422
2424
2398
2403
2399
2374
2353
2376
2389
2383
2398
2413
2397
2407
2430
2404
2359
2375
2423
2394
2380
2427
2394
2366
2412
2390
2418
2444
2342
2310
2403
2445
2383
2375
2427
2408
2394
2383
2403
2432
2350
2341
2435
2410
2345
2376
2399
2357
2388
2416
2402
2406
2408
2395
2371
2349
2374
2410
2394
2391
2390
2402
2392
2370
2402
2445
2480
2420
2361
2380
2415
2422
2395
2386
2398
2428
2370
2340
2436
2465
2361
2374
2416
2383
2369
2413
2415
2378
2393
2423
2434
2427
2393
2405
2429
2398
2394
2426
2414
2398
2430
2389
2367
2425
2401
2360
2384
2401
2404
2393
2377
2395
2419
2418
2405
2401
2407
2401
2379
2374
2409
2411
2414
2399
2388
2403
2373
2420
2456
2395
2426
2441
2397
2429
2431
2369
2398
2406
2350
2410
2435
2354
2394
2418
2349
2380
2425
2405
2377
2372
2368
2383
2412
2413
2414
2433
2395
2410
2447
2371
2355
2430
2381
2292
2373
2432
2387
2351
2370
2416
2440
2408
2362
2406
2460
2411
2369
2364
2374
2398
2397
2382
2425
2434
2385
2394
2375
2384
2443
2368
2316
2422
2424
2328
2392
2441
2373
2380
2438
2395
2367
2356
2403
2487
2453
2389
2410
2424
2371
2403
2412
2322
2358
2415
2374
2349
2372
2423
2428
2352
2339
2422
2401
2345
2413
2398
2364
2385
2378
2416
2370
2346
2437
2424
2355
2425
2430
2379
2433
2420
2345
2393
2436
2406
2392
2381
2358
2371
2376
2372
2399
2424
2390
2393
2409
2363
2373
2435
2402
2383
2390
2376
2407
2418
2376
2424
2431
2357
2427
2490
2397
2371
2401
2386
2430
2413
2332
2379
2400
2371
2436
2409
2324
2441
2454
2372
2423
2378
2341
2458
2416
2347
2414
2407
2393
2411
2400
2404
2390
2375
2425
2393
2379
2435
2388
2373
2427
2401
2382
2407
2398
2416
2431
2391
2363
2418
2502
2437
2369
2415
2428
2352
2381
2427
2411
2443
2409
2347
2405
2444
2346
2334
2410
2429
2428
2408
2374
2347
2377
2406
2382
2434
2464
2413
2405
2448
2406
2368
2397
2415
2399
2339
2367
2425
2373
2349
2420
2439
2375
2343
2377
2392
2425
2425
2403
2432
2431
2399
2423
2422
2360
2356
2372
2374
2439
2413
2362
2453
2398
2356
2429
2373
2320
2434
2452
2355
2351
2370
2402
2384
2347
2426
2395
2331
2424
2389
2330
2412
2441
2374
2397
2453
2416
2413
2395
2391
2428
2445
2438
2437
2407
2409
2418
2361
2376
2421
2388
2384
2424
2442
2417
2356
2350
2416
2440
2412
2381
2373
2400
2463
2468
2428
2407
2397
2405
2373
2384
2474
2426
2344
2394
2416
2388
2411
2396
2385
2427
2417
2361
2399
2402
2378
2399
2385
2359
2398
2409
2426
2411
2354
2377
2457
2420
2372
2419
2429
2367
2396
2408
2396
2437
2411
2360
2402
2403
2374
2383
2419
2386
2331
2371
2405
2367
2403
2450
2379
2364
2444
2403
2361
2432
2437
2391
2398
2376
2355
2405
2446
2409
2393
2427
2406
2378
2421
2408
2339
2348
2411
2410
2391
2409
2379
2357
2410
2425
2383
2380
2423
2426
2373
2368
2390
2389
2424
2432
2387
2355
2361
2353
2353
2411
2452
2406
2358
2436
2448
2358
2394
2362
2344
2459
2405
2368
2476
2382
2322
2443
2425
2371
2442
2422
2429
2433
2372
2387
2419
2349
2361
2463
2397
2344
2436
2425
2361
2383
2425
2406
2387
2404
2395
2378
2409
2413
2354
2392
2429
2330
2398
2470
2358
2367
2447
2400
2364
2429
2447
2382
2370
2430
2381
2318
2383
2396
2356
2419
2405
2350
2413
2427
2380
2381
2375
2389
2435
2392
2375
2447
2459
2379
2366
2409
2393
2360
2392
2418
2351
2380
2480
2455
2415
2403
2376
2389
2383
2329
2401
2425
2360
2382
2426
2392
2368
2409
2431
2394
2370
2382
2423
2431
2421
2423
2415
2418
2406
2378
2385
2414
2409
2404
2383
2417
2420
2343
2369
2415
2389
2410
2439
2377
2376
2441
2417
2363
2381
2409
2409
2409
2403
2381
2406
2434
2396
2382
2412
2415
2382
2386
2422
2436
2420
2353
2368
2466
2408
2332
2413
2469
2388
2336
2407
2423
2406
2398
2380
2386
2408
2400
2382
2393
2432
2422
2373
2397
2458
2424
2389
2435
2446
2410
2399
2400
2401
2415
2427
2384
2371
2454
2458
2367
2382
2414
2359
2361
2418
2422
2411
2381
2361
2409
2456
2408
2408
2458
2392
2357
2445
2417
2362
2422
2447
2396
2400
2401
2375
2380
2408
2382
2364
2418
2425
2378
2404
2407
2371
2428
2479
2389
2369
2444
2429
2391
2442
2383
2309
2413
2485
2383
2379
2431
2378
2408
2408
2348
2397
2416
2415
2450
2372
2321
2393
2422
2362
2361
2424
2420
2346
2375
2450
2376
2349
2411
2394
2361
2376
2383
2364
2364
2387
2396
2422
2452
2429
2371
2388
2411
2408
2414
2405
2396
2401
2344
2361
2460
2410
2323
2406
2424
2378
2416
2435
2426
2370
2347
2421
2400
2346
2381
2410
2413
2402
2419
2410
2394
2395
2386
2381
2420
2431
2393
2394
2390
2397
2410
2374
2351
2350
2347
2382
2409
2385
2369
2422
2445
2371
2373
2450
2401
2328
2383
2397
2339
2409
2457
2398
2411
2411
2387
2412
2351
2324
2404
2444
2384
2366
2411
2432
2378
2381
2442
2418
2351
2371
2387
2429
2409
2365
2410
2429
2398
2401
2415
2388
2364
2381
2410
2379
2363
2435
2414
2339
2376
2395
2347
2381
2418
2374
2376
2442
2435
2413
2397
2362
2376
2435
2403
2333
2385
2437
2330
2342
2458
2402
2346
2405
2402
2392
2395
2355
2381
2428
2363
2362
2406
2363
2401
2469
2427
2407
2419
2387
2342
2391
2447
2381
2325
2405
2409
2342
2392
2412
2346
2374
2417
2406
2411
2419
2401
2377
2374
2429
2441
2402
2417
2431
2372
2362
2413
2451
2389
2341
2437
2432
2339
2407
2481
2418
2356
2392
2398
2363
2381
2406
2382
2378
2378
2389
2428
2408
2359
2359
2374
2358
2329
2405
2428
2365
2403
2461
2399
2335
2381
2434
2403
2421
2445
2374
2368
2453
2427
2361
2394
2430
2414
2398
2364
2378
2446
2410
2391
2438
2386
2354
2412
2429
2390
2375
2432
2446
2418
2424
2424
2377
2360
2383
2416
2398
2344
2344
2397
2389
2374
2386
2440
2485
2391
2323
2446
2478
2382
2400
2435
2390
2356
2402
2457
2434
2356
2390
2452
2387
2384
2385
2356
2410
2484
2432
2399
2412
2356
2395
2413
2350
2372
2409
2407
2382
2393
2436
2440
2386
2349
2403
2409
2340
2341
2415
2433
2416
2433
2420
2414
2426
2392
2404
2419
2371
2380
2438
2441
2392
2380
2410
2432
2422
2364
2388
2458
2411
2392
2420
2416
2406
2377
2396
2424
2402
2375
2399
2422
2359
2340
2381
2422
2411
2400
2403
2366
2384
2423
2344
2328
2424
2425
2404
2460
2430
2353
2376
2417
2406
2375
2378
2388
2397
2447
2391
2314
2391
2420
2307
2347
2446
2375
2352
2410
2381
2362
2412
2393
2363
2409
2395
2367
2389
2389
2374
2375
2413
2419
2391
2410
2395
2412
2421
2359
2352
2402
2390
2410
2433
2427
2426
2382
2393
2460
2395
2349
2419
2393
2335
2393
2414
2353
2388
2415
2341
2368
2437
2423
2384
2401
2396
2362
2399
2373
2343
2422
2451
2370
2360
2394
2407
2419
2392
2358
2427
2466
2390
2411
2468
2409
2404
2462
2434
2396
2411
2377
2403
2425
2380
2390
2426
2397
2374
2419
2431
2399
2401
2422
2420
2386
2385
2396
2388
2411
2411
2387
2384
2376
2404
2416
2365
2381
2410
2378
2400
2405
2390
2405
2387
2362
2413
2431
2400
2421
2433
2351
2342
2382
2367
2357
2381
2383
2454
2431
2324
2415
2434
2326
2436
2504
2365
2402
2469
2361
2377
2425
2356
2406
2424
2357
2374
2400
2393
2398
2408
2403
2358
2374
2424
2393
2411
2433
2332
2394
2503
2377
2359
2452
2408
2379
2396
2369
2417
2423
2390
2403
2414
2406
2415
2388
2387
2410
2376
2385
2399
2345
2357
2413
2397
2388
2416
2386
2386
2421
2392
2354
2385
2412
2394
2413
2418
2367
2382
2375
2387
2464
2406
2394
2419
2380
2372
2389
2386
2386
2386
2382
2424
2407
2357
2408
2460
2391
2363
2411
2410
2396
2401
2365
2364
2416
2439
2395
2313
2351
2459
2447
2342
2376
2458
2412
2392
2456
2416
2396
2420
2416
2409
2410
2393
2412
2411
2372
2407
2396
2356
2411
2445
2403
2387
2351
2391
2427
2367
2389
2451
2366
2350
2435
2376
2363
2427
2386
2386
2414
2377
2380
2422
2397
2395
2404
2378
2431
2431
2361
2403
2422
2391
2397
2391
2348
2376
2398
2424
2421
2392
2374
2406
2467
2410
2381
2442
2463
2383
2331
2415
2426
2358
2397
2432
2377
2380
2409
2420
2429
2420
2409
2411
2385
2403
2437
2392
2399
2440
2359
2354
2415
2403
2386
2376
2437
2447
2340
2344
2449
2416
2364
2366
2367
2413
2411
2331
2354
2421
2427
2400
2378
2391
2402
2383
2344
2383
2437
2425
2411
2384
2355
2383
2418
2412
2364
2352
2389
2420
2405
2434
2378
2307
2375
2412
2372
2375
2393
2396
2392
2375
2389
2400
2389
2426
2415
2374
2430
2425
2340
2367
2423
2378
2362
2407
2396
2383
2421
2416
2363
2381
2423
2396
2391
2409
2394
2405
2444
2392
2371
2409
2424
2414
2364
2370
2423
2413
2379
2407
2410
2357
2408
2439
2350
2373
2479
2401
2323
2431
2453
2412
2408
2364
2363
2430
2386
2338
2389
2433
2383
2394
2416
2417
2409
2421
2433
2392
2361
2368
2372
2386
2340
2365
2455
2421
2388
2441
2397
2371
2388
2402
2431
2436
2390
2349
2355
2392
2407
2377
2382
2408
2411
2408
2367
2376
2416
2395
2378
2425
2431
2380
2403
2437
2380
2415
2442
2333
2333
2466
2394
2293
2422
2449
2365
2381
2412
2409
2376
2366
2444
2446
2347
2384
2482
2408
2369
2453
2415
2392
2418
2383
2385
2401
2381
2414
2420
2351
2359
2383
2316
2365
2431
2370
2360
2433
2430
2381
2380
2415
2405
2362
2379
2408
2377
2399
2429
2425
2424
2377
2409
2434
2376
2344
2361
2399
2408
2422
2402
2385
2358
2356
2458
2447
2333
2377
2437
2396
2375
2390
2393
2404
2369
2389
2451
2366
2340
2474
2422
2335
2425
2421
2357
2423
2446
2372
2390
2426
2407
2421
2431
2399
2412
2419
2372
2393
2463
2452
2393
2420
2430
2392
2390
2407
2386
2406
2410
2389
2401
2386
2372
2443
2433
2391
2447
2448
2378
2371
2409
2428
2379
2362
2366
2394
2417
2383
2366
2426
2408
2377
2446
2422
2379
2445
2439
2399
2423
2415
2372
2365
2385
2423
2415
2362
2403
2487
2397
2333
2401
2426
2391
2384
2388
2411
2412
2357
2389
2427
2361
2365
2425
2394
2373
2433
2392
2355
2402
2418
2410
2388
2375
2387
2376
2392
2405
2405
2412
2376
2366
2430
2387
2357
2380
2398
2400
2412
2425
2418
2388
2411
2430
2430
2411
2387
2374
2400
2433
2426
2403
2421
2419
2400
2406
2418
2419
2435
2428
2421
2413
2386
2364
2390
2414
2422
2419
2374
2346
2340
2386
2415
2382
2391
2420
2433
2422
2414
2451
2455
2372
2411
2485
2417
2352
2345
2381
2455
2414
2355
2389
2425
2432
2362
2331
2432
2457
2364
2374
2414
2360
2378
2410
2389
2390
2381
2384
2425
2388
2378
2418
2375
2349
2375
2368
2405
2437
2367
2374
2435
2385
2371
2456
2457
2372
2374
2420
2386
2382
2436
2387
2350
2364
2362
2368
2417
2384
2368
2449
2419
2342
2384
2422
2388
2405
2423
2377
2413
2446
2406
2426
2433
2386
2389
2391
2390
2398
2355
2416
2455
2400
2410
2419
2362
2386
2426
2380
2413
2472
2404
2363
2431
2405
2322
2404
2435
2380
2410
2420
2365
2362
2389
2401
2371
2396
2449
2394
2330
2359
2385
2446
2428
2338
2366
2414
2400
2390
2417
2418
2394
2380
2416
2403
2377
2399
2420
2412
2365
2353
2385
2411
2404
2381
2390
2372
2403
2437
2390
2435
2503
2428
2354
2379
2407
2352
2346
2417
2405
2367
2415
2448
2367
2329
2434
2442
2333
2346
2441
2439
2408
2375
2377
2421
2425
2389
2380
2393
2445
2461
2426
2395
2368
2336
2378
2439
2418
2387
2402
2437
2410
2335
2384
2449
2381
2370
2398
2355
2417
2435
2369
2385
2389
2414
2477
2413
2376
2455
2412
2376
2411
2386
2388
2393
2378
2403
2358
2344
2407
2431
2430
2411
2385
2381
2400
2416
2405
2391
2393
2404
2377
2352
2391
2401
2372
2443
2432
2341
2373
2406
2384
2417
2411
2380
2393
2399
2376
2393
2389
2357
2398
2442
2410
2392
2415
2393
2393
2398
2380
2403
2400
2358
2369
2411
2408
2376
2400
2442
2391
2351
2408
2445
2441
2410
2394
2428
2401
2329
2404
2474
2367
2352
2443
2433
2373
2378
2401
2413
2415
2360
2346
2410
2437
2410
2391
2376
2386
2416
2400
2389
2418
2386
2379
2419
2377
2383
2436
2375
2370
2423
2364
2331
2393
2383
2320
2384
2440
2362
2377
2390
2361
2402
2441
2412
2389
2428
2433
2383
2384
2382
2368
2429
2430
2369
2425
2427
2330
2382
2441
2427
2401
2416
2420
2376
2426
2444
2390
2462
2458
2370
2394
2415
2417
2432
2388
2362
2435
2440
2339
2396
2480
2353
2369
2487
2416
2349
2414
2414
2404
2406
2413
2411
2394
2437
2446
2379
2380
2423
2423
2407
2404
2396
2429
2408
2339
2397
2453
2376
2325
2424
2454
2369
2408
2480
2415
2380
2430
2423
2425
2432
2399
2423
2431
2375
2378
2386
2378
2390
2414
2373
2388
2434
2402
2377
2434
2435
2400
2419
2428
2391
2365
2398
2415
2392
2406
2414
2402
2389
2402
2432
2441
2410
2393
2423
2406
2374
2358
2402
2466
2429
2445
2470
2369
2334
2419
2432
2398
2398
2421
2415
2367
2372
2434
2449
2404
2370
2406
2416
2401
2415
2416
2413
2418
2429
2392
2377
2393
2380
2393
2417
2380
2389
2416
2361
2375
2444
2402
2363
2404
2384
2385
2400
2398
2407
2369
2310
2371
2424
2377
2386
2421
2390
2414
2405
2367
2387
2389
2352
2423
2450
2417
2423
2385
2324
2385
2428
2394
2377
2418
2390
2329
2378
2400
2408
2408
2379
2378
2394
2355
2376
2454
2385
2339
2434
2423
2344
2404
2434
2339
2401
2496
2424
2359
2388
2422
2452
2411
2353
2406
2402
2341
2437
2450
2315
2380
2463
2354
2346
2450
2423
2390
2393
2385
2413
2394
2401
2439
2401
2408
2443
2438
2404
2379
2402
2417
2392
2421
2446
2402
2383
2424
2425
2396
2363
2389
2417
2405
2397
2401
2397
2370
2408
2468
2422
2414
2424
2400
2406
2435
2405
2337
2377
2440
2398
2382
2427
2422
2427
2398
2347
2406
2416
2371
2440
2472
2415
2376
2424
2442
2366
2371
2430
2430
2401
2434
2433
2436
2458
2412
2371
2355
2426
2446
2364
2429
2447
2346
2384
2441
2391
2381
2408
2407
2416
2413
2427
2454
2400
2360
2405
2440
2407
2358
2348
2374
2416
2388
2362
2376
2395
2420
2428
2382
2373
2418
2409
2393
2425
2429
2381
2345
2353
2404
2413
2399
2390
2399
2436
2430
2379
2390
2417
2386
2398
2404
2387
2409
2382
2381
2426
2374
2369
2423
2377
2343
2428
2454
2362
2387
2420
2412
2405
2338
2324
2409
2407
2374
2424
2475
2379
2363
2433
2393
2392
2448
2382
2383
2419
2349
2380
2442
2410
2387
2392
2392
2411
2409
2387
2416
2395
2337
2434
2456
2324
2345
2420
2368
2382
2396
2359
2414
2444
2354
2374
2465
2398
2349
2411
2427
2350
2338
2397
2384
2333
2371
2424
2382
2398
2432
2380
2401
2405
2322
2412
2438
2362
2379
2415
2348
2335
2398
2407
2407
2389
2370
2430
2443
2368
2371
2454
2410
2321
2388
2432
2343
2362
2425
2373
2344
2365
2385
2387
2350
2377
2421
2432
2381
2380
2479
2395
2247
2374
2481
2362
2365
2447
2394
2415
2426
2346
2417
2423
2364
2441
2443
2408
2446
2390
2401
2447
2348
2329
2441
2464
2427
2395
2387
2405
2386
2382
2429
2418
2385
2383
2398
2429
2416
2366
2407
2452
2426
2399
2403
2368
2331
2373
2399
2381
2412
2432
2416
2388
2373
2433
2398
2317
2422
2443
2354
2411
2423
2378
2419
2434
2398
2395
2417
2378
2374
2407
2403
2401
2406
2425
2369
2360
2433
2414
2381
2425
2394
2350
2399
2438
2439
2430
2389
2386
2437
2427
2383
2372
2441
2459
2395
2372
2417
2386
2376
2410
2392
2401
2400
2364
2411
2414
2334
2388
2446
2376
2367
2374
2384
2425
2390
2372
2436
2398
2347
2385
2396
2368
2395
2436
2418
2372
2387
2400
2360
2369
2426
2414
2385
2373
2393
2403
2368
2312
2350
2415
2406
2381
2420
2410
2313
2336
2401
2351
2359
2401
2403
2429
2407
2321
2394
2424
2354
2402
2456
2376
2371
2406
2388
2403
2404
2390
2433
2409
2356
2379
2400
2412
2403
2367
2423
2434
2379
2401
2376
2381
2435
2421
2399
2385
2391
2332
2350
2435
2409
2360
2415
2417
2353
2407
2429
2346
2382
2449
2386
2353
2422
2419
2347
2378
2421
2364
2353
2412
2392
2367
2402
2414
2372
2378
2382
2353
2397
2411
2347
2395
2471
2372
2327
2403
2380
2396
2435
2347
2392
2424
2334
2383
2448
2410
2399
2385
2390
2447
2403
2356
2401
2405
2397
2411
2409
2411
2403
2372
2408
2387
2369
2413
2373
2341
2383
2400
2396
2381
2370
2385
2417
2432
2434
2384
2344
2400
2427
2381
2405
2425
2359
2409
2471
2410
2381
2350
2358
2441
2392
2316
2381
2407
2379
2388
2373
2398
2410
2377
2395
2409
2375
2391
2396
2369
2382
2415
2393
2372
2429
2432
2362
2397
2447
2401
2398
2387
2374
2414
2396
2431
2467
2361
2339
2437
2414
2406
2429
2380
2404
2444
2386
2350
2404
2409
2368
2354
2376
2403
2355
2377
2474
2431
2347
2397
2445
2376
2346
2380
2391
2396
2382
2359
2398
2410
2379
2396
2416
2430
2395
2363
2407
2407
2364
2380
2432
2402
2362
2408
2401
2388
2409
2368
2392
2414
2365
2377
2411
2420
2436
2415
2396
2419
2402
2386
2412
2416
2394
2366
2365
2417
2427
2382
2356
2420
2428
2371
2391
2417
2408
2378
2357
2419
2458
2360
2371
2441
2421
2412
2421
2398
2419
2444
2370
2331
2409
2416
2364
2371
2387
2406
2447
2420
2394
2386
2375
2417
2417
2338
2404
2466
2387
2368
2408
2397
2363
2365
2410
2440
2396
2360
2378
2416
2374
2360
2467
2441
2335
2398
2453
2366
2376
2404
2378
2376
2417
2413
2408
2457
2449
2378
2381
2481
2451
2386
2420
2428
2414
2398
2392
2379
2393
2429
2429
2411
2409
2384
2370
2391
2413
2429
2421
2389
2397
2422
2417
2369
2376
2399
2359
2375
2429
2384
2376
2374
2372
2439
2454
2356
2351
2412
2392
2402
2422
2371
2403
2475
2403
2376
2457
2401
2333
2419
2423
2374
2427
2439
2384
2392
2393
2358
2376
2423
2398
2369
2416
2420
2406
2404
2377
2422
2426
2376
2415
2431
2369
2388
2439
2380
2407
2449
2382
2365
2423
2392
2326
2344
2413
2410
2368
2395
2392
2368
2416
2440
2385
2381
2430
2400
2389
2436
2397
2375
2415
2416
2380
2379
2417
2424
2353
2381
2425
2396
2420
2422
2366
2386
2429
2415
2363
2359
2401
2421
2397
2375
2408
2394
2364
2397
2381
2379
2446
2429
2348
2413
2414
2353
2425
2445
2408
2408
2350
2366
2425
2423
2379
2352
2351
2378
2409
2420
2407
2402
2428
2437
2396
2380
2382
2377
2425
2443
2411
2344
2312
2404
2453
2341
2324
2422
2418
2416
2439
2385
2395
2474
2415
2329
2376
2413
2360
2347
2404
2393
2350
2409
2412
2345
2408
2409
2319
2401
2475
2359
2371
2449
2394
2379
2419
2404
2379
2381
2408
2423
2399
2403
2447
2406
2376
2412
2417
2370
2369
2413
2398
2371
2431
2412
2393
2420
2385
2358
2418
2416
2347
2386
2445
2384
2359
2421
2392
2361
2426
2413
2370
2416
2420
2359
2395
2429
2373
2374
2402
2380
2386
2397
2399
2437
2404
2337
2414
2464
2355
2338
2426
2447
2394
2387
2384
2362
2377
2383
2350
2374
2416
2362
2353
2462
2448
2349
2426
2482
2356
2338
2447
2414
2393
2447
2402
2371
2433
2410
2365
2420
2411
2370
2408
2372
2323
2387
2410
2393
2371
2405
2427
2395
2367
2402
2377
2347
2419
2420
2374
2388
2392
2378
2410
2421
2410
2432
2430
2374
2349
2381
2416
2387
2394
2428
2378
2355
2406
2455
2411
2374
2405
2410
2388
2408
2393
2342
2374
2393
2366
2373
2389
2374
2374
2382
2401
2419
2364
2344
2448
2408
2306
2380
2394
2336
2366
2405
2401
2382
2345
2393
2456
2381
2362
2448
2395
2338
2424
2454
2390
2385
2379
2355
2392
2421
2377
2374
2401
2383
2355
2397
2458
2425
2386
2349
2366
2424
2428
2418
2422
2352
2324
2383
2374
2359
2389
2367
2361
2392
2369
2350
2379
2389
2380
2403
2413
2404
2392
2384
2395
2408
2387
2331
2352
2408
2414
2373
2391
2399
2326
2345
2450
2399
2353
2431
2428
2372
2449
2459
2403
2385
2401
2437
2430
2392
2417
2445
2427
2378
2375
2447
2425
2384
2404
2408
2401
2433
2397
2346
2406
2424
2379
2381
2413
2398
2387
2376
2367
2390
2400
2406
2377
2364
2385
2393
2384
2379
2402
2412
2417
2415
2391
2395
2420
2431
2369
2375
2438
2414
2385
2415
2428
2386
2366
2392
2415
2417
2418
2388
2397
2418
2390
2373
2364
2334
2361
2400
2387
2392
2425
2411
2367
2401
2430
2391
2365
2377
2398
2412
2388
2372
2449
2413
2375
2430
2432
2399
2406
2426
2404
2383
2426
2444
2417
2418
2399
2396
2437
2393
2368
2454
2425
2359
2403
2403
2382
2391
2386
2402
2423
2398
2403
2424
2408
2379
2383
2391
2354
2358
2423
2435
2396
2373
2422
2417
2385
2374
2416
2420
2403
2437
2399
2306
2389
2448
2361
2355
2425
2384
2334
2408
2459
2384
2382
2454
2440
2400
2400
2412
2409
2351
2395
2456
2398
2411
2438
2408
2441
2449
2421
2448
2417
2344
2396
2386
2357
2408
2390
2384
2423
2402
2372
2408
2400
2344
2357
2376
2389
2427
2391
2387
2435
2401
2352
2369
2354
2383
2413
2359
2363
2441
2426
2375
2411
2399
2366
2425
2436
2395
2409
2437
2402
2355
2420
2440
2368
2396
2427
2386
2374
2419
2435
2391
2390
2417
2386
2392
2421
2388
2331
2364
2413
2374
2352
2412
2460
2445
2400
2378
2419
2474
2421
2357
2366
2398
2405
2341
2367
2478
2421
2346
2389
2403
2389
2419
2418
2424
2408
2405
2451
2410
2364
2424
2403
2361
2389
2376
2359
2388
2376
2389
2440
2375
2358
2452
2435
2327
2348
2440
2383
2361
2393
2375
2405
2401
2412
2445
2391
2357
2404
2417
2380
2382
2420
2402
2432
2432
2358
2368
2386
2371
2398
2364
2316
2422
2461
2417
2381
2359
2416
2425
2395
2373
2339
2404
2458
2363
2338
2427
2379
2327
2428
2427
2365
2420
2405
2356
2415
2413
2345
2402
2446
2368
2336
2389
2391
2354
2358
2427
2435
2338
2352
2396
2328
2348
2454
2427
2363
2412
2423
2369
2375
2441
2428
2346
2390
2465
2361
2335
2479
2438
2348
2427
2434
2350
2390
2436
2393
2371
2387
2370
2378
2422
2384
2344
2385
2387
2384
2417
2384
2403
2416
2371
2401
2466
2436
2391
2378
2396
2421
2376
2359
2411
2394
2345
2375
2445
2428
2370
2376
2388
2365
2380
2414
2408
2399
2414
2381
2372
2424
2400
2362
2400
2391
2357
2398
2404
2385
2399
2407
2386
2433
2388
2321
2388
2402
2362
2380
2408
2375
2387
2422
2379
2354
2389
2445
2443
2410
2419
2410
2393
2395
2415
2420
2379
2342
2367
2426
2406
2367
2370
2368
2400
2399
2386
2434
2427
2375
2368
2404
2410
2370
2377
2401
2392
2398
2422
2371
2356
2419
2388
2366
2385
2352
2378
2408
2372
2398
2436
2382
2382
2410
2407
2435
2433
2358
2399
2434
2349
2354
2421
2434
2427
2407
2378
2400
2413
2399
2424
2420
2373
2406
2423
2397
2410
2455
2427
2365
2411
2444
2409
2400
2449
2439
2403
2395
2390
2376
2362
2395
2432
2423
2400
2357
2376
2391
2363
2372
2423
2409
2379
2406
2397
2352
2405
2423
2355
2362
2393
2343
2325
2385
2371
2381
2432
2358
2326
2442
2438
2365
2412
2418
2369
2390
2431
2393
2365
2420
2418
2386
2406
2424
2397
2420
2439
2364
2385
2444
2388
2381
2421
2391
2362
2418
2395
2332
2379
2431
2400
2368
2405
2416
2337
2338
2432
2430
2354
2364
2393
2415
2430
2356
2348
2429
2399
2369
2438
2403
2368
2403
2394
2391
2421
2401
2356
2403
2440
2388
2392
2416
2387
2426
2438
2390
2460
2452
2378
2417
2421
2380
2428
2402
2371
2391
2362
2381
2420
2378
2362
2437
2405
2382
2431
2422
2401
2417
2388
2367
2402
2414
2395
2382
2405
2384
2356
2415
2448
2394
2420
2447
2354
2349
2427
2405
2368
2394
2421
2432
2379
2371
2421
2386
2346
2441
2431
2329
2361
2400
2365
2372
2400
2383
2382
2381
2406
2414
2388
2353
2342
2384
2376
2378
2429
2398
2355
2415
2431
2349
2363
2413
2402
2369
2407
2435
2385
2377
2386
2414
2415
2400
2381
2405
2423
2405
2390
2401
2422
2410
2380
2426
2409
2376
2385
2375
2389
2418
2383
2365
2393
2381
2342
2362
2421
2407
2395
2443
2426
2388
2418
2414
2358
2375
2413
2397
2401
2405
2382
2380
2417
2455
2414
2346
2402
2412
2369
2377
2447
2437
2399
2402
2380
2383
2429
2396
2366
2378
2384
2422
2425
2348
2391
2419
2357
2419
2409
2308
2356
2422
2404
2359
2343
2381
2440
2415
2403
2429
2409
2364
2372
2435
2419
2354
2387
2401
2395
2415
2395
2375
2402
2428
2362
2373
2465
2387
2317
2400
2417
2364
2403
2465
2430
2386
2370
2391
2435
2409
2365
2398
2414
2391
2446
2461
2386
2417
2433
2380
2407
2430
2393
2373
2377
2394
2404
2386
2394
2402
2396
2393
2406
2432
2379
2350
2391
2433
2400
2325
2375
2455
2420
2365
2380
2434
2418
2383
2393
2422
2375
2369
2440
2412
2345
2397
2389
2369
2411
2401
2398
2464
2453
2362
2386
2419
2347
2397
2451
2342
2366
2413
2368
2396
2406
2373
2397
2404
2368
2381
2406
2382
2389
2405
2407
2426
2423
2387
2381
2400
2405
2378
2372
2386
2383
2337
2328
2388
2430
2399
2368
2391
2411
2392
2370
2368
2394
2456
2435
2331
2375
2458
2394
2384
2423
2375
2364
2367
2340
2373
2411
2365
2362
2442
2450
2384
2421
2434
2324
2372
2438
2355
2341
2376
2384
2417
2415
2378
2396
2418
2381
2358
2376
2403
2413
2404
2395
2391
2434
2450
2406
2393
2379
2392
2404
2406
2396
2393
2420
2439
2424
2382
2362
2374
2364
2387
2419
2392
2368
2410
2420
2376
2406
2423
2383
2385
2395
2365
2397
2400
2381
2400
2418
2366
2356
2425
2447
2411
2391
2388
2406
2426
2428
2409
2396
2394
2419
2424
2385
2368
2450
2438
2374
2417
2395
2371
2416
2395
2338
2401
2411
2373
2401
2405
2390
2418
2427
2439
2414
2354
2398
2459
2392
2364
2410
2402
2395
2383
2365
2380
2411
2413
2416
2430
2377
2363
2441
2398
2363
2394
2386
2393
2407
2400
2432
2454
2375
2364
2446
2421
2384
2379
2380
2408
2408
2395
2408
2386
2347
2397
2436
2372
2375
2400
2354
2364
2454
2422
2356
2429
2433
2354
2388
2411
2417
2433
2382
2370
2417
2382
2355
2429
2406
2396
2431
2384
2383
2435
2382
2355
2396
2410
2362
2317
2383
2421
2391
2393
2415
2424
2358
2339
2418
2462
2382
2374
2446
2424
2410
2430
2351
2341
2465
2421
2356
2408
2394
2378
2405
2371
2385
2426
2392
2414
2425
2380
2379
2411
2405
2399
2417
2426
2415
2388
2371
2383
2382
2394
2406
2347
2376
2432
2372
2395
2443
2365
2401
2472
2387
2370
2440
2412
2398
2419
2404
2415
2427
2392
2396
2431
2389
2398
2452
2415
2358
2403
2419
2375
2364
2394
2460
2429
2329
2375
2515
2444
2310
2411
2438
2333
2384
2382
2367
2446
2375
2323
2429
2414
2407
2468
2414
2355
2415
2434
2403
2404
2382
2402
2461
2429
2351
2386
2429
2382
2342
2397
2435
2395
2362
2399
2410
2407
2391
2408
2443
2393
2353
2392
2385
2366
2436
2409
2333
2379
2413
2431
2496
2443
2360
2398
2417
2381
2394
2427
2406
2418
2407
2398
2425
2411
2386
2408
2386
2376
2435
2432
2355
2345
2395
2395
2385
2409
2416
2403
2408
2375
2332
2392
2408
2377
2394
2381
2399
2430
2399
2407
2417
2393
2379
2416
2454
2444
2413
2397
2388
2399
2397
2366
2395
2405
2359
2417
2430
2368
2375
2405
2383
2416
2439
2348
2348
2433
2411
2392
2426
2401
2390
2369
2323
2403
2453
2374
2372
2451
2393
2358
2392
2368
2411
2439
2394
2409
2436
2417
2430
2448
2396
2370
2373
2418
2436
2356
2360
2430
2381
2373
2420
2400
2352
2369
2403
2433
2412
2355
2364
2393
2389
2381
2410
2419
2356
2406
2445
2364
2353
2414
2392
2392
2413
2383
2376
2403
2364
2383
2403
2351
2393
2453
2377
2371
2419
2365
2433
2448
2349
2375
2438
2383
2359
2417
2434
2403
2398
2423
2402
2403
2434
2403
2396
2439
2382
2371
2433
2387
2355
2394
2390
2455
2471
2363
2354
2414
2373
2368
2430
2406
2358
2382
2451
2452
2371
2360
2425
2427
2408
2431
2398
2385
2407
2394
2392
2407
2402
2388
2389
2411
2401
2415
2391
2331
2383
2427
2385
2390
2379
2370
2421
2425
2374
2413
2461
2392
2381
2460
2390
2350
2424
2430
2406
2369
2370
2442
2422
2349
2378
2397
2343
2397
2411
2355
2400
2396
2396
2437
2417
2395
2443
2414
2364
2411
2385
2343
2397
2391
2370
2437
2414
2359
2383
2384
2409
2399
2353
2369
2421
2406
2365
2368
2363
2367
2402
2429
2438
2401
2402
2399
2370
2355
2445
2435
2343
2399
2450
2406
2415
2421
2387
2370
2420
2414
2404
2419
2393
2384
2408
2379
2395
2398
2390
2411
2407
2383
2405
2415
2414
2436
2372
2323
2407
2410
2352
2387
2417
2387
2418
2435
2401
2411
2396
2393
2438
2381
2344
2428
2429
2373
2397
2409
2375
2403
2400
2356
2369
2379
2399
2429
2377
2361
2395
2381
2398
2441
2415
2387
2350
2355
2405
2421
2382
2364
2363
2390
2417
2392
2377
2396
2391
2401
2415
2394
2385
2394
2437
2456
2407
2356
2406
2399
2363
2396
2380
2340
2371
2372
2352
2405
2410
2368
2434
2425
2356
2387
2422
2437
2380
2357
2415
2401
2350
2397
2399
2349
2426
2427
2320
2394
2490
2366
2371
2501
2404
2289
2394
2464
2381
2339
2377
2362
2364
2412
2418
2393
2408
2434
2438
2403
2371
2400
2436
2405
2417
2465
2398
2358
2438
2404
2339
2378
2402
2402
2444
2430
2390
2413
2367
2362
2426
2414
2345
2354
2391
2360
2344
2406
2424
2375
2340
2414
2432
2370
2345
2407
2413
2368
2398
2413
2400
2445
2425
2336
2382
2425
2368
2412
2444
2395
2389
2421
2356
2364
2424
2359
2365
2446
2364
2356
2469
2404
2347
2423
2370
2332
2399
2430
2425
2385
2356
2411
2395
2358
2433
2424
2328
2384
2435
2407
2404
2381
2371
2359
2375
2417
2421
2454
2415
2383
2441
2436
2367
2400
2400
2368
2443
2453
2396
2427
2409
2341
2396
2439
2365
2387
2449
2397
2403
2432
2369
2356
2408
2375
2389
2373
2327
2388
2427
2389
2435
2419
2402
2433
2388
2379
2450
2419
2362
2402
2441
2407
2366
2403
2438
2369
2353
2415
2412
2420
2423
2375
2373
2406
2423
2430
2398
2385
2416
2419
2399
2396
2349
2385
2441
2373
2342
2409
2426
2422
2434
2396
2352
2419
2409
2351
2366
2370
2410
2411
2370
2403
2417
2358
2369
2423
2401
2399
2391
2394
2415
2406
2392
2399
2393
2391
2387
2385
2430
2411
2359
2417
2444
2391
2395
2410
2372
2399
2425
2408
2405
2407
2378
2363
2376
2403
2376
2364
2414
2415
2379
2403
2439
2416
2353
2385
2430
2407
2383
2403
2406
2404
2408
2370
2403
2435
2358
2350
2426
2421
2389
2428
2407
2369
2391
2421
2412
2388
2374
2395
2390
2367
2401
2392
2377
2430
2399
2343
2407
2429
2377
2395
2384
2364
2438
2456
2381
2385
2454
2413
2372
2395
2415
2451
2451
2398
2393
2434
2383
2344
2396
2375
2378
2426
2395
2369
2393
2404
2388
2416
2383
2378
2427
2393
2392
2460
2400
2351
2428
2387
2367
2491
2420
2331
2412
2395
2378
2455
2393
2351
2438
2412
2345
2404
2424
2352
2383
2421
2391
2453
2419
2330
2364
2391
2363
2394
2412
2371
2373
2434
2444
2402
2349
2371
2430
2379
2365
2416
2425
2355
2340
2398
2390
2344
2358
2457
2468
2372
2400
2478
2425
2393
2431
2409
2390
2409
2403
2426
2412
2357
2386
2423
2359
2377
2430
2402
2358
2358
2397
2390
2372
2429
2452
2420
2382
2371
2424
2422
2367
2386
2405
2380
2410
2454
2400
2379
2426
2383
2319
2403
2495
2403
2337
2375
2397
2387
2387
2412
2430
2391
2383
2422
2347
2334
2423
2399
2379
2397
2362
2403
2455
2373
2414
2456
2350
2349
2445
2376
2374
2454
2387
2349
2434
2400
2339
2441
2401
2302
2405
2455
2361
2392
2409
2384
2447
2431
2356
2397
2415
2403
2409
2398
2380
2392
2390
2353
2359
2440
2441
2395
2370
2339
2385
2434
2340
2327
2432
2409
2400
2421
2361
2369
2420
2400
2368
2384
2405
2419
2366
2363
2436
2393
2392
2443
2411
2405
2430
2399
2399
2433
2359
2353
2375
2326
2382
2445
2384
2369
2418
2378
2363
2426
2406
2368
2405
2397
2398
2427
2376
2383
2449
2383
2350
2416
2432
2408
2396
2390
2408
2410
2389
2390
2387
2402
2438
2422
2394
2408
2413
2439
2428
2369
2389
2414
2383
2404
2438
2379
2347
2416
2405
2394
2452
2430
2381
2427
2393
2372
2396
2347
2366
2470
2441
2382
2423
2379
2366
2434
2388
2348
2430
2389
2325
2431
2427
2283
2367
2481
2388
2356
2434
2409
2404
2392
2334
2401
2493
2407
2353
2404
2369
2372
2424
2389
2390
2441
2401
2330
2352
2384
2387
2427
2401
2399
2443
2405
2372
2418
2421
2390
2404
2400
2378
2354
2387
2417
2375
2369
2387
2392
2406
2381
2384
2434
2418
2411
2423
2403
2402
2408
2378
2368
2392
2376
2346
2420
2426
2322
2369
2434
2356
2361
2404
2421
2397
2348
2371
2430
2383
2365
2413
2440
2398
2415
2423
2401
2386
2392
2430
2406
2361
2423
2434
2383
2383
2415
2414
2406
2387
2373
2393
2376
2324
2379
2432
2379
2338
2403
2453
2364
2379
2461
2413
2370
2383
2412
2396
2403
2410
2379
2392
2397
2351
2394
2422
2377
2385
2383
2401
2389
2352
2413
2438
2355
2346
2414
2432
2386
2355
2391
2382
2396
2426
2414
2417
2425
2368
2370
2408
2372
2397
2469
2381
2362
2461
2411
2358
2415
2410
2406
2413
2357
2371
2410
2393
2399
2367
2385
2420
2394
2386
2421
2416
2379
2367
2410
2417
2365
2342
2382
2413
2423
2398
2352
2409
2449
2385
2387
2469
2435
2367
2412
2415
2376
2375
2412
2402
2354
2396
2430
2338
2341
2448
2421
2328
2399
2446
2422
2408
2352
2369
2415
2387
2383
2410
2431
2409
2360
2408
2448
2386
2361
2384
2430
2434
2375
2373
2386
2347
2363
2435
2384
2372
2444
2404
2361
2368
2381
2375
2364
2416
2433
2367
2391
2429
2360
2392
2448
2392
2368
2397
2404
2385
2401
2434
2431
2396
2369
2388
2398
2393
2401
2399
2393
2353
2351
2411
2427
2437
2428
2363
2377
2453
2425
2350
2396
2438
2414
2409
2417
2374
2363
2400
2366
2348
2419
2454
2409
2380
2402
2364
2378
2417
2391
2422
2450
2386
2371
2398
2385
2383
2371
2360
2400
2408
2375
2389
2400
2342
2345
2430
2463
2402
2374
2358
2385
2418
2401
2376
2378
2406
2401
2380
2421
2427
2377
2398
2416
2385
2435
2446
2384
2380
2405
2406
2423
2415
2394
2413
2421
2399
2447
2414
2351
2420
2431
2324
2380
2484
2396
2375
2456
2387
2336
2395
2389
2415
2460
2349
2320
2430
2412
2355
2424
2435
2387
2386
2391
2423
2424
2389
2416
2373
2366
2388
2323
2370
2484
2426
2355
2397
2432
2410
2412
2402
2417
2447
2446
2427
2370
2349
2390
2411
2424
2391
2387
2397
2386
2376
2400
2438
2408
2385
2418
2363
2388
2435
2356
2372
2476
2419
2378
2423
2380
2354
2431
2403
2356
2408
2392
2403
2436
2386
2385
2412
2395
2377
2415
2379
2375
2393
2384
2395
2380
2408
2437
2334
2377
2458
2364
2326
2432
2420
2387
2440
2383
2346
2414
2426
2416
2392
2364
2389
2398
2440
2408
2367
2436
2413
2328
2417
2433
2332
2403
2444
2354
2383
2451
2383
2359
2421
2408
2386
2407
2385
2378
2421
2404
2381
2371
2365
2407
2385
2343
2429
2432
2338
2387
2458
2425
2395
2425
2379
2349
2420
2422
2384
2394
2407
2387
2365
2374
2378
2384
2398
2374
2382
2445
2437
2393
2410
2399
2365
2427
2420
2366
2412
2417
2372
2403
2391
2396
2454
2408
2364
2412
2415
2417
2448
2414
2384
2405
2361
2350
2423
2443
2370
2390
2437
2394
2375
2406
2390
2390
2408
2400
2396
2436
2415
2400
2392
2381
2378
2359
2405
2460
2393
2370
2431
2427
2395
2435
2411
2392
2427
2394
2352
2387
2413
2382
2374
2402
2420
2403
2389
2375
2385
2385
2325
2407
2447
2364
2372
2400
2380
2400
2398
2363
2403
2421
2371
2416
2447
2378
2385
2437
2389
2350
2414
2457
2383
2355
2418
2433
2423
2422
2417
2423
2392
2385
2422
2376
2359
2410
2423
2385
2380
2416
2359
2373
2440
2377
2344
2401
2381
2364
2403
2384
2399
2407
2388
2402
2380
2371
2406
2414
2411
2403
2388
2372
2399
2402
2351
2349
2413
2417
2356
2371
2435
2387
2335
2398
2441
2431
2404
2371
2406
2436
2409
2391
2382
2355
2374
2416
2405
2364
2341
2371
2416
2397
2364
2393
2403
2354
2382
2424
2380
2369
2397
2375
2382
2401
2399
2426
2390
2376
2446
2458
2382
2391
2422
2422
2430
2437
2445
2398
2383
2427
2400
2349
2428
2444
2364
2415
2444
2372
2364
2418
2387
2373
2435
2419
2344
2387
2470
2439
2385
2386
2430
2459
2446
2412
2358
2381
2438
2452
2417
2377
2380
2390
2391
2406
2416
2410
2392
2395
2415
2429
2402
2382
2425
2444
2386
2378
2423
2396
2344
2365
2375
2376
2382
2415
2447
2395
2340
2377
2386
2398
2389
2402
2446
2447
2380
2380
2419
2407
2377
2418
2413
2361
2392
2426
2427
2432
2360
2328
2390
2431
2410
2393
2353
2402
2470
2378
2345
2432
2431
2395
2386
2389
2433
2420
2359
2438
2467
2347
2369
2444
2435
2411
2406
2430
2437
2416
2387
2407
2413
2356
2372
2451
2416
2362
2395
2435
2405
2378
2364
2394
2396
2395
2398
2369
2351
2415
2436
2396
2404
2434
2405
2375
2402
2458
2396
2362
2419
2422
2367
2418
2429
2359
2375
2418
2402
2391
2374
2340
2398
2389
2335
2363
2411
2415
2420
2345
2335
2448
2417
2334
2440
2433
2338
2391
2432
2372
2348
2395
2417
2396
2407
2390
2368
2382
2414
2409
2391
2406
2402
2411
2410
2393
2435
2436
2364
2365
2447
2435
2362
2391
2434
2359
2354
2451
2404
2375
2464
2436
2350
2397
2429
2404
2402
2401
2406
2454
2419
2314
2370
2441
2411
2398
2415
2426
2367
2373
2410
2404
2394
2395
2419
2388
2375
2423
2420
2416
2412
2358
2368
2452
2422
2365
2386
2416
2440
2422
2386
2389
2377
2369
2389
2413
2407
2378
2402
2452
2392
2339
2381
2425
2413
2396
2396
2380
2361
2397
2407
2405
2377
2377
2391
2395
2395
2386
2378
2404
2382
2365
2376
2401
2396
2375
2404
2408
2399
2477
2468
2332
2386
2465
2365
2392
2431
2380
2409
2386
2370
2472
2407
2341
2412
2432
2326
2302
2394
2429
2404
2413
2433
2388
2364
2435
2423
2369
2434
2457
2383
2400
2402
2386
2407
2407
2409
2438
2386
2408
2426
2389
2390
2405
2381
2408
2419
2348
2356
2418
2398
2363
2374
2393
2376
2394
2424
2400
2373
2392
2376
2359
2415
2413
2366
2366
2398
2419
2375
2380
2447
2429
2365
2392
2397
2352
2396
2438
2402
2377
2385
2414
2399
2350
2384
2439
2386
2359
2374
2407
2439
2389
2356
2442
2420
2381
2411
2422
2407
2410
2411
2432
2444
2417
2419
2437
2405
2410
2394
2372
2369
2414
2409
2361
2388
2436
2395
2356
2383
2411
2386
2331
2399
2466
2401
2390
2450
2396
2364
2402
2397
2382
2406
2420
2416
2409
2411
2401
2389
2434
2425
2378
2360
2396
2458
2440
2338
2395
2469
2363
2335
2427
2452
2362
2320
2383
2399
2358
2364
2401
2374
2367
2418
2447
2390
2366
2425
2430
2373
2381
2404
2375
2380
2412
2398
2378
2381
2442
2437
2367
2370
2401
2383
2417
2432
2372
2375
2416
2377
2388
2420
2405
2412
2443
2394
2371
2411
2426
2400
2382
2402
2380
2355
2406
2404
2394
2390
2376
2424
2436
2398
2421
2441
2389
2426
2467
2385
2350
2399
2466
2443
2341
2362
2438
2412
2346
2367
2439
2417
2378
2400
2413
2418
2401
2427
2471
2401
2343
2408
2425
2388
2396
2401
2398
2400
2391
2375
2395
2417
2356
2356
2419
2393
2369
2375
2349
2421
2474
2389
2352
2448
2448
2342
2378
2424
2388
2404
2410
2389
2421
