2032
2918
2332
1454
2040
2929
2314
1424
2038
2914
2294
1432
2038
2892
2309
1441
2051
2920
2300
1426
2012
2920
2328
1476
2047
2879
2315
1456
2003
2913
2311
1408
2024
2923
2330
1458
2029
2917
2302
1451
2049
2886
2331
1464
2006
2890
2304
1446
2015
2912
2315
1426
1997
2900
2328
1439
2055
2962
2304
1402
2035
2915
2288
1440
2043
2897
2308
1429
1985
2894
2304
1429
2014
2890
2321
1434
2026
2919
2318
1447
2033
2898
2326
1447
2013
2923
2325
1416
2026
2932
2314
1426
2054
2895
2282
1467
2069
2894
2288
1420
1985
2886
2298
1403
2026
2946
2324
1437
2024
2917
2334
1458
2025
2898
2320
1478
2055
2946
2341
1431
2021
2909
2317
1461
2032
2881
2300
1453
2033
2922
2315
1439
2008
2895
2318
1465
2060
2924
2302
1407
1995
2915
2350
1462
2047
2884
2303
1430
2031
2925
2319
1443
2034
2924
2345
1478
2032
2906
2324
1440
2023
2911
2343
1492
2070
2942
2309
1445
2036
2933
2357
1447
2012
2909
2311
1421
2048
2933
2311
1448
2014
2912
2365
1463
2006
2872
2312
1430
2010
2956
2341
1432
2047
2907
2280
1462
2032
2899
2340
1477
2030
2900
2337
1433
2029
2912
2301
1469
2039
2892
2318
1414
1987
2890
2318
1447
2054
2939
2306
1429
2003
2891
2305
1456
2056
2898
2306
1445
2015
2889
2305
1428
1989
2894
2343
1452
2020
2922
2299
1420
2046
2896
2294
1443
2046
2914
2302
1423
2023
2930
2347
1445
2038
2924
2307
1453
2072
2919
2323
1432
1986
2902
2316
1436
2048
2940
2285
1393
2037
2964
2327
1435
2045
2893
2296
1460
2048
2922
2334
1433
2025
2918
2299
1434
2030
2907
2315
1433
2023
2916
2302
1442
2048
2918
2290
1474
2072
2893
2317
1460
2022
2902
2295
1441
2050
2944
2324
1434
2032
2925
2328
1456
2019
2890
2301
1411
1989
2931
2326
1422
2016
2900
2309
1459
2048
2883
2300
1467
2063
2945
2325
1431
1990
2895
2348
1455
2011
2887
2314
1445
2011
2935
2325
1451
2071
2923
2298
1414
2016
2924
2357
1451
2024
2923
2308
1446
2032
2891
2301
1441
2017
2887
2336
1476
2014
2901
2320
1442
2036
2946
2333
1423
2038
2922
2324
1452
2038
2925
2304
1451
2012
2905
2358
1464
2055
2901
2306
1444
2030
2928
2325
1443
2022
2896
2318
1472
2032
2894
2316
1452
1998
2894
2317
1454
2038
2906
2295
1405
2005
2910
2318
1457
1990
2913
2355
1409
2030
2933
2295
1424
1999
2878
2349
1471
2026
2921
2310
1400
2001
2916
2292
1429
2035
2882
2294
1446
2040
2932
2299
1425
2034
2893
2278
1451
2062
2904
2295
1455
2070
2919
2298
1463
2033
2893
2357
1495
2037
2908
2306
1401
2037
2932
2296
1458
2065
2912
2320
1415
2002
2923
2327
1431
2023
2917
2328
1431
2025
2925
2329
1463
2019
2888
2314
1456
2046
2910
2293
1444
2022
2910
2342
1437
1985
2907
2331
1408
2014
2964
2314
1413
2014
2898
2284
1441
2026
2887
2310
1422
1990
2917
2319
1452
2028
2893
2303
1445
2034
2921
2328
1441
1991
2898
2317
1454
2043
2882
2300
1451
2047
2940
2353
1443
1994
2914
2335
1430
2048
2964
2324
1426
2007
2922
2340
1447
2010
2920
2311
1414
2039
2942
2310
1429
2025
2914
2325
1454
2059
2968
2316
1425
2035
2902
2326
1459
2026
2917
2319
1435
2033
2946
2345
1442
2032
2923
2329
1468
2066
2924
2323
1424
1978
2938
2332
1418
2053
2915
2319
1444
2008
2898
2336
1451
2013
2907
2300
1448
2037
2927
2319
1421
2035
2936
2303
1454
2059
2900
2304
1462
2049
2919
2310
1432
2028
2910
2338
1474
2070
2920
2327
1463
1993
2896
2348
1451
2033
2921
2308
1421
2020
2925
2325
1424
2032
2912
2297
1442
2047
2894
2297
1445
1998
2889
2333
1412
1977
2912
2327
1435
2030
2902
2294
1432
2014
2897
2317
1442
2029
2936
2348
1444
2023
2938
2342
1487
2057
2912
2316
1428
2007
2933
2331
1431
2025
2895
2307
1425
2027
2956
2325
1413
2052
2912
2274
1434
2071
2943
2300
1454
2054
2910
2318
1434
1997
2898
2350
1465
2065
2978
2297
1416
2019
2919
2349
1451
2029
2889
2320
1468
2023
2900
2335
1448
2024
2919
2306
1438
2037
2951
2293
1433
2072
2897
2271
1466
2039
2880
2344
1456
2017
2921
2321
1456
2030
2916
2318
1426
2043
2940
2305
1433
2033
2924
2304
1424
2026
2916
2293
1441
2069
2935
2303
1441
2058
2921
2316
1459
2023
2889
2316
1435
2011
2913
2333
1440
2022
2946
2331
1405
2040
2961
2307
1448
2062
2920
2307
1459
2057
2948
2330
1407
2012
2941
2343
1479
2074
2904
2285
1461
2046
2930
2314
1437
2049
2875
2301
1460
2024
2910
2324
1458
2043
2949
2348
1415
2011
2936
2311
1413
2041
2930
2317
1446
2046
2926
2324
1474
2082
2918
2313
1446
2027
2915
2344
1441
2036
2908
2298
1454
2047
2908
2329
1465
2024
2889
2321
1451
2037
2946
2334
1444
2051
2946
2329
1491
2062
2897
2329
1438
2038
2973
2318
1424
2042
2934
2331
1454
2055
2922
2308
1449
2035
2909
2320
1454
2018
2901
2296
1433
2009
2892
2311
1421
2017
2929
2334
1468
2047
2940
2337
1425
2014
2904
2320
1445
2049
2943
2307
1433
2058
2933
2309
1447
2027
2924
2313
1426
2047
2902
2293
1430
2014
2902
2291
1438
2055
2897
2275
1437
2026
2915
2312
1420
2028
2927
2311
1434
2032
2944
2315
1423
2028
2892
2305
1462
2020
2935
2344
1451
2042
2901
2306
1416
1984
2886
2309
1455
2043
2925
2315
1443
1999
2904
2325
1446
2013
2906
2310
1442
2043
2932
2338
1476
2007
2902
2348
1448
2029
2935
2331
1417
2004
2886
2341
1474
1997
2882
2330
1452
2003
2922
2330
1403
1996
2930
2306
1416
2026
2918
2303
1437
2002
2911
2342
1461
2037
2907
2295
1453
2043
2949
2358
1473
2025
2892
2311
1416
2026
2949
2301
1427
2079
2944
2306
1456
2011
2894
2309
1424
2048
2948
2341
1455
2028
2901
2316
1455
2062
2952
2285
1397
2016
2899
2291
1450
2061
2908
2353
1463
2022
2938
2314
1443
2048
2903
2288
1445
2056
2912
2297
1427
2024
2948
2341
1456
2051
2937
2309
1445
2051
2932
2323
1434
2006
2921
2344
1470
2037
2940
2354
1420
1988
2902
2295
1462
2079
2901
2304
1454
2039
2930
2334
1450
2047
2913
2269
1445
2056
2904
2304
1443
2028
2904
2326
1451
2026
2914
2330
1452
2043
2920
2330
1437
2009
2910
2315
1428
2036
2926
2335
1455
1981
2893
2347
1451
2062
2960
2302
1418
2054
2921
2317
1491
2053
2900
2339
1480
2039
2927
2345
1442
2033
2919
2322
1446
2001
2895
2339
1433
2044
2930
2296
1419
2040
2904
2286
1465
2065
2940
2309
1431
2041
2936
2307
1415
2051
2936
2289
1466
2062
2933
2353
1458
2011
2907
2328
1461
2046
2930
2314
1461
2061
2926
2335
1445
2016
2953
2314
1425
2062
2916
2308
1463
2013
2891
2296
1425
2045
2937
2325
1465
2039
2916
2323
1457
2067
2913
2272
1399
1997
2915
2322
1446
2005
2907
2330
1421
2041
2937
2295
1424
2041
2893
2305
1500
2029
2896
2330
1432
2053
2958
2287
1400
2023
2945
2298
1446
2073
2903
2299
1444
2017
2914
2344
1469
2029
2900
2289
1442
2048
2928
2331
1472
2019
2893
2311
1429
2015
2912
2306
1446
2043
2924
2331
1451
2001
2909
2320
1428
2039
2926
2302
1434
2036
2904
2298
1474
2088
2932
2313
1446
2012
2904
2349
1479
2032
2904
2320
1436
2038
2945
2300
1423
2064
2898
2291
1468
2054
2934
2336
1445
1995
2912
2339
1418
2018
2940
2280
1400
2081
2954
2307
1465
2030
2883
2312
1473
2043
2902
2293
1453
2036
2909
2317
1443
2030
2930
2330
1414
1999
2919
2336
1431
2053
2921
2290
1459
2052
2936
2311
1404
2042
2918
2322
1462
2078
2940
2321
1465
2035
2901
2316
1461
2027
2900
2304
1441
2045
2915
2310
1425
1992
2910
2305
1454
2055
2914
2315
1439
2018
2931
2323
1414
2010
2904
2292
1445
2025
2913
2313
1414
2016
2916
2312
1438
1996
2849
2294
1449
2020
2915
2351
1448
2017
2913
2296
1420
2041
2902
2307
1441
2029
2927
2324
1470
2043
2891
2299
1425
2007
2905
2320
1435
2036
2925
2311
1429
2041
2935
2304
1438
2073
2920
2290
1490
2091
2905
2272
1429
2061
2953
2332
1477
2041
2887
2329
1465
2037
2898
2336
1422
1990
2944
2336
1412
2041
2901
2268
1444
2026
2893
2313
1419
1999
2888
2296
1441
2035
2932
2300
1415
2035
2891
2296
1435
2013
2909
2312
1435
2030
2934
2307
1421
2009
2866
2299
1439
2033
2930
2323
1430
2034
2908
2297
1446
2070
2896
2284
1451
1999
2903
2322
1415
2004
2909
2282
1436
2064
2935
2303
1434
2028
2907
2327
1452
2022
2903
2280
1421
2041
2919
2321
1455
2001
2900
2320
1428
2045
2919
2305
1443
2030
2948
2325
1424
2072
2930
2261
1387
2048
2944
2322
1446
2047
2903
2291
1486
2092
2915
2297
1436
2008
2894
2332
1451
2016
2920
2306
1448
2067
2924
2292
1448
2036
2917
2325
1452
2041
2893
2302
1444
1986
2921
2335
1427
2051
2946
2275
1434
2061
2950
2320
1417
2009
2912
2311
1417
2026
2934
2349
1464
2026
2887
2291
1444
2028
2913
2295
1427
2031
2886
2296
1456
2000
2881
2320
1452
2058
2914
2304
1427
2026
2937
2328
1452
2040
2909
2309
1449
2035
2909
2327
1431
2022
2908
2288
1417
2041
2943
2307
1413
2055
2911
2292
1444
2021
2910
2283
1422
1993
2851
2277
1457
2016
2876
2330
1452
2039
2924
2302
1409
1999
2928
2299
1431
2047
2887
2273
1470
2053
2909
2339
1456
2025
2913
2285
1421
2045
2932
2318
1435
2051
2888
2288
1458
2041
2907
2306
1429
2018
2903
2288
1440
2035
2883
2286
1466
2043
2914
2340
1445
2014
2935
2341
1450
2064
2934
2315
1426
1998
2904
2317
1454
2048
2935
2321
1451
2068
2949
2309
1434
2027
2903
2304
1466
2037
2909
2328
1422
2015
2928
2320
1419
1999
2890
2309
1437
2017
2903
2333
1462
2016
2912
2318
1455
2023
2866
2304
1460
2034
2934
2338
1439
2025
2897
2314
1443
2008
2884
2339
1436
2008
2921
2292
1420
2033
2876
2274
1442
2018
2907
2340
1450
1996
2900
2303
1412
2007
2904
2295
1422
2019
2936
2305
1444
2067
2908
2310
1449
2039
2926
2327
1436
1985
2892
2308
1427
2058
2923
2270
1419
2042
2866
2297
1470
2010
2895
2332
1452
2025
2935
2332
1437
1967
2889
2299
1410
2060
2910
2278
1435
2068
2957
2296
1427
2051
2915
2293
1434
2044
2913
2309
1454
2035
2882
2315
1442
2016
2931
2340
1451
2034
2897
2303
1443
2003
2919
2354
1409
2003
2930
2278
1424
2048
2926
2322
1431
2045
2911
2315
1418
1984
2916
2331
1455
2028
2919
2326
1443
2030
2928
2351
1436
2032
2915
2311
1447
2029
2927
2324
1407
2010
2919
2332
1457
2048
2888
2304
1479
2044
2926
2339
1457
2026
2894
2305
1465
2065
2911
2331
1443
1983
2886
2331
1446
2016
2905
2326
1453
2048
2927
2311
1433
2002
2875
2338
1477
2013
2923
2369
1432
2006
2932
2308
1434
2038
2920
2313
1427
2054
2920
2316
1491
2024
2888
2323
1439
2056
2966
2322
1431
2022
2923
2322
1441
2034
2881
2286
1421
2021
2947
2350
1427
2007
2898
2289
1465
2054
2927
2350
1455
2027
2901
2309
1437
2024
2918
2312
1428
2060
2935
2314
1437
2016
2903
2326
1455
2048
2931
2310
1438
2013
2916
2319
1407
2038
2897
2258
1426
2022
2933
2345
1430
2046
2953
2321
1422
2035
2916
2317
1470
2037
2914
2345
1453
1993
2938
2350
1399
2047
2970
2292
1420
2019
2933
2304
1438
2059
2896
2295
1417
1983
2884
2329
1462
2021
2924
2327
1434
1986
2929
2365
1432
2038
2910
2308
1481
2047
2921
2334
1439
2019
2905
2307
1434
2043
2936
2322
1436
1991
2887
2337
1479
1979
2889
2387
1467
2045
2962
2311
1403
2053
2943
2290
1453
2069
2908
2311
1430
2026
2949
2336
1438
2034
2902
2318
1469
2058
2935
2313
1432
2035
2943
2306
1434
2021
2891
2295
1468
2061
2905
2317
1462
2016
2933
2331
1438
2076
2942
2311
1453
2017
2916
2341
1477
2028
2915
2320
1428
2063
2950
2310
1429
2034
2891
2291
1450
2042
2914
2315
1485
2068
2929
2335
1447
2021
2917
2340
1430
2011
2935
2313
1435
1999
2879
2330
1456
2080
2946
2294
1431
2015
2904
2332
1452
2042
2939
2324
1395
2032
2943
2321
1431
2024
2920
2329
1462
2031
2934
2305
1409
2016
2913
2321
1444
2007
2929
2326
1405
2028
2963
2331
1460
2038
2892
2332
1461
2044
2959
2346
1426
2003
2909
2339
1441
2021
2923
2356
1454
2026
2943
2346
1444
2002
2914
2353
1439
2022
2959
2360
1443
2020
2911
2331
1451
1990
2934
2338
1440
2031
2938
2327
1422
1992
2891
2320
1471
2026
2880
2302
1428
1994
2926
2344
1430
2039
2893
2289
1453
2019
2930
2392
1447
1982
2915
2338
1441
2046
2932
2310
1456
2040
2905
2314
1462
1991
2916
2344
1428
2031
2914
2296
1453
2023
2904
2310
1460
2063
2931
2307
1447
2038
2941
2349
1464
2048
2902
2291
1463
2039
2927
2322
1432
2027
2893
2311
1447
2011
2897
2344
1473
2020
2915
2359
1445
2028
2913
2289
1433
2030
2922
2309
1450
1999
2898
2355
1450
2040
2961
2327
1435
2033
2916
2305
1485
2052
2875
2321
1437
1999
2953
2374
1448
2015
2864
2303
1456
2020
2934
2338
1432
2038
2955
2323
1454
2045
2897
2311
1439
2000
2901
2338
1453
2004
2911
2326
1441
2063
2960
2321
1403
2004
2904
2285
1443
2055
2906
2313
1473
2062
2917
2347
1467
2012
2862
2334
1499
2034
2953
2354
1407
2043
2967
2322
1429
2055
2931
2309
1460
2038
2911
2342
1467
2036
2891
2314
1472
2051
2913
2307
1424
2005
2910
2318
1434
2023
2931
2338
1446
2054
2945
2325
1468
2028
2907
2347
1473
2021
2948
2335
1425
2040
2900
2292
1454
2038
2925
2298
1440
2023
2936
2355
1462
2051
2923
2322
1477
2080
2946
2266
1415
2025
2910
2317
1467
2028
2881
2317
1451
1981
2906
2348
1453
2012
2897
2296
1438
2040
2909
2322
1474
2036
2896
2329
1460
2018
2909
2331
1461
2033
2947
2348
1456
2036
2901
2324
1471
2078
2956
2321
1403
2015
2948
2343
1446
2041
2927
2310
1427
2048
2924
2299
1486
2027
2865
2313
1455
2011
2933
2331
1413
2023
2938
2307
1413
2051
2944
2270
1403
2049
2923
2285
1432
2007
2864
2305
1457
2040
2912
2311
1449
2002
2890
2328
1462
2080
2933
2296
1436
2049
2931
2329
1446
2024
2922
2336
1462
2050
2953
2341
1457
2064
2932
2326
1461
2035
2919
2330
1426
2042
2947
2301
1431
2057
2923
2304
1474
2076
2923
2312
1442
2029
2914
2300
1431
2034
2909
2312
1446
2046
2949
2359
1468
2019
2900
2311
1449
2048
2955
2333
1417
2014
2911
2302
1459
2022
2892
2335
1443
2012
2931
2308
1407
2030
2924
2309
1445
2054
2910
2318
1442
2027
2929
2332
1439
2021
2884
2306
1443
2032
2915
2323
1432
2009
2872
2283
1470
2049
2952
2325
1412
2043
2940
2312
1432
2043
2896
2297
1449
2032
2881
2300
1434
1987
2875
2320
1424
2022
2931
2290
1420
2026
2908
2332
1449
2031
2918
2328
1466
2035
2897
2301
1433
2028
2906
2319
1443
2042
2937
2340
1427
1989
2908
2319
1421
2019
2932
2292
1415
2033
2924
2303
1442
2015
2916
2305
1428
2075
2963
2285
1427
2057
2940
2317
1459
2023
2880
2292
1437
2039
2937
2319
1449
2053
2874
2273
1458
2065
2931
2296
1396
2019
2903
2308
1445
2028
2917
2288
1427
2045
2926
2320
1430
2007
2913
2323
1431
2023
2933
2311
1427
2003
2907
2319
1448
2038
2884
2272
1438
2031
2901
2336
1435
2000
2893
2346
1478
2061
2922
2315
1440
2010
2923
2360
1438
2016
2924
2292
1399
2048
2937
2298
1454
1997
2879
2354
1448
2012
2918
2283
1428
2044
2917
2301
1424
2036
2889
2283
1438
1997
2887
2359
1477
1983
2864
2319
1450
2031
2920
2285
1406
1994
2885
2325
1425
1993
2920
2331
1434
2021
2928
2292
1411
2013
2904
2314
1460
2039
2900
2309
1466
2021
2909
2302
1419
2031
2902
2280
1416
2037
2947
2334
1436
2022
2900
2309
1448
1990
2895
2343
1417
2022
2941
2299
1441
2038
2933
2309
1418
2047
2925
2299
1434
2049
2915
2323
1467
2042
2926
2311
1414
2017
2902
2286
1428
2051
2915
2302
1443
2039
2904
2294
1450
2054
2903
2317
1446
2026
2953
2334
1399
2024
2926
2281
1433
2036
2904
2290
1434
2048
2924
2290
1399
2019
2937
2304
1446
2042
2905
2323
1446
1993
2918
2337
1430
2006
2917
2326
1430
2011
2919
2335
1451
2012
2906
2316
1426
2049
2956
2300
1405
1988
2893
2319
1473
2056
2927
2308
1458
2044
2918
2302
1437
2014
2900
2322
1472
2068
2916
2306
1439
2017
2922
2308
1409
2038
2895
2291
1457
2039
2895
2302
1465
2024
2876
2292
1459
2045
2928
2324
1402
2001
2892
2324
1458
2019
2922
2336
1457
2046
2924
2293
1433
2016
2880
2313
1433
2032
2907
2297
1442
2019
2948
2305
1406
2023
2896
2298
1439
2016
2908
2335
1451
2006
2906
2320
1423
1996
2915
2323
1452
2038
2956
2323
1431
2036
2910
2304
1435
2038
2896
2327
1478
1993
2899
2359
1432
2007
2912
2296
1418
1997
2863
2308
1462
2035
2891
2285
1432
2028
2912
2290
1442
2014
2875
2301
1426
1984
2911
2286
1420
2039
2879
2291
1461
2031
2903
2282
1414
2014
2911
2315
1440
1993
2876
2318
1422
2023
2893
2264
1451
2015
2911
2344
1435
2023
2915
2293
1405
2027
2937
2319
1436
2051
2891
2306
1451
1993
2906
2331
1427
2009
2906
2326
1454
2011
2881
2313
1423
1997
2913
2331
1432
1994
2893
2307
1431
2047
2928
2300
1413
2010
2897
2277
1433
2060
2923
2313
1444
1998
2915
2313
1395
2014
2897
2295
1450
2029
2942
2334
1418
2020
2930
2295
1409
2019
2919
2266
1434
2063
2897
2311
1453
2037
2919
2307
1441
2061
2942
2288
1395
2016
2932
2303
1402
2028
2927
2290
1428
2018
2904
2319
1451
2015
2913
2310
1430
2053
2951
2312
1434
2018
2914
2306
1444
2024
2901
2293
1416
2047
2943
2310
1453
2022
2923
2325
1415
2021
2923
2281
1397
1991
2884
2321
1472
2033
2872
2314
1452
1989
2926
2360
1429
2016
2882
2293
1465
2029
2925
2315
1408
2023
2906
2300
1456
2031
2873
2290
1468
2061
2929
2300
1427
2052
2929
2299
1432
2048
2913
2304
1446
1992
2888
2312
1443
2064
2919
2313
1445
2029
2901
2333
1439
2006
2907
2294
1451
2051
2918
2310
1436
2040
2914
2309
1434
2026
2930
2270
1426
2062
2911
2303
1431
1985
2877
2316
1471
2051
2898
2313
1458
2010
2881
2315
1444
2009
2913
2326
1415
1992
2907
2301
1412
2049
2933
2325
1470
2034
2916
2311
1446
2043
2901
2297
1418
2029
2930
2279
1439
2082
2920
2298
1449
1998
2884
2316
1445
2036
2918
2308
1396
2004
2925
2318
1455
2015
2885
2328
1445
1999
2943
2358
1447
2064
2931
2316
1462
2056
2934
2302
1433
2064
2895
2299
1459
2016
2915
2334
1412
2013
2926
2317
1431
2015
2919
2316
1450
2048
2918
2313
1432
2019
2939
2346
1451
2045
2919
2328
1462
2013
2931
2349
1421
2005
2876
2273
1437
2046
2920
2332
1433
2016
2902
2294
1426
2039
2933
2329
1437
2010
2937
2349
1427
2015
2921
2346
1453
2037
2942
2321
1432
2017
2902
2300
1444
2033
2868
2307
1470
2018
2943
2340
1460
2071
2927
2324
1443
2047
2977
2348
1415
2025
2913
2304
1475
2043
2891
2335
1487
2065
2967
2351
1429
1984
2906
2333
1444
2014
2913
2310
1441
2026
2918
2331
1433
2004
2894
2297
1455
2038
2917
2331
1469
2042
2884
2315
1462
2026
2923
2349
1457
2009
2891
2354
1456
2038
2913
2292
1419
2054
2934
2301
1431
2034
2904
2321
1449
2046
2916
2282
1403
2003
2892
2344
1490
2026
2881
2333
1458
2032
2928
2336
1462
2019
2867
2307
1462
1991
2894
2331
1418
2004
2917
2340
1446
2007
2917
2300
1425
2064
2935
2283
1423
2041
2925
2319
1481
2053
2894
2343
1479
2021
2918
2332
1449
2060
2949
2303
1436
2039
2916
2321
1430
2001
2895
2295
1422
2020
2908
2306
1456
2021
2865
2326
1470
2011
2910
2330
1461
2048
2932
2316
1449
2033
2891
2315
1476
2055
2921
2314
1410
2036
2926
2303
1464
2039
2888
2297
1437
2018
2911
2285
1430
2044
2891
2319
1465
2043
2926
2300
1414
2035
2930
2331
1442
2014
2889
2312
1455
2056
2925
2322
1431
2013
2923
2333
1456
2063
2915
2300
1420
2001
2900
2321
1441
2017
2916
2314
1429
2018
2923
2325
1428
2016
2899
2299
1444
2040
2931
2303
1438
2041
2905
2337
1477
2025
2921
2334
1449
2049
2948
2310
1435
2044
2918
2337
1463
2067
2910
2294
1446
2028
2917
2315
1452
2060
2912
2304
1468
2033
2919
2374
1452
1990
2914
2311
1450
2036
2939
2315
1451
2038
2872
2313
1459
2021
2948
2337
1440
2048
2920
2305
1435
2002
2869
2321
1449
2012
2924
2321
1414
2001
2936
2345
1452
2041
2881
2273
1447
2028
2922
2334
1452
2026
2923
2328
1438
2040
2937
2300
1445
2050
2944
2355
1467
2019
2909
2344
1458
2023
2925
2303
1419
2045
2941
2321
1470
2083
2932
2302
1441
2017
2923
2338
1471
2030
2889
2314
1420
2002
2938
2340
1421
2009
2897
2307
1463
2040
2930
2316
1430
2041
2928
2343
1461
2011
2885
2302
1451
2022
2909
2352
1456
1998
2903
2321
1428
2040
2952
2275
1435
2054
2927
2305
1446
2073
2918
2323
1455
2014
2920
2314
1450
2026
2909
2320
1453
2017
2887
2304
1427
2014
2906
2324
1442
2033
2939
2331
1469
2068
2916
2316
1431
2018
2936
2333
1462
2041
2914
2311
1464
2034
2897
2313
1480
2054
2900
2341
1438
1985
2929
2353
1445
2017
2909
2347
1464
2036
2939
2319
1416
2044
2927
2319
1462
2020
2903
2329
1445
2040
2942
2317
1429
2026
2932
2308
1443
2044
2911
2319
1460
2026
2908
2325
1465
2045
2929
2309
1411
2013
2918
2335
1457
2029
2904
2341
1466
2034
2925
2296
1419
2003
2879
2330
1462
1997
2882
2310
1466
2039
2914
2329
1446
1996
2894
2320
1440
2059
2937
2307
1426
2023
2894
2292
1432
2031
2911
2315
1428
2029
2924
2318
1466
2050
2926
2328
1444
2033
2932
2281
1450
2058
2883
2294
1470
2011
2904
2330
1428
2027
2953
2336
1427
2019
2930
2314
1420
2027
2915
2299
1447
2004
2895
2329
1448
2016
2887
2302
1446
2026
2941
2362
1458
2017
2936
2331
1448
2045
2927
2281
1426
2022
2867
2301
1461
2009
2891
2318
1454
2013
2938
2366
1454
1977
2886
2325
1429
2037
2914
2294
1431
2002
2905
2308
1442
2043
2892
2277
1431
2018
2874
2291
1463
2026
2893
2301
1449
2029
2917
2314
1427
2024
2923
2312
1427
2034
2898
2290
1458
2007
2913
2347
1451
1997
2895
2337
1456
2048
2923
2298
1424
2005
2915
2312
1443
2040
2894
2310
1468
2010
2911
2346
1456
2017
2871
2301
1450
2037
2931
2309
1419
2019
2901
2331
1471
2034
2889
2285
1434
2036
2927
2318
1456
2012
2908
2361
1447
2043
2948
2312
1429
2025
2927
2340
1426
2010
2925
2315
1455
2047
2935
2337
1458
2040
2891
2318
1497
2068
2938
2301
1392
2001
2935
2343
1440
2042
2927
2302
1448
2052
2928
2317
1452
2007
2892
2356
1486
2033
2926
2362
1450
1999
2933
2324
1432
2074
2918
2311
1471
2050
2928
2358
1465
2001
2907
2339
1433
2035
2970
2340
1417
2022
2926
2302
1422
2039
2916
2309
1443
2025
2908
2299
1432
2000
2919
2315
1390
2071
2981
2254
1404
2023
2862
2308
1476
2030
2898
2333
1458
2030
2939
2340
1466
2008
2897
2332
1429
1987
2937
2312
1403
2029
2882
2308
1469
2032
2922
2323
1429
2030
2917
2299
1419
2029
2885
2317
1466
2033
2909
2323
1442
2015
2941
2336
1452
2047
2903
2304
1409
2046
2947
2297
1450
2049
2873
2295
1460
2032
2941
2336
1417
2026
2912
2298
1440
2027
2913
2288
1425
2070
2927
2295
1455
2011
2872
2330
1477
2027
2904
2346
1452
2013
2936
2336
1444
2043
2895
2317
1455
2022
2953
2355
1430
2017
2903
2330
1468
2017
2923
2332
1444
2074
2951
2312
1416
2020
2903
2294
1440
2014
2904
2333
1472
2004
2876
2318
1459
2032
2904
2310
1412
1979
2911
2354
1455
2047
2919
2296
1420
2010
2931
2363
1445
2026
2914
2318
1456
2052
2931
2314
1446
2010
2896
2302
1420
2001
2881
2268
1419
2042
2913
2294
1434
2026
2918
2333
1428
2041
2923
2308
1444
2022
2942
2339
1444
2035
2914
2318
1435
2028
2924
2326
1464
2021
2880
2316
1449
1996
2916
2340
1414
2014
2902
2309
1460
2013
2905
2321
1431
2046
2953
2311
1433
2022
2891
2291
1445
2045
2893
2316
1431
1999
2957
2339
1404
2039
2904
2256
1408
2017
2876
2315
1458
1998
2894
2309
1425
2030
2947
2301
1416
2043
2908
2314
1448
1999
2893
2350
1465
2020
2918
2313
1450
2056
2930
2297
1422
2047
2935
2329
1445
1983
2918
2333
1433
2035
2901
2277
1452
2018
2860
2315
1458
1993
2865
2308
1432
1999
2913
2318
1425
2007
2907
2331
1441
2017
2892
2288
1440
2057
2902
2272
1443
2049
2902
2288
1459
2054
2893
2296
1459
2014
2912
2368
1468
2031
2912
2286
1433
2004
2898
2336
1478
2029
2845
2288
1446
1996
2882
2321
1441
2002
2917
2318
1422
2023
2923
2297
1421
2027
2906
2320
1417
1984
2916
2316
1443
2079
2932
2278
1421
2043
2934
2296
1425
2051
2928
2314
1430
2031
2905
2307
1452
2034
2918
2327
1438
2009
2942
2326
1407
2018
2880
2327
1456
1979
2929
2344
1418
2052
2961
2269
1419
2059
2899
2290
1471
2038
2883
2312
1419
1965
2894
2347
1437
2013
2893
2294
1432
2031
2965
2355
1424
2021
2920
2303
1444
2046
2953
2344
1443
1997
2894
2302
1449
2034
2899
2315
1461
2031
2887
2313
1435
1989
2917
2338
1435
2032
2923
2326
1423
1993
2912
2340
1452
2017
2894
2316
1433
1998
2896
2319
1429
2022
2893
2304
1435
2024
2925
2314
1445
2040
2899
2293
1448
2026
2896
2325
1455
2004
2882
2336
1465
1990
2878
2341
1449
2025
2925
2319
1409
2021
2947
2329
1457
2048
2881
2311
1461
2014
2906
2361
1437
1979
2886
2333
1461
2027
2925
2306
1438
2045
2894
2278
1426
2012
2905
2300
1439
2042
2928
2333
1436
2017
2901
2336
1455
2049
2943
2318
1454
1997
2884
2334
1438
2018
2913
2307
1430
2014
2924
2329
1445
2043
2888
2303
1453
2035
2937
2328
1433
2019
2900
2295
1464
2052
2891
2312
1443
2016
2909
2327
1440
1993
2867
2318
1476
2051
2910
2311
1438
2022
2940
2342
1444
2065
2945
2313
1452
2052
2937
2335
1441
2026
2915
2328
1467
2033
2915
2322
1462
2027
2935
2337
1447
2031
2908
2292
1450
2040
2910
2340
1439
1992
2915
2338
1434
2033
2934
2292
1404
2020
2935
2297
1423
2056
2908
2288
1424
1994
2887
2323
1468
2020
2873
2300
1470
2032
2936
2348
1448
2008
2903
2333
1432
2020
2942
2327
1423
2020
2918
2308
1458
2017
2867
2303
1456
2039
2897
2300
1399
1993
2916
2309
1410
1992
2879
2304
1434
2024
2940
2325
1438
2041
2884
2283
1436
2002
2923
2339
1430
2041
2929
2305
1405
2016
2932
2303
1432
2043
2934
2332
1461
2029
2905
2305
1429
2025
2924
2314
1425
2005
2920
2345
1419
2031
2912
2316
1459
2015
2902
2330
1448
1980
2863
2346
1468
2031
2929
2301
1420
2040
2921
2299
1427
2002
2901
2346
1465
2005
2890
2343
1461
2004
2930
2344
1416
2056
2947
2316
1408
2017
2926
2292
1426
2020
2894
2309
1453
1989
2920
2377
1428
2011
2933
2332
1464
2048
2935
2335
1425
2008
2894
2330
1455
2013
2900
2319
1432
2025
2957
2322
1412
2034
2897
2293
1443
2047
2907
2316
1452
2010
2913
2353
1455
2026
2903
2328
1444
2005
2908
2322
1446
2027
2897
2302
1426
2017
2901
2311
1452
2045
2912
2320
1440
2008
2897
2302
1465
2041
2885
2333
1481
2024
2896
2328
1452
2055
2928
2313
1437
2038
2944
2316
1446
2063
2917
2278
1424
2022
2921
2351
1439
2028
2922
2323
1463
2057
2963
2295
1442
2062
2936
2337
1455
2059
2886
2319
1487
2055
2915
2316
1463
2027
2930
2355
1430
2030
2934
2327
1453
2019
2903
2324
1483
2035
2864
2316
1457
2041
2941
2347
1440
1994
2879
2338
1477
1993
2908
2366
1443
2002
2920
2320
1430
2043
2923
2288
1435
2037
2939
2336
1404
1965
2901
2337
1457
2038
2917
2341
1450
1969
2913
2367
1420
2016
2934
2326
1449
2024
2914
2316
1434
2015
2884
2320
1499
2072
2908
2315
1479
2045
2907
2326
1456
2055
2905
2298
1440
2013
2908
2347
1463
2025
2942
2327
1459
2067
2916
2319
1448
2003
2883
2316
1439
2029
2916
2326
1457
2024
2948
2337
1437
2006
2891
2320
1439
2012
2941
2324
1418
2001
2908
2308
1449
2053
2902
2333
1466
2048
2943
2331
1458
2001
2891
2329
1430
2029
2927
2303
1410
1996
2923
2338
1437
2006
2894
2267
1439
2029
2906
2333
1452
2022
2879
2323
1449
2004
2914
2332
1437
2005
2899
2335
1424
2004
2933
2323
1448
2038
2919
2314
1424
1979
2872
2315
1427
2033
2949
2316
1408
2008
2912
2283
1471
2073
2880
2291
1451
2039
2899
2330
1466
2020
2868
2321
1480
2005
2882
2304
1421
2011
2884
2311
1450
2001
2878
2326
1454
2002
2888
2317
1430
1990
2900
2335
1437
2028
2936
2298
1414
1980
2866
2329
1455
2019
2891
2311
1442
2024
2901
2332
1462
2018
2920
2320
1414
2057
2952
2295
1423
2017
2904
2321
1437
2019
2927
2285
1418
2045
2899
2314
1456
1980
2882
2332
1458
2030
2905
2302
1421
1990
2890
2318
1452
2041
2926
2293
1409
2035
2930
2300
1419
2036
2888
2282
1451
2036
2930
2319
1435
2035
2896
2298
1437
2026
2887
2266
1437
2025
2923
2331
1446
2023
2892
2306
1439
2070
2948
2291
1431
2008
2906
2327
1434
2016
2900
2299
1437
2034
2946
2342
1441
2017
2912
2294
1426
2044
2941
2309
1413
2026
2891
2309
1452
2042
2917
2297
1430
2007
2903
2360
1464
2000
2904
2320
1434
2023
2895
2274
1403
2028
2928
2301
1454
2039
2894
2291
1428
2017
2952
2326
1391
1993
2905
2319
1476
2020
2915
2327
1438
2025
2910
2317
1452
2015
2909
2325
1401
1994
2937
2341
1444
2022
2910
2325
1430
2030
2924
2319
1439
2002
2905
2343
1457
2031
2918
2301
1415
2018
2929
2333
1434
2001
2875
2276
1429
2036
2966
2303
1412
2073
2944
2307
1442
2016
2887
2265
1413
2040
2935
2331
1457
2016
2907
2340
1424
2013
2933
2314
1448
2016
2919
2334
1423
2037
2894
2252
1434
2049
2918
2324
1435
2013
2899
2303
1455
2032
2914
2296
1432
2016
2887
2318
1440
2039
2899
2291
1417
2018
2919
2323
1433
2004
2892
2334
1439
2024
2933
2302
1402
1971
2902
2306
1410
2019
2887
2315
1469
2031
2927
2327
1423
2005
2898
2301
1433
2034
2907
2275
1418
2018
2895
2304
1435
1995
2899
2319
1463
2030
2907
2303
1424
2002
2910
2320
1424
2016
2892
2335
1457
1996
2907
2358
1430
2021
2951
2337
1430
2005
2929
2346
1427
2000
2888
2293
1439
2049
2941
2308
1425
2007
2882
2309
1438
2005
2886
2325
1444
1998
2902
2319
1430
1997
2909
2330
1453
2031
2876
2294
1455
2003
2895
2330
1440
2041
2924
2303
1433
2030
2909
2301
1446
2019
2885
2313
1443
2062
2963
2309
1422
2026
2879
2318
1474
2002
2876
2312
1454
2009
2912
2329
1418
2011
2905
2302
1442
2057
2943
2305
1399
1986
2915
2303
1419
2048
2897
2288
1436
2030
2934
2317
1421
2012
2904
2289
1432
2021
2906
2301
1433
2020
2899
2319
1434
2012
2887
2298
1445
2043
2915
2324
1456
2007
2894
2332
1431
1985
2906
2312
1418
2009
2936
2327
1423
2052
2942
2297
1414
2030
2912
2324
1458
2036
2888
2302
1446
2030
2942
2328
1400
2035
2929
2289
1407
2002
2872
2308
1469
2052
2949
2342
1436
2007
2910
2332
1438
2022
2927
2315
1432
1993
2897
2314
1449
2019
2893
2315
1426
2003
2916
2348
1458
2000
2863
2337
1455
1991
2903
2350
1418
1968
2897
2342
1439
2005
2908
2335
1445
2022
2931
2302
1416
2010
2897
2296
1419
2006
2892
2309
1432
2006
2918
2310
1438
2027
2887
2318
1450
2013
2899
2354
1480
2015
2888
2326
1436
2011
2940
2332
1425
2032
2911
2298
1456
2024
2888
2312
1442
2014
2914
2312
1424
2002
2880
2328
1464
2011
2904
2332
1447
2013
2926
2327
1443
2053
2886
2262
1425
2007
2917
2344
1452
2015
2902
2311
1437
2026
2918
2306
1423
2017
2919
2345
1432
1989
2921
2323
1424
2044
2921
2308
1421
2003
2896
2324
1466
2033
2903
2333
1429
1989
2909
2329
1428
2021
2918
2345
1467
2014
2932
2348
1454
1990
2911
2350
1470
2048
2935
2353
1464
2003
2922
2342
1429
2036
2928
2309
1440
2028
2913
2323
1444
1988
2899
2339
1443
2018
2931
2349
1438
1985
2916
2348
1448
2009
2910
2303
1400
2007
2927
2315
1453
2022
2897
2342
1474
2035
2935
2327
1413
2002
2922
2353
1467
2022
2896
2312
1422
2005
2881
2303
1472
2035
2904
2317
1448
2048
2899
2308
1453
1975
2881
2361
1468
2032
2913
2301
1435
2041
2916
2304
1445
2038
2873
2320
1456
2025
2961
2315
1411
2020
2902
2317
1474
2009
2886
2327
1421
2013
2914
2322
1450
1983
2872
2332
1461
2010
2876
2320
1435
2011
2920
2316
1452
2044
2897
2317
1437
1999
2904
2316
1453
2037
2886
2319
1462
2022
2907
2322
1421
1991
2896
2345
1457
1997
2890
2325
1440
2021
2923
2314
1452
2029
2899
2331
1465
2016
2902
2347
1460
2017
2924
2346
1442
2026
2903
2314
1430
2037
2955
2374
1452
1993
2900
2324
1426
2000
2929
2316
1427
2050
2915
2310
1429
1996
2925
2342
1423
2019
2928
2317
1435
2026
2927
2339
1449
2032
2935
2305
1392
2029
2924
2307
1455
2040
2872
2294
1435
2020
2918
2311
1408
1993
2914
2326
1451
2054
2930
2307
1417
2004
2913
2316
1435
1996
2858
2315
1452
1998
2897
2349
1472
2019
2918
2318
1422
2037
2910
2292
1403
1988
2923
2359
1466
2028
2909
2311
1449
2033
2892
2319
1464
2017
2866
2320
1474
2006
2932
2332
1407
1991
2890
2310
1466
2004
2890
2325
1451
2017
2902
2324
1458
2031
2915
2342
1473
2041
2922
2323
1423
1998
2908
2310
1440
2041
2917
2309
1423
2007
2904
2277
1454
2021
2855
2311
1496
2033
2921
2306
1419
2022
2893
2294
1446
2015
2892
2308
1432
2029
2927
2292
1409
2035
2909
2295
1473
2028
2895
2323
1426
1960
2904
2331
1427
2022
2915
2283
1426
2021
2908
2329
1452
2026
2912
2307
1454
2023
2870
2317
1448
1994
2918
2336
1441
2032
2910
2303
1433
2008
2912
2328
1430
1961
2889
2345
1452
2040
2923
2344
1447
2006
2925
2317
1400
2025
2942
2296
1413
2040
2917
2337
1462
2001
2882
2320
1425
2008
2949
2318
1395
2035
2939
2334
1469
2012
2882
2311
1438
2007
2902
2311
1439
1989
2893
2305
1414
2020
2897
2318
1464
2026
2904
2309
1450
2035
2892
2284
1429
2021
2889
2282
1403
1995
2884
2308
1448
2014
2938
2343
1423
2011
2935
2339
1457
2067
2908
2310
1456
2046
2937
2315
1416
2033
2910
2314
1415
2027
2939
2332
1439
2012
2924
2312
1432
2017
2893
2311
1437
2052
2935
2303
1431
1980
2873
2284
1445
2054
2913
2291
1450
2002
2858
2319
1461
1992
2885
2318
1414
2014
2925
2318
1450
1971
2872
2369
1461
2014
2950
2358
1414
2001
2930
2316
1434
2008
2876
2289
1438
2014
2933
2349
1425
2004
2887
2310
1440
2010
2923
2311
1422
2042
2910
2315
1449
2011
2878
2324
1443
2014
2917
2291
1419
2033
2917
2335
1464
2046
2916
2310
1428
2040
2913
2283
1449
2048
2867
2283
1425
1995
2925
2349
1431
2033
2918
2305
1442
2034
2943
2350
1465
2015
2873
2347
1458
2010
2887
2299
1424
2012
2923
2315
1435
2011
2878
2305
1422
2043
2910
2296
1433
2021
2910
2311
1441
2024
2874
2339
1465
1996
2915
2360
1464
1999
2877
2312
1452
2031
2935
2365
1461
2047
2945
2339
1453
2014
2887
2308
1452
2030
2918
2325
1422
1969
2902
2336
1436
2047
2927
2288
1426
2015
2910
2342
1438
2027
2906
2300
1433
1996
2908
2342
1442
2042
2911
2281
1440
2048
2884
2281
1434
2020
2913
2330
1443
2030
2896
2265
1438
2035
2884
2322
1490
2036
2888
2342
1433
2016
2900
2284
1432
2026
2932
2316
1421
2053
2902
2319
1446
2010
2914
2318
1447
2011
2922
2321
1423
2018
2917
2303
1417
2013
2885
2305
1471
2014
2890
2312
1424
2008
2912
2318
1456
1991
2889
2342
1449
2020
2934
2319
1415
1993
2922
2322
1441
2054
2903
2281
1432
2015
2901
2327
1435
1984
2880
2311
1458
2045
2912
2286
1443
2019
2863
2279
1445
1989
2906
2336
1444
2014
2930
2364
1428
1975
2898
2329
1428
2036
2946
2323
1430
2017
2910
2332
1456
2058
2915
2318
1462
2064
2943
2317
1431
2010
2903
2324
1456
2019
2925
2311
1430
2047
2908
2308
1453
2021
2898
2344
1447
2029
2940
2331
1437
1993
2887
2340
1440
1994
2944
2373
1461
2033
2931
2343
1465
2041
2907
2309
1446
2032
2917
2327
1441
1989
2874
2324
1461
2021
2930
2337
1433
2017
2886
2334
1481
2013
2886
2340
1455
2030
2945
2338
1435
2017
2906
2310
1452
2059
2904
2328
1461
1975
2900
2348
1443
2030
2926
2307
1444
2040
2910
2320
1460
2008
2897
2321
1446
2050
2949
2330
1415
2003
2861
2295
1465
1992
2857
2290
1413
2019
2934
2315
1415
2014
2900
2329
1452
2051
2945
2324
1416
2019
2941
2321
1436
2083
2936
2315
1452
2020
2930
2341
1445
2066
2931
2346
1473
2014
2930
2332
1419
2006
2919
2319
1450
2010
2911
2343
1428
2030
2955
2327
1445
1997
2892
2346
1432
2011
2963
2354
1394
2008
2939
2336
1453
2027
2935
2341
1416
2008
2931
2327
1449
2020
2912
2299
1440
2051
2951
2312
1437
2055
2920
2327
1456
1992
2912
2327
1448
2040
2926
2341
1432
2019
2887
2290
1444
2062
2930
2323
1446
2006
2900
2310
1455
2031
2887
2315
1428
2009
2917
2340
1469
2034
2904
2310
1457
2005
2900
2354
1450
2030
2932
2341
1483
2014
2888
2334
1445
2022
2913
2304
1434
2050
2910
2301
1453
2048
2950
2300
1419
2017
2910
2320
1453
2030
2895
2320
1456
2012
2903
2347
1459
2024
2895
2325
1468
2049
2938
2328
1413
2006
2915
2323
1447
2030
2916
2296
1406
2020
2884
2291
1459
2043
2909
2325
1470
2059
2932
2310
1424
2022
2924
2318
1446
2017
2891
2321
1463
1984
2892
2311
1385
1972
2922
2333
1448
2058
2959
2311
1414
2037
2899
2311
1455
2039
2916
2311
1461
2053
2894
2347
1482
2018
2886
2332
1440
2039
2898
2276
1444
2018
2910
2340
1435
2034
2922
2323
1450
2028
2914
2345
1453
1999
2886
2323
1445
2028
2966
2343
1431
2048
2950
2334
1437
2003
2890
2330
1437
2007
2889
2317
1448
1981
2872
2328
1456
2028
2915
2325
1429
1998
2891
2331
1475
2046
2910
2333
1415
1985
2947
2319
1393
2019
2941
2312
1428
2019
2931
2336
1419
2031
2927
2329
1445
2008
2881
2322
1449
2013
2919
2300
1409
1997
2900
2334
1432
2014
2911
2305
1420
2008
2918
2312
1423
2035
2900
2311
1456
2029
2895
2334
1457
1997
2908
2338
1445
1990
2907
2337
1447
1997
2920
2371
1454
2036
2944
2306
1430
2046
2899
2301
1419
1987
2904
2327
1411
2030
2926
2285
1420
1996
2891
2318
1449
2009
2884
2280
1420
2012
2933
2339
1459
2046
2899
2313
1434
2005
2930
2345
1438
2029
2931
2332
1457
2039
2903
2309
1447
2034
2912
2286
1422
2009
2898
2298
1436
2032
2894
2313
1454
2030
2924
2317
1439
2027
2899
2292
1404
2020
2914
2298
1425
2039
2882
2327
1479
2026
2927
2326
1434
1995
2906
2345
1453
2044
2910
2314
1421
2029
2915
2295
1433
1994
2864
2327
1458
2018
2897
2314
1401
1981
2926
2337
1447
2059
2919
2346
1459
2001
2895
2347
1456
2011
2897
2313
1451
2007
2922
2322
1433
2034
2885
2289
1471
1997
2881
2337
1444
2027
2924
2291
1428
2007
2887
2322
1469
2034
2906
2303
1428
2023
2883
2291
1445
2017
2893
2309
1431
1993
2906
2364
1477
2018
2877
2316
1434
2036
2942
2313
1420
2034
2921
2318
1443
2012
2904
2332
1420
2000
2901
2324
1451
1978
2895
2330
1428
2010
2902
2286
1401
2011
2923
2325
1460
2072
2922
2276
1433
2036
2923
2300
1436
2040
2860
2297
1470
2037
2920
2311
1406
2020
2883
2305
1451
2010
2882
2329
1459
2029
2928
2338
1442
2009
2903
2322
1421
2030
2928
2260
1405
2003
2886
2307
1453
2021
2898
2340
1444
2021
2938
2347
1419
1993
2915
2327
1444
2024
2931
2292
1388
2001
2910
2332
1465
2007
2900
2349
1450
2024
2943
2324
1457
2013
2918
2355
1437
2037
2930
2288
1411
2010
2916
2317
1434
2039
2899
2285
1415
2018
2911
2329
1450
2008
2874
2302
1454
2040
2925
2301
1428
2030
2910
2336
1451
2008
2908
2321
1419
2008
2917
2314
1420
2015
2893
2342
1481
2046
2892
2305
1440
1975
2881
2354
1440
2005
2898
2314
1432
2017
2933
2333
1442
2030
2888
2307
1455
2012
2906
2359
1471
2013
2935
2324
1401
2038
2907
2270
1430
2032
2928
2328
1435
1994
2897
2295
1427
2079
2935
2268
1435
2040
2909
2315
1459
2033
2909
2313
1426
2035
2907
2311
1448
2042
2880
2270
1441
2024
2907
2332
1424
2006
2908
2318
1461
2018
2876
2306
1450
2017
2894
2325
1434
1969
2896
2344
1461
2020
2914
2307
1432
2016
2900
2315
1431
2048
2933
2325
1427
2017
2966
2314
1425
2036
2869
2287
1472
2042
2909
2357
1424
1987
2894
2318
1443
1992
2910
2324
1430
2026
2918
2313
1430
1991
2885
2305
1461
2023
2896
2341
1446
1994
2929
2366
1464
2047
2920
2319
1460
2012
2906
2358
1434
2006
2907
2335
1439
2011
2925
2307
1417
2022
2904
2301
1430
2019
2907
2335
1449
2042
2939
2299
1421
2027
2902
2300
1450
2028
2884
2291
1441
1994
2898
2348
1466
2023
2933
2344
1452
2017
2898
2325
1447
1996
2871
2324
1454
2019
2951
2319
1404
2037
2889
2302
1482
2034
2913
2347
1469
2019
2887
2329
1471
2003
2910
2354
1438
2018
2936
2343
1424
1990
2928
2358
1471
2049
2905
2319
1438
2019
2927
2321
1429
2022
2900
2307
1422
2030
2941
2336
1447
2010
2908
2304
1446
2044
2898
2315
1445
2023
2930
2359
1458
2004
2916
2342
1465
2043
2925
2295
1424
2028
2914
2353
1469
2017
2933
2290
1402
2028
2909
2334
1441
2014
2876
2291
1449
2017
2915
2323
1417
2032
2878
2323
1489
2019
2901
2337
1437
2024
2965
2373
1439
2044
2922
2332
1457
2010
2914
2356
1455
2000
2915
2348
1445
2027
2923
2298
1445
2034
2916
2352
1484
2010
2877
2343
1462
2034
2965
2353
1440
2028
2914
2328
1479
2039
2917
2328
1424
2010
2929
2309
1439
2029
2919
2322
1449
2065
2926
2300
1397
1987
2922
2346
1465
2011
2883
2320
1445
2005
2938
2392
1444
2020
2906
2320
1468
2048
2929
2348
1450
2015
2923
2341
1441
2023
2931
2325
1451
2047
2966
2369
1446
2017
2918
2330
1428
2028
2937
2355
1467
2015
2898
2344
1499
2037
2889
2315
1440
2032
2950
2349
1457
2045
2894
2312
1492
2067
2926
2326
1451
1994
2895
2352
1466
1969
2898
2375
1452
2010
2933
2325
1440
2024
2916
2321
1478
2060
2920
2332
1441
2014
2925
2337
1452
2048
2899
2325
1451
2008
2931
2354
1455
2003
2890
2337
1433
2018
2917
2314
1426
2019
2912
2336
1454
2024
2912
2312
1445
2046
2923
2318
1444
1989
2904
2344
1454
2019
2900
2315
1457
2041
2927
2321
1452
2030
2923
2320
1425
2042
2937
2332
1455
2022
2935
2347
1450
2040
2970
2361
1461
2060
2902
2318
1468
2035
2938
2324
1425
2035
2920
2324
1458
2013
2888
2341
1463
2032
2940
2310
1394
2023
2942
2306
1422
2036
2917
2311
1435
2039
2913
2320
1458
2041
2865
2320
1504
2023
2901
2352
1437
1989
2904
2333
1436
2023
2940
2330
1431
2050
2948
2332
1435
2024
2891
2343
1448
2025
2928
2324
1453
2045
2918
2323
1457
2039
2901
2301
1432
2008
2922
2358
1438
2000
2931
2363
1451
2015
2936
2343
1433
2028
2955
2340
1467
2021
2890
2313
1458
2042
2903
2297
1422
2004
2919
2323
1448
2043
2937
2326
1428
2011
2943
2354
1448
2023
2909
2334
1454
2036
2930
2343
1462
2034
2890
2299
1469
2055
2920
2309
1451
2052
2925
2354
1450
1975
2891
2338
1449
2022
2930
2315
1418
2005
2890
2341
1472
2027
2906
2307
1437
1997
2897
2342
1424
1992
2905
2335
1427
1978
2933
2344
1430
2020
2920
2321
1466
2035
2903
2343
1441
1995
2933
2347
1448
2022
2901
2310
1417
2017
2943
2338
1424
2008
2901
2329
1433
2025
2953
2334
1434
2002
2899
2313
1467
2016
2908
2335
1422
1990
2932
2329
1413
2004
2904
2304
1445
2026
2916
2325
1449
2015
2864
2303
1439
1983
2864
2318
1423
1989
2913
2340
1450
1998
2903
2313
1410
2057
2927
2315
1411
2016
2925
2324
1446
2043
2894
2305
1446
2007
2903
2345
1449
2013
2894
2322
1445
2013
2898
2337
1446
1977
2875
2328
1443
2031
2933
2328
1439
2036
2907
2315
1466
2036
2890
2328
1451
2015
2895
2322
1445
2018
2916
2335
1476
2018
2882
2317
1438
2017
2916
2332
1474
2011
2896
2345
1446
2008
2922
2323
1452
2042
2908
2324
1437
2016
2906
2319
1453
1995
2879
2320
1441
1999
2928
2349
1450
2022
2922
2310
1407
2007
2929
2301
1441
2025
2884
2324
1414
1969
2940
2367
1453
2048
2943
2331
1464
2036
2918
2328
1424
1991
2943
2348
1433
2024
2925
2293
1405
2031
2875
2294
1441
2012
2929
2340
1440
2035
2921
2344
1436
1999
2883
2329
1441
2017
2909
2318
1447
2005
2933
2359
1413
2013
2899
2318
1442
2013
2900
2300
1438
2020
2895
2294
1434
2015
2894
2302
1451
2036
2906
2323
1434
2001
2924
2289
1412
2037
2900
2313
1480
1997
2870
2364
1457
2009
2908
2311
1419
2006
2933
2323
1403
1992
2882
2324
1458
2011
2909
2303
1425
2009
2892
2323
1460
2032
2920
2289
1409
2012
2894
2297
1435
1977
2866
2299
1450
2025
2905
2357
1465
2003
2914
2328
1437
2023
2919
2314
1413
2027
2927
2305
1419
2003
2868
2321
1458
2015
2921
2307
1439
2031
2908
2330
1462
2037
2901
2301
1453
2043
2913
2298
1431
2001
2894
2330
1462
2025
2921
2363
1429
1968
2934
2359
1448
2038
2902
2298
1432
2032
2918
2326
1435
1954
2885
2313
1409
2023
2940
2315
1440
2050
2907
2313
1440
2003
2886
2330
1462
2013
2910
2329
1444
1996
2906
2370
1448
2039
2934
2313
1430
2051
2931
2296
1442
2057
2897
2295
1443
2010
2938
2352
1411
2033
2954
2319
1473
2038
2901
2352
1478
1990
2852
2329
1459
2007
2917
2326
1424
2043
2942
2311
1445
2044
2898
2312
1445
2021
2910
2303
1403
2002
2939
2332
1442
2047
2919
2308
1441
2039
2921
2321
1448
2009
2895
2335
1460
2021
2953
2333
1413
2023
2911
2309
1438
2032
2884
2289
1445
1995
2873
2342
1447
1985
2926
2334
1437
2065
2951
2313
1414
2001
2931
2334
1434
2025
2899
2307
1448
2033
2954
2336
1413
1998
2867
2311
1459
2001
2892
2328
1436
1988
2897
2343
1445
2026
2905
2288
1427
2027
2942
2346
1421
1994
2893
2328
1439
2039
2913
2303
1444
2021
2918
2331
1462
2051
2904
2308
1424
2043
2941
2320
1456
2014
2876
2332
1472
1990
2913
2371
1441
1975
2883
2316
1413
2007
2969
2378
1401
2007
2921
2323
1441
1999
2862
2316
1472
2003
2906
2325
1380
1993
2923
2300
1433
2058
2911
2303
1456
2033
2921
2335
1447
2009
2898
2340
1466
2013
2925
2345
1428
2009
2925
2317
1441
2046
2909
2313
1449
2026
2918
2329
1447
1993
2881
2333
1449
2020
2949
2344
1417
2016
2942
2306
1415
2039
2926
2312
1435
2017
2924
2343
1437
2028
2931
2311
1444
2037
2937
2327
1422
2035
2926
2320
1440
2021
2918
2313
1438
2043
2937
2352
1441
2024
2945
2327
1428
2068
2940
2291
1431
2008
2918
2350
1474
2052
2909
2317
1465
2030
2920
2333
1455
2013
2907
2333
1437
2011
2928
2361
1468
2046
2937
2325
1435
2017
2936
2322
1437
2057
2900
2312
1435
2006
2920
2343
1436
2047
2940
2312
1435
2002
2929
2384
1433
2002
2916
2312
1445
2033
2919
2327
1457
2021
2890
2333
1473
2017
2934
2361
1463
2036
2891
2309
1452
2035
2916
2315
1447
2025
2927
2318
1446
2037
2919
2340
1444
2031
2925
2323
1433
1989
2901
2335
1466
2022
2897
2329
1446
2010
2935
2320
1438
2025
2903
2322
1438
1999
2927
2322
1424
2006
2904
2355
1494
2020
2899
2350
1419
2008
2952
2334
1422
2023
2925
2353
1462
2034
2918
2320
1465
2026
2903
2337
1483
2024
2899
2337
1423
1980
2913
2336
1435
2023
2892
2325
1478
2024
2897
2327
1461
2033
2919
2330
1428
2031
2953
2327
1436
2060
2938
2341
1454
2005
2906
2349
1457
2033
2927
2322
1443
2012
2912
2338
1458
2068
2938
2327
1458
2004
2921
2351
1438
2008
2918
2334
1474
2019
2908
2350
1448
2006
2933
2352
1455
2027
2922
2324
1437
2018
2927
2318
1420
1991
2907
2366
1469
2036
2909
2309
1453
2014
2919
2331
1457
2026
2911
2344
1446
2000
2921
2376
1483
2059
2954
2325
1429
2028
2945
2321
1462
2063
2923
2344
1464
2014
2898
2298
1409
2025
2924
2333
1467
2002
2916
2368
1471
2028
2922
2347
1471
2029
2904
2330
1466
2049
2915
2313
1441
2045
2919
2346
1464
2042
2913
2313
1456
2025
2929
2320
1454
2048
2864
2313
1502
2028
2898
2356
1471
2014
2935
2359
1446
2013
2921
2322
1439
2058
2923
2323
1454
2013
2911
2347
1475
2031
2909
2329
1444
1993
2926
2375
1446
2003
2921
2332
1453
2046
2923
2336
1469
2008
2896
2341
1442
1988
2882
2329
1476
2038
2899
2328
1451
2021
2935
2310
1410
2060
2961
2312
1434
2020
2913
2329
1489
2051
2883
2312
1455
2014
2931
2355
1459
2031
2921
2334
1452
2006
2931
2325
1436
2039
2932
2353
1465
2048
2919
2319
1444
2013
2927
2369
1447
1996
2927
2331
1430
2052
2936
2310
1440
2013
2934
2382
1480
2034
2916
2328
1440
2007
2918
2347
1460
2000
2880
2331
1470
2044
2952
2344
1432
2035
2910
2344
1469
2004
2902
2362
1456
2036
2967
2345
1443
2022
2892
2348
1462
2011
2922
2318
1434
2020
2933
2351
1471
2040
2900
2337
1502
2048
2940
2361
1459
2010
2884
2362
1477
2016
2954
2333
1411
2025
2899
2338
1483
2015
2928
2366
1439
1991
2956
2347
1410
2020
2923
2337
1446
2045
2957
2364
1433
2011
2977
2325
1448
2092
2946
2292
1422
2036
2920
2349
1473
2011
2894
2333
1469
2038
2958
2345
1451
2037
2922
2344
1429
2010
2912
2298
1447
2020
2897
2327
1452
1992
2873
2340
1455
2026
2906
2297
1456
2012
2943
2366
1450
2019
2929
2355
1435
1997
2912
2344
1482
2038
2875
2308
1450
1998
2921
2391
1436
1950
2909
2365
1440
1990
2922
2318
1437
2056
2930
2311
1437
2000
2894
2333
1450
2034
2923
2351
1452
2015
2933
2328
1453
2059
2897
2319
1473
2008
2894
2348
1463
2008
2890
2322
1479
2042
2917
2359
1472
1998
2907
2357
1438
2000
2926
2323
1449
2031
2925
2340
1477
2046
2927
2350
1452
2029
2933
2337
1422
1998
2922
2333
1444
2033
2895
2341
1472
2011
2917
2346
1429
2008
2905
2323
1475
2063
2921
2313
1458
2008
2904
2343
1420
2002
2922
2327
1421
2051
2943
2298
1445
2006
2871
2331
1476
2051
2922
2339
1461
2017
2911
2379
1468
2003
2928
2358
1431
2013
2939
2342
1452
2031
2906
2320
1464
2055
2938
2299
1436
2048
2886
2325
1468
2015
2928
2341
1420
2031
2949
2302
1415
2024
2936
2336
1466
2049
2905
2303
1465
2027
2913
2358
1463
2017
2927
2331
1450
2040
2931
2328
1445
2017
2915
2332
1450
2046
2959
2322
1430
2028
2887
2308
1438
1968
2870
2327
1465
2020
2896
2330
1419
2003
2949
2357
1452
2037
2939
2347
1433
2028
2944
2332
1432
2034
2893
2318
1452
1997
2915
2327
1437
2020
2871
2324
1471
2020
2901
2326
1447
2033
2902
2309
1438
1999
2923
2344
1431
2001
2928
2338
1439
2038
2912
2333
1447
2026
2905
2319
1441
2021
2888
2290
1419
2028
2893
2307
1404
1996
2931
2348
1449
2012
2900
2314
1423
2009
2902
2345
1444
2011
2940
2346
1439
2019
2913
2307
1455
2008
2924
2374
1462
2029
2944
2333
1452
2026
2856
2295
1454
2013
2937
2359
1446
2011
2890
2317
1465
2007
2888
2360
1466
1993
2877
2309
1428
1999
2971
2324
1408
2026
2911
2310
1423
2011
2918
2345
1472
2035
2916
2339
1476
2003
2883
2343
1446
2059
2956
2323
1443
2007
2914
2313
1426
2023
2876
2320
1475
2049
2947
2338
1441
2001
2894
2343
1457
2022
2913
2322
1439
2040
2913
2328
1486
2034
2893
2306
1448
2026
2912
2337
1450
2013
2870
2325
1465
2007
2900
2361
1460
1992
2948
2346
1431
2006
2890
2331
1436
2001
2921
2340
1461
2017
2910
2343
1444
2013
2945
2345
1394
2010
2918
2302
1450
2030
2906
2317
1434
1994
2895
2346
1463
1986
2931
2374
1429
2022
2950
2352
1427
2022
2941
2332
1454
2037
2918
2332
1423
2001
2914
2321
1433
2024
2889
2318
1495
2044
2914
2364
1427
2001
2927
2347
1424
2003
2929
2321
1438
2012
2930
2346
1415
1996
2924
2321
1437
2054
2934
2324
1438
2009
2903
2324
1485
2033
2902
2346
1450
2023
2951
2373
1446
1999
2877
2305
1462
1998
2895
2361
1460
2003
2917
2338
1434
2045
2942
2308
1463
2059
2947
2330
1434
2032
2926
2349
1475
2032
2907
2345
1451
1998
2946
2337
1418
2044
2929
2315
1448
2052
2938
2347
1474
2048
2944
2336
1460
2043
2893
2306
1457
2019
2896
2344
1437
2015
2911
2316
1442
2052
2965
2342
1456
2014
2896
2329
1453
2008
2896
2350
1445
2003
2907
2335
1488
2070
2914
2314
1433
2012
2933
2341
1438
2034
2904
2298
1433
2043
2926
2325
1451
2054
2937
2352
1447
2052
2957
2331
1467
2088
2943
2325
1466
2013
2885
2331
1437
2007
2927
2354
1451
2022
2931
2384
1487
2005
2879
2320
1448
2025
2929
2360
1449
2015
2903
2317
1462
2049
2929
2345
1484
2022
2872
2323
1467
1993
2898
2339
1445
2030
2939
2317
1446
2043
2902
2314
1458
2039
2902
2326
1470
2004
2890
2352
1468
2024
2925
2338
1422
2019
2950
2333
1455
2046
2917
2308
1476
2069
2930
2328
1459
2033
2910
2356
1479
2041
2934
2351
1460
2010
2912
2341
1444
1986
2897
2341
1441
2038
2945
2353
1446
2004
2899
2355
1473
2026
2911
2334
1426
2008
2959
2360
1413
2007
2921
2327
1475
2066
2955
2330
1437
2004
2931
2351
1451
2024
2946
2347
1421
2045
2939
2306
1427
2007
2900
2329
1461
2030
2914
2326
1447
2035
2922
2348
1474
2040
2922
2339
1449
2021
2932
2337
1464
2054
2920
2333
1484
2037
2918
2327
1437
2029
2914
2318
1492
2050
2872
2347
1487
1995
2883
2337
1421
2005
2941
2314
1417
2038
2922
2323
1451
2017
2917
2358
1437
2019
2906
2304
1443
2016
2914
2346
1451
2023
2918
2322
1422
2041
2939
2322
1463
2040
2907
2340
1476
2024
2912
2344
1427
2006
2976
2363
1414
1964
2892
2323
1470
2039
2903
2324
1447
2012
2916
2345
1472
2029
2925
2356
1469
2030
2941
2357
1435
2002
2895
2336
1454
2029
2953
2342
1427
2028
2942
2339
1438
2001
2920
2355
1445
2030
2923
2343
1481
2008
2928
2358
1462
2038
2950
2359
1416
1993
2910
2337
1466
2032
2907
2332
1470
2028
2921
2362
1476
2018
2887
2342
1466
2048
2959
2348
1456
2038
2911
2335
1487
2055
2915
2314
1444
2027
2930
2327
1460
2040
2887
2338
1506
2048
2907
2337
1444
1996
2933
2348
1449
2032
2910
2345
1453
2008
2916
2312
1426
2012
2914
2345
1472
2058
2950
2337
1432
1995
2920
2341
1446
2008
2927
2323
1451
2054
2932
2318
1476
2054
2894
2321
1451
2016
2918
2343
1444
2020
2944
2350
1477
2039
2927
2336
1471
2009
2948
2382
1455
2048
2915
2295
1470
2058
2912
2336
1488
2018
2912
2355
1464
2024
2922
2338
1467
2063
2943
2347
1440
2010
2920
2341
1471
2056
2925
2340
1457
1992
2916
2359
1464
2055
2925
2318
1441
1996
2907
2338
1452
2014
2915
2327
1439
2025
2967
2342
1451
2040
2935
2355
1466
2013
2925
2341
1447
2008
2938
2332
1431
2013
2918
2349
1480
2038
2895
2361
1479
2010
2925
2362
1449
2030
2945
2296
1405
2045
2963
2331
1448
2038
2896
2344
1456
1989
2943
2350
1438
2039
2917
2329
1466
2005
2899
2320
1422
2040
2940
2321
1455
2025
2933
2356
1455
2023
2940
2357
1444
2028
2952
2342
1440
2057
2951
2325
1427
2002
2935
2342
1435
2018
2895
2328
1459
2011
2921
2344
1463
2008
2904
2344
1447
2021
2920
2347
1471
2038
2916
2320
1434
1992
2890
2318
1450
2039
2938
2352
1471
2031
2906
2326
1459
2056
2929
2344
1429
2011
2948
2353
1464
2048
2918
2352
1462
2037
2920
2338
1460
1995
2887
2347
1466
2034
2963
2313
1433
2044
2913
2314
1464
2004
2909
2374
1503
2049
2922
2338
1448
2038
2909
2331
1487
2013
2892
2340
1447
1982
2894
2357
1473
2001
2892
2347
1475
2042
2959
2342
1436
2009
2908
2346
1453
2014
2925
2325
1454
2044
2906
2336
1464
1976
2868
2336
1430
2006
2947
2358
1446
2007
2911
2332
1437
2035
2955
2310
1415
2032
2925
2320
1455
2036
2900
2330
1474
2013
2910
2343
1445
2044
2943
2323
1454
2032
2908
2319
1468
2051
2929
2349
1487
2023
2874
2356
1465
2046
2933
2310
1418
2012
2936
2333
1440
2033
2910
2305
1470
2046
2931
2347
1475
2003
2888
2344
1472
2016
2912
2325
1466
2038
2913
2365
1466
1998
2913
2343
1460
2066
2983
2353
1434
2043
2940
2347
1447
2012
2920
2345
1454
2027
2932
2339
1469
2066
2939
2329
1437
2016
2943
2389
1465
2010
2916
2335
1472
2038
2946
2340
1434
2025
2919
2326
1471
2038
2926
2340
1458
2035
2944
2362
1464
2033
2914
2332
1438
2039
2894
2309
1474
2012
2923
2349
1440
2020
2928
2330
1420
2033
2966
2354
1455
2037
2888
2322
1487
2029
2925
2351
1453
2019
2924
2356
1449
2009
2916
2338
1495
2065
2941
2359
1455
1988
2903
2359
1450
2011
2939
2337
1462
2006
2914
2327
1423
2024
2931
2318
1447
2070
2944
2328
1475
2032
2888
2363
1494
2015
2930
2377
1426
