2146
2165
2363
2598
2686
2572
2324
2132
2163
2294
2412
2586
2699
2551
2246
2096
2154
2305
2523
2683
2657
2454
2222
2112
2199
2363
2580
2710
2566
2330
2156
2081
2209
2443
2611
2636
2561
2296
2098
2161
2268
2488
2703
2629
2442
2276
2140
2162
2363
2548
2668
2609
2376
2195
2124
2196
2466
2646
2649
2550
2354
2161
2120
2264
2496
2679
2706
2503
2228
2110
2130
2274
2572
2669
2549
2425
2269
2133
2207
2421
2626
2671
2585
2378
2153
2114
2276
2462
2654
2658
2445
2305
2131
2055
2328
2602
2657
2629
2482
2193
2054
2182
2388
2537
2619
2578
2366
2142
2088
2227
2466
2629
2631
2485
2334
2165
2119
2311
2570
2655
2600
2464
2234
2094
2172
2393
2594
2695
2559
2333
2227
2121
2176
2463
2634
2606
2525
2318
2086
2093
2266
2468
2655
2674
2444
2211
2125
2183
2356
2601
2693
2566
2403
2229
2089
2163
2435
2652
2637
2500
2354
2156
2078
2242
2508
2652
2682
2473
2198
2148
2201
2322
2584
2685
2575
2419
2181
2088
2262
2415
2560
2682
2549
2314
2200
2142
2238
2493
2665
2631
2496
2311
2131
2131
2305
2527
2643
2571
2389
2190
2116
2204
2389
2582
2687
2597
2364
2154
2113
2268
2467
2616
2677
2504
2245
2117
2134
2282
2527
2681
2668
2477
2217
2081
2144
2352
2597
2699
2595
2382
2190
2104
2209
2463
2655
2669
2566
2343
2115
2064
2275
2488
2597
2645
2497
2234
2099
2149
2312
2558
2686
2604
2410
2179
2081
2224
2452
2592
2652
2565
2322
2093
2111
2302
2475
2644
2680
2474
2267
2154
2132
2337
2618
2687
2617
2395
2132
2091
2181
2357
2591
2659
2560
2347
2171
2117
2235
2475
2645
2631
2456
2266
2168
2137
2261
2547
2733
2625
2418
2222
2104
2164
2367
2603
2711
2572
2337
2132
2049
2199
2495
2651
2650
2541
2338
2138
2130
2319
2509
2642
2649
2486
2252
2108
2127
2340
2593
2689
2629
2400
2117
2064
2239
2434
2609
2662
2505
2281
2168
2167
2260
2484
2692
2624
2447
2281
2107
2102
2367
2586
2674
2634
2341
2140
2159
2195
2390
2657
2679
2522
2365
2185
2115
2223
2466
2688
2652
2445
2284
2127
2109
2347
2616
2677
2605
2382
2132
2091
2185
2416
2653
2615
2491
2412
2204
2090
2291
2510
2616
2626
2492
2273
2111
2110
2291
2563
2694
2619
2468
2223
2061
2207
2454
2549
2640
2638
2338
2115
2150
2197
2395
2683
2683
2487
2318
2121
2146
2391
2505
2606
2657
2447
2183
2104
2206
2386
2538
2645
2637
2387
2132
2124
2262
2390
2611
2738
2555
2273
2164
2128
2226
2514
2674
2606
2482
2272
2118
2167
2348
2550
2702
2604
2335
2156
2131
2154
2405
2634
2641
2542
2315
2089
2127
2279
2482
2686
2643
2429
2305
2168
2083
2295
2632
2671
2560
2424
2186
2085
2212
2358
2548
2663
2556
2335
2183
2108
2206
2459
2641
2661
2520
2233
2106
2132
2243
2529
2703
2601
2425
2197
2070
2186
2372
2545
2687
2603
2381
2183
2084
2199
2455
2656
2643
2472
2305
2147
2075
2255
2562
2650
2590
2492
2241
2081
2203
2382
2541
2682
2614
2337
2167
2126
2205
2423
2632
2667
2552
2338
2164
2133
2264
2506
2670
2642
2466
2242
2137
2206
2321
2539
2729
2589
2325
2186
2162
2178
2375
2657
2687
2575
2360
2101
2096
2294
2473
2628
2679
2469
2224
2171
2162
2313
2598
2680
2577
2418
2181
2057
2172
2389
2591
2685
2607
2330
2099
2098
2239
2451
2657
2661
2462
2251
2121
2132
2304
2548
2716
2621
2404
2199
2083
2185
2439
2592
2608
2576
2366
2105
2106
2262
2477
2694
2667
2435
2294
2163
2115
2271
2531
2680
2591
2394
2249
2134
2089
2321
2613
2676
2574
2411
2220
2098
2199
2417
2617
2659
2537
2346
2162
2109
2284
2519
2671
2682
2469
2169
2109
2157
2308
2596
2720
2561
2361
2203
2113
2172
2398
2616
2691
2554
2332
2177
2099
2205
2512
2701
2643
2454
2269
2113
2136
2317
2557
2721
2621
2335
2186
2150
2155
2370
2646
2667
2550
2324
2110
2126
2261
2441
2689
2723
2495
2251
2126
2134
2336
2582
2678
2583
2447
2257
2088
2126
2401
2622
2686
2603
2367
2159
2103
2205
2468
2678
2711
2531
2299
2173
2158
2305
2555
2706
2608
2414
2232
2148
2160
2359
2609
2662
2570
2383
2141
2057
2216
2441
2580
2643
2524
2294
2152
2127
2245
2472
2635
2657
2472
2199
2089
2134
2317
2592
2701
2613
2385
2158
2128
2233
2417
2633
2699
2541
2275
2147
2167
2265
2472
2652
2619
2479
2305
2096
2130
2389
2590
2682
2668
2410
2143
2146
2216
2327
2595
2695
2551
2365
2212
2116
2242
2493
2686
2742
2544
2215
2087
2159
2286
2479
2690
2631
2346
2175
2166
2161
2301
2559
2697
2542
2321
2181
2060
2167
2491
2661
2632
2510
2280
2081
2129
2303
2494
2686
2680
2472
2227
2081
2143
2386
2592
2674
2629
2415
2187
2103
2219
2487
2620
2581
2517
2301
2073
2108
2282
2453
2642
2667
2435
2248
2170
2113
2310
2597
2682
2594
2336
2145
2164
2248
2411
2636
2692
2525
2317
2163
2148
2285
2509
2675
2640
2484
2291
2145
2157
2305
2539
2688
2632
2404
2209
2124
2171
2399
2649
2688
2550
2321
2123
2113
2278
2468
2633
2673
2516
2283
2102
2076
2315
2585
2698
2630
2399
2219
2148
2175
2378
2588
2689
2622
2365
2154
2107
2231
2499
2689
2671
2509
2282
2135
2148
2266
2523
2709
2653
2449
2242
2107
2173
2366
2558
2660
2601
2404
2139
2052
2250
2461
2616
2682
2555
2314
2138
2116
2243
2477
2640
2632
2446
2217
2135
2176
2285
2530
2724
2631
2386
2215
2142
2218
2442
2662
2709
2541
2292
2158
2161
2293
2503
2646
2659
2511
2216
2083
2196
2364
2530
2652
2649
2420
2144
2099
2199
2356
2572
2676
2562
2340
2181
2091
2212
2504
2630
2610
2519
2254
2085
2154
2288
2521
2737
2634
2390
2239
2104
2128
2407
2644
2657
2552
2383
2170
2095
2236
2463
2619
2681
2546
2224
2101
2172
2257
2477
2699
2664
2430
2242
2145
2161
2359
2607
2690
2602
2404
2170
2099
2250
2465
2619
2693
2612
2306
2086
2157
2289
2469
2703
2659
2413
2233
2161
2178
2338
2519
2669
2629
2387
2183
2101
2144
2385
2623
2661
2547
2363
2146
2089
2245
2479
2654
2672
2474
2237
2109
2110
2288
2554
2647
2574
2395
2188
2083
2197
2418
2549
2643
2608
2318
2103
2072
2190
2496
2696
2626
2525
2292
2044
2112
2367
2514
2640
2620
2413
2205
2128
2187
2332
2586
2733
2562
2306
2173
2125
2212
2486
2679
2666
2558
2333
2100
2120
2320
2483
2616
2668
2464
2182
2081
2143
2347
2597
2676
2545
2360
2199
2067
2151
2439
2642
2617
2489
2310
2102
2077
2262
2493
2636
2639
2460
2219
2114
2144
2319
2582
2681
2544
2350
2218
2103
2174
2425
2618
2668
2564
2334
2155
2125
2255
2515
2671
2637
2505
2258
2106
2160
2315
2513
2678
2640
2381
2163
2114
2218
2404
2592
2663
2563
2338
2104
2090
2276
2501
2671
2627
2450
2261
2130
2154
2325
2557
2732
2664
2444
2240
2121
2152
2384
2579
2630
2570
2354
2179
2162
2222
2432
2655
2643
2487
2314
2127
2110
2285
2515
2676
2657
2430
2197
2098
2167
2348
2594
2718
2580
2319
2173
2111
2191
2470
2657
2635
2529
2292
2107
2133
2257
2473
2674
2651
2484
2258
2113
2164
2344
2548
2681
2598
2348
2175
2122
2175
2421
2640
2688
2552
2326
2164
2177
2302
2481
2626
2679
2554
2268
2106
2161
2337
2575
2663
2567
2383
2221
2129
2160
2432
2679
2652
2555
2415
2148
2075
2306
2521
2638
2665
2506
2291
2162
2135
2318
2553
2691
2663
2462
2205
2098
2174
2394
2606
2677
2582
2394
2202
2136
2244
2489
2643
2633
2533
2342
2132
2118
2302
2546
2663
2587
2418
2243
2117
2160
2333
2594
2739
2576
2369
2224
2071
2177
2489
2657
2670
2572
2330
2092
2110
2290
2468
2638
2670
2497
2255
2082
2145
2407
2578
2642
2636
2399
2157
2127
2216
2403
2624
2639
2504
2351
2174
2117
2306
2531
2649
2674
2473
2181
2100
2187
2329
2524
2647
2580
2402
2191
2079
2158
2399
2619
2651
2549
2373
2169
2086
2244
2486
2623
2632
2506
2270
2098
2140
2320
2538
2674
2631
2439
2204
2103
2234
2418
2556
2675
2597
2339
2173
2106
2198
2470
2619
2607
2540
2329
2074
2100
2282
2485
2658
2652
2457
2211
2081
2173
2376
2533
2632
2623
2399
2169
2110
2220
2492
2708
2688
2526
2334
2161
2140
2290
2522
2683
2630
2475
2297
2165
2163
2354
2617
2688
2539
2415
2248
2070
2178
2459
2653
2700
2535
2282
2164
2144
2225
2459
2642
2656
2492
2286
2114
2126
2325
2551
2689
2641
2406
2200
2117
2180
2401
2627
2663
2558
2336
2098
2071
2268
2472
2630
2654
2477
2228
2117
2151
2302
2519
2662
2621
2441
2240
2141
2175
2378
2600
2664
2550
2364
2189
2099
2188
2430
2668
2684
2482
2280
2147
2123
2294
2561
2700
2638
2433
2202
2090
2140
2300
2561
2679
2585
2382
2155
2064
2195
2449
2648
2657
2498
2291
2119
2120
2304
2507
2638
2631
2484
2245
2072
2152
2372
2547
2705
2665
2419
2216
2129
2186
2419
2611
2660
2581
2356
2135
2161
2317
2437
2679
2731
2444
2208
2159
2177
2293
2539
2656
2611
2465
2211
2085
2255
2449
2584
2717
2607
2303
2160
2173
2244
2432
2652
2636
2437
2283
2164
2103
2258
2530
2671
2609
2405
2196
2075
2171
2450
2607
2651
2552
2356
2178
2080
2167
2436
2638
2638
2485
2323
2117
2090
2309
2563
2699
2631
2418
2268
2146
2141
2400
2632
2628
2581
2392
2127
2084
2214
2425
2644
2692
2541
2317
2150
2111
2258
2526
2708
2644
2448
2214
2067
2168
2363
2524
2714
2643
2335
2190
2122
2157
2420
2596
2654
2557
2262
2115
2209
2253
2427
2679
2664
2449
2237
2092
2122
2266
2519
2730
2653
2406
2191
2075
2199
2436
2580
2632
2603
2370
2100
2106
2252
2401
2646
2687
2470
2256
2129
2114
2311
2592
2692
2603
2434
2233
2130
2150
2355
2630
2674
2515
2364
2220
2126
2204
2408
2646
2710
2522
2273
2110
2120
2267
2487
2672
2645
2404
2220
2155
2178
2344
2558
2664
2580
2379
2172
2065
2216
2471
2625
2669
2525
2264
2128
2147
2279
2484
2665
2675
2456
2218
2109
2154
2339
2528
2655
2634
2376
2146
2162
2243
2371
2589
2696
2548
2271
2162
2185
2222
2434
2661
2634
2459
2270
2142
2178
2340
2531
2684
2614
2372
2222
2143
2158
2365
2627
2688
2541
2305
2134
2132
2252
2441
2634
2677
2514
2307
2117
2104
2313
2530
2629
2650
2452
2159
2068
2175
2363
2585
2692
2611
2382
2139
2095
2207
2409
2641
2670
2494
2275
2080
2111
2325
2504
2630
2688
2480
2208
2116
2181
2370
2582
2633
2542
2346
2171
2128
2225
2456
2646
2617
2539
2405
2141
2092
2308
2501
2662
2672
2446
2244
2147
2121
2375
2611
2666
2628
2420
2159
2093
2229
2420
2577
2680
2599
2332
2126
2148
2271
2439
2652
2685
2479
2282
2142
2127
2305
2567
2688
2609
2394
2216
2133
2225
2453
2642
2668
2572
2366
2119
2088
2288
2449
2609
2694
2496
2241
2139
2135
2296
2544
2665
2611
2479
2252
2103
2165
2356
2566
2662
2531
2315
2167
2132
2199
2442
2686
2694
2486
2318
2162
2092
2267
2527
2656
2637
2481
2255
2106
2156
2346
2572
2686
2559
2334
2188
2147
2223
2404
2595
2701
2551
2260
2135
2154
2259
2475
2650
2620
2443
2216
2103
2170
2328
2540
2722
2649
2370
2162
2089
2163
2389
2604
2696
2569
2307
2126
2132
2303
2483
2637
2688
2445
2154
2101
2195
2314
2505
2664
2598
2404
2210
2099
2159
2375
2627
2718
2569
2307
2142
2090
2231
2504
2671
2684
2519
2272
2134
2130
2304
2533
2669
2630
2397
2173
2097
2140
2356
2604
2694
2577
2319
2131
2137
2261
2429
2619
2672
2505
2278
2146
2148
2315
2545
2612
2611
2475
2189
2095
2186
2354
2604
2705
2596
2365
2158
2089
2184
2407
2629
2675
2522
2299
2126
2074
2272
2555
2678
2634
2489
2224
2104
2214
2338
2512
2717
2670
2405
2206
2172
2233
2458
2665
2659
2541
2379
2172
2076
2250
2535
2672
2673
2509
2274
2143
2114
2266
2543
2666
2591
2410
2180
2100
2191
2381
2634
2710
2586
2376
2135
2098
2271
2459
2658
2714
2527
2246
2071
2123
2375
2611
2697
2606
2407
2225
2072
2119
2391
2623
2704
2576
2322
2192
2153
2176
2438
2663
2609
2520
2338
2085
2119
2335
2516
2720
2711
2423
2209
2145
2158
2337
2615
2747
2636
2336
2145
2165
2195
2335
2634
2714
2485
2273
2161
2115
2243
2502
2682
2633
2418
2216
2095
2135
2356
2551
2618
2603
2429
2155
2098
2218
2369
2632
2716
2494
2311
2191
2122
2225
2494
2697
2681
2453
2176
2121
2194
2283
2499
2641
2624
2427
2196
2131
2232
2406
2619
2689
2539
2313
2130
2103
2289
2489
2583
2636
2521
2259
2107
2176
2341
2556
2709
2632
2423
2177
2076
2238
2417
2535
2721
2626
2269
2111
2164
2262
2451
2616
2657
2529
2257
2115
2216
2350
2517
2675
2620
2447
2254
2096
2178
2397
2570
2659
2610
2394
2169
2099
2234
2455
2610
2652
2562
2306
2111
2143
2300
2505
2687
2617
2418
2281
2142
2113
2377
2584
2640
2609
2425
2166
2103
2229
2405
2572
2661
2500
2296
2173
2113
2222
2488
2641
2639
2514
2247
2039
2189
2440
2563
2653
2633
2419
2177
2075
2180
2429
2622
2650
2544
2344
2181
2112
2205
2489
2683
2662
2523
2271
2098
2151
2320
2504
2668
2640
2454
2234
2086
2176
2436
2624
2675
2593
2354
2102
2081
2230
2438
2641
2706
2530
2259
2128
2145
2266
2461
2672
2622
2368
2217
2160
2178
2355
2613
2682
2609
2444
2184
2072
2206
2419
2606
2660
2528
2292
2116
2102
2294
2499
2661
2676
2458
2224
2157
2159
2322
2567
2669
2586
2340
2150
2162
2204
2355
2622
2711
2553
2300
2148
2186
2263
2441
2671
2656
2458
2296
2168
2095
2279
2598
2711
2589
2404
2219
2115
2234
2447
2591
2674
2557
2310
2165
2106
2233
2498
2647
2641
2502
2245
2126
2180
2282
2507
2680
2597
2433
2277
2112
2166
2410
2613
2664
2545
2377
2175
2052
2194
2491
2646
2630
2515
2253
2108
2139
2311
2518
2609
2621
2496
2256
2089
2193
2419
2570
2689
2633
2341
2154
2110
2191
2440
2638
2635
2517
2341
2155
2121
2300
2529
2690
2633
2456
2258
2115
2150
2375
2583
2661
2608
2458
2226
2070
2173
2440
2668
2731
2587
2318
2108
2165
2327
2491
2660
2628
2465
2313
2128
2120
2351
2582
2658
2576
2445
2244
2091
2173
2386
2607
2679
2534
2336
2165
2057
2237
2540
2609
2608
2510
2264
2113
2131
2270
2525
2716
2592
2371
2212
2123
2196
2397
2611
2734
2587
2385
2249
2136
2213
2476
2627
2641
2513
2245
2096
2142
2271
2510
2728
2677
2431
2220
2132
2156
2338
2576
2654
2570
2366
2163
2115
2259
2429
2627
2713
2556
2285
2147
2119
2221
2486
2693
2627
2444
2268
2117
2111
2362
2588
2667
2589
2408
2205
2095
2192
2433
2579
2629
2545
2315
2138
2154
2245
2499
2695
2620
2464
2284
2120
2157
2339
2522
2674
2614
2389
2221
2105
2169
2431
2606
2646
2572
2322
2123
2102
2221
2465
2640
2664
2516
2238
2116
2175
2274
2516
2722
2607
2377
2224
2132
2180
2368
2600
2740
2552
2315
2232
2151
2195
2443
2633
2662
2515
2254
2105
2160
2276
2480
2679
2647
2435
2216
2096
2196
2381
2575
2724
2644
2341
2134
2135
2275
2479
2643
2661
2551
2343
2167
2141
2307
2541
2699
2681
2461
2215
2105
2128
2303
2558
2721
2581
2353
2219
2074
2109
2453
2653
2648
2584
2318
2092
2185
2274
2389
2658
2679
2457
2299
2156
2082
2306
2589
2655
2607
2433
2197
2112
2208
2365
2577
2693
2546
2306
2174
2116
2244
2496
2640
2621
2514
2293
2097
2123
2320
2550
2697
2644
2444
2206
2092
2195
2438
2646
2713
2547
2296
2177
2129
2175
2498
2719
2635
2509
2353
2142
2100
2299
2523
2640
2590
2406
2240
2111
2145
2368
2622
2697
2551
2362
2194
2124
2205
2424
2637
2704
2522
2295
2194
2132
2240
2492
2646
2641
2435
2196
2115
2165
2353
2582
2718
2618
2367
2191
2147
2218
2431
2643
2672
2503
2293
2159
2128
2244
2504
2668
2640
2503
2275
2082
2118
2340
2572
2653
2598
2411
2206
2119
2190
2434
2647
2690
2572
2333
2125
2108
2281
2543
2695
2670
2505
2251
2095
2149
2318
2544
2715
2652
2415
2188
2143
2218
2359
2597
2724
2573
2323
2171
2132
2213
2450
2681
2709
2519
2295
2145
2135
2293
2519
2663
2619
2448
2207
2054
2132
2347
2545
2658
2611
2381
2167
2111
2247
2456
2630
2654
2532
2318
2137
2099
2264
2495
2636
2625
2501
2235
2092
2186
2376
2537
2612
2597
2435
2149
2079
2243
2428
2608
2722
2589
2333
2141
2123
2272
2471
2617
2647
2518
2254
2080
2157
2325
2580
2689
2556
2373
2220
2123
2191
2400
2566
2651
2590
2361
2192
2120
2198
2479
2631
2610
2533
2312
2133
2132
2318
2585
2719
2627
2428
2239
2119
2171
2383
2584
2655
2556
2362
2138
2082
2264
2445
2583
2675
2542
2277
2113
2116
2279
2529
2625
2630
2464
2175
2080
2183
2343
2562
2654
2555
2350
2162
2095
2196
2435
2649
2680
2503
2289
2134
2091
2278
2511
2637
2646
2480
2255
2126
2146
2318
2552
2641
2542
2384
2141
2044
2179
2385
2606
2715
2565
2306
2140
2087
2218
2496
2646
2642
2510
2230
2107
2222
2332
2504
2692
2640
2399
2227
2140
2203
2420
2580
2629
2559
2315
2116
2130
2290
2446
2608
2712
2527
2239
2160
2174
2302
2565
2685
2567
2422
2268
2116
2180
2431
2643
2679
2561
2413
2191
2082
2236
2475
2670
2697
2531
2332
2155
2123
2315
2576
2656
2629
2442
2193
2103
2139
2341
2618
2711
2594
2389
2214
2113
2215
2474
2666
2673
2571
2385
2137
2084
2297
2537
2677
2646
2513
2311
2096
2122
2374
2558
2680
2686
2424
2164
2142
2246
2432
2628
2717
2563
2315
2140
2104
2252
2467
2609
2658
2508
2240
2098
2138
2311
2581
2668
2576
2440
2216
2048
2199
2424
2585
2700
2586
2332
2187
2160
2235
2430
2610
2659
2530
2268
2099
2135
2319
2528
2673
2645
2469
2251
2095
2166
2386
2586
2685
2611
2372
2095
2112
2274
2417
2633
2668
2491
2317
2147
2147
2310
2521
2640
2649
2464
2203
2104
2191
2381
2593
2710
2640
2396
2163
2087
2194
2411
2609
2693
2578
2316
2122
2114
2310
2525
2622
2616
2444
2207
2100
2133
2300
2556
2664
2577
2390
2172
2077
2193
2414
2616
2679
2550
2323
2132
2114
2300
2533
2621
2619
2509
2237
2071
2184
2372
2566
2671
2570
2420
2254
2093
2178
2411
2621
2709
2595
2328
2087
2086
2240
2450
2656
2671
2469
2268
2143
2132
2295
2500
2646
2663
2447
2197
2127
2191
2346
2583
2710
2609
2373
2122
2120
2253
2404
2647
2719
2505
2270
2093
2144
2320
2482
2644
2677
2481
2224
2105
2187
2393
2574
2646
2597
2340
2134
2121
2207
2408
2627
2662
2563
2338
2102
2124
2340
2522
2668
2677
2472
2261
2144
2116
2330
2574
2610
2581
2420
2168
2106
2186
2402
2643
2644
2485
2350
2163
2064
2246
2565
2655
2602
2514
2291
2087
2135
2333
2542
2618
2590
2474
2230
2072
2188
2446
2650
2704
2599
2398
2178
2088
2209
2494
2679
2597
2517
2300
2063
2134
2318
2510
2729
2646
2402
2242
2118
2155
2387
2603
2652
2544
2386
2223
2063
2184
2524
2682
2631
2510
2293
2120
2159
2286
2483
2698
2637
2424
2204
2075
2189
2390
2564
2655
2578
2344
2168
2134
2183
2404
2681
2688
2473
2285
2165
2130
2269
2491
2654
2642
2430
2236
2174
2175
2322
2554
2666
2573
2384
2190
2075
2213
2443
2566
2689
2593
2260
2120
2154
2193
2462
2722
2643
2444
2268
2091
2121
2325
2521
2654
2640
2393
2190
2172
2201
2354
2620
2725
2530
2324
2180
2072
2177
2466
2675
2653
2492
2243
2125
2169
2260
2491
2677
2604
2438
2241
2073
2121
2356
2590
2697
2627
2378
2134
2124
2253
2432
2647
2745
2520
2272
2215
2162
2262
2539
2665
2620
2468
2229
2076
2179
2380
2593
2691
2593
2390
2201
2107
2183
2431
2649
2659
2528
2346
2131
2103
2319
2515
2647
2681
2502
2237
2120
2163
2360
2597
2673
2581
2402
2167
2110
2238
2390
2546
2664
2525
2286
2201
2124
2192
2567
2712
2577
2475
2292
2122
2179
2346
2538
2674
2653
2435
2179
2102
2196
2341
2591
2692
2536
2307
2136
2111
2270
2451
2610
2704
2540
2237
2144
2180
2302
2522
2707
2685
2438
2180
2099
2187
2392
2608
2689
2595
2353
2152
2129
2248
2431
2623
2690
2520
2223
2138
2168
2246
2529
2697
2560
2402
2254
2109
2195
2397
2540
2649
2588
2363
2166
2090
2231
2434
2625
2708
2550
2276
2102
2118
2271
2468
2666
2695
2462
2191
2100
2150
2335
2580
2669
2595
2410
2196
2079
2214
2449
2553
2616
2566
2334
2134
2107
2260
2501
2625
2635
2498
2196
2094
2216
2330
2528
2725
2664
2378
2147
2090
2177
2388
2620
2702
2556
2320
2161
2096
2259
2520
2642
2632
2487
2270
2142
2083
2248
2557
2688
2576
2456
2253
2084
2153
2390
2612
2690
2570
2340
2146
2093
2226
2455
2635
2693
2535
2290
2140
2101
2257
2557
2673
2624
2495
2233
2100
2225
2352
2559
2718
2587
2377
2211
2102
2239
2468
2628
2672
2530
2292
2113
2108
2304
2530
2678
2624
2465
2281
2108
2109
2331
2587
2696
2585
2375
2214
2099
2133
2420
2658
2668
2517
2286
2134
2134
2252
2475
2671
2646
2484
2263
2069
2154
2354
2484
2667
2716
2429
2163
2134
2190
2357
2614
2722
2573
2326
2156
2089
2202
2448
2653
2667
2486
2244
2123
2156
2289
2492
2728
2676
2392
2228
2168
2165
2365
2619
2636
2542
2408
2134
2064
2276
2457
2574
2676
2539
2237
2139
2179
2225
2462
2702
2659
2432
2215
2128
2215
2347
2559
2741
2591
2361
2194
2100
2231
2449
2573
2634
2552
2284
2071
2134
2298
2445
2651
2697
2448
2207
2119
2160
2359
2571
2650
2600
2421
2214
2098
2203
2454
2622
2681
2564
2316
2190
2137
2208
2491
2669
2628
2470
2263
2099
2141
2338
2559
2668
2627
2422
2165
2077
2173
2367
2592
2691
2579
2391
2163
2062
2256
2495
2646
2725
2568
2260
2091
2124
2327
2562
2641
2614
2490
2226
2096
2172
2355
2621
2705
2535
2340
2190
2108
2203
2461
2654
2672
2565
2334
2132
2139
2273
2526
2675
2585
2414
2202
2070
2179
2371
2601
2724
2566
2329
2231
2135
2187
2433
2647
2648
2487
2325
2190
2127
2248
2528
2711
2611
2406
2240
2102
2149
2345
2542
2688
2596
2391
2224
2126
2189
2411
2626
2679
2517
2317
2183
2118
2256
2514
2697
2682
2446
2210
2143
2160
2295
2535
2643
2632
2421
2202
2174
2220
2320
2565
2722
2551
2271
2164
2141
2206
2440
2695
2688
2501
2270
2094
2137
2335
2459
2610
2695
2464
2137
2099
2219
2358
2583
2691
2573
2381
2147
2072
2214
2424
2615
2696
2502
2234
2158
2146
2223
2523
2668
2597
2460
2186
2031
2183
2382
2571
2717
2621
2371
2178
2074
2223
2456
2571
2682
2604
2301
2112
2085
2225
2517
2665
2626
2492
2256
2091
2148
2348
2587
2698
2575
2378
2197
2077
2184
2419
2653
2699
2542
2358
2176
2100
2235
2504
2664
2598
2454
2294
2092
2108
2384
2540
2643
2650
2409
2165
2110
2197
2385
2588
2634
2564
2391
2174
2139
2256
2454
2685
2710
2493
2286
2148
2116
2335
2594
2689
2632
2426
2195
2080
2168
2432
2626
2657
2570
2382
2176
2105
2231
2466
2614
2653
2541
2235
2097
2169
2274
2517
2693
2621
2439
2249
2120
2158
2357
2592
2685
2563
2398
2215
2058
2183
2452
2625
2680
2573
2294
2127
2155
2229
2459
2696
2649
2425
2235
2136
2161
2330
2555
2688
2626
2396
2157
2070
2218
2477
2617
2637
2554
2311
2111
2136
2286
2457
2677
2702
2491
2271
2095
2136
2368
2559
2643
2645
2410
2154
2150
2221
2347
2562
2674
2581
2358
2147
2060
2210
2464
2625
2645
2507
2212
2053
2172
2322
2487
2696
2631
2436
2275
2121
2173
2401
2555
2641
2578
2385
2171
2098
2210
2427
2649
2714
2506
2258
2147
2122
2270
2544
2657
2620
2471
2178
2021
2207
2404
2502
2658
2622
2385
2175
2079
2207
2492
2633
2622
2568
2313
2066
2125
2311
2474
2629
2635
2463
2248
2098
2108
2289
2563
2737
2615
2377
2212
2078
2166
2461
2632
2667
2606
2345
2144
2113
2230
2482
2652
2627
2463
2284
2169
2154
2333
2590
2673
2587
2445
2235
2055
2170
2464
2626
2652
2561
2318
2135
2120
2260
2463
2636
2660
2482
2273
2150
2186
2358
2540
2701
2636
2397
2226
2151
2149
2358
2629
2632
2538
2400
2185
2085
2237
2512
2692
2674
2540
2308
2146
2161
2274
2524
2687
2561
2401
2266
2098
2113
2365
2641
2708
2595
2418
2193
2087
2192
2426
2658
2688
2501
2308
2174
2105
2281
2512
2635
2665
2495
2205
2097
2157
2290
2561
2762
2624
2358
2156
2098
2236
2405
2588
2658
2506
2319
2119
2049
2300
2541
2593
2650
2543
2251
2096
2122
2266
2546
2655
2568
2391
2209
2116
2209
2414
2605
2674
2563
2357
2190
2140
2243
2460
2662
2683
2518
2268
2126
2164
2333
2535
2675
2643
2427
2199
2127
2203
2374
2590
2721
2553
2281
2190
2176
2148
2400
2699
2660
2456
2297
2142
2137
2263
2454
2674
2665
2407
2198
2133
2223
2369
2517
2661
2628
2344
2160
2180
2208
2350
2625
2722
2510
2290
2169
2148
2284
2478
2677
2688
2432
2231
2152
2146
2314
2536
2672
2625
2381
2202
2177
2235
2411
2610
2642
2467
2317
2206
2063
2186
2532
2647
2606
2520
2231
2085
2212
2330
2493
2702
2640
2374
2158
2109
2188
2384
2630
2663
2514
2354
2158
2112
2306
2468
2561
2644
2505
2265
2137
2121
2283
2555
2638
2582
2455
2187
2062
2214
2376
2542
2704
2582
2293
2140
2126
2226
2447
2658
2674
2506
2280
2120
2126
2284
2541
2701
2657
2443
2231
2088
2118
2368
2574
2623
2612
2441
2190
2093
2223
2473
2646
2633
2526
2343
2097
2026
2300
2519
2573
2647
2495
2195
2100
2169
2367
2566
2656
2618
2443
2195
2091
2211
2432
2588
2674
2598
2379
2116
2076
2290
2522
2619
2649
2516
2260
2089
2143
2366
2572
2643
2630
2441
2181
2128
2210
2367
2634
2700
2532
2325
2177
2153
2257
2411
2641
2699
2454
2208
2121
2151
2281
2508
2682
2631
2445
2242
2108
2146
2390
2636
2694
2599
2353
2126
2113
2245
2445
2631
2724
2550
2253
2152
2190
2288
2509
2691
2661
2461
2206
2147
2197
2322
2594
2713
2561
2346
2155
2081
2223
2423
2579
2715
2591
2247
2104
2174
2279
2468
2658
2630
2435
2259
2168
2168
2331
2557
2684
2607
2384
2178
2127
2220
2394
2574
2651
2527
2307
2208
2151
2224
2494
2675
2612
2480
2277
2105
2170
2326
2519
2700
2661
2427
2211
2110
2205
2428
2631
2671
2548
2359
2157
2095
2259
2479
2599
2631
2542
2312
2146
2158
2340
2570
2679
2620
2460
2228
2094
2157
2377
2643
2710
2578
2393
2179
2092
2223
2445
2631
2688
2543
2288
2098
2112
2323
2547
2665
2680
2491
2209
2086
2191
2389
2581
2722
2669
2374
2133
2115
2252
2451
2605
2642
2568
2329
2101
2135
2352
2517
2655
2674
2443
2191
2119
2140
2327
2609
2714
2602
2432
2203
2106
2186
2382
2648
2734
2538
2294
2092
2047
2257
2525
2623
2601
2486
2296
2088
2135
2354
2540
2671
2607
2371
2232
2125
2157
2395
2614
2693
2594
2284
2131
2167
2238
2426
2696
2696
2488
2277
2118
2115
2336
2517
2652
2679
2475
2213
2149
2199
2333
2583
2708
2588
2406
2157
2025
2230
2491
2597
2695
2568
2234
2080
2098
2266
2543
2652
2612
2483
2240
2078
2168
2360
2543
2649
2552
2353
2185
2114
2200
2400
2605
2689
2546
2313
2164
2125
2237
2517
2682
2611
2435
2270
2111
2160
2394
2568
2668
2622
2370
2148
2128
2209
2356
2593
2706
2525
2291
2178
2150
2277
2513
2663
2629
2475
2252
2106
2169
2329
2559
2749
2637
2385
2258
2147
2154
2392
2620
2675
2570
2318
2165
2159
2246
2492
2682
2605
2455
2305
2113
2097
2350
2571
2627
2615
2441
2192
2093
2173
2402
2632
2656
2541
2379
2157
2145
2260
2386
2604
2688
2502
2284
2101
2100
2327
2544
2645
2642
2465
2192
2062
2172
2355
2537
2689
2624
2333
2141
2139
2235
2410
2626
2665
2500
2262
2148
2140
2228
2463
2702
2668
2436
2235
2123
2148
2372
2595
2688
2619
2382
2145
2147
2227
2393
2650
2668
2523
2360
2142
2074
2240
2484
2632
2674
2521
2199
2048
2150
2314
2506
2673
2669
2416
2205
2137
2185
2405
2640
2682
2548
2365
2164
2058
2242
2459
2582
2652
2536
2276
2152
2166
2313
2563
2676
2606
2443
2196
2094
2213
2384
2569
2711
2604
2360
2181
2111
2208
2449
2615
2655
2546
2300
2120
2133
2260
2507
2722
2661
2434
2206
2095
2189
2361
2536
2689
2637
2382
2157
2100
2213
2447
2619
2640
2538
2325
2149
2122
2281
2488
2607
2616
2477
2272
2084
2087
2358
2606
2700
2659
2421
2210
2184
2219
2370
2629
2705
2526
2285
2145
2138
2270
2497
2639
2629
2470
2249
2101
2119
2345
2579
2670
2644
2439
2185
2111
2149
2350
2632
2655
2504
2387
2176
2082
2250
2445
2618
2648
2458
2271
2187
2138
2258
2558
2723
2612
2420
2248
2132
2168
2371
2625
2694
2563
2361
2155
2095
2232
2419
2618
2698
2513
2259
2128
2129
2290
2545
2684
2679
2479
2178
2131
2237
2324
2563
2713
2536
2344
2189
2080
2206
2454
2655
2694
2505
2285
2113
2042
2268
2548
2640
2616
2490
2259
2106
2143
2341
2578
2681
2563
2367
2187
2089
2176
2448
2625
2641
2573
2362
2081
2039
2275
2513
2637
2699
2546
2203
2039
2161
2351
2591
2685
2593
2434
2211
2049
2163
2428
2582
2616
2573
2368
2151
2117
2319
2503
2618
2659
2525
2250
2059
2114
2349
2519
2615
2630
2466
2140
2024
2176
2363
2545
2690
2593
2380
2171
2059
2204
2504
2665
2682
2542
2288
2086
2086
2319
2572
2651
2590
2448
2221
2087
2181
2378
2584
2688
2557
2356
2229
2108
2166
2445
2615
2656
2573
2317
2137
2133
2271
2491
2644
2672
2503
2171
2082
2222
2331
2486
2686
2640
2375
2185
2118
2195
2441
2635
2643
2537
2303
2108
2146
2306
2457
2648
2710
2477
2211
2148
2161
2301
2584
2686
2601
2458
2223
2076
2209
2452
2625
2690
2595
2336
2142
2130
2231
2429
2666
2697
2513
2277
2112
2136
2351
2533
2610
2634
2492
2190
2103
2252
2420
2575
2672
2601
2360
2106
2102
2257
2465
2655
2656
2488
2300
2111
2071
2299
2596
2671
2600
2466
2263
2103
2152
2340
2573
2719
2596
2341
2199
2136
2220
2424
2618
2651
2530
2305
2101
2077
2285
2498
2650
2683
2435
2181
2160
2162
2302
2551
2645
2600
2437
2173
2053
2197
2427
2581
2659
2576
2333
2173
2149
2244
2470
2610
2599
2461
2228
2063
2111
2355
2582
2645
2590
2445
2240
2074
2138
2381
2580
2653
2592
2351
2128
2158
2295
2447
2661
2677
2481
2291
2147
2090
2275
2577
2690
2613
2458
2196
2060
2173
2368
2566
2726
2598
2328
2155
2125
2222
2435
2613
2655
2551
2342
2119
2078
2264
2535
2662
2612
2438
2220
2080
2142
2418
2631
2669
2614
2391
2149
2113
2203
2397
2634
2654
2525
2346
2142
2110
2318
2544
2633
2638
2458
2224
2136
2158
2302
2569
2674
2584
2422
2189
2052
2177
2438
2609
2641
2581
2332
2092
2127
2301
2496
2641
2664
2513
2234
2090
2153
2359
2595
2670
2585
2424
2193
2059
2195
2410
2523
2646
2605
2336
2178
2181
2249
2472
2689
2673
2478
2295
2150
2103
2283
2572
2719
2625
2471
2274
2059
2146
2423
2583
2697
2571
2290
2171
2171
2223
2425
2653
2697
2547
2284
2118
2167
2311
2521
2697
2699
2449
2183
2109
2206
2371
2555
2700
2637
2359
2138
2093
2187
2404
2595
2644
2554
2334
2090
2054
2305
2545
2632
2642
2499
2243
2111
2158
2340
2600
2707
2556
2331
2158
2099
2169
2418
2687
2690
2490
2318
2136
2110
2250
2484
2681
2641
2436
2257
2115
2127
2334
2573
2700
2594
2360
2192
2115
2184
2400
2625
2707
2584
2309
2142
2159
2216
2402
2660
2638
2441
2274
2165
2130
2285
2526
2692
2630
2415
2221
2129
2166
2389
2594
2659
2604
2362
2129
2122
2199
2413
2647
2643
2484
2356
2177
2123
2318
2535
2637
2635
2476
2233
2085
2147
2386
2573
2643
2600
2348
2120
2104
2194
2397
2645
2689
2553
2322
2135
2135
2289
2474
2657
2649
2460
2255
2092
2155
2385
2565
2676
2622
2362
2189
2126
2148
2393
2650
2669
2543
2330
2147
2122
2251
2481
2633
2616
2490
2290
2105
2095
2307
2542
2622
2631
2465
2155
2093
2233
2369
2566
2623
2493
2381
2156
2078
2274
2447
2564
2660
2546
2243
2057
2145
2376
2514
2585
2616
2502
2223
2097
2239
2435
2584
2655
2587
2381
2146
2120
2251
2424
2656
2719
2488
2306
2184
2117
2266
2542
2715
2670
2425
2231
2144
2128
2309
2624
2709
2592
2427
2183
2077
2232
2427
2593
2689
2552
2273
2162
2166
2220
2498
2738
2650
2415
2231
2116
2142
2317
2538
2728
2645
2362
2187
2126
2162
2419
2623
2686
2565
2266
2100
2180
2269
2487
2722
2660
2440
2265
2132
2125
2288
2559
2714
2637
2415
2192
2076
2198
2405
2625
2698
2535
2328
2144
2086
2242
2493
2669
2697
2485
2212
2118
2143
2285
2529
2668
2665
2483
2148
2068
2213
2357
2565
2747
2632
2372
2162
2055
2214
2504
2621
2620
2515
2309
2128
2112
2280
2508
2657
2675
2482
2214
2131
2225
2354
2552
2671
2625
2404
2140
2104
2227
2384
2604
2682
2554
2325
2147
2146
2276
2464
2643
2637
2447
2259
2134
2155
2337
2536
2654
2594
2389
2147
2070
2171
2420
2639
2643
2502
2316
2139
2121
2302
2502
2639
2661
2519
2246
2107
2151
2303
2552
2690
2588
2406
2258
2155
2178
2377
2632
2708
2568
2344
2083
2045
2268
2499
2643
2683
2494
2228
2104
2125
2285
2559
2699
2636
2461
2212
2017
2128
2426
2583
2710
2625
2263
2127
2151
2185
2459
2689
2599
2465
2315
2088
2155
2342
2467
2667
2684
2411
2231
2148
2147
2348
2635
2702
2551
2352
2211
2136
2217
2439
2676
2662
2516
2348
2134
2082
2298
2514
2669
2688
2481
2210
2142
2179
2371
2586
2637
2572
2417
2167
2077
2216
2418
2569
2670
2551
2289
2148
2140
2206
2447
2710
2690
2474
2264
2093
2115
2338
2579
2669
2642
2470
2226
2139
2222
2389
2621
2698
2544
2344
2191
2105
2238
2523
2693
2680
2537
2307
2117
2113
2299
2528
2665
2599
2395
2225
2148
2216
2392
2558
2705
2592
2320
2170
2138
2229
2464
2650
2664
2494
2252
2106
2137
2267
2475
2659
2685
2452
2196
2135
2208
2355
2570
2686
2616
2366
2142
2130
2245
2445
2676
2670
2497
2333
2137
2068
2278
2529
2629
2646
2520
2244
2116
2185
2335
2552
2682
2613
2404
2173
2114
2242
2453
2613
2670
2551
2296
2187
2204
2262
2474
2680
2651
2481
2275
2111
2135
2337
2582
2684
2592
2417
2229
2120
2210
2422
2628
2666
2530
2332
2136
2067
2218
2496
2678
2613
2481
2354
2131
2099
2350
2558
2651
2646
2466
2229
2101
2134
2372
2617
2670
2586
2411
2188
2096
2229
2450
2592
2665
2545
2289
2158
2163
2229
2514
2730
2610
2456
2289
2075
2162
2389
2551
2659
2592
2362
2200
2107
2164
2461
2672
2657
2544
2271
2104
2170
2286
2475
2696
2679
2475
2225
2088
2210
2386
2506
2672
2651
2369
2131
2085
2162
2382
2604
2702
2569
2306
2125
2062
2204
2511
2657
2650
2506
2230
2106
2188
2324
2508
2660
2613
2425
2226
2089
2195
2475
2609
2645
2608
2333
2107
2114
2259
2469
2631
2628
2515
2241
2079
2157
2273
2538
2761
2627
2409
2237
2100
2158
2374
2576
2683
2584
2367
2216
2114
2154
2476
2696
2641
2497
2360
2151
2042
2265
2580
2676
2622
2463
2235
2115
2202
2340
2531
2657
2557
2366
2213
2124
2189
2451
2651
2636
2492
2321
2144
2108
2275
2519
2668
2676
2491
2245
2136
2144
2280
2560
2711
2548
2325
2180
2108
2199
2418
2593
2651
2565
2302
2119
2134
2267
2488
2633
2639
2498
2239
2107
2150
2311
2577
2711
2630
2428
2205
2109
2170
2379
2649
2691
2517
2372
2190
2066
2282
2522
2594
2638
2539
2266
2079
2149
2340
2530
2666
2616
2436
2228
2092
2166
2398
2559
2658
2646
2405
2135
2125
2272
2439
2641
2688
2550
2338
2126
2138
2304
2528
2704
2669
2450
2237
2152
2195
2310
2555
2722
2606
2327
2151
2134
2196
2451
2686
2636
2498
2338
2126
2077
2314
2528
2625
2675
2521
2223
2102
2148
2342
2570
2659
2624
2432
2165
2104
2225
2464
2634
2683
2562
2304
2164
2172
2251
2496
2678
2644
2467
2248
2110
2154
2325
2545
2670
2637
2413
2213
2121
2189
2401
2635
2694
2557
2316
2191
2163
2218
2447
2705
2664
2477
2321
2170
2130
2305
2571
2708
2672
2465
2222
2149
2173
2352
2612
2686
2517
2356
2218
2085
2180
2488
2671
2672
2548
2331
2108
2092
2325
2544
2674
2669
2447
2214
2150
2230
2328
2552
2717
2591
2342
2156
2164
2267
2415
2648
2710
2479
2262
2174
2139
2224
2492
2696
2626
2444
2257
2119
2137
2334
2590
2733
2566
2352
2249
2096
2096
2382
2599
2603
2529
2381
2152
2116
2299
2480
2668
2693
2424
2218
2192
2141
2270
2591
2679
2577
2454
2191
2024
2155
2395
2622
2703
2551
2328
2182
2100
2198
2470
2693
2653
2473
2336
2157
2105
2339
2606
2653
2599
2448
2223
2102
2217
2389
2515
2683
2635
2316
2164
2157
2226
2478
2670
2639
2519
2306
2097
2119
2299
2495
2656
2646
2441
2246
2129
2132
2359
2617
2679
2611
2389
2162
2112
2248
2441
2591
2656
2563
2298
2114
2109
2239
2486
2699
2666
2418
2204
2131
2163
2333
2568
2710
2565
2336
2147
2049
2188
2447
2577
2652
2592
2333
2107
2127
2313
2494
2628
2681
2511
2246
2104
2142
2291
2513
2661
2606
2380
2175
2091
2189
2385
2555
2674
2588
2303
2166
2170
2256
2463
2643
2630
2502
2310
2154
2153
2301
2545
2705
2583
2417
2243
2088
2165
2423
2591
2679
2617
2376
2166
2102
2186
2418
2605
2654
2484
2263
2145
2138
2311
2585
2663
2615
2466
2238
2138
2208
2333
2544
2720
2612
2334
2170
2124
2198
2418
2639
2678
2536
2267
2090
2143
2286
2462
2655
2628
2437
2269
2146
2159
2362
2577
2696
2641
2355
2140
2152
2198
2359
2610
2682
2525
2321
2168
2123
2226
2517
2687
2620
2500
2281
2105
2150
2320
2510
2676
2613
2415
2241
2066
2171
2471
2601
2646
2577
2302
2130
2154
2267
2471
2651
2656
2512
2291
2142
2113
2272
2575
2736
2605
2421
2248
2093
2184
2433
2579
2705
2620
2291
2121
2139
2208
2423
2677
2698
2472
2273
2152
2081
2269
2575
2672
2623
2464
2227
2084
2166
2359
2531
2615
2605
2394
2147
2118
2246
2433
2624
2670
2547
2298
2115
2111
2256
2517
2710
2669
2505
2257
2072
2127
2332
2530
2654
2587
2397
2162
2051
2188
2426
2584
2693
2582
2326
2140
2105
2285
2516
2649
2672
2460
2207
2103
2139
2324
2573
2655
2601
2423
2184
2084
2193
2410
2605
2647
2571
2392
2184
2074
2256
2560
2664
2618
2518
2305
2127
2100
2329
2601
2656
2606
2490
2224
2065
2205
2410
2576
2713
2583
2305
2181
2153
2198
2464
2705
2666
2501
2291
2124
2147
2307
2516
2672
2626
2410
2247
2163
2182
2376
2582
2653
2586
2424
2230
2117
2214
2444
2620
2629
2525
2317
2123
2122
2298
2515
2686
2656
2463
2237
2083
2167
2372
2535
2680
2634
2410
2215
2130
2218
2434
2604
2661
2557
2317
2133
2102
2258
2498
2617
2630
2494
2243
2073
2124
2321
2553
2667
2590
2373
2214
2119
2157
2388
2641
2672
2531
2343
2148
2073
2238
2491
2663
2666
2503
2297
2143
2114
2295
2553
2673
2601
2445
2215
2096
2143
2342
2607
2688
2558
2398
2199
2085
2210
2465
2657
2680
2485
2264
2136
2126
2259
2482
2618
2601
2455
2251
2120
2120
2330
2602
2690
2580
2351
2132
2107
2230
2420
2662
2689
2490
2307
2163
2100
2268
2524
2668
2650
2475
2224
2109
2131
2296
2583
2729
2599
2422
2216
2111
2236
2457
2586
2653
2564
2317
2111
2091
2247
2452
2642
2685
2500
2225
2091
2146
2311
2550
2656
2587
2396
2212
2131
2170
2375
2627
2671
2535
2388
2189
2051
2242
2503
2649
2644
2490
2310
2143
2095
2341
2578
2626
2632
2460
2167
2130
2238
2363
2573
2720
2643
2357
2107
2145
2238
2403
2681
2702
2477
2305
2173
2094
2238
2548
2669
2580
2439
2238
2093
2148
2332
2590
2662
2531
2391
2244
2083
2160
2445
2637
2665
2532
2282
2128
2118
2256
2456
2646
2666
2420
2218
2170
2157
2319
2575
2648
2547
2401
2201
2085
2178
2411
2620
2671
2560
2325
2100
2085
2269
2438
2606
2709
2509
2210
2109
2159
2323
2549
2657
2621
2433
2182
2101
2212
2417
2584
2649
2605
2383
2135
2106
2247
2458
2666
2680
2461
2249
2158
2122
2259
2556
2665
2542
2420
2261
2078
2129
2377
2578
2701
2648
2374
2151
2170
2275
2401
2605
2710
2510
2248
2173
2177
2268
2479
2641
2687
2487
2183
2121
2254
2336
2545
2768
2641
2376
2204
2104
2190
2472
2647
2681
2588
2295
2094
2139
2273
2463
2702
2692
2431
2258
2145
2124
2351
2570
2652
2613
2427
2216
2122
2202
2429
2628
2674
2525
2319
2170
2123
2265
2489
2670
2691
2485
2260
2115
2103
2309
2569
2639
2585
2402
2220
2133
2126
2372
2634
2642
2556
2341
2108
2121
2273
2436
2704
2705
2423
2227
2117
2100
2303
2570
2641
2579
2478
2232
2075
2209
2400
2557
2685
2591
2349
2197
2137
2199
2476
2646
2627
2515
2278
2099
2113
2261
2574
2727
2640
2460
2226
2083
2177
2338
2520
2678
2610
2356
2173
2104
2211
2413
2568
2658
2570
2338
2114
2107
2282
2455
2612
2631
2451
2251
2139
2150
2342
2538
2651
2597
2391
2215
2096
2133
2408
2676
2699
2538
2313
2148
2102
2223
2482
2656
2622
2498
2255
2085
2170
2357
2517
2653
2618
2406
2213
2115
2159
2370
2591
2679
2604
2350
2098
2131
2286
2443
2668
2704
2450
2249
2155
2104
2274
2553
2678
2607
2412
2186
2106
2212
2373
2564
2692
2619
2333
2109
2135
2231
2424
2667
2676
2505
2326
2119
2086
2331
2562
2647
2622
2427
2246
2130
2092
2317
2640
2676
2545
2401
2214
2077
2202
2478
2658
2632
2506
2325
2147
2080
2234
2505
2636
2589
2461
2275
2098
2134
2405
2601
2672
2628
2423
2165
2098
2220
2423
2649
2708
2551
2360
2166
2106
2242
2493
2663
2639
2469
2286
2134
2135
2366
2575
2609
2622
2437
2203
2129
2168
2338
2612
2660
2502
2345
2185
2097
2263
2507
2647
2638
2523
2292
2087
2121
2337
2496
2634
2651
2416
2171
2099
2150
2402
2645
2675
2629
2413
2155
2133
2216
2426
2653
2673
2485
2262
2118
2132
2294
2531
2681
2641
2444
2211
2136
2147
2276
2568
2727
2552
2297
2161
2133
2254
2427
2604
2668
2501
2278
2185
2171
2251
2440
2654
2669
2460
2235
2090
2126
2354
2564
2656
2637
2402
2165
2104
2171
2389
2621
2630
2544
2342
2099
2127
2317
2444
2605
2709
2507
2203
2116
2168
2275
2526
2686
2618
2435
2181
2087
2268
2375
2521
2752
2618
2305
2183
2163
2215
2424
2666
2648
2463
2291
2065
2064
2325
2501
2652
2698
2449
2201
2116
2148
2397
2638
2648
2579
2418
2150
2097
2275
2442
2608
2682
2512
2274
2127
2128
2275
2503
2651
2625
2493
2257
2073
2124
2361
2600
2698
2579
2390
2214
2110
2218
2448
2627
2671
2531
2278
2139
2127
2242
2485
2681
2673
2468
2203
2082
2154
2348
2573
2697
2610
2411
2206
2099
2230
2469
2591
2655
2565
2308
2152
2138
2244
2518
2672
2631
2514
2284
2078
2147
2347
2525
2660
2639
2428
2214
2095
2193
2464
2616
2663
2600
2335
2129
2128
2248
2476
2667
2648
2492
2267
2122
2120
2290
2572
2724
2603
2425
2229
2103
2177
2384
2604
2700
2539
2332
2178
2097
2234
2454
2598
2674
2508
2286
2173
2165
2266
2506
2720
2664
2421
2262
2171
2158
2304
2576
2741
2610
2318
2150
2124
2226
2411
2614
2707
2526
2243
2158
2109
2181
2476
2685
2627
2459
2240
2144
2191
2318
2569
2741
2583
2374
2265
2126
2175
2431
2628
2668
2525
2345
2198
2078
2211
2550
2727
2640
2463
2266
2125
2122
2310
2610
2703
2536
2422
2289
2084
2143
2410
2587
2635
2542
2317
2154
2114
2222
2471
2674
2632
2486
2309
2138
2142
2316
2527
2682
2666
2469
2179
2072
2192
2387
2603
2726
2577
2365
2217
2102
2205
2479
2655
2622
2519
2322
2098
2132
2352
2525
2674
2675
2446
2208
2127
2166
2359
2578
2636
2627
2442
2125
2087
2196
2375
2640
2707
2506
2288
2161
2119
2251
2448
2621
2668
2473
2225
2116
2100
2320
2618
2663
2548
2387
2164
2098
2204
2397
2615
2683
2549
2391
2172
2063
2280
2492
2603
2698
2513
2206
2098
2192
2334
2507
2681
2640
2388
2195
2122
2155
2372
2635
2688
2553
2352
2171
2088
2217
2486
2650
2670
2550
2297
2125
2173
2291
2513
2732
2603
2372
2281
2174
2117
2326
2600
2700
2555
2313
2191
2127
2202
2456
2633
2681
2579
2272
2046
2133
2311
2514
2689
2677
2471
2228
2130
2167
2359
2599
2675
2627
2465
2183
2056
2243
2455
2603
2667
2538
2296
2148
2131
2252
2525
2699
2637
2431
2237
2139
2178
2358
2578
2682
2609
2408
2163
2105
2240
2432
2591
2675
2567
2309
2138
2127
2230
2446
2686
2686
2458
2239
2121
2171
2374
2541
2630
2610
2424
2187
2074
2194
2415
2587
2661
2560
2323
2161
2137
2269
2493
2626
2621
2519
2301
2092
2108
2338
2531
2600
2598
2504
2247
2082
2211
2376
2538
2694
2564
2318
2186
2135
2207
2449
2638
2685
2552
2297
2157
2178
2312
2496
2658
2680
2480
2216
2101
2166
2346
2577
2720
2595
2313
2187
2152
2220
2429
2628
2667
2550
2308
2149
2175
2289
2488
2672
2651
2457
2233
2136
2184
2334
2561
2725
2622
2430
2255
2084
2168
2442
2612
2670
2579
2354
2147
2107
2236
2513
2655
2616
2494
2286
2128
2172
2337
2572
2716
2642
2392
2206
2144
2201
2395
2619
2693
2600
2353
2130
2122
2254
2432
2632
2668
2524
2296
2134
2164
2311
2528
2767
2670
2385
2236
2147
2144
2392
2637
2649
2578
2409
2120
2081
2302
2493
2612
2656
2510
2277
2126
2132
2281
2502
2698
2659
2411
2239
2146
2146
2357
2572
2627
2608
2386
2130
2098
2264
2438
2631
2693
2548
2337
2170
2138
2290
2481
2617
2642
2491
2206
2060
2160
2364
2529
2654
2613
2389
2168
2068
2168
2406
2569
2657
2641
2343
2074
2105
2259
2486
2682
2655
2490
2258
2093
2133
2350
2588
2644
2567
2450
2206
2028
2195
2449
2598
2679
2567
2347
2172
2106
2203
2462
2729
2728
2499
2284
2154
2141
2285
2528
2720
2657
2420
2200
2116
2138
2341
2620
2669
2555
2413
2207
2080
2227
2472
2607
2660
2533
2279
2111
2139
2338
2555
2647
2635
2446
2170
2088
2234
2356
2569
2719
2547
2331
2203
2085
2222
2466
2594
2630
2525
2269
2123
2136
2265
2492
2680
2584
2405
2278
2141
2128
2343
2529
2624
2607
2432
2171
2085
2178
2418
2640
2628
2524
2388
2125
2106
2307
2473
2652
2670
2457
2276
2127
2101
2341
2606
2654
2618
2455
2191
2077
2174
2444
2637
2639
2580
2347
2122
2125
2234
2442
2653
2660
2502
2289
2119
2137
2304
2515
2689
2637
2412
2227
2159
2164
2314
2599
2724
2545
2350
2205
2123
2209
2435
2671
2716
2475
2288
2184
2104
2233
2509
2639
2629
2453
2222
2123
2176
2337
2621
2690
2519
2365
2189
2099
2240
2433
2605
2678
2559
2315
2133
2157
2328
2454
2625
2683
2431
2198
2133
2138
2367
2600
2600
2606
2494
2142
2068
2269
2413
2555
2667
2594
2336
2126
2078
2223
2495
2686
2645
2464
2303
2132
2095
2340
2563
2658
2647
2433
2170
2116
2238
2421
2593
2690
2618
2365
2118
2124
2301
2463
2598
2653
2512
2259
2079
2098
2299
2506
2657
2651
2452
2250
2106
2129
2381
2642
2707
2587
2375
2173
2132
2232
2415
2601
2678
2531
2258
2129
2137
2278
2548
2698
2673
2476
2218
2075
2141
2384
2591
2643
2586
2401
2158
2099
2226
2435
2652
2681
2506
2321
2135
2061
2235
2500
2652
2614
2508
2294
2067
2104
2362
2539
2633
2619
2431
2214
2104
2200
2442
2572
2612
2578
2306
2102
2134
2234
2486
2683
2624
2455
2281
2076
2109
2383
2559
2626
2619
2432
2179
2070
2150
2409
2686
2678
2499
2362
2199
2104
2268
2468
2639
2705
2531
2250
2116
2150
2304
2499
2658
2662
2460
2169
2078
2225
2376
2519
2696
2629
2333
2155
2140
2207
2413
2606
2648
2516
2308
2177
2157
2262
2517
2681
2634
2430
2185
2113
2218
2341
2551
2675
2594
2387
2183
2130
2242
2410
2576
2667
2534
2298
2141
2110
2254
2496
2687
2645
2429
2278
2146
2096
2328
2604
2667
2599
2436
2172
2072
2235
2422
2585
2703
2564
2279
2134
2164
2293
2475
2631
2658
2480
2203
2071
2171
2345
2506
2646
2638
2436
2229
2135
2154
2394
2665
2664
2538
2370
2133
2090
2289
2489
2598
2643
2504
2254
2127
2142
2311
2521
2669
2647
2418
2178
2100
2189
2349
2541
2677
2587
2357
2158
2088
2217
2491
2640
2632
2536
2328
2107
2094
2276
2500
2651
2659
2475
2219
2070
2154
2390
2603
2636
2571
2410
2161
2057
2252
2481
2598
2663
2579
2308
2101
2089
2269
2512
2661
2643
2476
2270
2125
2106
2315
2594
2679
2546
2400
2238
2108
2167
2397
2636
2705
2531
2313
2155
2098
2240
2480
2665
2678
2470
2231
2116
2130
2297
2542
2646
2587
2372
2188
2143
2186
2347
2585
2679
2575
2387
2167
2079
2273
2484
2633
2676
2487
2250
2188
2161
2276
2535
2660
2590
2432
2209
2058
2173
2394
2574
2706
2594
2366
2169
2068
2206
2499
2614
2607
2507
2303
2093
2084
2293
2537
2650
2633
2471
2259
2149
2153
2346
2663
2733
2573
2385
2246
2145
2199
2431
2637
2653
2522
2295
2125
2162
2280
2454
2711
2680
2416
2253
2156
2131
2348
2585
2651
2594
2396
2150
2086
2223
2434
2574
2619
2570
2318
2121
2178
2309
2432
2626
2682
2445
2181
2121
2148
2318
2560
2649
2597
2473
2258
2076
2171
2417
2616
2671
2557
2340
2135
2105
2262
2498
2671
2668
2481
2296
2203
2124
2292
2566
2652
2611
2457
2214
2116
2160
2354
2625
2679
2554
2350
2129
2124
2228
2391
2630
2703
2535
2313
2150
2120
2297
2572
2680
2636
2488
2241
2123
2178
2321
2615
2705
2545
2374
2171
2051
2202
2435
2595
2671
2536
2289
2155
2130
2276
2560
2691
2663
2521
2229
2099
2196
2324
2532
2751
2662
2371
2185
2161
2196
2408
2632
2664
2544
2356
2159
2106
2257
2488
2629
2690
2548
2258
2082
2167
2337
2545
2701
2629
2412
2193
2092
2190
2366
2606
2750
2570
2279
2171
2116
2204
2498
2676
2611
2488
2285
2142
2174
2269
2453
2687
2649
2428
2240
2117
2166
2391
2576
2684
2589
2320
2159
2196
2230
2384
2685
2718
2478
2281
2122
2102
2321
2534
2617
2598
2440
2247
2130
2179
2371
2617
2700
2569
2387
2192
2095
2228
2446
2628
2691
2538
2280
2139
2105
2256
2472
2622
2628
2439
2239
2113
2137
2367
2572
2648
2614
2409
2152
2102
2195
2403
2621
2669
2536
2331
2135
2085
2261
2518
2644
2658
2518
2274
2118
2135
2326
2569
2683
2610
2419
2215
2081
2192
2419
2597
2685
2578
2331
2156
2124
2266
2506
2649
2637
2500
2302
2132
2158
2400
2577
2644
2642
2447
2165
2109
2217
2380
2606
2694
2592
2382
2145
2097
2245
2452
2631
2709
2548
2245
2138
2153
2254
2511
2679
2639
2473
2213
2056
2215
2400
2543
2639
2598
2415
2148
2062
2232
2423
2594
2696
2544
2263
2115
2142
2292
2479
2587
2655
2520
2205
2099
2161
2349
2587
2688
2609
2416
2188
2079
2187
2427
2571
2617
2560
2326
2123
2119
2242
2470
2635
2649
2511
2237
2044
2157
2331
2486
2654
2694
2446
2199
2117
2158
2383
2653
2673
2523
2355
2159
2056
2199
2500
2629
2602
2562
2347
2059
2107
2355
2516
2653
2676
2439
2155
2114
2205
2315
2574
2752
2584
2339
2174
2114
2253
2471
2611
2667
2525
2237
2091
2142
2302
2546
2687
2646
2453
2156
2026
2208
2344
2503
2730
2588
2294
2180
2116
2187
2438
2649
2643
2502
2325
2129
2127
2298
2463
2639
2663
2472
2242
2126
2167
2336
2537
2690
2639
2402
2162
2080
2226
2468
2608
2649
2566
2329
2116
2100
2264
2523
2680
2653
2501
2287
2121
2114
2333
2588
2662
2581
2395
2210
2098
2157
2406
2609
2680
2578
2325
2171
2152
2214
2417
2611
2646
2518
2262
2135
2145
2304
2575
2690
2588
2423
2232
2094
2151
2378
2618
2661
2506
2336
2216
2075
2164
2484
2650
2678
2583
2273
2076
2170
2319
2494
2630
2617
2480
2230
2068
2216
2364
2521
2707
2593
2347
2245
2129
2206
2510
2629
2646
2613
2331
2101
2152
2280
2462
2688
2679
2512
2253
2055
2176
2377
2503
2674
2617
2385
2190
2095
2206
2473
2665
2689
2542
2329
2129
2070
2241
2498
2626
2661
2519
2251
2099
2147
2324
2542
2684
2619
2376
2200
2156
2237
2383
2601
2683
2522
2326
2186
2107
2230
2468
2659
2701
2524
2266
2143
2140
2308
2557
2657
2629
2435
2204
2180
2207
2314
2611
2690
2514
2387
2196
2087
2259
2488
2624
2643
2497
2312
2162
2110
2275
2525
2647
2616
2475
2226
2031
2126
2370
2566
2672
2652
2387
2126
2103
2213
2408
2655
2688
2508
2316
2162
2130
2259
2472
2645
2632
2424
2207
2125
2170
2339
2557
2671
2632
2386
2131
2119
2228
2414
2618
2684
2552
2327
2139
2143
2310
2462
2586
2655
2497
2267
2144
2130
2319
2592
2677
2593
2393
2167
2083
2198
2420
2627
2702
2572
2335
2133
2074
2291
2530
2633
2663
2528
2268
2151
2157
2288
2548
2672
2609
2486
2213
2041
2175
2382
2567
2689
2574
2347
2195
2099
2194
2483
2700
2671
2486
2325
2159
2118
2264
2511
2680
2648
2445
2259
2130
2161
2389
2628
2683
2560
2391
2224
2112
2187
2409
2638
2646
2499
2299
2106
2103
2279
2480
2690
2676
2437
2221
2121
2130
2371
2582
2678
2620
2380
2205
2161
2199
2379
2636
2694
2514
2336
2166
2088
2243
2495
2641
2676
2516
2219
2096
2164
2290
2521
2681
2622
2421
2176
2077
2173
2388
2630
2717
2544
2333
2213
2115
2203
2485
2647
2617
2503
2283
2113
2137
2327
2549
2674
2585
2424
2247
2077
2122
2414
2591
2620
2586
2376
2113
2068
2226
2460
2649
2703
2510
2250
2097
2129
2287
2505
2680
2624
2420
2242
2115
2137
2339
2582
2676
2574
2386
2208
2073
2158
2473
2650
2594
2543
2345
2081
2134
2334
2450
2643
2681
2462
2286
2148
2119
2359
2603
2674
2596
2414
2239
2114
2131
2392
2666
2708
2525
2318
2158
2112
2297
2537
2659
2635
2470
2233
2115
2142
2296
2591
2663
2520
2386
2176
2052
2193
2390
2557
2677
2562
2318
2172
2116
2220
2485
2697
2673
2499
2293
2134
2125
2318
2552
2703
2660
2478
2243
2129
2223
2383
2589
2725
2611
2337
2147
2141
2249
2439
2647
2697
2498
2266
2147
2107
2231
2502
2637
2619
2484
2232
2117
2224
2343
2551
2703
2613
2405
2189
2086
2233
2470
2615
2643
2577
2353
2111
2085
2307
2531
2647
2647
2476
2211
2109
2212
2350
2538
2706
2594
2384
2220
2041
2163
2524
2633
2628
2578
2350
2131
2095
2249
2504
2651
2644
2528
2292
2066
2128
2346
2569
2699
2617
2410
2213
2110
2223
2410
2572
2685
2617
2314
2115
2111
2253
2490
2637
2629
2512
2278
2105
2135
2309
2498
2675
2621
2405
2209
2087
2151
2406
2580
2664
2594
2334
2120
2121
2248
2444
2659
2739
2511
2203
2156
2228
2253
2462
2702
2653
2431
2200
2084
2155
2355
2589
2663
2606
2417
2155
2053
2235
2456
2594
2638
2524
2336
2169
2099
2258
2495
2675
2664
2402
2201
2177
2155
2267
2595
2759
2601
2364
2213
2126
2132
2367
2650
2716
2519
2277
2137
2119
2277
2497
2676
2710
2519
2252
2091
2135
2337
2540
2644
2646
2455
2207
2142
2216
2397
2619
2709
2579
2356
2161
2090
2219
2467
2657
2665
2535
2288
2086
2157
2381
2540
2644
2633
2446
2211
2068
2137
2400
2603
2628
2570
2368
2098
2075
2258
2443
2618
2660
2483
2329
2180
2108
2282
2522
2607
2627
2508
2207
2103
2206
2342
2607
2712
2582
2405
2220
2088
2199
2463
2654
2632
2521
2374
2146
2076
2338
2571
2631
2654
2543
2247
2040
2144
2368
2533
2648
2630
2410
2159
2090
2209
2431
2629
2652
2543
2377
2108
2061
2332
2525
2628
2685
2513
2242
2128
2150
2325
2579
2683
2644
2467
2209
2062
2218
2424
2571
2662
2630
2374
2105
2114
2311
2490
2659
2658
2441
2296
2174
2131
2310
2513
2671
2679
2439
2178
2087
2136
2378
2629
2703
2598
2346
2132
2129
2256
2470
2684
2710
2495
2289
2217
2144
2258
2548
2663
2609
2457
2250
2110
2156
2358
2615
2687
2552
2341
2165
2109
2227
2405
2636
2701
2498
2286
2203
2137
2221
2535
2698
2631
2519
2310
2086
2142
2377
2506
2656
2685
2389
2166
2151
2191
2416
2650
2672
2537
2329
2109
2070
2278
2509
2580
2598
2522
2265
2078
2111
2275
2509
2663
2591
2361
2142
2110
2207
2372
2599
2670
2563
2387
2141
2077
2230
2481
2668
2631
2452
2289
2137
2124
2294
2530
2719
2658
2408
2245
2170
2118
2297
2606
2716
2554
2344
2209
2155
2211
2434
2701
2735
2516
2280
2130
2135
2293
2489
2699
2725
2467
2219
2126
2163
2304
2604
2730
2575
2333
2182
2156
2253
2409
2608
2692
2537
2299
2175
2148
2285
2500
2612
2625
2493
2206
2056
2141
2391
2579
2655
2586
2389
2164
2100
2219
2436
2611
2655
2556
2345
2105
2070
2277
2505
2612
2645
2506
2209
2057
2195
2328
2522
2735
2635
2370
2262
2166
2144
2380
2603
2624
2574
2374
2109
2108
2281
2478
2684
2679
2476
2283
2139
2124
2333
2572
2654
2581
2424
2237
2095
2147
2407
2599
2673
2604
2327
2118
2139
2246
2425
2660
2666
2491
2343
2136
2102
2373
2559
2620
2639
2479
2230
2097
2144
2381
2617
2658
2570
2389
2197
2122
2234
2470
2636
2688
2565
2324
2148
2125
2292
2517
2640
2636
2478
2234
2113
2180
2310
2530
2680
2593
2409
2160
2040
2190
2411
2581
2703
2590
2330
2138
2107
2252
2518
2654
2595
2493
2323
2079
2118
2391
2555
2628
2638
2423
2192
2125
2174
2400
2643
2687
2571
2351
2117
2057
2162
2423
2704
2671
2465
2312
2158
2113
2301
2575
2683
2596
2467
2234
