2121
2116
2219
2379
2608
2704
2638
2496
2272
2116
2108
2216
2391
2588
2684
2653
2515
2299
2130
2085
2172
2384
2597
2688
2725
2574
2249
2107
2132
2178
2366
2589
2691
2692
2564
2345
2155
2066
2148
2350
2507
2657
2735
2533
2302
2199
2062
2099
2395
2537
2653
2730
2563
2337
2214
2070
2086
2281
2479
2664
2740
2591
2387
2210
2071
2095
2259
2485
2654
2692
2632
2466
2233
2068
2140
2311
2448
2661
2733
2556
2417
2264
2076
2115
2319
2467
2610
2737
2644
2416
2249
2128
2076
2216
2467
2632
2712
2646
2454
2247
2116
2062
2196
2453
2683
2756
2612
2467
2330
2091
2042
2216
2398
2562
2715
2697
2488
2247
2136
2104
2161
2386
2609
2692
2717
2592
2316
2142
2108
2173
2370
2596
2715
2645
2482
2319
2157
2075
2161
2342
2493
2646
2729
2565
2314
2144
2091
2164
2315
2530
2685
2710
2609
2348
2132
2153
2164
2257
2575
2689
2613
2597
2426
2121
2041
2133
2305
2562
2685
2643
2584
2427
2211
2069
2108
2259
2453
2635
2719
2596
2435
2258
2089
2087
2281
2454
2597
2730
2717
2464
2177
2074
2128
2258
2487
2653
2667
2628
2470
2214
2064
2066
2176
2396
2648
2735
2657
2491
2281
2162
2078
2125
2402
2609
2658
2690
2553
2285
2138
2132
2178
2350
2578
2702
2682
2515
2274
2133
2098
2131
2307
2582
2738
2651
2487
2300
2139
2085
2176
2353
2546
2691
2675
2525
2336
2176
2092
2116
2323
2580
2699
2706
2646
2412
2172
2073
2122
2323
2511
2665
2747
2592
2345
2207
2139
2102
2257
2498
2646
2685
2603
2433
2226
2079
2067
2261
2495
2595
2681
2666
2398
2180
2097
2105
2242
2445
2648
2749
2658
2445
2229
2093
2121
2255
2419
2587
2691
2613
2442
2278
2127
2056
2199
2450
2626
2687
2656
2494
2267
2116
2097
2200
2398
2567
2716
2692
2483
2311
2168
2090
2200
2390
2587
2700
2660
2490
2288
2145
2101
2197
2410
2555
2656
2705
2549
2294
2170
2110
2137
2331
2574
2676
2658
2581
2402
2136
2048
2135
2296
2523
2684
2682
2555
2372
2150
2085
2159
2278
2508
2683
2686
2583
2405
2217
2092
2112
2277
2461
2630
2697
2624
2419
2209
2110
2105
2244
2451
2608
2709
2644
2435
2219
2101
2099
2221
2427
2619
2713
2616
2424
2257
2090
2082
2244
2447
2628
2722
2654
2445
2274
2133
2032
2206
2480
2594
2631
2664
2495
2225
2114
2089
2162
2382
2570
2673
2673
2499
2265
2096
2113
2216
2350
2599
2761
2637
2458
2325
2172
2064
2135
2365
2583
2669
2639
2528
2316
2149
2060
2107
2338
2568
2673
2686
2585
2355
2137
2077
2140
2283
2529
2686
2659
2527
2349
2160
2045
2133
2321
2474
2657
2767
2602
2343
2205
2126
2118
2244
2462
2664
2699
2567
2411
2231
2018
2058
2305
2462
2612
2743
2613
2396
2242
2102
2068
2242
2493
2671
2677
2582
2470
2239
2071
2104
2223
2435
2618
2679
2696
2502
2232
2098
2056
2201
2413
2571
2725
2685
2448
2300
2137
2004
2178
2431
2585
2724
2649
2463
2339
2110
2034
2199
2361
2536
2742
2720
2507
2320
2147
2082
2222
2369
2524
2698
2644
2493
2366
2144
2025
2146
2310
2513
2664
2611
2532
2428
2152
2043
2152
2282
2499
2754
2708
2511
2414
2229
2049
2130
2357
2478
2612
2712
2598
2395
2200
2065
2111
2283
2473
2696
2723
2590
2421
2207
2074
2111
2232
2460
2692
2726
2632
2470
2199
2052
2115
2268
2443
2639
2732
2653
2424
2169
2068
2112
2210
2438
2698
2735
2558
2402
2277
2101
2061
2215
2447
2567
2654
2706
2523
2280
2122
2049
2173
2401
2576
2725
2679
2458
2287
2159
2057
2186
2400
2546
2683
2727
2529
2298
2153
2101
2128
2322
2588
2683
2630
2525
2318
2156
2107
2193
2346
2531
2665
2638
2541
2376
2144
2099
2175
2279
2512
2675
2688
2579
2346
2176
2114
2125
2273
2526
2681
2667
2561
2380
2207
2095
2109
2291
2524
2656
2673
2601
2418
2209
2098
2101
2272
2515
2620
2708
2682
2408
2196
2113
2100
2294
2482
2551
2671
2633
2396
2233
2118
2088
2188
2366
2626
2775
2642
2419
2236
2092
2068
2161
2417
2669
2691
2617
2506
2304
2153
2089
2176
2446
2607
2688
2712
2514
2279
2162
2082
2171
2389
2570
2690
2670
2501
2324
2177
2081
2149
2316
2571
2722
2639
2525
2371
2100
2025
2194
2300
2525
2746
2673
2528
2398
2159
2027
2193
2362
2453
2647
2712
2535
2352
2183
2047
2112
2322
2483
2665
2760
2607
2357
2179
2076
2123
2307
2471
2618
2689
2569
2362
2205
2116
2111
2270
2499
2609
2651
2600
2455
2236
2082
2080
2225
2435
2624
2717
2599
2429
2247
2059
2094
2246
2435
2637
2691
2579
2453
2269
2081
2096
2186
2355
2647
2719
2595
2476
2288
2124
2104
2196
2394
2611
2696
2659
2525
2311
2114
2064
2178
2367
2558
2688
2657
2487
2329
2145
2035
2171
2367
2538
2730
2649
2464
2387
2194
2003
2145
2372
2535
2723
2737
2518
2324
2170
2041
2107
2343
2512
2675
2732
2557
2360
2220
2063
2090
2307
2547
2712
2693
2548
2360
2167
2058
2110
2281
2500
2620
2638
2600
2413
2157
2074
2114
2254
2503
2679
2677
2587
2447
2176
2015
2100
2252
2419
2625
2706
2601
2426
2233
2085
2145
2264
2411
2621
2725
2641
2467
2296
2138
2094
2218
2389
2594
2709
2650
2480
2271
2077
2069
2249
2411
2564
2729
2678
2478
2277
2098
2053
2175
2372
2598
2732
2642
2515
2346
2130
2040
2159
2383
2584
2698
2694
2540
2312
2153
2050
2113
2388
2553
2604
2720
2626
2299
2102
2082
2159
2315
2508
2641
2703
2611
2336
2151
2148
2162
2216
2469
2740
2697
2525
2420
2181
2020
2107
2276
2481
2668
2673
2568
2395
2166
2055
2146
2286
2462
2635
2729
2669
2432
2198
2072
2108
2240
2404
2653
2725
2601
2446
2255
2103
2107
2222
2434
2674
2731
2606
2432
2284
2148
2050
2182
2446
2629
2678
2661
2513
2259
2080
2096
2248
2397
2551
2728
2655
2425
2270
2136
2090
2159
2318
2573
2725
2637
2487
2325
2140
2057
2128
2305
2546
2720
2697
2526
2322
2172
2089
2132
2326
2583
2718
2700
2543
2376
2174
2008
2112
2348
2506
2648
2647
2564
2390
2143
2067
2150
2290
2491
2676
2677
2551
2397
2185
2067
2138
2294
2508
2702
2714
2555
2393
2215
2090
2161
2269
2446
2660
2715
2559
2385
2254
2120
2060
2264
2515
2604
2669
2655
2449
2233
2107
2075
2224
2453
2587
2662
2655
2485
2231
2093
2109
2229
2417
2621
2714
2650
2440
2249
2139
2116
2203
2413
2568
2670
2665
2463
2268
2159
2102
2184
2393
2615
2706
2607
2482
2367
2145
2075
2201
2311
2520
2745
2714
2509
2315
2167
2053
2104
2308
2537
2672
2674
2533
2363
2216
2075
2107
2342
2542
2682
2711
2551
2358
2207
2076
2125
2310
2469
2612
2698
2587
2368
2163
2100
2143
2274
2492
2691
2685
2561
2385
2165
2059
2129
2280
2443
2609
2705
2612
2404
2202
2090
2073
2247
2517
2626
2643
2635
2479
2222
2091
2113
2247
2442
2632
2744
2671
2422
2193
2100
2092
2213
2432
2599
2696
2674
2491
2275
2114
2100
2250
2419
2596
2736
2653
2449
2310
2144
2059
2211
2423
2577
2726
2702
2481
2318
2202
2071
2085
2346
2608
2689
2642
2532
2353
2149
2080
2193
2356
2561
2680
2698
2584
2344
2119
2049
2093
2294
2531
2673
2669
2561
2348
2143
2097
2157
2266
2499
2665
2674
2581
2371
2145
2087
2115
2260
2494
2648
2660
2604
2451
2195
2027
2078
2283
2491
2647
2713
2599
2427
2240
2059
2097
2280
2445
2643
2735
2608
2410
2248
2110
2100
2189
2370
2613
2701
2593
2440
2281
2111
2061
2240
2432
2578
2701
2689
2487
2258
2092
2060
2251
2439
2560
2716
2689
2490
2296
2155
2099
2169
2374
2622
2707
2669
2469
2241
2138
2121
2201
2380
2501
2646
2739
2575
2337
2165
2057
2111
2339
2581
2675
2675
2551
2332
2157
2076
2132
2350
2552
2658
2697
2586
2321
2134
2117
2169
2287
2497
2687
2693
2562
2368
2193
2104
2103
2288
2508
2594
2667
2625
2400
2190
2097
2110
2274
2480
2600
2668
2628
2430
2203
2057
2090
2303
2465
2593
2708
2637
2404
2234
2104
2116
2264
2440
2643
2724
2631
2427
2213
2097
2107
2263
2450
2565
2686
2701
2485
2251
2119
2062
2177
2385
2567
2695
2665
2458
2301
2191
2046
2131
2393
2574
2717
2706
2486
2299
2168
2076
2157
2356
2538
2698
2697
2521
2281
2120
2112
2176
2327
2566
2670
2633
2528
2349
2159
2068
2086
2294
2566
2719
2695
2575
2357
2172
2121
2155
2269
2514
2701
2695
2590
2412
2183
2032
2097
2327
2466
2609
2738
2591
2345
2202
2115
2117
2254
2462
2647
2728
2601
2394
2255
2130
2056
2229
2496
2639
2690
2606
2416
2239
2120
2104
2227
2429
2628
2718
2675
2449
2234
2124
2092
2229
2420
2592
2714
2683
2498
2290
2119
2036
2198
2442
2590
2700
2708
2520
2280
2167
2135
2181
2365
2609
2726
2668
2498
2280
2122
2096
2190
2348
2528
2670
2681
2515
2286
2140
2051
2100
2312
2581
2681
2633
2560
2389
2185
2087
2143
2259
2478
2729
2685
2505
2410
2203
2001
2104
2305
2464
2647
2743
2580
2342
2210
2125
2112
2276
2550
2675
2681
2585
2357
2208
2100
2066
2293
2538
2603
2657
2663
2443
2185
2095
2130
2235
2438
2676
2730
2591
2435
2252
2096
2093
2196
2389
2618
2678
2604
2473
2238
2047
2080
2240
2402
2600
2745
2659
2470
2258
2088
2061
2199
2398
2553
2671
2665
2505
2284
2109
2110
2234
2374
2554
2688
2681
2529
2293
2129
2114
2166
2318
2578
2716
2684
2549
2335
2169
2139
2171
2325
2590
2677
2628
2572
2381
2148
2117
2150
2296
2550
2655
2656
2605
2385
2155
2101
2141
2273
2537
2716
2693
2582
2418
2179
2059
2134
2323
2501
2629
2690
2627
2416
2168
2075
2122
2224
2432
2665
2711
2591
2383
2199
2127
2102
2240
2498
2618
2686
2648
2449
2223
2063
2055
2237
2465
2653
2731
2594
2378
2278
2159
2059
2209
2465
2606
2651
2626
2466
2270
2129
2076
2167
2408
2631
2717
2632
2498
2314
2109
2041
2161
2365
2603
2705
2638
2522
2359
2145
2052
2142
2364
2621
2705
2659
2571
2357
2107
2049
2153
2325
2527
2667
2687
2542
2335
2148
2082
2172
2341
2523
2683
2712
2537
2352
2191
2068
2137
2325
2500
2685
2694
2559
2417
2189
2065
2169
2264
2447
2712
2690
2561
2485
2257
2005
2100
2351
2450
2594
2736
2645
2412
2211
2082
2098
2246
2445
2638
2691
2590
2428
2231
2071
2109
2269
2432
2569
2714
2686
2461
2261
2123
2097
2217
2378
2573
2754
2685
2455
2252
2077
2091
2260
2354
2533
2721
2630
2448
2299
2122
2107
2167
2273
2569
2721
2616
2542
2353
2061
2035
2188
2323
2540
2744
2671
2488
2321
2169
2103
2154
2308
2583
2733
2665
2547
2362
2140
2060
2108
2302
2563
2674
2666
2580
2348
2108
2065
2133
2281
2520
2702
2729
2605
2387
2188
2108
2104
2234
2495
2677
2680
2576
2406
2217
2062
2086
2270
2471
2621
2705
2618
2449
2194
2051
2167
2299
2400
2635
2743
2579
2420
2275
2055
2006
2230
2462
2591
2716
2662
2427
2242
2114
2086
2255
2411
2554
2691
2646
2423
2282
2165
2048
2156
2445
2609
2642
2645
2546
2316
2102
2059
2218
2358
2524
2740
2706
2493
2332
2121
2040
2164
2378
2588
2714
2656
2491
2340
2145
2045
2147
2333
2577
2738
2686
2509
2325
2181
2105
2132
2340
2582
2706
2677
2538
2366
2206
2076
2090
2287
2537
2685
2684
2573
2404
2202
2069
2092
2277
2511
2675
2697
2595
2379
2172
2076
2103
2255
2478
2665
2731
2606
2395
2252
2117
2029
2228
2524
2646
2687
2657
2486
2208
2048
2146
2265
2412
2617
2713
2652
2469
2227
2052
2081
2237
2425
2604
2734
2670
2443
2250
2113
2073
2212
2411
2602
2722
2638
2460
2301
2107
2062
2190
2323
2531
2693
2663
2545
2329
2118
2046
2132
2350
2582
2679
2655
2560
2360
2150
2048
2090
2328
2585
2686
2737
2573
2313
2183
2130
2107
2272
2521
2644
2651
2565
2361
2150
2051
2120
2287
2491
2641
2731
2610
2337
2179
2072
2086
2282
2483
2647
2693
2567
2444
2263
2009
2066
2324
2472
2633
2742
2596
2427
2255
2057
2085
2254
2437
2641
2687
2605
2487
2280
2058
2033
2239
2471
2603
2687
2672
2461
2229
2126
2055
2180
2463
2589
2664
2708
2483
2211
2121
2135
2196
2390
2605
2697
2639
2491
2296
2142
2107
2214
2411
2571
2678
2711
2552
2295
2124
2077
2134
2303
2580
2733
2642
2507
2376
2150
2037
2168
2348
2519
2646
2633
2549
2404
2149
2047
2203
2383
2497
2663
2744
2563
2337
2204
2110
2149
2310
2506
2669
2692
2576
2415
2219
2082
2118
2314
2512
2659
2697
2555
2407
2258
2062
2071
2284
2496
2629
2690
2597
2399
2258
2162
2132
2256
2463
2630
2683
2622
2446
2251
2070
2061
2275
2476
2617
2694
2630
2445
2245
2123
2079
2206
2452
2646
2678
2604
2472
2248
2088
2084
2191
2388
2613
2736
2659
2498
2293
2079
2054
2189
2357
2581
2688
2660
2525
2313
2155
2105
2138
2312
2578
2711
2704
2601
2295
2092
2093
2161
2287
2503
2717
2725
2549
2381
2168
2056
2165
2323
2497
2684
2670
2517
2373
2185
2081
2171
2295
2488
2727
2702
2497
2352
2211
2064
2118
2325
2496
2679
2705
2521
2417
2261
2067
2123
2295
2460
2666
2739
2639
2428
2179
2059
2093
2231
2455
2659
2723
2609
2387
2244
2172
2083
2176
2436
2600
2681
2635
2479
2276
2075
2049
2195
2403
2634
2697
2622
2496
2283
2078
2085
2228
2405
2584
2709
2654
2515
2360
2164
2025
2146
2417
2643
2743
2684
2504
2326
2147
2092
2199
2345
2523
2704
2656
2484
2343
2152
2023
2160
2382
2513
2660
2735
2541
2312
2160
2048
2131
2360
2497
2643
2752
2546
2343
2225
2043
2057
2309
2541
2677
2725
2604
2375
2170
2076
2123
2279
2502
2691
2691
2567
2444
2212
1994
2068
2274
2454
2649
2747
2608
2419
2270
2145
2112
2251
2476
2625
2697
2647
2473
2259
2092
2117
2261
2437
2619
2677
2604
2452
2255
2105
2116
2247
2386
2586
2702
2612
2479
2329
2120
2062
2218
2407
2546
2688
2687
2531
2325
2110
2059
2210
2380
2565
2742
2709
2490
2276
2118
2062
2139
2357
2579
2711
2706
2546
2301
2147
2079
2117
2328
2560
2670
2688
2529
2325
2153
2069
2159
2346
2537
2700
2709
2576
2338
2144
2108
2136
2277
2539
2643
2620
2576
2383
2173
2094
2110
2264
2505
2695
2710
2620
2396
2184
2117
2124
2256
2492
2630
2679
2612
2398
2211
2094
2099
2263
2454
2625
2707
2622
2459
2282
2074
2034
2223
2398
2563
2721
2666
2450
2309
2164
2062
2228
2446
2566
2697
2714
2491
2247
2085
2065
2186
2371
2540
2733
2715
2489
2272
2138
2104
2204
2374
2603
2715
2628
2514
2344
2093
2049
2200
2361
2575
2715
2699
2546
2269
2094
2123
2170
2343
2601
2640
2621
2602
2380
2124
2066
2170
2312
2526
2708
2669
2576
2427
2144
2025
2163
2314
2502
2665
2680
2605
2409
2162
2056
2107
2281
2522
2640
2660
2607
2393
2183
2072
2116
2280
2468
2623
2750
2675
2393
2209
2128
2083
2283
2492
2642
2741
2654
2419
2248
2125
2101
2276
2461
2564
2708
2683
2449
2228
2068
2072
2237
2421
2598
2675
2628
2466
2252
2135
2093
2162
2395
2676
2749
2650
2522
2309
2082
2045
2207
2381
2547
2697
2681
2472
2270
2113
2080
2202
2311
2478
2701
2685
2515
2339
2133
2070
2192
2345
2549
2716
2691
2546
2372
2150
2077
2161
2310
2534
2723
2697
2564
2387
2169
2042
2144
2303
2479
2676
2777
2595
2291
2171
2128
2121
2284
2483
2642
2727
2635
2399
2204
2113
2132
2286
2472
2661
2757
2622
2423
2256
2083
2032
2273
2507
2604
2727
2683
2445
2222
2093
2075
2207
2454
2613
2698
2632
2412
2268
2146
2029
2208
2503
2609
2664
2688
2495
2245
2106
2100
2237
2416
2576
2709
2657
2477
2306
2120
2063
2218
2342
2494
2724
2736
2462
2257
2162
2090
2147
2337
2590
2698
2604
2517
2341
2103
2048
2166
2369
2582
2666
2659
2560
2372
2145
2054
2130
2279
2499
2674
2686
2571
2354
2114
2036
2130
2290
2480
2634
2690
2583
2405
2190
2092
2133
2227
2441
2664
2676
2569
2409
2184
2053
2136
2302
2493
2671
2734
2626
2411
2194
2077
2117
2247
2420
2639
2719
2583
2430
2284
2081
2067
2269
2452
2612
2730
2629
2465
2296
2128
2096
2199
2405
2618
2685
2602
2475
2292
2085
2047
2201
2384
2545
2678
2647
2423
2259
2155
2079
2180
2388
2586
2709
2704
2498
2245
2143
2088
2122
2385
2602
2622
2649
2549
2261
2128
2133
2148
2298
2559
2713
2716
2557
2304
2136
2098
2116
2298
2556
2682
2687
2604
2376
2113
2102
2224
2286
2455
2676
2705
2555
2370
2203
2086
2122
2310
2484
2609
2717
2664
2390
2197
2140
2116
2236
2461
2636
2711
2637
2408
2237
2113
2082
2251
2474
2592
2636
2636
2459
2208
2097
2169
2267
2417
2614
2737
2673
2450
2218
2102
2077
2176
2403
2608
2699
2656
2476
2265
2120
2090
2192
2384
2594
2727
2658
2485
2267
2083
2038
2209
2391
2528
2659
2674
2532
2286
2097
2096
2166
2314
2600
2756
2660
2542
2364
2073
2020
2168
2330
2537
2696
2686
2560
2372
2169
2097
2156
2277
2468
2650
2704
2546
2307
2154
2095
2121
2279
2511
2684
2741
2591
2342
2200
2142
2094
2227
2505
2674
2656
2577
2436
2263
2118
2111
2274
2447
2579
2704
2626
2407
2221
2087
2079
2259
2447
2630
2738
2615
2376
2242
2118
2038
2210
2487
2661
2689
2609
2474
2284
2094
2062
2236
2471
2617
2689
2668
2511
2258
2082
2107
2248
2412
2577
2719
2716
2503
2234
2133
2129
2178
2362
2610
2705
2636
2507
2328
2135
2069
2165
2374
2605
2711
2679
2566
2354
2135
2075
2172
2313
2523
2659
2652
2511
2325
2183
2098
2146
2341
2516
2624
2659
2591
2374
2171
2072
2123
2312
2525
2667
2732
2622
2398
2209
2078
2091
2270
2492
2672
2741
2599
2396
2216
2091
2139
2304
2496
2665
2733
2621
2414
2194
2080
2096
2202
2456
2678
2679
2607
2494
2293
2081
2059
2256
2492
2612
2689
2648
2439
2264
2158
2098
2227
2393
2582
2748
2666
2469
2313
2115
2047
2247
2439
2522
2665
2688
2493
2265
2121
2055
2143
2390
2586
2676
2700
2509
2272
2171
2103
2100
2315
2611
2673
2602
2571
2389
2138
2053
2157
2385
2603
2668
2676
2579
2343
2172
2111
2161
2345
2539
2649
2710
2577
2319
2197
2128
2108
2303
2555
2670
2701
2600
2430
2249
2089
2086
2308
2514
2615
2707
2629
2359
2190
2098
2082
2256
2491
2638
2742
2660
2412
2207
2093
2080
2240
2467
2648
2698
2646
2488
2282
2121
2099
2231
2427
2576
2685
2650
2438
2251
2149
2084
2199
2415
2586
2700
2678
2486
2261
2113
2073
2205
2434
2602
2673
2640
2495
2291
2096
2100
2244
2355
2559
2726
2663
2493
2322
2163
2093
2150
2349
2583
2659
2643
2594
2334
2073
2083
2213
2337
2544
2708
2665
2548
2390
2127
2060
2186
2317
2500
2709
2710
2533
2370
2219
2083
2111
2291
2493
2638
2695
2615
2412
2116
2033
2154
2241
2437
2675
2627
2518
2429
2174
2035
2127
2264
2436
2638
2724
2643
2415
2184
2076
2126
2261
2455
2614
2684
2652
2415
2207
2137
2068
2154
2448
2641
2655
2634
2493
2262
2080
2030
2202
2476
2669
2672
2640
2528
2287
2124
2113
2167
2386
2641
2697
2610
2507
2294
2085
2062
2185
2365
2583
2683
2629
2508
2274
2099
2113
2203
2367
2592
2697
2647
2546
2330
2113
2065
2160
2290
2500
2680
2652
2525
2338
2113
2079
2213
2365
2572
2731
2711
2552
2360
2186
2088
2117
2275
2507
2655
2655
2572
2392
2168
2105
2177
2279
2443
2660
2691
2601
2457
2222
2087
2136
2245
2461
2666
2666
2598
2500
2244
2052
2104
2271
2466
2672
2709
2631
2493
2230
2068
2116
2233
2430
2636
2667
2643
2506
2172
2047
2155
2221
2362
2622
2741
2645
2477
2273
2137
2104
2163
2403
2628
2702
2697
2521
2280
2167
2102
2115
2365
2658
2694
2665
2562
2254
2106
2140
2154
2327
2584
2690
2690
2581
2317
2136
2082
2115
2302
2549
2690
2685
2564
2357
2141
2084
2149
2268
2520
2686
2645
2546
2371
2146
2102
2160
2306
2529
2655
2684
2591
2339
2195
2132
2112
2271
2560
2691
2669
2613
2411
2186
2105
2089
2215
2485
2637
2652
2639
2450
2220
2084
2067
2256
2511
2651
2674
2621
2450
2220
2107
2100
2210
2429
2630
2718
2637
2429
2244
2171
2109
2163
2438
2648
2672
2654
2516
2261
2112
2099
2145
2414
2624
2667
2686
2517
2243
2126
2076
2122
2361
2583
2651
2626
2499
2286
2119
2041
2135
2354
2543
2729
2696
2483
2324
2135
2020
2156
2379
2535
2662
2707
2556
2358
2184
2061
2109
2285
2507
2704
2704
2534
2358
2186
2069
2145
2310
2533
2705
2696
2577
2383
2206
2131
2132
2267
2529
2670
2645
2603
2428
2212
2091
2098
2288
2492
2606
2727
2674
2441
2207
2089
2043
2190
2470
2634
2689
2674
2439
2193
2116
2103
2210
2456
2627
2713
2669
2445
2266
2142
2059
2194
2430
2602
2693
2663
2491
2313
2160
2068
2177
2409
2593
2673
2659
2516
2307
2126
2100
2228
2383
2555
2687
2658
2491
2284
2120
2080
2194
2359
2537
2727
2749
2534
2304
2142
2074
2169
2366
2544
2688
2726
2546
2323
2184
2104
2203
2368
2510
2708
2691
2484
2341
2200
2056
2139
2339
2505
2650
2701
2568
2365
2237
2100
2103
2335
2499
2610
2720
2619
2376
2185
2083
2085
2270
2472
2596
2715
2647
2384
2234
2144
2065
2202
2459
2605
2688
2660
2471
2215
2064
2084
2225
2449
2619
2660
2625
2508
2267
2073
2073
2236
2452
2597
2635
2671
2536
2245
2082
2072
2162
2404
2594
2681
2701
2542
2278
2148
2090
2145
2401
2585
2658
2664
2511
2295
2152
2051
2096
2353
2594
2728
2690
2521
2358
2164
2029
2140
2385
2546
2633
2708
2598
2325
2141
2058
2132
2377
2564
2681
2688
2576
2386
2194
2120
2129
2222
2503
2696
2681
2585
2395
2187
2092
2125
2277
2496
2688
2722
2602
2396
2223
2079
2073
2278
2487
2655
2741
2609
2395
2204
2051
2073
2267
2466
2618
2633
2604
2524
2234
2059
2162
2245
2392
2609
2701
2626
2454
2219
2073
2106
2232
2415
2624
2731
2652
2470
2275
2146
2112
2193
2387
2571
2684
2667
2484
2227
2096
2117
2137
2320
2638
2755
2644
2501
2331
2156
2067
2120
2361
2597
2696
2690
2553
2331
2182
2109
2115
2306
2549
2675
2696
2585
2321
2153
2121
2134
2317
2569
2696
2667
2586
2372
2127
2051
2152
2315
2522
2636
2671
2650
2414
2164
2135
2090
2212
2562
2724
2658
2582
2435
2214
2119
2153
2252
2461
2652
2690
2618
2450
2202
2093
2117
2215
2434
2642
2691
2609
2449
2241
2116
2078
2173
2433
2598
2642
2658
2456
2196
2138
2122
2171
2427
2640
2666
2609
2449
2239
2089
2067
2189
2417
2612
2661
2620
2538
2303
2057
2057
2230
2381
2564
2719
2701
2563
2338
2105
2090
2200
2311
2562
2726
2627
2527
2390
2101
2037
2184
2361
2541
2652
2685
2577
2339
2134
2058
2150
2328
2527
2707
2692
2502
2369
2222
2060
2141
2374
2529
2667
2702
2548
2406
2226
2051
2132
2301
2502
2715
2690
2587
2422
2189
2068
2110
2272
2495
2619
2711
2666
2410
2200
2099
2073
2258
2479
2600
2674
2646
2418
2212
2131
2118
2197
2450
2670
2708
2619
2469
2267
2103
2070
2182
2392
2639
2760
2667
2475
2287
2088
1993
2167
2456
2608
2685
2657
2481
2319
2145
2045
2165
2399
2599
2701
2699
2545
2308
2131
2090
2155
2342
2557
2699
2677
2501
2341
2182
2049
2126
2309
2518
2728
2711
2507
2366
2174
2019
2101
2329
2539
2678
2685
2569
2363
2144
2063
2165
2259
2442
2700
2705
2541
2401
2191
2048
2110
2273
2485
2672
2711
2584
2416
2206
2059
2117
2277
2506
2714
2716
2601
2445
2216
2050
2072
2232
2433
2637
2741
2638
2431
2252
2092
2091
2263
2483
2653
2695
2643
2471
2232
2079
2052
2194
2423
2615
2658
2634
2502
2260
2086
2077
2230
2434
2564
2702
2698
2486
2251
2133
2095
2162
2375
2583
2683
2677
2487
2220
2136
2128
2160
2377
2629
2764
2693
2514
2332
2184
2098
2141
2324
2540
2682
2683
2565
2377
2146
2051
2137
2297
2488
2653
2655
2577
2419
2191
2081
2169
2298
2473
2671
2730
2540
2350
2235
2054
2048
2286
2462
2582
2704
2631
2406
2250
2153
2126
2265
2496
2681
2717
2573
2417
2270
2081
2090
2288
2448
2586
2711
2680
2427
2189
2124
2125
2214
2466
2675
2665
2586
2488
2250
2055
2114
2250
2412
2607
2661
2617
2499
2251
2097
2122
2178
2324
2585
2718
2684
2483
2255
2116
2075
2167
2397
2636
2688
2659
2563
2311
2154
2131
2134
2323
2617
2719
2624
2528
2374
2157
2054
2174
2377
2561
2667
2659
2584
2390
2152
2088
2144
2284
2512
2678
2691
2581
2365
2141
2072
2161
2299
2516
2704
2696
2555
2399
2194
2056
2112
2286
2510
2656
2674
2632
2446
2171
2122
2186
2284
2488
2666
2726
2633
2392
2195
2093
2071
2212
2467
2615
2665
2626
2419
2215
2105
2086
2214
2413
2616
2776
2652
2429
2273
2125
2096
2219
2395
2608
2721
2660
2496
2291
2098
2073
2220
2396
2576
2723
2679
2482
2297
2168
2135
2178
2340
2592
2701
2666
2530
2287
2088
2095
2201
2314
2542
2711
2663
2524
2364
2133
2068
2179
2367
2556
2633
2652
2618
2381
2158
2072
2120
2297
2522
2680
2698
2545
2365
2179
2057
2119
2307
2525
2660
2668
2582
2378
2166
2126
2150
2241
2516
2672
2653
2584
2428
2179
2042
2123
2274
2478
2588
2650
2652
2441
2208
2120
2090
2197
2446
2657
2687
2583
2446
2274
2107
2100
2217
2435
2690
2720
2589
2498
2283
2073
2086
2234
2412
2629
2721
2635
2498
2283
2085
2056
2197
2433
2575
2671
2677
2462
2248
2153
2109
2168
2359
2572
2705
2671
2472
2285
2132
2078
2139
2337
2569
2717
2700
2565
2349
2140
2099
2185
2306
2536
2707
2689
2553
2358
2154
2053
2139
2344
2507
2694
2743
2526
2320
2181
2048
2124
2348
2479
2635
2724
2590
2371
2217
2043
2040
2317
2521
2618
2694
2594
2371
2195
2082
2117
2293
2465
2657
2762
2612
2399
2228
2114
2127
2234
2417
2621
2710
2627
2444
2232
2116
2114
2194
2424
2616
2667
2625
2484
2257
2086
2087
2192
2378
2619
2709
2647
2467
2257
2093
2050
2191
2421
2611
2715
2626
2453
2308
2134
2098
2235
2386
2561
2696
2641
2487
2347
2177
2074
2165
2401
2558
2660
2729
2590
2328
2116
2076
2183
2344
2563
2675
2637
2553
2378
2146
2041
2135
2338
2495
2623
2678
2559
2389
2194
2048
2138
2324
2454
2654
2757
2591
2368
2191
2059
2123
2304
2472
2634
2700
2596
2398
2234
2088
2103
2253
2443
2651
2747
2583
2353
2235
2103
2015
2229
2502
2618
2687
2687
2461
2199
2104
2149
2212
2384
2643
2732
2606
2459
2288
2118
2100
2218
2414
2626
2692
2643
2486
2244
2110
2117
2159
2373
2622
2680
2639
2499
2268
2145
2107
2158
2329
2544
2682
2697
2498
2272
2166
2063
2110
2376
2567
2658
2711
2535
2266
2145
2097
2148
2327
2543
2708
2698
2500
2368
2193
2015
2133
2385
2518
2649
2695
2565
2364
2200
2094
2081
2252
2532
2711
2695
2566
2369
2183
2073
2105
2288
2547
2661
2680
2622
2389
2148
2091
2133
2265
2471
2624
2696
2636
2400
2207
2086
2079
2236
2449
2626
2704
2644
2447
2236
2103
2100
2218
2438
2630
2683
2610
2468
2274
2107
2064
2234
2460
2606
2680
2689
2514
2244
2122
2131
2183
2382
2592
2691
2617
2518
2389
2131
2029
2212
2419
2590
2697
2642
2508
2311
2104
2044
2155
2390
2559
2668
2734
2558
2277
2132
2089
2152
2350
2544
2661
2694
2566
2365
2174
2105
2192
2339
2539
2708
2722
2586
2368
2198
2125
2100
2226
2527
2704
2688
2581
2451
2239
2071
2122
2289
2470
2665
2734
2590
2406
2218
2057
2091
2258
2466
2648
2734
2635
2384
2203
2123
2086
2220
2466
2628
2695
2622
2401
2211
2108
2093
2204
2463
2648
2690
2658
2458
2187
2106
2108
2204
2427
2634
2714
2626
2434
2216
2096
2059
2173
2429
2628
2712
2654
2463
2249
2119
2090
2192
2388
2577
2663
2631
2511
2311
2139
2093
2153
2353
2587
2671
2671
2550
2265
2147
2108
2106
2302
2546
2680
2707
2586
2363
2147
2092
2167
2320
2549
2720
2672
2580
2412
2143
2065
2155
2261
2499
2708
2670
2535
2402
2228
2089
2155
2320
2473
2673
2761
2610
2400
2234
2122
2124
2274
2492
2660
2711
2616
2450
2194
2071
2137
2241
2430
2677
2755
2612
2408
2267
2130
2055
2197
2471
2613
2678
2661
2492
2239
2074
2071
2190
2414
2614
2690
2673
2463
2255
2152
2095
2187
2449
2582
2647
2719
2562
2270
2154
2154
2198
2322
2581
2725
2681
2509
2291
2174
2090
2117
2412
2668
2654
2622
2542
2294
2123
2099
2167
2354
2566
2688
2653
2521
2365
2167
2048
2145
2343
2554
2664
2672
2612
2337
2107
2104
2129
2243
2519
2674
2691
2551
2351
2232
2098
2048
2298
2536
2625
2741
2652
2351
2183
2127
2103
2243
2477
2611
2699
2616
2394
2218
2078
2062
2222
2466
2639
2693
2668
2492
2232
2128
2144
2227
2421
2610
2708
2660
2446
2211
2113
2120
2212
2434
2643
2702
2650
2501
2264
2108
2094
2231
2453
2637
2687
2664
2491
2261
2151
2075
2169
2407
2568
2689
2694
2511
2275
2138
2107
2175
2380
2567
2663
2655
2521
2287
2102
2056
2192
2363
2500
2647
2749
2591
2288
2157
2143
2129
2289
2581
2708
2652
2562
2413
2211
2056
2134
2328
2503
2690
2774
2575
2311
2223
2127
2069
2251
2508
2625
2679
2608
2366
2232
2115
2033
2252
2547
2634
2686
2661
2473
2225
2059
2129
2308
2485
2644
2734
2641
2441
2234
2081
2084
2263
2488
2631
2719
2676
2469
2252
2121
2107
2227
2426
2641
2706
2640
2463
2248
2136
2092
2200
2444
2598
2693
2694
2495
2271
2147
2101
2173
2374
2580
2701
2677
2508
2290
2129
2088
2154
2337
2570
2707
2654
2501
2341
2114
2048
2168
2297
2551
2740
2668
2553
2352
2178
2141
2179
2312
2498
2639
2669
2580
2381
2171
2064
2127
2333
2509
2634
2740
2656
2345
2138
2102
2120
2270
2536
2694
2644
2551
2451
2252
2087
2130
2285
2492
2673
2715
2571
2402
2222
2065
2070
2272
2442
2592
2748
2697
2420
2202
2101
2065
2226
2472
2593
2693
2709
2420
2178
2154
2093
2168
2420
2611
2704
2668
2459
2238
2137
2086
2154
2419
2627
2674
2669
2533
2255
2086
2095
2194
2356
2576
2707
2671
2516
2300
2147
2085
2142
2344
2556
2673
2667
2533
2317
2121
2065
2170
2333
2542
2677
2678
2550
2342
2157
2077
2129
2310
2506
2637
2696
2567
2319
2177
2135
2113
2255
2520
2667
2667
2572
2391
2176
2089
2148
2289
2478
2642
2716
2625
2434
2210
2097
2129
2262
2472
2667
2741
2570
2374
2259
2062
2047
2330
2517
2595
2743
2698
2393
2181
2164
2169
2172
2401
2654
2650
2624
2541
2215
2047
2120
2173
2372
2673
2681
2604
2525
2273
2057
2109
2230
2366
2562
2690
2667
2534
2285
2118
2102
2162
2328
2573
2666
2626
2524
2297
2092
2058
2152
2354
2589
2681
2630
2541
2342
2142
2091
2148
2286
2536
2695
2654
2565
2369
2118
2083
2166
2289
2518
2685
2648
2526
2357
2179
2094
2101
2265
2549
2687
2681
2613
2409
2161
2060
2112
2248
2466
2664
2698
2597
2395
2210
2109
2131
2278
2485
2629
2703
2611
2421
2246
2104
2092
2247
2471
2668
2693
2597
2435
2217
2094
2094
2222
2460
2635
2714
2656
2471
2250
2112
2117
2211
2372
2588
2723
2674
2476
2275
2142
2102
2158
2385
2609
2675
2653
2537
2293
2087
2099
2238
2367
2576
2745
2680
2536
2326
2103
2077
2183
2342
2571
2712
2643
2487
2299
2174
2126
2131
2304
2583
2696
2649
2557
2397
2148
2033
2129
2350
2543
2680
2697
2566
2390
2217
2053
2093
2350
2555
2635
2687
2630
2376
2160
2100
2148
2309
2490
2633
2747
2659
2355
2136
2093
2103
2208
2455
2651
2676
2612
2467
2230
2098
2146
2268
2434
2648
2695
2567
2461
2294
2115
2101
2244
2451
2600
2672
2665
2466
2225
2148
2142
2235
2415
2596
2688
2649
2470
2234
2068
2075
2194
2364
2572
2719
2668
2538
2320
2106
2072
2196
2387
2577
2693
2657
2527
2345
2094
2037
2179
2355
2551
2685
2665
2568
2365
2143
2121
2201
2321
2552
2738
2696
2557
2354
2136
2058
2163
2364
2556
2636
2654
2616
2389
2161
2100
2114
2258
2561
2710
2637
2552
2401
2154
2064
2151
2258
2454
2664
2650
2541
2446
2220
2030
2144
2293
2439
2645
2720
2593
2411
2208
2057
2055
2249
2471
2640
2696
2654
2472
2245
2096
2076
2243
2476
2630
2699
2656
2444
2187
2094
2101
2182
2390
2639
2735
2638
2478
2254
2092
2116
2215
2373
2629
2758
2661
2483
2314
2153
2080
2167
2380
2596
2719
2717
2547
2286
2159
2123
2104
2328
2619
2647
2631
2564
2302
2144
2116
2170
2358
2545
2655
2716
2536
2278
2136
2060
2130
2344
2529
2639
2674
2576
2377
2150
2065
2134
2309
2528
2688
2690
2553
2398
2237
2102
2122
2251
2457
2669
2710
2601
2429
2173
2027
2111
2297
2477
2616
2655
2612
2419
2179
2072
2117
2230
2474
2666
2683
2626
2451
2239
2144
2074
2152
2475
2646
2626
2601
2463
2257
2130
2065
2161
2476
2685
2670
2654
2510
2255
2126
2063
2164
2461
2626
2686
2723
2535
2256
2133
2095
2183
2425
2618
2649
2658
2569
2272
2089
2116
2188
2312
2579
2732
2648
2516
2360
2129
2057
2163
2332
2561
2687
2662
2569
2375
2161
2095
2156
2296
2496
2684
2710
2534
2374
2203
2071
2113
2260
2478
2675
2725
2615
2410
2163
2053
2128
2262
2432
2633
2706
2576
2411
2239
2088
2129
2279
2467
2613
2691
2645
2438
2183
2096
2141
2253
2446
2655
2688
2597
2453
2243
2086
2114
2269
2449
2626
2738
2655
2446
2258
2116
2092
2237
2445
2603
2702
2670
2485
2271
2109
2091
2188
2384
2591
2686
2671
2518
2276
2114
2110
2197
2371
2598
2671
2621
2482
2277
2134
2082
2130
2340
2605
2693
2640
2577
2390
2105
2048
2217
2332
2532
2741
2704
2549
2394
2165
2089
2165
2337
2550
2653
2662
2592
2384
2167
2056
2119
2323
2509
2656
2728
2617
2396
2199
2080
2107
2311
2517
2637
2680
2572
2378
2232
2114
2083
2252
2476
2615
2707
2656
2431
2161
2048
2130
2249
2423
2639
2705
2581
2443
2263
2071
2123
2279
2395
2604
2749
2618
2475
2292
2084
2108
2269
2385
2558
2712
2670
2434
2242
2154
2063
2138
2413
2584
2635
2649
2490
2229
2119
2106
2192
2377
2542
2665
2700
2534
2325
2208
2086
2148
2415
2606
2673
2717
2560
2312
2186
2120
2121
2301
2548
2679
2657
2540
2335
2166
2118
2177
2285
2486
2687
2704
2556
2346
2195
2136
2126
2249
2550
2720
2636
2536
2414
2214
2084
2085
2293
2566
2647
2638
2606
2435
2169
2053
2141
2276
2478
2649
2728
2657
2407
2191
2131
2114
2183
2446
2675
2679
2596
2466
2252
2082
2069
2241
2474
2600
2640
2667
2486
2194
2085
2083
2172
2416
2622
2687
2664
2494
2218
2084
2112
2194
2355
2567
2724
2632
2423
2284
2147
2055
2160
2382
2597
2700
2626
2441
2281
2133
2067
2169
2343
2550
2723
2707
2543
2314
2166
2127
2196
2320
2509
2720
2756
2556
2350
2205
2107
2143
2320
2561
2701
2658
2529
2373
2178
2042
2153
2365
2494
2601
2712
2658
2341
2116
2089
2120
2276
2455
2629
2726
2613
2428
2208
2094
2120
2251
2470
2657
2686
2605
2474
2230
2028
2106
2329
2510
2630
2685
2668
2461
2211
2119
2118
2183
2374
2610
2712
2597
2386
2215
2136
2114
2199
2390
2613
2694
2604
2493
2294
2082
2076
2207
2375
2570
2742
2699
2504
2311
2136
2046
2167
2391
2589
2693
2680
2522
2330
2133
2059
2188
2349
2556
2727
2642
2477
2385
2181
2034
2164
2367
2528
2658
2675
2590
2367
2129
2095
2146
2247
2530
2726
2682
2561
2391
2159
2039
2134
2302
2513
2658
2695
2641
2443
2183
2088
2135
2286
2515
2670
2675
2584
2438
2230
2053
2071
2272
2505
2601
2665
2599
2388
2211
2098
2094
2280
2468
2628
2701
2573
2400
2253
2105
2084
2261
2494
2654
2736
2646
2446
2285
2159
2119
2237
2440
2592
2639
2637
2473
2257
2150
2093
2200
2438
2584
2672
2646
2490
2267
2099
2088
2174
2338
2604
2732
2656
2540
2311
2076
2074
2172
2337
2583
2635
2624
2605
2315
2086
2122
2145
2296
2613
2708
2670
2575
2371
2162
2068
2174
2308
2439
2674
2745
2549
2337
2204
2090
2122
2274
2489
2659
2700
2614
2443
2253
2110
2130
2315
2495
2664
2723
2627
2417
2207
2091
2072
2276
2485
2585
2676
2605
2400
2245
2102
2086
2284
2478
2624
2716
2636
2469
2240
2035
2074
2296
2428
2548
2717
2643
2441
2280
2090
2080
2246
2371
2565
2692
2643
2516
2307
2078
2081
2224
2439
2629
2690
2644
2517
2276
2098
2116
2225
2388
2577
2671
2663
2538
2329
2174
2102
2164
2379
2578
2677
2655
2532
2350
2180
2107
2204
2361
2527
2731
2736
2496
2318
2196
2086
2128
2305
2505
2663
2675
2544
2386
2218
2137
2183
2301
2500
2700
2739
2566
2361
2241
2167
2128
2256
2487
2667
2686
2575
2374
2192
2064
2071
2256
2437
2606
2732
2588
2375
2247
2104
2093
2300
2490
2612
2672
2626
2451
2251
2112
2120
2255
2411
2580
2720
2643
2443
2256
2100
2123
2271
2384
2596
2749
2583
2386
2263
2106
2048
2191
2435
2631
2700
2655
2540
2276
2044
2083
2220
2340
2567
2742
2661
2486
2320
2082
2003
2167
2383
2579
2688
2636
2513
2323
2174
2140
2180
2310
2566
2697
2689
2549
2320
2140
2072
2137
2355
2549
2690
2710
2589
2374
2191
2089
2119
2299
2548
2664
2695
2626
2415
2190
2094
2132
2271
2462
2658
2692
2551
2374
2223
2076
2068
2279
2503
2603
2679
2671
2390
2161
2155
2182
2223
2428
2691
2742
2612
2434
2273
2119
2065
2207
2448
2632
2718
2666
2466
2260
2142
2098
2227
2445
2611
2709
2667
2489
2329
2178
2080
2183
2449
2624
2703
2660
2497
2300
2139
2071
2150
2369
2595
2677
2661
2525
2326
2154
2036
2126
2420
2626
2726
2701
2572
2351
2155
2078
2103
2309
2576
2693
2658
2573
2381
2155
2099
2151
2297
2531
2687
2690
2569
2378
2159
2071
2116
2286
2515
2661
2711
2604
2381
2157
2075
2156
2318
2493
2626
2652
2565
2352
2182
2105
2081
2237
2553
2642
2627
2661
2495
2198
2074
2107
2232
2451
2656
2694
2629
2455
2210
2084
2125
2245
2429
2631
2723
2671
2495
2255
2117
2103
2188
2425
2659
2698
2648
2563
2291
2075
2113
2221
2396
2595
2673
2684
2528
2279
2140
2115
2180
2343
2569
2714
2685
2496
2257
2125
2109
2166
2314
2569
2750
2643
2496
2386
2167
2010
2142
2375
2572
2666
2658
2558
2366
2153
2098
2154
2343
2545
2652
2729
2623
2337
2157
2120
2160
2313
2546
2696
2729
2593
2338
2186
2116
2099
2274
2537
2651
2643
2611
2453
2224
2084
2109
2289
2481
2572
2659
2644
2415
2200
2161
2147
2229
2446
2629
2695
2636
2494
2258
2047
2081
2249
2408
2596
2761
2663
2477
2258
2093
2108
2251
2409
2619
2729
2646
2477
2278
2082
2045
2178
2411
2642
2747
2666
2517
2309
2137
2086
2165
2400
2605
2673
2666
2521
2290
2136
2078
2133
2337
2564
2707
2694
2516
2321
2167
2076
2168
2369
2548
2675
2674
2541
2367
2158
2058
2154
2343
2545
2647
2653
2612
2422
2172
2042
2108
2329
2527
2644
2758
2641
2353
2173
2082
2111
2329
2521
2607
2699
2670
2422
2184
2065
2118
2293
2471
2634
2718
2629
2408
2202
2077
2087
2241
2433
2597
2707
2600
2376
2270
2148
2053
2200
2459
2609
2666
2623
2469
2249
2060
2091
2219
2397
2624
2716
2625
2451
2227
2068
2096
2214
2373
2592
2715
2676
2508
2346
2189
2072
2159
2394
2586
2708
2682
2532
2336
2162
2075
2135
2353
2556
2687
2705
2547
2314
2106
2094
2193
2340
2564
2668
2691
2585
2355
2185
2097
2093
2288
2535
2655
2708
2579
2290
2158
2116
2150
2297
2494
2677
2719
2585
2403
2212
2069
2054
2270
2568
2701
2640
2625
2478
2197
2100
2132
2219
2490
2684
2689
2620
2420
2174
2089
2111
2268
2465
2557
2678
2689
2406
2183
2134
2104
2181
2463
2652
2697
2694
2516
2253
2132
2121
2149
2384
2683
2690
2598
2500
2319
2135
2084
2208
2451
2618
2655
2658
2569
2307
2112
2103
2222
2390
2561
2688
2691
2498
2284
2161
2088
2148
2342
2536
2680
2693
2534
2311
2145
2084
2177
2357
2545
2716
2722
2540
2316
2165
2071
2143
2318
2468
2671
2768
2556
2354
2256
2128
2126
2303
2504
2695
2717
2548
2388
2188
2047
2115
2296
2504
2635
2667
2623
2372
2139
2094
2125
2208
2439
2644
2678
2621
2455
2160
2079
2119
2224
2498
2636
2644
2659
2475
2230
2100
2086
2232
2473
2648
2661
2570
2500
2311
2047
2075
2284
2413
2607
2740
2651
2494
2283
2080
2093
2218
2388
2612
2737
2646
2512
2349
2120
2066
2202
2401
2610
2688
2654
2531
2334
2157
2117
2183
2313
2532
2727
2700
2518
2334
2175
2091
2123
2317
2597
2703
2675
2540
2335
2180
2089
2113
2338
2539
2650
2719
2590
2318
2154
2096
2110
2280
2540
2668
2680
2577
2376
2210
2128
2132
2279
2494
2679
2720
2594
2422
2223
2077
2127
2297
2480
2637
2694
2617
2448
2210
2069
2088
2220
2450
2638
2715
2684
2483
2240
2148
2194
2237
2433
2677
2703
2634
2514
2277
2080
2096
2254
2438
2605
2652
2644
2509
2251
2137
2163
2168
2390
2653
2645
2604
2569
2281
2055
2082
2172
2381
2594
2678
2681
2522
2267
2123
2077
2161
2390
2593
2694
2705
2600
2346
2091
2106
2246
2323
2516
2727
2688
2531
2354
2119
2006
2117
2355
2566
2690
2683
2595
2410
2180
2071
2131
2281
2484
2654
2700
2576
2336
2158
2114
2137
2276
2478
2662
2695
2537
2360
2226
2099
2092
2220
2466
2675
2699
2602
2447
2233
2076
2103
2277
2453
2612
2728
2672
2442
2225
2125
2113
2238
2441
2591
2703
2669
2453
2254
2133
2085
2228
2449
2602
2661
2649
2477
2222
2084
2107
2230
2406
2594
2706
2680
2482
2262
2153
2093
2178
2387
2586
2696
2668
2545
2332
2135
2085
2150
2352
2590
2684
2700
2599
2333
2091
2048
2125
2313
2591
2711
2706
2605
2354
2129
2071
2159
2345
2515
2652
2722
2587
2352
2185
2109
2133
2288
2551
2700
2686
2606
2441
2205
2056
2093
2289
2516
2638
2651
2639
2437
2135
2074
2119
2181
2455
2700
2706
2591
2419
2231
2091
2096
2225
2429
2656
2700
2578
2435
2257
2090
2089
2225
2410
2579
2697
2665
2486
2272
2109
2108
2205
2387
2640
2697
2589
2479
2299
2062
2058
2257
2423
2566
2691
2668
2468
2258
2143
2076
2172
2370
2570
2709
2655
2475
2295
2105
2028
2163
2382
2535
2687
2745
2588
2358
2162
2042
2129
2353
2530
2662
2723
2578
2338
2153
2064
2123
2312
2516
2671
2686
2537
2394
2225
2085
2177
2285
2470
2721
2688
2518
2424
2218
2060
2112
2252
2474
2681
2702
2621
2394
2158
2133
2148
2216
2503
2679
2687
2610
2411
2225
2121
2092
2211
2443
2657
2720
2651
2436
2224
2064
2047
2202
2419
2639
2709
2604
2466
2279
2110
2106
2215
2407
2623
2679
2622
2485
2232
2080
2100
2203
2418
2623
2681
2607
2487
2252
2078
2102
2226
2415
2601
2684
2661
2517
2306
2121
2050
2125
2320
2539
2676
2661
2533
2361
2179
2047
2151
2341
2517
2690
2706
2515
2301
2170
2089
2139
2346
2559
2680
2661
2553
2363
2172
2054
2104
2345
2554
2646
2696
2599
2376
2188
2089
2109
2295
2513
2691
2731
2630
2399
2205
2098
2084
2286
2530
2621
2690
2630
2423
2254
2146
2117
2216
2424
2604
2696
2641
2459
2270
2110
2094
2266
2437
2564
2693
2696
2481
2261
2127
2069
2218
2462
2594
2732
2693
2414
2261
2132
1996
2163
2481
2582
2723
2722
2465
2283
2132
2029
2184
2396
2545
2653
2677
2525
2246
2080
2099
2182
2320
2507
2641
2675
2569
2301
2133
2094
2129
2340
2569
2655
2671
2575
2323
2125
2100
2159
2336
2560
2673
2693
2516
2302
2186
2067
2055
2295
2544
2645
2688
2628
2394
2190
2117
2111
2279
2507
2640
2719
2610
2391
2246
2109
2035
2229
2564
2642
2605
2620
2455
2172
2068
2113
2270
2451
2596
2712
2665
2411
2222
2117
2097
2196
2406
2603
2690
2606
2423
2277
2124
2049
2199
2439
2583
2646
2683
2521
2210
2109
2129
2197
2417
2579
2665
2690
2508
2260
2174
2125
2144
2382
2602
2701
2670
2484
2315
2166
2070
2169
2368
2518
2671
2661
2488
2348
2191
2038
2103
2331
2555
2685
2710
2571
2334
2113
2060
2150
2295
2506
2681
2724
2592
2339
2202
2119
2087
2271
2563
2678
2669
2561
2343
2174
2078
2076
2283
2543
2657
2721
2661
2413
2159
2085
2114
2231
2458
2652
2685
2615
2428
2180
2060
2100
2242
2487
2673
2663
2589
2477
2241
2090
2117
2263
2466
2647
2724
2660
2469
2267
2162
2104
2222
2482
2632
2642
2642
2515
2259
2117
2102
2212
2398
2561
2721
2702
2477
2269
2129
2096
2206
2348
2563
2741
2641
2547
2412
2113
2081
2236
2313
2521
2747
2685
2455
2287
2088
1983
2122
2347
2509
2648
2707
2560
2363
2180
2050
2141
2349
2453
2645
2758
2570
2327
2165
2080
2138
2272
2510
2693
2675
2558
2423
2205
2040
2101
2316
2475
2643
2707
2613
2397
2246
2130
2086
2250
2505
2642
2631
2560
2501
2284
2023
2078
2342
2469
2584
2691
2629
2472
2278
2105
2104
2219
2435
2640
2707
2630
2434
2227
2101
2087
2210
2396
2589
2716
2681
2471
2264
2130
2074
2150
2361
2597
2749
2644
2423
2307
2113
2022
2245
2426
2541
2702
2714
2506
2336
2169
2047
2185
2409
2551
2698
2702
2505
2288
2145
2095
2173
2317
2554
2716
2664
2567
2390
2117
2078
2193
2301
2555
2737
2655
2574
2388
2121
2074
2140
2263
2536
2692
2667
2562
2404
2231
2093
2102
2268
2500
2682
2683
2612
2446
2167
2031
2126
2264
2445
2639
2685
2573
2389
2192
2068
2085
2252
2480
2635
2705
2663
2390
2161
2121
2129
2217
2464
2652
2681
2619
2426
2215
2124
2088
2223
2456
2605
2675
2662
2511
2288
2132
2100
2168
2405
2605
2681
2666
2502
2266
2097
2088
2228
2400
2562
2688
2707
2498
2241
2160
2089
2082
2381
2630
2628
2613
2551
2310
2123
2078
2149
2368
2577
2612
2635
2578
2321
2113
2106
2165
2278
2530
2707
2653
2540
2365
2156
2077
2150
2341
2526
2637
2641
2582
2418
2181
2077
2164
2293
2443
2613
2706
2660
2401
2183
2111
2116
2209
2452
2682
2710
2602
2447
2219
2066
2087
2235
2461
2665
2751
2650
2452
2239
2095
2099
2234
2457
2658
2744
2630
2433
2260
2096
2064
2242
2423
2597
2721
2649
2450
2286
2169
2118
2213
2377
2580
2719
2665
2502
2304
2126
2097
2184
2381
2631
2680
2626
2558
2308
2107
2122
2224
2384
2561
2699
2721
2552
2275
2145
2121
2133
2349
2607
2680
2686
2580
2353
2143
2055
2164
2333
2540
2709
2673
2512
2370
2197
2062
2159
2329
2499
2702
2743
2581
2392
2178
2079
2146
2288
2464
2655
2698
2523
2419
2286
2091
2114
2272
2429
2655
2760
2599
2414
2243
2084
2063
2212
2441
2609
2720
2697
2462
2264
2147
2076
2196
2455
2608
2695
2686
2469
2232
2131
2085
2205
2432
2607
2674
2659
2514
2254
2115
2128
2201
2398
2591
2687
2657
2511
2289
2077
2055
2221
2366
2573
2720
2617
2496
2352
2144
2078
2175
2347
2562
2681
2658
2542
2347
2115
2035
2151
2354
2588
2708
2680
2569
2355
2154
2088
2139
2338
2552
2640
2667
2567
2317
2168
2133
2148
2283
2517
2689
2710
2566
2347
2173
2098
2113
2287
2492
2624
2661
2577
2415
2239
2090
2113
2277
2451
2645
2732
2574
2413
2313
2116
2077
2289
2490
2687
2751
2624
2458
2293
2101
2039
2234
2454
2586
2678
2629
2459
2262
2099
2080
2201
2387
2564
2657
2657
2519
2268
2117
2138
2222
2380
2577
2702
2671
2504
2285
2116
2094
2169
2348
2605
2659
2643
2551
2263
2126
2160
2170
2333
2581
2678
2677
2588
2315
2110
2111
2193
2330
2551
2663
2678
2580
2346
2123
2047
2144
2351
2498
2662
2761
2602
2343
2151
2061
2141
2299
2442
2639
2739
2580
2354
2215
2100
2085
2263
2494
2650
2677
2592
2410
2207
2072
2072
2255
2541
2659
2653
2666
2497
2184
2063
2112
2225
2424
2671
2784
2642
2427
2250
2032
2011
2244
2454
2563
2666
2642
2481
2263
2099
2110
2212
2358
2613
2707
2649
2529
2281
2055
2077
2198
2354
2549
2708
2663
2444
2242
2118
2051
2146
2359
2590
2698
2681
2485
2244
2173
2115
2146
2424
2623
2662
2677
2583
2300
2106
2092
2155
2294
2494
2672
2720
2576
2393
2178
2062
2158
2307
2491
2695
2702
2562
2400
2179
2061
2126
2298
2512
2664
2713
2606
2380
2215
2130
2078
2257
2533
2632
2678
2645
2382
2118
2084
2147
2226
2463
2683
2690
2573
2440
2252
2091
2115
2261
2437
2637
2742
2598
2380
2237
2068
2084
2264
2407
2584
2693
2581
2422
2276
2101
2094
2206
2381
2635
2718
2636
2495
2304
2155
2105
2185
2392
2599
2686
2649
2500
2287
2134
2088
2160
2391
2646
2681
2668
2592
2318
2133
2138
2167
2358
2570
2643
2651
2546
2308
2121
2092
2155
2323
2597
2729
2686
2558
2385
2173
2070
2152
2344
2554
2685
2658
2554
2392
2185
2024
2134
2356
2491
2668
2772
2609
2323
2149
2105
2144
2279
2472
2662
2707
2596
2374
2210
2128
2111
2239
2465
2652
2709
2599
2446
2252
2088
2126
2240
2423
2642
2714
2648
2467
2245
2055
2063
2227
2445
2647
2721
2636
2431
2269
2173
2086
2195
2400
2573
2673
2627
2439
2277
2114
2057
2222
2402
2514
2715
2716
2433
2292
2194
2083
2186
2389
2587
2693
2621
2501
2336
2126
2069
2182
2367
2567
2692
2644
2557
2361
2116
2086
2169
2314
2574
2678
2663
2564
2337
2141
2047
2141
2382
2525
2648
2740
2591
2317
2146
2048
2103
2317
2523
2659
2723
2615
2361
2183
2129
2135
2229
2472
2697
2710
2603
2410
2200
2070
2090
2275
2491
2665
2720
2599
2441
2246
2074
2084
2267
2459
2638
2704
2602
2444
2225
2072
2091
2253
2431
2577
2730
2679
2432
2258
2155
2067
2164
2415
2624
2665
2598
2455
2275
2118
2077
2213
2429
2562
2657
2675
2512
2276
2142
2072
2131
2419
2598
2637
2726
2556
2242
2158
2136
2128
2357
2592
2691
2691
2550
2312
2144
2070
2139
2354
2595
2695
2671
2543
2357
2178
2074
2110
2353
2543
2634
2706
2601
2320
2154
2083
2091
2315
2546
2626
2698
2607
2317
2144
2137
2135
2272
2538
2684
2691
2588
2448
2258
2068
2102
2296
2461
2598
2682
2619
2420
2223
2100
2135
2277
2421
2623
2750
2624
2419
2281
2117
2068
2236
2440
2583
2703
2667
2461
2213
2069
2069
2191
2427
2606
2674
2655
2455
2283
2167
2097
2181
2436
2646
2707
2634
2525
2314
2092
2094
2205
2312
2559
2703
2649
2533
2324
2125
2098
2161
2326
2556
2677
2646
2560
2371
2136
2107
2169
2303
2542
2693
2652
2537
2347
2117
2063
2141
2250
2473
2692
2694
2557
2377
2164
2071
2159
2286
2475
2673
2703
2552
2365
2195
2091
2137
2295
2481
2672
2703
2609
2427
2189
2095
2091
2196
2450
2681
2728
2568
2389
2226
2077
2045
2232
2463
2576
2640
2663
2452
2174
2123
2133
2164
2466
2718
2665
2618
2530
2204
2045
2126
2195
2372
2630
2710
2657
2485
2239
2081
2102
2204
2363
2596
2729
2654
2493
2338
2159
2043
2155
2365
2588
2732
2686
2547
2323
2089
2104
2222
2319
2517
2693
2699
2573
2337
2159
2098
2137
2316
2617
2727
2682
2594
2390
2126
2089
2207
2326
2496
2687
2702
2558
2366
2193
2076
2097
2273
2516
2660
2690
2602
2382
2199
2114
2093
2306
2547
2644
2697
2656
2437
2148
2025
2130
2307
2492
2631
2721
2652
2395
2181
2106
2111
2224
2441
2670
2752
2640
2482
2265
2068
2118
2281
2399
2572
2712
2636
2472
2243
2093
2114
2184
2323
2647
2760
2549
2397
2280
2100
2074
2168
2365
2585
2665
2620
2483
2282
2129
2105
2165
2347
2608
2696
2631
2531
2335
2112
2064
2159
2303
2553
2737
2656
2505
2365
2175
2077
2163
2340
2546
2690
2677
2552
2370
2166
2041
2112
2330
2555
2676
2673
2565
2341
2138
2116
2161
2232
2481
2700
2718
2611
2392
2178
2103
2108
2272
2522
2652
2686
2596
2403
2226
2097
2133
2267
2481
2679
2684
2592
2453
2196
2054
2138
2314
2475
2619
2705
2672
2411
2177
2111
2106
2205
2460
2637
2666
2630
2480
2267
2134
2096
2184
2387
2585
2682
2667
2539
2273
2070
2110
2235
2426
2632
2700
2664
2501
2253
2134
2156
2164
2310
2594
2710
2614
2492
2342
2160
2074
2181
2347
2533
2726
2717
2507
2341
2138
1997
2185
2423
2475
2623
2754
2571
2324
2174
2071
2121
2323
2514
2646
2682
2569
2402
2203
2082
2214
2353
2451
2672
2758
2573
2359
2231
2128
2125
2305
2531
2653
2684
2634
2413
2181
2112
2120
2234
2480
2680
2722
2620
2435
2225
2065
2073
2245
2439
2598
2717
2675
2456
2244
2142
2112
2248
2468
2612
2703
2659
2466
2266
2129
2087
2191
2421
2633
2691
2628
2461
2257
2134
2138
2222
2429
2615
2698
2708
2496
2222
2143
2163
2179
2326
2611
2739
2626
2477
2282
2090
2082
2200
2370
2603
2691
2627
2570
2385
2114
2078
2197
2373
2577
2688
2690
2576
2334
2131
2115
2183
2298
2517
2690
2678
2540
2375
2220
2072
2099
2314
2506
2628
2701
2575
2360
2236
2123
2071
2255
2521
2677
2703
2602
2371
2199
2147
2145
2247
2460
2611
2678
2605
2412
2235
2132
2093
2219
2453
2641
2696
2643
2433
2234
2152
2136
2216
2450
2653
2708
2625
2455
2268
2118
2056
2216
2466
2594
2679
2664
2449
2263
2128
2082
2212
2402
2607
2743
2641
2445
2316
2149
2063
2201
2407
2574
2683
2719
2570
2283
2123
2136
2150
2326
2565
2672
2662
2544
2316
2169
2100
2114
2345
2591
2670
2672
2582
2322
2085
2123
2216
2264
2461
2717
2708
2535
2358
2183
2082
2102
2298
2547
2614
2670
2625
2328
2121
2074
2083
2261
2496
2646
2702
2636
2410
2176
2092
2111
2251
2494
2655
2692
2626
2436
2207
2098
2109
2205
2464
2638
2671
2648
2432
2200
2127
2112
2194
2422
2607
2743
2695
2440
2270
2128
2047
2196
2410
2622
2692
2607
2483
2281
2075
2077
2227
2404
2554
2679
2657
2481
2261
2161
2118
2155
2380
2616
2674
2635
2538
2349
2138
2066
2167
2337
2553
2704
2682
2513
2299
2162
2083
2132
2339
2552
2663
2677
2544
2349
2179
2041
2086
2318
2553
2666
2677
2612
2386
2124
2097
2177
2250
2479
2692
2709
2588
2380
2162
2089
2149
2279
2488
2674
2703
2564
2384
2226
2079
2090
2291
2502
2658
2679
2609
2480
2235
2028
2075
2253
2404
2638
2738
2621
2470
2292
2107
2085
2237
2441
2641
2727
2632
2479
2254
2073
2110
2219
2362
2605
2730
2664
2522
2274
2067
2095
2234
2419
2644
2736
2693
2528
2266
2138
2148
2173
2292
2575
2754
2693
2519
2349
2159
2042
2189
2429
2525
2656
2728
2548
2308
2168
2087
2128
2297
2516
2673
2713
2558
2334
2139
2106
2143
2282
2538
2708
2698
2570
2363
2166
2092
2139
2292
2532
2639
2646
2608
2407
2176
2092
2115
2303
2526
2626
2663
2610
2391
2171
2055
2107
2272
2418
2605
2740
2616
2419
2271
2116
2097
2245
2473
2628
2695
2639
2452
2215
2059
2107
2250
2390
2624
2802
2634
2441
2299
2069
2052
2241
2384
2630
2744
2625
2482
2303
2093
2085
2229
2396
2596
2749
2676
2507
2332
2143
2067
2206
2370
2541
2725
2705
2495
2300
2125
2058
2161
2355
2573
2730
2695
2509
2346
2205
2086
2113
2360
2573
2660
2722
2585
2325
2161
2098
2168
2339
2534
2650
2670
2594
2412
2216
2108
2160
2303
2530
2715
2678
2522
2384
2194
2077
2144
2298
2496
2679
2705
2593
2391
2211
2115
2089
2294
2517
2579
2698
2680
2396
2182
2146
2133
2262
2454
2592
2717
2706
2444
2171
2101
2105
2220
2447
2612
2663
2661
2497
2246
2091
2072
2219
2430
2600
2715
2695
2464
2209
2121
2095
2162
2450
2643
2643
2663
2528
2251
2142
2107
2149
2389
2604
2673
2663
2485
2245
2135
2100
2143
2387
2606
2690
2656
2510
2319
2176
2035
2114
2382
2551
2649
2743
2629
2365
2172
2092
2145
2312
2518
2716
2722
2546
2374
2209
2066
2123
2327
2533
2641
2674
2629
2380
2145
2100
2167
2315
2482
2622
2678
2580
2402
2230
2119
2082
2244
2531
2663
2671
2627
2393
2159
2130
2137
2186
2444
2637
2673
2638
2429
2231
2138
2098
2203
2438
2567
2638
2669
2497
2235
2133
2086
2211
2452
2564
2665
2731
2477
2201
2131
2073
2137
2412
2594
2686
2686
2483
2243
2189
2102
2127
2419
2642
2683
2677
2535
2320
2165
2047
2186
2409
2501
2669
2701
2503
2336
2133
2003
2123
2334
2493
2647
2673
2528
2311
2133
2083
2113
2296
2580
2677
2606
2567
2401
2156
2067
2115
2306
2545
2624
2633
2591
2404
2190
2094
2130
2296
2441
2623
2749
2616
2347
2207
2113
2114
2286
2501
2682
2747
2613
2424
2199
2054
2087
2217
2414
2652
2747
2649
2453
2229
2082
2088
2215
2464
2634
2710
2674
2449
2235
2145
2058
2159
2456
2636
2677
2649
2445
2239
2140
2113
2197
2403
2584
2717
2661
2467
2332
2146
2052
2184
2377
2600
2715
2616
2511
2400
2156
2038
2181
2411
2584
2678
2679
2566
2300
2093
2106
2206
2317
2569
2726
2691
2586
2368
2109
2066
2169
2335
2513
2626
2672
2575
2338
2157
2138
2131
2199
2494
2747
2728
2583
2417
2182
2047
2119
2310
2499
2615
2638
2601
2422
2154
2069
2132
2274
2476
2648
2702
2625
2423
2187
2100
2147
2204
2395
2659
2690
2607
2483
2235
2071
2118
2244
2411
2622
2739
2667
2443
2231
2132
2118
2221
2392
2585
2720
2660
2446
2266
2146
2087
2220
2428
2566
2704
2685
2493
2293
2113
2056
2175
2386
2613
2698
2674
2531
2303
2114
2054
2156
2334
2533
2696
2682
2529
2313
2126
2067
2147
2303
2533
2682
2655
2536
2341
2138
2087
2162
2316
2578
2741
2651
2541
2408
2158
2035
2139
2298
2454
2640
2716
2583
2340
2205
2134
2086
2230
2487
2668
2705
2606
2406
2194
2045
2114
2277
2449
2647
2736
2635
2416
2199
2124
2130
2221
2436
2637
2674
2619
2426
2189
2091
2118
2240
2456
2634
2724
2636
2414
2261
