2381
2393
2397
2367
2397
2381
2358
2432
2474
2412
2382
2425
2413
2397
2401
2389
2377
2410
2433
2410
2408
2420
2410
2394
2361
2362
2394
2374
2412
2469
2405
2383
2415
2398
2381
2407
2387
2379
2417
2426
2431
2439
2394
2392
2414
2375
2372
2433
2410
2393
2379
2408
2430
2379
2342
2425
2445
2332
2343
2445
2379
2344
2433
2467
2378
2356
2443
2456
2367
2369
2405
2386
2384
2433
2431
2352
2345
2405
2409
2370
2434
2441
2349
2378
2438
2413
2407
2415
2408
2423
2416
2417
2410
2372
2391
2419
2422
2399
2374
2410
2465
2444
2358
2387
2440
2386
2378
2446
2406
2370
2415
2410
2388
2398
2393
2405
2431
2405
2395
2396
2384
2391
2374
2384
2416
2371
2331
2403
2406
2366
2385
2414
2452
2437
2389
2414
2413
2415
2432
2399
2388
2421
2396
2353
2390
2425
2394
2413
2397
2362
2378
2414
2400
2420
2429
2369
2369
2434
2416
2387
2419
2423
2368
2366
2429
2432
2380
2373
2410
2417
2401
2395
2385
2387
2428
2447
2401
2382
2398
2408
2431
2432
2428
2391
2379
2431
2408
2429
2428
2376
2384
2394
2354
2402
2418
2383
2405
2424
2403
2422
2413
2364
2393
2449
2436
2408
2432
2424
2370
2409
2454
2383
2392
2466
2392
2350
2448
2466
2396
2388
2392
2417
2472
2449
2399
2381
2376
2425
2432
2396
2436
2402
2351
2420
2397
2352
2421
2452
2394
2377
2415
2411
2353
2360
2427
2414
2356
2408
2425
2405
2407
2416
2397
2355
2368
2403
2430
2435
2414
2395
2391
2428
2434
2407
2399
2431
2450
2417
2378
2381
2405
2406
2382
2397
2457
2424
2353
2391
2416
2391
2418
2412
2371
2408
2443
2390
2356
2403
2466
2427
2365
2431
2444
2370
2425
2450
2383
2402
2425
2397
2445
2444
2335
2389
2427
2347
2397
2457
2400
2393
2429
2428
2409
2416
2417
2415
2427
2426
2389
2361
2392
2406
2381
2410
2395
2376
2437
2409
2358
2422
2439
2366
2359
2374
2360
2375
2416
2422
2412
2446
2444
2394
2383
2443
2451
2382
2386
2425
2373
2329
2404
2474
2383
2346
2426
2409
2360
2425
2402
2323
2374
2446
2393
2389
2450
2409
2358
2388
2405
2356
2328
2422
2468
2395
2368
2426
2384
2335
2430
2467
2387
2400
2388
2325
2419
2441
2355
2437
2466
2328
2351
2461
2374
2335
2410
2446
2412
2406
2439
2442
2419
2368
2388
2437
2399
2383
2421
2446
2383
2345
2415
2452
2380
2320
2382
2429
2406
2363
2347
2434
2474
2404
2415
2451
2392
2406
2447
2385
2350
2383
2377
2401
2431
2404
2400
2444
2435
2388
2410
2449
2393
2378
2443
2406
2362
2403
2377
2315
2401
2466
2373
2385
2458
2406
2382
2400
2357
2337
2402
2431
2366
2385
2448
2410
2350
2370
2382
2410
2454
2417
2373
2373
2389
2433
2432
2419
2405
2392
2412
2422
2373
2410
2429
2387
2424
2479
2375
2373
2461
2426
2364
2409
2458
2430
2379
2422
2407
2361
2398
2450
2427
2374
2396
2412
2340
2362
2415
2382
2362
2441
2405
2345
2419
2405
2377
2434
2404
2364
2396
2400
2415
2404
2402
2462
2429
2381
2441
2417
2345
2431
2448
2384
2421
2420
2370
2404
2413
2372
2380
2397
2384
2407
2443
2417
2374
2400
2419
2392
2369
2389
2429
2370
2351
2428
2404
2361
2413
2447
2416
2416
2404
2411
2451
2411
2360
2404
2430
2399
2391
2427
2404
2378
2407
2420
2422
2407
2381
2402
2419
2414
2377
2412
2443
2428
2397
2343
2384
2452
2358
2307
2392
2402
2386
2431
2453
2417
2407
2401
2367
2369
2399
2380
2368
2425
2444
2409
2418
2420
2376
2406
2443
2401
2362
2407
2437
2382
2383
2418
2394
2372
2366
2406
2410
2370
2368
2435
2418
2382
2389
2396
2411
2410
2396
2421
2425
2383
2373
2401
2415
2399
2400
2442
2390
2358
2431
2375
2339
2476
2434
2320
2413
2450
2371
2426
2417
2330
2416
2416
2306
2383
2446
2391
2393
2445
2417
2390
2450
2459
2391
2355
2397
2411
2361
2417
2429
2345
2399
2461
2395
2375
2410
2424
2406
2361
2368
2430
2393
2338
2409
2443
2394
2378
2365
2373
2441
2412
2359
2427
2439
2395
2408
2405
2358
2382
2427
2391
2338
2414
2444
2360
2385
2463
2424
2386
2425
2433
2407
2394
2422
2466
2431
2359
2357
2422
2409
2374
2406
2398
2367
2385
2423
2461
2489
2439
2379
2427
2420
2365
2397
2450
2381
2331
2392
2414
2371
2369
2397
2421
2397
2331
2355
2465
2444
2346
2344
2435
2454
2373
2348
2398
2393
2372
2381
2402
2423
2384
2377
2455
2382
2333
2452
2451
2378
2437
2426
2396
2437
2358
2336
2420
2408
2380
2418
2415
2378
2396
2381
2391
2429
2409
2400
2392
2350
2380
2433
2428
2431
2405
2404
2454
2375
2342
2453
2457
2366
2388
2408
2381
2411
2434
2412
2443
2437
2408
2405
2383
2401
2390
2369
2385
2397
2466
2460
2333
2367
2453
2390
2358
2422
2433
2402
2391
2380
2388
2396
2411
2388
2410
2441
2401
2408
2405
2397
2428
2416
2381
2430
2413
2367
2404
2389
2357
2406
2389
2326
2377
2428
2395
2407
2435
2412
2418
2388
2352
2412
2490
2433
2326
2398
2482
2387
2374
2441
2396
2342
2367
2388
2411
2364
2326
2428
2472
2371
2365
2447
2415
2394
2432
2410
2379
2369
2373
2383
2396
2395
2409
2414
2387
2406
2444
2390
2335
2419
2460
2365
2372
2442
2406
2367
2392
2383
2382
2408
2399
2394
2408
2414
2440
2397
2395
2433
2421
2394
2440
2453
2407
2396
2404
2412
2440
2379
2349
2372
2384
2391
2413
2422
2433
2412
2423
2421
2385
2408
2414
2362
2391
2439
2375
2349
2437
2428
2389
2438
2442
2379
2394
2444
2417
2373
2449
2446
2343
2363
2466
2440
2391
2407
2402
2417
2406
2380
2383
2388
2402
2398
2384
2422
2391
2342
2435
2451
2369
2400
2442
2434
2397
2401
2400
2395
2453
2442
2368
2381
2416
2390
2375
2400
2376
2323
2380
2428
2379
2415
2500
2424
2359
2450
2454
2382
2418
2423
2404
2438
2411
2397
2444
2417
2380
2456
2459
2410
2428
2424
2373
2358
2415
2460
2436
2392
2397
2401
2389
2412
2398
2365
2419
2418
2345
2397
2432
2330
2415
2500
2402
2400
2420
2343
2354
2367
2336
2391
2441
2380
2382
2430
2398
2363
2424
2423
2370
2354
2368
2373
2373
2386
2438
2400
2366
2459
2456
2353
2417
2472
2382
2361
2411
2438
2441
2407
2376
2396
2426
2396
2375
2400
2386
2347
2391
2445
2430
2388
2373
2366
2397
2438
2440
2408
2370
2364
2427
2444
2365
2352
2428
2418
2357
2375
2439
2439
2378
2356
2409
2394
2349
2372
2404
2361
2350
2405
2405
2388
2381
2378
2401
2451
2432
2376
2399
2391
2385
2428
2430
2432
2390
2379
2421
2392
2366
2400
2410
2410
2452
2451
2422
2396
2397
2394
2337
2327
2391
2386
2357
2389
2377
2367
2450
2416
2341
2398
2457
2389
2349
2419
2441
2399
2375
2442
2432
2380
2417
2398
2386
2407
2418
2423
2415
2436
2422
2383
2375
2386
2422
2439
2405
2371
2410
2401
2331
2404
2456
2372
2376
2421
2431
2411
2377
2378
2432
2398
2338
2399
2446
2385
2356
2385
2421
2391
2356
2397
2440
2366
2363
2461
2393
2347
2450
2440
2347
2379
2427
2412
2385
2383
2378
2381
2410
2422
2388
2375
2396
2409
2427
2407
2395
2395
2419
2439
2409
2379
2380
2415
2393
2366
2414
2406
2381
2386
2380
2392
2426
2390
2356
2411
2441
2401
2374
2384
2408
2383
2365
2431
2424
2360
2449
2439
2378
2460
2442
2380
2441
2405
2349
2407
2393
2363
2441
2442
2393
2424
2409
2368
2381
2373
2373
2386
2396
2390
2408
2403
2364
2382
2427
2423
2384
2364
2412
2422
2410
2401
2415
2435
2388
2387
2474
2420
2333
2399
2422
2367
2424
2410
2338
2406
2416
2358
2438
2457
2365
2356
2423
2424
2420
2422
2402
2391
2429
2420
2401
2413
2431
2388
2354
2391
2434
2417
2420
2404
2399
2435
2428
2387
2396
2410
2415
2394
2375
2400
2434
2368
2362
2422
2405
2353
2426
2447
2367
2386
2423
2379
2389
2418
2391
2418
2405
2375
2435
2413
2390
2394
2385
2420
2428
2379
2389
2426
2427
2405
2377
2380
2420
2422
2417
2438
2413
2406
2435
2401
2358
2378
2390
2386
2416
2427
2414
2384
2358
2380
2393
2356
2419
2448
2340
2356
2461
2379
2343
2441
2439
2381
2396
2445
2401
2340
2403
2444
2410
2373
2379
2413
2429
2396
2341
2390
2451
2409
2376
2405
2402
2385
2382
2418
2415
2384
2406
2421
2371
2380
2427
2395
2399
2466
2400
2375
2439
2396
2395
2409
2360
2400
2446
2434
2430
2422
2423
2411
2434
2475
2400
2370
2431
2392
2358
2401
2429
2381
2352
2401
2432
2371
2348
2430
2413
2366
2399
2394
2371
2396
2399
2381
2408
2413
2405
2407
2398
2384
2414
2412
2397
2405
2377
2367
2452
2423
2381
2442
2426
2360
2443
2443
2342
2407
2452
2335
2393
2469
2425
2423
2418
2417
2442
2401
2377
2420
2402
2408
2467
2358
2341
2498
2426
2319
2435
2442
2341
2405
2446
2350
2413
2417
2373
2448
2433
2323
2438
2490
2364
2390
2435
2408
2408
2388
2407
2422
2367
2382
2446
2372
2319
2376
2416
2411
2393
2410
2451
2407
2356
2358
2424
2402
2336
2395
2464
2446
2394
2420
2410
2395
2455
2400
2388
2449
2426
2368
2369
2398
2428
2408
2378
2397
2430
2411
2381
2348
2354
2407
2405
2363
2406
2442
2373
2376
2431
2390
2390
2411
2400
2411
2432
2353
2354
2446
2369
2284
2420
2470
2365
2400
2451
2406
2392
2425
2444
2393
2372
2400
2416
2416
2417
2441
2447
2408
2398
2394
2392
2394
2387
2433
2432
2346
2375
2427
2386
2399
2408
2408
2423
2423
2422
2419
2395
2412
2405
2383
2418
2429
2399
2380
2405
2408
2381
2432
2420
2348
2389
2441
2427
2402
2409
2430
2412
2386
2407
2434
2433
2379
2326
2409
2395
2318
2376
2458
2410
2364
2399
2400
2394
2378
2403
2438
2412
2392
2409
2395
2438
2449
2360
2383
2455
2414
2402
2407
2382
2387
2423
2440
2396
2351
2368
2441
2428
2356
2390
2433
2379
2379
2405
2383
2409
2429
2363
2351
2396
2376
2387
2407
2364
2381
2396
2336
2349
2438
2441
2372
2387
2415
2432
2412
2405
2385
2348
2396
2439
2397
2359
2430
2431
2345
2422
2449
2352
2369
2422
2353
2390
2434
2346
2394
2433
2376
2413
2428
2358
2376
2411
2383
2411
2436
2383
2393
2433
2375
2370
2409
2397
2381
2384
2384
2397
2398
2392
2384
2387
2384
2367
2389
2414
2427
2389
2356
2373
2441
2446
2384
2420
2434
2363
2379
2450
2430
2402
2421
2438
2443
2463
2414
2345
2390
2416
2387
2397
2396
2401
2429
2380
2383
2442
2411
2396
2416
2362
2341
2391
2422
2398
2363
2394
2400
2362
2402
2412
2386
2375
2373
2402
2408
2413
2389
2395
2443
2418
2365
2386
2414
2391
2408
2434
2404
2402
2400
2370
2401
2424
2385
2399
2428
2412
2372
2414
2413
2376
2406
2385
2377
2447
2426
2335
2415
2436
2314
2394
2461
2366
2359
2402
2390
2404
2407
2352
2370
2437
2400
2365
2387
2451
2452
2374
2380
2427
2418
2381
2399
2408
2350
2382
2437
2408
2393
2410
2383
2370
2413
2416
2370
2410
2417
2366
2378
2439
2443
2396
2398
2420
2404
2403
2429
2400
2364
2400
2404
2378
2405
2457
2409
2364
2417
2451
2407
2366
2394
2430
2365
2354
2406
2424
2388
2405
2412
2335
2377
2435
2373
2396
2485
2460
2424
2414
2395
2410
2408
2406
2443
2405
2331
2365
2422
2385
2350
2427
2426
2349
2408
2456
2416
2407
2429
2384
2349
2384
2438
2430
2395
2384
2410
2406
2409
2389
2342
2376
2422
2408
2395
2424
2430
2387
2374
2413
2420
2365
2376
2383
2388
2425
2401
2390
2428
2417
2378
2410
2404
2367
2386
2407
2422
2414
2383
2383
2406
2393
2386
2367
2357
2421
2420
2382
2427
2427
2403
2438
2444
2401
2388
2405
2379
2381
2399
2397
2399
2405
2401
2414
2427
2389
2387
2406
2402
2387
2362
2429
2426
2343
2375
2440
2401
2401
2401
2386
2404
2388
2392
2403
2368
2388
2369
2339
2408
2460
2383
2395
2444
2399
2369
2418
2442
2391
2365
2425
2443
2358
2336
2429
2421
2317
2366
2477
2402
2365
2413
2381
2362
2426
2403
2375
2380
2347
2361
2432
2395
2325
2347
2381
2378
2393
2412
2393
2374
2392
2378
2385
2436
2390
2396
2478
2424
2371
2428
2421
2387
2422
2416
2357
2405
2420
2374
2398
2396
2371
2367
2437
2444
2351
2374
2443
2354
2352
2424
2419
2432
2470
2406
2360
2404
2414
2374
2390
2418
2394
2429
2434
2381
2422
2432
2341
2377
2435
2384
2421
2441
2359
2398
2447
2349
2391
2487
2359
2329
2454
2457
2408
2423
2417
2413
2433
2385
2368
2439
2426
2344
2383
2446
2404
2410
2466
2391
2367
2402
2401
2411
2443
2418
2367
2337
2415
2455
2352
2366
2452
2390
2391
2445
2392
2365
2407
2404
2370
2368
2400
2409
2433
2420
2374
2355
2351
2383
2417
2390
2383
2390
2348
2375
2420
2360
2340
2408
2416
2388
2397
2388
2401
2418
2368
2378
2403
2389
2410
2443
2420
2409
2361
2354
2415
2379
2348
2409
2412
2356
2373
2384
2413
2431
2398
2371
2406
2416
2399
2400
2369
2354
2411
2396
2389
2401
2399
2390
2412
2432
2397
2360
2360
2417
2360
2344
2428
2401
2337
2386
2432
2394
2430
2452
2422
2383
2360
2402
2423
2386
2411
2445
2364
2380
2441
2373
2375
2377
2349
2445
2423
2316
2405
2447
2386
2418
2408
2398
2419
2431
2450
2404
2381
2428
2387
2392
2427
2389
2390
2387
2410
2463
2402
2386
2452
2410
2377
2415
2388
2381
2446
2430
2435
2454
2391
2377
2406
2365
2395
2398
2359
2403
2429
2370
2357
2415
2397
2393
2431
2405
2361
2396
2436
2375
2368
2433
2376
2308
2410
2469
2396
2365
2384
2414
2414
2391
2419
2417
2389
2394
2405
2416
2419
2410
2405
2417
2375
2372
2442
2419
2360
2380
2433
2415
2408
2391
2375
2420
2411
2365
2418
2451
2382
2329
2407
2408
2350
2401
2447
2404
2388
2410
2408
2401
2415
2432
2404
2357
2409
2401
2371
2422
2432
2378
2390
2399
2370
2386
2417
2388
2421
2429
2379
2375
2409
2383
2393
2406
2372
2389
2436
2408
2388
2365
2380
2423
2406
2343
2395
2394
2359
2410
2418
2376
2401
2401
2349
2396
2397
2323
2413
2475
2362
2382
2468
2363
2359
2477
2405
2351
2426
2410
2392
2429
2439
2386
2364
2389
2409
2370
2358
2398
2442
2403
2377
2403
2403
2384
2368
2414
2410
2376
2436
2484
2417
2357
2388
2383
2414
2441
2410
2418
2438
2389
2364
2378
2435
2451
2412
2402
2422
2413
2415
2434
2380
2389
2472
2450
2418
2439
2409
2373
2399
2398
2397
2427
2440
2380
2342
2389
2429
2373
2362
2387
2410
2404
2400
2415
2411
2370
2358
2359
2396
2454
2419
2371
2432
2417
2382
2426
2421
2379
2380
2362
2402
2420
2364
2398
2434
2400
2387
2427
2447
2357
2358
2433
2387
2333
2442
2450
2388
2401
2404
2381
2421
2457
2394
2377
2428
2414
2386
2411
2418
2416
2424
2411
2428
2435
2416
2404
2375
2411
2414
2321
2390
2480
2383
2338
2428
2440
2397
2356
2326
2394
2435
2405
2411
2423
2372
2386
2442
2386
2365
2406
2399
2396
2417
2355
2380
2439
2386
2378
2420
2375
2373
2423
2415
2396
2407
2387
2386
2417
2426
2396
2428
2405
2354
2402
2425
2406
2401
2415
2427
2424
2403
2400
2425
2436
2413
2402
2437
2390
2376
2426
2389
2397
2466
2376
2358
2450
2388
2392
2476
2426
2345
2393
2462
2387
2384
2470
2413
2375
2420
2377
2401
2445
2404
2411
2476
2418
2371
2409
2429
2411
2388
2392
2398
2410
2417
2423
2418
2398
2395
2414
2408
2358
2377
2447
2425
2374
2388
2426
2400
2399
2434
2404
2414
2432
2387
2396
2423
2390
2390
2384
2381
2444
2438
2395
2424
2383
2342
2428
2471
2365
2418
2455
2332
2362
2452
2395
2362
2399
2377
2394
2462
2423
2365
2409
2427
2400
2393
2392
2351
2375
2404
2362
2401
2395
2365
2417
2467
2429
2395
2365
2357
2403
2413
2372
2372
2403
2419
2416
2383
2368
2409
2402
2372
2377
2393
2397
2396
2399
2415
2404
2377
2363
2392
2407
2398
2349
2347
2414
2397
2397
2480
2389
2357
2458
2416
2396
2456
2412
2406
2426
2405
2394
2347
2366
2428
2374
2349
2403
2437
2361
2352
2393
2388
2362
2432
2442
2377
2400
2447
2447
2413
2357
2395
2421
2401
2398
2394
2334
2358
2391
2386
2372
2362
2365
2383
2357
2387
2446
2386
2333
2408
2428
2392
2413
2421
2388
2412
2446
2429
2386
2377
2403
2404
2369
2380
2426
2407
2394
2408
2375
2353
2376
2410
2393
2382
2418
2410
2366
2354
2337
2368
2419
2388
2361
2395
2394
2393
2381
2390
2400
2416
2444
2422
2408
2379
2384
2436
2413
2399
2392
2405
2425
2400
2375
2366
2364
2383
2381
2396
2392
2374
2425
2424
2365
2393
2403
2395
2433
2412
2360
2362
2391
2401
2371
2376
2418
2414
2388
2401
2436
2388
2337
2406
2455
2410
2398
2409
2399
2454
2388
2323
2432
2455
2351
2390
2425
2376
2394
2424
2424
2391
2365
2386
2426
2411
2362
2384
2428
2411
2387
2437
2438
2394
2367
2399
2392
2402
2435
2390
2345
2415
2426
2379
2397
2403
2376
2398
2391
2345
2395
2408
2357
2395
2459
2413
2416
2417
2377
2367
2379
2377
2394
2398
2373
2417
2418
2348
2348
2400
2398
2397
2414
2410
2371
2363
2371
2390
2422
2448
2409
2391
2441
2436
2362
2368
2431
2420
2384
2415
2424
2391
2399
2398
2378
2374
2397
2430
2395
2401
2416
2383
2391
2402
2331
2367
2475
2402
2326
2401
2394
2361
2431
2416
2385
2444
2402
2379
2387
2374
2377
2405
2407
2422
2429
2389
2383
2403
2391
2394
2355
2398
2465
2406
2359
2371
2374
2384
2408
2411
2420
2386
2380
2428
2391
2367
2458
2420
2330
2407
2419
2372
2419
2421
2395
2435
2422
2374
2383
2443
2410
2396
2431
2417
2415
2416
2401
2404
2368
2383
2413
2398
2410
2403
2381
2424
2429
2357
2357
2420
2387
2376
2431
2399
2380
2413
2364
2345
2386
2408
2380
2369
2402
2399
2411
2402
2363
2430
2452
2364
2420
2479
2348
2373
2470
2396
2335
2371
2386
2366
2395
2451
2439
2362
2370
2463
2424
2377
2404
2420
2411
2400
2397
2427
2434
2397
2349
2385
2451
2395
2358
2437
2420
2386
2436
2420
2396
2417
2385
2412
2452
2402
2368
2420
2429
2367
2335
2385
2425
2407
2373
2398
2417
2388
2368
2401
2441
2432
2374
2399
2409
2365
2395
2441
2383
2410
2475
2398
2345
2414
2439
2410
2368
2367
2377
2344
2350
2426
2414
2367
2382
2388
2393
2401
2409
2449
2384
2365
2414
2371
2348
2429
2429
2392
2405
2381
2372
2411
2400
2340
2334
2416
2412
2364
2391
2410
2389
2378
2370
2418
2443
2390
2371
2424
2423
2393
2366
2346
2370
2412
2405
2358
2347
2413
2417
2348
2370
2450
2431
2387
2375
2387
2369
2380
2430
2441
2385
2381
2431
2411
2359
2403
2472
2454
2415
2409
2392
2385
2399
2392
2372
2394
2377
2359
2411
2427
2387
2392
2418
2372
2336
2383
2397
2386
2428
2450
2388
2373
2393
2345
2366
2458
2427
2355
2364
2421
2427
2427
2403
2394
2413
2407
2398
2409
2376
2391
2420
2418
2437
2424
2390
2450
2442
2373
2412
2400
2356
2407
2420
2404
2426
2395
2372
2386
2390
2423
2416
2352
2394
2451
2389
2422
2440
2369
2411
2430
2383
2426
2427
2428
2396
2365
2393
2423
2349
2372
2441
2378
2365
2451
2440
2365
2367
2421
2427
2445
2452
2406
2411
2430
2408
2400
2395
2429
2406
2362
2391
2417
2403
2413
2413
2409
2445
2463
2423
2415
2400
2364
2410
2483
2424
2385
2458
2420
2355
2430
2423
2332
2385
2446
2372
2385
2439
2435
2395
2367
2412
2381
2345
2431
2462
2370
2345
2417
2409
2410
2430
2373
2369
2422
2402
2401
2418
2409
2376
2392
2393
2375
2427
2428
2323
2373
2457
2359
2343
2444
2394
2322
2400
2438
2391
2406
2379
2373
2418
2414
2406
2401
2381
2411
2419
2357
2398
2473
2399
2352
2398
2423
2415
2403
2371
2340
2382
2419
2368
2428
2448
2388
2396
2371
2373
2448
2426
2407
2453
2427
2391
2410
2416
2402
2421
2416
2429
2447
2366
2362
2431
2433
2408
2412
2447
2406
2361
2391
2389
2360
2380
2398
2396
2356
2363
2440
2428
2378
2404
2394
2348
2410
2420
2404
2427
2412
2437
2453
2381
2372
2433
2381
2350
2445
2436
2349
2376
2411
2380
2388
2440
2447
2374
2372
2461
2430
2347
2397
2428
2359
2405
2421
2375
2408
2397
2368
2408
2395
2352
2393
2433
2403
2399
2391
2388
2399
2381
2360
2424
2448
2394
2408
2415
2330
2340
2407
2397
2357
2372
2398
2404
2404
2401
2393
2387
2426
2397
2390
2435
2413
2346
2362
2435
2437
2331
2406
2499
2395
2335
2395
2382
2360
2410
2397
2369
2447
2457
2343
2335
2418
2397
2383
2420
2398
2365
2421
2414
2368
2398
2430
2405
2432
2432
2391
2390
2430
2389
2403
2435
2387
2430
2467
2352
2371
2447
2428
2433
2402
2328
2391
2417
2361
2409
2453
2378
2373
2436
2446
2418
2351
2361
2433
2366
2363
2435
2384
2386
2455
2363
2367
2439
2387
2360
2424
2426
2437
2436
2370
2381
2474
2420
2323
2406
2463
2418
2370
2384
2454
2391
2354
2448
2412
2358
2428
2401
2341
2388
2422
2425
2420
2350
2389
2404
2346
2419
2457
2387
2385
2429
2419
2390
2401
2419
2409
2384
2436
2471
2364
2351
2483
2438
2378
2431
2449
2385
2409
2406
2401
2462
2431
2362
2447
2415
2352
2397
2421
2407
2421
2336
2357
2470
2371
2356
2452
2402
2366
2414
2410
2376
2372
2407
2408
2368
2371
2393
2411
2398
2396
2419
2391
2354
2414
2411
2358
2386
2372
2378
2401
2399
2412
2365
2360
2427
2388
2359
2433
2419
2352
2370
2385
2380
2399
2396
2387
2407
2414
2399
2411
2420
2383
2336
2380
2467
2439
2383
2409
2415
2390
2387
2393
2416
2425
2398
2394
2383
2376
2407
2437
2414
2357
2397
2431
2357
2376
2473
2400
2318
2409
2410
2371
2412
2415
2361
2357
2393
2412
2411
2407
2412
2406
2378
2383
2443
2444
2375
2389
2422
2382
2360
2409
2446
2396
2363
2370
2411
2417
2375
2379
2426
2431
2390
2390
2407
2371
2356
2381
2373
2407
2449
2384
2361
2413
2413
2379
2366
2384
2399
2410
2405
2401
2418
2393
2375
2445
2502
2441
2386
2392
2429
2428
2369
2375
2417
2412
2371
2398
2426
2407
2401
2424
2428
2407
2386
2414
2406
2374
2379
2414
2442
2366
2318
2414
2444
2372
2406
2454
2397
2380
2422
2469
2424
2367
2424
2468
2359
2341
2433
2407
2333
2369
2451
2422
2338
2381
2441
2415
2433
2462
2407
2372
2390
2415
2413
2393
2408
2434
2430
2409
2411
2445
2411
2403
2417
2413
2444
2409
2367
2409
2387
2376
2420
2423
2397
2414
2439
2438
2394
2404
2417
2395
2391
2439
2422
2399
2414
2425
2429
2374
2361
2403
2364
2391
2413
2324
2368
2463
2374
2366
2475
2437
2368
2427
2430
2412
2426
2408
2386
2407
2408
2414
2375
2368
2423
2418
2380
2448
2469
2390
2362
2412
2441
2421
2376
2367
2398
2418
2386
2367
2366
2409
2434
2352
2410
2480
2382
2354
2410
2411
2430
2426
2375
2418
2420
2349
2410
2451
2336
2324
2431
2449
2361
2338
2399
2421
2387
2375
2394
2440
2430
2378
2385
2423
2409
2371
2378
2417
2426
2396
2394
2452
2444
2400
2399
2368
2361
2432
2402
2355
2408
2444
2406
2403
2428
2404
2410
2403
2382
2429
2400
2379
2450
2438
2369
2391
2430
2397
2362
2370
2384
2408
2402
2409
2416
2415
2387
2413
2455
2398
2368
2407
2408
2384
2379
2392
2396
2430
2448
2421
2367
2322
2356
2406
2417
2429
2402
2392
2428
2411
2387
2376
2395
2411
2391
2407
2405
2375
2386
2410
2394
2403
2425
2421
2395
2371
2380
2423
2407
2369
2362
2397
2372
2346
2439
2439
2370
2394
2432
2417
2407
2390
2384
2386
2351
2381
2413
2367
2385
2381
2397
2494
2409
2314
2435
2474
2359
2341
2410
2465
2417
2356
2426
2476
2394
2350
2422
2446
2376
2368
2394
2369
2389
2426
2385
2415
2386
2329
2426
2462
2368
2379
2451
2391
2354
2395
2410
2363
2357
2452
2432
2376
2454
2462
2373
2391
2418
2369
2403
2404
2385
2429
2436
2423
2403
2434
2422
2383
2391
2420
2445
2418
2411
2453
2416
2392
2440
2451
2426
2424
2401
2414
2424
2392
2412
2456
2416
2395
2408
2411
2419
2410
2405
2388
2392
2404
2404
2415
2451
2442
2380
2367
2415
2399
2343
2422
2456
2352
2380
2459
2379
2327
2422
2486
2390
2362
2439
2436
2423
2389
2344
2410
2464
2405
2426
2448
2376
2409
2452
2400
2382
2431
2464
2446
2402
2413
2404
2369
2368
2375
2384
2400
2373
2381
2428
2400
2337
2386
2384
2360
2401
2418
2387
2421
2421
2353
2384
2413
2360
2358
2395
2413
2382
2406
2452
2401
2376
2403
2377
2366
2401
2422
2436
2417
2401
2426
2420
2371
2363
2417
2414
2366
2429
2454
2371
2404
2427
2403
2388
2364
2357
2393
2431
2404
2382
2411
2405
2349
2389
2439
2380
2402
2414
2355
2374
2419
2397
2370
2389
2408
2412
2369
2357
2430
2422
2380
2408
2421
2360
2372
2408
2386
2350
2393
2408
2349
2368
2460
2448
2408
2398
2397
2417
2396
2367
2398
2410
2408
2447
2432
2365
2404
2414
2324
2370
2428
2367
2350
2397
2391
2427
2427
2379
2416
2443
2376
2372
2431
2419
2374
2381
2434
2393
2324
2429
2500
2324
2312
2444
2416
2368
2402
2377
2401
2416
2369
2393
2414
2326
2360
2423
2361
2374
2431
2375
2361
2425
2436
2366
2395
2457
2425
2422
2418
2361
2411
2458
2397
2395
2407
2372
2374
2407
2397
2407
2463
2414
2356
2390
2414
2393
2390
2407
2380
2357
2374
2390
2382
2409
2439
2384
2390
2435
2408
2355
2373
2433
2409
2347
2381
2389
2366
2396
2428
2428
2388
2346
2399
2412
2375
2441
2471
2404
2386
2440
2430
2386
2438
2440
2383
2407
2430
2421
2423
2387
2371
2434
2453
2387
2363
2385
2411
2429
2417
2359
2386
2440
2412
2370
2400
2388
2387
2385
2385
2389
2411
2431
2420
2382
2392
2417
2397
2409
2412
2359
2427
2440
2343
2375
2442
2405
2405
2435
2371
2360
2426
2397
2399
2477
2409
2327
2396
2418
2415
2421
2419
2395
2419
2453
2443
2408
2403
2417
2404
2403
2395
2377
2410
2380
2324
2430
2468
2368
2382
2435
2400
2396
2432
2385
2341
2405
2422
2370
2411
2404
2403
2414
2413
2432
2442
2397
2376
2379
2401
2417
2391
2385
2447
2387
2377
2438
2435
2440
2417
2377
2402
2430
2420
2388
2400
2429
2446
2387
2380
2460
2406
2330
2405
2418
2396
2425
2377
2355
2446
2417
2347
2379
2403
2427
2422
2383
2370
2377
2419
2426
2404
2381
2396
2412
2403
2337
2356
2450
2433
2337
2397
2441
2360
2344
2433
2413
2349
2383
2429
2389
2414
2443
2411
2404
2454
2459
2377
2381
2447
2455
2379
2368
2403
2404
2424
2444
2432
2397
2401
2405
2409
2399
2388
2400
2415
2400
2392
2415
2440
2404
2376
2388
2400
2408
2383
2364
2425
2447
2374
2421
2464
2339
2348
2447
2409
2405
2398
2354
2454
2475
2394
2396
2442
2429
2433
2425
2365
2389
2435
2425
2453
2410
2348
2420
2469
2393
2404
2438
2364
2332
2381
2399
2418
2385
2345
2396
2442
2383
2366
2423
2458
2417
2376
2408
2441
2419
2373
2393
2453
2394
2360
2436
2431
2362
2406
2408
2385
2437
2382
2331
2422
2437
2362
2364
2405
2410
2406
2362
2415
2470
2364
2367
2471
2401
2351
2410
2428
2401
2426
2428
2408
2385
2433
2413
2385
2405
2393
2359
2407
2412
2391
2405
2380
2348
2405
2389
2375
2414
2387
2348
2400
2421
2417
2406
2389
2421
2431
2415
2434
2430
2378
2406
2433
2405
2407
2415
2389
2395
2417
2352
2377
2467
2420
2417
2450
2384
2386
2397
2335
2346
2383
2396
2442
2464
2400
2368
2431
2444
2400
2413
2401
2363
2402
2386
2374
2471
2423
2317
2454
2480
2312
2411
2484
2338
2393
2465
2375
2354
2414
2398
2388
2392
2390
2430
2403
2348
2389
2415
2376
2362
2396
2346
2364
2439
2381
2344
2406
2390
2366
2416
2400
2383
2405
2371
2398
2434
2442
2440
2405
2407
2426
2394
2365
2362
2424
2436
2400
2405
2398
2383
2409
2396
2384
2385
2377
2413
2458
2361
2362
2441
2367
2348
2484
2480
2374
2377
2446
2421
2364
2379
2394
2390
2386
2368
2385
2411
2401
2412
2402
2343
2386
2449
2419
2372
2398
2441
2431
2376
2378
2408
2392
2400
2407
2398
2428
2410
2350
2428
2469
2336
2356
2498
2441
2350
2404
2395
2392
2439
2380
2366
2457
2425
2365
2415
2374
2338
2399
2417
2375
2374
2446
2434
2350
2402
2506
2394
2342
2424
2417
2404
2431
2389
2356
2385
2419
2391
2377
2417
2358
2333
2400
2395
2370
2396
2387
2377
2399
2395
2399
2415
2367
2342
2400
2433
2405
2348
2375
2426
2404
2399
2378
2361
2410
2436
2390
2378
2411
2419
2406
2371
2346
2384
2390
2407
2451
2422
2406
2407
2349
2380
2420
2334
2378
2444
2400
2388
2407
2398
2436
2434
2386
2426
2450
2368
2370
2400
2374
2386
2412
2371
2382
2388
2360
2403
2432
2409
2400
2390
2412
2417
2432
2442
2415
2382
2419
2431
2382
2363
2427
2429
2376
2396
2423
2377
2370
2407
2384
2368
2339
2348
2414
2400
2354
2379
2384
2349
2374
2411
2398
2387
2363
2396
2468
2422
2349
2371
2402
2395
2409
2365
2374
2426
2357
2375
2437
2394
2398
2440
2403
2406
2456
2402
2376
2463
2432
2317
2380
2446
2341
2321
2417
2437
2399
2397
2375
2366
2435
2449
2411
2403
2420
2421
2440
2438
2392
2387
2407
2432
2401
2375
2411
2403
2392
2413
2427
2434
2413
2399
2443
2431
2368
2398
2439
2377
2401
2453
2405
2366
2401
2423
2357
2339
2402
2408
2395
2410
2393
2368
2398
2434
2408
2414
2424
2399
2398
2400
2409
2404
2368
2349
2419
2431
2375
2424
2453
2382
2389
2405
2384
2425
2451
2386
2410
2441
2380
2385
2403
2363
2429
2429
2386
2420
2422
2395
2436
2348
2399
2499
2329
2305
2455
2418
2368
2401
2401
2404
2432
2383
2373
2407
2411
2379
2402
2463
2423
2386
2476
2442
2333
2398
2460
2360
2338
2428
2443
2400
2448
2482
2437
2391
2399
2427
2386
2365
2399
2423
2405
2344
2359
2440
2427
2373
2429
2463
2396
2379
2419
2429
2416
2382
2373
2383
2393
2407
2429
2399
2382
2427
2437
2387
2432
2401
2334
2431
2449
2320
2391
2512
2409
2354
2453
2429
2370
2405
2398
2401
2415
2344
2354
2430
2408
2360
2386
2428
2459
2413
2391
2414
2410
2377
2402
2406
2410
2425
2429
2435
2372
2372
2416
2370
2374
2366
2348
2440
2467
2352
2378
2484
2439
2387
2433
2422
2395
2393
2382
2410
2416
2384
2381
2390
2412
2396
2367
2390
2429
2398
2349
2370
2412
2378
2360
2401
2389
2389
2401
2390
2383
2417
2389
2354
2456
2441
2328
2392
2439
2356
2404
2417
2347
2379
2398
2376
2409
2400
2372
2386
2386
2424
2414
2369
2449
2442
2361
2409
2458
2402
2375
2413
2420
2403
2420
2409
2411
2399
2383
2398
2433
2380
2368
2429
2438
2404
2375
2407
2463
2444
2388
2374
2444
2435
2373
2414
2438
2342
2389
2445
2357
2386
2403
2341
2432
2439
2377
2457
2404
2348
2460
2380
2315
2455
2436
2350
2368
2356
2392
2435
2389
2421
2439
2383
2375
2395
2425
2452
2446
2354
2346
2434
2411
2351
2390
2458
2445
2391
2395
2423
2362
2326
2380
2401
2425
2431
2397
2453
2489
2408
2370
2411
2404
2371
2410
2458
2445
2384
2407
2475
2414
2395
2457
2374
2339
2415
2441
2430
2426
2378
2410
2447
2405
2407
2437
2379
2325
2397
2428
2366
2378
2406
2371
2410
2444
2361
2393
2445
2390
2392
2428
2387
2374
2411
2382
2358
2421
2383
2310
2357
2408
2374
2403
2424
2377
2401
2433
2436
2468
2411
2371
2436
2439
2376
2424
2473
2397
2391
2463
2425
2408
2406
2333
2360
2446
2368
2370
2464
2427
2375
2375
2431
2430
2343
2351
2440
2422
2349
2403
2419
2389
2391
2367
2406
2449
2342
2339
2406
2389
2395
2404
2344
2368
2399
2370
2387
2395
2345
2396
2440
2386
2388
2397
2389
2412
2395
2362
2392
2413
2411
2417
2393
2386
2371
2393
2433
2432
2447
2401
2386
2413
2376
2373
2443
2406
2358
2406
2441
2416
2398
2392
2396
2390
2394
2407
2376
2374
2409
2402
2397
2397
2398
2423
2400
2337
2393
2464
2413
2404
2418
2389
2385
2390
2406
2426
2382
2403
2428
2368
2357
2435
2426
2389
2427
2402
2354
2411
2439
2426
2414
2426
2416
2371
2373
2425
2418
2405
2411
2395
2392
2408
2396
2400
2415
2383
2352
2426
2466
2406
2394
2447
2425
2386
2406
2402
2380
2394
2404
2417
2441
2390
2379
2455
2428
2335
2406
2474
2373
2376
2431
2416
2417
2402
2385
2401
2399
2409
2418
2384
2390
2400
2428
2442
2407
2391
2370
2396
2415
2385
2430
2420
2399
2443
2422
2388
2399
2391
2401
2425
2400
2364
2402
2420
2401
2372
2400
2413
2377
2407
2401
2397
2439
2409
2360
2424
2471
2429
2397
2418
2455
2409
2339
2398
2458
2397
2370
2425
2404
2380
2408
2390
2398
2474
2402
2354
2437
2407
2341
2376
2387
2380
2394
2394
2380
2390
2432
2459
2416
2365
2387
2398
2393
2387
2375
2357
2373
2448
2415
2388
2418
2416
2462
2434
2365
2399
2406
2359
2421
2423
2365
2421
2430
2360
2392
2420
2399
2404
2366
2374
2418
2404
2391
2425
2441
2417
2417
2426
2408
2389
2389
2427
2381
2346
2404
2410
2338
2345
2412
2434
2401
2392
2389
2394
2421
2406
2370
2382
2386
2383
2414
2447
2384
2382
2408
2383
2392
2438
2437
2385
2381
2446
2430
2358
2374
2422
2423
2432
2433
2396
2379
2406
2389
2406
2427
2394
2376
2383
2388
2412
2449
2372
2348
2441
2417
2361
2432
2427
2377
2411
2403
2339
2372
2441
2398
2367
2422
2412
2387
2442
2380
2390
2470
2431
2384
2400
2423
2436
2377
2385
2420
2400
2388
2414
2447
2443
2404
2372
2376
2418
2392
2381
2425
2390
2389
2435
2393
2348
2418
2466
2435
2442
2426
2378
2393
2449
2417
2362
2365
2375
2408
2432
2411
2414
2421
2401
2403
2388
2413
2436
2386
2393
2423
2359
2324
2428
2420
2328
2367
2396
2399
2414
2382
2352
2350
2420
2453
2354
2383
2453
2373
2373
2460
2428
2372
2394
2355
2389
2460
2400
2373
2352
2336
2444
2435
2336
2385
2435
2378
2430
2441
2392
2425
2435
2406
2406
2418
2386
2345
2352
2409
2419
2364
2341
2393
2396
2358
2433
2472
2373
2349
2451
2431
2377
2386
2412
2427
2379
2377
2410
2383
2372
2394
2421
2420
2422
2375
2389
2461
2395
2340
2426
2411
2362
2417
2449
2391
2407
2428
2415
2395
2369
2348
2381
2413
2360
2344
2395
2385
2398
2475
2446
2350
2399
2413
2344
2379
2411
2377
2373
2418
2424
2417
2452
2407
2366
2416
2388
2319
2423
2453
2377
2376
2381
2379
2413
2401
2359
2389
2428
2379
2409
2464
2396
2328
2420
2442
2398
2408
2408
2416
2391
2355
2406
2423
2376
2379
2401
2409
2399
2402
2430
2413
2366
2395
2421
2440
2429
2368
2348
2394
2423
2417
2436
2450
2413
2377
2377
2419
2448
2397
2352
2382
2409
2386
2368
2388
2393
2380
2381
2417
2469
2419
2394
2437
2428
2371
2384
2449
2379
2340
2425
2390
2370
2441
2399
2343
2454
2459
2349
2380
2430
2379
2365
2391
2370
2365
2402
2428
2428
2479
2432
2348
2404
2418
2385
2412
2417
2375
2414
2446
2388
2374
2419
2429
2402
2367
2405
2409
2362
2363
2383
2357
2373
2413
2389
2356
2380
2404
2419
2403
2396
2402
2402
2410
2391
2364
2373
2425
2426
2351
2358
2407
2358
2349
2460
2425
2386
2486
2426
2310
2377
2430
2409
2410
2415
2376
2420
2383
2357
2413
2392
2332
2397
2391
2322
2411
2467
2398
2377
2394
2421
2420
2389
2426
2440
2369
2380
2483
2439
2369
2462
2444
2360
2430
2441
2344
2399
2432
2412
2416
2407
2417
2386
2310
2382
2429
2362
2393
2430
2409
2382
2396
2406
2414
2418
2392
2415
2427
2371
2380
2417
2366
2362
2462
2427
2367
2412
2354
2314
2406
2417
2378
2434
2435
2386
2375
2396
2390
2405
2380
2368
2434
2438
2399
2439
2442
2395
2418
2425
2401
2412
2402
2412
2429
2373
2389
2476
2420
2386
2469
2408
2361
2466
2422
2362
2420
2408
2366
2444
2434
2392
2405
2380
2364
2409
2377
2405
2442
2359
2405
2440
2345
2424
2474
2393
2400
2459
2412
2398
2405
2367
2392
2429
2391
2420
2429
2378
2388
2409
2368
2382
2404
2425
2409
2366
2426
2447
2346
2388
2468
2392
2368
2414
2397
2405
2429
2447
2435
2393
2366
2399
2429
2421
2386
2402
2413
2439
2426
2380
2387
2384
2372
2410
2372
2348
2388
2401
2414
2419
2370
2361
2387
2387
2413
2428
2358
2352
2446
2436
2372
2412
2384
2326
2391
2461
2415
2386
2392
2395
2408
2403
2394
2357
2355
2400
2393
2409
2416
2380
2422
2449
2405
2415
2411
2366
2371
2424
2416
2381
2390
2415
2399
2344
2387
2461
2409
2335
2368
2453
2427
2390
2402
2419
2402
2391
2381
2372
2394
2404
2383
2373
2400
2411
2351
2368
2435
2404
2368
2392
2411
2444
2414
2338
2379
2486
2453
2374
2399
2416
2383
2381
2369
2418
2458
2384
2366
2400
2339
2360
2458
2433
2422
2443
2411
2440
2401
2374
2449
2448
2384
2405
2434
2399
2411
2442
2402
2397
2400
2386
2446
2452
2337
2342
2430
2392
2380
2426
2391
2357
2385
2403
2430
2427
2414
2409
2396
2416
2398
2371
2413
2423
2387
2375
2423
2403
2359
2422
2430
2431
2429
2378
2412
2434
2349
2362
2450
2389
2320
2394
2450
2407
2394
2413
2397
2382
2376
2389
2410
2384
2360
2396
2392
2370
2395
2374
2409
2457
2370
2387
2464
2382
2339
2411
2395
2396
2446
2371
2391
2480
2414
2400
2449
2386
2356
2435
2421
2379
2389
2401
2394
2408
2432
2446
2390
2350
2412
2447
2379
2342
2411
2448
2381
2393
2424
2389
2340
2359
2434
2435
2375
2405
2392
2368
2443
2421
2356
2427
2406
2389
2419
2382
2397
2427
2353
2383
2472
2435
2410
2420
2409
2443
2418
2408
2426
2386
2385
2424
2407
2369
2369
2370
2374
2370
2373
2444
2438
2378
2409
2417
2388
2404
2418
2394
2368
2376
2374
2408
2400
2393
2420
2378
2339
2381
2443
2441
2365
2375
2411
2379
2341
2403
2424
2326
2354
2440
2402
2394
2444
2399
2317
2390
2417
2379
2437
2426
2380
2451
2466
2348
2347
2461
2391
2310
2396
2439
2360
2365
2437
2434
2387
2371
2354
2399
2417
2406
2394
2402
2428
2390
2398
2452
2436
2396
2368
2399
2425
2389
2367
2384
2371
2383
2435
2403
2398
2423
2364
2381
2418
2364
2363
2396
2399
2387
2370
2406
2440
2356
2336
2428
2441
2373
2389
2451
2402
2381
2434
2397
2385
2401
2386
2395
2393
2380
2404
2433
2386
2348
2417
2422
2349
2369
2418
2389
2383
2419
2403
2381
2382
2404
2424
2390
2404
2459
2415
2387
2418
2436
2383
2407
2443
2401
2378
2396
2426
2441
2367
2376
2424
2384
2358
2373
2390
2398
2401
2434
2438
2381
2417
2488
2423
2411
2433
2359
2390
2449
2371
2352
2388
2387
2366
2367
2348
2373
2445
2426
2356
2383
2427
2397
2353
2378
2433
2454
2409
2401
2443
2402
2386
2446
2398
2326
2400
2426
2364
2406
2419
2361
2424
2455
2358
2365
2457
2427
2345
2356
2416
2430
2411
2440
2434
2356
2349
2435
2456
2428
2414
2402
2392
2396
2419
2424
2417
2409
2415
2400
2348
2380
2433
2399
2350
2404
2424
2358
2380
2399
2386
2405
2453
2450
2399
2418
2394
2414
2463
2405
2378
2409
2414
2388
2384
2435
2412
2361
2380
2426
2406
2343
2371
2432
2371
2342
2419
2403
2325
2403
2425
2336
2372
2421
2395
2445
2500
2411
2367
2413
2426
2406
2420
2448
2418
2380
2399
2395
2387
2442
2381
2330
2440
2456
2412
2445
2433
2376
2408
2450
2396
2357
2380
2412
2401
2410
2419
2386
2361
2370
2419
2444
2377
2386
2462
2427
2364
2406
2433
2389
2375
2412
2423
2382
2368
2403
2436
2396
2348
2420
2433
2368
2418
2453
2389
2402
2431
2398
2437
2441
2390
2413
2389
2358
2437
2449
2379
2404
2429
2356
2369
2463
2439
2367
2380
2437
2410
2391
2396
2450
2475
2365
2341
2428
2404
2353
2400
2436
2399
2359
2396
2426
2364
2365
2420
2423
2399
2407
2386
2394
2424
2414
2387
2404
2398
2402
2403
2367
2367
2418
2390
2369
2409
2430
2398
2390
2418
2393
2363
2433
2462
2411
2406
2423
2382
2409
2462
2383
2343
2411
2413
2401
2424
2396
2367
2394
2401
2387
2364
2368
2411
2416
2376
2388
2379
2367
2428
2426
2337
2380
2453
2404
2402
2428
2394
2373
2368
2388
2421
2423
2379
2373
2433
2402
2349
2414
2437
2404
2374
2350
2401
2434
2371
2370
2439
2417
2390
2435
2487
2445
2362
2376
2427
2412
2413
2433
2431
2416
2388
2407
2440
2409
2369
2399
2430
2379
2357
2396
2382
2367
2380
2409
2411
2384
2417
2451
2375
2359
2398
2402
2395
2395
2381
2431
2419
2345
2412
2457
2382
2428
2420
2305
2347
2437
2449
2420
2371
2393
2390
2368
2407
2404
2357
2360
2405
2450
2430
2399
2437
2451
2347
2363
2433
2369
2357
2462
2447
2367
2390
2420
2400
2415
2432
2421
2410
2362
2338
2414
2435
2392
2401
2421
2411
2443
2436
2399
2409
2423
2400
2363
2367
2426
2436
2358
2344
2422
2433
2404
2420
2454
2427
2362
2386
2436
2400
2417
2443
2387
2414
2462
2405
2376
2434
2447
2365
2384
2462
2441
2417
2455
2446
2406
2360
2365
2432
2422
2351
2365
2365
2377
2420
2431
2380
2385
2447
2398
2360
2432
2435
2408
2402
2388
2415
2435
2405
2404
2367
2350
2405
2425
2402
2402
2412
2420
2411
2402
2385
2375
2397
2393
2384
2418
2450
2413
2383
2390
2396
2420
2381
2359
2422
2418
2382
2367
2398
2450
2419
2400
2444
2424
2386
2432
2424
2385
2386
2349
2377
2433
2396
2388
2433
2450
2396
2355
2423
2419
2356
2418
2420
2352
2388
2388
2381
2462
2446
2362
2367
2401
2391
2396
2373
2344
2427
2442
2372
2389
2405
2381
2362
2415
2422
2344
2361
2420
2379
2374
2428
2441
2414
2383
2388
2458
2386
2291
2433
2512
2373
2374
2483
2446
2390
2405
2417
2435
2444
2387
2363
2411
2393
2409
2438
2363
2323
2362
2417
2447
2427
2369
2370
2389
2357
2373
2395
2372
2389
2386
2365
2424
2446
2406
2433
2407
2322
2389
2433
2403
2415
2427
2399
2386
2336
2332
2414
2458
2415
2376
2398
2425
2385
2344
2401
2433
2339
2352
2477
2429
2367
2424
2393
2362
2408
2434
2413
2389
2369
2385
2409
2422
2451
2406
2353
2420
2433
2356
2330
2389
2402
2339
2367
2438
2353
2362
2475
2385
2366
2501
2436
2341
2373
2412
2429
2407
2375
2395
2417
2379
2372
2434
2418
2373
2450
2419
2334
2453
2458
2329
2396
2451
2374
2375
2381
2347
2401
2401
2364
2431
2439
2372
2392
2447
2369
2348
2438
2430
2381
2403
2413
2403
2416
2418
2407
2411
2403
2417
2408
2371
2385
2399
2396
2416
2432
2391
2395
2401
2358
2407
2427
2360
2405
2447
2371
2435
2487
2361
2392
2468
2406
2393
2383
2380
2434
2394
2346
2446
2429
2312
2408
2476
2347
2374
2411
2361
2394
2405
2361
2417
2426
2380
2386
2399
2402
2442
2447
2379
2382
2437
2389
2377
2452
2437
2372
2382
2406
2416
2396
2390
2413
2436
2372
2388
2435
2417
2394
2391
2386
2406
2436
2413
2381
2397
2371
2393
2433
2390
2363
2421
2409
2408
2455
2398
2361
2443
2430
2386
2407
2364
2390
2466
2401
2374
2413
2440
2409
2387
2398
2373
2374
2408
2421
2393
2355
2348
2376
2379
2400
2406
2344
2368
2447
2439
2352
2341
2451
2446
2363
2415
2399
2377
2445
2396
2375
2459
2417
2368
2409
2416
2393
2404
2400
2431
2423
2357
2371
2430
2405
2408
2374
2398
2445
2361
2358
2460
2371
2321
2425
2414
2334
2381
2446
2426
2410
2406
2422
2404
2371
2405
2426
2399
2360
2358
2417
2420
2348
2390
2466
2381
2391
2503
2396
2318
2453
2447
2315
2435
2456
2349
2402
2447
2372
2379
2431
2403
2384
2410
2399
2396
2383
2389
2440
2405
2327
2386
2433
2383
2412
2465
2369
2344
2419
2437
2431
2407
2406
2415
2383
2387
2407
2413
2389
2354
2415
2444
2387
2371
2421
2434
2405
2435
2469
2384
2334
2374
2376
2379
2419
2404
2417
2423
2412
2407
2391
2407
2373
2386
2485
2424
2323
2366
2408
2371
2371
2408
2404
2385
2385
2400
2396
2372
2377
2398
2422
2402
2410
2424
2395
2406
2396
2412
2463
2399
2336
2455
2454
2341
2388
2432
2372
2398
2444
2397
2389
2398
2392
2419
2462
2423
2366
2419
2453
2412
2409
2472
2459
2395
2407
2430
2418
2422
2412
2390
2389
2392
2398
2417
2368
2367
2416
2391
2377
2401
2370
2401
2438
2382
2345
2402
2420
2382
2405
2451
2441
2375
2406
2459
2387
2380
2421
2403
2411
2434
2442
2426
2385
2354
2382
2433
2387
2350
2393
2379
2390
2406
2339
2376
2487
2416
2359
2435
2433
2397
2415
2386
2348
2376
2405
2410
2413
2417
2365
2392
2412
2398
2415
2390
2384
2398
2376
2413
2459
2407
2391
2432
2371
2388
2435
2335
2350
2444
2427
2413
2396
2383
2430
2395
2326
2390
2417
2373
2394
2422
2390
2386
2390
2397
2440
2435
2378
2383
2406
2385
2371
2403
2434
2433
2379
2352
2405
2401
2357
2410
2408
2334
2387
2438
2358
2347
2389
2444
2433
2356
2358
2468
2439
2360
2382
2471
2424
2356
2439
2461
2396
2395
2411
2374
2367
2413
2420
2409
2422
2397
2373
2409
2413
2402
2431
2398
2382
2429
2430
2388
2399
2419
2428
2415
2376
2382
2357
2364
2404
2417
2423
2394
2349
2400
2450
2433
2420
2386
2393
2436
2397
2368
2402
2416
2426
2440
2465
2416
2353
2403
2455
2407
2405
2403
2367
2417
2437
2374
2380
2446
2416
2368
2359
2395
2427
2425
2408
2427
2434
2387
2385
2436
2399
2370
2418
2424
2366
2389
2426
2401
2390
2440
2397
2348
2380
2382
2404
2402
2359
2403
2398
2392
2449
2414
2385
2466
2408
2319
2416
2435
2395
2394
2310
2346
2462
2375
2306
2450
2462
2333
2367
2423
2389
2384
2380
2381
2418
2387
2372
2439
2416
2360
2399
2389
2378
2410
2402
2383
2391
2391
2390
2416
2416
2376
2377
2409
2426
2395
2377
2405
2396
2380
2417
2460
2408
2368
2430
2430
2364
2397
2448
2399
2399
2416
2374
2392
2394
2363
2412
2477
2395
2377
2475
2407
2333
2365
2394
2397
2404
2398
2405
2394
2355
2378
2419
2425
2394
2365
2407
2423
2416
2425
2380
2358
2395
2399
2376
2387
2394
2411
2392
2375
2451
2457
2383
2389
2400
2392
2379
2395
2382
2390
2404
2386
2388
2412
2432
2435
2431
2421
2367
2339
2410
2451
2371
2356
2400
2451
2457
2390
2388
2423
2379
2376
2423
2401
2363
2410
2410
2407
2433
2429
2399
2382
2418
2427
2409
2404
2411
2417
2371
2374
2416
2420
2408
2417
2431
2422
2397
2412
2363
2353
2415
2433
2387
2396
2419
2386
2381
2399
2430
2411
2357
2378
2410
2404
2371
2365
2413
2413
2361
2377
2433
2384
2373
2451
2421
2366
2396
2436
2403
2377
2411
2418
2391
2402
2386
2373
2415
2424
2348
2393
2493
2383
2279
2363
2427
2395
2361
2388
2444
2436
2369
2413
2426
2400
2389
2381
2421
2432
2369
2381
2401
2353
2386
2437
2348
2381
2453
2425
2434
2447
2370
2377
2428
2407
2379
2420
2390
2334
2397
2423
2352
2376
2434
2420
2392
2398
2410
2389
2375
2380
2366
2369
2371
2385
2365
2389
2443
2372
2366
2446
2418
2362
2398
2412
2348
2364
2419
2392
2371
2389
2397
2408
2381
2402
2457
2397
2316
2401
2430
2379
2387
2402
2413
2396
2360
2405
2413
2377
2420
2448
2399
2419
2447
2425
2430
2415
2394
2369
2392
2450
2394
2399
2424
2377
2384
2402
2384
2378
2381
2391
2395
2429
2440
2410
2399
2408
2390
2356
2382
2419
2385
2377
2392
2377
2361
2372
2420
2428
2343
2332
2408
2447
2420
2358
2339
2426
2429
2397
2442
2409
2349
2399
2456
2406
2352
2394
2448
2428
2360
2345
2387
2378
2363
2413
2438
2408
2394
2401
2413
2415
2401
2380
2406
2420
2403
2419
2408
2399
2386
2353
2358
2404
2388
2355
2366
2406
2429
2428
2426
2442
2430
2392
2380
2431
2419
2347
2380
2445
2382
2371
2414
2378
2391
2432
2343
2345
2417
2397
2383
2420
2396
2366
2409
2394
2364
2421
2436
2392
2414
2420
2371
2409
2411
2377
2416
2471
2394
2370
2429
2471
2382
2348
2442
2430
2356
2428
2488
2388
2367
2466
2439
2381
2408
2386
2386
2450
2393
2349
2426
2437
2409
2386
2370
2402
2435
2460
2403
2343
2382
2462
2373
2307
2433
2414
2311
2404
2465
2392
2396
2440
2374
2385
2452
2386
2369
2446
2411
2361
2429
2417
2336
2418
2442
2362
2383
2433
2410
2384
2344
2389
2482
2437
2356
2384
2405
2385
2364
2367
2376
2394
2431
2458
2412
2387
2447
2447
2391
2435
2451
2363
2342
2417
2410
2344
2368
2443
2420
2407
2420
2394
2366
2385
2412
2392
2382
2431
2436
2371
2377
2448
2389
2333
2407
2481
2418
2381
2440
2416
2387
2437
2427
2371
2381
2418
2434
2405
2355
2420
2482
2400
2365
2413
2347
2366
2430
2381
2383
2391
2336
2428
2448
2338
2405
2476
2372
2376
2413
2372
2398
2442
2385
2395
2436
2386
2349
2390
2388
2391
2416
2392
2387
2426
2374
2349
2362
2393
2385
2352
2407
2432
2391
2425
2438
2425
2415
2395
2370
2373
2380
2407
2424
2401
2375
2398
2384
2379
2419
2403
2344
2434
2469
2386
2405
2420
2383
2394
2421
2427
2401
2422
2471
2461
2392
2425
2381
2346
2425
2421
2386
2410
2381
2386
2417
2398
2410
2415
2380
2360
2366
2398
2418
2435
2428
2349
2341
2446
2397
2340
2450
2438
2380
2413
2380
2399
2439
2388
2377
2429
2417
2378
2404
2446
2382
2390
2431
2352
2358
2439
2416
2389
2395
2399
2397
2397
2409
2432
2391
2383
2426
2418
2362
2375
2402
2370
2385
2394
2352
2387
2384
2358
2426
2441
2369
2418
2447
2377
2393
2428
2346
2329
2425
2438
2366
2419
2433
2371
2358
2407
2417
2386
2361
2388
2421
2400
2376
2408
2440
2440
2391
2401
2391
2386
2406
2392
2373
2398
2411
2405
2422
2391
2372
2407
2338
2314
2399
2398
2382
2420
2395
2389
2423
2440
2406
2402
2385
2385
2378
2391
2435
2438
2376
2399
2424
2397
2416
2421
2397
2415
2385
2379
2414
2386
2357
2397
2402
2348
2380
2432
2389
2374
2378
2403
2432
2404
2388
2398
2388
2408
2411
2382
2364
2429
2408
2361
2427
2449
2396
2405
2421
2399
2379
2383
2411
2438
2394
2366
2403
2385
2349
2416
2415
2404
2421
2402
2381
2418
2382
2379
2417
2377
2357
2442
2418
2323
2359
2419
2398
2404
2430
2449
2365
2354
2441
2390
2319
2424
2460
2372
2407
2466
2422
2410
2368
2367
2432
2435
2385
2405
2450
2416
2355
2398
2435
2374
2364
2417
2401
2390
2386
2385
2416
2366
2346
2418
2402
2383
2454
2445
2392
2391
2409
2422
2378
2366
2399
2406
2391
2420
2452
2404
2363
2419
2422
2357
2383
2420
2373
2371
2409
2392
2378
2386
2363
2353
2367
2378
2376
2418
2406
2360
2368
2399
2391
2400
2384
2403
2460
2442
2404
2394
2355
2404
2441
2362
2376
2448
2372
2366
2445
2427
2424
2465
2411
2356
2388
2374
2354
2450
2433
2337
2368
2425
2398
2402
2421
2424
2414
2407
2419
2419
2385
2399
2397
2367
2368
2416
2401
2391
2403
2376
2390
2450
2417
2373
2387
2410
2396
2401
2442
2456
2395
2356
2396
2414
2420
2414
2385
2385
2391
2390
2434
2436
2401
2417
2401
2362
2386
2420
2419
2426
2439
2403
2370
2397
2431
2416
2394
2413
2445
2415
2388
2433
2416
2373
2429
2426
2367
2367
2402
2411
2385
2403
2435
2380
2357
2426
2427
2371
2407
2440
2395
2416
2452
2426
2376
2394
2383
2370
2455
2442
2329
2427
2527
2356
2320
2480
2390
2311
2434
2484
2412
2392
2433
2419
2385
2455
2449
2383
2400
2438
2429
2435
2398
2374
2396
2425
2431
2405
2365
2387
2428
2443
2414
2367
2395
2403
2368
2441
2429
2361
2416
2388
2310
2377
2459
2408
2391
2420
2396
2373
2406
2451
2461
2402
2384
2399
2394
2394
2394
2383
2393
2431
2406
2372
2388
2427
2419
2375
2360
2380
2446
2396
2357
2423
2403
2374
2390
2422
2411
2368
2379
2408
2410
2431
2422
2393
2370
2396
2410
2350
2349
2414
2414
2401
2364
2368
2480
2456
2362
2414
2427
2400
2411
2412
2360
2360
2418
2397
2351
2406
2457
2409
2389
2453
2439
2410
2416
2397
2402
2388
2374
2455
2438
2368
2406
2457
2368
2337
2425
2445
2442
2408
2347
2415
2433
2342
2369
2460
2425
2365
2372
2417
2412
2366
2390
2421
2376
2401
2443
2405
2419
2459
2407
2378
2377
2352
2405
2418
2401
2447
2416
2365
2427
2428
2359
2407
2426
2387
2468
2451
2364
2404
2393
2362
2441
2429
2382
2429
2410
2378
2383
2387
2419
2410
2355
2396
2454
2395
2365
2438
2424
2360
2388
2449
2407
2356
2398
2390
2356
2399
2423
2392
2362
2378
2380
2398
2424
2404
2399
2405
2368
2408
2430
2409
2421
2409
2387
2370
2381
2439
2414
2380
2382
2381
2374
2396
2414
2402
2398
2355
2371
2427
2417
2384
2399
2448
2391
2371
2430
2427
2375
2370
2435
2425
2387
2407
2378
2392
2401
2406
2417
2415
2420
2399
2383
2431
2434
2351
2346
2445
2453
2389
2386
2440
2436
2406
2383
2392
2426
2411
2337
2369
2436
2373
2344
2416
2397
2355
2363
2410
2423
2384
2397
2459
2421
2348
2378
2403
2390
2415
2427
2384
2399
2432
2347
2349
2450
2411
2340
2360
2394
2398
2400
2379
2361
2460
2460
2359
2408
2463
2347
2329
2425
2440
2413
2445
2382
2346
2368
2364
2383
2409
2393
2373
2416
2427
2375
2373
2414
2407
2393
2415
2385
2371
2357
2335
2403
2408
2377
2419
2414
2404
2435
2388
2358
2409
2403
2362
2385
2413
2433
2417
2382
2409
2396
2383
2384
2368
2380
2443
2434
2381
2396
2415
2372
2408
2419
2366
2359
2390
2407
2405
2403
2445
2429
2372
2403
2448
2353
2324
2424
2424
2384
2394
2397
2419
2394
2390
2398
2389
2408
2417
2386
2404
2409
2401
2413
2421
2399
2401
2424
2405
2398
2423
2427
2393
2390
2416
2396
2362
2393
2392
2333
2379
2434
2392
2387
2411
2417
2396
2372
2394
2423
2393
2410
2449
2389
2354
2378
2363
2394
2426
2403
2408
2391
2356
2370
2407
2408
2392
2381
2383
2424
2447
2378
2356
2413
2438
2367
2355
2396
2387
2349
2383
2430
2414
2394
2385
2383
2417
2415
2408
2397
2395
2397
2380
2370
2390
2384
2369
2410
2394
2403
2431
2377
2382
2454
2439
2371
2401
2439
2416
2383
2384
2389
2365
2390
2473
2436
2353
2418
2459
2352
2386
2440
2353
2320
2436
2405
2319
2437
2434
2331
2397
2447
2400
2390
2381
2404
2457
2392
2357
2406
2379
2363
2380
2383
2381
2393
2417
2425
2392
2391
2403
2392
2420
2385
2355
2395
2436
2369
2321
2379
2409
2378
2364
2398
2388
2374
2425
2420
2361
2382
2417
2377
2400
2403
2392
2417
2419
2380
2395
2419
2412
2400
2392
2407
2434
2436
2389
2361
2422
2448
2376
2382
2450
2422
2358
2362
2380
2380
2394
2399
2399
2437
2392
2388
2459
2424
2348
2385
2419
2416
2406
2396
2421
2443
2394
2412
2414
2380
2446
2470
2384
2398
2466
2399
2376
2396
2377
2382
2385
2394
2442
2407
2360
2397
2393
2373
2405
2406
2379
2370
2385
2371
2379
2405
2405
2398
2403
2395
2397
2424
2418
2391
2363
2384
2453
2430
2336
2354
2430
2371
2322
2397
2436
2356
2367
2402
2451
2432
2349
2413
2476
2361
2380
2447
2412
2361
2369
2380
2418
2431
2383
2385
2404
2359
2362
2402
2415
2407
2407
2395
2394
2401
2405
2406
2364
2381
2450
2380
2363
2440
2432
2417
2405
2353
2350
2402
2384
2339
2397
2422
2388
2376
2422
2452
2418
2385
2410
2404
2351
2408
2433
2380
2432
2394
2328
2420
2449
2380
2409
2440
2447
2440
2401
2388
2405
2391
2378
2387
2421
2432
2356
2371
2450
2385
2368
2415
2371
2362
2398
2358
2362
2449
2420
2373
2417
2395
2373
2421
2384
2340
2397
2396
2399
2441
2391
2369
2422
2389
2368
2414
2430
2374
2365
2415
2395
2351
2357
2419
2438
2345
2346
2407
2434
2405
2368
2396
2432
2426
2391
2408
2432
2429
2410
2326
2347
2412
2423
2448
2397
2334
2432
2456
2353
2371
2430
2407
2389
2378
2373
2398
2350
2370
2483
2394
2303
2418
2440
2397
2400
2417
2412
2375
2363
2394
2408
2377
2401
2376
2372
2445
2423
2363
2419
2432
2378
2386
2428
2424
2384
2382
2437
2435
2409
2400
2400
2413
2383
2353
2430
2455
2350
2359
2434
2404
2400
2404
2313
2340
2427
2374
2328
2402
2427
2371
2414
2403
2358
2442
2453
2366
2384
2418
2384
2387
2405
2393
2394
2355
2412
2435
2334
2370
2426
2381
2390
2429
2435
2416
2388
2400
2414
2398
2404
2420
2392
2387
2426
2425
2386
2379
2409
2409
2421
2389
2352
2395
2416
2378
2367
2410
2418
2376
2356
2404
2465
2419
2389
2434
2388
2329
2385
2406
2370
2392
2448
2437
2407
2399
2376
2374
2417
2397
2364
2410
2436
2376
2387
2454
2415
2334
2384
2488
2416
2351
2407
2409
2418
2423
2361
2371
2431
2391
2384
2432
2424
2389
2419
2413
2353
2346
2376
2389
2383
2392
2386
2418
2426
2362
2407
2438
2362
2365
2447
2418
2345
2396
2454
2424
2413
2423
2389
2431
2467
2366
2394
2457
2410
2427
2440
2401
2444
2429
2371
2388
2409
2393
2392
2390
2413
2426
2400
2392
2426
2407
2367
2382
2404
2374
2421
2473
2392
2403
2480
2398
2352
2441
2426
2369
2438
2402
2384
2449
2383
2397
2508
2391
2325
2440
2435
2338
2399
2431
2384
2379
2419
2395
2380
2417
2460
2419
2376
2389
2425
2442
2451
2435
2387
2361
2428
2437
2378
2368
2398
2410
2410
2405
2387
2373
2333
2400
2487
2449
2390
2384
2404
2401
2392
2392
2417
2409
2377
2388
2400
2379
2371
2413
2396
2364
2432
2393
2358
2387
2406
2467
2404
2318
2398
2426
2346
2374
2459
2424
2353
2394
2451
2422
2401
2382
2377
2400
2371
2374
2421
2387
2332
2409
2449
2380
2396
2426
2439
2395
2386
2423
2399
2372
2370
2388
2415
2419
2442
2433
2424
2389
2396
2393
2381
2405
2402
2362
2389
2433
2411
2355
2382
2446
2430
2355
2381
2429
2427
2398
2396
2406
2386
2399
2437
2404
2373
2386
2405
2405
2379
2372
2433
2410
2352
2389
2440
2381
2389
2461
2398
2389
2449
2379
2368
2437
2416
2374
2388
2392
2415
2420
2415
2408
2431
