2942
1031
1663
3234
1906
893
2711
2687
971
1968
3205
1635
1087
2938
2556
950
2091
3114
1434
1257
3039
2333
876
2281
3079
1198
1370
3108
2181
938
2455
2931
1125
1713
3217
1871
903
2765
2864
989
1835
3197
1709
982
2851
2618
903
1929
3185
1521
1120
2984
2442
890
2156
3115
1322
1401
3154
2213
875
2403
3074
1198
1497
3097
2053
999
2561
2776
1055
1826
3190
1753
1017
2899
2723
985
1887
3149
1579
1247
2980
2414
934
2142
3089
1311
1277
3069
2290
952
2298
3004
1241
1504
3126
2029
915
2581
2968
1077
1631
3202
1910
993
2747
2691
957
1882
3195
1592
1059
2966
2592
989
2071
3127
1473
1244
3040
2366
930
2293
3111
1258
1331
3113
2163
932
2517
2970
1153
1611
3159
1932
941
2724
2805
970
1772
3233
1818
1037
2826
2512
960
2064
3189
1566
1168
3066
2482
942
2143
3104
1451
1415
3029
2185
1022
2535
2957
1039
1467
3166
2034
943
2648
2808
1000
1769
3189
1738
970
2854
2673
962
1951
3267
1672
1089
2926
2438
907
2165
3173
1392
1250
3105
2307
911
2335
3026
1281
1514
3065
2028
902
2589
2918
1026
1625
3190
1910
936
2725
2720
960
1867
3239
1686
1028
2899
2598
935
2053
3139
1485
1249
3027
2421
1000
2290
3029
1241
1424
3091
2125
920
2453
2869
1051
1672
3183
1966
931
2674
2785
990
1814
3156
1686
1093
2899
2618
935
2065
3240
1430
1076
3023
2483
945
2196
3133
1303
1369
3109
2253
938
2394
2991
1133
1596
3224
2019
895
2615
2886
1055
1777
3247
1820
1005
2853
2719
993
1935
3201
1580
1125
2968
2444
934
2099
3128
1389
1275
3078
2277
933
2304
3058
1272
1506
3116
2023
980
2572
2941
1155
1621
3150
1941
1019
2657
2642
1002
1893
3118
1603
1111
2957
2510
933
2045
3201
1519
1260
3078
2342
869
2227
3095
1308
1404
3129
2125
909
2443
2927
1169
1632
3106
1899
1014
2787
2775
951
1701
3249
1807
1041
2871
2572
1018
2051
3065
1437
1190
3044
2354
962
2251
3048
1284
1371
3109
2165
905
2515
3049
1103
1461
3194
2102
901
2617
2814
1064
1769
3191
1788
987
2865
2762
1048
1897
3076
1588
1151
2977
2450
866
2124
3163
1432
1235
2985
2311
975
2369
2993
1233
1567
3145
2068
878
2566
2925
1126
1743
3173
1886
924
2782
2737
929
1884
3221
1635
970
2861
2625
1062
2135
3130
1537
1315
2997
2298
991
2346
2968
1179
1506
3157
2062
907
2552
2948
1067
1640
3166
1877
941
2752
2836
962
1771
3183
1717
1032
2806
2591
979
1993
3119
1456
1146
3002
2418
913
2199
3130
1292
1380
3158
2225
867
2442
3101
1162
1512
3151
2036
911
2551
2849
1114
1765
3133
1731
991
2855
2700
953
1921
3134
1547
1163
2942
2387
919
2147
3114
1303
1224
3123
2323
871
2259
3007
1199
1472
3203
2035
829
2616
3009
1056
1599
3164
1930
1055
2737
2677
1047
1937
3211
1644
1073
2905
2501
962
2129
3172
1466
1222
3104
2294
861
2292
3098
1251
1374
3156
2177
917
2470
2948
1141
1638
3184
1930
952
2681
2743
1000
1806
3253
1794
1030
2898
2578
965
2018
3139
1476
1097
2956
2404
992
2175
3009
1308
1399
3076
2144
894
2448
2983
1104
1486
3192
1996
867
2585
2814
1043
1769
3184
1824
1032
2875
2675
962
1918
3192
1685
1099
2942
2442
916
2221
3175
1304
1203
3072
2298
866
2354
3056
1226
1526
3130
2018
899
2614
2954
1035
1656
3139
1907
999
2721
2672
1006
1960
3132
1540
1026
3008
2639
934
2064
3115
1448
1322
3026
2284
896
2376
3100
1229
1400
3074
2135
859
2473
3014
1123
1640
3170
1962
948
2739
2825
978
1742
3130
1737
1054
2818
2571
1012
2037
3039
1435
1216
3055
2375
939
2245
3035
1257
1436
3176
2110
828
2519
3143
1193
1518
3135
2006
921
2557
2834
1096
1732
3133
1757
1022
2895
2765
965
1874
3211
1610
1143
2977
2498
948
2098
3169
1441
1265
3066
2354
948
2286
3066
1355
1517
3105
2014
965
2610
2877
1077
1699
3161
1813
971
2740
2646
945
1882
3264
1662
1022
2941
2631
936
1944
3192
1539
1146
2974
2295
899
2267
3062
1201
1352
3135
2159
970
2504
2931
1126
1637
3190
1944
930
2770
2838
962
1696
3178
1838
1066
2774
2492
994
2015
3107
1508
1230
3070
2337
887
2243
3109
1320
1406
3176
2150
825
2498
3135
1142
1434
3149
2144
1012
2653
2844
1113
1763
3108
1799
1050
2877
2649
962
2015
3168
1550
1153
3048
2439
848
2267
3237
1336
1191
3119
2416
885
2265
3019
1308
1563
3095
2081
988
2649
2925
1046
1696
3199
1919
914
2748
2746
911
1858
3247
1673
878
2827
2693
1010
2003
3091
1532
1303
3003
2330
940
2336
3080
1204
1366
3084
2141
884
2421
2907
1098
1667
3186
1918
900
2701
2872
1026
1792
3110
1758
1091
2871
2592
967
2018
3149
1468
1164
3030
2460
995
2198
3025
1246
1471
3183
2175
868
2499
3106
1119
1514
3163
2000
929
2622
2878
1092
1761
3128
1714
1026
2918
2692
914
1973
3260
1544
1085
2974
2506
895
2083
3174
1449
1248
3057
2359
895
2206
3094
1329
1450
3095
2067
991
2585
2831
1064
1721
3147
1763
972
2841
2680
923
1845
3214
1588
1033
3026
2594
922
2033
3213
1557
1217
2978
2215
892
2295
3056
1249
1457
3099
2026
902
2511
2979
1114
1608
3233
1973
895
2745
2839
1053
1743
3118
1734
1009
2814
2541
960
2031
3126
1497
1185
3019
2362
973
2269
3081
1291
1417
3170
2141
826
2495
3103
1087
1424
3205
2086
930
2617
2744
1005
1762
3198
1789
1016
2870
2659
982
1970
3198
1576
1110
3015
2482
897
2194
3167
1308
1183
3091
2344
900
2331
2994
1219
1535
3101
2034
923
2599
2895
1068
1653
3132
1915
940
2664
2734
1002
1870
3165
1655
1052
2995
2609
922
2041
3118
1579
1353
3038
2338
963
2321
3031
1182
1380
3154
2147
862
2510
3010
1052
1656
3241
1947
882
2755
2909
973
1769
3204
1770
1055
2805
2593
1000
2028
3145
1486
1188
3024
2385
879
2224
3174
1258
1323
3139
2218
836
2408
3112
1135
1455
3150
2085
989
2582
2827
1130
1807
3143
1730
1038
2888
2698
961
1951
3117
1533
1241
3067
2431
834
2095
3168
1320
1171
3107
2403
910
2203
3028
1284
1509
3111
2034
893
2542
2918
1136
1677
3118
1814
1057
2800
2627
924
1854
3177
1666
1060
2914
2524
945
2108
3229
1507
1244
3046
2288
864
2336
3093
1163
1316
3175
2159
884
2516
2934
1100
1613
3155
1957
956
2711
2852
1056
1762
3189
1831
1019
2838
2548
935
2035
3137
1483
1206
3062
2400
959
2245
3109
1343
1281
3052
2220
919
2432
2963
1127
1495
3164
2000
903
2608
2731
1032
1764
3116
1791
979
2765
2679
1105
1968
3128
1669
1209
2939
2346
935
2254
3060
1251
1288
3107
2256
886
2363
3084
1228
1460
3131
2190
960
2539
2915
1078
1677
3166
1914
954
2714
2708
1021
1931
3138
1581
1069
2970
2555
889
2092
3130
1437
1263
3000
2255
867
2326
3088
1193
1382
3132
2178
859
2436
2950
1116
1683
3199
1951
927
2737
2809
972
1837
3185
1704
1045
2868
2556
862
1999
3176
1488
1180
3006
2453
909
2135
3120
1395
1399
3033
2145
946
2528
2989
1068
1534
3151
1987
911
2601
2849
1046
1786
3230
1752
945
2839
2757
993
1852
3124
1638
1151
2889
2385
952
2173
3104
1363
1287
3079
2261
955
2397
3046
1199
1495
3160
2075
885
2589
2932
1041
1632
3143
1886
1025
2716
2659
1015
1936
3146
1545
1096
2974
2487
984
2144
3148
1399
1290
3084
2291
886
2325
3099
1206
1331
3104
2161
905
2492
2966
1172
1677
3199
1894
909
2808
2903
964
1716
3227
1813
994
2842
2603
964
2028
3169
1512
1132
3058
2431
951
2196
3125
1383
1322
3111
2249
902
2400
3014
1149
1425
3117
2086
968
2542
2765
1119
1847
3174
1776
1024
2859
2648
1014
1990
3143
1596
1208
3030
2407
885
2210
3167
1256
1170
3101
2324
865
2260
2986
1212
1523
3113
2104
974
2557
2862
1109
1762
3178
1879
959
2751
2729
939
1914
3222
1622
1002
2913
2610
941
2059
3149
1514
1339
3012
2347
981
2346
3053
1188
1403
3121
2183
908
2479
3024
1104
1606
3157
1965
892
2678
2864
1030
1766
3157
1791
1089
2780
2538
1003
2079
3110
1460
1232
3068
2406
885
2202
3197
1306
1323
3125
2219
876
2388
3013
1085
1465
3100
1995
934
2528
2816
1085
1800
3154
1804
1028
2823
2739
1016
1941
3167
1546
1142
2967
2454
917
2162
3167
1373
1246
2981
2227
950
2345
2998
1273
1588
3133
1998
933
2664
2952
1052
1624
3208
1841
1001
2775
2663
952
1919
3263
1648
1045
2926
2524
950
2076
3227
1494
1267
3068
2302
887
2324
3141
1235
1372
3120
2135
940
2541
2971
1077
1588
3165
1917
940
2800
2807
974
1804
3175
1724
1023
2878
2503
881
1987
3197
1563
1147
3004
2410
935
2203
3085
1369
1418
3116
2172
906
2475
2992
1158
1537
3186
2023
888
2629
2796
1016
1810
3184
1770
994
2847
2688
1037
1974
3154
1555
1046
2965
2516
903
2119
3077
1349
1297
3084
2232
849
2380
3091
1192
1514
3179
2067
861
2518
2911
1065
1652
3140
1891
935
2710
2686
969
1902
3139
1609
1060
2921
2549
941
2143
3189
1443
1262
3129
2417
891
2286
3123
1272
1345
3072
2195
890
2455
2951
1098
1637
3200
1973
953
2726
2835
953
1837
3194
1687
1025
2888
2617
924
2013
3219
1471
1122
3069
2480
838
2111
3121
1385
1416
3074
2155
892
2454
3019
1115
1575
3160
1979
941
2599
2849
1017
1806
3284
1765
909
2851
2808
952
1838
3224
1645
1152
2946
2415
904
2119
3122
1333
1220
3082
2305
922
2273
3006
1209
1575
3171
1987
919
2664
2987
1082
1597
3156
1902
1011
2783
2647
967
1883
3166
1595
1061
2960
2533
918
2059
3218
1474
1185
3019
2267
835
2321
3074
1207
1367
3140
2060
886
2538
2942
1037
1621
3244
1918
853
2735
2953
1054
1712
3228
1872
1113
2835
2536
987
2017
3102
1464
1177
3049
2434
926
2217
3177
1375
1310
3097
2234
865
2465
3105
1156
1431
3146
2085
892
2601
2815
1077
1791
3155
1768
1033
2902
2644
934
1995
3213
1604
1070
2958
2437
897
2213
3124
1341
1305
3111
2306
898
2337
2993
1211
1536
3178
2074
938
2688
2938
1063
1707
3189
1902
895
2745
2739
926
1903
3297
1704
1018
2872
2563
957
2049
3123
1513
1289
2994
2350
959
2326
3040
1251
1434
3115
2175
896
2450
2919
1068
1633
3182
1947
950
2760
2882
1039
1796
3123
1744
1074
2818
2589
947
1993
3134
1464
1172
3023
2405
873
2210
3162
1264
1321
3076
2174
886
2437
3007
1104
1544
3176
2009
933
2603
2856
1056
1726
3171
1742
1000
2825
2691
1031
1953
3178
1622
1240
3001
2393
910
2184
3195
1410
1304
3041
2269
935
2316
3010
1242
1497
3146
2106
995
2617
2870
969
1626
3243
1883
1005
2769
2647
925
1859
3253
1677
1045
2914
2562
961
2073
3191
1479
1267
3036
2245
863
2294
3074
1249
1385
3080
2152
959
2523
2881
1075
1645
3249
1981
908
2709
2887
1073
1749
3135
1776
1075
2894
2489
885
2015
3183
1561
1154
2993
2423
949
2184
3123
1427
1369
3092
2240
959
2462
3008
1150
1517
3155
2079
963
2620
2748
1015
1811
3210
1791
976
2861
2734
979
1927
3179
1661
1109
2907
2459
927
2170
3155
1333
1241
3135
2343
881
2341
3051
1213
1514
3170
2040
851
2599
2923
1052
1677
3184
1930
932
2710
2661
985
1936
3180
1695
1088
2950
2617
984
2059
3111
1539
1306
2973
2292
923
2299
3064
1250
1441
3076
2137
963
2516
2895
1068
1715
3216
1910
929
2726
2841
1000
1823
3193
1700
1076
2910
2599
921
1995
3171
1472
1110
3014
2448
890
2244
3193
1317
1363
3137
2195
866
2376
3020
1133
1495
3135
2029
914
2523
2902
1182
1729
3060
1754
1065
2897
2700
955
1927
3185
1621
1183
2962
2416
887
2125
3162
1376
1294
3131
2340
891
2335
3133
1213
1363
3162
2138
880
2541
2990
1127
1587
3129
1914
987
2730
2725
991
1863
3203
1674
1058
2919
2612
1016
2042
3183
1566
1273
3005
2257
923
2394
3122
1180
1330
3161
2136
871
2516
2970
1123
1638
3215
1926
933
2775
2829
1043
1752
3141
1782
1077
2839
2485
924
2068
3181
1496
1081
3031
2466
911
2150
3166
1400
1358
3121
2216
866
2404
3013
1148
1453
3124
2042
913
2616
2866
1071
1718
3100
1801
1027
2858
2653
999
1966
3198
1678
1100
2912
2435
872
2135
3178
1461
1241
3092
2342
895
2335
2964
1243
1590
3102
2019
904
2585
2895
1050
1645
3170
1924
958
2709
2701
990
1939
3174
1637
1088
2954
2560
970
2148
3088
1435
1297
3061
2383
931
2306
3119
1235
1370
3145
2222
947
2513
2924
1073
1678
3165
1857
913
2731
2815
1013
1850
3201
1737
961
2776
2569
924
1961
3109
1481
1141
3055
2512
880
2139
3137
1350
1348
3109
2264
945
2448
3052
1152
1487
3108
2053
931
2541
2877
1072
1723
3195
1811
1009
2829
2681
977
1944
3206
1558
1156
3021
2446
868
2112
3139
1385
1271
3019
2222
914
2308
3033
1239
1530
3149
2029
920
2577
2916
1067
1655
3200
1899
1008
2731
2658
993
1971
3226
1611
1075
2991
2557
949
2047
3146
1493
1268
3044
2270
881
2343
3081
1180
1378
3128
2075
921
2516
2931
1112
1552
3186
1946
877
2670
2844
1065
1744
3212
1833
972
2826
2608
954
1999
3165
1502
1151
3052
2429
965
2257
3099
1319
1333
3109
2241
880
2400
3051
1232
1492
3122
2063
975
2669
2806
1048
1773
3201
1796
945
2817
2678
981
1969
3185
1578
1054
2968
2512
890
2139
3173
1370
1258
3116
2241
838
2316
3010
1175
1493
3159
2131
934
2555
2841
1079
1695
3182
1898
1016
2800
2706
955
1903
3192
1633
1012
2922
2601
984
2026
3068
1483
1345
3050
2343
880
2208
3040
1281
1428
3054
2092
872
2433
2888
1047
1685
3139
1838
898
2734
2868
992
1772
3172
1739
1000
2765
2636
1021
2026
3105
1432
1114
3026
2476
936
2175
3043
1235
1389
3162
2182
849
2455
3054
1100
1467
3139
2003
875
2571
2824
1007
1692
3122
1769
1057
2950
2735
922
1932
3218
1545
1039
3004
2507
817
2074
3201
1364
1167
3052
2357
933
2186
2971
1303
1523
3101
2022
993
2640
2873
1032
1731
3220
1822
941
2775
2720
960
1835
3211
1617
1001
2944
2638
977
1974
3143
1549
1290
2965
2289
976
2320
3017
1226
1468
3158
2109
953
2549
2981
1130
1626
3208
1912
892
2728
2848
1000
1702
3204
1851
1108
2837
2483
971
2061
3069
1452
1215
3056
2285
849
2252
3136
1311
1308
3114
2259
900
2490
3110
1165
1499
3216
2118
954
2641
2835
1093
1777
3079
1754
1022
2818
2570
980
1979
3173
1581
1072
2923
2472
918
2196
3184
1360
1237
3105
2360
873
2292
3092
1322
1487
3051
2107
984
2586
2875
1085
1716
3193
1895
930
2761
2741
942
1927
3265
1649
1011
2933
2641
981
2079
3151
1539
1302
3004
2312
977
2326
3009
1204
1471
3135
2139
954
2542
2924
1033
1621
3172
1953
928
2718
2880
1002
1784
3228
1777
991
2779
2592
1042
2013
3072
1504
1256
3059
2408
870
2197
3127
1324
1439
3130
2129
839
2475
3106
1130
1494
3124
2051
996
2579
2817
1080
1778
3168
1774
1022
2886
2749
959
1943
3231
1580
1138
2995
2486
910
2192
3191
1401
1269
3077
2345
959
2349
3014
1204
1497
3136
2071
970
2642
2924
1047
1662
3171
1834
1043
2832
2677
920
1871
3263
1690
1102
2942
2509
912
2030
3173
1484
1204
3023
2322
945
2337
3077
1214
1401
3139
2102
892
2521
3008
1131
1555
3143
1956
976
2777
2847
984
1698
3245
1867
1057
2786
2452
965
2058
3161
1515
1128
2985
2391
949
2232
3053
1264
1339
3152
2171
781
2402
3028
1141
1445
3135
2051
912
2580
2848
1135
1825
3131
1775
1010
2828
2611
980
1988
3178
1547
1066
2997
2523
861
2108
3168
1401
1167
3052
2388
949
2257
2945
1321
1630
3070
2101
1110
2643
2792
1057
1763
3205
1838
970
2822
2713
968
1881
3167
1635
1052
3015
2660
983
2053
3117
1519
1303
3001
2311
948
2308
3012
1247
1479
3106
2111
849
2473
2974
1132
1601
3129
1944
955
2698
2850
1077
1770
3113
1829
1171
2821
2522
973
2034
3086
1491
1217
3037
2412
898
2221
3183
1349
1385
3145
2220
801
2331
3057
1170
1481
3113
2077
948
2541
2849
1101
1745
3164
1827
995
2787
2698
986
1915
3202
1609
1191
3018
2446
923
2090
3176
1434
1252
3037
2364
978
2218
3025
1363
1589
2999
1947
1065
2703
2831
1021
1738
3203
1790
991
2821
2658
967
1955
3250
1611
1049
2945
2613
987
2006
3094
1511
1322
3021
2249
942
2372
3120
1245
1376
3107
2121
944
2474
2926
1111
1629
3209
1930
903
2734
2862
1030
1733
3221
1799
946
2779
2570
978
2089
3181
1441
1161
3079
2383
972
2255
3089
1336
1370
3164
2158
815
2470
3069
1132
1474
3217
2075
878
2626
2827
1019
1760
3164
1779
970
2877
2705
967
1931
3177
1577
1055
2981
2499
848
2160
3197
1411
1204
3047
2380
945
2226
2913
1325
1587
3085
2091
949
2606
2905
1115
1703
3141
1901
970
2735
2677
925
1869
3159
1662
1044
2909
2591
904
2038
3207
1578
1331
2969
2316
976
2353
3055
1175
1438
3134
2109
861
2478
2963
1045
1675
3226
1913
957
2782
2901
980
1733
3176
1790
1083
2803
2596
997
2029
3158
1467
1154
3027
2445
940
2209
3133
1286
1416
3167
2179
792
2440
3146
1177
1512
3134
2008
924
2562
2847
1051
1801
3218
1788
1035
2812
2675
1003
1976
3173
1485
1134
3011
2456
845
2074
3150
1389
1236
3030
2323
926
2293
3053
1290
1511
3144
2022
943
2625
2978
1099
1647
3171
1852
1009
2816
2672
925
1831
3229
1689
1013
2922
2569
920
1962
3186
1546
1235
3016
2355
946
2318
3094
1241
1370
3088
2111
975
2554
2915
1092
1616
3173
1885
954
2785
2815
1001
1775
3181
1733
1077
2949
2566
906
2043
3245
1491
1087
3025
2454
962
2211
3125
1352
1381
3157
2244
852
2392
3030
1158
1478
3162
2063
941
2666
2802
1030
1746
3180
1867
999
2835
2687
984
1931
3179
1630
1117
2966
2487
954
2121
3080
1412
1278
3076
2315
905
2324
3004
1230
1511
3141
2102
937
2574
2885
1058
1676
3119
1848
945
2704
2630
977
1949
3154
1610
1076
2936
2527
915
2140
3159
1396
1224
3081
2369
854
2253
3093
1231
1345
3071
2170
906
2442
2933
1123
1714
3200
1917
889
2693
2896
1036
1745
3116
1728
1050
2874
2619
929
2031
3169
1473
1098
3001
2456
879
2113
3107
1349
1388
3028
2208
917
2416
2999
1159
1571
3103
1962
957
2595
2763
1027
1818
3162
1776
1013
2814
2658
983
1969
3209
1602
1193
3006
2438
906
2159
3169
1406
1334
3117
2290
894
2297
3084
1299
1502
3126
2073
938
2617
2956
1049
1660
3242
1866
952
2792
2764
977
1838
3211
1677
1082
2950
2560
947
2097
3232
1440
1227
3109
2288
877
2316
3129
1216
1322
3186
2182
834
2423
2968
1153
1562
3136
1912
925
2768
2850
1018
1727
3180
1815
1025
2907
2610
943
1988
3151
1516
1096
2987
2441
950
2192
3151
1406
1296
3047
2224
950
2483
3032
1176
1537
3196
2030
888
2657
2818
1021
1778
3199
1864
1038
2795
2625
1001
2016
3209
1607
1105
2946
2423
891
2177
3137
1327
1240
3097
2319
921
2348
2985
1198
1520
3131
2082
873
2578
2951
1076
1674
3233
1928
930
2699
2706
981
1908
3210
1670
1077
2962
2588
922
2087
3228
1501
1258
3025
2311
898
2277
3109
1239
1315
3092
2276
921
2379
2921
1136
1662
3103
1923
982
2705
2809
985
1820
3202
1715
1075
2944
2617
868
1994
3251
1491
1134
3034
2457
905
2156
3148
1378
1388
3097
2188
915
2437
3048
1167
1528
3146
2047
934
2622
2839
1050
1776
3235
1777
1015
2913
2761
949
1892
3176
1560
1075
2952
2502
948
2134
3117
1345
1243
3099
2310
889
2300
3045
1226
1448
3118
2081
937
2585
2955
1136
1647
3121
1835
1036
2774
2672
1012
1888
3169
1631
1096
2975
2554
996
2053
3131
1521
1278
3020
2247
897
2391
3124
1223
1401
3153
2134
938
2562
3014
1137
1568
3134
1978
877
2686
2871
1036
1756
3176
1803
1052
2872
2570
926
2029
3170
1525
1146
3053
2454
958
2203
3072
1281
1324
3147
2186
869
2439
3040
1159
1499
3167
2045
906
2653
2859
1081
1820
3212
1810
1046
2858
2690
958
1903
3186
1654
1102
2916
2418
934
2238
3162
1320
1246
3121
2275
862
2367
2999
1176
1514
3115
2050
882
2619
2938
1039
1667
3168
1878
934
2733
2734
999
1908
3151
1591
1004
2908
2601
955
2080
3142
1445
1224
3017
2397
915
2235
3067
1284
1401
3040
2130
936
2409
2889
1085
1622
3157
1983
952
2711
2807
1011
1784
3194
1733
1023
2863
2563
898
1982
3136
1464
1138
3032
2463
920
2170
3105
1284
1365
3136
2180
827
2428
3047
1194
1576
3173
2009
910
2586
2888
1098
1724
3115
1794
1044
2881
2781
1024
1878
3195
1693
1191
2950
2471
953
2095
3112
1374
1263
2980
2224
949
2355
3020
1203
1503
3164
2008
826
2551
2975
1105
1568
3095
1919
1022
2723
2675
966
1788
3142
1698
1070
2908
2560
1004
2095
3131
1443
1223
3081
2420
968
2255
3023
1238
1362
3061
2115
936
2443
2893
1179
1618
3067
1877
1021
2796
2775
954
1767
3191
1731
1032
2892
2535
907
2022
3141
1457
1082
3007
2373
849
2148
3116
1365
1321
3074
2258
934
2467
2987
1125
1506
3118
2001
963
2655
2810
1064
1782
3173
1800
990
2828
2699
1029
1913
3095
1581
1098
2968
2466
886
2126
3135
1354
1213
3066
2277
832
2327
3050
1161
1447
3147
2123
885
2514
2888
1059
1622
3115
1890
967
2706
2726
998
1882
3133
1603
1027
2927
2592
942
2086
3148
1426
1295
3067
2343
862
2206
3103
1241
1338
3068
2204
963
2442
2943
1110
1712
3193
1971
952
2771
2898
960
1745
3203
1789
1012
2836
2618
882
1954
3197
1528
1123
2993
2491
937
2143
3104
1321
1410
3153
2204
877
2400
3046
1203
1549
3133
2004
939
2604
2852
1062
1742
3176
1798
1052
2869
2660
963
1891
3151
1567
1195
3005
2385
873
2161
3155
1309
1261
3128
2268
857
2330
3119
1232
1461
3168
2073
902
2611
3000
1076
1639
3198
1877
1021
2814
2711
949
1819
3182
1636
1047
2965
2571
893
1973
3188
1493
1219
3038
2298
886
2297
3112
1246
1359
3132
2185
971
2489
2897
1120
1633
3214
1951
918
2786
2864
961
1676
3162
1835
1048
2801
2531
977
2048
3123
1474
1147
3025
2396
925
2197
3145
1390
1348
3081
2197
906
2507
3037
1178
1546
3139
2035
972
2654
2779
1033
1767
3172
1718
949
2881
2696
953
1921
3137
1567
1149
3008
2490
919
2221
3114
1248
1239
3177
2333
886
2348
3013
1213
1534
3137
2041
893
2654
2986
1066
1636
3160
1956
1035
2749
2655
1001
1899
3127
1564
1029
2943
2524
874
2031
3175
1507
1327
3021
2321
927
2268
3056
1258
1441
3075
2146
985
2524
2931
1094
1702
3225
1887
887
2736
2874
987
1763
3219
1768
968
2738
2566
939
1995
3153
1501
1144
2997
2472
946
2128
3060
1331
1479
3128
2151
820
2456
3131
1171
1542
3188
2047
947
2628
2899
1061
1694
3211
1836
973
2786
2701
977
1902
3153
1581
1180
2937
2391
896
2175
3166
1386
1283
3041
2225
933
2300
2990
1243
1547
3153
1991
901
2670
2958
1033
1673
3206
1840
1001
2787
2635
930
1866
3157
1637
1080
2914
2500
925
2015
3157
1523
1273
2982
2220
895
2294
3038
1208
1385
3159
2126
897
2487
2938
1085
1537
3184
1957
899
2720
2853
1000
1722
3137
1786
1089
2858
2543
941
1984
3148
1517
1119
2956
2383
960
2211
3146
1361
1368
3117
2221
936
2504
3039
1183
1503
3143
2027
900
2624
2862
1075
1783
3185
1792
975
2801
2610
949
1973
3154
1567
1145
2968
2423
877
2166
3119
1303
1200
3141
2356
853
2324
3036
1204
1501
3157
2127
934
2557
2872
1062
1658
3159
1882
960
2710
2712
1014
1905
3182
1645
1084
2988
2608
954
2069
3103
1488
1355
3081
2292
876
2286
3047
1217
1415
3097
2102
858
2484
2945
1052
1655
3226
1926
891
2656
2832
1010
1774
3178
1788
1079
2793
2583
1028
2063
3088
1434
1179
3034
2432
930
2217
3117
1329
1437
3125
2149
870
2451
3044
1138
1552
3188
2028
945
2630
2834
1043
1728
3105
1729
1019
2867
2679
955
1954
3232
1634
1152
2974
2383
861
2186
3210
1346
1200
3066
2346
899
2257
3030
1244
1471
3071
2035
940
2584
2935
1029
1588
3159
1858
975
2734
2725
1008
1874
3189
1624
1072
3014
2648
960
1982
3127
1485
1208
2996
2281
890
2248
3037
1200
1362
3138
2135
938
2563
2974
1071
1615
3223
1967
974
2739
2820
1050
1795
3159
1787
1066
2848
2523
962
2077
3170
1452
1116
3064
2368
866
2244
3126
1329
1350
3137
2191
865
2457
3030
1177
1531
3194
2079
961
2629
2738
1063
1846
3149
1701
999
2899
2682
930
1940
3188
1624
1145
2949
2448
892
2125
3106
1384
1252
3065
2320
953
2334
2974
1192
1502
3112
2054
935
2626
2864
1042
1755
3261
1866
878
2765
2747
994
1989
3211
1567
1018
2996
2614
915
2060
3115
1446
1225
2989
2338
881
2304
3164
1257
1361
3102
2199
877
2392
2941
1123
1683
3181
1907
919
2730
2904
988
1723
3170
1779
1019
2789
2623
975
1960
3133
1543
1195
2952
2391
931
2206
3130
1323
1461
3200
2169
880
2452
3105
1149
1555
3164
2021
872
2594
2888
1033
1697
3163
1802
987
2810
2707
988
1956
3218
1602
1165
2961
2462
926
2135
3124
1319
1287
3131
2262
895
2332
3074
1184
1425
3151
2047
905
2636
2969
1054
1639
3180
1878
986
2755
2728
1044
1835
3114
1642
1133
2973
2575
973
2052
3133
1500
1263
3026
2301
966
2312
3085
1236
1335
3055
2076
856
2457
2958
1133
1582
3140
1910
954
2750
2856
1054
1750
3162
1759
1052
2881
2535
909
1997
3181
1544
1129
3022
2416
914
2167
3158
1376
1331
3082
2239
906
2410
3015
1175
1506
3177
2046
910
2631
2798
1026
1756
3120
1735
965
2844
2619
944
1965
3204
1633
1075
2918
2466
923
2160
3111
1374
1254
3052
2294
938
2418
3041
1206
1484
3130
2143
979
2574
2861
1104
1715
3132
1918
1003
2683
2618
963
1963
3174
1609
1065
2998
2600
945
2087
3178
1470
1226
3040
2334
889
2291
3082
1262
1419
3154
2234
898
2425
2933
1120
1603
3122
1974
971
2673
2808
1036
1846
3161
1724
1043
2860
2589
890
1994
3208
1507
1133
2990
2437
927
2161
3085
1342
1402
3079
2160
900
2408
2982
1078
1497
3140
1938
898
2642
2915
1016
1714
3217
1751
950
2866
2773
999
1860
3210
1702
1198
2863
2392
1006
2189
3098
1379
1322
3053
2275
982
2371
3017
1179
1527
3178
2025
868
2531
2911
1084
1630
3190
1925
981
2647
2645
1041
1993
3188
1592
1149
3039
2554
899
2023
3186
1541
1311
3103
2282
880
2310
3124
1214
1299
3096
2186
930
2440
2927
1180
1624
3120
1916
1019
2788
2746
996
1830
3150
1734
1051
2896
2533
905
1991
3136
1492
1111
3036
2435
968
2254
3100
1344
1348
3132
2264
895
2425
3049
1156
1475
3156
2020
889
2651
2824
1031
1733
3198
1778
933
2858
2678
973
1944
3210
1677
1072
2956
2531
916
2193
3164
1360
1237
3129
2382
907
2316
3045
1262
1516
3108
2088
969
2636
2945
1104
1700
3173
1926
972
2720
2726
984
1973
3228
1589
1016
2945
2666
1027
2097
3059
1446
1307
3056
2277
885
2306
3043
1247
1430
3068
2125
922
2526
2977
1086
1605
3175
1922
908
2757
2891
1026
1773
3164
1784
1032
2837
2588
962
1993
3120
1522
1228
3068
2424
864
2212
3168
1314
1328
3125
2133
821
2486
3081
1124
1504
3197
2093
928
2592
2841
1068
1775
3191
1831
1062
2838
2685
999
1980
3194
1519
1167
3018
2408
865
2161
3148
1320
1259
3106
2326
974
2324
3010
1264
1459
3054
2068
1014
2601
2878
1055
1684
3240
1874
1067
2798
2653
943
1889
3218
1645
1045
2936
2627
1017
1999
3107
1506
1288
3056
2303
967
2264
3004
1242
1412
3097
2083
921
2511
2967
1106
1599
3157
1932
944
2710
2814
1015
1706
3146
1820
1061
2784
2509
976
2082
3144
1460
1159
3076
2357
828
2240
3179
1315
1315
3122
2221
908
2444
2978
1143
1564
3163
2019
907
2633
2833
1038
1697
3131
1811
1061
2894
2613
888
1945
3230
1657
1107
3002
2528
908
2149
3182
1386
1230
3048
2304
964
2332
3022
1276
1494
3082
2132
965
2554
2859
1079
1735
3188
1895
962
2783
2711
967
1918
3262
1645
983
3005
2725
902
1963
3210
1590
1248
2932
2340
985
2307
3047
1276
1414
3046
2134
900
2505
3001
1068
1664
3223
1928
928
2749
2893
1026
1800
3179
1798
1029
2778
2606
1012
2078
3178
1409
1148
3069
2469
906
2196
3123
1274
1383
3122
2148
889
2449
3052
1148
1542
3168
1985
876
2568
2880
1094
1724
3113
1722
987
2856
2687
919
1819
3217
1668
1135
2907
2367
883
2141
3171
1353
1231
3019
2244
906
2279
3063
1250
1464
3108
1996
912
2654
2997
1105
1664
3185
1868
966
2765
2720
963
1866
3282
1702
1027
2888
2614
1033
2044
3122
1502
1230
3024
2268
877
2289
3085
1219
1340
3080
2128
977
2506
2901
1108
1628
3184
1959
976
2782
2864
1068
1769
3170
1798
1030
2827
2588
1021
2053
3132
1507
1226
3084
2380
906
2244
3182
1355
1342
3148
2237
834
2489
3133
1189
1448
3139
2129
975
2598
2774
1111
1828
3102
1773
1063
2882
2660
918
1944
3173
1624
1092
2951
2431
898
2220
3207
1396
1229
3018
2308
943
2343
3015
1277
1570
3102
2018
978
2616
2816
1026
1732
3198
1880
980
2767
2728
919
1852
3185
1662
992
2928
2693
984
1973
3034
1570
1388
2960
2250
1004
2364
2983
1184
1486
3161
2135
880
2539
2997
1072
1603
3217
1918
888
2746
2882
971
1737
3211
1801
1015
2751
2577
966
1973
3067
1410
1178
3034
2390
884
2202
3129
1306
1452
3204
2200
798
2362
3126
1190
1446
3122
2074
955
2554
2837
1115
1757
3120
1755
1056
2877
2688
991
2018
3260
1547
1086
3029
2538
899
2081
3223
1450
1253
3017
2297
957
2289
3054
1330
1556
3084
2018
1022
2620
2843
1044
1691
3133
1750
977
2831
2668
905
1916
3246
1607
979
2997
2699
987
1983
3182
1589
1298
2972
2289
953
2327
3112
1291
1461
3161
2101
948
2548
2934
1090
1581
3231
1976
928
2709
2884
1108
1773
3184
1790
975
2812
2588
982
1983
3131
1503
1188
3033
2360
904
2241
3130
1317
1313
3137
2243
887
2520
3132
1139
1428
3118
2050
965
2626
2758
1030
1753
3160
1756
962
2821
2657
992
1955
3190
1618
1106
2955
2510
917
2161
3172
1400
1275
3161
2356
930
2393
3047
1270
1579
3152
2019
933
2633
2906
1014
1668
3175
1890
988
2778
2723
996
1970
3236
1605
1013
2948
2646
957
2042
3096
1448
1264
3035
2304
877
2305
3050
1196
1369
3118
2201
895
2435
2876
1099
1705
3234
1912
851
2681
2874
1043
1759
3156
1776
1058
2808
2581
950
1929
3053
1447
1142
3006
2442
951
2155
3080
1338
1446
3145
2168
866
2424
2999
1138
1552
3193
2032
902
2581
2851
1091
1808
3232
1770
949
2810
2758
1017
1906
3101
1571
1239
3034
2432
914
2163
3120
1334
1315
3117
2249
868
2343
3074
1202
1540
3184
2011
911
2652
2947
1039
1634
3150
1849
1018
2748
2681
972
1933
3231
1644
1063
3005
2624
918
2025
3195
1484
1276
3057
2291
881
2294
3126
1284
1380
3072
2125
932
2458
2936
1141
1617
3175
1954
995
2802
2821
954
1771
3234
1765
1004
2883
2596
924
1979
3189
1522
1102
3033
2423
947
2208
3051
1368
1325
3072
2258
942
2419
2946
1125
1565
3182
2019
933
2654
2786
1071
1853
3167
1733
972
2882
2657
959
1939
3218
1690
1092
2898
2410
945
2243
3098
1328
1332
3127
2248
879
2383
2996
1204
1511
3120
2099
942
2608
2891
1087
1709
3170
1894
961
2713
2695
954
1917
3175
1654
1066
2956
2576
937
2109
3157
1436
1275
3063
2318
859
2315
3124
1256
1348
3111
2222
938
2516
2919
1109
1688
3190
1952
937
2666
2796
986
1800
3187
1723
1042
2870
2636
954
1981
3143
1515
1170
2954
2389
907
2222
3124
1315
1375
3099
2180
869
2415
3111
1200
1514
3122
2037
965
2580
2915
1145
1687
3115
1791
1004
2779
2663
985
1953
3155
1559
1196
3007
2403
863
2149
3174
1324
1237
3092
2323
890
2269
3061
1276
1471
3091
2028
952
2657
2941
1108
1711
3187
1807
975
2811
2766
990
1816
3212
1726
1056
2911
2566
944
1970
3148
1539
1275
3005
2267
905
2338
3088
1266
1408
3072
2120
916
2490
2998
1196
1592
3165
1948
1002
2764
2762
1013
1805
3194
1790
1098
2882
2481
887
2052
3199
1461
1125
3093
2445
862
2217
3166
1368
1327
3097
2183
906
2502
3058
1093
1456
3187
2138
893
2531
2856
1086
1758
3155
1809
1000
2826
2677
1014
1937
3164
1605
1122
2988
2509
897
2160
3192
1375
1231
3079
2322
891
2327
3072
1263
1488
3103
2058
900
2613
2938
1065
1644
3181
1887
904
2723
2694
921
1931
3246
1609
925
2932
2667
959
2036
3086
1482
1317
3007
2237
896
2274
3045
1264
1420
3075
2130
861
2469
2959
1102
1638
3154
1942
903
2735
2887
1022
1794
3177
1762
1046
2840
2647
983
2029
3146
1475
1166
3060
2444
884
2217
3143
1304
1357
3108
2280
927
2365
2962
1138
1510
3131
2051
905
2491
2783
1094
1804
3117
1722
1027
2886
2680
942
1915
3181
1510
1165
3056
2433
857
2137
3185
1315
1222
3118
2346
927
2267
3020
1267
1551
3140
2021
923
2621
2969
1045
1600
3172
1851
1025
2761
2653
937
1881
3214
1605
1032
2991
2607
922
2006
3214
1570
1255
2990
2295
955
2286
3025
1245
1402
3100
2111
968
2517
2944
1133
1601
3190
1900
947
2798
2786
934
1757
3237
1774
948
2821
2534
967
2060
3144
1480
1190
3057
2415
996
2269
3079
1348
1335
3124
2210
857
2459
3069
1135
1441
3163
2140
982
2594
2717
1037
1806
3155
1759
1029
2860
2607
929
2044
3243
1548
1063
3059
2526
839
2140
3172
1417
1228
3031
2315
935
2357
2922
1170
1553
3163
2077
888
2541
2879
1086
1650
3129
1828
956
2794
2698
917
1923
3215
1558
957
2939
2635
999
2081
3119
1441
1290
3072
2331
911
2279
3047
1223
1373
3048
2107
905
2521
3023
1059
1562
3178
1921
883
2664
2812
995
1814
3168
1749
1120
2854
2583
999
2023
3119
1446
1201
3093
2426
860
2166
3106
1267
1454
3182
2228
839
2370
3046
1152
1507
3155
2047
929
2575
2872
1065
1752
3140
1741
982
2826
2698
976
1950
3245
1595
1141
2946
2392
921
2201
3081
1254
1283
3129
2270
866
2345
3099
1245
1452
3130
2043
912
2645
2954
1058
1649
3221
1875
1044
2776
2641
965
1868
3172
1671
1097
2952
2524
949
2051
3155
1485
1217
3034
2334
917
2350
3134
1261
1347
3097
2163
964
2528
2953
1146
1648
3166
1889
931
2787
2835
1029
1790
3194
1744
995
2847
2563
957
2061
3173
1482
1101
3018
2472
927
2106
3090
1453
1382
2990
2151
883
2456
3044
1167
1475
3130
2091
979
2636
2819
1054
1699
3084
1745
1005
2898
2694
1006
1988
3174
1611
1183
3002
2474
901
2137
3167
1423
1247
3069
2356
924
2326
3021
1214
1515
3160
2068
867
2577
2938
1038
1596
3177
1924
929
2707
2736
1003
1905
3219
1697
1083
2915
2612
974
2029
3083
1416
1258
3066
2363
893
2275
3077
1199
1317
3141
2264
929
2388
2901
1090
1685
3182
1969
984
2734
2862
987
1738
3159
1736
1035
2882
2633
952
1956
3155
1539
1155
3017
2418
882
2162
3093
1341
1446
3144
2081
813
2477
3094
1126
1515
3162
1990
937
2642
2899
1023
1710
3205
1800
928
2760
2723
996
1905
3135
1570
1187
2995
2446
880
2118
3146
1329
1290
3092
2296
898
2324
3034
1224
1505
3190
2111
947
2577
2927
1117
1654
3123
1830
1020
2778
2651
957
1862
3165
1626
1047
2930
2514
909
1983
3202
1513
1235
3001
2250
889
2309
3112
1250
1384
3103
2104
906
2542
2967
1101
1598
3190
1929
964
2752
2810
1000
1810
3206
1777
1032
2852
2512
959
2125
3238
1492
1113
3037
2463
982
2228
3063
1349
1353
3105
2212
854
2414
3062
1121
1426
3167
2126
980
2576
2779
1048
1782
3211
1851
1009
2828
2715
1025
1966
3204
1618
1074
2966
2553
921
2138
3167
1374
1205
3032
2333
919
2281
2980
1270
1547
3082
2057
950
2536
2801
1025
1695
3131
1845
980
2762
2694
947
1918
3245
1630
1011
2886
2569
917
2071
3143
1436
1252
3013
2380
936
2296
3053
1231
1458
3157
2146
891
2513
2977
1038
1581
3213
1953
931
2726
2838
957
1770
3203
1747
1038
2870
2639
969
1946
3123
1509
1180
3057
2457
903
2188
3118
1284
1393
3133
2178
897
2395
3005
1118
1475
3133
2037
916
2568
2843
1078
1790
3197
1812
974
2782
2689
1009
1897
3171
1623
1174
2943
2404
955
2151
3113
1291
1201
3060
2284
935
2275
3042
1247
1499
3150
2080
931
2583
2956
1093
1599
3084
1862
1055
2702
2655
1013
1887
3150
1635
1085
2871
2482
926
2038
3175
1464
1242
3003
2272
902
2324
3127
1306
1379
3059
2138
860
2423
2918
1128
1606
3159
1894
916
2782
2845
985
1757
3185
1751
1065
2933
2543
867
2041
3242
1581
1166
2963
2443
952
2191
3142
1386
1343
3076
2157
895
2517
3085
1144
1490
3181
2022
912
2661
2866
992
1739
3221
1836
1003
2792
2631
963
1934
3185
1621
1140
2941
2447
941
2163
3106
1334
1245
3107
2322
893
2328
2992
1219
1556
3089
2041
922
2566
2895
1072
1662
3116
1913
1022
2731
2711
962
1909
3205
1610
979
2945
2623
908
2006
3182
1477
1241
3056
2409
894
2253
3064
1231
1391
3117
2191
924
2468
2952
1122
1678
3150
1957
1011
2823
2868
976
1825
3246
1750
953
2799
2658
983
1997
3113
1441
1157
3077
2427
900
2191
3088
1278
1411
3153
2206
888
2433
3025
1106
1542
3156
1981
931
2574
2878
1111
1719
3111
1733
1011
2905
2741
988
1956
3207
1578
1209
2999
2416
900
2159
3152
1340
1285
3130
2345
909
2269
3054
1270
1531
3157
2024
898
2589
2968
1067
1607
3156
1891
1026
2740
2745
1009
1837
3192
1662
1039
2957
2588
920
2022
3164
1507
1237
2977
2258
957
2331
3075
1264
1424
3110
2116
910
2499
2982
1153
1616
3226
1928
859
2690
2880
1068
1735
3175
1806
1049
2916
2618
944
2017
3173
1558
1215
3035
2355
935
2268
3087
1315
1327
3104
2178
924
2509
3013
1163
1542
3178
2101
928
2610
2763
1012
1754
3141
1799
989
2847
2652
970
1964
3177
1594
1045
2917
2418
899
2165
3145
1356
1187
3103
2388
888
2255
2959
1320
1606
3097
1967
926
2638
2876
1024
1682
3161
1868
976
2763
2693
935
1920
3241
1649
1071
2991
2681
961
2032
3116
1445
1221
3067
2424
969
2299
3048
1268
1497
3072
2090
830
2462
2948
1073
1648
3205
1927
910
2764
2847
949
1795
3223
1740
993
2814
2649
942
2015
3238
1509
1129
3004
2460
905
2115
3148
1349
1346
3153
2291
850
2334
3044
1187
1506
3111
2050
904
2534
2896
1124
1731
3191
1798
1048
2876
2710
987
1890
3156
1633
1203
3025
2461
924
2058
3071
1298
1237
3116
2326
925
2330
3051
1191
1483
3160
2033
869
2583
3008
1065
1562
3206
1958
1002
2698
2676
1007
1835
3140
1619
1028
2936
2566
912
2014
3179
1524
1267
3034
2303
931
2366
3103
1229
1403
3123
2114
906
2473
2946
1164
1591
3117
1955
952
2721
2799
998
1741
3156
1782
1111
2870
2494
940
2059
3148
1518
1188
3025
2389
927
2204
3090
1327
1353
3104
2175
912
2468
3003
1134
1479
3179
2027
839
2575
2844
1073
1757
3157
1818
1041
2854
2667
975
1930
3073
1552
1176
3012
2442
930
2238
3116
1278
1216
3122
2314
900
2350
3018
1240
1522
3140
2079
884
2575
2936
1019
1635
3185
1932
915
2662
2676
965
1917
3209
1631
1028
2964
2630
910
2059
3148
1481
1220
2953
2274
892
2277
3021
1244
1397
3074
2165
906
2457
2936
1112
1642
3151
1938
903
2719
2892
1072
1840
3154
1709
990
2807
2617
980
2004
3141
1503
1180
3001
2434
932
2180
3088
1313
1437
3116
2186
924
2452
2974
1050
1518
3221
2047
905
2590
2855
1020
1720
3232
1834
951
2810
2748
997
1893
3216
1614
1166
2997
2499
955
2123
3152
1358
1259
3065
2243
868
2282
3088
1284
1508
3135
2007
897
2672
2997
1018
1620
3212
1828
917
2777
2766
894
1790
3241
1738
1050
2911
2568
967
2124
3197
1446
1247
3099
2355
907
2283
3100
1286
1444
3184
2146
921
2509
2974
1139
1583
3174
1969
927
2733
2853
1036
1791
3217
1759
1074
2900
2626
1008
1966
3100
1578
1221
3032
2385
941
2248
3111
1338
1348
3134
2190
906
2569
3067
1072
1471
3242
2044
881
2672
2887
1037
1722
3180
1814
997
2858
2685
960
1908
3119
1593
1167
2972
2410
875
2151
3142
1402
1232
3081
2335
919
2321
3031
1244
1570
3142
2046
910
2593
2895
1077
1682
3125
1822
956
2782
2713
951
1932
3255
1607
991
2931
2583
1002
2135
3105
1386
1250
2999
2285
906
2298
2989
1161
1373
3111
2173
888
2424
2945
1127
1712
3202
1907
917
2702
2829
1021
1806
3183
1737
1056
2850
2599
970
1995
3111
1506
1215
2998
2404
947
2190
3093
1333
1402
3095
2170
888
2449
3069
1159
1479
3120
2054
922
2569
2926
1091
1729
3152
1758
969
2877
2824
1019
1841
3200
1668
1187
2950
2452
889
2144
3176
1367
1242
3041
2335
939
2275
3060
1267
1523
3185
2025
838
2581
3030
1101
1597
3210
1953
957
2709
2739
1006
1869
3240
1607
1016
2955
2575
955
1970
3134
1531
1308
2995
2247
936
2302
3064
1272
1436
3189
2124
886
2504
2963
1177
1651
3159
1951
920
2701
2817
1001
1704
3149
1758
1048
2850
2474
887
2097
3232
1475
1100
3008
2359
927
2244
3103
1290
1343
3163
2234
885
2467
3036
1126
1469
3267
2113
875
2594
2845
1062
1737
3153
1816
988
2815
2640
960
1970
3174
1559
1035
2964
2496
880
2163
3200
1339
1162
3084
2390
847
2311
3076
1206
1458
3157
2171
924
2622
2966
1073
1642
3166
1944
911
2652
2691
995
1883
3146
1648
1080
2970
2587
882
2015
3170
1548
1348
3060
2327
936
2312
3092
1252
1368
3107
2180
897
2435
2934
1086
1638
3156
1912
917
2708
2822
1014
1771
3117
1737
1103
2866
2568
944
2048
3160
1485
1197
3069
2458
950
2211
3095
1289
1408
3169
2179
875
2469
3113
1114
1407
3122
2038
928
2581
2909
1051
1734
3223
1794
994
2886
2718
905
1829
3204
1607
1131
3001
2532
919
2110
3176
1345
1194
3046
2330
959
2262
3036
1317
1558
3089
1974
951
2631
2944
1077
1686
3190
1848
983
2804
2717
930
1827
3250
1658
1006
2962
2657
951
1957
3197
1586
1201
2910
2207
949
2298
3031
1234
1436
3175
2119
902
2512
2992
1147
1631
3226
1939
940
2744
2854
1051
1736
3157
1809
1056
2812
2531
1035
2127
3134
1439
1183
3082
2395
902
2187
3132
1318
1272
3122
2270
858
2452
3095
1143
1382
3159
2145
926
2538
2804
1092
1788
3133
1810
1074
2857
2664
981
1892
3151
1614
1126
2958
2484
892
2156
3157
1379
1236
3030
2332
954
2338
2963
1193
1547
3096
2030
971
2615
2839
993
1707
3250
1779
854
2769
2775
965
1945
3233
1600
1008
2966
2650
950
2030
3145
1508
1262
3014
2331
948
2329
3036
1175
1383
3147
2159
899
2450
2918
1099
1706
3192
1909
915
2751
2907
1039
1791
3118
1741
1054
2820
2631
1026
1975
3139
1489
1160
3004
2422
911
2153
3067
1294
1400
3159
2178
816
2418
3087
1159
1482
3043
2001
1004
2606
2808
1029
1784
3172
1774
1045
2828
2668
981
1966
3239
1606
1095
2957
2441
878
2175
3195
1402
1301
3082
2268
888
2324
3099
1243
1482
3199
2099
870
2605
2998
1040
1668
3242
1872
988
2777
2693
921
1861
3243
1687
1057
2894
2531
999
2117
3203
1517
1231
3047
2267
862
2262
3072
1242
1348
3150
2156
940
2526
2877
1090
1692
3211
1859
888
2759
2812
974
1747
3183
1770
1018
2881
2631
930
1936
3154
1538
1109
3010
2389
908
2156
3077
1378
1389
3058
2146
873
2410
3030
1160
1463
3039
1996
981
2625
2773
1011
1740
3190
1881
993
2761
2656
991
1900
3143
1641
1107
2945
2442
870
2154
3098
1364
1292
3083
2307
867
2370
3034
1167
1470
3156
2127
896
2559
2963
1086
1648
3168
1906
938
2755
2755
967
1902
3212
1626
1022
2997
2672
904
1971
3132
1547
1311
2960
2272
964
2341
3039
1165
1381
3142
2151
853
2477
2988
1112
1652
3209
1921
899
2751
2925
1002
1748
3132
1763
1171
2875
2567
926
2004
3152
1534
1217
3003
2428
915
2207
3174
1342
1349
3060
2208
883
2465
3116
1118
1492
3160
2090
971
2524
2856
1120
1767
3170
1786
975
2872
2733
975
1864
3178
1616
1156
2977
2467
899
2152
3197
1392
1256
3125
2350
910
2237
3011
1313
1533
3024
1983
951
2575
2927
1041
1605
3238
1893
924
2721
2739
975
1808
3237
1701
1028
2918
2608
995
2001
3140
1585
1338
3006
2215
939
2361
3028
1266
1523
3140
2030
869
2508
2926
1058
1624
3233
1905
907
2798
2914
1038
1729
3220
1826
1070
2828
2537
999
2109
3158
1496
1307
3103
2354
932
2280
3128
1320
1360
3144
2152
846
2464
3060
1146
1444
3147
2067
872
2523
2797
1091
1734
3181
1845
1043
2814
2613
1057
2012
3074
1501
1097
3007
2498
862
2140
3179
1325
1190
3062
2317
892
2317
3105
1307
1495
3000
2025
963
2613
2874
1051
1716
3198
1892
956
2769
2765
989
1975
3279
1683
1036
2952
2656
991
2047
3087
1432
1295
3054
2304
894
2269
3042
1244
1401
3068
2175
917
2449
2933
1078
1694
3203
1893
914
2694
2824
987
1833
3149
1693
1051
2923
2654
935
1961
3154
1523
1223
3016
2427
945
2237
3127
1338
1431
3160
2246
934
2422
2994
1133
1504
3136
2048
960
2566
2794
1065
1789
3193
1783
995
2828
2687
987
1969
3190
1579
1158
2993
2480
970
2125
3120
1336
1268
3053
2256
904
2296
3028
1270
1491
3077
2028
943
2593
2912
1064
1654
3157
1880
1014
2753
2622
918
1863
3263
1667
987
2963
2623
968
2032
3175
1489
1243
3025
2290
881
2298
3112
1281
1340
3100
2165
946
2486
2948
1177
1650
3159
1926
962
2703
2764
1024
1728
3176
1824
1121
2879
2499
907
2078
3204
1488
1118
3046
2454
956
2211
3164
1428
1360
3017
2223
956
2477
2998
1138
1498
3162
2110
912
2558
2765
1054
1786
3154
1789
989
2789
2587
1000
1951
3129
1595
1118
2950
2475
870
2157
3220
1418
1253
3063
2335
959
2361
3000
1194
1497
3146
2100
881
2575
2934
1115
1650
3136
1903
1019
2765
2663
920
1899
3204
1611
983
2888
2554
891
2078
3175
1453
1258
3067
2365
906
2289
3116
1266
1377
3127
2227
932
2459
2893
1060
1672
3188
1873
912
2735
2868
1007
1815
3199
1727
1090
2910
2605
899
2015
3276
1500
1091
2990
2451
971
2202
3094
1310
1312
3070
2278
906
2350
3001
1119
1479
3141
2049
967
2563
2755
1006
1838
3153
1717
1032
2876
2654
958
1927
3228
1650
1104
2898
2435
951
2184
3147
1305
1299
3174
2247
840
2385
3143
1230
1447
3139
2095
918
2557
2936
1141
1695
3133
1866
1042
2767
2687
1000
1892
3151
1660
1106
2914
2471
957
2119
3234
1476
1242
3085
2266
812
2348
3209
1254
1339
3083
2143
925
2453
2940
1137
1589
3161
1923
963
2770
2828
1041
1840
3218
1718
1028
2919
2571
914
2057
3245
1510
1142
3078
2432
902
2215
3150
1326
1343
3129
2208
919
2530
3039
1098
1498
3182
2062
960
2641
2848
1070
1698
3162
1836
987
2855
2668
983
1885
3157
1655
1151
2983
2520
956
2099
3096
1415
1316
3037
2257
977
2400
2970
1138
1490
3170
2094
914
2531
2857
1005
1670
3255
1924
920
2721
2731
953
1922
3208
1561
1002
3056
2647
875
2060
3202
1527
1237
2959
2356
979
2277
3016
1230
1405
3068
2105
907
2469
2906
1066
1701
3247
1923
939
2730
2846
1030
1822
3204
1793
1034
2818
2648
1015
2000
3147
1504
1187
3081
2500
938
2109
3036
1357
1463
3085
2146
904
2443
3007
1134
1505
3141
2065
961
2612
2842
1034
1775
3187
1721
963
2877
2736
926
1868
3229
1630
1148
2945
2421
917
2145
3138
1332
1245
3099
2319
869
2240
3046
1216
1442
3135
2089
907
2539
2911
1079
1634
3122
1823
972
2760
2733
984
1809
3166
1669
1106
2935
2546
1042
2077
3154
1487
1214
3046
2307
893
2238
3074
1280
1374
3109
2117
906
2443
2980
1167
1625
3170
1960
986
2741
2811
1060
1784
3172
1792
972
2835
2612
1006
1996
3099
1480
1144
3084
2395
877
2177
3129
1355
1361
3099
2193
949
2467
2996
1085
1458
3141
2042
918
2651
2787
1022
1780
3191
1822
963
2822
2728
1014
1913
3155
1665
1142
2919
2400
920
2223
3153
1322
1234
3079
2310
903
2396
3021
1138
1441
3103
2128
955
2548
2885
1177
1726
3095
1850
1012
2797
2717
965
1955
3206
1553
995
2925
2595
952
2116
3174
1451
1248
3049
2336
888
2286
3149
1228
1352
3096
2190
949
2501
2914
1078
1697
3182
1893
914
2756
2849
964
1821
3180
1744
1087
2869
2585
940
2026
3148
1473
1172
3078
2484
901
2161
3086
1326
1444
3112
2165
926
2475
3022
1101
1541
3195
2028
956
2610
2895
1016
1733
3186
1743
1001
2940
2760
931
1882
3239
1665
1137
2972
2511
960
2131
3152
1423
1264
3069
2301
931
2350
3093
1240
1511
3196
2042
882
2609
2984
1045
1580
3163
1912
992
2737
2743
1035
1815
3151
1740
1111
2938
2609
978
2012
3127
1502
1274
3022
2314
940
2386
3123
1240
1397
3142
2163
943
2510
2914
1097
1603
3165
1889
927
2783
2809
966
1773
3265
1816
1038
2883
2571
924
2020
3211
1525
1072
3009
2465
925
2183
3127
1337
1342
3090
2196
850
2413
3034
1163
1522
3172
2037
891
2673
2877
1028
1741
3242
1874
994
2828
2669
938
1911
3198
1647
1123
2977
2423
877
2232
3209
1346
1195
3100
2350
922
2364
3083
1226
1501
3194
2107
861
2507
2920
1153
1668
3101
1894
1028
2792
2673
915
1893
3209
1685
1042
2928
2542
903
2068
3161
1443
1281
3084
2347
906
2288
3055
1271
1451
3099
2104
901
2464
2965
1108
1651
3200
1936
879
2737
2879
985
1772
3208
1816
1021
2773
2578
984
2045
3114
1443
1183
3062
2455
913
2189
3193
1393
1396
3117
2165
894
2422
3039
1123
1527
3149
2004
990
2689
2837
1029
1781
3194
1765
964
2844
2755
948
1849
3263
1651
1130
2922
2458
935
2156
3166
1354
1255
3036
2289
910
2306
3101
1250
1468
3121
2037
878
2591
3020
1097
1613
3200
1898
984
2753
2739
996
1869
3213
1703
1092
2990
2621
935
2000
3135
1469
1289
3103
2314
904
2338
3101
1214
1351
3135
2124
866
2492
2990
1150
1573
3128
1914
947
2723
2812
982
1705
3203
1841
1061
2854
2520
934
2039
3197
1500
1119
3020
2422
962
2255
3153
1393
1363
3093
2159
835
2457
3082
1155
1419
3182
2122
905
2560
2772
1065
1811
3169
1746
958
2927
2741
932
1880
3205
1622
1124
3012
2494
862
2140
3205
1426
1253
3114
2364
920
2386
3087
1246
1522
3166
2134
996
2652
2901
990
1646
3187
1890
940
2744
2668
931
1948
3217
1602
1012
2952
2607
930
2086
3114
1457
1304
3015
2323
947
2323
3050
1202
1414
3144
2118
784
2425
2986
1072
1642
3228
1955
929
2725
2948
1033
1682
3110
1794
1035
2741
2594
1010
1986
3093
1443
1158
2982
2418
914
2146
3107
1329
1370
3120
2179
823
2365
3101
1200
1475
3159
2080
928
2574
2886
1106
1781
3172
1725
958
2868
2712
971
1965
3199
1548
1157
3055
2484
858
2102
3221
1380
1239
3084
2377
926
2234
3067
1312
1477
3066
2017
938
2585
2902
1025
1671
3213
1827
926
2690
2749
1041
1900
3157
1611
1075
3000
2612
904
1963
3167
1554
1222
3026
2386
975
2293
3038
1248
1412
3133
2157
885
2455
2950
1170
1574
3115
1915
948
2728
2817
1020
1711
3192
1829
1069
2851
2571
1005
2050
3137
1483
1184
3112
2425
859
2217
3148
1310
1310
3104
2208
914
2463
3040
1169
1462
3121
2072
938
2615
2788
1054
1746
3109
1727
973
2954
2737
938
1902
3191
1640
1087
2913
2457
933
2179
3124
1351
1260
3064
2369
941
2325
2997
1265
1546
3103
2060
941
2599
2889
1044
1707
3216
1936
944
2771
2706
933
1900
3206
1660
1031
2949
2645
927
2064
3188
1518
1208
2974
2394
924
2176
3058
1219
1346
3118
2207
909
2441
2975
1117
1601
3168
1915
873
2692
2860
1008
1789
3117
1672
1069
2889
2586
911
1973
3142
1437
1164
3076
2419
900
2172
3137
1330
1423
3094
2177
904
2408
3088
1171
1472
3142
2106
956
2536
2881
1098
1723
3170
1835
1036
2768
2702
1073
1942
3084
1542
1273
3029
2415
906
2152
3157
1319
1279
3111
2291
907
2349
3079
1166
1455
3181
2035
851
2539
2998
1111
1572
3163
1914
1030
2765
2669
978
1829
3220
1717
1080
2912
2599
1000
1999
3201
1559
1261
3053
2307
892
2297
3114
1243
1370
3152
2162
932
2478
2968
1180
1629
3162
1898
922
2815
2893
1047
1797
3244
1768
1010
2897
2587
983
2055
3183
1505
1137
3001
2379
949
2233
3121
1316
1322
3119
2209
870
2458
3035
1119
1428
3133
2076
912
2597
2770
1037
1783
3172
1782
993
2845
2631
951
1940
3110
1591
1172
2999
2446
921
2155
3126
1436
1255
3005
2270
963
2409
2988
1186
1494
3162
2078
901
2628
2935
1029
1598
3136
1905
1014
2732
2639
965
1903
3186
1656
1068
2959
2577
915
2047
3164
1520
1321
3029
2335
955
2366
3075
1201
1390
3094
2125
881
2482
2947
1092
1640
3194
1893
905
2739
2851
1024
1822
3182
1746
1129
2945
2617
908
1994
3175
1468
1139
3017
2439
917
2176
3132
1396
1407
3047
2197
958
2447
2976
1111
1530
3088
1974
1010
2636
2808
1027
1804
3168
1773
1024
2861
2703
977
1895
3107
1555
1253
3019
2451
901
2101
3161
1367
1245
3040
2258
946
2320
3054
1277
1541
3167
2060
903
2615
2973
1076
1592
3146
1859
965
2763
2695
961
1836
3215
1647
982
2951
2697
1007
2028
3140
1564
1270
3023
2267
910
2305
3070
1239
1393
3147
2172
922
2470
2971
1121
1572
3212
1986
926
2736
2884
1053
1756
3211
1813
1021
2820
2564
956
1993
3160
1531
1134
2974
2403
926
2184
3058
1358
1381
3123
2202
864
2489
3129
1159
1438
3153
2090
882
2602
2879
1063
1698
3126
1812
992
2831
2667
993
1954
3199
1649
1133
2938
2401
856
2158
3117
1382
1270
3079
2329
928
2321
2974
1229
1498
3069
2077
966
2592
2857
1066
1688
3132
1817
915
2783
2722
908
1878
3211
1684
1012
2935
2634
963
2076
3163
1464
1243
3035
2384
990
2320
3050
1183
1350
3172
2201
884
2448
2889
1084
1681
3196
1894
898
2739
2874
1032
1809
3142
1800
1122
2813
2569
1034
2076
3129
1440
1158
3014
2392
865
2162
3105
1293
1384
3114
2168
821
2452
3086
1123
1448
3058
1996
984
2606
2808
969
1711
3209
1812
948
2759
2660
1003
1930
3147
1596
1200
2964
2422
923
2089
3056
1344
1300
3071
2201
857
2298
3019
1204
1465
3101
2027
899
2601
2955
1048
1635
3184
1873
1001
2777
2699
1014
1931
3169
1617
1074
2952
2565
938
2010
3205
1481
1211
3047
2255
832
2311
3134
1215
1312
3141
2152
909
2475
2965
1126
1571
3137
1951
987
2741
2787
996
1794
3148
1750
1064
2895
2556
946
2054
3159
1483
1161
3033
2361
893
2242
3180
1316
1279
3106
2261
837
2447
3085
1194
1442
3068
2089
986
2636
2813
1052
1777
3165
1759
983
2806
2634
978
1948
3153
1577
1095
3006
2487
840
2121
3155
1362
1227
3076
2393
947
2314
2937
1237
1543
3134
2097
946
2573
2889
1047
1645
3151
1891
942
2737
2706
936
1960
3187
1636
1070
2944
2606
921
2133
3183
1418
1201
2997
2347
955
2332
3036
1216
1466
3146
2127
897
2512
2967
1068
1697
3240
1869
893
2811
2916
972
1736
3201
1825
1069
2781
2572
978
2024
3164
1498
1154
3042
2462
886
2114
3043
1304
1433
3127
2136
889
2405
2957
1093
1547
3190
2013
917
2604
2840
1038
1762
3184
1715
978
2892
2721
1014
1951
3171
1609
1167
2958
2410
919
2137
3075
1324
1257
3080
2320
972
2338
3030
1237
1533
3101
2001
952
2648
2942
1008
1660
3234
1878
903
2701
2728
1004
1847
3208
1656
1046
2975
2593
912
1978
3102
1496
1282
3001
2251
899
2349
3087
1205
1348
3218
2185
799
2414
2982
1128
1598
3163
1949
910
2716
2834
1023
1731
3204
1773
1063
2850
2529
955
2001
3126
1440
1103
3024
2429
973
2233
3024
1330
1449
3165
2146
845
2466
3026
1167
1442
3153
2063
891
2640
2854
1016
1749
3186
1764
935
2862
2631
945
1936
3190
1637
1087
2942
2471
896
2119
3169
1355
1205
3108
2369
938
2282
2942
1225
1557
3123
2100
964
2617
2903
1035
1645
3170
1898
936
2706
2710
986
1940
3245
1613
956
2955
2706
997
2023
3114
1460
1310
3031
2382
977
2337
3042
1221
1399
3127
2203
917
2450
2961
1149
1702
3210
1930
945
2743
2829
966
1849
3219
1688
975
2843
2602
931
1957
3151
1456
1132
3024
2423
829
2175
3185
1318
1324
3084
2155
897
2445
3063
1159
1548
3195
2033
937
2595
2867
1058
1782
3193
1705
945
2835
2701
939
1951
3175
1553
1133
2981
2473
913
2119
3157
1413
1294
3059
2277
950
2315
3017
1249
1564
3190
2027
897
2617
2943
1083
1746
3239
1820
962
2745
2691
996
1879
3149
1620
1077
2949
2594
933
1978
3194
1582
1276
3018
2314
941
2310
3049
1256
1466
3178
2081
839
2479
3044
1128
1525
3201
2003
907
2703
2865
981
1691
3252
1865
984
2819
2594
953
1942
3102
1525
1177
3065
2366
859
2262
3148
1298
1291
3167
2286
842
2429
3112
1138
1378
3102
2072
1003
2652
2767
1051
1785
3157
1763
1011
2860
2603
910
1959
3184
1553
1116
3021
2473
801
2132
3273
1435
1172
2994
2329
926
2297
2988
1284
1553
3087
2089
977
2575
2843
1082
1781
3187
1849
922
2783
2720
888
1950
3307
1548
915
2947
2704
987
2038
3133
1518
1296
3000
2270
903
2312
3060
1205
1389
3152
2203
914
2501
2994
1075
1630
3221
1961
914
2811
2919
951
1726
3188
1827
1063
2768
2569
1018
2139
3107
1402
1252
3131
2409
845
2220
3173
1257
1367
3195
2229
818
2427
3176
1180
1414
3168
2119
964
2555
2801
1123
1807
3126
1706
1026
2903
2722
909
1857
3241
1622
1110
2972
2451
900
2117
3187
1370
1228
3102
2385
929
2261
3020
1279
1550
3090
2044
991
2670
2925
1026
1661
3191
1876
1029
2803
2705
926
1876
3220
1580
991
3003
2596
892
2008
3195
1547
1281
3009
2293
920
2335
3077
1238
1412
3138
2100
879
2519
2942
1094
1572
3188
1953
941
2706
2835
1044
1756
3199
1807
1054
2825
2556
977
2023
3152
1483
1151
3021
2399
922
2193
3040
1282
1376
3179
2225
860
2512
3100
1125
1430
3152
2128
1032
2648
2771
1038
1782
3158
1807
1031
2830
2634
959
2008
3137
1562
1140
3031
2428
845
2190
3191
1383
1241
3111
2372
933
2388
2993
1201
1450
3091
2102
953
2621
2923
1077
1703
3175
1905
995
2762
2706
963
1918
3236
1595
960
3008
2700
939
1964
3096
1548
1288
2978
2343
990
2347
3045
1223
1416
3146
2173
886
2492
2951
1072
1646
3240
1975
872
2718
2976
1062
1749
3154
1831
1096
2842
2504
936
2037
3189
1498
1174
3021
2451
924
2210
3142
1312
1385
3186
2233
869
2413
3035
1094
1498
3149
2039
885
2472
2880
1162
1756
3101
1773
1071
2842
2641
998
1982
3170
1556
1210
3053
2438
873
2152
3217
1409
1265
3043
2288
947
2333
3064
1255
1527
3130
1969
939
2606
2899
1046
1621
3178
1841
979
2767
2665
934
1868
3223
1639
1002
2956
2620
1009
2020
3165
1532
1271
2995
2325
921
2280
3054
1231
1338
3086
2161
1004
2503
2832
1094
1643
3177
1934
1000
2721
2740
1062
1837
3206
1745
1067
2900
2557
941
2016
3186
1503
1138
3095
2485
880
2166
3183
1485
1344
3040
2209
962
2456
2979
1109
1467
3136
2031
888
2651
2815
1004
1827
3226
1821
981
2835
2724
1012
1928
3146
1647
1143
2956
2420
923
2172
3122
1292
1245
3133
2326
940
2386
3022
1197
1453
3103
2056
875
2580
2923
989
1582
3208
1957
921
2640
2695
1043
1894
3138
1607
1009
2890
2520
958
2109
3134
1430
1245
3085
2398
880
2208
3106
1308
1361
3025
2162
961
2456
2908
1116
1661
3148
1913
954
2720
2772
995
1862
3178
1695
1030
2895
2623
905
1984
3201
1477
1072
2975
2471
899
2147
3146
1380
1407
3081
2152
948
2439
2982
1149
1577
3143
1939
907
2612
2850
983
1709
3171
1784
999
2838
2715
932
1796
3161
1686
1209
2948
2421
952
2135
3103
1350
1342
3116
2216
878
2380
3148
1245
1499
3212
2099
915
2595
3005
1150
1601
3114
1903
1036
2729
2653
1018
1848
3146
1654
1102
2912
2493
947
1992
3145
1480
1281
3060
2278
862
2283
3100
1229
1330
3071
2200
967
2419
2887
1207
1668
3092
1893
1009
2763
2746
987
1786
3213
1753
1040
2885
2576
889
1987
3225
1562
1119
2975
2387
997
2181
3041
1387
1415
3037
2100
902
2527
2969
1056
1534
3238
2038
912
2692
2859
973
1696
3171
1822
970
2871
2757
1006
1885
3144
1705
1170
2923
2476
1006
2203
3083
1353
1320
3064
2296
961
2360
3027
1224
1569
3219
2120
867
2522
2991
1133
1617
3098
1892
982
2751
2666
937
1898
3207
1674
1075
2919
2568
990
2119
3136
1435
1284
3096
2353
886
2312
3148
1301
1416
3122
2183
907
2492
2988
1106
1667
3208
1899
939
2737
2869
1019
1812
3107
1734
1055
2838
2615
1022
2085
3128
1466
1163
2970
2388
943
2261
3142
1295
1404
3123
2169
885
2430
3036
1184
1597
3207
2037
908
2542
2853
1045
1723
3172
1812
1027
2880
2719
933
1933
3201
1582
1144
2976
2425
920
2134
3147
1412
1250
3019
2277
935
2293
3061
1260
1470
3076
2040
971
2635
2906
1054
1672
3189
1848
1068
2858
2643
900
1857
3259
1641
971
2921
2571
963
2054
3155
1461
1232
3056
2311
912
2350
3111
1220
1375
3110
2087
892
2517
2942
1079
1588
3185
1896
902
2776
2883
1014
1715
3191
1877
1092
2760
2508
1022
2045
3089
1497
1241
3034
2321
932
2301
3089
1285
1406
3214
2166
864
2480
3058
1160
1473
3133
2078
950
2547
2746
1095
1771
3092
1721
984
2870
2669
950
2006
3185
1595
1132
3006
2419
851
2168
3162
1377
1191
3061
2322
916
2309
2946
1233
1518
3106
2054
964
2592
2838
1069
1730
3203
1889
932
2718
2702
937
1886
3196
1609
996
2967
2629
924
1993
3078
1432
1327
3072
2315
925
2338
3030
1182
1393
3101
2133
914
2493
2932
1063
1677
3223
1927
903
2756
2900
1013
1784
3153
1743
1093
2858
2630
993
2019
3201
1522
1154
3012
2493
936
2171
3130
1276
1398
3186
2228
850
2380
3120
1241
1533
3080
2029
995
2602
2864
1065
1691
3153
1811
1047
2839
2661
943
1906
3163
1566
1159
2952
2385
894
2158
3203
1414
1197
2991
2268
951
2325
3028
1208
1534
3161
2047
942
2587
2931
1095
1659
3151
1840
1005
2761
2685
960
1830
3216
1662
1084
2976
2641
1043
2078
3108
1483
1290
3012
2251
952
2382
3064
1239
1499
3156
2084
969
2541
2879
1084
1701
3209
1890
951
2779
2853
942
1717
3225
1799
982
2840
2531
928
2006
3163
1537
1165
3012
2360
920
2211
3109
1322
1368
3125
2195
876
2470
3043
1142
1491
3127
2043
929
2639
2790
976
1732
3214
1874
975
2801
2699
1004
1953
3134
1568
1131
3009
2463
865
2210
3242
1399
1188
3067
2362
957
2375
3014
1213
1508
3129
2111
961
2602
2895
1047
1690
3200
1901
953
2797
2761
923
1884
3241
1686
1040
2933
2624
920
2029
3122
1514
1293
2984
2292
937
2283
3031
1239
1428
3123
2161
907
2517
2960
1031
1558
3196
1999
901
2636
2847
1031
1773
3219
1785
1048
2813
2638
1033
1982
3113
1468
1190
3014
2360
853
2189
3159
1279
1371
3148
2234
882
2422
3050
1128
1478
3113
2029
966
2615
2925
1094
1751
3175
1806
1035
2925
2709
940
1950
3218
1600
1124
2971
2439
878
2200
3257
1367
1220
3114
2380
913
2209
3108
1363
1445
3009
2027
1058
2639
2832
1053
1743
3154
1801
949
2759
2687
922
1876
3282
1674
1050
2920
2569
939
1990
3172
1551
1256
3001
2290
940
2335
3039
1172
1381
3151
2149
881
2463
2997
1178
1575
3213
1989
886
2666
2879
1073
1676
3169
1881
1089
2832
2527
1011
1987
3110
1502
1176
3080
2433
975
2243
3097
1310
1325
3122
2213
888
2449
3017
1139
1497
3139
2047
977
2661
2808
1052
1832
3169
1801
1026
2898
2679
987
1986
3208
1611
1090
2973
2434
905
2181
3157
1349
1189
3123
2412
911
2277
3009
1243
1513
3133
2050
903
2621
2859
1042
1692
3162
1873
983
2800
2717
913
1902
3243
1687
1036
2931
2613
973
2097
3173
1543
1255
3008
2388
1000
2312
3020
1191
1438
3133
2150
935
2513
2920
1107
1747
3222
1884
904
2773
2871
1017
1816
3130
1725
1089
2884
2524
892
2053
3184
1457
1169
3082
2427
839
2199
3157
1300
1371
3184
2226
833
2421
3123
1217
1454
3070
2066
928
2509
2879
1197
1741
3039
1744
1050
2837
2609
1001
1986
3162
1556
1160
3002
2433
911
2228
3214
1322
1219
3066
2285
928
2302
3068
1323
1555
3173
2040
902
2594
2934
1024
1587
3214
1915
988
2778
2661
934
1882
3242
1604
1023
2955
2613
948
1946
3091
1518
1266
2948
2276
973
2352
2984
1171
1485
3169
2015
863
2603
2997
1058
1571
3241
1925
851
2737
2922
1062
1675
3156
1846
1018
2769
2520
948
2052
3150
1497
1186
3028
2395
948
2258
3143
1305
1349
3123
2164
846
2443
3055
1126
1420
3146
2083
875
2590
2858
1082
1722
3168
1807
976
2845
2735
1003
1901
3187
1650
1101
2956
2431
888
2166
3142
1387
1231
3077
2360
919
2297
3033
1282
1531
3106
2086
942
2550
2873
1067
1673
3156
1875
1008
2851
2705
910
1942
3263
1635
969
2918
2692
949
2017
3131
1486
1283
3029
2310
951
2360
3065
1172
1369
3101
2121
884
2528
2990
1081
1652
3212
1927
880
2678
2893
1027
1805
3177
1776
1080
2797
2574
1010
2042
3129
1504
1245
3033
2402
933
2222
3091
1257
1415
3174
2184
843
2431
3111
1098
1480
3178
2084
956
2556
2819
1092
1751
3136
1768
1016
2833
2672
947
1912
3158
1600
1135
2917
2389
876
2158
3229
1363
1215
3081
2296
877
2286
3082
1274
1490
3122
2055
959
2638
2965
1061
1633
3166
1832
957
2815
2728
954
1890
3177
1603
1054
3005
2591
908
1992
3168
1591
1358
3026
2184
923
2367
3021
1182
1453
3150
2062
872
2515
2916
1077
1629
3236
1939
885
2722
2831
1028
1741
3159
1804
1049
2823
2494
932
2040
3142
1488
1161
2990
2357
938
2283
3119
1291
1324
3156
2204
833
2405
3074
1217
1471
3151
2111
972
2600
2774
1008
1751
3164
1794
1049
2821
2588
983
2049
3208
1490
1073
3035
2488
799
2112
3238
1436
1187
3037
2381
912
2319
3061
1262
1477
3085
2134
1001
2597
2877
1050
1701
3165
1852
991
2776
2684
916
1897
3176
1635
1036
2978
2676
957
2028
3125
1519
1308
3010
2347
1008
2297
2986
1245
1464
3073
2125
995
2594
2945
1052
1705
3230
1841
849
2706
2883
1039
1784
3168
1740
1039
2846
2647
964
1960
3120
1493
1260
3089
2390
909
2205
3166
1332
1404
3122
2189
884
2409
3052
1154
1454
3127
2092
996
2545
2817
1110
1824
3122
1748
1050
2944
2740
951
1907
3207
1596
1177
3009
2392
865
2136
3182
1384
1214
3062
2332
923
2248
3042
1273
1453
3078
2028
961
2568
2885
1057
1664
3163
1833
990
2759
2690
960
1803
3219
1713
1085
2961
2583
957
2052
3181
1541
1287
3086
2302
908
2290
3080
1272
1404
3124
2111
907
2497
2940
1137
1569
3155
1916
918
2762
2888
1061
1796
3265
1849
1000
2829
2576
962
1961
3152
1528
1146
2983
2356
916
2181
3086
1333
1383
3125
2185
884
2497
3064
1119
1453
3180
2050
864
2619
2836
1062
1754
3122
1760
1001
2833
2627
987
1983
3182
1629
1154
2999
2492
905
2147
3148
1366
1196
3055
2354
946
2349
3033
1231
1523
3148
2073
1017
2648
2878
1051
1687
3178
1878
995
2752
2719
960
1848
3196
1638
1014
2934
2620
968
2061
3125
1455
1288
3022
2300
887
2289
3047
1186
1363
3087
2148
902
2456
2923
1040
1615
3209
1995
868
2714
2942
1034
1730
3196
1818
1077
2827
2509
902
2026
3152
1471
1116
2996
2451
969
2197
3088
1276
1406
3132
2199
847
2411
3092
1197
1482
3123
2090
1026
2554
2744
1057
1820
3163
1770
1060
2857
2668
964
1953
3252
1615
1083
2937
2479
892
2109
3187
1382
1299
3138
2337
913
2316
3117
1295
1469
3104
2112
1006
2588
2888
1089
1663
3161
1878
1035
2791
2675
960
1894
3227
1633
1067
2988
2576
937
2079
3214
1447
1207
3077
2316
875
2226
3100
1290
1382
3094
2120
953
2497
2862
1067
1641
3172
1906
936
2686
2787
1042
1809
3206
1778
1024
2863
2602
951
2023
3154
1510
1173
3033
2399
897
2237
3160
1332
1309
3112
2222
931
2441
2999
1115
1487
3154
2016
910
2633
2754
1012
1789
3229
1779
903
2823
2717
980
1956
3191
1622
1129
2977
2425
911
2209
3071
1307
1319
3181
2302
837
2391
3066
1145
1452
3165
2076
888
2605
2958
1065
1694
3203
1913
920
2749
2761
968
1914
3201
1568
1055
3021
2610
970
2156
3140
1437
1271
3060
2270
817
2329
3176
1259
1339
3142
2247
945
2479
2926
1070
1591
3175
1897
952
2741
2829
1002
1853
3159
1682
1044
2866
2535
912
2009
3125
1418
1127
3095
2455
819
2108
3120
1331
1420
3150
2157
846
2466
3067
1193
1561
3158
2047
946
2597
2875
1062
1742
3176
1760
962
2912
2782
960
1912
3215
1564
1210
3048
2433
867
2159
3215
1363
1263
3075
2258
867
2331
3118
1273
1509
3130
1995
883
2610
2946
1044
1643
3141
1851
1016
2769
2659
985
1925
3206
1590
1074
3060
2632
837
1983
3267
1514
1151
3049
2349
896
2333
3187
1265
1285
3083
2206
934
2448
2915
1164
1639
3117
1863
968
2787
2815
1022
1832
3228
1789
1057
2885
2521
899
2057
3225
1445
1045
3004
2433
892
2144
3126
1379
1367
3124
2289
878
2447
3098
1196
1493
3112
1999
927
2608
2739
1012
1801
3165
1781
1009
2881
2689
955
1851
3162
1699
1167
2919
2406
948
2215
3110
1227
1195
3143
2374
906
2350
3078
1214
1484
3117
2116
908
2565
2902
1071
1700
3178
1885
941
2713
2641
939
1945
3195
1625
1048
2944
2577
961
2143
3106
1393
1218
3052
2396
913
2238
3051
1249
1370
3087
2167
847
2442
2985
1140
1642
3165
1933
887
2715
2845
974
1776
3187
1756
1001
2791
2635
946
1963
3141
1534
1170
3018
2541
952
2069
3070
1408
1424
3027
2186
975
2503
3065
1170
1546
3101
2015
942
2577
2871
1077
1793
3149
1729
955
2903
2824
960
1804
3192
1683
1175
2904
2435
965
2145
3068
1398
1328
3052
2274
950
2332
3045
1242
1521
3154
2048
908
2589
2948
1076
1659
3159
1826
932
2754
2700
985
1834
3136
1702
1123
2893
2531
982
2039
3128
1442
1259
3062
2248
845
2292
3077
1192
1335
3146
2140
913
2458
2915
1124
1659
3172
1902
935
2729
2804
1002
1772
3157
1716
1047
2917
2561
943
2024
3178
1541
1133
2970
2416
957
2202
3113
1401
1358
3040
2145
920
2526
3008
1113
1541
3196
2052
894
2626
2813
1024
1757
3154
1768
974
2852
2720
975
1904
3138
1638
1141
2926
2475
980
2193
3096
1391
1288
3053
2271
960
2429
3049
1226
1527
3170
2092
917
2576
2945
1091
1641
3171
1902
931
2707
2743
986
1941
3228
1659
1091
3009
2600
853
2077
3224
1451
1284
3131
2353
840
2307
3108
1169
1336
3161
2257
908
2383
2902
1159
1728
3224
1909
919
2720
2839
1057
1825
3147
1763
1104
2846
2484
904
2042
3158
1446
1118
3043
2464
904
2122
3108
1359
1419
3057
2106
878
2493
3099
1089
1459
3142
2012
913
2575
2845
1063
1735
3157
1788
1035
2856
2682
993
1947
3138
1632
1242
2952
2426
994
2197
3099
1272
1265
3098
2244
873
2311
3077
1274
1555
3164
2009
889
2581
2955
1084
1608
3177
1908
989
2732
2663
952
1856
3205
1666
1038
2913
2580
986
2051
3144
1548
1297
3015
2250
887
2330
3089
1145
1304
3155
2167
882
2519
3012
1121
1533
3155
1938
926
2717
2847
1087
1808
3128
1685
1042
2907
2594
965
2028
3165
1528
1171
3034
2355
893
2218
3102
1344
1361
3125
2190
857
2436
3047
1144
1444
3151
2122
929
2532
2720
1039
1816
3182
1758
995
2865
2655
926
1951
3181
1638
1108
2964
2452
885
2187
3191
1351
1192
3035
2350
944
2329
2977
1271
1476
3034
2063
973
2535
2826
1066
1671
3237
1956
933
2760
2741
940
1869
3176
1651
1038
2948
2595
901
2040
3183
1500
1207
2938
2345
990
2297
3020
1217
1441
3142
2113
850
2455
2991
1073
1612
3221
1921
919
2779
2853
1013
1818
3139
1652
1067
2865
2580
914
2042
3139
1419
1121
3088
2474
856
2130
3119
1331
1402
3104
2204
861
2359
2990
1168
1536
3108
2050
958
2579
2940
1145
1712
3118
1840
1092
2901
2792
1010
1880
3175
1661
1193
2912
2426
947
2151
3140
1338
1271
3097
2271
902
2365
3077
1226
1489
3135
1994
928
2621
2918
1058
1648
3176
1854
970
2775
2725
965
1864
3240
1566
1020
3015
2611
944
2046
3163
1496
1251
3074
2255
775
2264
3165
1269
1322
3114
2148
912
2485
3021
1193
1610
3142
1941
1039
2762
2775
1057
1747
3111
1743
1088
2899
2487
873
1957
3166
1463
1086
3052
2451
911
2143
3093
1364
1352
3071
2204
898
2393
2972
1178
1522
3154
2056
951
2617
2755
998
1708
3153
1855
1024
2848
2668
974
1938
3215
1628
1099
2944
2443
868
2106
3120
1346
1203
3090
2336
901
2348
3027
1196
1502
3139
2110
872
2538
2929
1061
1602
3122
1957
1043
2707
2740
993
1884
3164
1659
999
2869
2550
902
2063
3190
1422
1213
3036
2343
911
2261
3038
1248
1416
3058
2108
894
2434
2968
1112
1698
3203
1958
965
2739
2848
1036
1827
3220
1757
1006
2865
2653
945
1958
3157
1509
1130
2964
2477
939
2105
3069
1346
1399
3082
2216
909
2349
3004
1228
1557
3040
1965
979
2625
2828
1037
1796
3225
1773
1003
2874
2756
1014
1909
3258
1686
1126
2896
2485
937
2087
3141
1414
1263
3098
2350
926
2262
3040
1288
1546
3100
2007
950
2611
2944
1083
1679
3181
1830
956
2753
2726
990
1878
3173
1628
1056
2978
2617
997
2097
3211
1531
1181
3033
2327
897
2307
3149
1256
1377
3110
2136
906
2427
2895
1140
1617
3177
1992
931
2664
2820
1061
1786
3188
1746
1001
2835
2549
993
2078
3171
1491
1181
3074
2433
938
2187
3097
1383
1392
3078
2135
849
2464
3015
1150
1495
3160
2030
879
2626
2832
1056
1732
3140
1794
989
2870
2674
945
1931
3194
1622
1070
2944
2481
921
2130
3127
1351
1276
3105
2315
954
2411
2998
1159
1514
3153
2102
917
2638
2967
1022
1661
3223
1937
955
2778
2768
960
1824
3177
1677
1043
2926
2597
931
2022
3145
1517
1257
3009
2393
952
2279
3060
1277
1409
3101
2171
883
2408
2957
1133
1672
3229
1977
949
2736
2850
1013
1758
3165
1771
992
2763
2624
1041
2035
3060
1469
1207
3037
2374
929
2293
3128
1231
1422
3172
2197
888
2448
3049
1117
1506
3188
2049
928
2564
2868
1104
1763
3158
1769
1022
2843
2690
1000
1924
3149
1670
1240
2956
2375
894
2173
3139
1337
1277
3086
2308
890
2254
3047
1278
1491
3110
2036
911
2570
2976
1109
1622
3150
1891
1020
2748
2702
997
1847
3185
1697
1055
2900
2566
971
2035
3127
1483
1348
3070
2288
936
2359
3145
1225
1361
3153
2126
915
2513
2973
1107
1601
3163
1903
957
2845
2862
955
1737
3289
1849
973
2803
2617
971
2030
3190
1539
1154
3005
2399
957
2222
3073
1334
1393
3123
2235
914
2476
3036
1147
1522
3146
2062
949
2572
2786
1077
1812
3137
1746
975
2858
2664
950
1935
3155
1597
1197
2983
2377
873
2191
3162
1383
1291
3121
2255
865
2407
3033
1166
1434
3110
2021
882
2629
2921
971
1621
3275
1984
882
2681
2696
959
1876
3207
1609
988
2899
2599
997
2122
3143
1416
1205
3054
2349
871
2320
3120
1214
1389
3145
2186
874
2477
2954
1107
1640
3136
1900
995
2706
2763
997
1796
3147
1727
1031
2852
2546
940
2068
3187
1459
1161
3099
2479
856
2190
3110
1303
1374
3154
2252
921
2435
3005
1089
1470
3148
2021
892
2591
2932
1102
1703
3169
1776
1025
2894
2685
960
1926
3178
1586
1229
2978
2368
897
2147
3134
1337
1338
3102
2209
893
2369
3105
1234
1518
3195
2005
898
2629
2970
1029
1606
3218
1891
957
2730
2711
1001
1896
3218
1673
1080
2940
2561
1000
2084
3148
1468
1244
3037
2251
882
2333
3128
1238
1293
3098
2160
841
2454
2968
1105
1596
3181
1934
927
2758
2883
1036
1707
3182
1803
1040
2873
2521
916
2042
3146
1495
1208
3025
2350
938
2255
3119
1393
1411
3083
2172
934
2482
3056
1157
1484
3175
2076
896
2580
2782
1040
1792
3205
1870
1038
2801
2644
1014
1938
3162
1615
1114
2940
2487
974
2205
3164
1396
1236
3076
2307
896
2345
3071
1265
1545
3135
2107
951
2608
2917
1034
1656
3146
1914
941
2738
2689
922
1911
3222
1626
980
2943
2610
922
2075
3183
1487
1258
3013
2401
946
2259
3030
1244
1482
3158
2148
862
2444
2953
1156
1714
3215
1935
917
2698
2841
996
1720
3113
1769
1096
2811
2480
935
2062
3112
1428
1158
3038
2388
899
2245
3117
1280
1372
3187
2266
858
2352
3038
1181
1492
3112
2049
961
2534
2787
1106
1810
3158
1669
1063
3011
2653
848
1990
3333
1586
1064
3043
2535
872
2003
3136
1403
1248
3056
2268
865
2275
3042
1277
1497
3068
1974
907
2593
2906
1134
1678
3104
1845
964
2759
2702
915
1819
3221
1670
1057
2986
2605
932
2033
3225
1502
1205
3030
2326
960
2258
3053
1267
1419
3202
2155
905
2487
2942
1088
1578
3225
1968
945
2750
2875
1053
1756
3220
1828
1108
2881
2546
979
1995
3085
1544
1212
2985
2361
954
2286
3074
1274
1332
3152
2281
927
2407
3011
1161
1465
3141
2114
942
2575
2787
1084
1797
3149
1800
973
2783
2672
986
1900
3138
1635
1155
2915
2433
933
2158
3086
1321
1267
3128
2336
879
2353
3037
1221
1534
3161
2103
876
2580
2931
1065
1642
3144
1915
917
2729
2815
1010
1860
3158
1672
1070
2920
2578
989
2108
3100
1433
1290
3020
2292
845
2315
3130
1199
1413
3180
2217
869
2423
2977
1125
1608
3168
1969
975
2715
2838
986
1770
3183
1742
1066
2829
2621
1031
2053
3140
1515
1251
3045
2433
929
2172
3105
1295
1394
3112
2189
895
2444
3081
1186
1523
3140
2089
990
2600
2815
1021
1721
3220
1831
1018
2830
2739
989
1881
3186
1644
1139
2907
2409
883
2122
3147
1375
1270
3028
2258
904
2386
3117
1200
1467
3213
2103
862
2588
3021
1104
1608
3196
1873
961
2752
2763
981
1803
3201
1708
1031
2886
2582
1003
2071
3138
1448
1255
3034
2296
874
2287
3099
1311
1391
3079
2119
888
2466
2934
1151
1595
3195
1976
949
2716
2823
998
1751
3187
1766
1036
2877
2556
885
1964
3203
1532
1097
3016
2442
937
2181
3098
1388
1383
3047
2170
950
2493
3013
1038
1487
3292
2085
813
2593
2901
1064
1740
3218
1831
999
2888
2739
1000
1952
3173
1620
1068
2933
2509
956
2207
3159
1388
1245
3080
2311
868
2370
3098
1269
1515
3092
2032
916
2607
2911
1053
1650
3152
1912
953
2695
2645
939
1912
3230
1599
953
2887
2618
1004
2095
3119
1458
1259
3005
2363
947
2309
3051
1218
1424
3147
2213
903
2375
2943
1144
1732
3210
1939
950
2693
2852
1021
1755
3177
1749
1032
2829
2636
1023
2034
3122
1429
1208
3066
2382
875
2231
3180
1280
1362
3129
2164
818
2346
3054
1186
1505
3134
2037
961
2546
2820
1040
1701
3187
1794
1022
2876
2744
991
1894
3177
1632
1193
2952
2412
930
2164
3178
1329
1217
3047
2255
909
2272
3013
1253
1537
3126
2029
959
2589
2891
1054
1676
3207
1831
1010
2801
2714
966
1826
3208
1651
1022
2897
2532
964
2016
3109
1499
1345
3056
2245
870
2290
3079
1246
1408
3110
2124
920
2492
2946
1112
1603
3185
1929
957
2755
2836
1027
1753
3200
1795
981
2783
2578
976
2044
3170
1482
1132
3068
2437
957
2294
3127
1308
1341
3165
2199
815
2430
3095
1163
1400
3113
2094
884
2584
2876
1133
1771
3163
1793
998
2847
2642
1008
1999
3121
1541
1113
3037
2487
860
2166
3212
1346
1194
3084
2372
942
2355
2991
1206
1542
3122
2062
932
2652
2934
1074
1678
3128
1843
976
2774
2696
910
1877
3264
1676
1014
2942
2653
988
2046
3102
1491
1351
3062
2310
881
2257
3061
1235
1401
3128
2137
899
2522
3008
1092
1616
3171
1918
883
2678
2844
1052
1783
3133
1742
1068
2845
2563
972
2048
3121
1432
1251
3103
2372
839
2243
3197
1243
1417
3207
2251
870
2428
3136
1184
1418
3141
2129
1012
2593
2798
1072
1836
3193
1704
993
2883
2710
957
1920
3212
1579
1197
3001
2431
880
2149
3183
1321
1218
3095
2332
905
2282
3124
1288
1520
3127
2079
966
2678
2983
1067
1625
3215
1909
913
2673
2655
887
1853
3279
1664
1010
2965
2609
881
1925
3177
1556
1249
2979
2340
975
2275
3000
1284
1432
3109
2101
948
2534
2939
1090
1601
3212
1922
918
2786
2835
973
1727
3226
1825
978
2783
2578
926
1944
3188
1564
1143
3003
2469
965
2190
3119
1401
1376
3066
2197
922
2476
2997
1151
1514
3152
2057
931
2596
2819
1123
1780
3148
1877
1054
2882
2679
1020
1960
3103
1528
1083
2987
2478
896
2161
3151
1386
1243
3055
2340
915
2295
2968
1244
1614
3160
2032
903
2587
2914
1042
1590
3190
1980
992
2741
2726
970
1949
3242
1652
1040
2947
2578
939
2108
3173
1479
1263
3011
2403
973
2217
3007
1253
1428
3146
2221
929
2487
2959
1092
1601
3142
1954
941
2718
2815
977
1752
3227
1860
1033
2809
2633
993
2012
3146
1430
1129
3026
2450
925
2201
3166
1333
1386
3125
2219
860
2436
3142
1135
1428
3151
2094
905
2518
2835
1096
1768
3141
1706
1001
2887
2730
963
1947
3204
1617
1189
2992
2447
897
2119
3124
1329
1304
3131
2257
822
2278
3082
1259
1517
3157
2061
941
2572
2924
1057
1580
3171
1927
986
2697
2669
970
1808
3199
1704
1028
2858
2581
1014
2023
3161
1503
1257
2989
2225
917
2315
3055
1269
1445
3119
2079
928
2491
2938
1137
1616
3169
1935
949
2714
2825
1077
1778
3164
1800
1059
2869
2558
907
2011
3241
1593
1148
2985
2379
961
2209
3073
1345
1388
3133
2216
874
2427
3083
1180
1444
3127
2072
938
2603
2844
1051
1776
3192
1811
998
2821
2683
1032
1984
3148
1578
1133
3023
2484
875
2128
3209
1477
1248
2982
2291
956
2340
2991
1280
1581
3114
1973
914
2646
2846
964
1659
3196
1913
963
2757
2726
991
1941
3270
1646
955
2877
2652
987
2057
3109
1496
1313
3005
2304
920
2318
3044
1192
1383
3135
2158
871
2483
3027
1174
1668
3194
1902
881
2708
2894
1046
1746
3121
1783
1095
2809
2586
1039
2051
3068
1423
1208
3122
2458
897
2213
3094
1280
1432
3167
2233
907
2463
3119
1161
1481
3114
2060
939
2506
2843
1110
1749
3164
1828
1007
2849
2723
993
1963
3144
1548
1236
3083
2406
791
2113
3235
1436
1178
2990
2330
915
2238
3043
1309
1506
3089
2072
995
2583
2881
1083
1709
3158
1808
926
2779
2796
1025
1833
3205
1675
1027
2956
2643
980
2011
3192
1562
1302
3044
2300
947
2342
3078
1224
1355
3126
2154
946
2549
2898
1047
1553
3229
1975
907
2654
2824
1118
1757
3118
1763
1042
2824
2487
952
2037
3145
1526
1174
3063
2423
911
2208
3119
1337
1336
3124
2214
863
2434
3045
1186
1471
3101
2035
928
2557
2751
1039
1795
3179
1804
971
2841
2661
941
1974
3232
1621
1089
2998
2477
856
2195
3234
1358
1130
3012
2365
891
2294
3076
1273
1492
3051
2083
960
2578
2867
1068
1678
3138
1875
947
2724
2700
950
1897
3224
1669
1000
2929
2625
895
2009
3129
1500
1286
3004
2357
962
2354
3044
1240
1413
3098
2114
915
2557
3004
1109
1639
3202
1911
897
2796
2926
1013
1773
3191
1764
1092
2895
2624
996
2006
3124
1486
1185
3009
2440
914
2241
3156
1280
1350
3160
2270
880
2439
3051
1140
1476
3079
2034
984
2581
2841
1106
1830
3176
1727
1018
2905
2691
953
1924
3166
1549
1088
2990
2508
891
2099
3169
1396
1200
3018
2290
943
2288
3011
1304
1556
3077
1979
989
2673
2937
1020
1643
3257
1905
1002
2741
2672
966
1897
3220
1639
1027
2970
2619
909
1959
3186
1509
1214
3033
2322
878
2307
3108
1238
1310
3110
2165
879
2414
2922
1143
1618
3194
1957
911
2677
2825
1011
1721
3166
1819
1030
2836
2471
877
2025
3145
1505
1165
2998
2369
918
2246
3047
1304
1390
3123
2147
853
2492
3082
1080
1396
3165
2080
909
2581
2861
1081
1756
3166
1800
982
2826
2670
976
1954
3165
1664
1141
2936
2464
926
2186
3137
1388
1320
3095
2235
924
2453
3028
1188
1591
3193
2018
849
2612
2983
1011
1627
3206
1954
926
2725
2782
978
1877
3204
1680
1075
2955
2597
960
2161
3154
1440
1245
3037
2392
926
2264
3108
1238
1351
3095
2213
986
2449
2905
1168
1725
3208
1926
952
2761
2860
1054
1857
3195
1696
1024
2898
2554
848
1951
3201
1497
1126
2963
2413
933
2200
3157
1378
1405
3032
2141
953
2481
3020
1104
1562
3202
1988
898
2604
2863
1046
1748
3137
1773
1002
2840
2732
1011
1887
3148
1575
1157
2979
2421
904
2160
3129
1351
1307
3058
2256
985
2350
3010
1227
1497
3118
1996
939
2623
2891
988
1609
3218
1898
979
2690
2666
987
1912
3248
1664
1026
2921
2556
971
1994
3130
1520
1318
3045
2241
905
2351
3086
1252
1447
3204
2150
878
2468
2958
1157
1658
3185
1941
955
2784
2872
1036
1720
3138
1831
1060
2839
2552
921
2072
3169
1484
1107
2993
2373
825
2187
3195
1336
1230
3037
2285
910
2392
3008
1151
1456
3138
2040
878
2552
2850
1079
1741
3174
1827
1056
2815
2621
1014
1982
3165
1614
1150
2999
2499
902
2163
3183
1429
1269
3060
2304
896
2346
3069
1240
1481
3125
2069
873
2589
2973
1052
1574
3152
1933
896
2671
2773
1042
1888
3128
1628
1070
2935
2542
962
2116
3140
1515
1343
3035
2268
955
2272
2982
1197
1430
3099
2120
894
2475
2947
1086
1691
3200
1880
898
2711
2847
1050
1840
3181
1735
1031
2822
2627
987
2038
3184
1451
1146
3079
2446
889
2216
3183
1348
1351
3140
2236
857
2368
3052
1226
1538
3123
2047
964
2557
2812
1071
1728
3128
1802
1047
2810
2706
971
1866
3213
1663
1119
2912
2447
946
2182
3118
1342
1282
3048
2281
925
2291
3005
1226
1505
3144
2034
865
2579
2972
1105
1634
3153
1880
957
2735
2705
985
1855
3147
1648
1107
2949
2530
950
2061
3179
1492
1214
3088
2373
863
2248
3080
1222
1363
3108
2119
947
2479
2867
1120
1640
3176
1945
975
2737
2786
1013
1772
3248
1796
1003
2837
2592
943
1940
3160
1585
1116
2947
2422
968
2157
3106
1430
1351
3070
2213
919
2481
3064
1224
1546
3127
2040
984
2610
2761
1076
1776
3160
1810
1029
2909
2686
941
1919
3192
1619
1131
2980
2454
906
2159
3159
1310
1180
3097
2334
863
2252
3027
1249
1490
3133
2096
960
2614
2902
1073
1694
3169
1880
1000
2746
2697
1001
2003
3133
1569
1104
2996
2539
872
2094
3161
1453
1258
3043
2342
852
2306
3112
1168
1353
3128
2180
853
2436
3031
1145
1567
3112
1981
993
2729
2832
1020
1821
3186
1745
1069
2855
2632
987
1992
3117
1481
1139
2974
2481
923
2104
3106
1377
1399
3061
2168
914
2406
3015
1113
1474
3148
2015
938
2620
2901
1030
1702
3214
1819
914
2847
2789
962
1860
3172
1611
1177
2952
2368
898
2177
3155
1356
1265
3104
2229
840
2315
3076
1210
1463
3186
2089
886
2575
2984
1059
1602
3213
1920
1007
2753
2672
946
1860
3190
1655
1037
2876
2540
1002
2056
3142
1461
1216
3032
2338
902
2307
3154
1231
1301
3136
2170
856
2441
2974
1129
1524
3163
1963
908
2679
2805
1038
1745
3149
1727
1031
2832
2485
919
2086
3201
1476
1132
2989
2396
973
2215
3084
1351
1380
3071
2146
825
2420
3060
1161
1427
3114
2055
911
2546
2780
1037
1759
3156
1729
963
2801
2667
994
1879
3171
1641
1129
2926
2492
942
2180
3173
1359
1193
3042
2355
929
2293
3030
1316
1529
3005
2017
951
2593
2883
1032
1664
3197
1922
917
2732
2769
982
1875
3235
1672
945
2891
2663
977
2014
3102
1534
1261
2981
2358
954
2300
3048
1292
1484
3091
2113
893
2493
2970
1104
1671
3211
1940
865
2699
2876
1003
1745
3152
1772
1019
2769
2604
985
1979
3065
1412
1195
3014
2373
873
2224
3139
1278
1385
3150
2241
846
2318
3055
1179
1463
3088
2049
992
2583
2817
1076
1842
3187
1721
1030
2903
2697
962
1938
3140
1525
1164
3035
2456
849
2166
3231
1347
1255
3094
2319
897
2273
3064
1274
1426
3072
2023
956
2627
2891
993
1694
3221
1843
955
2778
2725
917
1793
3220
1677
1039
2880
2597
971
1951
3134
1553
1266
3019
2333
935
2332
3082
1218
1381
3107
2082
904
2557
2967
1109
1564
3200
1969
906
2734
2938
1007
1645
3186
1866
1034
2796
2567
987
2030
3128
1537
1206
3052
2430
903
2164
3087
1370
1363
3033
2142
888
2513
3025
1110
1499
3259
2137
834
2500
2882
1121
1740
3144
1841
1039
2867
2680
1023
2024
3145
1554
1141
3005
2388
845
2214
3152
1312
1176
3076
2356
883
2278
3012
1275
1501
3086
2071
950
2618
2887
1098
1723
3156
1873
996
2798
2749
936
1883
3225
1610
944
2905
2658
966
2034
3148
1505
1259
2988
2394
962
2232
2997
1234
1474
3151
2124
884
2539
3024
1061
1571
3221
1971
879
2682
2884
1012
1745
3048
1706
1099
2868
2589
953
2026
3157
1489
1186
3038
2417
887
2228
3110
1288
1393
3134
2187
873
2484
3076
1213
1559
3126
2009
974
2629
2812
1088
1845
3146
1709
1065
2957
2705
898
1982
3250
1582
1136
3014
2393
840
2129
3197
1329
1226
3139
2333
896
2295
3072
1281
1468
3094
2000
892
2521
2912
1105
1642
3126
1881
1003
2735
2651
934
1876
3176
1623
1068
2957
2584
914
2010
3232
1518
1219
2992
2309
939
2346
3103
1272
1388
3103
2146
935
2457
2894
1148
1624
3136
1972
1045
2783
2825
1026
1737
3181
1869
1060
2754
2476
1001
2043
3144
1521
1112
2963
2413
985
2197
3084
1366
1339
3044
2241
941
2388
2962
1137
1482
3192
2099
899
2581
2793
1019
1737
3200
1823
1039
2852
2685
987
1942
3191
1597
1076
2949
2489
941
2193
3173
1273
1172
3129
2309
831
2347
3080
1243
1563
3151
2089
943
2612
2924
1050
1654
3150
1898
950
2724
2793
1014
1880
3146
1615
1041
2949
2614
917
2020
3138
1507
1312
3011
2294
970
2279
2952
1172
1484
3085
2062
871
2491
2962
1084
1652
3162
1922
901
2707
2867
1044
1769
3101
1734
1077
2826
2618
954
2028
3184
1473
1108
2969
2419
851
2161
3147
1317
1334
3055
2164
859
2445
3095
1150
1476
3161
2066
930
2614
2878
1047
1751
3214
1787
994
2781
2704
999
1914
3170
1576
1190
3024
2419
900
2105
3087
1339
1351
3103
2259
896
2323
3104
1245
1404
3090
2114
1011
2588
2919
1107
1625
3102
1844
1025
2759
2707
1000
1935
3205
1595
1001
2952
2597
977
2058
3170
1512
1230
3038
2300
921
2301
3065
1276
1377
3123
2122
903
2507
2988
1155
1583
3149
1924
914
2741
2871
1033
1765
3245
1800
993
2864
2601
933
1934
3129
1497
1132
3022
2403
865
2136
3096
1388
1327
3061
2224
894
2457
3043
1209
1503
3106
2066
979
2671
2839
1017
1707
3203
1849
948
2788
2734
1015
1874
3095
1601
1139
2964
2462
903
2165
3144
1374
1210
3006
2290
977
2285
2985
1209
1510
3125
2051
930
2622
2927
1053
1676
3178
1895
950
2745
2727
883
1787
3186
1680
1060
2948
2593
900
2036
3151
1423
1230
3073
2368
885
2264
3063
1232
1341
3068
2138
893
2434
2911
1131
1740
3127
1792
914
2752
2812
1010
1853
3145
1682
1095
2890
2545
908
2084
3217
1437
1106
3065
2491
861
2173
3165
1325
1344
3087
2240
935
2409
3018
1156
1496
3068
2025
983
2518
2822
1111
1829
3136
1775
995
2838
2703
972
1911
3197
1626
1223
3014
2489
939
2103
3150
1422
1304
3106
2324
934
2333
3081
1311
1496
3085
2036
968
2664
2928
1059
1678
3153
1855
1007
2757
2709
1011
1895
3157
1615
1068
2981
2559
902
2018
3186
1482
1256
3055
2231
869
2328
3090
1206
1335
3131
2131
912
2467
3002
1162
1622
3226
2016
938
2708
2824
987
1723
3196
1763
1024
2836
2488
907
2064
3237
1480
1039
2938
2426
1022
2241
3090
1380
1424
3092
2162
936
2488
3004
1137
1546
3189
2008
885
2619
2849
1089
1753
3203
1863
1040
2893
2709
983
1963
3200
1631
1120
2958
2465
915
2101
3114
1359
1243
3098
2325
896
2375
3075
1233
1476
3104
2065
895
2570
2951
1064
1600
3148
1951
939
2704
2687
997
1955
3179
1625
1035
2964
2587
932
2104
3161
1438
1224
3081
2419
835
2259
3169
1279
1306
3060
2257
902
2404
2951
1140
1650
3155
1924
938
2738
2856
991
1808
3187
1779
1089
2890
2645
922
1946
3163
1477
1123
2997
2461
902
2162
3093
1312
1433
3114
2172
927
2471
3025
1069
1516
3181
1994
944
2647
2806
993
1743
3230
1786
913
2824
2754
940
1821
3162
1572
1129
2919
2417
943
2197
3132
1339
1322
3178
2278
863
2338
3102
1185
1481
3228
2046
858
2640
3001
1016
1546
3157
1906
967
2736
2692
1008
1849
3175
1653
1080
2949
2505
885
2056
3262
1470
1082
3035
2370
877
2203
3112
1293
1333
3077
2174
932
2426
2951
1185
1647
3144
1898
987
2797
2806
957
1752
3193
1746
1013
2828
2541
929
1996
3177
1582
1177
2958
2407
941
2164
3068
1351
1402
3099
2202
914
2457
3013
1172
1537
3110
2002
959
2650
2787
1009
1733
3224
1777
959
2832
2646
923
1881
3119
1589
1148
2934
2430
924
2153
3131
1383
1235
3075
2332
878
2305
3024
1209
1560
3184
2078
903
2647
3007
1069
1571
3176
2005
908
2659
2761
984
1947
3244
1647
1033
2951
2574
932
2102
3144
1439
1230
2997
2383
920
2198
3054
1307
1425
3044
2144
963
2481
2924
1130
1641
3125
1938
930
2668
2856
993
1728
3157
1804
1014
2796
2626
943
1904
3112
1565
1172
2906
2422
904
2140
3098
1341
1424
3112
2231
906
2466
3076
1160
1563
3161
2007
856
2596
2885
1065
1769
3152
1719
985
2873
2730
989
1895
3092
1537
1174
2952
2399
890
2133
3131
1278
1181
3105
2335
874
2262
3023
1238
1485
3105
2046
921
2563
2946
1098
1625
3149
1910
974
2719
2706
1018
1938
3204
1614
1085
3032
2538
902
2077
3224
1485
1240
3117
2299
840
2285
3119
1246
1310
3062
2140
977
2468
2898
1165
1618
3187
1957
923
2726
2849
1074
1749
3168
1785
1055
2855
2527
936
2034
3199
1535
1104
3074
2485
878
2151
3072
1410
1444
3126
2215
919
2431
2975
1130
1514
3205
2050
916
2638
2777
966
1739
3222
1808
918
2843
2761
987
1849
3099
1672
1197
2917
2383
914
2137
3094
1363
1277
3083
2295
919
2404
3045
1177
1513
3181
2102
883
2564
2946
1080
1582
3136
1996
964
2675
2702
1057
1922
3111
1586
1022
2977
2620
930
2019
3139
1499
1236
2950
2310
969
2295
3045
1191
1305
3108
2246
943
2406
2881
1137
1789
3192
1869
967
2789
2818
939
1823
3215
1723
977
2851
2666
952
2000
3183
1488
1104
2985
2476
937
2161
3102
1351
1359
3007
2147
943
2417
2951
1112
1530
3128
2027
924
2569
2856
1047
1742
3185
1753
978
2890
2722
953
1900
3204
1676
1165
2946
2431
920
2134
3150
1409
1307
3074
2236
860
2297
3119
1268
1483
3143
2038
921
2639
2894
1075
1678
3160
1826
984
2773
2740
973
1786
3188
1718
1073
2951
2582
988
2030
3188
1526
1188
2983
2307
935
2240
3070
1248
1379
3116
2149
958
2519
2930
1109
1638
3252
1923
897
2749
2902
1037
1706
3258
1908
1001
2811
2651
1027
1939
3117
1516
1195
3012
2371
914
2222
3083
1293
1308
3143
2205
795
2423
3048
1165
1436
3153
2110
937
2571
2756
1047
1821
3170
1747
963
2894
2677
946
1920
3166
1585
1082
2979
2449
881
2136
3135
1404
1245
3075
2375
938
2319
2998
1288
1571
3117
2025
932
2643
2920
1043
1687
3263
1911
934
2809
2739
944
1902
3277
1706
1035
2882
2581
1036
2135
3122
1442
1301
3058
2298
907
2337
3076
1251
1465
3121
2100
888
2493
2963
1041
1625
3270
1970
865
2689
2876
1048
1764
3145
1777
1010
2762
2547
912
1958
3146
1548
1192
2984
2389
903
2239
3083
1254
1414
3213
2211
820
2390
3118
1116
1430
3142
2115
962
2537
2945
1147
1779
3152
1801
1038
2883
2738
980
1893
3187
1613
1190
3008
2436
843
2082
3181
1353
1199
3040
2359
941
2253
3091
1326
1491
3078
2057
977
2629
2938
1073
1686
3127
1818
1017
2777
2653
950
1862
3177
1652
1071
2944
2574
898
1957
3208
1607
1268
3008
2304
986
2323
3030
1182
1399
3194
2101
850
2525
2957
1086
1644
3227
1960
945
2722
2814
999
1749
3226
1827
1044
2820
2533
1001
2080
3152
1481
1131
3065
2454
885
2150
3096
1348
1340
3122
2222
852
2422
3085
1172
1387
3143
2126
924
2591
2836
1095
1734
3157
1838
985
2841
2698
1012
1885
3140
1650
1158
2953
2389
863
2171
3203
1352
1155
3112
2463
981
2293
2928
1210
1569
3171
2080
870
2569
2957
1093
1616
3125
1908
927
2641
2736
1024
1910
3150
1621
1004
2921
2653
952
2047
3207
1533
1284
2991
2339
954
2287
3098
1274
1397
3061
2114
896
2477
2982
1156
1662
3218
1932
913
2653
2803
1030
1798
3182
1768
1038
2854
2614
900
1921
3107
1450
1112
2972
2486
937
2146
3135
1364
1383
3040
2164
930
2439
3045
1156
1551
3153
2007
922
2625
2851
1099
1758
3191
1798
986
2880
2743
1014
1975
3191
1549
1173
3016
2462
942
2160
3132
1285
1263
3133
2280
820
2314
3131
1253
1503
3158
1970
777
2539
2978
1060
1584
3135
1895
998
2687
2710
1050
1852
3111
1601
1037
2947
2577
934
1978
3180
1560
1220
2994
2341
918
2223
3051
1307
1374
3042
2113
980
2516
2898
1146
1622
3154
1943
965
2735
2806
987
1750
3227
1782
1008
2826
2584
952
1984
3157
1490
1074
3041
2490
957
2177
3124
1410
1384
3082
2247
963
2446
3051
1166
1452
3140
2080
933
2623
2799
1014
1720
3188
1830
993
2855
2677
964
1970
3149
1578
1100
2987
2481
840
2129
3191
1399
1177
3040
2331
910
2379
3041
1231
1513
3115
2036
871
2592
2881
1008
1661
3188
1919
891
2664
2708
984
1889
3162
1659
1023
2891
2612
967
2000
3097
1569
1313
2991
2272
922
2288
3025
1264
1425
3129
2138
855
2471
2941
1066
1641
3212
2006
942
2689
2869
1080
1757
3067
1754
1056
2773
2546
998
2018
3069
1479
1201
3010
2415
836
2181
3147
1287
1324
3119
2216
825
2413
3082
1146
1472
3151
2093
918
2517
2886
1128
1718
3135
1792
1021
2862
2705
966
1907
3181
1613
1195
3013
2426
882
2130
3161
1312
1204
3071
2332
949
2280
3048
1263
1518
3137
2115
999
2569
2853
1058
1711
3162
1726
940
2802
2796
950
1832
3225
1614
1017
2978
2634
934
1951
3154
1576
1280
3044
2302
907
2268
3052
1188
1359
3123
2092
948
2527
2943
1091
1603
3199
1922
866
2660
2797
1037
1708
3203
1808
1006
2841
2629
1019
1997
3096
1493
1155
3041
2393
903
2190
3088
1323
1336
3109
2212
865
2432
3059
1164
1433
3144
2093
921
2504
2771
1128
1774
3118
1861
1107
2861
2619
967
1979
3241
1590
1061
2979
2454
851
2154
3217
1428
1194
3011
2324
889
2301
2905
1162
1591
3144
2021
905
2585
2901
1048
1702
3163
1871
947
2760
2778
929
1900
3253
1642
962
2953
2709
906
2013
3198
1543
1185
2919
2327
934
2286
3088
1297
1472
3074
2140
894
2503
2984
1068
1640
3257
1976
887
2649
2894
1007
1702
3139
1835
1060
2774
2644
1042
1961
3033
1436
1256
3032
2365
891
2186
3121
1302
1390
3125
2142
844
2476
3107
1146
1466
3133
2056
928
2539
2818
1106
1740
3113
1750
1035
2876
2703
972
1934
3169
1577
1208
3015
2415
883
2143
3179
1366
1249
3107
2323
907
2313
3124
1282
1506
3139
2040
945
2620
2898
1026
1630
3231
1904
951
2749
2677
993
1911
3142
1624
1108
2961
2544
971
2076
3188
1479
1193
3048
2324
913
2335
3156
1295
1369
3096
2151
928
2483
2932
1150
1682
3216
1904
944
2794
2884
1016
1722
3105
1734
1050
2886
2528
936
2040
3183
1491
1107
3050
2440
923
2239
3107
1286
1334
3121
2204
868
2420
3049
1233
1493
3097
2034
944
2656
2802
1061
1781
3158
1793
996
2849
2665
1022
1988
3164
1584
1121
3007
2455
843
2126
3159
1354
1179
3073
2397
893
2326
3037
1224
1480
3111
2106
947
2549
2838
1036
1696
3170
1884
886
2701
2726
952
1905
3225
1622
994
2900
2645
941
2068
3117
1450
1246
3031
2301
876
2325
3073
1207
1416
3130
2138
865
2482
2980
1105
1591
3184
1907
870
2649
2790
1009
1791
3191
1720
1027
2813
2579
968
1968
3055
1461
1215
3109
2441
849
2131
3136
1298
1418
3167
2140
789
2413
3138
1163
1497
3206
2072
913
2578
2915
1083
1698
3184
1820
968
2852
2746
984
1896
3194
1601
1155
3014
2422
839
2089
3156
1403
1295
3086
2268
941
2303
3016
1218
1510
3136
1974
892
2600
2923
1085
1692
3205
1855
991
2775
2630
913
1854
3257
1682
1037
2993
2635
897
1934
3182
1614
1273
2996
2325
987
2292
3043
1271
1442
3142
2141
896
2485
2955
1116
1616
3224
1945
920
2747
2828
1014
1757
3235
1799
1010
2871
2558
930
1960
3135
1521
1177
3042
2369
904
2233
3146
1317
1304
3137
2237
859
2409
3052
1157
1455
3153
2063
963
2639
2771
1024
1795
3146
1770
1013
2829
2604
926
1940
3194
1556
1030
2960
2495
860
2121
3159
1358
1203
3092
2405
954
2296
3074
1294
1500
3086
2068
915
2532
2853
1066
1680
3151
1844
1003
2798
2750
944
1911
3268
1685
993
2952
2669
934
2012
3079
1486
1320
2982
2291
952
2289
3051
1219
1432
3126
2131
814
2484
2997
1026
1676
3279
1891
855
2722
2873
1014
1760
3153
1778
1026
2783
2622
978
2027
3168
1492
1178
3024
2447
944
2188
3127
1317
1434
3135
2161
845
2492
3117
1059
1409
3192
2097
967
2563
2886
1107
1783
3205
1730
952
2799
2681
987
1935
3206
1602
1131
2915
2467
934
2094
3141
1408
1315
3102
2275
847
2271
3024
1209
1490
3132
2001
869
2622
2998
1088
1598
3208
1878
869
2672
2785
1052
1845
3169
1627
1052
2956
2535
943
2079
3191
1516
1260
3055
2323
922
2280
3082
1278
1363
3160
2165
914
2513
2950
1071
1582
3187
1946
917
2772
2839
993
1749
3231
1732
891
2834
2624
966
1995
3140
1477
1144
3042
2376
950
2234
3086
1353
1375
3096
2140
928
2578
3059
1129
1512
3196
2038
856
2600
2801
1062
1798
3204
1804
973
2853
2730
1032
1890
3122
1633
1077
2922
2461
874
2100
3162
1393
1207
3035
2322
926
2321
3052
1251
1539
3128
2097
938
2604
2966
1091
1660
3135
1881
956
2770
2776
957
1886
3212
1652
987
2955
2661
890
1985
3153
1542
1249
2980
2352
927
2246
3041
1235
1384
3089
2157
880
2458
2994
1113
1589
3119
1941
933
2706
2856
1035
1762
3116
1757
1112
2873
2578
975
2003
3170
1552
1169
3014
2450
925
2160
3098
1301
1398
3114
2178
913
2458
3068
1183
1533
3147
2022
942
2545
2819
1069
1795
3186
1738
959
2870
2763
912
1771
3166
1618
1116
2925
2474
899
2102
3184
1440
1256
3046
2328
851
2245
3113
1322
1504
3168
1995
844
2640
3054
1079
1600
3183
1945
990
2706
2684
1012
1905
3239
1662
1045
2918
2545
940
2007
3151
1470
1221
3056
2281
813
2299
3179
1279
1328
3118
2185
947
2427
2922
1220
1660
3125
1919
951
2747
2793
980
1758
3208
1760
975
2798
2557
967
2024
3155
1507
1102
2987
2440
966
2148
3042
1403
1415
3054
2141
895
2465
3016
1135
1488
3197
2032
820
2608
2852
1035
1783
3205
1786
952
2921
2777
961
1892
3189
1635
1100
2929
2409
923
2183
3141
1407
1289
3100
2304
890
2409
3065
1186
1518
3094
2064
956
2614
2869
972
1589
3192
1952
958
2665
2657
976
1872
3117
1615
1072
2932
2555
941
2065
3177
1512
1328
3073
2339
926
2304
3085
1222
1386
3138
2203
976
2494
2930
1095
1659
3147
1911
938
2714
2870
1058
1770
3111
1753
1075
2836
2570
939
2085
3224
1440
1140
3096
2484
898
2134
3101
1341
1402
3063
2150
931
2433
3011
1181
1549
3157
2041
923
2579
2791
1057
1793
3158
1791
1024
2861
2747
985
1876
3150
1592
1190
2984
2438
868
2100
3100
1362
1302
3115
2302
922
2261
3016
1275
1529
3156
2017
896
2648
2996
1039
1588
3158
1871
1012
2752
2699
996
1861
3171
1632
1054
2964
2577
920
2011
3183
1504
1212
3071
2344
854
2244
3154
1327
1322
3034
2144
953
2474
2952
1128
1609
3157
1910
989
2791
2770
979
1789
3199
1728
1014
2872
2562
882
1978
3218
1580
1111
2989
2440
945
2153
3085
1374
1370
3093
2190
866
2432
3046
1158
1454
3064
2015
939
2656
2809
998
1715
3229
1890
982
2784
2716
1019
1949
3186
1666
1116
2941
2465
911
2135
3148
1348
1186
3058
2362
923
2314
2977
1194
1470
3118
2081
897
2531
2882
1101
1675
3166
1911
939
2723
2779
1013
1857
3168
1676
1118
2931
2541
966
2138
3126
1398
1258
3040
2372
927
2286
3087
1227
1399
3106
2147
798
2408
2989
1069
1678
3255
1945
853
2691
2927
1003
1722
3153
1813
1081
2760
2557
998
2024
3106
1422
1141
2980
2397
931
2242
3123
1326
1425
3121
2193
847
2411
3088
1189
1552
3114
2015
950
2608
2809
1007
1740
3193
1800
984
2811
2716
966
1886
3158
1614
1147
2953
2439
930
2167
3144
1321
1283
3083
2270
860
2316
3030
1195
1466
3173
2068
913
2617
2964
1120
1683
3180
1900
1027
2757
2675
1023
1889
3203
1672
1072
2983
2578
950
2014
3167
1519
1266
3089
2283
830
2319
3148
1243
1318
3098
2175
907
2423
2904
1165
1572
3128
1930
986
2750
2797
1012
1767
3223
1770
1023
2907
2595
934
1968
3169
1486
1120
3004
2411
985
2233
3128
1351
1353
3117
2205
873
2410
3030
1146
1470
3170
2056
895
2633
2855
1070
1788
3186
1751
977
2924
2727
985
1900
3189
1665
1176
2955
2422
907
2181
3173
1397
1285
3116
2327
901
2369
3018
1234
1578
3131
2050
956
2564
2869
1074
1646
3157
1892
909
2699
2714
954
1877
3241
1605
946
2989
2653
927
2082
3191
1477
1239
3036
2322
879
2294
3133
1238
1349
3078
2159
909
2474
2967
1105
1569
3150
1957
914
2725
2888
977
1729
3153
1791
1097
2815
2594
975
2023
3156
1512
1195
2977
2366
936
2238
3155
1338
1461
3138
2143
842
2456
3065
1115
1502
3174
2027
962
2557
2808
1039
1743
3169
1710
991
2897
2735
954
1900
3224
1595
1145
2962
2416
860
2060
3185
1393
1232
3048
2328
958
2284
3052
1283
1525
3092
2013
962
2592
2846
1030
1664
3200
1842
981
2729
2669
955
1887
3246
1673
1077
2987
2567
871
1992
3246
1518
1164
2991
2314
927
2311
3011
1190
1406
3197
2166
873
2436
2932
1165
1617
3151
1976
951
2722
2857
1050
1737
3192
1811
1054
2814
2462
913
2036
3177
1483
1120
3015
2405
935
2223
3093
1316
1385
3156
2225
883
2458
3028
1108
1453
3225
2107
880
2609
2845
1064
1811
3202
1811
1003
2843
2666
957
1892
3085
1617
1168
2963
2461
881
2119
3117
1359
1258
3121
2332
844
2309
3083
1221
1446
3112
2141
962
2591
2896
1046
1667
3144
1893
926
2721
2705
940
1935
3220
1582
1009
2963
2635
951
2024
3151
1506
1316
3036
2351
933
2318
3071
1172
1392
3119
2145
815
2401
2993
1164
1668
3162
1946
938
2702
2852
995
1795
3152
1729
1051
2846
2547
890
2093
3243
1437
1162
3093
2495
914
2174
3118
1365
1431
3109
2222
909
2405
2981
1154
1555
3129
2032
914
2555
2858
1034
1717
3161
1773
975
2839
2688
986
1965
3175
1558
1159
2992
2469
884
2144
3171
1325
1226
3090
2304
874
2266
3026
1242
1514
3143
2107
960
2596
2937
1077
1637
3117
1804
986
2811
2719
934
1842
3208
1595
998
2961
2607
953
1988
3139
1483
1195
3011
2363
927
2278
3069
1217
1357
3044
2065
951
2504
2884
1138
1682
3181
1886
891
2698
2814
1078
1781
3115
1725
1079
2855
2518
978
2038
3144
1555
1179
2987
2409
992
2200
3060
1388
1407
3058
2131
903
2472
3029
1193
1512
3160
2048
957
2644
2772
1020
1817
3189
1779
957
2838
2682
954
1933
3249
1735
1112
2964
2519
960
2068
3061
1365
1211
3041
2341
913
2282
3000
1272
1486
3105
2035
878
2587
2917
1134
1695
3121
1933
1035
2748
2656
950
1897
3145
1600
1006
2938
2604
933
2080
3171
1475
1184
2957
2362
927
2207
3041
1270
1416
3098
2158
893
2482
2918
1045
1639
3191
1899
860
2691
2906
997
1727
3156
1770
1030
2789
2603
993
2011
3178
1544
1172
2967
2390
905
2204
3140
1359
1352
3074
2223
951
2382
2944
1122
1542
3172
2050
956
2570
2839
1117
1793
3151
1742
971
2865
2767
948
1851
3191
1619
1198
2949
2397
930
2182
3172
1322
1251
3030
2258
892
2287
3094
1212
1500
3153
2013
889
2594
2947
1034
1600
3218
1901
1013
2763
2696
965
1792
3162
1672
1067
2862
2546
1040
2073
3094
1437
1290
3085
2296
905
2323
3130
1264
1332
3040
2123
1011
2518
2877
1113
1677
3189
1891
947
2787
2837
1025
1771
3219
1793
997
2835
2542
920
2018
3172
1524
1153
2966
2378
945
2162
3029
1340
1358
3056
2199
898
2476
3018
1093
1442
3246
2141
854
2589
2876
1088
1706
3145
1882
973
2724
2703
1053
1930
3129
1635
1167
2950
2434
910
2124
3070
1440
1344
3024
2267
966
2425
2996
1192
1557
3213
2092
897
2644
2927
979
1615
3187
1922
886
2679
2766
990
1865
3189
1690
1046
2906
2578
1017
2096
3101
1415
1241
3015
2349
896
2284
3078
1220
1407
3186
2226
866
2431
2974
1120
1730
3205
1930
953
2681
2795
1033
1854
3165
1724
1125
2875
2531
933
2025
3108
1463
1222
3002
2368
891
2230
3156
1310
1353
3089
2249
917
2387
3012
1170
1532
3140
2040
946
2563
2828
1108
1769
3120
1813
1041
2799
2687
981
1909
3170
1556
1164
2973
2440
913
2152
3142
1271
1188
3131
2336
869
2266
3109
1326
1478
3105
2109
952
2592
2926
1052
1602
3164
1938
1031
2736
2699
983
1827
3180
1569
1033
3030
2586
917
2018
3177
1528
1238
3009
2258
911
2331
3078
1176
1390
3180
2173
878
2418
2956
1144
1563
3170
1991
992
2702
2807
1074
1737
3178
1809
1076
2857
2525
966
2017
3151
1523
1154
2992
2385
975
2233
3136
1370
1310
3120
2241
837
2454
3080
1155
1456
3146
2076
885
2578
2804
1052
1727
3143
1811
1024
2807
2672
981
1920
3163
1621
1152
2986
2454
837
2113
3133
1384
1274
3084
2346
964
2368
3034
1241
1532
3110
2042
942
2614
2882
1024
1658
3209
1927
901
2660
2731
1005
1891
3171
1647
1031
2902
2582
980
2052
3134
1477
1232
3019
2375
898
2282
3122
1273
1359
3048
2195
938
2440
2937
1120
1654
3200
1957
964
2736
2837
970
1808
3256
1763
1006
2829
2638
957
2020
3175
1463
1184
3057
2485
870
2168
3103
1279
1399
3146
2221
868
2471
3089
1081
1444
3137
2064
906
2532
2837
1117
1784
3110
1739
1038
2866
2694
931
1930
3196
1596
1162
2986
2390
860
2153
3167
1368
1258
3070
2319
924
2253
3073
1303
1502
3130
2021
931
2570
2882
1043
1620
3152
1823
981
2770
2669
957
1906
3237
1635
1018
2958
2568
968
2067
3192
1494
1294
3061
2277
936
2390
3123
1205
1267
3143
2248
948
2438
2955
1188
1671
3187
1941
923
2711
2813
983
1753
3248
1811
982
2779
2573
968
2028
3176
1509
1135
3038
2448
937
2164
3133
1401
1310
3050
2236
864
2449
3065
1142
1503
3230
2074
887
2599
2870
1056
1728
3169
1784
969
2899
2727
930
1918
3210
1620
1117
2960
2481
902
2212
3207
1349
1230
3080
2367
926
2305
2994
1227
1602
3188
2093
880
2586
2958
1104
1683
3148
1933
1021
2752
2725
1025
1927
3169
1600
973
2931
2615
935
2051
3149
1494
1273
3011
2299
910
2299
3038
1217
1389
3120
2210
892
2425
2954
1123
1630
3170
1980
925
2656
2865
1080
1821
3139
1721
1039
2833
2610
959
1982
3164
1480
1142
3036
2449
927
2199
3187
1327
1376
3155
2226
892
2427
3031
1116
1554
3185
1975
867
2620
2935
1022
1692
3230
1812
975
2838
2760
939
1869
3256
1651
1144
2940
2407
934
2157
3116
1292
1280
3067
2268
859
2212
3106
1279
1450
3125
2053
926
2637
3003
1061
1562
3165
1931
1002
2672
2679
1015
1847
3139
1682
1113
2970
2553
922
1978
3171
1493
1266
3045
2316
858
2266
3147
1305
1375
3180
2192
900
2511
2983
1177
1572
3149
1957
906
2697
2849
1002
1705
3219
1786
1046
2843
2554
972
2035
3188
1519
1113
2984
2445
977
2190
3086
1418
1381
3053
2241
962
2428
2996
1175
1524
3180
2016
895
2699
2843
982
1705
3227
1863
929
2749
2664
1008
1937
3196
1605
1070
2967
2445
849
2172
3213
1347
1192
3116
2348
852
2339
3064
1226
1475
3148
2134
901
2571
