1966
2856
3028
2153
1236
1050
1831
2762
2995
2356
1457
1058
1506
2569
3054
2671
1676
1033
1328
2394
3065
2756
1914
1116
1229
2079
2974
2946
2118
1225
1060
1809
2741
3105
2390
1384
1002
1681
2592
3014
2624
1614
1051
1325
2325
3020
2834
1903
1144
1236
2012
2890
2972
2168
1259
1143
1834
2818
3051
2382
1486
1006
1543
2524
3098
2570
1646
996
1310
2351
3069
2884
1896
1104
1176
2167
2923
2913
2209
1329
1066
1740
2725
3076
2446
1339
1045
1622
2537
2935
2595
1764
1039
1328
2318
3104
2790
1891
1172
1207
1980
2855
2981
2194
1284
1059
1791
2773
3039
2361
1428
1066
1553
2574
3017
2701
1727
1081
1357
2347
3047
2827
1977
1116
1195
2048
2926
2899
2106
1223
1081
1854
2760
3143
2380
1375
1075
1750
2577
3032
2702
1608
1068
1449
2359
2976
2850
1892
1085
1165
2056
2992
2922
2070
1260
1184
1818
2831
3064
2363
1442
1053
1559
2516
3062
2568
1657
991
1318
2352
2969
2737
1873
1150
1152
2129
2951
2890
2098
1263
1103
1815
2766
2981
2377
1431
1072
1523
2493
3049
2575
1589
1046
1447
2282
3042
2805
1925
1147
1236
2142
2945
2912
2044
1293
1082
1807
2715
3013
2411
1470
1090
1555
2573
3018
2679
1726
1069
1323
2363
3024
2759
1954
1149
1215
2000
2870
2896
2183
1260
1067
1831
2736
3074
2365
1441
1054
1622
2534
3045
2675
1620
1019
1348
2382
2991
2731
1817
1093
1247
2042
2903
2961
2219
1268
1099
1819
2855
3046
2349
1461
985
1524
2550
3096
2582
1681
1059
1330
2276
2972
2797
1874
1161
1203
2121
2918
2900
2084
1243
1071
1813
2760
3005
2415
1388
1014
1612
2621
3018
2554
1718
1114
1373
2263
3047
2744
1908
1196
1214
2011
2840
2956
2072
1260
1110
1779
2680
3016
2403
1439
1022
1533
2598
3029
2569
1626
1061
1338
2351
3045
2787
1966
1087
1168
2073
2928
2921
2171
1212
1049
1915
2769
3014
2382
1526
1080
1531
2502
3149
2702
1562
1055
1367
2338
2966
2754
1847
1143
1161
1997
2882
2876
2146
1224
1115
1799
2764
3012
2373
1504
1120
1575
2439
3018
2631
1675
1003
1353
2359
3004
2765
1903
1178
1175
2067
2893
2938
2121
1235
1069
1788
2747
2989
2422
1428
1044
1575
2501
3013
2577
1644
1077
1459
2269
2963
2797
1939
1186
1192
2035
2917
2957
2082
1286
1067
1745
2726
3074
2374
1377
1046
1551
2589
2984
2582
1659
1060
1338
2351
3037
2784
1932
1081
1206
2092
2920
2900
2135
1270
1077
1764
2668
3048
2448
1448
999
1601
2542
3006
2612
1669
1076
1328
2240
3001
2869
1907
1103
1151
2035
2952
2924
2190
1365
1097
1710
2801
3082
2338
1439
1042
1511
2512
3086
2577
1641
996
1352
2346
2984
2762
1904
1180
1139
2099
2950
2964
2136
1266
1133
1867
2735
2973
2445
1387
993
1635
2558
2953
2534
1599
1028
1362
2289
3076
2762
1860
1149
1233
2053
2911
2996
2059
1241
1093
1789
2721
3048
2467
1398
951
1590
2685
3041
2562
1654
1115
1367
2292
2996
2794
1887
1097
1271
2101
2823
2847
2169
1294
1083
1816
2739
3030
2333
1443
1057
1641
2577
3056
2598
1593
1068
1388
2377
2981
2769
1852
1099
1122
1941
2867
2906
2143
1219
1153
1839
2782
2994
2379
1488
1042
1575
2557
3109
2593
1656
1053
1412
2370
2923
2717
1915
1217
1142
2026
2901
2973
2099
1226
1123
1854
2706
2894
2425
1426
997
1560
2612
3082
2550
1656
1063
1445
2296
3027
2824
1926
1182
1241
2035
2888
3010
2086
1227
1065
1805
2740
3038
2392
1445
1019
1541
2590
2999
2629
1668
1089
1350
2353
3051
2728
1878
1120
1253
2062
2881
2870
2151
1270
1063
1817
2805
3053
2375
1502
1079
1613
2514
3030
2618
1649
1105
1342
2284
2991
2843
1862
1094
1225
2058
2902
2896
2130
1231
1131
1787
2755
3060
2421
1450
987
1564
2558
3069
2585
1690
1053
1337
2322
2986
2820
1890
1141
1200
2176
2933
2933
2149
1253
1114
1815
2732
2975
2398
1394
1056
1599
2529
2968
2537
1634
1027
1430
2292
3018
2754
1864
1146
1208
2001
2856
3015
2131
1220
1045
1843
2787
2987
2394
1513
1054
1492
2602
3093
2622
1668
1122
1373
2266
2985
2753
1922
1146
1201
2050
2909
2905
2152
1250
1062
1870
2742
3013
2352
1430
1018
1593
2534
3075
2654
1650
1091
1349
2300
2969
2802
1832
1090
1213
2095
2948
2923
2200
1273
1076
1720
2776
3062
2360
1416
996
1540
2602
3135
2568
1583
989
1370
2301
2959
2823
1925
1142
1159
2146
2969
2929
2117
1229
1087
1798
2732
2986
2370
1420
1035
1529
2524
3000
2543
1621
1041
1403
2269
3013
2819
1906
1096
1212
2077
2842
2949
2123
1283
1057
1844
2730
2998
2373
1472
1063
1452
2588
3085
2639
1640
1083
1366
2318
3014
2775
1919
1056
1192
2094
2898
2874
2202
1292
1026
1807
2787
3053
2372
1413
1009
1589
2569
3091
2606
1569
1009
1397
2413
3000
2823
1899
1153
1197
2043
2936
2861
2141
1279
1157
1757
2757
3061
2404
1480
1048
1555
2496
3040
2534
1628
1061
1377
2323
2972
2775
1833
1105
1138
2085
2860
2879
2132
1272
1053
1760
2772
3010
2405
1364
993
1546
2505
2970
2607
1673
965
1326
2319
3078
2760
1905
1178
1273
2066
2877
2974
2100
1246
1060
1797
2732
2976
2307
1433
1077
1488
2505
3048
2676
1687
1054
1335
2262
2978
2763
1910
1088
1166
2022
2914
2894
2078
1208
1082
1876
2700
3011
2413
1446
994
1540
2493
3076
2659
1618
1088
1382
2341
2998
2869
1861
1065
1191
2089
2996
2884
2090
1313
1206
1804
2787
3095
2389
1424
996
1585
2536
3040
2674
1752
1001
1317
2346
2988
2744
1835
1141
1198
2145
2886
2912
2189
1244
1047
1827
2834
2985
2350
1344
999
1599
2561
2988
2597
1748
1072
1366
2280
2991
2782
1943
1135
1140
2052
2999
2972
2013
1268
1171
1851
2672
2961
2391
1437
957
1490
2651
3085
2645
1659
1070
1371
2387
3010
2711
1886
1065
1173
2105
2964
2917
2174
1229
1054
1858
2723
3027
2364
1435
1038
1584
2560
3079
2615
1629
1111
1340
2276
2991
2813
1934
1175
1163
2032
3001
2935
2096
1255
1160
1760
2781
3064
2362
1409
1010
1567
2536
3055
2551
1706
1035
1265
2325
3053
2782
1829
1112
1172
2088
2894
2984
2151
1213
1031
1806
2800
2981
2342
1374
1075
1595
2502
2938
2603
1749
1027
1355
2309
2994
2699
1939
1204
1200
1976
2854
2991
2109
1198
993
1818
2782
2965
2340
1501
1056
1417
2531
3073
2639
1592
1012
1369
2319
2966
2764
1963
1079
1112
2043
2952
2924
2082
1237
1085
1781
2664
3052
2457
1445
945
1642
2609
2981
2535
1590
1044
1271
2291
2958
2746
1823
1149
1242
2055
2900
2893
2127
1272
1094
1679
2773
3135
2443
1375
1021
1677
2553
2982
2578
1737
1031
1263
2309
3057
2853
1884
1136
1204
2054
2844
2994
2189
1206
1003
1778
2799
2986
2349
1362
1041
1537
2513
3059
2605
1659
978
1383
2311
3028
2774
1874
1152
1296
2096
2937
3028
2095
1214
1028
1807
2780
3011
2309
1425
1078
1544
2581
3046
2648
1619
1053
1371
2367
3026
2743
1909
1115
1214
2065
2926
2908
2137
1230
1031
1858
2753
3008
2412
1505
951
1498
2581
3138
2665
1595
1021
1381
2348
2950
2730
1834
1157
1235
2024
2880
2891
2135
1263
1131
1733
2769
3082
2423
1499
1017
1505
2541
3153
2611
1600
961
1326
2353
2984
2776
1843
1195
1215
2070
2917
3031
2172
1199
1091
1853
2748
2984
2475
1450
1013
1538
2596
3061
2552
1665
1062
1359
2238
2990
2764
1908
1183
1193
1954
2852
3003
2180
1240
1042
1793
2757
3038
2378
1452
1066
1499
2506
3022
2643
1651
1055
1357
2289
2978
2808
1956
1074
1159
2044
2901
2886
2149
1291
1057
1804
2709
3037
2396
1426
981
1582
2550
3027
2608
1667
1114
1368
2337
3027
2823
1832
1109
1234
2072
2940
2934
2167
1282
1192
1816
2770
3084
2389
1418
1033
1592
2571
3059
2588
1686
982
1298
2320
2997
2794
1912
1141
1129
2127
2931
2938
2152
1273
1052
1803
2828
3031
2348
1334
1049
1579
2491
3021
2676
1712
984
1404
2326
2990
2747
1910
1181
1233
2024
2856
2997
2148
1299
1076
1782
2690
2969
2371
1463
1059
1512
2557
3026
2676
1702
1088
1377
2310
2973
2778
1962
1098
1181
2082
2916
2874
2111
1264
1089
1813
2644
2984
2401
1490
976
1562
2599
3083
2535
1549
1078
1371
2251
2965
2850
1914
1127
1187
2043
2966
2937
2181
1334
1209
1794
2770
3093
2424
1424
1014
1604
2557
3009
2555
1760
1053
1234
2251
3059
2789
1758
1129
1238
2114
2814
2954
2237
1293
1007
1779
2823
2993
2368
1360
1067
1641
2550
3021
2616
1671
1045
1401
2293
2981
2775
1930
1167
1184
1966
2903
3013
2124
1201
1042
1815
2749
2989
2393
1492
1049
1538
2622
3032
2567
1639
1069
1399
2350
2998
2824
1975
1098
1144
2068
2986
2879
2038
1216
1144
1823
2641
3074
2437
1465
982
1616
2613
3057
2537
1558
1149
1456
2291
2963
2897
1918
1053
1157
2106
2937
2844
2161
1350
1120
1689
2754
3087
2375
1382
1044
1650
2536
3010
2540
1695
987
1278
2340
3046
2851
1882
1120
1230
2164
2919
2910
2153
1184
983
1848
2889
3025
2287
1377
1140
1600
2453
3056
2687
1582
955
1472
2373
2982
2733
1919
1154
1161
2014
2905
2971
2106
1277
1045
1791
2718
2953
2338
1460
1044
1473
2582
3124
2638
1592
1039
1362
2304
2945
2773
1952
1066
1166
2121
2974
2911
2134
1222
1070
1885
2816
3089
2388
1450
1004
1581
2556
3096
2627
1606
1129
1363
2194
2980
2888
1839
1007
1204
2095
2925
2890
2169
1311
1118
1776
2789
3040
2357
1463
1059
1568
2535
3104
2530
1575
1019
1417
2393
3012
2763
1848
1146
1187
2169
2996
2981
2107
1258
1155
1803
2729
2996
2435
1352
1033
1563
2482
3046
2604
1612
967
1433
2306
2913
2707
1947
1175
1216
2072
2920
2943
2088
1250
1087
1822
2763
3032
2366
1416
1027
1555
2609
3058
2640
1660
1065
1349
2343
3033
2773
1920
1102
1165
2028
2926
2923
2129
1218
1058
1898
2728
3062
2412
1420
992
1646
2624
2999
2574
1617
1068
1361
2352
3024
2783
1836
1177
1243
1945
2843
2983
2213
1215
1097
1818
2768
2976
2377
1482
1055
1542
2491
3062
2629
1724
1084
1382
2358
3019
2831
1944
1121
1107
2048
2941
2988
2157
1277
1142
1801
2699
2976
2457
1420
1031
1537
2545
3060
2592
1619
1022
1414
2274
2977
2768
1924
1184
1229
2043
2882
3011
2104
1215
1044
1774
2697
3015
2322
1355
1015
1528
2600
3003
2623
1727
1052
1266
2327
3087
2771
1877
1109
1237
2023
2834
2877
2120
1228
1028
1877
2771
2926
2335
1521
1009
1558
2600
3024
2566
1630
1102
1341
2268
2995
2820
1868
1103
1225
2042
2922
2975
2184
1210
1072
1767
2835
3047
2352
1472
1074
1576
2537
3102
2610
1649
959
1296
2361
2967
2758
1898
1145
1116
2041
2939
3038
2174
1251
1113
1821
2752
2979
2401
1419
1079
1519
2508
3068
2607
1627
1073
1442
2313
3030
2789
1935
1142
1193
1981
2837
2963
2106
1254
1093
1835
2714
2974
2399
1484
1017
1520
2592
3012
2590
1652
1087
1367
2360
3019
2742
1944
1119
1172
2020
2875
2902
2144
1269
1110
1871
2728
3028
2368
1466
1011
1512
2520
3035
2586
1656
1154
1410
2314
2953
2797
1843
1052
1151
2058
2895
2817
2131
1369
1183
1673
2774
3175
2452
1410
994
1600
2576
3058
2575
1683
1011
1321
2327
3010
2787
1876
1139
1163
2094
2873
2887
2138
1235
1052
1823
2824
2990
2335
1365
1095
1606
2465
2998
2661
1685
990
1418
2347
3096
2816
1867
1140
1241
2062
2867
2975
2108
1231
1031
1797
2758
2991
2272
1422
1063
1451
2602
3129
2588
1530
1043
1438
2330
2948
2792
2011
1133
1173
2068
2982
2928
2065
1247
1164
1858
2673
3002
2414
1466
1003
1616
2649
3057
2513
1597
1182
1400
2226
2961
2864
1893
1110
1142
1993
2893
2921
2176
1324
1131
1797
2812
3083
2463
1478
970
1555
2561
3032
2565
1699
1044
1340
2311
3027
2861
1856
1096
1217
2203
2859
2870
2189
1253
1028
1772
2802
3022
2333
1380
1085
1565
2491
3036
2656
1674
1011
1365
2281
3012
2802
1923
1171
1194
1973
2859
2982
2127
1253
1114
1862
2747
2951
2263
1432
1072
1503
2560
3084
2588
1587
1070
1437
2358
2969
2725
1972
1114
1139
2038
2985
2896
2048
1260
1163
1864
2647
3026
2429
1493
952
1591
2583
3056
2628
1618
1081
1341
2302
2986
2838
1894
1086
1203
2066
2921
2867
2136
1303
1132
1706
2709
3052
2407
1426
1020
1555
2562
3077
2588
1737
1022
1296
2346
3008
2803
1859
1057
1154
2170
2912
2897
2162
1274
1102
1829
2783
2925
2337
1424
1059
1550
2482
3065
2641
1623
997
1453
2352
3043
2825
1890
1103
1177
2068
2958
2939
2034
1266
1069
1750
2737
2996
2341
1471
1071
1458
2578
3093
2637
1636
1051
1353
2319
2997
2795
1969
1134
1180
2048
2897
2891
2189
1270
1007
1793
2781
3134
2365
1401
1067
1673
2582
3023
2580
1605
1078
1327
2294
3054
2849
1824
1074
1207
2059
2925
2932
2153
1252
1108
1799
2792
3047
2424
1440
1004
1571
2526
3049
2503
1647
1074
1317
2292
3041
2874
1869
1092
1154
2081
2850
2905
2174
1279
1079
1845
2800
2945
2418
1458
1060
1526
2522
3059
2585
1640
1079
1423
2273
3025
2792
1835
1120
1302
2083
2813
2970
2252
1251
954
1782
2725
2979
2376
1478
1019
1499
2553
3019
2653
1659
1028
1359
2378
3034
2776
1936
1076
1151
2101
2990
2894
2111
1279
1097
1875
2756
3017
2346
1530
1103
1530
2496
3082
2595
1581
1071
1371
2284
2949
2867
1863
1072
1201
2051
2938
2937
2177
1291
1121
1707
2764
3076
2376
1385
1030
1636
2497
2971
2625
1720
969
1338
2424
3017
2740
1850
1155
1217
2113
2888
2951
2186
1234
1009
1782
2764
3000
2408
1411
1077
1607
2581
3026
2566
1662
1063
1376
2246
3040
2830
1897
1109
1198
2058
2865
2923
2059
1258
1099
1852
2784
2994
2305
1384
1048
1508
2532
2998
2628
1671
1127
1370
2314
3062
2795
1896
1122
1207
2041
2938
2961
2169
1265
1043
1797
2704
2982
2398
1523
1045
1500
2518
3073
2542
1578
1121
1378
2239
2942
2818
1857
1120
1226
1986
2899
2925
2157
1285
1164
1802
2781
3085
2401
1420
982
1598
2587
3015
2494
1668
1108
1302
2259
3010
2804
1854
1132
1193
2090
2853
2969
2197
1275
1080
1774
2770
2964
2385
1443
1094
1539
2535
3055
2632
1670
1091
1442
2250
2970
2798
1970
1172
1209
2052
2902
3024
2148
1236
1060
1811
2729
2989
2416
1479
1034
1490
2589
3087
2634
1604
1008
1366
2453
3034
2707
1925
1134
1129
2004
2991
2961
2099
1221
1091
1843
2656
3037
2421
1426
961
1620
2600
3047
2592
1625
1119
1375
2308
2942
2812
1922
1093
1096
1988
2934
2861
2126
1290
1146
1749
2717
3037
2432
1427
968
1552
2573
3087
2536
1653
1046
1287
2277
3038
2821
1835
1069
1206
2178
2899
2932
2168
1265
1097
1836
2782
3005
2364
1381
1074
1576
2506
2996
2576
1686
1035
1367
2298
3096
2814
1875
1170
1277
2042
2840
3003
2184
1249
986
1833
2796
2986
2362
1511
1056
1431
2580
3094
2619
1598
1093
1405
2325
3034
2813
1952
1107
1172
2102
2994
2866
2125
1297
1139
1870
2726
3077
2389
1463
1071
1594
2553
3030
2590
1579
1049
1347
2299
3014
2842
1808
1007
1222
2080
2885
2878
2146
1260
1101
1756
2791
3061
2400
1449
1008
1667
2585
3046
2600
1777
1097
1297
2336
3051
2876
1918
1102
1213
2170
2873
2898
2146
1319
1120
1807
2745
2963
2454
1414
1055
1551
2539
3080
2626
1672
1038
1382
2330
3054
2776
1914
1170
1234
2040
2946
3060
2135
1272
1088
1803
2723
3036
2390
1478
1133
1487
2508
3074
2688
1647
1047
1399
2351
2966
2751
1963
1175
1205
2042
2903
2921
2137
1239
1059
1831
2726
3082
2434
1462
1033
1682
2548
3060
2708
1652
1115
1353
2335
3020
2762
1801
1139
1244
2005
2895
2944
2135
1293
1104
1706
2761
3053
2386
1416
1016
1626
2543
3002
2550
1702
1057
1313
2302
3016
2810
1907
1139
1153
2118
2935
2975
2173
1265
1097
1801
2794
3023
2356
1356
1040
1568
2476
3067
2662
1637
1013
1404
2306
3052
2811
1927
1196
1190
2002
2891
2957
2103
1291
1073
1831
2785
3012
2358
1470
1063
1492
2601
3093
2664
1671
1101
1395
2282
2965
2823
1958
1109
1152
2020
2936
2940
2093
1165
1080
1886
2709
2982
2385
1498
1026
1582
2563
3041
2615
1613
1078
1341
2266
2923
2804
1896
1061
1135
2053
2973
2897
2134
1321
1180
1810
2743
3072
2439
1481
1030
1573
2524
3047
2544
1680
1117
1352
2255
2997
2852
1867
1067
1156
2147
2879
2935
2199
1280
1059
1831
2818
2982
2334
1361
1087
1580
2518
3101
2589
1519
988
1477
2298
2995
2780
1880
1137
1212
2025
2905
2977
2099
1229
1071
1819
2763
3017
2372
1466
1086
1504
2571
3045
2614
1619
1037
1372
2357
3019
2745
1909
1147
1213
2043
2934
2899
2089
1297
1117
1837
2700
3016
2399
1441
1005
1652
2546
3042
2682
1663
1067
1371
2322
2940
2804
1828
1084
1244
2064
2896
2893
2187
1340
1122
1743
2730
2997
2393
1497
979
1445
2518
3083
2545
1629
1020
1387
2367
2986
2760
1840
1090
1187
2137
2854
2921
2178
1238
1090
1829
2759
2988
2391
1356
1015
1578
2535
3062
2619
1680
1051
1423
2337
2998
2706
1883
1175
1250
2042
2830
3005
2166
1260
1004
1833
2845
2991
2310
1480
1116
1501
2534
3021
2637
1688
1068
1331
2323
3037
2793
1958
1067
1110
2064
3005
2889
2107
1288
1114
1865
2734
3068
2390
1424
1039
1620
2528
2979
2602
1674
1134
1390
2298
2922
2748
1885
1157
1220
1995
2870
2959
2252
1270
1096
1775
2788
3063
2330
1391
973
1553
2579
3067
2569
1697
1060
1295
2262
3013
2795
1848
1151
1168
2077
2874
2993
2207
1271
1078
1817
2815
2971
2379
1496
1103
1520
2553
3107
2584
1649
1099
1444
2305
3053
2780
1882
1172
1227
1996
2848
2976
2179
1295
978
1754
2764
3016
2381
1488
1061
1486
2657
3152
2667
1616
1028
1401
2353
2968
2724
1931
1072
1107
2035
2926
2919
2096
1249
1089
1805
2694
3070
2446
1497
997
1523
2539
3106
2642
1603
1073
1363
2340
2968
2827
1854
1081
1195
2086
2947
2831
2117
1330
1197
1816
2820
3039
2336
1457
1080
1551
2498
3014
2584
1736
1032
1326
2327
3014
2850
1894
1078
1188
2170
2907
2900
2157
1292
1115
1801
2767
3030
2385
1341
1074
1614
2512
3066
2656
1669
991
1451
2331
3029
2836
1937
1154
1202
2090
2954
2949
2032
1267
1105
1812
2711
2967
2371
1492
1095
1499
2546
3029
2575
1617
1070
1364
2386
3028
2730
1953
1210
1189
1983
2922
2930
2128
1250
1112
1883
2709
3010
2416
1515
1028
1651
2650
3027
2534
1646
1140
1310
2197
2966
2854
1885
1082
1235
2117
2850
2818
2209
1384
1148
1758
2742
3003
2411
1479
962
1562
2543
3073
2537
1680
1052
1352
2392
3062
2827
1866
1185
1276
2107
2851
2940
2206
1278
1061
1794
2796
3037
2416
1415
1070
1518
2482
3047
2623
1624
967
1357
2288
3047
2771
1856
1115
1225
2037
2824
2935
2146
1287
1070
1735
2727
3066
2415
1434
1015
1505
2528
3043
2648
1652
1100
1426
2319
2945
2752
1948
1058
1092
2097
3004
2901
2071
1246
1161
1852
2662
3029
2402
1446
979
1674
2623
2994
2550
1675
1164
1325
2293
2983
2838
1848
1145
1238
1998
2865
2950
2176
1206
1099
1778
2848
3092
2289
1397
1082
1600
2524
3057
2594
1666
1064
1381
2313
2946
2808
1952
1153
1101
2093
3010
2944
2082
1252
1132
1870
2753
2941
2396
1396
1022
1542
2535
3087
2591
1646
1037
1402
2252
2999
2803
1915
1178
1179
2040
2912
2960
2157
1315
1012
1721
2752
3067
2357
1376
1053
1495
2495
3036
2693
1687
1123
1403
2329
3000
2768
1931
1108
1183
2095
2964
2871
2108
1214
1013
1821
2727
3000
2374
1515
1053
1579
2519
3083
2688
1660
1050
1308
2311
2956
2769
1872
1133
1157
1991
3008
2972
2146
1261
1103
1786
2794
3042
2397
1532
1032
1511
2509
3081
2578
1613
1009
1324
2313
2979
2887
1934
1129
1140
2115
2949
2995
2131
1193
1109
1868
2746
2907
2390
1446
1054
1542
2560
3105
2622
1664
1048
1352
2245
3018
2805
1902
1179
1262
2076
2867
2966
2147
1316
1097
1791
2727
3028
2376
1441
1074
1576
2646
3045
2645
1711
1023
1249
2324
3069
2802
1942
1097
1192
2091
2899
2840
2151
1301
1096
1788
2675
3076
2438
1463
1016
1600
2533
3046
2644
1633
1022
1337
2417
3059
2783
1846
1186
1183
1938
2840
2872
2196
1299
1130
1746
2685
3010
2418
1455
994
1532
2514
3084
2577
1595
1006
1409
2362
2931
2744
1919
1205
1184
2143
2960
2914
2159
1261
1063
1836
2871
3032
2345
1349
1034
1541
2475
3058
2645
1644
1007
1396
2318
3002
2784
1946
1233
1277
2036
2838
2933
2155
1315
1029
1731
2758
3075
2374
1389
986
1459
2554
3034
2654
1645
963
1326
2374
3027
2708
1897
1154
1209
2024
2943
2927
2133
1266
1121
1875
2725
3064
2437
1466
923
1556
2621
3035
2545
1583
1029
1277
2272
2925
2751
1834
1080
1196
2014
2909
2925
2134
1247
1109
1815
2782
2992
2364
1474
990
1546
2582
3028
2528
1713
1062
1289
2280
3005
2770
1834
1155
1167
2096
2848
2938
2214
1297
1054
1826
2835
3033
2429
1388
1039
1588
2540
3004
2608
1665
1024
1415
2356
3069
2770
1862
1151
1172
2005
2906
3036
2139
1265
1073
1854
2733
2958
2380
1482
1087
1512
2548
3035
2633
1658
1110
1409
2335
3001
2711
1882
1130
1197
2030
2928
2933
2184
1260
1043
1859
2808
3054
2371
1429
1011
1673
2633
3034
2575
1613
1116
1373
2269
2900
2803
1911
1152
1209
2032
2952
2891
2104
1261
1123
1739
2796
3130
2411
1406
1038
1675
2573
2969
2578
1759
1050
1267
2314
3012
2715
1838
1198
1195
2003
2861
3014
2178
1203
1039
1809
2774
3022
2382
1360
1079
1559
2469
3070
2662
1688
1039
1398
2309
2987
2781
1970
1203
1182
1999
2868
2974
2150
1231
995
1807
2766
2971
2321
1446
1066
1522
2627
3105
2617
1598
1057
1368
2388
3015
2719
1940
1135
1233
2084
2909
2901
2143
1253
1072
1828
2731
3085
2416
1448
1009
1549
2512
3083
2621
1633
1101
1389
2307
2961
2801
1875
1099
1177
2015
2987
2999
2212
1304
1194
1812
2723
3014
2431
1500
987
1542
2576
3113
2618
1717
990
1279
2396
3072
2777
1831
1162
1226
2077
2893
3017
2163
1230
1092
1839
2815
3034
2408
1387
1081
1621
2538
3006
2630
1681
1056
1468
2319
3015
2792
1917
1156
1182
1997
2927
3088
2107
1178
1039
1877
2777
2892
2302
1535
1085
1466
2653
3116
2571
1620
1098
1375
2263
2983
2785
1939
1113
1184
2075
2981
2917
2115
1250
1051
1841
2737
3041
2371
1452
999
1566
2566
3058
2598
1639
1141
1322
2243
2986
2817
1895
1127
1195
2057
2915
2893
2050
1207
1157
1737
2750
3104
2400
1408
1026
1559
2545
3071
2582
1665
1018
1305
2338
3080
2817
1830
1091
1225
2172
2858
2869
2180
1330
1092
1860
2865
2983
2307
1446
1174
1559
2397
2983
2677
1674
972
1390
2328
3027
2751
1914
1201
1176
1979
2898
2997
2131
1225
1016
1806
2706
2941
2367
1546
1138
1442
2553
3125
2666
1588
1087
1462
2346
2910
2728
2032
1181
1127
2016
3012
2977
2051
1184
1118
1857
2741
3090
2411
1394
995
1688
2579
2973
2535
1609
1153
1418
2283
2995
2880
1850
1044
1218
2131
2926
2832
2132
1317
1128
1733
2789
3058
2370
1468
1075
1600
2549
3088
2572
1628
1008
1354
2399
3010
2753
1832
1141
1202
2200
2930
2964
2224
1281
1092
1838
2796
3030
2440
1373
1054
1638
2551
2990
2588
1689
1083
1458
2309
3025
2813
1919
1134
1199
2033
2962
3006
2041
1214
1154
1821
2640
3006
2422
1430
1001
1483
2612
3073
2606
1637
1071
1386
2355
2978
2755
1956
1106
1192
2067
2911
2908
2122
1179
991
1821
2744
3031
2396
1460
1017
1624
2581
3102
2641
1605
1116
1338
2247
2969
2818
1867
1073
1192
2078
2931
2904
2142
1280
1119
1734
2787
3101
2430
1454
1027
1584
2598
3061
2561
1726
1064
1327
2285
2983
2842
1912
1078
1093
2080
2922
2977
2123
1264
1131
1812
2683
2920
2399
1383
1023
1561
2535
3072
2652
1687
1045
1450
2279
2943
2808
1940
1125
1227
2067
2877
2905
2055
1347
1104
1729
2715
3051
2353
1414
997
1459
2593
3041
2594
1620
1057
1346
2334
3016
2793
1926
1076
1228
2113
2885
2832
2169
1281
1066
1815
2723
3064
2384
1456
1031
1575
2551
3050
2616
1599
1048
1370
2315
3024
2797
1816
1109
1202
1988
2885
2936
2157
1247
1111
1789
2826
3043
2367
1470
1059
1593
2477
3033
2599
1725
1098
1294
2248
2960
2823
1905
1099
1115
2095
2924
2942
2076
1241
1155
1808
2663
2966
2394
1369
1028
1497
2436
2964
2560
1574
965
1404
2296
3040
2775
1903
1207
1244
2009
2857
2955
2084
1221
1032
1790
2723
3010
2445
1484
1060
1521
2618
3073
2609
1674
1075
1367
2357
3030
2737
1882
1128
1185
2079
2975
2921
2088
1231
1111
1782
2636
3055
2416
1406
975
1636
2618
3070
2600
1627
1100
1357
2303
2979
2806
1819
1054
1224
2056
2849
2844
2160
1291
1100
1732
2778
3128
2405
1371
991
1608
2534
3000
2588
1747
1033
1297
2294
2990
2782
1891
1150
1183
2112
2881
2998
2191
1251
1099
1819
2791
3059
2373
1318
999
1584
2535
3041
2615
1689
1017
1338
2285
3070
2824
1898
1146
1192
2048
2902
2943
2059
1206
1044
1859
2721
2978
2402
1434
1005
1524
2589
3037
2645
1659
1052
1355
2329
3030
2777
1947
1183
1232
2011
2915
2965
2194
1250
1071
1869
2786
3010
2357
1433
983
1550
2544
3077
2648
1639
1091
1364
2254
2998
2878
1874
1113
1201
2029
2921
2905
2129
1282
1143
1805
2783
3034
2381
1463
1031
1574
2487
3007
2551
1701
1023
1291
2319
3028
2783
1840
1167
1195
2079
2928
3024
2193
1223
1059
1917
2795
2937
2363
1446
1113
1582
2547
2993
2612
1649
983
1400
2265
3020
2781
1915
1163
1210
2015
2871
2992
2094
1269
1101
1770
2737
3065
2401
1433
1057
1571
2583
2969
2572
1709
1062
1267
2299
3044
2743
1833
1111
1240
2064
2866
2871
2173
1238
1070
1889
2753
2986
2362
1493
1072
1625
2570
3090
2640
1622
1047
1278
2308
2978
2784
1883
1132
1213
2072
2950
2869
2104
1265
1113
1748
2760
3049
2383
1443
1056
1606
2479
2975
2602
1710
1014
1286
2301
3019
2830
1868
1088
1117
2081
2969
2943
2079
1231
1150
1826
2682
2930
2391
1424
1024
1529
2508
2991
2532
1630
1059
1441
2270
3016
2816
1897
1069
1097
2050
2946
2945
2073
1302
1062
1722
2696
3016
2345
1408
1062
1528
2591
3046
2675
1696
1016
1328
2362
3030
2762
1929
1158
1229
2013
2844
2913
2137
1214
1004
1808
2792
3046
2316
1471
1078
1592
2507
3033
2666
1641
1036
1293
2269
3006
2845
1863
1133
1216
2033
2907
2931
2162
1274
1192
1823
2754
3004
2367
1511
1036
1508
2497
3120
2600
1570
978
1399
2332
2907
2801
1921
1136
1128
2100
2932
2968
2171
1250
1119
1826
2699
2982
2515
1474
977
1518
2660
3092
2540
1612
1078
1471
2295
2979
2764
1993
1178
1145
2002
2919
2967
2074
1287
1071
1766
2787
3082
2386
1404
1029
1564
2636
3023
2562
1677
1091
1319
2258
2999
2798
1851
1031
1231
2162
2910
2864
2161
1301
1108
1782
2686
3094
2409
1420
1032
1634
2512
2967
2630
1661
1017
1297
2378
2992
2758
1840
1198
1268
2028
2890
2932
2154
1247
1096
1776
2797
3031
2417
1551
1065
1508
2517
3128
2565
1598
1035
1401
2292
2967
2856
1960
1145
1129
2083
2933
2931
2086
1194
1081
1868
2789
2969
2375
1372
1056
1581
2494
2999
2608
1693
1055
1403
2287
3068
2807
1813
1086
1268
2156
2932
2914
2129
1343
1051
1726
2734
3035
2349
1447
1075
1539
2593
3024
2613
1646
1097
1328
2270
2995
2758
1876
1069
1264
2077
2855
2887
2199
1286
1041
1794
2742
3089
2385
1441
1040
1606
2526
3047
2660
1709
1084
1295
2283
2993
2790
1823
1129
1190
2017
2933
2988
2190
1207
1053
1800
2864
3078
2419
1516
989
1530
2519
3025
2534
1671
1043
1301
2292
2974
2781
1851
1122
1158
2100
2871
2915
2170
1327
1131
1785
2752
3028
2452
1427
1041
1545
2552
3010
2541
1657
1048
1349
2184
3002
2819
1921
1139
1216
2088
2877
2950
2154
1323
1086
1761
2711
3003
2421
1490
1066
1542
2609
3101
2653
1684
1048
1348
2338
3026
2822
1931
1083
1195
2026
2925
2978
2118
1161
1063
1889
2675
3001
2374
1415
1064
1663
2486
3074
2677
1599
1057
1372
2355
2997
2801
1867
1145
1199
2003
2886
2935
2158
1226
1040
1764
2795
3030
2375
1422
1023
1589
2540
3021
2545
1722
1068
1331
2321
3030
2747
1796
1112
1149
2117
2961
2962
2139
1219
1130
1839
2743
3000
2388
1372
1062
1586
2514
3026
2578
1621
1033
1412
2259
3033
2831
1904
1105
1199
2083
2885
2940
2122
1248
978
1747
2738
3018
2322
1420
1036
1490
2534
3032
2729
1679
987
1306
2374
3070
2726
1887
1112
1268
2065
2872
2873
2152
1307
1118
1811
2738
3050
2370
1458
1092
1570
2439
2997
2673
1675
1011
1252
2297
3024
2795
1814
1079
1240
2048
2899
2945
2212
1269
1143
1838
2790
3009
2385
1455
895
1466
2607
3105
2566
1706
1084
1320
2286
2997
2773
1778
1071
1172
2081
2880
2987
2177
1257
1095
1907
2787
2945
2449
1459
988
1516
2595
3065
2592
1619
1017
1414
2293
3063
2814
1893
1140
1215
2077
2876
2891
2064
1301
1152
1824
2700
3010
2412
1436
1076
1595
2605
3050
2662
1681
1016
1350
2374
3024
2742
1923
1117
1179
1979
2884
2932
2109
1213
1068
1826
2695
3022
2403
1483
1043
1576
2530
3083
2683
1634
1069
1351
2291
2904
2785
1881
1098
1152
2057
2940
2854
2106
1244
1122
1770
2741
3032
2379
1454
1038
1529
2504
3046
2547
1627
1020
1332
2343
2981
2745
1826
1100
1169
2116
2879
2970
2161
1161
977
1811
2837
3027
2355
1332
1042
1607
2546
3032
2623
1636
1006
1419
2357
3088
2772
1937
1179
1159
2024
2945
3013
2128
1248
1026
1764
2714
3029
2375
1388
1067
1559
2563
3012
2687
1652
1043
1352
2349
2979
2756
1933
1125
1203
2070
2910
2912
2154
1227
1076
1815
2692
3012
2391
1486
1026
1565
2540
3114
2599
1532
1052
1458
2372
2921
2813
1920
1100
1150
2032
2932
2930
2144
1270
1140
1768
2780
3072
2389
1470
1058
1558
2514
3067
2581
1705
1025
1278
2340
3043
2747
1817
1170
1204
2093
2852
3007
2228
1231
1033
1860
2795
2934
2378
1389
1017
1552
2527
3010
2522
1553
1004
1435
2294
2995
2719
1893
1166
1203
2028
2911
2985
2041
1200
1108
1822
2760
3000
2328
1484
1076
1548
2608
3048
2640
1694
1088
1356
2298
3037
2795
1909
1110
1250
2076
2866
2871
2164
1277
1047
1824
2766
3036
2314
1465
1064
1604
2544
3007
2589
1637
1104
1363
2280
2908
2770
1906
1119
1112
2032
2946
2905
2138
1238
1102
1746
2749
3057
2477
1468
943
1537
2604
3060
2523
1656
1019
1288
2322
3026
2805
1834
1120
1278
2213
2872
2882
2184
1285
1108
1866
2827
2959
2359
1433
1044
1525
2488
3082
2675
1661
1021
1413
2318
3050
2805
1911
1151
1233
2139
2953
2904
2041
1321
1150
1796
2707
3007
2347
1459
1092
1465
2560
3096
2666
1652
1100
1403
2310
2999
2807
1963
1091
1131
2042
2970
2874
2087
1249
1102
1835
2711
3023
2413
1524
1021
1549
2578
3085
2607
1616
1077
1328
2256
2949
2821
1898
1109
1200
2039
2930
2930
2150
1254
1164
1794
2784
3071
2389
1469
1009
1575
2553
3054
2589
1678
1035
1287
2266
2998
2770
1881
1182
1207
2089
2893
2983
2177
1249
1041
1821
2811
2996
2382
1385
1089
1515
2434
2984
2612
1677
979
1358
2317
3025
2765
1863
1119
1190
2064
2928
2978
2093
1253
1082
1842
2751
2969
2365
1459
1046
1516
2605
3078
2656
1642
1040
1334
2264
2979
2841
1962
1056
1167
2035
2856
2901
2203
1292
1086
1867
2697
3032
2451
1517
1032
1628
2589
3025
2620
1638
1064
1305
2312
2963
2729
1811
1143
1242
2051
2902
2904
2130
1267
1151
1753
2760
3070
2490
1507
1009
1589
2608
3074
2542
1645
994
1339
2352
2964
2771
1946
1174
1130
2108
2950
2889
2111
1265
1066
1793
2781
3029
2338
1329
1068
1626
2542
3032
2652
1679
968
1415
2396
2984
2649
1895
1234
1272
2036
2878
2984
2108
1261
1064
1828
2732
2972
2354
1462
999
1437
2628
3114
2652
1596
1104
1405
2261
2947
2765
1910
1112
1255
2051
2841
2896
2176
1263
1056
1849
2750
2990
2347
1462
1004
1581
2570
3041
2604
1644
1129
1419
2307
2958
2849
1876
1083
1168
2069
2945
2900
2179
1284
1087
1761
2847
3080
2308
1407
1077
1689
2512
2902
2562
1758
1048
1247
2291
3043
2846
1914
1117
1120
2113
2936
3030
2209
1210
1033
1818
2826
2989
2353
1373
1106
1632
2515
3039
2661
1665
1007
1410
2315
2981
2707
1900
1207
1237
2053
2935
3007
2075
1210
1093
1850
2688
2960
2398
1470
1080
1526
2624
3093
2628
1626
1080
1448
2316
2914
2749
1950
1095
1116
2089
2949
2886
2104
1252
1101
1827
2688
2990
2423
1513
945
1585
2629
3107
2583
1602
1187
1374
2222
2916
2895
1896
992
1162
2138
2942
2800
2117
1337
1096
1707
2813
3113
2317
1355
1041
1650
2499
2959
2635
1784
986
1245
2427
3091
2704
1817
1198
1244
2084
2848
2939
2204
1281
1046
1820
2833
3005
2300
1350
1096
1581
2495
3051
2633
1658
1007
1428
2377
3088
2819
1916
1188
1218
2045
2875
2985
2114
1209
1061
1863
2691
2898
2380
1552
1049
1465
2594
3101
2635
1607
1035
1383
2337
2959
2788
1964
1015
1103
2060
2982
2920
2068
1212
1123
1837
2682
3045
2476
1515
931
1508
2595
3086
2541
1592
1145
1344
2230
2953
2872
1884
1024
1208
2099
2934
2892
2164
1330
1118
1783
2779
3023
2353
1452
1046
1576
2537
3052
2603
1694
1003
1305
2304
3015
2870
1851
1074
1167
2105
2797
2872
2160
1296
1075
1761
2759
3063
2403
1321
1083
1607
2470
3036
2660
1624
928
1372
2364
3006
2672
1891
1237
1264
2015
2883
3037
2127
1254
1101
1837
2707
2937
2400
1558
1077
1503
2636
3099
2602
1593
1039
1407
2367
2970
2777
2030
1125
1125
2014
2977
2982
2100
1200
1119
1911
2739
3023
2344
1448
983
1613
2603
3033
2563
1621
1133
1365
2294
2968
2785
1889
1124
1190
2054
2901
2848
2097
1244
1083
1807
2867
3042
2337
1423
1085
1595
2546
3102
2625
1681
1070
1403
2316
2917
2798
1938
1118
1147
2142
2920
2905
2172
1256
1053
1802
2783
2993
2319
1424
1127
1540
2444
3000
2646
1676
1016
1383
2236
2998
2811
1960
1159
1217
2117
2910
2907
2081
1303
1082
1772
2727
3022
2416
1504
1088
1458
2502
3112
2659
1589
1049
1395
2381
3003
2780
2003
1145
1135
2015
2951
2950
2130
1245
1135
1862
2697
3030
2422
1478
1046
1619
2520
2992
2626
1649
1058
1319
2293
2956
2771
1883
1161
1237
2062
2886
2867
2192
1335
1122
1786
2773
2995
2329
1478
1017
1505
2518
3088
2621
1645
1018
1420
2372
2965
2782
1899
1184
1159
2074
2930
2986
2152
1252
1104
1835
2781
2952
2340
1450
1133
1536
2514
3028
2642
1637
1014
1352
2208
3000
2768
1916
1128
1167
2048
2876
2897
2044
1277
1133
1759
2691
3092
2429
1340
942
1591
2628
3027
2657
1699
1062
1318
2343
3013
2746
1894
1091
1203
2007
2872
2858
2095
1265
1068
1806
2706
3072
2355
1446
1048
1598
2576
3051
2601
1617
1124
1391
2284
2949
2785
1866
1149
1182
1968
2902
3001
2175
1190
1104
1797
2863
3102
2379
1460
1086
1593
2509
3037
2597
1676
1026
1378
2342
2953
2760
1907
1178
1197
2103
2908
2953
2189
1260
1063
1890
2818
2975
2413
1381
1013
1543
2540
3039
2561
1680
1060
1379
2281
3032
2780
1871
1193
1246
2022
2885
2975
2127
1240
1025
1779
2685
2992
2429
1485
1072
1471
2506
3050
2648
1633
1067
1359
2337
3019
2738
1932
1140
1197
2030
2902
2895
2146
1241
1045
1825
2720
3043
2394
1429
961
1578
2617
3076
2569
1652
1182
1402
2272
2976
2910
1868
1018
1223
2119
2980
2928
2144
1279
1135
1797
2824
3111
2404
1439
1022
1605
2579
3062
2539
1668
1034
1328
2300
3050
2869
1818
1079
1208
2184
2882
2927
2231
1244
960
1746
2814
2998
2319
1341
1119
1648
2507
2988
2620
1679
994
1385
2327
3029
2764
1865
1165
1261
2021
2910
3013
2112
1213
1094
1890
2752
2917
2306
1496
1110
1530
2592
3060
2614
1666
1112
1395
2337
3011
2761
1908
1120
1135
1960
2960
3013
2110
1134
1083
1925
2698
2965
2432
1562
985
1565
2617
3036
2563
1568
1141
1376
2180
2889
2830
1905
1076
1153
2033
2887
2865
2185
1324
1094
1688
2716
3078
2452
1416
1056
1604
2556
3048
2584
1720
1053
1337
2310
2993
2815
1925
1182
1178
2117
2940
2925
2137
1229
1039
1846
2821
2962
2318
1337
1036
1534
2527
3060
2586
1609
972
1466
2357
2952
2736
1967
1220
1226
2115
2939
2942
2082
1264
1085
1782
2639
2942
2360
1443
1008
1447
2637
3079
2587
1630
1066
1337
2369
3065
2768
1857
1060
1238
2046
2846
2889
2142
1244
1080
1882
2718
2988
2429
1473
991
1578
2583
3069
2587
1603
1121
1403
2296
2986
2867
1945
1142
1199
2069
2961
2940
2175
1265
1106
1787
2788
3084
2400
1415
988
1536
2438
3038
2614
1649
996
1327
2361
3043
2795
1840
1181
1194
2085
2901
2969
2182
1245
1070
1825
2752
2939
2393
1403
1050
1596
2596
3056
2554
1603
999
1409
2355
3039
2758
1912
1152
1177
2018
2870
2979
2118
1234
1035
1811
2685
2944
2428
1507
1036
1478
2576
3067
2638
1661
1039
1292
2311
3040
2745
1939
1147
1167
1962
2853
2928
2077
1218
1113
1888
2647
2960
2424
1532
957
1525
2565
3109
2570
1582
1135
1385
2271
2910
2773
1870
1093
1166
2075
2893
2837
2158
1340
1124
1679
2725
3101
2413
1376
999
1629
2542
2979
2526
1688
1025
1222
2222
2980
2764
1806
1118
1224
2090
2857
2928
2183
1235
1022
1817
2760
2959
2397
1388
1015
1548
2540
3092
2646
1644
1016
1384
2279
3043
2803
1970
1217
1230
2036
2860
2968
2100
1243
1064
1777
2704
2997
2408
1431
999
1483
2553
3089
2716
1627
1000
1364
2355
3006
2727
1934
1151
1182
2039
2945
2944
2121
1278
1141
1842
2709
3000
2415
1490
953
1537
2540
3027
2565
1613
1132
1384
2249
2982
2853
1862
1055
1188
2051
2879
2877
2144
1312
1169
1737
2730
3132
2421
1425
1056
1652
2549
3020
2504
1686
1081
1284
2299
3020
2804
1860
1128
1142
2107
2900
2981
2172
1239
1057
1846
2864
3015
2406
1436
1079
1520
2520
3082
2613
1626
989
1410
2336
3008
2700
1882
1176
1210
2015
2927
3016
2095
1236
1072
1817
2724
2979
2384
1428
1057
1531
2610
3094
2686
1681
1025
1326
2353
2996
2718
1927
1165
1184
1976
2901
2955
2122
1215
1112
1885
2692
3011
2417
1482
1036
1665
2613
3036
2584
1631
1102
1323
2266
2981
2862
1848
1034
1197
2102
2932
2854
2121
1299
1143
1695
2745
3077
2445
1387
972
1594
2564
3090
2553
1688
1041
1318
2387
3070
2801
1843
1185
1255
2073
2825
2959
2265
1310
1066
1800
2773
3003
2418
1438
1018
1494
2509
3025
2579
1670
1058
1413
2331
3017
2757
1917
1161
1273
2082
2909
2998
2074
1266
1107
1817
2691
3015
2418
1448
1071
1512
2566
3080
2714
1653
989
1365
2387
2996
2727
1957
1112
1145
2068
3024
2989
2138
1227
1099
1850
2709
3014
2464
1523
995
1606
2626
3056
2578
1656
1156
1350
2247
3034
2905
1884
1084
1217
2050
2892
2920
2238
1327
1101
1721
2780
3071
2393
1423
1039
1627
2551
2986
2475
1701
1113
1317
2302
3010
2760
1800
1130
1220
2110
2902
2976
2197
1292
1127
1887
2770
2932
2390
1466
1088
1497
2526
3107
2667
1631
975
1327
2265
3017
2785
1962
1206
1240
2026
2888
2981
2094
1249
1022
1769
2760
3010
2338
1390
1064
1562
2551
2984
2633
1654
1081
1402
2320
2987
2731
1946
1156
1143
1955
2955
2914
2022
1259
1177
1901
2687
2946
2391
1550
988
1499
2545
3050
2571
1616
1125
1371
2263
2935
2799
1838
1072
1183
2066
2899
2831
2132
1275
1212
1809
2725
3040
2447
1474
986
1540
2565
3025
2557
1707
1085
1307
2246
3000
2853
1956
1120
1165
2107
2916
2982
2177
1287
1106
1826
2751
2968
2382
1369
1035
1624
2577
3065
2638
1717
1071
1413
2334
3056
2771
1934
1188
1153
2015
2918
2964
2095
1269
1093
1802
2685
2996
2414
1525
1148
1501
2576
3137
2675
1580
1000
1420
2389
2993
2782
1951
1114
1223
2081
2906
2898
2190
1286
1080
1846
2775
3028
2355
1423
1017
1569
2541
3090
2599
1546
1045
1439
2320
2907
2786
1877
1156
1246
2024
2865
2914
2175
1281
1087
1738
2857
3130
2349
1386
1085
1625
2458
3012
2597
1676
1011
1320
2347
3005
2803
1882
1191
1172
2102
2922
2977
2155
1278
1103
1828
2765
2933
2334
1409
1100
1575
2474
2957
2565
1708
1060
1379
2316
3096
2781
1872
1172
1270
2038
2874
2983
2120
1235
1049
1808
2728
2979
2349
1443
1063
1531
2614
3062
2647
1698
1062
1387
2384
2981
2725
1975
1153
1136
2049
3009
2949
2082
1238
1104
1854
2688
3018
2374
1439
1043
1642
2537
2994
2579
1617
1136
1375
2285
2939
2771
1880
1126
1098
1964
2926
2916
2147
1288
1118
1691
2742
3079
2398
1378
968
1578
2590
3039
2527
1681
1041
1352
2351
2983
2765
1869
1154
1145
2051
2908
2961
2162
1247
1090
1784
2707
2959
2409
1324
999
1572
2517
3066
2624
1643
1004
1428
2312
3007
2832
1920
1114
1159
2091
2942
2953
2084
1295
1092
1727
2662
3060
2415
1393
989
1496
2515
3014
2690
1651
1011
1344
2408
3060
2803
1938
1113
1172
2028
2971
2942
2126
1274
1163
1876
2695
2999
2393
1465
996
1580
2564
3037
2622
1619
1108
1348
2263
2974
2841
1865
1140
1280
2063
2879
2952
2158
1229
1097
1793
2818
3086
2432
1459
983
1530
2569
3028
2475
1665
1059
1308
2267
2978
2839
1935
1169
1178
2159
2935
2911
2146
1277
1064
1797
2757
2951
2399
1391
1049
1553
2476
3026
2658
1621
932
1396
2371
3027
2737
1896
1164
1204
2030
2894
2924
2089
1248
1050
1814
2741
2958
2310
1436
1048
1504
2576
3078
2616
1600
1073
1363
2276
2997
2827
1959
1090
1179
2058
2965
2976
2123
1214
1076
1900
2725
3006
2357
1441
999
1552
2572
3121
2633
1585
1105
1411
2302
2911
2765
1825
1065
1171
2080
3024
2947
2109
1311
1172
1678
2744
3136
2374
1362
1036
1687
2553
2974
2592
1773
1045
1274
2305
3020
2794
1858
1096
1139
2114
2899
2891
2155
1268
1094
1824
2749
2983
2373
1363
1053
1566
2426
2959
2696
1736
1003
1413
2328
3033
2770
1897
1175
1188
2007
2903
2972
2107
1289
1115
1816
2669
2989
2383
1468
1052
1491
2589
3090
2631
1595
1028
1403
2342
2961
2760
1975
1129
1148
2046
2976
2951
2075
1208
1096
1875
2714
2969
2362
1501
1064
1530
2489
3033
2598
1649
1079
1302
2277
2945
2790
1869
1111
1226
2049
2882
2891
2172
1277
1061
1749
2784
3046
2343
1444
1091
1613
2469
3002
2607
1770
1002
1259
2346
3022
2767
1878
1203
1152
2030
2906
3036
2196
1229
1084
1833
2781
3008
2404
1319
989
1613
2536
2952
2555
1687
1013
1336
2309
3048
2749
1843
1158
1250
2041
2840
2936
2151
1295
1054
1751
2763
3095
2431
1375
977
1543
2640
3020
2558
1661
1112
1345
2340
3077
2821
1904
1150
1232
2022
2931
2938
2121
1176
1045
1906
2728
2989
2375
1481
977
1586
2581
3035
2649
1627
1054
1314
2332
3023
2793
1852
1154
1188
2000
2992
3008
2122
1264
1190
1781
2706
3007
2422
1473
1060
1603
2547
3046
2512
1655
1060
1337
2315
2981
2740
1895
1215
1225
2090
2865
2893
2110
1242
1103
1848
2747
2909
2398
1460
1060
1565
2523
3040
2621
1671
1073
1462
2329
3011
2807
1915
1128
1234
2068
2869
2927
2108
1301
1015
1770
2803
3015
2339
1437
1114
1539
2527
3069
2628
1586
1064
1407
2349
3007
2764
1916
1114
1209
2051
2913
2934
2158
1255
1097
1809
2727
3118
2414
1417
1036
1683
2604
2988
2562
1660
1167
1393
2266
2942
2812
1882
1080
1203
2101
2971
2893
2173
1346
1139
1754
2811
3087
2349
1444
1035
1574
2515
3059
2554
1628
1016
1370
2345
2955
2757
1889
1162
1169
2125
2967
2976
2117
1291
1145
1828
2778
3001
2416
1376
1049
1577
2527
3054
2651
1672
1033
1387
2242
3023
2797
1898
1115
1189
2041
2873
2950
2073
1241
1052
1769
2746
3005
2387
1488
1066
1524
2641
3088
2630
1649
1062
1368
2327
2973
2729
1926
1110
1147
2013
2905
2928
2124
1241
1100
1822
2682
3068
2442
1454
962
1579
2589
3076
2618
1601
1086
1366
2305
2974
2785
1812
1112
1229
2054
2884
2887
2165
1230
1078
1799
2823
2976
2319
1459
1033
1537
2525
3080
2576
1618
1010
1341
2282
2972
2870
1928
1100
1136
2126
2929
2963
2172
1266
1082
1755
2726
3054
2424
1321
967
1561
2508
2999
2583
1672
1031
1335
2232
3018
2805
1917
1172
1205
2012
2867
2961
2140
1232
995
1861
2809
2946
2280
1418
1034
1427
2520
3030
2658
1629
1002
1305
2323
3032
2829
1895
1058
1199
2038
2889
2868
2153
1327
1076
1763
2679
3069
2372
1393
1021
1630
2529
2993
2618
1605
1021
1332
2300
2950
2767
1893
1121
1196
2070
2888
2854
2150
1320
1188
1814
2847
3031
2293
1462
1047
1545
2508
3062
2545
1640
1029
1285
2259
2998
2843
1834
1130
1159
2060
2892
2978
2150
1199
1124
1914
2764
2910
2379
1415
1034
1561
2520
2986
2600
1635
1015
1427
2332
2989
2725
1876
1184
1332
2092
2795
2937
2189
1264
979
1825
2798
3009
2350
1436
1057
1566
2612
3039
2581
1672
1095
1326
2338
3055
2781
1922
1080
1163
2098
2945
2897
2140
1231
1033
1825
2717
2998
2342
1459
1094
1638
2511
3004
2630
1631
1044
1358
2339
2999
2811
1855
1125
1191
2024
2925
2892
2078
1220
1053
1743
2800
3069
2344
1382
1038
1581
2546
3039
2574
1718
1022
1274
2323
3042
2749
1854
1213
1229
2059
2856
2943
2156
1246
1105
1792
2743
3009
2390
1384
1053
1582
2532
3066
2603
1674
1071
1399
2246
2981
2796
1909
1173
1202
1995
2921
3037
2075
1216
1054
1821
2755
2977
2384
1480
1020
1467
2613
3087
2624
1639
1080
1358
2342
3062
2797
1909
1097
1224
2086
2874
2871
2168
1225
1008
1811
2770
2998
2319
1476
1077
1577
2527
2997
2557
1634
1183
1385
2208
2933
2881
1907
1057
1092
2033
2986
2928
2105
1282
1160
1709
2728
3073
2364
1402
978
1577
2492
3050
2559
1653
1046
1265
2250
3033
2855
1860
1093
1157
2115
2888
2992
2195
1242
1088
1841
2765
2979
2427
1441
1061
1565
2558
3015
2591
1651
1015
1367
2286
3047
2707
1874
1245
1268
1971
2813
3015
2166
1245
1024
1780
2706
2988
2337
1447
1125
1597
2572
3038
2644
1664
1047
1386
2392
3004
2739
1935
1090
1160
2083
2977
2917
2094
1252
1120
1784
2668
3075
2439
1474
1012
1658
2612
3052
2563
1657
1195
1367
2296
2990
2795
1830
1129
1220
2029
2896
2934
2183
1248
1070
1752
2767
3039
2374
1466
1044
1543
2576
3127
2591
1645
1023
1340
2295
3006
2851
1883
1157
1228
2075
2869
2966
2138
1231
1063
1819
2760
2927
2260
1418
1134
1541
2421
3041
2625
1667
1047
1406
2291
3040
2796
1876
1119
1179
2054
2943
2931
2090
1296
1055
1734
2676
3026
2363
1438
1098
1511
2547
3045
2671
1656
1091
1400
2341
3026
2818
1943
1071
1154
2083
2994
2897
2050
1188
1092
1840
2673
3005
2415
1471
1020
1635
2612
3067
2570
1599
1107
1373
2236
2927
2803
1900
1137
1206
2034
2897
2862
2142
1311
1161
1787
2780
3067
2401
1460
958
1563
2603
3073
2536
1621
1013
1293
2319
3019
2789
1827
1110
1160
2128
2908
2891
2135
1324
1143
1826
2776
3011
2404
1395
1039
1551
2554
3050
2618
1635
1038
1393
2254
3031
2816
1930
1187
1205
2024
2915
3048
2150
1240
1022
1773
2742
3012
2354
1455
1095
1550
2585
3059
2629
1653
1075
1373
2318
3043
2838
1954
1058
1127
2096
2970
2862
2056
1267
1113
1795
2643
3026
2387
1433
1004
1587
2505
3028
2684
1661
1110
1338
2320
2999
2781
1878
1164
1178
1975
2880
2921
2206
1307
1111
1749
2757
3040
2422
1473
1030
1562
2541
3039
2534
1660
1039
1312
2302
2992
2792
1885
1098
1124
2074
2911
2944
2114
1207
1123
1839
2724
2951
2428
1378
984
1527
2484
3051
2600
1624
1024
1433
2271
2990
2843
2002
1189
1189
2075
2973
2960
2125
1386
1043
1694
2692
3083
2393
1383
1027
1544
2605
3036
2635
1641
1067
1333
2263
2977
2752
1936
1108
1198
2076
2879
2849
2130
1298
1061
1765
2746
3012
2316
1496
1070
1533
2478
3050
2660
1609
1018
1298
2289
2976
2763
1848
1113
1233
2077
2899
2903
2171
1286
1151
1796
2761
3001
2309
1434
1064
1593
2438
2995
2628
1696
1027
1402
2395
2961
2732
1931
1194
1133
2093
2945
3005
2192
1281
1100
1798
2761
2989
2346
1336
1061
1594
2518
3057
2614
1633
1063
1437
2282
3023
2782
1911
1149
1212
2055
2858
2962
2096
1216
1085
1808
2752
3027
2368
1405
1032
1559
2582
3020
2632
1695
1034
1306
2351
3046
2676
1828
1080
1173
2088
2921
2887
2112
1183
1027
1839
2729
3015
2362
1515
1056
1595
2521
3072
2725
1642
1021
1355
2353
2985
2816
1872
1087
1212
2094
2931
2877
2096
1267
1165
1732
2728
3034
2363
1404
1004
1548
2476
3027
2555
1648
1024
1328
2338
3005
2810
1944
1162
1172
2143
2984
2976
2148
1261
1105
1761
2725
3061
2433
1355
1003
1568
2544
2961
2495
1646
1072
1376
2242
3024
2780
1845
1085
1208
2092
2865
2886
2054
1287
1158
1828
2656
2950
2353
1399
994
1550
2614
2983
2601
1718
1121
1324
2315
3063
2822
1887
1020
1212
2103
2880
2873
2206
1312
1028
1838
2770
2992
2342
1445
1092
1650
2555
3051
2599
1574
1036
1312
2257
2978
2814
1851
1133
1222
2014
2896
2906
2162
1251
1113
1807
2788
3001
2345
1450
1045
1562
2539
3093
2606
1672
1024
1332
2300
2962
2822
1869
1122
1170
2128
2936
2938
2137
1288
1169
1786
2708
3028
2457
1391
1020
1577
2550
3052
2659
1674
1018
1393
2309
2967
2728
1920
1164
1194
2035
2870
2989
2177
1295
1038
1768
2752
3063
2377
1387
1055
1600
2593
2993
2634
1709
1059
1292
2302
3034
2786
1949
1135
1178
2028
2894
2881
2091
1215
1096
1867
2738
3035
2341
1426
1040
1635
2547
3043
2672
1597
1026
1389
2380
2943
2762
1840
1116
1218
2008
2869
2887
2159
1317
1158
1734
2754
3107
2388
1386
1027
1614
2535
3021
2604
1712
1012
1335
2347
2976
2731
1881
1159
1176
2084
2892
2932
2152
1281
1068
1743
2763
2952
2389
1422
1050
1539
2504
3073
2647
1655
1014
1428
2320
2997
2779
1919
1119
1206
2075
2940
2981
2060
1214
1047
1776
2704
3022
2358
1412
1015
1479
2538
3014
2622
1606
1045
1361
2275
2987
2839
1970
1096
1197
2073
2921
2861
2136
1291
1071
1828
2734
3039
2390
1465
1085
1621
2490
3081
2659
1589
1018
1343
2337
3003
2766
1841
1113
1179
2011
2946
2945
2120
1264
1164
1828
2825
3044
2369
1473
996
1524
2583
3160
2544
1558
957
1347
2349
2984
2835
1899
1148
1194
2124
2881
2951
2170
1231
1117
1853
2711
2955
2482
1416
981
1584
2634
3039
2533
1633
1026
1383
2289
3056
2804
1878
1140
1229
2036
2870
2939
2158
1310
1050
1753
2764
3066
2372
1474
1100
1500
2556
3113
2659
1633
1100
1393
2331
2998
2745
1873
1107
1267
2074
2821
2858
2186
1282
1059
1803
2711
3065
2398
1481
1022
1596
2579
3072
2622
1646
1103
1314
2329
3007
2771
1769
1141
1249
2034
2923
2948
2184
1227
1104
1817
2804
3014
2381
1526
1065
1551
2483
3067
2624
1652
1026
1365
2405
3038
2777
1881
1140
1189
2176
2958
2954
2142
1236
1108
1845
2740
2956
2420
1431
1030
1498
2463
3068
2631
1684
1081
1442
2276
2995
2814
1973
1168
1185
2038
2902
2959
2055
1239
1078
1791
2762
3038
2350
1427
1055
1507
2581
3019
2564
1650
1111
1373
2318
3008
2793
1986
1227
1257
2020
2897
2935
2142
1235
1053
1777
2699
3067
2438
1475
989
1544
2527
3081
2645
1646
1087
1359
2336
3027
2835
1872
1116
1184
2052
2964
2940
2117
1248
1140
1777
2764
3018
2387
1450
1027
1614
2586
3057
2545
1639
1041
1325
2302
2988
2835
1878
1103
1173
2158
2927
2985
2146
1238
1106
1842
2797
2998
2350
1320
1058
1621
2470
2980
2662
1722
1054
1309
2295
3094
2761
1871
1204
1309
2006
2870
3000
2098
1244
1102
1796
2677
2992
2404
1465
1037
1503
2577
3062
2623
1630
1027
1358
2347
3057
2751
1945
1145
1161
2061
2947
2907
2091
1254
1134
1853
2696
3071
2489
1483
948
1603
2592
2996
2615
1763
1207
1295
2274
3055
2873
1857
1088
1190
2000
2919
2962
2104
1241
1194
1794
2741
3073
2470
1468
979
1573
2633
3090
2556
1674
1017
1314
2322
3028
2832
1866
1086
1162
2119
2840
2923
2169
1241
1085
1814
2770
2989
2416
1422
1021
1563
2474
2967
2609
1701
974
1325
2326
3042
2774
1907
1190
1156
1976
2931
3032
2097
1277
1093
1803
2749
3001
2286
1414
1068
1499
2498
3020
2679
1661
1081
1386
2380
3029
2718
1903
1129
1165
1994
2879
2923
2157
1247
1033
1779
2728
2988
2304
1420
1000
1604
2582
3062
2594
1586
1081
1392
2303
2954
2771
1865
1134
1200
2028
2942
2932
2134
1294
1228
1798
2723
2985
2372
1473
988
1547
2529
3046
2571
1663
980
1323
2367
3021
2820
1876
1177
1176
2091
2911
2963
2163
1276
1101
1859
2759
2946
2383
1427
1045
1489
2504
3018
2555
1641
1036
1400
2311
3106
2768
1854
1208
1261
2020
2853
3001
2141
1223
969
1772
2832
3057
2407
1520
1043
1488
2610
3101
2658
1637
1065
1382
2339
3006
2761
1903
1059
1198
2093
2929
2935
2143
1252
1030
1816
2706
3043
2389
1403
1018
1667
2623
3028
2554
1624
1101
1347
2313
2922
2752
1928
1220
1221
1986
2909
3000
2185
1256
1118
1755
2724
3005
2383
1437
1033
1565
2546
3075
2574
1673
1039
1365
2311
2937
2806
1905
1145
1123
2089
2952
2975
2074
1157
1104
1838
2713
2882
2349
1445
1057
1540
2562
3032
2514
1651
1115
1442
2235
2979
2824
1969
1136
1192
2106
2907
2903
2143
1386
1077
1706
2692
3092
2411
1371
1018
1561
2650
3029
2580
1686
1085
1291
2257
3057
2833
1901
1096
1261
2092
2914
2900
2154
1230
1017
1867
2780
3002
2328
1439
1052
1629
2505
2921
2635
1662
1006
1274
2289
2998
2779
1855
1131
1177
1962
2898
2946
2184
1252
1091
1759
2807
3061
2363
1437
964
1523
2551
3114
2601
1613
998
1371
2355
2997
2775
1866
1109
1155
2143
2877
2890
2126
1265
1095
1821
2790
2999
2406
1392
1017
1595
2639
2994
2498
1706
1093
1343
2217
2967
2762
1898
1134
1196
2000
2906
3009
2086
1233
1111
1827
2714
3000
2382
1409
990
1529
2596
3043
2592
1642
1053
1335
2388
3028
2670
1870
1174
1231
2031
2952
2963
2088
1226
1154
1909
2661
2967
2416
1549
1026
1546
2558
3042
2549
1561
1114
1357
2238
2957
2870
1833
1017
1149
2076
2929
2864
2169
1325
1165
1783
2784
3031
2337
1447
1021
1521
2453
3036
2645
1664
989
1352
2407
3067
2807
1891
1181
1186
2056
2911
2930
2117
1216
1057
1840
2796
2982
2367
1396
1084
1585
2490
3031
2607
1671
1029
1378
2258
2951
2755
1931
1190
1264
2095
2940
3016
2124
1254
1056
1846
2737
3004
2378
1470
1066
1526
2616
3063
2640
1636
1029
1318
2290
3033
2787
1905
1074
1211
2070
2865
2886
2178
1263
1080
1876
2782
2985
2365
1483
964
1525
2581
3151
2641
1522
1032
1345
2304
2982
2817
1871
1092
1224
2076
2958
2892
2158
1286
1114
1798
2811
3064
2364
1450
1081
1591
2497
3042
2631
1665
1015
1387
2356
2978
2838
1925
1129
1109
2091
2930
2910
2098
1318
1117
1796
2770
2989
2400
1414
1095
1566
2525
3068
2645
1649
987
1351
2323
3041
2707
1853
1215
1258
1994
2841
2986
2132
1263
1077
1792
2705
2973
2445
1505
996
1533
2635
3036
2569
1633
1095
1370
2306
2937
2743
1924
1109
1132
1990
2928
2914
2092
1264
1090
1751
2679
3037
2332
1464
1048
1671
2580
3025
2611
1656
1115
1308
2244
2970
2871
1946
1135
1198
2045
2956
2941
2140
1253
1098
1717
2767
3055
2396
1443
1055
1573
2525
3078
2576
1643
1065
1319
2244
3007
2878
1894
1103
1183
2126
2883
2939
2188
1213
1021
1821
2745
2919
2317
1390
1033
1564
2550
3065
2607
1656
1064
1420
2293
3054
2825
1887
1112
1212
2064
2918
2932
2061
1258
1114
1895
2725
2954
2363
1473
1103
1493
2590
3094
2652
1613
1100
1441
2356
3002
2767
1940
1145
1153
2088
3015
2909
2091
1273
1136
1834
2712
3010
2378
1483
987
1588
2588
3000
2515
1626
1158
1357
2256
2984
2860
1861
999
1152
2116
2994
2884
2070
1232
1150
1824
2805
2995
2355
1490
1024
1593
2549
3043
2553
1714
1103
1282
2278
3061
2857
1801
1104
1246
2117
2792
2900
2207
1290
1030
1733
2748
3083
2496
1389
1039
1574
2529
3022
2603
1680
1033
1413
2344
3005
2701
1914
1234
1240
1969
2827
2954
2132
1288
1148
1837
2717
3012
2390
1472
1070
1511
2582
3068
2633
1642
1005
1327
2297
3013
2786
1907
1036
1114
2051
2979
2912
2080
1241
1114
1858
2680
3034
2405
1463
1015
1627
2575
3002
2577
1612
1098
1350
2342
3036
2850
1856
1077
1189
2015
2945
2968
2160
1272
1179
1832
2752
3002
2409
1498
1054
1574
2566
3076
2578
1708
1052
1307
2258
3005
2834
1858
1090
1177
2120
2878
2966
2221
1289
1066
1821
2819
2993
2410
1393
1026
1577
2481
2956
2577
1684
993
1456
2383
3009
2725
1950
1225
1167
1987
2958
3029
2098
1291
1103
1795
2723
3057
2425
1439
1034
1543
2619
3061
2645
1634
1047
1354
2346
3012
2825
1956
1007
1155
2099
2950
2909
2161
1300
1097
1853
2744
3034
2339
1411
1070
1687
2575
3017
2629
1662
1051
1338
2341
3012
2790
1855
1148
1236
2042
2934
2978
2157
1211
1152
1846
2813
3007
2378
1525
1008
1493
2546
3090
2523
1641
1067
1276
2267
2990
2881
1941
1121
1157
2100
2924
2981
2170
1250
1109
1820
2748
3044
2428
1387
1020
1493
2460
3035
2611
1610
992
1390
2326
3018
2716
1890
1144
1222
2052
2862
2950
2068
1260
1115
1806
2715
2993
2349
1369
1094
1603
2572
2999
2585
1702
1123
1342
2294
3041
2745
1849
1047
1171
2068
2956
2983
2157
1147
1016
1892
2785
2991
2311
1398
962
1601
2624
3152
2595
1502
1055
1354
2314
2959
2758
1830
1127
1213
1998
2889
2898
2132
1246
1103
1740
2761
3021
2328
1421
1019
1572
2531
3089
2577
1657
1042
1372
2331
2976
2809
1914
1163
1177
2088
2897
2953
2152
1211
1030
1816
2793
2933
2356
1467
1078
1558
2540
3122
2620
1611
1067
1463
2273
2984
2773
1922
1171
1207
2051
2894
2992
2137
1257
1030
1780
2769
2989
2243
1349
1059
1568
2567
2974
2637
1711
1070
1327
2395
3059
2743
1919
1132
1180
2037
2938
2917
2125
1247
1096
1855
2720
3005
2355
1470
1058
1555
2495
3070
2623
1569
1071
1390
2312
2976
2812
1892
1110
1277
2103
2954
2916
2180
1305
1110
1790
2764
3022
2335
1444
1018
1574
2569
3086
2546
1621
1031
1372
2303
2949
2793
1905
1144
1172
2099
2881
2938
2198
1323
1095
1791
2803
2975
2373
1423
1058
1587
2567
3039
2653
1724
1058
1407
2272
3013
2763
1919
1189
1214
2006
2865
2981
2142
1279
1065
1843
2797
3024
2373
1443
992
1474
2576
3049
2630
1660
1080
1368
2305
2992
2789
1944
1085
1170
2062
2926
2891
2137
1294
1024
1787
2742
3080
2345
1437
1062
1660
2555
3048
2640
1591
1022
1357
2361
3000
2778
1765
1061
1228
2047
2903
2921
2188
1239
1118
1785
2777
3039
2394
1511
1012
1492
2564
3135
2642
1656
1027
1334
2247
2949
2865
1959
1140
1162
2112
2925
2990
2144
1269
1192
1926
2801
2947
2379
1400
1035
1586
2577
3045
2571
1642
1052
1431
2290
3034
2800
1921
1135
1201
2123
2870
2835
2058
1393
1104
1666
2633
3089
2410
1376
981
1530
2611
3023
2621
1692
1056
1268
2281
3072
2796
1862
1060
1286
2133
2885
2929
2254
1298
1019
1816
2773
3090
2357
1479
1105
1612
2502
3029
2680
1624
1013
1360
2346
2965
2764
1915
1167
1223
2001
2945
2976
2173
1188
1027
1826
2918
3045
2306
1503
1093
1491
2474
3143
2630
1629
1032
1398
2318
2901
2763
1918
1200
1129
2068
2959
2952
2113
1247
1190
1920
2718
2871
2435
1466
991
1507
2588
3054
2522
1673
1129
1422
2225
2997
2840
1920
1103
1227
2149
2930
2902
2063
1375
1184
1782
2663
3024
2440
1408
1060
1625
2634
2965
2566
1725
1098
1312
2330
3164
2756
1786
1080
1297
2145
2873
2871
2180
1310
1049
1818
2750
3017
2330
1486
1112
1609
2455
3000
2735
1680
1018
1316
2348
2959
2744
1868
1142
1224
1957
2910
3046
2144
1185
1134
1866
2797
2983
2398
1529
1085
1528
2560
3112
2587
1646
997
1385
2401
3005
2798
1983
1231
1152
2060
2976
3017
2067
1173
1175
1914
2690
2909
2464
1439
977
1520
2571
3078
2547
1573
1068
1475
2236
2972
2827
1925
1123
1195
2085
2913
2956
2073
1291
1083
1754
2646
3001
2369
1427
1079
1528
2582
2963
2651
1763
1077
1256
2299
3137
2852
1859
1041
1230
2075
2844
2875
2211
1281
1033
1896
2822
2995
2297
1450
1065
1541
2468
3062
2698
1648
1048
1374
2338
2931
2768
1858
1095
1246
2062
2876
2904
2206
1250
1128
1851
2738
2970
2440
1534
972
1484
2550
3101
2565
1602
1011
1338
2346
3034
2797
1828
1182
1220
2125
2879
2934
2186
1292
1138
1795
2713
2978
2454
1402
957
1536
2574
3075
2598
1601
1036
1401
2265
3064
2830
1877
1092
1278
2091
2835
2934
2165
1330
1081
1788
2678
3030
2432
1387
1091
1638
2600
2970
2630
1663
1048
1336
2316
3030
2762
1918
1132
1214
2038
2880
2905
2162
1299
1066
1800
2727
3058
2410
1476
1033
1560
2512
3060
2641
1573
1036
1384
2381
3012
2813
1827
1084
1179
2012
2896
2933
2229
1279
1082
1741
2811
3084
2398
1433
1039
1573
2527
3017
2597
1707
1041
1326
2374
3021
2712
1823
1215
1261
2111
2900
2974
2150
1269
1136
1837
2751
2936
2385
1470
1085
1561
2498
3071
2628
1688
1045
1365
2264
3009
2774
1887
1122
1215
2096
2869
2927
2157
1333
1071
1742
2764
3085
2311
1344
1102
1620
2569
2970
2641
1718
1087
1278
2307
3056
2773
1902
1090
1197
2052
2938
2931
2142
1242
1097
1834
2756
3057
2330
1421
1004
1590
2541
3007
2596
1580
1066
1381
2293
2948
2849
1917
1127
1210
2029
2934
2928
2141
1244
1125
1826
2767
2999
2359
1465
998
1515
2553
3166
2576
1566
1000
1354
2359
2947
2734
1880
1141
1122
2061
2902
2956
2143
1269
1151
1887
2698
2967
2444
1457
1061
1496
2498
3025
2568
1637
1044
1358
2274
3056
2795
1902
1138
1205
2044
2937
2972
2072
1274
1114
1759
2664
3069
2450
1404
1010
1567
2626
3028
2655
1701
1072
1311
2308
3061
2793
1921
1059
1191
2103
2880
2836
2089
1288
1106
1842
2720
3073
2423
1396
1034
1683
2551
3033
2665
1583
987
1328
2384
3014
2783
1836
1134
1205
2004
2864
2900
2181
1281
1139
1805
2824
3016
2343
1488
1062
1555
2560
3066
2533
1658
1058
1379
2345
2983
2800
1908
1152
1186
2040
2851
2961
2187
1299
1096
1780
2778
2992
2350
1368
1064
1590
2457
3006
2665
1660
983
1434
2328
3035
2818
1881
1061
1151
2118
2922
2867
2090
1396
1117
1724
2741
3062
2310
1351
1011
1528
2552
2995
2645
1640
1073
1363
2314
2945
2730
1928
1117
1168
1959
2909
2964
2173
1181
1035
1869
2766
3013
2321
1477
1064
1577
2567
3040
2631
1624
1038
1289
2258
2994
2771
1845
1066
1182
2047
2888
2905
2170
1263
1051
1787
2800
2975
2298
1469
1072
1550
2526
3067
2542
1629
1022
1352
2338
2965
2819
1928
1111
1050
2073
2971
2928
2100
1236
1093
1828
2745
3002
2426
1372
1010
1599
2578
3043
2609
1686
1077
1340
2231
3085
2852
1899
1126
1204
2078
2905
2962
2148
1255
1018
1797
2776
3033
2395
1471
1051
1511
2589
3059
2611
1631
1071
1337
2229
3030
2916
1981
1007
1126
2098
2923
2873
2161
1249
1005
1800
2810
3109
2330
1435
1094
1649
2504
3032
2735
1682
1027
1356
2341
2967
2765
1878
1151
1144
1989
2923
2956
2148
1233
1148
1837
2786
3035
2409
1454
986
1569
2600
3089
2526
1633
1045
1357
2310
2980
2768
1899
1140
1164
2055
2898
2943
2169
1247
1098
1843
2787
2969
2408
1426
1035
1542
2536
3036
2550
1628
1069
1526
2330
2981
2834
1931
1149
1212
2100
2923
2931
2101
1301
1106
1789
2713
2996
2327
1419
1075
1530
2551
3040
2668
1647
1038
1349
2368
3073
2827
1938
1114
1242
2070
2876
2890
2203
1272
1004
1799
2759
3032
2322
1419
1044
1559
2495
3020
2576
1565
1016
1288
2290
2985
2786
1830
1101
1199
1974
2874
2905
2204
1287
1131
1792
2803
3067
2374
1465
1037
1515
2508
3098
2594
1605
976
1369
2362
2965
2755
1840
1130
1226
2120
2834
2912
2174
1320
1109
1842
2800
2985
2410
1368
1003
1502
2556
3073
2604
1620
1002
1362
2219
2961
2848
1939
1088
1155
2083
2924
2938
2129
1298
1055
1762
2787
3093
2358
1390
1054
1530
2572
3075
2635
1643
1018
1331
2375
3083
2757
1892
1080
1155
2044
2926
2902
2146
1258
1032
1773
2763
3113
2376
1410
1020
1622
2541
3014
2653
1681
1081
1340
2320
2937
2776
1944
1187
1169
1966
2871
2926
2165
1241
1097
1785
2873
3058
2313
1445
1130
1588
2513
3152
2673
1629
935
1389
2389
2955
2747
1916
1184
1155
2099
2929
2923
2155
1289
1099
1822
2760
2994
2384
1395
1023
1586
2556
3062
2612
1681
1063
1438
2340
3014
2782
1901
1166
1312
2102
2824
2921
2205
1339
994
1715
2728
3012
2385
1462
1061
1456
2518
3065
2637
1618
1044
1323
2308
3043
2852
1931
1043
1159
2022
2859
2919
2194
1266
1038
1818
2676
2992
2384
1482
1024
1584
2565
3071
2631
1645
1099
1369
2303
2919
2740
1889
1137
1181
2036
2928
2884
2140
1314
1146
1754
2763
3036
2303
1369
1041
1575
2539
3056
2527
1669
1069
1350
2301
3006
2748
1831
1210
1243
2045
2851
3019
2225
1222
1051
1855
2823
2943
2370
1405
1036
1597
2562
2989
2549
1648
1047
1419
2242
2945
2777
1919
1144
1197
2047
2942
3019
2150
1228
1027
1779
2750
3017
2330
1464
1046
1486
2572
3052
2598
1613
1078
1396
2314
2993
2765
1883
1056
1182
2022
2903
2940
2123
1193
1059
1836
2716
3072
2394
1447
1059
1637
2553
3079
2619
1589
1105
1398
2262
2833
2766
1921
1107
1115
2002
2884
2877
2132
1245
1069
1747
2803
3043
2351
1479
1074
1586
2521
3041
2553
1661
1051
1336
2291
2974
2747
1819
1072
1120
2123
2947
2906
2119
1260
1077
1835
2783
2976
2331
1320
1022
1547
2528
3023
2599
1649
1016
1393
2288
3023
2755
1917
1221
1201
2027
2847
2935
2117
1262
1012
1806
2796
3008
2371
1482
1043
1482
2582
3082
2634
1643
1035
1326
2271
2986
2848
1988
1065
1176
2117
3006
2963
2163
1260
1081
1836
2742
2998
2362
1475
1034
1570
2547
3073
2620
1607
1083
1327
2298
3044
2847
1836
1093
1234
2026
2840
2848
2172
1269
1147
1822
2740
3026
2435
1499
1037
1527
2458
3029
2589
1691
1054
1290
2278
3016
2826
1865
1149
1229
2139
2827
2873
2138
1257
1100
1824
2789
3043
2435
1373
1057
1583
2472
3037
2674
1677
994
1342
2348
3042
2748
1942
1242
1262
1997
2852
2984
2136
1191
1040
1914
2814
2956
2352
1530
1086
1511
2586
3067
2584
1579
1061
1431
2349
2920
2732
1947
1116
1173
2043
2927
2954
2131
1214
1080
1813
2665
3095
2463
1445
981
1590
2570
3046
2626
1654
1118
1360
2299
3014
2874
1866
1072
1211
2051
2885
2914
2207
1332
1138
1756
2802
3076
2379
1462
1026
1528
2524
3046
2604
1745
1031
1238
2308
3046
2825
1887
1122
1191
2082
2867
2944
2181
1264
1078
1786
2763
3039
2463
1453
1051
1541
2517
3047
2638
1691
1051
1406
2273
3061
2825
1904
1132
1161
2089
2949
2946
2077
1228
1020
1803
2767
3006
2382
1429
1056
1539
2550
2987
2630
1609
1009
1378
2381
3043
2758
1943
1125
1108
2000
3007
2989
2084
1157
1100
1861
2732
3019
2390
1502
1055
1563
2519
3067
2570
1553
1093
1429
2303
2951
2815
1878
1084
1164
2083
2957
2872
2160
1342
1161
1747
2738
3090
2408
1435
1021
1659
2512
2951
2598
1774
1019
1257
2353
3027
2757
1818
1139
1206
2104
2911
2971
2132
1256
1125
1878
2806
2929
2340
1400
1078
1555
2486
3025
2649
1680
995
1401
2324
3025
2737
1861
1182
1239
2008
2854
3026
2105
1178
1085
1874
2752
2967
2381
1519
1101
1473
2508
3018
2622
1635
1060
1377
2274
2981
2800
1948
1081
1110
1997
2953
2937
2119
1260
1107
1824
2702
3036
2374
1481
1008
1581
2534
3016
2599
1679
1194
1349
2270
2977
2882
1886
1006
1152
2101
2953
2866
2123
1340
1172
1700
2759
3172
2415
1327
999
1662
2531
2967
2578
1744
996
1232
2337
3042
2745
1809
1138
1254
2120
2809
2913
2298
1301
956
1728
2855
3014
2272
1378
1137
1601
2458
3008
2642
1609
1002
1423
2312
3065
2785
1915
1178
1182
1993
2898
3027
2152
1247
980
1779
2787
2989
2288
1451
1097
1481
2522
3050
2669
1585
1043
1425
2353
2958
2771
2014
1104
1135
2091
3009
2889
2087
1256
1150
1886
2760
3059
2416
1413
971
1626
2593
3088
2626
1598
1094
1372
2312
2965
2786
1876
1130
1184
2028
2957
2929
2126
1284
1170
1779
2747
3071
2445
1434
998
1683
2627
2991
2512
1715
1005
1248
2308
3073
2817
1812
1120
1228
2095
2786
2956
2213
1225
1055
1890
2793
2969
2416
1422
1063
1525
2528
3063
2582
1643
1062
1427
2319
3024
2753
1857
1188
1217
1982
2827
2981
2042
1162
1161
1851
2631
2960
2456
1481
1022
1546
2631
3036
2575
1635
1068
1385
2335
2972
2695
1933
1187
1208
1971
2884
2970
2131
1231
1127
1845
2656
3002
2488
1552
938
1551
2661
3051
2509
1636
1208
1339
2180
2955
2877
1888
1068
1168
2032
2843
2856
2188
1371
1132
1627
2701
3118
2423
1409
1024
1579
2511
3020
2590
1702
1015
1306
2302
3009
2873
1954
1143
1141
2141
2969
2932
2155
1241
1015
1776
2788
2990
2337
1411
1115
1576
2458
2999
2641
1731
1049
1390
2317
3076
2787
1862
1192
1203
1952
2903
3104
2166
1150
990
1870
2745
2923
2352
1527
1073
1454
2583
3084
2650
1650
1064
1335
2344
3016
2766
1992
1125
1138
2059
2981
2885
2062
1212
1107
1840
2680
3016
2438
1487
992
1651
2606
2995
2586
1641
1112
1374
2260
2933
2788
1851
1142
1236
2054
2935
2897
2128
1258
1185
1794
2734
3065
2421
1447
1052
1665
2586
3006
2566
1737
1051
1286
2308
3063
2827
1794
1090
1255
2140
2851
2930
2227
1214
954
1833
2816
2965
2382
1468
1146
1547
2474
3039
2674
1684
998
1417
2362
3030
2720
1882
1235
1310
2000
2825
2982
2170
1235
973
1786
2758
2970
2330
1485
1067
1494
2603
3137
2716
1651
1099
1454
2362
2959
2698
1964
1109
1107
2024
2958
2941
2094
1208
1063
1857
2706
3015
2426
1537
965
1570
2603
2991
2532
1666
1188
1290
2187
3000
2902
1857
1029
1200
2099
2932
2793
2110
1367
1139
1672
2677
3069
2479
1371
942
1631
2607
3064
2557
1723
1109
1340
2311
3067
2859
1838
1124
1303
2127
2800
2924
2267
1312
1035
1829
2835
2963
2334
1433
1107
1538
2471
3089
2679
1639
982
1428
2384
3024
2754
1962
1217
1187
2020
2927
3052
2159
1318
1079
1811
2725
2965
2346
1453
1045
1467
2600
3153
2640
1578
1057
1428
2346
2963
2724
1945
1168
1177
1989
2932
2953
2123
1212
1061
1858
2730
3043
2412
1449
977
1550
2577
3034
2552
1636
1137
1316
2193
2949
2871
1886
1056
1203
2124
2976
2889
2122
1317
1131
1733
2751
3044
2417
1426
975
1578
2575
3027
2485
1672
1051
1254
2238
3043
2909
1844
1077
1213
2147
2868
2910
2216
1255
1022
1820
2850
2990
2324
1377
1091
1525
2480
3016
2618
1673
1023
1340
2261
3027
2802
1915
1186
1236
2043
2891
2997
2113
1229
1098
1907
2713
2907
2407
1532
1066
1478
2619
3131
2597
1614
1058
1374
2341
3009
2776
1971
1110
1156
2053
2932
2897
2082
1185
1074
1821
2648
3000
2422
1510
1059
1674
2647
3048
2537
1615
1192
1431
2278
2913
2846
1884
1065
1218
2089
2863
2846
2163
1300
1115
1747
2788
3074
2382
1412
1056
1605
2551
3062
2635
1697
1065
1361
2295
2940
2777
1927
1204
1217
2061
2863
2940
2197
1300
1059
1759
2772
3006
2339
1405
1073
1568
2515
3096
2601
1600
1045
1425
2310
3045
2812
1945
1226
1244
2042
2930
3003
2126
1242
1010
1788
2698
2973
2331
1395
1021
1497
2604
3075
2659
1669
1095
1384
2296
3026
2810
1945
1077
1207
2107
2920
2897
2169
1312
1074
1772
2755
3067
2357
1437
1043
1604
2510
2985
2576
1595
1080
1318
2276
3007
2848
1889
1135
1246
2062
2941
2921
2126
1281
1162
1765
2727
3103
2438
1457
989
1542
2550
3067
2589
1679
974
1307
2365
3001
2769
1872
1143
1157
2181
2954
2928
2151
1290
1140
1726
2708
3053
2430
1333
970
1538
2521
2964
2545
1676
1098
1466
2288
3023
2815
1891
1148
1241
2082
2886
2911
2165
1334
1052
1727
2755
3075
2367
1391
1054
1617
2596
2964
2588
1706
1022
1268
2333
3082
2751
1810
1067
1263
2097
2869
2879
2144
1258
1051
1863
2762
3041
2385
1504
1093
1622
2556
3075
2698
1657
1074
1380
2345
2917
2751
1908
1196
1222
2013
2910
2966
2235
1260
1045
1775
2842
3018
2370
1497
1030
1528
2543
3114
2605
1669
1039
1349
2302
2955
2865
1985
1124
1115
2056
2889
2942
2163
1254
1091
1833
2764
3013
2378
1396
1053
1549
2550
3062
2574
1623
1044
1421
2240
3022
2790
1997
1196
1153
2084
2958
2959
2062
1322
1107
1693
2655
3083
2426
1346
965
1526
2611
3023
2638
1717
1114
1364
2342
3044
2774
1895
1063
1143
2089
2959
2910
2169
1291
1120
1853
2745
3054
2358
1529
1088
1604
2514
2980
2638
1641
1021
1287
2316
3044
2839
1886
1123
1206
2015
2944
2946
2150
1310
1168
1863
2793
2972
2318
1505
1080
1518
2448
3097
2588
1568
985
1359
2329
2887
2759
1932
1150
1117
2087
2973
2948
2117
1279
1138
1720
2689
3030
2492
1399
998
1563
2604
3028
2521
1653
1104
1393
2229
3037
2841
1907
1114
1176
2045
2917
2947
2076
1263
1076
1759
2695
3014
2350
1363
1014
1532
2600
3044
2601
1667
1079
1338
2342
3109
2728
1775
1102
1290
2066
2820
2904
2223
1254
1026
1844
2708
3024
2346
1474
1071
1614
2489
3005
2646
1664
1061
1332
2319
2935
2749
1821
1130
1279
2060
2887
2931
2181
1224
1097
1834
2756
2991
2402
1528
1044
1507
2562
3154
2638
1642
1053
1421
2323
2919
2769
1925
1109
1145
2112
2941
2950
2135
1285
1145
1815
2754
2982
2409
1360
981
1586
2533
3021
2601
1694
1089
1390
2256
2977
2823
1925
1118
1248
2082
2904
2976
2117
1283
1040
1769
2736
3034
2384
1427
999
1475
2534
3023
2659
1630
1071
1383
2359
3036
2799
1933
1075
1238
2087
2937
2920
2132
1246
1077
1879
2766
3103
2383
1410
1025
1607
2490
3051
2646
1618
1063
1340
2310
2966
2772
1926
1174
1201
2020
2911
2941
2171
1257
1104
1837
2780
2961
2379
1525
994
1528
2560
3022
2507
1692
1082
1310
2294
3011
2790
1807
1189
1252
2138
2884
2947
2183
1279
1069
1824
2801
2976
2398
1388
1041
1556
2512
3057
2580
1628
1032
1364
2269
3042
2797
1816
1061
1198
2036
2892
2937
2118
1279
1032
1807
2756
2994
2413
1472
1019
1548
2605
3035
2655
1683
1017
1260
2293
3079
2770
1881
1118
1284
2043
2865
2946
2211
1225
1007
1835
2750
3058
2352
1447
982
1656
2667
3039
2521
1571
1139
1371
2271
2986
2828
1809
1133
1275
1996
2860
2940
2187
1276
1083
1742
2780
3014
2382
1473
1059
1572
2517
3055
2584
1647
1046
1365
2339
3019
2825
1882
1125
1196
2135
2879
2892
2170
1310
1083
1790
2723
2967
2407
1438
1029
1530
2499
3063
2552
1596
1048
1402
2265
3077
2814
1898
1151
1206
2085
2889
2981
2175
1267
946
1737
2805
3045
2368
1432
1102
1550
2564
3043
2673
1647
1047
1347
2311
2965
2760
1918
1045
1138
2090
2955
2904
2199
1288
1004
1773
2710
3056
2384
1431
978
1560
2544
2997
2581
1720
1142
1327
2297
3002
2791
1874
1150
1271
2048
2893
2928
2213
1332
1147
1750
2718
3042
2458
1494
978
1538
2556
3063
2548
1649
1018
1297
2313
2994
2839
1895
1098
1160
2151
2927
2926
2112
1248
1104
1820
2736
2954
2402
1416
1029
1504
2541
3065
2587
1659
1017
1377
2307
3081
2776
1855
1165
1296
2059
2835
2975
2202
1287
981
1724
2762
3047
2410
1477
985
1452
2631
3104
2624
1684
1108
1355
2329
3002
2745
1952
1147
1143
1959
2903
2902
2099
1206
1045
1791
2643
3062
2446
1419
969
1622
2613
3047
2608
1652
1118
1371
2319
2962
2721
1858
1166
1192
2072
3000
2941
2160
1330
1191
1763
2751
3048
2383
1491
1062
1569
2497
3036
2592
1649
1011
1320
2321
2996
2782
1864
1127
1190
2049
2836
2980
2188
1220
1009
1802
2842
3040
2373
1382
1074
1551
2489
3063
2648
1622
1025
1468
2348
2987
2723
1900
1172
1239
2055
2862
2954
2148
1310
1068
1809
2725
3047
2398
1485
1081
1498
2562
3046
2666
1619
1021
1348
2359
3038
2765
1885
1065
1164
2029
2918
2906
2113
1191
1043
1839
2773
3050
2375
1481
1050
1593
2533
2992
2574
1570
1054
1342
2293
2963
2771
1870
1094
1226
2065
2911
2864
2150
1351
1145
1752
2777
3064
2351
1416
1021
1566
2466
3010
2603
1679
1024
1279
2284
3056
2836
1860
1127
1199
2144
2895
2918
2128
1276
1102
1812
2779
3003
2405
1437
1096
1615
2526
3010
2606
1669
1014
1376
2298
3047
2754
1915
1172
1221
1966
2825
3015
2147
1227
1046
1813
2772
3021
2361
1504
1105
1473
2550
3076
2588
1592
1027
1396
2374
3008
2699
1873
1090
1186
2069
2916
2843
2059
1204
1075
1866
2701
2997
2385
1444
1007
1607
2539
3029
2606
1605
1129
1369
2300
2983
2828
1913
1175
1270
2050
2892
2957
2164
1194
1101
1764
2781
3087
2425
1456
1029
1574
2543
3098
2599
1664
1042
1331
2327
3025
2743
1843
1117
1157
2113
2874
2906
2142
1268
1121
1865
2782
2978
2396
1396
1047
1558
2503
3074
2587
1577
1023
1462
2318
3045
2813
1932
1179
1161
2007
2917
2913
2025
1306
1165
1832
2717
3014
2347
1409
1058
1477
2563
3092
2580
1620
1065
1297
2293
3031
2814
1988
1103
1170
2001
2874
2884
2158
1224
1026
1842
2751
3016
2357
1467
1042
1599
2553
2985
2625
1677
1063
1357
2325
2945
2742
1892
1147
1235
2051
2919
2939
2150
1300
1163
1778
2795
3063
2373
1473
1059
1600
2528
3068
2557
1623
1010
1315
2295
2974
2855
1903
1124
1131
2118
2933
2943
2103
1224
1090
1834
2719
2931
2432
1455
1013
1461
2531
3029
2563
1709
1099
1399
2314
3049
2777
1908
1177
1222
2048
2908
2963
2058
1257
1101
1841
2751
3024
2393
1438
1036
1502
2527
3054
2709
1693
1029
1380
2358
3027
2796
1961
1094
1206
2070
2842
2888
2177
1272
1107
1888
2778
3062
2402
1485
1037
1621
2567
3019
2628
1656
1074
1318
2277
2981
2807
1790
1105
1261
2017
2864
2981
2211
1241
1084
1801
2816
3020
2357
1473
1071
1606
2494
3049
2575
1650
1024
1331
2290
2961
2820
1882
1127
1224
2095
2820
2942
2214
1276
1040
1748
2761
2925
2321
1422
1043
1477
2437
3036
2629
1654
996
1371
2283
3072
2804
1881
1127
1207
2073
2893
2926
2106
1306
1084
1727
2637
3012
2369
1422
1072
1526
2516
3013
2673
1623
1015
1319
2392
3044
2776
1907
1043
1186
2056
2892
2925
2169
1231
1024
1876
2766
3022
2342
1443
1042
1589
2606
3098
2587
1608
1137
1404
2276
2974
2832
1837
1141
1286
2049
2874
2942
2214
1262
1131
1796
2782
3057
2369
1412
1000
1575
2524
3009
2514
1659
1047
1309
2362
3007
2717
1784
1112
1175
2088
2863
2950
2211
1279
1037
1789
2788
2963
2316
1437
1141
1539
2521
3051
2619
1634
983
1356
2320
3065
2711
1864
1179
1201
2007
2932
3034
2119
1243
1022
1805
2725
2939
2376
1498
1091
1486
2536
3056
2643
1605
1040
1393
2272
2955
2862
2030
1067
1116
2010
2894
2882
2122
1230
1075
1866
2714
3030
2439
1462
993
1587
2585
3074
2563
1635
1126
1337
2275
2954
2817
1858
1105
1186
1992
2906
2896
2084
1232
1137
1814
2788
3001
2335
1469
1043
1538
2492
3040
2629
1688
1010
1346
2314
2977
2809
1942
1144
1156
2072
2881
3006
2245
1273
1027
1733
2808
3059
2410
1356
1037
1551
2500
3070
2639
1692
1037
1373
2267
3041
2790
1867
1114
1245
2106
2892
2987
2114
1238
1026
1823
2738
2969
2303
1411
1083
1558
2578
2997
2569
1656
1101
1347
2310
3033
2850
1917
1063
1238
2092
2941
2991
2220
1269
1068
1839
2771
3039
2357
1451
1029
1612
2543
3051
2633
1566
1026
1383
2312
2992
2845
1884
1126
1262
2050
2917
2953
2222
1294
1087
1739
2735
3002
2386
1481
972
1519
2513
3027
2559
1729
1091
1346
2298
2982
2778
1864
1144
1114
2130
2944
2965
2161
1246
1074
1842
2756
2936
2408
1389
1019
1579
2515
3027
2622
1622
1007
1391
2252
2987
2801
1921
1120
1192
2086
2907
2920
2077
1337
1174
1760
2650
3056
2454
1428
988
1557
2625
2971
2597
1715
1094
1367
2306
2998
2802
1968
1085
1178
2097
2906
2881
2151
1228
989
1850
2826
3060
2329
1426
1112
1668
2485
3037
2641
1621
1085
1324
2248
2957
2817
1875
1114
1204
2060
2938
2950
2132
1235
1130
1764
2732
3008
2437
1518
985
1489
2523
3106
2596
1664
1016
1302
2312
2994
2785
1875
1137
1150
2104
2923
2911
2122
1271
1108
1827
2781
2957
2360
1394
1064
1573
2489
3034
2629
1676
1016
1445
2360
2994
2744
1885
1166
1150
2014
2900
2927
2066
1263
1087
1765
2711
3048
2387
1454
1073
1555
2547
2983
2615
1653
1108
1369
2354
3042
2757
1938
1075
1165
2050
2924
2978
2213
1230
1058
1883
2748
3001
2376
1493
1070
1591
2567
3067
2584
1555
1034
1341
2338
3046
2832
1814
1100
1261
2098
2928
2877
2109
1267
1180
1816
2708
3031
2443
1522
1002
1515
2555
3100
2577
1676
1031
1343
2333
2996
2748
1795
1140
1204
2116
2901
2967
2166
1280
1169
1896
2782
2968
2393
1420
1054
1541
2568
3085
2578
1620
1077
1410
2274
3006
2791
1915
1137
1207
2074
2907
2951
2148
1309
1049
1722
2644
2960
2417
1465
1017
1516
2593
3069
2656
1687
1067
1403
2347
3000
2743
1927
1085
1142
1975
2871
2918
2134
1216
1043
1861
2736
3078
2412
1396
1000
1664
2571
3009
2653
1650
1046
1382
2355
2960
2782
1903
1158
1161
1990
2890
2877
2075
1229
1165
1785
2758
3015
2393
1502
994
1464
2507
3110
2575
1628
975
1345
2349
3014
2771
1846
1142
1221
2131
2867
2935
2159
1234
1015
1784
2786
2974
2386
1384
1057
1552
2532
3027
2581
1665
1010
1423
2322
3003
2846
1937
1153
1181
2051
2947
3000
2086
1218
1063
1799
2698
2992
2336
1424
1082
1535
2593
3025
2609
1626
1071
1358
2353
3021
2752
1955
1130
1155
2030
2898
2942
2180
1249
1091
1850
2685
3045
2441
1495
979
1528
2538
2997
2611
1661
1082
1360
2297
3018
2796
1882
1187
1250
2025
2893
2908
2145
1224
1105
1770
2764
3021
2351
1440
978
1543
2545
3065
2489
1559
1023
1339
2435
3065
2715
1815
1198
1230
2056
2835
2937
2151
1271
1119
1906
2788
2951
2385
1439
1100
1584
2550
3035
2592
1650
1019
1427
2329
3010
2737
1826
1138
1299
2081
2867
2943
2120
1269
1109
1842
2739
2977
2338
1476
1088
1495
2583
3131
2653
1617
1032
1362
2345
2997
2722
1945
1159
1175
2019
2967
2913
2074
1186
1059
1866
2699
2995
2405
1456
956
1593
2591
3071
2606
1599
1094
1351
2275
2955
2854
1912
1137
1204
2114
2975
2911
2129
1281
1156
1758
2733
3050
2437
1416
969
1568
2543
3031
2552
1702
1058
1339
2347
3041
2792
1792
1144
1260
2112
2808
2916
2279
1256
952
1790
2816
2971
2316
1338
1090
1581
2473
2985
2646
1736
1034
1422
2324
3050
2778
1882
1174
1247
2059
2903
3012
2158
1277
1033
1816
2765
2998
2320
1453
1063
1406
2528
3111
2709
1616
1042
1432
2366
2979
2793
1957
1060
1151
2061
2939
2860
2117
1289
1137
1823
2720
3055
2391
1440
971
1568
2608
3082
2566
1626
1156
1367
2245
2970
2899
1973
1019
1123
2150
3015
2875
2142
1344
1200
1709
2722
3088
2425
1488
1049
1599
2529
3027
2573
1705
1025
1284
2319
3063
2809
1810
1070
1178
2087
2802
2912
2293
1332
985
1800
2929
3077
2360
1351
1098
1602
2477
2992
2629
1645
988
1406
2354
3022
2739
1881
1192
1234
1985
2889
2983
2072
1212
1048
1770
2666
2935
2412
1507
1025
1414
2592
3179
2628
1569
1029
1388
2331
2979
2812
2032
1116
1116
2032
2958
2868
2061
1252
1091
1850
2686
3032
2481
1547
981
1568
2644
3120
2612
1624
1163
1408
2291
2990
2907
1881
1013
1151
2085
2938
2836
2100
1313
1166
1733
2759
3094
2400
1409
1028
1602
2543
3040
2535
1685
1005
1265
2358
3036
2781
1870
1123
1175
2111
2874
2882
2152
1217
1011
1793
2814
3047
2342
1306
1060
1640
2511
3048
2634
1669
1000
1388
2294
3002
2745
1857
1167
1239
2006
2801
2934
2109
1266
1043
1811
2723
2998
2388
1397
976
1494
2594
3040
2630
1601
1077
1410
2340
2959
2742
1905
1072
1166
2027
2916
2918
2147
1219
1053
1907
2721
2957
2349
1492
1054
1521
2517
3074
2606
1589
1086
1382
2329
2999
2868
1890
1057
1200
2063
2956
2944
2136
1221
1150
1842
2766
3039
2375
1426
1044
1613
2543
3014
2541
1704
1014
1277
2322
2972
2793
1921
1152
1109
2073
2969
2995
2131
1215
1092
1829
2742
2938
2403
1461
1082
1566
2507
2982
2584
1679
1068
1367
2261
3019
2777
1858
1160
1240
2040
2893
2984
2106
1213
1051
1801
2728
3064
2414
1431
1053
1566
2620
3047
2669
1721
1058
1314
2302
3054
2775
1932
1085
1199
2100
2885
2897
2192
1223
976
1791
2751
3078
2345
1424
1054
1586
2511
3089
2659
1627
1039
1295
2338
3047
2785
1840
1171
1203
2013
2928
2925
2141
1249
1116
1749
2730
3058
2475
1451
976
1572
2600
3069
2505
1623
1013
1308
2279
2995
2835
1847
1098
1196
2164
2900
2949
2175
1259
1070
1768
2774
3005
2346
1329
1039
1629
2570
2995
2542
1697
1096
1399
2279
3041
2830
1933
1156
1167
2035
2890
2958
2104
1244
1006
1768
2725
3013
2350
1385
948
1497
2626
3042
2624
1651
1035
1337
2350
3060
2841
1931
1078
1153
2069
2949
2923
2136
1241
1130
1928
2744
2975
2374
1473
1033
1558
2536
3035
2603
1653
1087
1303
2253
2987
2836
1903
1092
1132
1997
2926
2894
2092
1230
1075
1784
2841
3009
2366
1520
1053
1534
2516
3080
2552
1724
1073
1289
2284
2999
2868
1878
1099
1127
2067
2913
2950
2149
1242
1081
1841
2785
2923
2311
1406
1098
1562
2472
2986
2672
1673
976
1374
2343
3048
2738
1882
1207
1231
2002
2943
3038
2109
1239
1050
1840
2749
2979
2312
1453
1050
1496
2593
3069
2582
1615
1079
1405
2377
2971
2710
1985
1135
1160
2006
2898
2948
2134
1195
1039
1838
2702
3042
2361
1425
1011
1633
2619
3074
2617
1643
1098
1363
2308
2934
2768
1804
1104
1199
2022
2920
2914
2110
1220
1154
1776
2712
3056
2439
1438
1034
1591
2564
3037
2557
1635
973
1346
2394
3029
2739
1871
1167
1175
2098
2893
2949
2188
1288
1072
1803
2792
3009
2397
1413
1060
1581
2508
3071
2662
1648
1025
1399
2270
3027
2805
1845
1106
1222
2054
2915
3018
2095
1251
1109
1846
2727
2940
2336
1469
1053
1461
2606
3117
2649
1589
1049
1444
2416
2994
2692
1938
1160
1148
1989
2932
2982
2171
1267
1102
1811
2653
3007
2456
1483
927
1517
2560
3046
2609
1674
1106
1288
2252
2973
2825
1878
1104
1219
2074
2964
2961
2189
1278
1074
1791
2798
3050
2402
1457
960
1562
2621
3122
2518
1615
1058
1347
2260
2963
2849
1922
1139
1212
2106
2833
2986
2266
1278
1065
1833
2810
3010
2396
1412
1058
1550
2536
3082
2699
1654
986
1383
2314
3017
2791
1930
1094
1163
2074
2966
2952
2058
1264
1086
1781
2708
3053
2398
1371
1022
1564
2608
3030
2619
1672
1055
1339
2326
3028
2754
1968
1134
1117
1998
2955
2971
2130
1180
1064
1818
2700
3015
2379
1469
1006
1616
2562
3093
2640
1557
1026
1356
2295
2892
2734
1870
1144
1191
1976
2891
2952
2175
1274
1098
1725
2770
3062
2401
1408
998
1565
2553
3097
2525
1607
1077
1396
2329
2972
2794
1939
1210
1200
2050
2855
2912
2133
1264
1112
1806
2802
3039
2339
1342
1094
1591
2529
3036
2598
1683
1069
1460
2318
3056
2854
1947
1163
1173
2017
2878
3003
2183
1283
1060
1807
2719
2988
2326
1441
1039
1476
2599
3048
2568
1582
1078
1409
2333
2974
2788
1961
1072
1161
2047
2872
2838
2108
1242
1089
1814
2661
3055
2418
1434
1018
1615
2573
3010
2579
1663
1105
1330
2303
3007
2807
1898
1178
1218
2017
2917
2920
2144
1300
1150
1777
2803
3081
2366
1421
1017
1586
2561
3123
2580
1651
1016
1341
2384
3005
2736
1794
1159
1229
2100
2893
2964
2207
1269
1063
1784
2792
3083
2383
1279
1025
1653
2574
3045
2669
1675
961
1367
2312
3027
2770
1933
1187
1179
2031
2942
3015
2092
1213
1084
1857
2805
3037
2319
1448
1140
1607
2565
2991
2623
1706
1088
1363
2341
3013
2779
1951
1059
1095
2029
2961
2931
2116
1240
1146
1873
2663
2978
2404
1484
1062
1619
2547
3041
2654
1648
1059
1285
2322
2982
2736
1859
1142
1200
2019
2849
2863
2152
1300
1143
1722
2712
3080
2445
1467
1056
1647
2548
2966
2516
1701
1057
1303
2366
3104
2787
1885
1169
1137
2039
2905
2995
2164
1219
1119
1789
2711
3004
2456
1387
1036
1546
2459
3016
2660
1694
1016
1415
2303
2986
2788
1948
1164
1179
2056
2842
2941
2174
1362
1072
1755
2708
2965
2337
1430
1016
1504
2582
3031
2623
1651
1064
1343
2349
3036
2796
1968
1101
1146
2023
2944
2933
2111
1195
1082
1856
2734
3064
2432
1454
1032
1674
2608
2961
2571
1684
1126
1343
2232
2930
2828
1868
1067
1263
2128
2917
2882
2120
1236
1097
1770
2728
3003
2344
1484
1013
1544
2542
3063
2551
1651
1051
1314
2280
2952
2790
1842
1142
1155
2086
2908
2963
2212
1301
1066
1804
2784
2924
2342
1382
1057
1579
2536
2994
2592
1695
1044
1328
2237
3054
2806
1827
1101
1183
2026
2882
2971
2096
1212
1049
1795
2757
2993
2341
1453
1076
1509
2547
3004
2608
1645
1046
1355
2314
2958
2755
1968
1116
1164
2107
2971
2796
2053
1333
1196
1799
2623
3117
2477
1437
998
1661
2579
3073
2684
1629
1057
1333
2332
2957
2779
1879
1181
1211
1951
2874
2908
2172
1259
1147
1839
2766
2976
2439
1502
1031
1557
2487
3035
2646
1742
996
1323
2398
2979
2756
1921
1152
1133
2088
2878
2916
2188
1261
1072
1824
2765
3010
2398
1352
1045
1615
2554
3039
2603
1665
1022
1385
2291
3029
2818
1902
1097
1276
2106
2858
2954
2119
1260
1041
1787
2757
2994
2279
1386
1107
1618
2603
3019
2615
1649
1098
1393
2307
2959
2759
1969
1148
1191
2037
2931
2932
2178
1296
1088
1850
2759
3054
2382
1471
1065
1596
2519
3029
2653
1673
1070
1336
2278
2979
2807
1877
1143
1175
2018
2921
2903
2134
1275
1167
1779
2769
3065
2401
1439
989
1585
2552
3024
2568
1709
1022
1284
2314
3023
2835
1869
1150
1162
2110
2907
2997
2239
1260
1006
1790
2815
2990
2350
1369
1064
1609
2585
3058
2674
1724
1020
1351
2302
3038
2738
1833
1163
1250
1991
2823
3006
2166
1245
1023
1796
2822
3076
2354
1459
1119
1515
2532
3033
2643
1664
1023
1413
2393
2959
2717
1981
1159
1120
1977
2959
2923
2096
1299
1126
1796
2623
3046
2434
1444
952
1623
2630
2983
2560
1681
1125
1268
2231
3046
2869
1846
1108
1150
2001
2862
2868
2188
1327
1122
1717
2767
3091
2340
1416
1046
1586
2539
3072
2589
1700
1051
1341
2353
2995
2751
1865
1137
1226
2118
2849
2897
2146
1182
1020
1818
2812
3027
2373
1348
1030
1551
2487
2953
2572
1677
997
1350
2339
3120
2738
1830
1202
1225
1985
2908
3068
2164
1239
1002
1827
2798
3005
2346
1431
1082
1497
2623
3132
2590
1528
1034
1436
2348
2931
2759
1954
1041
1083
2114
3003
2883
2078
1205
1083
1864
2709
2986
2342
1454
1016
1595
2583
3073
2613
1606
1109
1341
2256
2948
2805
1920
1140
1203
2038
2968
2968
2141
1247
1091
1778
2774
3054
2387
1432
1036
1612
2494
3048
2564
1712
1080
1311
2301
3022
2803
1794
1091
1194
2143
2900
2896
2181
1286
1082
1827
2759
2959
2406
1409
1030
1520
2545
3111
2689
1659
974
1355
2274
3017
2778
1871
1165
1248
1979
2870
3016
2118
1271
1094
1822
2747
2993
2354
1445
1069
1533
2559
3012
2627
1644
999
1335
2371
3002
2708
1903
1086
1128
1983
2921
2928
2083
1206
1091
1834
2683
3056
2386
1448
1078
1618
2523
2967
2557
1655
1089
1332
2328
2958
2823
1876
1091
1193
2067
2864
2855
2181
1325
1117
1726
2769
3057
2379
1465
1034
1524
2502
3106
2611
1617
990
1360
2348
2980
2774
1922
1161
1147
2094
2955
2959
2129
1210
1048
1814
2833
3004
2365
1439
1121
1557
2515
3073
2609
1613
1025
1416
2269
3033
2801
1882
1164
1196
2029
2944
3045
2134
1251
1052
1808
2676
2995
2376
1429
1030
1483
2596
3073
2597
1621
1073
1366
2320
3003
2832
1947
1084
1183
2065
2957
2883
2127
1293
1113
1771
2658
3034
2372
1439
1041
1585
2516
3016
2603
1625
1069
1393
2376
2983
2786
1899
1134
1166
2026
2931
2885
2113
1285
1170
1811
2759
3075
2430
1463
1007
1589
2553
3062
2582
1695
1015
1262
2322
3056
2840
1850
1109
1216
2151
2887
2940
2204
1298
1070
1783
2817
2979
2346
1345
1061
1570
2476
2977
2614
1690
980
1357
2326
3078
2767
1822
1116
1223
1991
2820
2973
2215
1313
1064
1830
2771
2977
2356
1499
1070
1471
2561
3086
2630
1651
1091
1394
2317
2965
2753
2023
1211
1169
2021
2946
2875
2058
1282
1118
1787
2709
3114
2395
1420
996
1644
2593
2995
2570
1589
1097
1362
2334
3018
2792
1830
1122
1187
1990
2893
2896
2132
1323
1143
1693
2736
3126
2436
1409
1010
1581
2529
2971
2557
1730
1061
1291
2321
3055
2842
1899
1118
1164
2167
2956
2936
2143
1288
1114
1820
2770
3039
2364
1321
1079
1584
2443
3048
2714
1682
936
1369
2372
3079
2773
1888
1150
1197
2055
2942
2993
2039
1300
1095
1822
2771
2986
2367
1477
1032
1510
2610
3101
2640
1629
1042
1361
2364
3037
2778
1901
1086
1192
2136
2975
2855
2137
1248
1057
1867
2769
3039
2391
1466
1016
1564
2519
2997
2585
1637
1096
1343
2249
3007
2837
1862
1112
1203
2009
2894
2924
2215
1313
1096
1739
2813
3106
2432
1468
1004
1537
2535
3080
2575
1642
1011
1366
2352
2971
2761
1849
1102
1174
2152
2845
2890
2176
1301
1028
1747
2793
3029
2349
1376
1112
1582
2534
3050
2634
1677
1007
1388
2308
3032
2730
1908
1197
1166
1952
2878
2990
2075
1217
1075
1805
2740
3025
2361
1457
1047
1528
2624
3092
2614
1661
1111
1375
2273
2953
2782
1946
1148
1214
2000
2911
2975
2150
1202
1071
1900
2731
2998
2383
1475
1004
1582
2581
3099
2567
1546
1151
1493
2271
2868
2856
1928
1054
1097
2027
2939
2820
2111
1365
1187
1732
2684
3060
2403
1377
992
1602
2537
3013
2572
1732
1057
1226
2299
3108
2812
1784
1087
1230
2192
2865
2900
2221
1312
1021
1784
2823
3015
2368
1381
1086
1583
2420
2933
2640
1696
956
1391
2381
3038
2746
1901
1225
1224
1981
2875
3012
2131
1232
1013
1879
2759
2939
2364
1537
1076
1424
2589
3107
2634
1631
1101
1404
2335
3020
2757
1910
1122
1164
2025
2988
2965
2089
1191
1090
1885
2688
3023
2485
1459
988
1625
2600
3019
2614
1619
1050
1333
2271
3009
2849
1842
1067
1189
2030
2902
2862
2139
1295
1105
1732
2753
3050
2412
1509
1029
1551
2525
3050
2540
1688
1014
1289
2344
3047
2810
1823
1119
1163
2138
2906
2987
2225
1291
1088
1825
2797
2995
2349
1342
1055
1640
2598
3017
2615
1711
1035
1409
2341
3064
2763
1887
1148
1223
2042
2833
2951
2104
1298
1043
1765
2765
3067
2471
1510
1105
1521
2540
3048
2652
1686
1057
1338
2316
3021
2838
1928
1029
1164
2086
2914
2878
2145
1220
1044
1864
2703
3027
2395
1517
1051
1610
2575
3013
2583
1685
1101
1274
2239
2935
2801
1876
1149
1210
2040
2936
2903
2138
1252
1100
1744
2767
3042
2409
1456
1016
1518
2517
3115
2660
1703
974
1280
2304
2997
2840
1898
1067
1127
2109
2892
2898
2136
1266
1089
1796
2690
2940
2460
1409
980
1570
2593
3056
2600
1658
1036
1471
2347
3026
2811
1913
1146
1209
2082
2838
2867
2117
1379
1038
1735
2782
3062
2316
1356
1045
1546
2581
3055
2637
1663
1102
1347
2292
2985
2762
1945
1101
1141
2049
2916
2886
2174
1286
1037
1822
2823
3082
2293
1436
1080
1608
2528
3025
2633
1632
1051
1335
2347
3027
2801
1923
1223
1251
2012
2907
2967
2212
1262
1103
1791
2842
3077
2331
1438
1056
1596
2513
3045
2555
1650
1026
1335
2279
2901
2794
1934
1153
1103
2062
2907
2973
2146
1230
1077
1808
2773
2986
2394
1447
1054
1481
2493
3064
2603
1619
1027
1371
2253
3051
2832
1904
1120
1216
2088
2888
2943
2181
1360
1041
1718
2744
3057
2383
1385
1068
1597
2545
2957
2679
1763
1062
1301
2259
3007
2832
1953
1099
1154
1998
2911
2868
2076
1266
1064
1829
2719
3058
2405
1445
1010
1605
2541
3048
2642
1639
1053
1312
2357
2948
2719
1858
1165
1168
1977
2958
2953
2135
1212
1148
1780
2727
3038
2447
1455
962
1609
2608
3007
2555
1732
1050
1294
2306
3010
2796
1881
1151
1192
2133
2920
2908
2157
1285
1081
1789
2755
2992
2343
1328
1011
1555
2522
3058
2582
1638
1002
1419
2293
3003
2816
1943
1190
1224
2042
2861
2942
2064
1268
1066
1764
2683
2989
2297
1369
1086
1532
2551
3022
2663
1689
1016
1253
2344
3048
2790
1964
1081
1130
2008
2979
2971
2105
1230
1078
1837
2749
3082
2387
1467
1026
1601
2626
3063
2540
1579
1122
1320
2249
2978
2841
1793
1004
1268
2146
2902
2874
2165
1268
1143
1793
2716
3048
2425
1466
997
1578
2545
3026
2528
1700
1111
1320
2288
3016
2829
1848
1041
1190
2133
2834
2914
2216
1309
985
1689
2769
2989
2337
1392
1098
1556
2453
3061
2675
1650
964
1412
2396
3043
2772
1914
1161
1206
2012
2862
2972
2104
1275
1069
1761
2718
3032
2376
1329
954
1573
2634
3008
2582
1688
1102
1301
2301
3101
2785
1846
1081
1189
2032
2898
2904
2166
1273
1084
1858
2708
3013
2418
1531
1086
1630
2543
3036
2670
1667
1077
1352
2305
2951
2784
1850
1096
1148
1996
2937
2911
2149
1294
1156
1749
2723
3039
2402
1419
1036
1571
2516
3031
2606
1696
1019
1314
2339
3005
2788
1931
1186
1155
2081
2962
2942
2138
1253
1061
1802
2789
2998
2405
1384
1067
1593
2487
2964
2633
1673
995
1344
2297
3050
2811
1924
1132
1194
2058
2911
2956
2077
1269
1034
1790
2772
3028
2335
1414
1169
1584
2543
3033
2596
1579
1019
1356
2360
3039
2790
1936
1147
1258
2065
2847
2913
2182
1238
1066
1839
2711
3002
2348
1410
961
1575
2580
3031
2552
1568
1091
1394
2285
2918
2816
1919
1122
1220
2049
2910
2918
2163
1251
1116
1796
2754
3014
2418
1474
1011
1513
2488
3092
2583
1657
1029
1316
2295
3037
2811
1875
1143
1154
2127
2949
3014
2187
1234
1056
1818
2779
2970
2363
1389
1050
1589
2539
2996
2574
1612
976
1366
2273
3006
2771
1929
1167
1221
2009
2859
3021
2155
1234
1038
1811
2728
2972
2389
1449
1021
1502
2567
3025
2602
1665
1073
1339
2296
2990
2794
1921
1044
1188
2134
2884
2801
2153
1215
1002
1821
2726
3079
2346
1380
978
1574
2529
3048
2633
1591
1045
1319
2250
2968
2832
1910
1168
1204
2029
2916
2889
2150
1298
1125
1772
2785
3026
2439
1470
989
1555
2522
3053
2613
1708
1052
1288
2290
3027
2845
1880
1115
1256
2204
2850
2825
2182
1340
1090
1768
2781
3032
2373
1350
1088
1625
2486
2994
2648
1673
979
1372
2358
3057
2738
1803
1192
1293
2053
2898
3000
2096
1255
1102
1839
2709
3014
2378
1443
1011
1473
2572
3063
2648
1625
1074
1397
2294
2955
2790
1977
1116
1185
2033
2887
2918
2174
1253
1007
1776
2738
3009
2338
1478
1067
1583
2543
3028
2590
1624
1064
1343
2292
2961
2819
1901
1065
1132
2112
2988
2876
2055
1239
1170
1812
2762
3024
2346
1463
1097
1630
2502
2996
2570
1720
993
1261
2344
3053
2780
1841
1171
1178
2085
2876
2915
2168
1300
1095
1835
2795
2971
2391
1385
1011
1541
2570
3068
2594
1609
1014
1443
2352
3064
2762
1846
1165
1221
2011
2934
3016
2105
1284
1103
1838
2686
2924
2350
1469
1060
1506
2596
3069
2650
1661
1047
1356
2308
2993
2736
1933
1114
1155
2081
2954
2873
2106
1321
1142
1809
2710
3053
2376
1473
1066
1598
2501
3028
2631
1626
1102
1357
2319
2999
2808
1845
1174
1313
2069
2853
2936
2250
1275
1095
1760
2754
3031
2374
1487
1014
1553
2549
3066
2540
1654
1008
1302
2348
3002
2822
1899
1086
1129
2085
2909
2902
2145
1255
1067
1843
2794
3018
2363
1313
1031
1601
2497
2954
2574
1734
1086
1405
2242
3010
2797
1836
1150
1231
2040
2870
2976
2139
1255
1035
1842
2750
2987
2344
1429
1023
1512
2607
3018
2561
1622
1063
1390
2397
3002
2736
1923
1125
1185
2046
2907
2942
2142
1186
1041
1833
2707
3019
2428
1485
962
1546
2581
3034
2558
1628
1094
1324
2290
3024
2821
1856
1117
1273
2070
2933
2914
2099
1285
1111
1748
2741
3004
2288
1404
1055
1553
2484
3030
2549
1648
1050
1330
2351
3006
2805
1864
1092
1153
2130
2941
2958
2154
1229
1103
1862
2778
3005
2428
1417
1092
1551
2484
2988
2554
1624
1051
1383
2260
2993
2781
1935
1160
1202
2018
2897
2972
2085
1245
1065
1782
2686
2963
2369
1421
1013
1545
2667
3071
2637
1707
1084
1328
2323
3055
2769
1917
1085
1185
2065
2900
2921
2169
1210
968
1814
2728
3060
2363
1411
1032
1622
2529
2997
2604
1639
1058
1316
2341
2963
2737
1815
1130
1214
2014
2941
2940
2186
1254
1109
1770
2789
3046
2341
1425
1063
1607
2551
3073
2588
1675
1005
1326
2389
3054
2804
1913
1165
1167
2066
2936
2971
2148
1197
1056
1842
2735
2937
2397
1427
1038
1533
2561
3058
2547
1578
1048
1459
2285
3041
2851
1933
1100
1209
2123
2892
2886
2055
1320
1116
1780
2711
3026
2396
1437
988
1520
2654
3014
2568
1648
1109
1365
2358
3087
2754
1818
1058
1204
2010
2827
2923
2203
1252
1056
1815
2747
3040
2364
1415
1013
1635
2562
3058
2622
1591
1050
1354
2325
2997
2821
1906
1135
1196
2009
2904
2909
2114
1240
1107
1750
2817
3107
2373
1401
1011
1589
2530
3041
2561
1668
1006
1290
2341
2994
2806
1903
1150
1174
2122
2888
2946
2186
1265
1106
1832
2780
3009
2429
1388
1029
1580
2569
3046
2600
1679
1083
1393
2272
3053
2778
1891
1153
1197
2081
2898
2929
2125
1335
1117
1821
2714
3011
2456
1463
1007
1483
2602
3085
2625
1639
1048
1340
2281
3008
2857
1955
1043
1152
2058
2904
2943
2176
1273
1057
1803
2715
3036
2375
1430
984
1612
2592
3056
2636
1598
1063
1363
2352
3001
2759
1785
1125
1258
2047
2880
2915
2174
1302
1151
1748
2700
3040
2451
1429
952
1539
2561
3034
2521
1720
1131
1331
2224
3000
2883
1916
1112
1130
2124
2959
2960
2160
1265
1091
1800
2804
3014
2377
1362
988
1542
2559
3093
2576
1634
1041
1405
2245
3007
2842
1909
1104
1193
2061
2918
2958
2084
1287
1035
1737
2749
3051
2346
1382
1041
1554
2592
2973
2597
1687
1158
1404
2325
2973
2754
1996
1112
1145
2098
2906
2934
2225
1259
1073
1873
2750
3056
2410
1414
1035
1652
2507
3013
2695
1669
1046
1346
2315
3010
2793
1836
1122
1239
2075
2925
2885
2180
1302
1089
1763
2761
2969
2367
1518
1086
1519
2478
3053
2557
1683
1054
1294
2303
2976
2768
1862
1134
1131
2102
2885
2959
2163
1219
1113
1867
2750
3018
2461
1361
952
1542
2603
3082
2573
1665
1088
1371
2260
3045
2802
1864
1098
1159
2031
2909
2929
2119
1329
1078
1789
2779
3026
2352
1467
1110
1548
2554
3004
2647
1714
1089
1356
2316
3058
2803
1902
1084
1230
2106
2874
2854
2143
1282
1047
1789
2729
3070
2388
1442
1026
1589
2481
3018
2632
1595
985
1318
2326
2977
2756
1840
1177
1274
2092
2915
2960
2160
1239
1118
1848
2916
3062
2328
1466
1041
1583
2471
3005
2578
1657
1064
1392
2422
3022
2750
1906
1169
1187
2064
2899
2963
2140
1317
1105
1783
2735
3017
2403
1404
1070
1547
2542
3074
2570
1616
1082
1475
2271
3058
2901
1911
1069
1193
2136
2846
2868
2102
1264
1038
1790
2735
3008
2371
1432
1065
1488
2502
3082
2702
1620
1038
1395
2415
3067
2743
1890
1125
1242
2059
2889
2844
2098
1238
1072
1863
2747
3036
2326
1403
1066
1613
2519
3090
2679
1599
1017
1322
2273
2978
2786
1861
1142
1202
2057
2953
2937
2145
1216
1077
1836
2773
2934
2400
1541
1014
1508
2537
3149
2596
1624
1031
1358
2308
2948
2804
1989
1214
1097
2066
2915
2941
2171
1290
1103
1797
2783
2998
2393
1390
1096
1591
2480
3036
2652
1612
974
1353
2225
3044
2858
1909
1108
1219
2054
2911
2894
2092
1373
1094
1693
2711
3116
2377
1361
1022
1553
2647
3051
2653
1727
1055
1279
2262
3056
2787
1850
1085
1219
2049
2855
2912
2198
1230
986
1839
2838
3048
2277
1468
1122
1638
2478
3033
2680
1648
1023
1324
2353
2961
2694
1837
1204
1220
1915
2826
2937
2149
1191
1065
1742
2743
2965
2343
1545
1066
1492
2500
3132
2626
1608
969
1351
2349
2945
2801
1979
1107
1078
2113
2986
2969
2073
1240
1156
1864
2724
2913
2405
1392
954
1466
2600
3154
2544
1581
1066
1476
2269
3005
2842
1965
1146
1155
2099
2955
2907
2049
1299
1052
1714
2716
3045
2338
1385
1069
1590
2619
2986
2584
1656
1085
1298
2333
3117
2791
1828
1031
1245
2063
2822
2892
2237
1298
1014
1867
2826
3035
2307
1439
1072
1557
2498
3035
2613
1580
1059
1398
2319
2977
2757
1836
1178
1257
2005
2836
2937
2199
1309
1115
1784
2775
2964
2332
1548
1041
1466
2466
3112
2533
1572
1019
1317
2274
2933
2829
1918
1188
1242
2149
2901
2941
2125
1216
1070
1788
2773
3013
2413
1384
1054
1656
2575
3059
2608
1648
1036
1406
2296
3011
2839
1960
1162
1143
1979
2861
2948
2120
1223
1056
1812
2704
3002
2374
1461
1064
1537
2586
3010
2607
1642
1024
1320
2303
3023
2782
1914
1139
1171
1976
2879
2931
2127
1304
1118
1782
2669
3030
2388
1424
1013
1621
2544
3029
2624
1630
1062
1322
2315
2970
2797
1817
1066
1182
2042
2936
2879
2081
1216
1110
1730
2785
3094
2420
1438
988
1551
2555
3081
2583
1680
1016
1352
2329
2969
2775
1853
1099
1124
2070
2860
2941
2200
1314
1110
1849
2780
2937
2321
1460
1127
1631
2557
3065
2617
1667
1048
1381
2246
2981
2765
1919
1163
1228
2073
2902
2962
2091
1265
1082
1801
2709
3043
2381
1441
1029
1475
2564
3045
2577
1608
1056
1419
2381
3003
2770
1954
1107
1157
2043
2935
2887
2106
1257
1086
1820
2732
3026
2365
1469
1035
1546
2530
3065
2617
1595
1065
1353
2272
2895
2790
1961
1085
1113
2058
3002
2943
2127
1278
1086
1671
2750
3061
2385
1421
1037
1627
2506
2978
2509
1726
1046
1252
2296
3028
2843
1849
1173
1263
2085
2814
2946
2221
1305
1049
1722
2691
3000
2427
1392
1014
1508
2458
3000
2625
1675
967
1400
2391
3062
2750
1925
1247
1276
1985
2862
3034
2173
1276
1076
1827
2696
2928
2371
1484
1067
1478
2536
3036
2628
1665
1070
1360
2352
3037
2746
1924
1105
1157
2024
2961
2889
2035
1225
1081
1848
2704
3016
2411
1480
993
1614
2628
3051
2547
1601
1152
1363
2199
2953
2944
1860
1005
1172
2135
2929
2811
2115
1341
1154
1676
2733
3107
2444
1407
1000
1605
2514
3008
2573
1768
1061
1293
2352
3080
2737
1793
1169
1260
2104
2845
2864
2214
1341
1015
1771
2827
2984
2317
1381
1075
1592
2507
3021
2619
1660
1017
1437
2325
3000
2727
1944
1245
1198
2033
2917
3003
2101
1246
1076
1809
2656
2931
2409
1501
1078
1469
2530
3052
2659
1638
1012
1380
2365
2933
2755
2009
1133
1141
2057
3015
2943
2112
1220
1099
1833
2665
3066
2482
1457
970
1616
2617
3057
2559
1604
1142
1410
2228
2870
2840
1938
1059
1194
2091
2924
2841
2128
1274
1077
1760
2809
3078
2314
1375
1055
1648
2557
3024
2623
1764
1033
1254
2269
3076
2867
1835
1066
1199
2209
2878
2928
2230
1296
1038
1832
2848
2989
2372
1413
1080
1584
2500
2970
2594
1708
998
1386
2396
3035
2711
1895
1245
1232
1921
2862
3063
2126
1141
1048
1873
2741
2972
2376
1443
1060
1570
2586
3040
2623
1677
1095
1345
2258
3012
2810
1944
1090
1166
2026
2935
2918
2081
1215
1089
1849
2667
3055
2477
1395
919
1615
2602
3099
2657
1658
1129
1333
2305
3028
2869
1882
1072
1180
2101
2956
2851
2084
1293
1110
1676
2783
3092
2364
1387
994
1634
2611
3045
2566
1700
1038
1280
2338
3062
2815
1891
1162
1239
2079
2840
2966
2220
1266
1048
1834
2807
3033
2395
1355
1011
1518
2491
3092
2647
1632
1011
1421
2302
3026
2774
1858
1148
1204
2044
2926
2979
2041
1176
1040
1791
2742
2991
2326
1450
1076
1467
2593
3073
2581
1621
1105
1401
2356
3036
2778
1940
1185
1219
1989
2922
2947
2093
1227
1135
1864
2656
3005
2475
1534
987
1551
2553
3037
2559
1537
1080
1391
2280
2961
2856
1891
1057
1199
2069
2882
2828
2151
1378
1168
1726
2764
3107
2352
1380
1036
1610
2504
3007
2589
1748
1025
1253
2315
3064
2817
1815
1159
1256
2150
2886
2934
2172
1260
1097
1808
2759
3024
2389
1313
1040
1602
2476
2972
2604
1712
1030
1373
2322
3039
2762
1905
1243
1192
1955
2869
2993
2142
1215
1027
1823
2777
2993
2340
1447
1057
1548
2634
3068
2640
1640
1025
1333
2310
2957
2769
1986
1071
1090
2019
2959
2932
2073
1217
1140
1908
2703
3054
2429
1438
1005
1685
2661
3045
2536
1624
1153
1369
2245
2916
2813
1888
1110
1171
2018
2934
2922
2139
1267
1133
1740
2753
3048
2466
1457
963
1570
2574
3028
2569
1724
1083
1289
2238
3030
2839
1833
1087
1223
2124
2895
2979
2159
1289
1123
1829
2810
3044
2421
1429
1090
1560
2505
3000
2596
1696
1033
1378
2339
3104
2788
1907
1210
1200
2026
2895
2974
2108
1249
1100
1810
2684
3021
2407
1436
1056
1517
2590
3001
2592
1654
1067
1374
2358
3017
2760
1955
1079
1138
2124
2977
2830
2073
1245
1093
1847
2738
3070
2450
1465
948
1539
2558
3083
2593
1558
1084
1365
2273
2913
2855
1923
1074
1229
2110
2927
2892
2155
1253
1077
1807
2844
3022
2267
1384
1031
1608
2514
2985
2598
1758
1106
1297
2272
3036
2802
1815
1136
1241
2125
2893
3044
2209
1263
1092
1791
2745
3019
2431
1417
1080
1528
2511
3034
2602
1691
1060
1387
2258
3033
2801
1873
1098
1164
2021
2943
2979
2057
1231
1099
1791
2673
2996
2439
1463
1041
1527
2618
3004
2561
1657
1063
1348
2320
3041
2806
1921
1110
1159
2030
2908
2915
2085
1174
1049
1904
2767
2995
2322
1460
1084
1650
2496
3020
2657
1600
1029
1329
2315
2982
2774
1847
1149
1189
1938
2891
2965
2143
1259
1124
1776
2731
2981
2393
1451
984
1521
2551
3083
2546
1677
1071
1326
2263
2981
2821
1896
1141
1190
2125
2892
2921
2138
1243
1052
1808
2827
2984
2341
1423
1067
1516
2485
3011
2573
1657
1076
1425
2256
2993
2810
1889
1118
1197
2072
2863
2902
2084
1297
1112
1734
2653
3049
2397
1404
1061
1559
2593
3018
2647
1610
1006
1345
2374
3043
2783
1931
1110
1140
1983
2938
2975
2082
1173
1116
1886
2661
2967
2406
1509
1016
1569
2542
2992
2570
1674
1146
1315
2228
2969
2841
1870
1099
1218
1998
2916
2967
2123
1197
1138
1854
2790
2973
2361
1497
1019
1477
2462
3042
2586
1719
1029
1296
2340
3033
2773
1849
1141
1152
2102
2914
2900
2116
1269
1092
1765
2785
3069
2414
1433
1117
1559
2461
3000
2615
1640
1029
1328
2286
3014
2733
1947
1191
1127
1932
2954
3044
2059
1207
1094
1804
2670
3014
2473
1452
977
1537
2657
3040
2553
1639
1102
1362
2308
3013
2766
1964
1127
1168
2005
2883
2856
2096
1241
1090
1856
2678
3007
2432
1519
1050
1627
2540
3040
2646
1682
1151
1389
2301
3039
2879
1798
1071
1271
2100
2891
2900
2126
1219
1111
1730
2712
3090
2389
1382
997
1546
2535
3127
2613
1631
1081
1416
2380
2977
2757
1838
1126
1220
2147
2907
2883
2152
1305
1077
1818
2819
3029
2381
1387
1095
1606
2501
3023
2615
1624
987
1431
2369
3076
2811
1899
1131
1185
2013
2899
3005
2035
1207
1134
1842
2677
2993
2418
1440
930
1455
2653
3057
2544
1614
1144
1378
2329
3060
2788
1886
1107
1193
1978
2867
2938
2122
1218
1093
1847
2694
2999
2407
1433
990
1610
2589
3053
2610
1580
1016
1402
2364
3010
2773
1804
1120
1212
1991
2895
2934
2191
1287
1097
1787
2771
3028
2398
1468
1060
1576
2476
3041
2571
1691
1021
1301
2365
3042
2752
1837
1198
1196
2061
2901
2950
2141
1267
1093
1810
2733
2931
2410
1389
993
1508
2521
3040
2598
1651
1047
1400
2302
3004
2734
1819
1101
1265
2047
2862
3000
2155
1249
1016
1826
2784
3003
2340
1492
1109
1508
2585
3055
2581
1639
1049
1350
2341
3015
2761
1906
1070
1168
2101
2935
2897
2142
1200
999
1830
2752
3046
2375
1443
1048
1607
2520
3053
2623
1587
1107
1401
2323
2958
2829
1930
1186
1233
2048
2893
2832
2105
1278
1104
1714
2763
3040
2388
1431
1005
1580
2515
3002
2553
1721
1004
1243
2298
3038
2798
1811
1159
1250
2052
2846
3023
2254
1212
987
1799
2802
2982
2410
1472
1090
1554
2501
3046
2658
1673
1001
1426
2337
3067
2827
1899
1126
1191
2103
2897
2942
2144
1328
993
1761
2797
3019
2295
1413
1095
1494
2528
3049
2626
1639
1076
1382
2333
2995
2784
1986
1093
1139
2093
2938
2846
2130
1279
1092
1786
2694
3080
2415
1422
1008
1641
2545
3020
2659
1637
1047
1292
2317
3000
2796
1901
1098
1170
2067
2942
2865
2135
1334
1162
1730
2683
3083
2423
1398
997
1624
2493
2924
2554
1769
1065
1213
2294
3083
2843
1790
1112
1212
2091
2818
2938
2200
1213
1025
1808
2821
3067
2402
1369
1045
1600
2561
2992
2596
1638
984
1401
2374
3058
2708
1846
1178
1232
1976
2853
3012
2170
1195
994
1807
2753
2980
2359
1525
1121
1467
2520
3077
2689
1620
1043
1398
2376
2965
2705
2001
1157
1109
1952
2950
2980
2115
1269
1092
1758
2644
3090
2416
1418
1009
1627
2595
3065
2613
1616
1102
1424
2361
2937
2818
1940
1153
1149
2045
2973
2882
2095
1268
1174
1793
2781
3034
2352
1463
1044
1529
2477
3030
2583
1702
1037
1323
2299
2975
2822
1944
1145
1137
2097
2935
2967
2168
1233
1092
1828
2792
2976
2389
1397
1077
1557
2524
3089
2628
1665
1035
1369
2280
3112
2853
1921
1113
1130
