1016
1715
2712
3028
2423
1403
1022
1592
2685
3009
2453
1450
1049
1615
2645
3143
2500
1417
975
1594
2477
3031
2646
1599
993
1509
2594
2992
2535
1584
1073
1410
2406
3006
2607
1638
1067
1464
2328
2996
2684
1728
1063
1406
2332
2951
2755
1772
1061
1279
2302
3019
2773
1847
1138
1185
2085
2989
2870
1946
1070
1194
2142
3040
2910
1906
1194
1203
2023
2878
2935
1962
1112
1150
2032
3018
2933
2107
1240
1140
1901
2905
3015
2122
1182
1010
1894
2876
2996
2118
1266
1095
1766
2811
3095
2284
1271
1091
1710
2746
3015
2369
1377
1003
1698
2756
3083
2336
1424
1007
1643
2691
3034
2427
1539
1105
1490
2620
3083
2563
1526
1033
1561
2585
3024
2591
1742
1007
1374
2466
3146
2598
1589
1073
1451
2437
3021
2680
1742
1085
1246
2361
3108
2736
1654
1048
1408
2275
2988
2753
1918
1047
1215
2244
2976
2811
1874
1108
1205
2239
2975
2841
1963
1135
1193
2114
2947
2831
1987
1082
1150
2021
2903
2869
2036
1213
1139
2057
2832
2962
2146
1308
1216
1921
2747
2854
2252
1273
1041
1853
2885
3023
2164
1169
1065
1843
2672
3010
2387
1399
983
1772
2790
3067
2327
1353
1133
1660
2635
3026
2504
1413
966
1616
2611
3034
2467
1523
1043
1645
2542
3104
2655
1559
1018
1495
2535
3059
2610
1549
1027
1380
2381
3073
2717
1662
972
1371
2332
3062
2705
1715
1056
1325
2253
3016
2819
1729
1010
1276
2252
2981
2789
1798
1053
1309
2186
3049
2855
1899
1089
1203
2121
2988
2897
1955
1139
1080
2009
3004
3034
2013
1142
1191
2035
2925
2869
2078
1244
1180
1939
2945
2985
2093
1244
1096
1863
2800
3007
2191
1283
1095
1830
2824
3009
2342
1330
1052
1765
2875
3054
2363
1442
1049
1592
2692
3147
2337
1355
1017
1673
2659
3027
2422
1447
1036
1483
2601
3068
2546
1537
1077
1514
2579
3121
2529
1560
997
1500
2533
3090
2596
1661
1033
1385
2419
3026
2646
1656
1110
1360
2362
3022
2766
1808
1018
1311
2347
3074
2727
1824
1100
1292
2276
3018
2827
1865
1129
1253
2219
2976
2907
1994
1129
1228
2170
2970
2843
2047
1139
1161
2022
2890
2961
2083
1171
1087
2100
2923
2975
2151
1248
1103
1922
2885
2992
2196
1181
1081
1890
2843
3003
2252
1285
1058
1777
2734
3132
2365
1326
1035
1818
2693
2997
2487
1473
963
1595
2772
3045
2415
1443
1077
1631
2585
3046
2424
1529
1120
1647
2477
3045
2601
1556
994
1491
2544
3006
2572
1594
1102
1395
2352
3025
2653
1658
1002
1414
2370
3051
2683
1721
1039
1330
2325
3054
2743
1799
1152
1285
2220
2990
2858
1848
1076
1319
2218
3005
2885
1963
1108
1244
2156
2994
2916
1915
1119
1138
2068
2933
2952
2081
1159
1132
1982
2980
2990
2088
1166
1159
1989
2953
2959
2063
1251
1116
1853
2823
3023
2184
1336
1096
1832
2768
2936
2302
1364
1097
1686
2745
3011
2369
1423
1080
1727
2724
3006
2339
1495
987
1521
2650
3132
2476
1443
1011
1533
2605
3061
2609
1594
1036
1489
2608
3075
2536
1624
1031
1472
2420
2993
2570
1676
1038
1363
2449
3047
2682
1683
1038
1341
2484
3088
2707
1806
1081
1306
2302
3095
2773
1792
1059
1310
2298
2992
2818
1913
1163
1203
2271
3021
2823
1906
1084
1239
2095
2855
2851
2041
1112
1150
2069
2927
2941
2073
1197
1163
2037
2858
2952
2126
1205
1126
1971
2795
2906
2241
1252
1062
1814
2814
2995
2249
1306
1055
1728
2726
3125
2315
1338
1058
1807
2734
3035
2417
1359
1022
1635
2708
3017
2391
1397
1058
1675
2599
3068
2488
1476
1035
1615
2545
3085
2624
1591
1044
1477
2476
3039
2616
1555
1047
1405
2371
3032
2724
1665
974
1401
2383
3070
2670
1715
1047
1293
2284
3069
2747
1674
1034
1261
2290
3074
2792
1773
1054
1276
2162
3037
2833
1886
1120
1223
2115
2945
2862
1941
1155
1117
1993
2890
2932
2024
1146
1099
1933
2947
2970
2089
1143
1145
1951
2909
2956
2126
1244
1023
1843
2827
3035
2180
1294
1059
1750
2754
3024
2342
1302
1057
1789
2851
3021
2274
1377
1083
1669
2723
3107
2346
1387
962
1621
2589
3002
2429
1468
996
1475
2627
3065
2492
1457
1092
1603
2499
3018
2618
1679
966
1438
2517
3111
2626
1667
1005
1426
2518
3100
2686
1649
1065
1332
2381
3061
2771
1771
1002
1386
2383
2990
2658
1893
1087
1207
2245
3030
2829
1844
1110
1218
2159
2903
2900
2054
1131
1106
2107
3055
2872
1969
1121
1193
2031
2891
2958
2122
1154
1052
2066
2933
2954
2080
1267
1150
1870
2786
2927
2215
1213
1082
1832
2804
2986
2246
1323
1122
1806
2682
3028
2377
1426
1012
1754
2785
3074
2417
1403
1149
1668
2627
2978
2437
1334
922
1635
2663
3087
2426
1478
1119
1619
2517
3074
2559
1541
1022
1467
2500
3019
2590
1579
1067
1424
2440
3017
2608
1659
966
1350
2378
3096
2694
1712
1074
1324
2267
3034
2844
1711
970
1281
2336
2996
2688
1796
1117
1277
2092
2959
2841
2007
1144
1177
2113
2912
2837
1954
1201
1177
2008
2926
3031
2017
1093
1122
2079
3012
2880
2074
1278
1145
1847
2935
3103
2132
1206
1082
1914
2770
2940
2186
1322
1099
1777
2765
2999
2310
1318
1100
1705
2767
3050
2323
1362
1075
1715
2701
3036
2371
1457
1021
1665
2696
3036
2390
1532
1049
1432
2602
3095
2587
1493
1038
1603
2575
3033
2525
1637
1072
1488
2507
3108
2628
1674
1078
1415
2440
3034
2699
1759
1117
1295
2325
3078
2780
1738
1019
1353
2333
2999
2731
1888
998
1165
2248
3016
2800
1852
1111
1210
2194
2939
2850
1940
1065
1146
2141
3008
2870
2015
1177
1187
2033
2900
2925
2055
1182
1095
2117
2953
3006
2124
1206
1137
1972
2841
2951
2229
1218
1064
1901
2824
2914
2235
1330
1061
1753
2702
3072
2326
1331
1081
1804
2721
3008
2368
1414
1102
1698
2664
3002
2526
1484
1016
1549
2592
3073
2494
1546
990
1542
2514
3094
2588
1535
1003
1494
2538
2972
2599
1607
1068
1405
2434
3055
2662
1731
1052
1360
2286
3042
2747
1713
1026
1330
2291
2960
2726
1767
1070
1264
2244
2963
2742
1838
1136
1263
2139
2982
2826
1938
1081
1174
2144
3015
2872
1989
1225
1148
2009
2998
3011
1970
1074
1132
2032
2891
2889
2073
1221
1201
1949
2901
3019
2218
1259
1019
1905
2890
3045
2187
1275
1038
1775
2875
3057
2230
1273
1117
1771
2832
3013
2372
1436
1046
1623
2687
3090
2343
1428
955
1568
2623
3058
2481
1451
956
1490
2676
3082
2515
1523
1068
1479
2517
3064
2575
1578
958
1446
2563
3112
2557
1631
1057
1414
2443
3008
2589
1653
1159
1372
2357
3003
2718
1795
1042
1311
2306
3075
2720
1814
1103
1239
2180
2946
2869
1951
1086
1178
2214
3024
2880
1948
1099
1189
2149
2969
2853
2004
1078
1142
2064
2939
2923
2056
1194
1137
2021
2833
2941
2146
1311
1177
1952
2854
2974
2263
1273
1059
1805
2853
3030
2264
1263
1004
1761
2713
3042
2331
1397
1005
1752
2773
3076
2388
1426
1122
1631
2627
2966
2422
1434
1072
1641
2608
3074
2495
1547
995
1521
2497
3090
2560
1497
1043
1512
2509
3002
2649
1565
978
1426
2427
3032
2659
1676
1049
1410
2364
3116
2692
1725
1138
1383
2297
3071
2816
1704
1002
1311
2362
3047
2749
1779
1095
1267
2164
2993
2807
1900
1109
1280
2129
2900
2820
2000
1229
1118
1975
2963
3024
1995
1071
1142
2065
2950
2902
2113
1216
1171
1931
2875
2954
2174
1326
1136
1911
2838
2981
2152
1278
1067
1749
2739
3015
2300
1282
1043
1720
2823
3014
2297
1405
1055
1669
2743
3122
2336
1425
1060
1614
2569
2998
2472
1532
1016
1465
2614
3024
2461
1461
1090
1543
2573
3105
2573
1605
992
1393
2419
3056
2600
1610
1010
1452
2499
2942
2624
1717
1068
1293
2353
3038
2750
1714
1011
1366
2414
3090
2679
1796
1069
1341
2297
2957
2802
1947
1145
1176
2243
3015
2833
1904
1121
1239
2148
2929
2795
2017
1144
1152
2092
2920
2889
2050
1191
1123
2049
2881
2945
2181
1272
1080
1877
2863
2984
2198
1170
1069
1825
2793
2965
2269
1280
1071
1888
2735
2988
2339
1458
1057
1716
2724
3051
2421
1370
1058
1651
2673
3032
2504
1429
992
1578
2590
3025
2465
1564
1035
1569
2515
3070
2585
1565
1076
1512
2445
3021
2698
1585
1000
1405
2451
3058
2644
1656
1031
1422
2403
3098
2682
1764
1102
1338
2285
3001
2793
1771
1061
1284
2274
3012
2820
1861
1080
1274
2189
3094
2899
1950
1116
1181
2097
3007
2952
1927
1117
1121
2048
2982
2955
1994
1185
1096
1922
2927
2919
2062
1182
1186
1963
2871
2913
2135
1295
1093
1905
2811
2988
2191
1295
1083
1809
2844
2981
2276
1346
1064
1679
2706
3029
2420
1373
1011
1677
2693
3051
2403
1462
1000
1620
2655
3074
2457
1493
1040
1538
2659
3050
2517
1540
1138
1519
2447
3044
2604
1671
1076
1500
2440
3013
2631
1672
1022
1410
2494
3060
2660
1704
1112
1322
2321
3029
2762
1801
1056
1380
2379
3086
2724
1836
1078
1330
2311
2952
2772
1922
1204
1191
2105
3011
2977
2014
1124
1165
2160
3042
2844
1965
1122
1239
2128
2906
2922
2120
1143
1057
2068
2921
3000
2157
1214
1090
1960
2887
2989
2252
1248
1063
1834
2826
2958
2213
1277
1066
1735
2678
3080
2351
1375
1063
1840
2750
3003
2430
1422
1086
1649
2697
3067
2455
1406
1009
1564
2509
3058
2518
1482
998
1655
2584
3037
2540
1512
1025
1540
2561
3036
2602
1578
1046
1372
2422
3085
2668
1627
976
1373
2355
3111
2729
1721
1087
1370
2283
3037
2794
1733
1027
1284
2241
2979
2832
1871
1115
1215
2146
3074
2824
1895
1137
1246
2112
2979
2901
1920
1136
1161
2082
2955
2927
1984
1189
1172
1976
2918
2991
2145
1174
1083
1938
2936
2953
2075
1252
1133
1915
2770
2943
2119
1277
1073
1792
2796
3008
2284
1316
1072
1703
2799
3103
2367
1348
1039
1791
2740
3032
2319
1441
995
1573
2634
3069
2373
1366
1001
1569
2650
2988
2518
1590
1056
1464
2594
3157
2582
1565
996
1531
2500
3000
2583
1667
948
1317
2511
3082
2719
1712
1066
1335
2400
3054
2703
1757
1053
1317
2270
3101
2816
1785
997
1350
2312
2920
2764
1881
1128
1204
2264
3001
2848
1930
1153
1226
2066
2910
2835
1985
1121
1176
2086
2933
2932
2088
1197
1136
2034
2913
2960
2079
1268
1144
1921
2887
2941
2171
1264
1145
1792
2722
2966
2254
1339
1088
1831
2759
3067
2288
1367
1080
1776
2696
2996
2418
1406
1030
1633
2703
3050
2450
1391
1009
1638
2645
3056
2461
1540
1062
1579
2553
3089
2550
1588
1084
1534
2533
3057
2643
1623
1084
1401
2442
3107
2675
1632
994
1418
2373
3043
2693
1780
1060
1300
2317
3048
2752
1781
1182
1270
2123
2977
2939
1907
1018
1280
2277
3077
2783
1875
1186
1270
2052
2970
2938
1891
1113
1181
2096
2918
2911
2015
1200
1113
1898
2930
3011
2153
1144
1090
1950
2986
2961
2077
1224
1056
1875
2777
2983
2177
1293
1081
1836
2805
2947
2260
1349
1152
1730
2806
3110
2350
1300
1038
1750
2721
3029
2371
1451
987
1583
2620
3037
2375
1415
1067
1564
2613
2944
2473
1611
1119
1472
2557
3120
2553
1576
992
1517
2498
3019
2507
1619
1014
1386
2467
3042
2720
1728
1016
1285
2410
3108
2728
1776
1102
1377
2337
3030
2678
1839
1087
1247
2196
2918
2749
1881
1134
1168
2152
2980
2789
1898
1157
1261
2120
2958
2862
2023
1115
1157
2047
2877
2874
2114
1252
1082
2023
2905
2984
2147
1283
1149
1942
2876
2931
2150
1215
1104
1819
2738
2991
2287
1246
1020
1825
2709
3030
2337
1372
980
1746
2791
3117
2415
1377
1088
1679
2688
3004
2486
1415
963
1580
2648
3145
2442
1469
1067
1594
2526
3056
2612
1562
1008
1556
2576
3036
2606
1597
1109
1479
2425
3036
2690
1707
1020
1388
2348
3126
2739
1744
1091
1362
2267
3010
2812
1761
1082
1308
2278
2925
2748
1881
1120
1223
2117
3060
2856
1936
1135
1273
2147
2961
2892
1969
1186
1083
1982
2962
2996
1983
1056
1090
2025
3020
2915
2077
1264
1207
1937
2899
2999
2154
1226
1049
1874
2830
3020
2147
1273
1037
1765
2780
3002
2272
1224
1055
1791
2786
2964
2351
1431
1064
1646
2649
3103
2414
1389
966
1617
2617
3021
2477
1493
1069
1504
2590
3058
2558
1529
1055
1553
2649
3103
2530
1649
1080
1458
2429
3117
2667
1626
926
1392
2601
3070
2618
1704
1137
1344
2412
3124
2741
1692
1040
1426
2320
2918
2690
1863
1040
1227
2294
3009
2764
1829
1138
1224
2197
2996
2822
1914
1184
1198
2101
3015
2892
1973
1058
1146
2032
2900
3004
2148
1215
1094
2022
2935
2996
2098
1206
1150
1977
2867
2924
2211
1278
1093
1837
2840
2985
2277
1239
966
1826
2789
3018
2296
1426
1049
1713
2736
3098
2422
1341
1072
1656
2644
3001
2474
1405
968
1571
2646
3111
2433
1497
1067
1592
2525
3090
2606
1572
1001
1456
2574
3069
2581
1574
1088
1419
2428
3070
2633
1651
1034
1396
2376
3142
2717
1705
1108
1371
2238
2984
2832
1751
1052
1277
2202
2901
2751
1854
1081
1237
2186
3097
2873
1854
1069
1288
2200
2963
2828
1937
1183
1114
1981
2935
2944
1929
1071
1147
2010
2946
2912
2045
1195
1167
1929
2883
2927
2087
1252
1178
1916
2796
3017
2139
1227
1032
1821
2835
2987
2270
1318
1078
1674
2871
3158
2421
1337
1007
1713
2705
3076
2375
1427
978
1622
2655
3032
2503
1484
1021
1552
2664
3025
2481
1513
1071
1515
2542
3037
2564
1653
1030
1450
2472
3055
2602
1698
1034
1349
2464
3082
2656
1660
1125
1391
2419
3018
2705
1805
1036
1273
2270
3068
2736
1749
1032
1327
2313
2990
2840
1915
1130
1235
2216
3014
2904
1938
1109
1216
2154
2961
2875
2063
1123
1113
2065
3035
2927
2018
1194
1140
2056
2857
2925
2126
1284
1121
1952
2942
3000
2208
1210
1147
1869
2825
2997
2278
1288
985
1738
2748
3123
2287
1363
1104
1765
2659
3045
2478
1353
1028
1689
2707
3022
2428
1431
1039
1601
2588
3094
2474
1482
1012
1572
2500
3021
2572
1639
1075
1445
2503
3089
2654
1525
994
1479
2468
2974
2622
1700
1014
1399
2399
3028
2630
1716
1086
1354
2328
3033
2729
1716
1104
1337
2320
2968
2735
1901
1179
1219
2084
2991
2840
1940
1135
1244
2075
2912
2922
1984
1117
1109
2058
2943
2919
2019
1201
1187
1993
2917
2905
2144
1228
1083
1901
2916
2961
2095
1240
1095
1862
2799
3001
2205
1285
993
1708
2853
3064
2248
1277
1130
1820
2859
3019
2323
1371
998
1675
2725
3049
2323
1428
1003
1611
2648
3008
2386
1449
973
1490
2681
3095
2481
1448
1056
1550
2603
3044
2546
1653
1019
1417
2434
3063
2608
1617
1016
1428
2436
2943
2671
1737
1048
1291
2389
3106
2722
1719
1004
1345
2319
2987
2767
1876
1026
1217
2276
3028
2808
1841
1118
1237
2219
2953
2789
1909
1165
1193
2082
2993
2886
2007
1098
1183
2093
2893
2845
2020
1182
1094
2031
2882
2941
2107
1227
1133
1940
2810
2899
2223
1297
1052
1815
2891
2977
2131
1252
1130
1781
2617
3018
2340
1386
993
1710
2737
3081
2403
1356
1088
1651
2645
3027
2477
1359
935
1601
2633
3052
2456
1560
1032
1564
2594
3095
2560
1585
1063
1516
2540
3011
2595
1522
1031
1427
2425
3040
2657
1686
960
1320
2422
3203
2690
1646
1089
1390
2270
3003
2792
1786
1105
1384
2314
2957
2737
1862
1139
1263
2128
2988
2923
2018
1117
1234
2123
2923
2779
1885
1217
1167
1997
2884
2921
2014
1148
1106
1999
2942
2854
2040
1222
1150
1888
2947
3048
2134
1180
1090
1966
2849
2964
2167
1319
1105
1788
2820
3066
2309
1272
1076
1749
2799
3061
2364
1415
1065
1679
2741
3100
2412
1495
975
1576
2611
2993
2408
1476
1026
1496
2633
3085
2532
1459
1026
1576
2562
3034
2526
1556
941
1470
2513
3062
2547
1602
1035
1428
2436
2943
2655
1791
1099
1232
2378
3061
2669
1797
1127
1348
2300
3052
2771
1864
1049
1232
2253
3037
2804
1796
1072
1217
2222
2947
2783
1909
1068
1143
2089
3001
2862
1982
1122
1159
2019
2882
2922
2070
1158
1090
2014
2908
3013
2161
1263
1144
1944
2864
3001
2250
1231
1079
1824
2832
2998
2227
1252
1057
1802
2712
3032
2308
1378
1022
1796
2783
3044
2348
1378
1129
1741
2688
2979
2489
1450
957
1567
2656
3123
2449
1491
1075
1629
2552
3052
2586
1560
1038
1446
2440
3031
2673
1565
976
1372
2382
2982
2654
1713
1037
1409
2325
3034
2697
1748
1068
1304
2275
3064
2872
1734
1023
1273
2274
3005
2770
1827
1110
1255
2129
3021
2913
1938
1046
1209
2168
3022
2922
1937
1230
1209
2020
2881
2988
2088
1182
1122
1945
2997
2964
2080
1213
1136
1866
2926
3077
2117
1180
1081
1951
2824
2916
2171
1360
1021
1680
2831
3098
2294
1296
1049
1727
2805
2985
2362
1430
986
1641
2734
3119
2384
1404
1000
1643
2637
3051
2404
1473
1039
1459
2613
3159
2622
1469
1008
1574
2564
3039
2565
1663
1033
1481
2517
3114
2588
1590
1044
1445
2431
2954
2656
1717
1036
1285
2418
3085
2703
1675
1026
1409
2345
2980
2692
1902
1105
1179
2241
3078
2802
1744
1130
1350
2286
2899
2785
1974
1164
1160
2020
2979
2933
1997
1105
1220
2091
2829
2851
2151
1328
1082
2014
2938
2977
2092
1233
1142
1923
2855
2951
2214
1268
1084
1854
2873
3015
2216
1209
1082
1872
2669
3002
2401
1390
987
1802
2827
3034
2325
1402
1150
1660
2624
2979
2489
1420
947
1569
2657
3089
2400
1475
1057
1579
2452
3070
2614
1570
970
1474
2548
3071
2602
1570
1109
1463
2406
2987
2705
1729
983
1383
2421
3135
2622
1699
1165
1374
2283
3037
2892
1790
995
1261
2332
2962
2661
1808
1159
1288
2096
3045
2879
1857
999
1222
2164
2947
2819
1907
1228
1231
2025
2913
2953
2026
1137
1058
1983
2990
2898
2064
1249
1168
1885
2928
3032
2149
1179
1026
1950
2832
2936
2130
1334
1081
1729
2787
3045
2269
1243
1058
1780
2821
2982
2324
1442
1091
1682
2654
3033
2416
1467
1007
1645
2660
3051
2446
1503
1063
1474
2558
3051
2552
1486
1027
1536
2570
3041
2554
1668
1048
1448
2422
3063
2638
1639
982
1339
2478
3114
2663
1661
1089
1327
2337
3003
2762
1784
1049
1375
2286
2967
2723
1884
1105
1206
2240
3082
2819
1805
1156
1272
2155
2946
2941
2030
1127
1162
2079
2991
2877
1981
1100
1189
2036
2882
2947
2108
1231
1129
2032
2887
2990
2132
1226
1127
1891
2810
2943
2194
1188
1033
1802
2831
3036
2263
1290
1104
1799
2648
3014
2381
1409
989
1791
2797
3023
2347
1427
1128
1632
2638
3052
2476
1435
1030
1658
2621
3012
2431
1504
1026
1562
2531
3046
2556
1588
1022
1482
2448
3006
2662
1596
1047
1414
2427
3053
2635
1629
1010
1456
2405
3054
2667
1732
1082
1420
2385
3092
2785
1703
1046
1321
2315
2980
2783
1923
1186
1273
2145
3034
2829
1896
1092
1204
2108
3020
2918
1966
1185
1128
2064
2967
2935
1967
1127
1147
1963
2921
2936
2148
1231
1133
1944
2878
2939
2182
1294
1063
1894
2869
3006
2176
1337
1058
1745
2825
3079
2271
1215
1081
1791
2881
3056
2331
1373
1039
1720
2753
3134
2364
1399
1018
1674
2679
3033
2408
1454
1020
1517
2625
3095
2513
1443
1020
1533
2553
3013
2569
1693
1032
1437
2522
3149
2561
1556
1044
1437
2432
3010
2704
1738
1093
1379
2427
3055
2703
1720
1078
1405
2342
2987
2715
1911
1042
1179
2253
3058
2815
1816
1148
1305
2274
2911
2827
2019
1182
1177
2057
2973
2914
2021
1086
1165
2123
2908
2825
2061
1263
1142
2043
2924
3044
2135
1253
1167
1920
2797
2991
2330
1253
986
1847
2947
3003
2143
1219
1098
1808
2668
3075
2396
1352
939
1783
2807
3035
2336
1335
1066
1600
2626
3037
2471
1446
1029
1592
2605
3042
2398
1481
1161
1607
2426
3080
2628
1586
983
1443
2533
3046
2612
1563
1068
1470
2437
2997
2622
1709
1025
1365
2356
3056
2678
1727
1091
1369
2334
3083
2787
1695
1050
1305
2308
2979
2732
1839
1146
1326
2138
3005
2905
1976
1076
1149
2144
3046
2874
1868
1164
1198
2000
2912
3024
2064
1098
1081
2014
2992
2911
2053
1197
1192
1965
2851
2970
2199
1294
1059
1842
2849
3003
2144
1288
1054
1788
2795
2988
2254
1299
1067
1696
2774
3109
2408
1399
1030
1650
2694
3088
2379
1394
978
1616
2660
3020
2331
1450
1071
1574
2677
3073
2490
1444
1040
1541
2588
3066
2518
1570
1036
1509
2497
3057
2599
1630
968
1329
2461
3026
2638
1652
1045
1331
2439
3107
2717
1714
1054
1386
2299
2977
2773
1843
1046
1297
2288
2963
2744
1823
1073
1199
2194
2951
2871
1977
1146
1197
2120
2943
2803
2002
1167
1157
2004
2946
2938
2028
1154
1123
2046
2890
2992
2205
1274
1088
1943
2900
2952
2183
1255
1115
1808
2738
2957
2284
1275
1049
1872
2757
3024
2292
1355
1032
1803
2743
3051
2402
1388
1089
1652
2666
3075
2495
1391
988
1590
2597
3029
2480
1585
1069
1580
2517
3122
2611
1586
1086
1531
2528
3016
2628
1580
1033
1414
2459
3067
2612
1685
1113
1411
2267
3004
2760
1812
1072
1390
2408
3076
2759
1749
1103
1291
2223
3034
2876
1806
1008
1280
2219
2961
2741
1911
1156
1224
2108
3012
2845
1916
1222
1162
2000
2911
2954
2030
1141
1121
1974
2890
2971
2152
1199
1149
1990
2839
2875
2163
1312
1090
1864
2790
3009
2178
1268
1047
1806
2819
2980
2258
1334
1098
1692
2804
3060
2283
1314
1072
1730
2638
3029
2399
1476
977
1583
2623
3037
2430
1418
1010
1569
2627
2970
2493
1579
1088
1447
2550
3102
2526
1567
965
1462
2515
3059
2593
1675
997
1363
2529
3071
2615
1635
1079
1310
2367
3049
2758
1779
1015
1299
2302
3071
2773
1838
1101
1290
2231
2951
2805
1886
1118
1195
2192
3008
2888
1931
1144
1216
2104
2962
2869
2063
1217
1199
2018
2901
2901
2083
1257
1121
2000
2870
3006
2235
1325
1094
1864
2895
2997
2179
1217
1119
1823
2753
2971
2298
1331
1023
1765
2731
3022
2343
1419
1028
1735
2698
3026
2468
1447
1033
1611
2682
3047
2473
1434
995
1527
2585
3077
2439
1465
971
1540
2549
3107
2519
1497
1087
1545
2424
2944
2639
1620
996
1366
2486
3076
2623
1653
1057
1407
2324
3060
2733
1682
984
1309
2335
3044
2766
1783
1112
1264
2197
3016
2838
1839
1082
1256
2136
2999
2831
1921
1090
1204
2121
3009
2839
1851
1147
1261
2083
2836
2885
2044
1195
1121
1972
2926
2947
2144
1246
1184
1886
2854
2971
2149
1254
1102
1916
2768
2970
2219
1317
1018
1719
2752
3001
2301
1305
1065
1738
2845
3054
2323
1391
1029
1667
2744
3107
2336
1372
995
1682
2645
2990
2425
1496
1035
1527
2623
3054
2531
1457
1013
1561
2604
2976
2526
1683
1048
1468
2495
3107
2592
1619
1085
1473
2460
3023
2703
1764
1097
1327
2342
3033
2751
1762
1109
1429
2322
3010
2765
1892
1064
1288
2268
3014
2821
1828
1107
1234
2184
2905
2894
2004
1058
1155
2153
3020
2875
1973
1136
1197
2073
2881
2935
2144
1194
1059
2068
2911
2921
2091
1267
1160
1919
2804
2933
2229
1234
1085
1814
2815
2976
2232
1305
1067
1779
2652
2955
2316
1392
993
1724
2763
3064
2350
1319
1101
1670
2606
2978
2533
1479
986
1576
2644
3106
2407
1404
1082
1648
2467
3107
2713
1623
976
1515
2599
3025
2545
1587
1183
1465
2342
3040
2774
1739
998
1400
2377
3102
2685
1666
1090
1391
2227
2939
2832
1757
960
1215
2304
3085
2796
1790
1113
1286
2156
3005
2836
1913
1038
1202
2197
3010
2833
1907
1243
1204
1936
2859
2994
2045
1064
1086
2064
2989
2847
2072
1285
1163
1881
2963
3089
2157
1224
1176
2050
2818
2911
2137
1358
1050
1693
2822
3091
2333
1253
1117
1803
2797
2976
2310
1393
1026
1664
2737
3137
2420
1414
1001
1665
2696
2980
2353
1493
1110
1512
2561
3071
2505
1433
1037
1655
2681
3014
2520
1698
1054
1376
2435
3197
2682
1576
926
1441
2514
2934
2598
1820
1213
1277
2316
3119
2762
1677
980
1375
2392
3079
2725
1828
1069
1224
2184
2989
2862
1890
1130
1216
2199
2948
2872
2013
1098
1123
2142
3027
2850
1945
1146
1233
1973
2828
2943
2122
1159
1017
2021
2928
3004
2098
1237
1184
1985
2874
2961
2265
1245
1071
1827
2859
2995
2165
1254
1085
1769
2680
3068
2396
1429
964
1641
2722
3058
2326
1342
1113
1607
2567
2980
2494
1461
989
1557
2592
3082
2464
1542
987
1530
2510
3068
2597
1612
1061
1463
2529
3060
2628
1532
1035
1478
2440
3004
2651
1677
1027
1421
2378
2979
2641
1756
1113
1325
2261
2993
2794
1819
1076
1226
2245
2993
2772
1767
1072
1312
2158
2966
2864
1998
1089
1199
2179
2999
2871
1923
1151
1116
2025
2961
2938
1977
1108
1129
2024
2938
2894
2132
1289
1135
1850
2894
3024
2097
1142
1057
1948
2816
2952
2163
1343
1051
1710
2836
3029
2255
1297
1083
1730
2752
3006
2410
1423
949
1620
2758
3073
2305
1412
953
1626
2729
3083
2447
1474
1015
1540
2688
3060
2469
1475
1064
1529
2567
3028
2511
1612
1014
1454
2503
3108
2590
1608
1045
1461
2496
3010
2702
1739
1044
1313
2435
3054
2689
1757
1074
1325
2273
3080
2764
1814
1077
1307
2291
2989
2756
1858
1181
1264
2254
2973
2813
1951
1206
1211
2049
2922
2890
2017
1043
1122
2121
2892
2857
2066
1248
1090
1982
2898
2953
2096
1241
1089
1891
2849
2960
2201
1229
1059
1839
2885
2995
2216
1260
1049
1850
2737
2981
2324
1423
1071
1785
2732
3068
2435
1346
1041
1666
2660
3019
2484
1383
940
1615
2670
3050
2393
1481
1053
1598
2547
3135
2625
1536
1012
1515
2554
2996
2605
1572
1093
1463
2422
3043
2750
1722
941
1352
2424
3113
2640
1640
1053
1371
2281
3010
2819
1763
1069
1295
2265
2995
2802
1847
1107
1255
2150
3066
2895
1921
1067
1194
2127
3019
2864
1923
1236
1201
1996
2944
2969
1975
1137
1174
1978
2938
2958
2116
1169
1104
1929
2978
3023
2096
1229
1102
1898
2832
2999
2195
1348
1080
1723
2756
3054
2330
1299
1080
1749
2826
3028
2331
1383
1091
1709
2682
3081
2334
1434
1009
1576
2607
3035
2494
1475
1008
1528
2648
3053
2571
1553
1002
1492
2610
3095
2479
1569
1037
1487
2495
3110
2644
1601
974
1402
2434
2978
2680
1751
1110
1356
2413
3073
2734
1728
1010
1331
2309
2995
2682
1855
1073
1178
2188
3024
2857
1912
1092
1192
2236
2944
2847
1988
1150
1184
2125
3045
2915
2002
1083
1227
2114
2851
2884
2118
1191
1074
2016
2886
2979
2127
1250
1180
1947
2801
2942
2294
1298
1078
1842
2887
3013
2231
1301
1087
1831
2714
3016
2364
1449
1031
1749
2779
3125
2442
1399
1119
1638
2610
3053
2524
1385
906
1597
2673
3096
2402
1446
1104
1625
2456
3058
2690
1615
935
1468
2581
3066
2621
1529
1026
1421
2409
3036
2626
1652
992
1428
2419
3045
2629
1690
1122
1401
2307
3020
2832
1815
1062
1262
2267
2993
2775
1809
1134
1225
2083
3038
2925
1982
1082
1239
2148
2992
2934
1960
1156
1222
2128
2946
2914
1983
1189
1167
1976
2978
2992
2157
1238
1130
1942
2965
3054
2145
1216
1082
1921
2849
3001
2136
1296
1128
1815
2773
2950
2273
1317
1061
1649
2736
3063
2399
1429
1036
1680
2706
3087
2324
1336
955
1639
2634
3004
2432
1508
1016
1503
2688
3041
2505
1532
1059
1512
2534
3031
2560
1664
992
1442
2563
3137
2614
1634
1029
1364
2471
3077
2727
1652
1017
1381
2453
3017
2717
1777
1067
1392
2300
3014
2768
1864
1080
1326
2284
3007
2821
1896
1137
1237
2171
2954
2891
2000
1171
1212
2095
2941
2867
2031
1132
1136
2031
2940
2944
2018
1114
1069
2031
2892
2980
2157
1253
1084
1889
2859
2941
2206
1257
1091
1789
2793
2984
2210
1274
1048
1815
2780
3075
2348
1387
1089
1770
2649
2993
2437
1468
1107
1620
2716
3044
2460
1417
990
1570
2541
3019
2484
1561
979
1494
2544
3145
2608
1513
1015
1500
2479
3050
2693
1574
971
1402
2435
3061
2700
1669
975
1383
2336
3080
2671
1635
1069
1444
2333
2948
2727
1769
1105
1301
2232
2986
2801
1822
1076
1215
2157
3034
2806
1922
1142
1240
2120
2986
2904
1891
1127
1168
2045
2862
2908
2128
1222
1123
1934
2916
2935
2122
1181
1103
1924
2881
2930
2172
1311
1096
1899
2831
2966
2168
1360
1078
1722
2836
3071
2259
1298
1143
1733
2695
3018
2397
1386
1044
1711
2750
3099
2285
1360
1059
1713
2605
2990
2373
1437
1028
1546
2669
3052
2533
1520
1108
1528
2553
3081
2578
1669
1054
1460
2499
3126
2597
1605
1025
1459
2447
2976
2694
1714
1090
1311
2422
3099
2745
1736
1020
1343
2303
3002
2702
1890
1122
1202
2243
3045
2845
1877
1200
1259
2104
2947
2930
2005
1138
1166
2100
2955
2858
1983
1107
1178
2020
2869
2903
2086
1247
1124
2008
2892
2954
2070
1243
1162
1943
2824
2914
2192
1192
1050
1825
2813
2993
2218
1258
1051
1767
2675
3038
2366
1384
1010
1784
2736
3088
2433
1346
1064
1648
2608
2983
2507
1468
958
1530
2613
3089
2470
1529
1051
1569
2513
3131
2590
1562
1080
1491
2498
3008
2621
1588
1080
1420
2356
3009
2668
1693
1006
1413
2378
3068
2678
1678
1053
1400
2307
2961
2804
1832
1027
1243
2301
3005
2784
1840
1190
1269
2095
3033
2858
1929
1111
1171
1995
2929
2910
1913
1130
1117
2046
2914
2901
2037
1150
1141
2037
2996
2947
2089
1222
1169
1882
2809
3024
2245
1244
1051
1975
2892
2925
2174
1397
1112
1701
2756
3111
2322
1227
1044
1795
2796
2955
2324
1447
1058
1634
2605
3092
2437
1395
1002
1711
2689
3019
2390
1498
1056
1452
2595
3111
2544
1453
1071
1624
2612
3035
2552
1671
1047
1437
2462
3129
2642
1590
951
1444
2479
2950
2679
1785
1072
1213
2384
3138
2727
1676
1000
1378
2307
2971
2770
1889
1082
1213
2230
3061
2865
1858
1073
1194
2220
2923
2776
1987
1172
1143
2107
3056
2906
1951
1084
1234
2103
2827
2882
2163
1223
1023
2070
2982
2976
2031
1172
1206
2016
2793
2903
2315
1271
973
1801
2892
2994
2202
1296
1091
1794
2639
3036
2395
1395
973
1743
2775
3052
2387
1335
1027
1674
2633
2996
2544
1414
934
1599
2684
3097
2418
1492
1054
1581
2442
3061
2683
1619
1002
1468
2583
3067
2591
1622
1088
1351
2359
3079
2742
1673
959
1421
2422
3057
2639
1765
1104
1315
2310
3057
2780
1800
1151
1315
2236
2951
2761
1898
1173
1262
2108
2991
2873
1966
1126
1227
2094
2904
2897
1996
1167
1122
1985
2863
2941
2040
1135
1114
1998
2939
2953
2124
1212
1107
1870
2932
3039
2177
1218
1015
1923
2899
2994
2094
1333
1159
1769
2761
3030
2317
1261
1084
1803
2842
3028
2384
1480
1095
1673
2666
3061
2391
1481
1070
1641
2619
3008
2411
1462
1069
1512
2608
3076
2544
1533
1009
1528
2625
3048
2512
1606
1033
1464
2445
3030
2582
1676
1031
1367
2457
3043
2668
1710
1164
1335
2395
3080
2705
1704
978
1383
2418
2994
2677
1895
1133
1232
2260
3043
2839
1843
1063
1210
2295
3006
2825
1975
1205
1207
2108
3038
2884
1986
1145
1174
2042
2940
2953
2067
1169
1135
2088
2903
2950
2097
1260
1187
1962
2812
2913
2202
1253
1077
1856
2849
2954
2248
1294
1031
1821
2739
3029
2300
1304
971
1766
2785
3056
2409
1389
1063
1641
2687
3021
2408
1357
1004
1648
2556
2971
2490
1528
999
1623
2586
3038
2494
1602
1128
1540
2554
3052
2621
1571
1002
1371
2439
3109
2652
1666
1083
1452
2349
3020
2686
1714
1011
1343
2350
3082
2780
1694
1100
1315
2235
2979
2826
1838
1074
1366
2253
2957
2806
1912
1079
1211
2159
3022
2836
1880
1208
1208
2024
2964
3004
1935
1120
1182
1975
2879
2950
2176
1174
1095
1946
2943
2968
2112
1312
1062
1857
2854
3085
2150
1179
1069
1891
2888
2999
2244
1290
1081
1711
2814
3087
2315
1380
1093
1727
2738
3061
2322
1488
1046
1542
2581
3101
2467
1386
977
1571
2696
3086
2566
1551
1091
1539
2578
3101
2578
1605
965
1441
2463
3060
2583
1612
1038
1411
2457
3029
2725
1745
1061
1305
2446
3073
2665
1737
1104
1348
2215
2982
2765
1816
1067
1307
2266
2935
2798
1896
1178
1255
2186
2947
2843
1971
1157
1164
2090
2976
2872
2048
1130
1107
2080
3011
2957
2031
1236
1172
2002
2855
2996
2195
1248
1092
1951
2898
2976
2196
1210
1101
1837
2779
2935
2277
1327
1002
1805
2759
3071
2315
1350
1008
1757
2747
3077
2447
1409
1058
1603
2607
2974
2457
1459
986
1538
2577
3052
2492
1510
1017
1618
2567
3103
2571
1590
1103
1435
2403
3043
2673
1575
1022
1407
2463
3126
2658
1623
981
1400
2423
3101
2672
1687
1064
1351
2271
3023
2811
1711
1005
1307
2285
2966
2727
1760
1107
1351
2195
2996
2841
1995
1135
1238
2118
3025
2960
1943
1139
1186
2104
2960
2902
1986
1155
1123
1990
2964
2967
2094
1231
1161
1880
2902
3036
2093
1181
1097
1908
2756
2975
2202
1308
1047
1708
2762
3056
2301
1286
1119
1803
2812
3043
2317
1361
1077
1666
2713
3129
2365
1406
1050
1742
2645
2977
2377
1534
1071
1467
2711
3143
2532
1533
1089
1580
2596
3068
2508
1647
1130
1498
2425
3072
2636
1646
1040
1414
2469
3092
2740
1695
1105
1383
2370
3003
2792
1804
1023
1382
2373
3039
2693
1835
1155
1283
2175
2967
2874
1863
1049
1220
2278
2976
2879
1993
1119
1133
2109
3042
2888
1953
1065
1156
2040
2882
2934
2110
1229
1094
2006
2890
2971
2149
1234
1100
1979
2879
2967
2196
1187
1108
1914
2825
2925
2236
1272
992
1767
2750
3056
2271
1341
1042
1773
2713
3023
2391
1392
1100
1621
2585
2975
2495
1398
992
1618
2574
3053
2518
1512
989
1611
2566
3093
2572
1536
1049
1516
2545
3082
2636
1585
1070
1379
2377
3062
2638
1638
1035
1447
2342
3013
2742
1765
1039
1337
2279
3004
2808
1736
1070
1270
2235
3049
2867
1905
1066
1207
2204
3090
2821
1854
1185
1275
2053
2945
2916
1966
1127
1114
2069
2947
2941
1995
1234
1125
1883
2961
3027
2085
1153
1165
1921
2830
2977
2165
1237
1056
1919
2833
3018
2198
1272
1035
1761
2796
2995
2231
1267
1126
1754
2758
3019
2378
1386
987
1634
2722
3093
2373
1431
1013
1625
2633
3097
2469
1415
1008
1551
2660
3034
2526
1499
1076
1509
2520
3031
2501
1588
975
1453
2496
3049
2602
1657
1032
1383
2467
3024
2665
1697
1073
1327
2372
3045
2765
1779
1063
1339
2283
3039
2709
1785
1085
1307
2216
2911
2830
1913
1117
1243
2244
2959
2870
1965
1105
1202
2097
2935
2863
2013
1116
1199
2073
2872
2948
2129
1197
1053
2029
2910
2971
2161
1286
1121
1846
2861
3020
2177
1176
1065
1837
2794
3005
2280
1280
1106
1884
2745
3010
2317
1354
988
1783
2797
3046
2363
1341
1063
1618
2681
3043
2465
1392
999
1613
2581
3049
2498
1559
1047
1563
2485
3077
2615
1534
969
1512
2554
3007
2609
1582
1066
1469
2439
2994
2632
1701
992
1359
2393
3147
2716
1726
1103
1378
2323
3038
2823
1763
1039
1314
2333
3004
2751
1829
1155
1270
2122
3013
2873
1878
990
1209
2172
2986
2869
1921
1164
1193
2027
2824
2912
2108
1195
1114
1964
3005
2964
2101
1238
1155
1906
2947
3048
2175
1273
1076
1836
2804
3031
2189
1297
1023
1802
2896
3107
2311
1228
1028
1803
2817
2981
2356
1470
1075
1637
2681
3104
2394
1396
945
1623
2667
3005
2378
1544
1143
1460
2536
3136
2636
1447
1022
1602
2595
3041
2567
1667
1008
1437
2478
3072
2571
1560
1013
1458
2454
2963
2695
1793
1089
1288
2399
3086
2650
1705
1037
1341
2309
3029
2750
1850
1039
1221
2238
3020
2796
1830
1092
1240
2230
2938
2858
1970
1149
1190
2054
2964
2952
2045
1110
1214
2137
2874
2837
2144
1322
1112
1999
2932
3021
2110
1239
1162
2048
2914
2910
2189
1233
1071
1858
2861
2989
2149
1233
1135
1817
2647
3000
2394
1448
969
1717
2750
2996
2294
1295
1054
1684
2670
2967
2459
1465
1043
1658
2621
3040
2464
1534
1076
1615
2524
3106
2645
1519
969
1482
2517
3014
2607
1610
1071
1377
2343
3039
2727
1679
982
1421
2417
3074
2694
1708
1095
1369
2330
3042
2803
1793
1106
1291
2295
3037
2754
1807
1147
1264
2132
3020
2879
1911
1085
1230
2145
3028
2891
1926
1174
1142
2010
2901
2995
2050
1119
1124
2030
2942
2852
2078
1308
1175
1835
2884
3067
2121
1181
1085
1936
2836
3005
2212
1300
959
1772
2908
3028
2228
1275
1062
1736
2840
3041
2359
1428
1081
1665
2654
3052
2323
1368
930
1641
2670
2978
2392
1503
1058
1453
2584
3103
2552
1428
957
1533
2626
3051
2501
1657
1068
1452
2470
3142
2677
1612
1003
1464
2478
2919
2639
1760
1115
1324
2444
3109
2737
1714
959
1329
2354
2994
2695
1862
1104
1239
2221
3016
2810
1818
1028
1203
2215
2931
2851
2036
1152
1132
2041
2986
2953
1956
1053
1255
2132
2808
2836
2197
1300
1022
1929
2935
3029
2106
1230
1151
1963
2876
2948
2203
1192
1039
1868
2886
2969
2152
1261
1158
1832
2585
3044
2429
1340
957
1809
2777
2992
2413
1403
1078
1686
2693
3022
2421
1416
1025
1626
2635
3023
2422
1520
1091
1617
2525
3084
2624
1565
995
1522
2581
3007
2563
1547
1142
1477
2353
3011
2731
1734
1010
1432
2439
3091
2627
1720
1163
1384
2225
3008
2878
1759
973
1208
2290
3051
2761
1805
1155
1341
2141
3050
2882
1871
1031
1193
2152
2993
2864
1946
1165
1118
1968
2938
2969
1953
1076
1141
2005
2917
2938
2128
1229
1176
1902
2891
3061
2213
1269
1038
1884
2858
3012
2191
1344
1138
1779
2705
3015
2348
1262
999
1758
2869
3033
2338
1400
1083
1663
2643
3064
2392
1427
1026
1689
2634
2992
2454
1514
1045
1494
2602
3068
2559
1498
1056
1538
2487
3038
2628
1681
1008
1443
2476
3109
2598
1563
1008
1466
2449
2949
2671
1780
1096
1233
2354
3127
2773
1729
1031
1422
2353
3002
2764
1933
1080
1217
2308
3041
2775
1868
1187
1313
2183
2899
2862
1990
1069
1077
2091
3021
2910
1941
1068
1199
1992
2780
2899
2108
1212
1062
2051
2974
2999
2033
1200
1224
1947
2781
2966
2324
1233
987
1875
2919
2981
2127
1259
1147
1808
2635
3056
2458
1419
965
1736
2779
3041
2312
1353
1166
1667
2531
2977
2572
1435
925
1588
2663
3013
2349
1539
1176
1647
2488
3071
2608
1619
1048
1439
2507
3058
2600
1593
1114
1385
2337
3051
2733
1728
984
1385
2438
3118
2632
1693
1178
1375
2209
3049
2912
1749
999
1302
2358
3000
2711
1807
1155
1263
2070
3063
2963
1875
985
1207
2208
3042
2784
1894
1295
1215
1937
2891
3042
2037
1084
1090
2007
2978
2925
2121
1312
1150
1826
2882
3058
2154
1172
1084
1975
2855
2935
2148
1353
1063
1746
2808
3064
2364
1302
1040
1781
2809
2952
2333
1484
1058
1585
2728
3182
2406
1399
990
1708
2670
2983
2430
1562
1068
1467
2672
3162
2535
1417
1052
1653
2618
2931
2482
1759
1081
1365
2499
3239
2625
1508
1005
1534
2482
2954
2708
1870
1127
1205
2320
3130
2799
1649
962
1414
2362
2963
2719
1960
1091
1177
2229
3061
2794
1763
1112
1265
2196
2921
2891
2028
1117
1140
2106
2968
2799
1942
1155
1216
2021
2865
2949
2099
1200
1105
2046
2888
2938
2114
1240
1140
1924
2794
2978
2275
1259
1091
1871
2834
2990
2167
1268
1085
1802
2664
3014
2346
1358
1005
1738
2699
3021
2365
1398
1083
1571
2599
3046
2488
1396
985
1626
2636
3043
2471
1552
1082
1584
2497
3055
2562
1556
984
1485
2581
3000
2512
1607
1157
1414
2380
3049
2694
1656
1019
1531
2464
3052
2680
1758
1099
1326
2242
3016
2832
1799
1086
1271
2268
3041
2834
1818
1089
1320
2231
3053
2834
1908
1104
1190
2114
3003
2878
1956
1229
1135
1958
2919
3003
1997
1134
1220
2030
2912
2957
2150
1157
1131
1998
2933
2981
2150
1267
1094
1870
2803
3035
2218
1330
1045
1752
2813
3063
2304
1239
1054
1831
2877
3022
2333
1437
1093
1695
2681
3078
2374
1410
966
1630
2660
3064
2468
1436
1032
1534
2624
3047
2519
1502
1001
1496
2595
3063
2553
1653
1046
1452
2499
3097
2579
1618
1032
1391
2436
3036
2717
1664
1032
1354
2395
3034
2688
1741
1079
1356
2316
3050
2745
1812
1047
1266
2298
3032
2864
1933
1114
1166
2199
2976
2851
1932
1143
1265
2136
2913
2890
2076
1095
1097
2055
2933
2910
2073
1205
1064
1960
2896
3072
2141
1194
1106
1960
2875
2967
2296
1265
1065
1829
2825
2943
2191
1304
1057
1775
2723
3068
2385
1393
1005
1770
2740
3026
2502
1479
1055
1583
2679
3058
2483
1386
976
1591
2569
3032
2513
1533
992
1625
2624
3068
2520
1580
1091
1505
2489
3008
2638
1682
1103
1379
2414
3037
2593
1657
1043
1412
2330
3058
2690
1755
1114
1352
2288
3058
2806
1741
1039
1298
2268
2966
2845
1930
1102
1164
2132
3078
2805
1845
1077
1282
2128
2946
2878
1879
1117
1184
2108
2887
2894
2012
1143
1133
1954
2931
2954
2121
1250
1142
1900
2908
3033
2193
1255
1054
1827
2821
3037
2198
1284
1053
1826
2840
3006
2233
1316
1139
1750
2845
3073
2345
1385
987
1670
2724
3058
2294
1437
1072
1580
2582
3076
2473
1452
1062
1565
2569
2992
2566
1557
997
1467
2636
3146
2563
1672
1055
1435
2434
3089
2622
1594
956
1411
2543
3039
2595
1703
1130
1320
2383
3132
2813
1785
991
1321
2353
3042
2681
1811
1075
1294
2274
2934
2807
1920
1168
1223
2170
2914
2870
2018
1132
1147
2134
2992
2821
1990
1202
1184
1998
2909
2945
2064
1164
1109
2043
2867
3023
2213
1240
1008
1889
2923
2916
2115
1216
1134
1848
2723
2920
2276
1342
1071
1827
2722
3052
2376
1418
1045
1764
2712
2993
2423
1416
1086
1626
2683
3067
2450
1376
1007
1626
2561
3015
2457
1505
987
1531
2557
3099
2492
1474
1069
1555
2459
2953
2640
1583
1021
1400
2393
3018
2617
1636
1047
1471
2374
3069
2694
1661
1019
1397
2368
2994
2720
1689
986
1220
2252
3036
2802
1823
1110
1343
2221
2985
2829
1949
1092
1264
2132
2980
2893
1883
1143
1170
2007
2859
2943
2069
1159
1145
1981
2900
2903
2144
1237
1134
1919
2909
3030
2211
1280
1070
1831
2756
2991
2195
1296
1030
1788
2823
3008
2351
1390
1055
1661
2818
3054
2283
1340
1049
1699
2676
3046
2392
1444
1036
1655
2661
3042
2402
1478
1058
1511
2605
3032
2526
1533
1066
1531
2526
3063
2584
1647
1027
1447
2427
3083
2601
1633
1068
1477
2462
2964
2678
1745
1114
1378
2394
3053
2707
1694
1048
1453
2391
2949
2607
1858
1163
1244
2177
2986
2869
1919
1090
1166
2237
2996
2928
2006
1121
1227
2126
3006
2829
1914
1077
1208
2093
2880
2910
2069
1197
1104
1988
2820
2926
2083
1198
1095
1890
2844
2997
2261
1227
1046
1830
2823
2926
2201
1299
1071
1825
2758
3051
2332
1447
1062
1718
2719
3109
2440
1366
1071
1691
2634
2935
2471
1429
946
1590
2611
3076
2459
1521
1020
1522
2497
3085
2588
1528
1018
1520
2502
3073
2643
1533
1074
1512
2378
2907
2631
1675
1025
1432
2375
3025
2671
1775
1060
1319
2313
2996
2791
1732
1061
1336
2249
2975
2820
1860
1078
1284
2191
2991
2813
1879
1039
1154
2104
3027
2891
1894
1166
1157
2070
2988
2944
1992
1153
1125
1970
2958
2944
2105
1211
1180
1963
2929
3014
2119
1232
1098
1894
2848
3003
2183
1231
992
1871
2833
2905
2215
1330
1105
1700
2819
3077
2375
1425
1034
1661
2663
3101
2434
1403
935
1630
2700
3034
2399
1431
1023
1555
2638
2974
2481
1547
1069
1453
2567
3160
2561
1606
1050
1494
2469
3048
2587
1662
1032
1392
2523
3047
2679
1716
1046
1281
2448
3128
2724
1747
1045
1351
2320
3018
2750
1817
1062
1278
2223
2994
2864
1893
1106
1177
2168
2991
2859
1929
1142
1210
2091
2957
2863
1990
1134
1173
2022
2881
2981
2154
1197
1034
1990
2844
2949
2172
1290
1113
1887
2832
2972
2223
1248
1112
1819
2795
2976
2303
1359
1029
1753
2669
3030
2349
1377
1049
1743
2642
3015
2470
1438
1044
1626
2687
3021
2475
1452
1048
1592
2592
3085
2488
1503
989
1586
2540
3023
2497
1567
1062
1482
2440
3011
2682
1586
967
1409
2505
3046
2605
1640
1031
1416
2340
3130
2791
1768
1000
1319
2369
3076
2766
1754
1100
1252
2264
3014
2807
1870
1085
1253
2171
3023
2810
1879
1120
1243
2062
2913
2910
1973
1129
1151
2051
2940
2948
1985
1131
1110
1981
2985
2970
2112
1203
1141
1967
2955
2987
2117
1251
1077
1895
2875
2962
2104
1279
1046
1786
2808
3048
2256
1290
1116
1769
2780
3020
2423
1439
1081
1776
2728
3051
2323
1470
1068
1629
2597
3021
2441
1453
1052
1508
2622
3087
2578
1513
1028
1556
2592
3042
2499
1583
1022
1478
2519
3052
2561
1633
1049
1370
2420
2998
2629
1642
1083
1329
2455
3094
2751
1731
1058
1391
2350
3057
2698
1797
1089
1282
2232
2975
2842
1848
1087
1239
2214
2927
2866
2017
1140
1172
2122
2997
2831
1974
1109
1195
2114
2853
2906
2166
1229
1049
2025
2932
2998
2131
1220
1102
1954
2885
2916
2200
1219
1062
1851
2834
3013
2242
1238
1042
1826
2661
3046
2422
1305
897
1765
2855
3102
2319
1318
1108
1683
2631
3006
2493
1431
979
1590
2677
3064
2414
1509
1074
1571
2430
3026
2605
1597
1040
1492
2505
3000
2613
1560
1013
1425
2436
3052
2694
1701
1020
1409
2384
3113
2721
1741
1083
1328
2256
2998
2809
1817
1106
1250
2256
3069
2811
1787
1075
1229
2144
3021
2863
1987
1092
1173
2156
3051
2935
1880
1122
1162
2034
2893
2963
2036
1098
1172
2114
2971
2844
2120
1296
1141
1902
2948
3046
2135
1174
1119
1987
2808
2924
2187
1404
1080
1707
2850
3098
2273
1237
1049
1769
2839
2982
2297
1417
1058
1639
2672
3093
2374
1379
924
1635
2711
3077
2417
1515
1068
1463
2571
3134
2594
1417
1042
1637
2621
3045
2535
1620
971
1488
2539
3104
2546
1589
1065
1413
2454
3036
2659
1678
1071
1339
2373
3040
2734
1751
1056
1395
2343
3028
2750
1880
1026
1216
2325
3055
2779
1857
1157
1254
2173
2944
2830
1980
1161
1205
2074
2936
2865
1999
1112
1134
2006
2885
2928
2070
1163
1073
2016
2880
2930
2116
1278
1154
1903
2805
2946
2239
1282
1058
1778
2834
3016
2192
1282
1110
1772
2635
3060
2363
1353
1050
1784
2707
3061
2467
1432
1048
1591
2675
3021
2395
1488
1080
1559
2566
3126
2515
1484
1001
1569
2525
3084
2564
1535
995
1505
2529
2993
2607
1585
1039
1448
2473
3050
2633
1677
1067
1422
2352
3040
2664
1727
1102
1358
2308
3014
2786
1797
1070
1270
2288
3013
2799
1880
1133
1216
2122
3071
2866
1903
1106
1267
2103
2954
2937
1926
1081
1123
2128
3015
2894
1927
1160
1195
1957
2880
2952
2144
1230
1142
1889
2860
2965
2168
1268
1072
1894
2845
3062
2141
1183
1057
1931
2862
2946
2278
1338
1086
1680
2773
3073
2362
1317
936
1697
2738
3014
2314
1439
1003
1593
2644
3107
2447
1437
1029
1527
2643
3073
2547
1515
1051
1490
2567
3115
2615
1629
967
1478
2487
3006
2622
1724
1062
1358
2444
3039
2613
1684
1196
1408
2337
3028
2738
1800
1075
1333
2309
3028
2710
1861
1036
1213
2268
2997
2801
1878
1113
1177
2168
2943
2874
1944
1047
1191
2179
2931
2743
1986
1150
1123
1976
2923
2989
2049
1201
1173
2079
2833
2942
2199
1302
1056
1854
2917
2951
2176
1269
1124
1833
2738
2995
2289
1274
989
1773
2759
3054
2255
1344
1073
1803
2680
3004
2458
1403
1050
1599
2702
3052
2432
1428
995
1538
2556
3033
2495
1537
1031
1521
2473
3090
2627
1561
1048
1512
2469
3018
2678
1619
1031
1361
2426
3114
2688
1668
1026
1361
2313
3062
2679
1727
1089
1355
2277
3022
2817
1742
1038
1287
2240
2974
2797
1844
1036
1231
2207
3055
2828
1907
1087
1221
2157
2957
2861
1940
1177
1156
2019
2942
2918
1987
1189
1133
1934
2957
2976
2113
1221
1154
1905
2939
3027
2188
1265
1040
1869
2815
3041
2227
1288
1006
1787
2813
2989
2298
1357
1077
1661
2823
3133
2342
1318
1010
1723
2742
3061
2343
1423
1017
1634
2643
3096
2445
1433
1005
1550
2689
3072
2483
1475
1062
1566
2542
3006
2557
1670
979
1382
2509
3162
2556
1540
987
1421
2480
3010
2616
1645
1064
1303
2402
3079
2721
1706
1035
1384
2302
3018
2733
1857
1085
1260
2273
3028
2821
1842
1117
1281
2229
2929
2886
2041
1127
1180
2071
2909
2884
2056
1106
1081
2077
2982
2929
2075
1222
1116
1972
2839
2971
2156
1211
1067
1955
2875
2925
2231
1266
1073
1841
2850
2989
2235
1268
1081
1864
2739
3094
2372
1396
1050
1765
2754
3025
2374
1389
1068
1629
2672
3034
2471
1443
989
1581
2634
3104
2436
1502
1048
1583
2555
3103
2585
1550
1046
1543
2574
3053
2622
1591
1079
1457
2429
3032
2674
1664
1000
1401
2367
3094
2687
1705
1069
1352
2259
2991
2811
1699
1006
1310
2281
2956
2775
1899
1114
1198
2110
3023
2852
1882
1084
1280
2186
2959
2878
1916
1170
1192
2056
2982
2979
2037
1140
1135
2063
2986
2930
2153
1292
1108
1884
2957
3040
2184
1237
1062
1922
2823
2979
2169
1315
1049
1757
2789
3028
2247
1267
1144
1810
2792
2996
2383
1442
1039
1640
2730
3108
2383
1454
919
1560
2715
3037
2365
1508
1144
1495
2563
3080
2577
1480
994
1584
2611
3031
2600
1704
1042
1407
2422
3133
2693
1670
982
1394
2478
2966
2687
1805
1074
1245
2460
3156
2711
1752
1034
1317
2304
3082
2739
1796
1043
1274
2306
3006
2789
1791
1047
1267
2262
2911
2789
1994
1175
1147
2101
3041
2931
1991
1096
1197
2080
2855
2855
2056
1211
1127
2048
2869
2976
2167
1257
1156
1972
2881
2992
2209
1236
1114
1861
2860
2958
2139
1264
1136
1855
2684
3038
2387
1406
987
1788
2773
3027
2360
1380
1088
1654
2664
3009
2475
1421
952
1556
2647
3104
2416
1403
1010
1650
2538
3042
2587
1571
985
1478
2535
3038
2608
1585
1128
1427
2385
3057
2740
1674
945
1413
2405
3034
2642
1765
1106
1335
2292
3026
2810
1759
1045
1314
2317
3026
2791
1877
1154
1269
2180
3058
2882
1978
1138
1234
2151
2977
2822
1935
1215
1122
2007
2960
2981
1967
1112
1202
2046
2903
2908
2142
1248
1103
1885
2890
2987
2147
1231
1070
1870
2817
2980
2166
1324
991
1679
2757
3055
2358
1310
1136
1789
2766
3002
2420
1471
1096
1732
2737
3078
2361
1428
998
1590
2646
3060
2474
1478
1043
1562
2628
3031
2563
1559
1064
1487
2558
3143
2627
1639
1055
1497
2493
3113
2604
1622
1055
1445
2426
2987
2737
1738
1030
1287
2428
3114
2738
1744
1073
1391
2329
3045
2758
1864
1082
1269
2326
3062
2826
1884
1166
1245
2264
3019
2835
1918
1096
1180
2147
3013
2870
1997
1106
1159
1976
2860
2929
2110
1189
1030
2015
2885
2962
2141
1287
1124
1873
2874
3030
2225
1177
1104
1893
2780
2941
2243
1307
1061
1790
2702
3049
2352
1419
1072
1802
2707
2994
2421
1406
1056
1622
2675
3022
2410
1405
1053
1607
2554
3048
2532
1535
1003
1640
2567
3063
2588
1561
1012
1432
2493
3071
2573
1533
1119
1491
2374
2969
2695
1670
935
1344
2375
3089
2713
1786
1066
1321
2317
3062
2815
1706
1044
1339
2320
3010
2777
1855
1125
1258
2137
2980
2832
1941
1119
1232
2139
2938
2854
1920
1190
1199
2060
2924
2923
2003
1125
1088
1949
2917
2926
2113
1242
1197
1914
2896
2995
2157
1265
1042
1897
2836
2949
2068
1294
1181
1799
2773
3064
2333
1275
1068
1822
2785
2919
2345
1497
1061
1617
2713
3101
2360
1395
1052
1659
2544
2954
2460
1574
999
1428
2651
3095
2491
1479
1043
1539
2548
3009
2502
1638
1049
1409
2385
3112
2622
1620
1068
1424
2483
2991
2658
1762
1106
1286
2363
3049
2697
1715
1019
1369
2362
3013
2752
1899
1087
1216
2224
2998
2819
1855
1168
1278
2161
2899
2891
2039
1055
1083
2197
3101
2893
1958
1081
1233
2097
2847
2853
2134
1305
1099
1951
2911
3007
2093
1210
1125
1900
2841
2956
2224
1278
1084
1787
2834
3029
2222
1220
1071
1776
2644
3046
2394
1385
997
1762
2749
3006
2343
1414
1154
1635
2596
2962
2501
1512
1017
1525
2629
3124
2433
1533
1119
1648
2518
3088
2622
1625
1055
1454
2546
3097
2643
1555
977
1434
2503
3064
2637
1711
1082
1412
2338
3059
2685
1705
1040
1361
2362
3025
2781
1722
1055
1291
2195
2954
2902
1903
998
1253
2237
3040
2790
1925
1134
1211
2119
2912
2804
1931
1198
1074
1886
2927
2987
2008
1129
1145
1987
2902
2926
2133
1201
1130
1947
2967
3006
2140
1287
1108
1920
2826
3015
2202
1294
1014
1759
2885
3084
2206
1268
1134
1718
2746
3042
2366
1392
1020
1692
2716
3019
2318
1416
925
1545
2647
3043
2450
1538
1060
1496
2564
3004
2556
1568
1097
1475
2530
3094
2587
1597
969
1522
2539
3054
2606
1694
1014
1337
2476
3080
2666
1642
1100
1407
2416
2985
2665
1801
1101
1262
2218
3049
2732
1795
1125
1337
2210
2924
2849
1994
1210
1168
2207
2981
2838
1965
1101
1173
2129
2988
2793
1974
1191
1151
2021
2954
2947
2060
1110
1094
2046
2867
3004
2172
1242
1107
1900
2838
2963
2221
1215
1075
1811
2812
3016
2238
1237
1011
1821
2768
3056
2340
1347
1007
1807
2775
3034
2398
1395
1063
1657
2654
2941
2466
1474
1007
1578
2622
3091
2476
1523
1026
1566
2616
3156
2585
1524
1096
1524
2430
3028
2724
1624
1082
1460
2441
3046
2661
1676
985
1356
2393
3128
2718
1727
1045
1349
2387
3082
2774
1720
1062
1302
2267
3006
2803
1860
1091
1291
2212
3019
2809
1927
1132
1246
2160
3021
2912
1889
1137
1204
2067
2920
2994
2019
1115
1134
2025
2950
2907
2027
1225
1211
1881
2867
3015
2154
1256
1068
1892
2820
2970
2169
1341
1126
1770
2769
3004
2238
1237
1082
1807
2803
2969
2338
1495
1125
1660
2699
3105
2346
1403
1005
1629
2638
3031
2468
1509
1026
1444
2628
3080
2486
1485
1136
1607
2528
2963
2508
1631
1019
1443
2488
3102
2575
1580
1027
1459
2443
2947
2680
1767
1115
1316
2369
3090
2716
1759
1041
1370
2332
2992
2721
1932
1162
1212
2177
3004
2866
1875
1099
1258
2218
2960
2923
2033
1148
1154
2176
3082
2848
1938
1121
1232
2036
2843
2974
2186
1248
1079
2065
2937
2974
2106
1229
1124
1916
2830
2966
2253
1243
1077
1849
2836
2958
2135
1246
1132
1873
2685
3010
2388
1374
963
1793
2791
3044
2373
1289
1021
1705
2698
3002
2441
1419
1039
1596
2594
3108
2519
1475
1046
1631
2463
2978
2588
1609
1006
1455
2540
3079
2588
1454
1036
1496
2433
3061
2739
1715
954
1355
2443
3148
2639
1686
1140
1444
2351
3031
2823
1767
1061
1289
2270
3053
2844
1867
1110
1263
2148
3033
2867
1881
1052
1229
2166
3010
2871
1950
1188
1132
2002
2963
2971
1966
1137
1083
1987
3026
2963
2094
1211
1138
1884
2911
2993
2089
1203
1067
1916
2835
2980
2141
1289
1098
1773
2768
2981
2312
1367
1045
1700
2852
3062
2316
1350
1042
1654
2653
3051
2336
1418
1035
1668
2652
3078
2536
1551
1005
1528
2729
3069
2511
1523
1115
1584
2579
3038
2563
1686
1046
1459
2484
3115
2669
1680
1007
1391
2519
3021
2626
1739
1198
1376
2386
3075
2706
1718
1083
1409
2284
2980
2715
1867
1047
1205
2214
2965
2845
1879
1168
1285
2228
2901
2818
2055
1176
1120
2076
3035
2947
2025
1126
1223
2044
2840
2923
2095
1201
1079
2000
2858
2955
2111
1225
1137
1882
2795
2993
2261
1213
991
1818
2823
2918
2231
1333
1092
1799
2703
3028
2293
1381
1036
1733
2677
3028
2434
1368
1040
1683
2672
2947
2430
1477
1021
1545
2601
3122
2422
1434
1109
1645
2473
3050
2646
1610
986
1457
2542
2998
2554
1565
1063
1408
2380
2964
2652
1704
996
1420
2426
3101
2616
1696
1119
1367
2245
3002
2816
1749
1068
1286
2271
3003
2782
1832
1118
1276
2126
3019
2897
1941
1035
1168
2130
2972
2876
1950
1167
1104
2017
2961
2972
2056
1183
1070
1960
3018
2974
2104
1230
1167
1921
2958
3043
2118
1177
1086
1913
2830
3038
2252
1359
1035
1761
2828
3017
2224
1255
1110
1755
2747
2994
2362
1397
1019
1676
2698
3068
2380
1427
978
1586
2697
3119
2426
1480
1073
1503
2629
3080
2558
1532
1099
1589
2550
2991
2517
1666
1044
1471
2479
3102
2577
1624
1071
1463
2456
3017
2687
1716
1101
1331
2415
3056
2705
1729
1061
1413
2343
2993
2681
1878
1120
1243
2268
3031
2843
1890
1134
1254
2201
2951
2918
2014
1065
1143
2168
2976
2843
2017
1156
1165
2016
2862
2873
2095
1299
1148
1958
2853
3032
2135
1220
1159
1976
2846
2942
2256
1216
1018
1776
2840
3070
2220
1277
1094
1830
2726
3060
2379
1423
1022
1687
2748
3100
2385
1371
1073
1664
2715
3108
2514
1439
1044
1576
2552
3048
2504
1506
1025
1622
2518
3070
2595
1618
1054
1481
2513
2986
2640
1684
1063
1352
2401
3030
2655
1678
1038
1417
2358
3086
2707
1759
1097
1353
2322
3026
2804
1734
1046
1308
2292
2993
2806
1854
1111
1273
2152
3032
2863
1956
1118
1247
2148
2980
2917
1936
1147
1174
2081
2912
2860
2007
1200
1164
1970
2930
2952
2140
1192
1124
2002
2939
2974
2134
1240
1047
1851
2866
3021
2139
1273
1098
1832
2783
2973
2276
1364
1094
1671
2812
3129
2340
1316
1029
1732
2740
3050
2385
1436
963
1578
2637
3040
2470
1467
974
1549
2701
3080
2530
1512
1082
1500
2510
3077
2581
1637
1013
1495
2503
3076
2587
1630
1090
1417
2425
3055
2688
1679
1049
1341
2412
3005
2663
1782
1079
1315
2298
3104
2745
1796
1039
1235
2230
3029
2833
1848
1170
1233
2246
3005
2855
1988
1147
1172
2111
2995
2857
1993
1111
1137
2031
2941
2930
2035
1192
1169
2060
2861
2991
2158
1242
1072
1970
2923
2924
2183
1253
1106
1893
2791
2842
2195
1338
1061
1783
2702
3043
2315
1349
1059
1804
2730
2996
2375
1364
1031
1635
2719
3061
2404
1368
1010
1614
2596
3116
2493
1452
996
1623
2574
3049
2535
1604
1068
1500
2513
3036
2609
1577
1066
1435
2467
3036
2670
1672
1027
1426
2365
3042
2631
1737
1065
1340
2327
3024
2781
1790
1146
1324
2250
2937
2851
1939
1077
1218
2188
3056
2808
1929
1175
1291
2091
2953
2934
1974
1155
1135
2113
3006
2892
1983
1190
1114
1911
2928
2990
2073
1129
1174
1951
2874
3001
2206
1301
1051
1859
2856
3044
2145
1298
1054
1750
2825
3045
2305
1252
1071
1783
2774
2979
2327
1386
993
1669
2661
3019
2346
1452
1054
1633
2602
3009
2471
1533
1052
1524
2635
3013
2500
1566
1081
1481
2577
3102
2526
1599
1040
1470
2466
3084
2629
1640
969
1352
2472
3013
2646
1679
1061
1324
2398
3041
2727
1792
1031
1379
2368
2976
2667
1890
1141
1266
2221
3018
2797
1815
1100
1248
2205
2905
2891
2030
1109
1096
2083
3038
2851
1932
1086
1155
2085
2865
2832
2080
1253
1064
1988
2907
3005
2120
1228
1111
1926
2848
2979
2281
1244
1020
1879
2941
2995
2135
1234
1118
1851
2703
3053
2392
1360
954
1735
2753
3055
2378
1354
1073
1750
2676
2938
2483
1448
934
1591
2621
2985
2397
1581
1105
1529
2422
3086
2689
1609
1039
1485
2546
3115
2650
1591
1035
1416
2417
2979
2669
1702
973
1392
2384
3092
2698
1716
1122
1378
2218
2983
2879
1804
1005
1203
2262
3039
2780
1795
1125
1334
2165
2979
2897
1963
1015
1153
2191
3031
2814
1848
1208
1212
1989
2899
2988
2009
1103
1182
2069
2921
2861
2080
1255
1204
1904
2889
3036
2208
1258
1087
1919
2816
2972
2244
1405
1005
1654
2784
3052
2283
1209
1045
1790
2876
3025
2268
1397
1077
1659
2649
3070
2392
1408
990
1696
2655
2968
2428
1519
1059
1481
2615
3098
2586
1487
1021
1544
2523
2993
2570
1635
924
1368
2480
3107
2552
1581
1031
1419
2462
2995
2691
1727
1019
1222
2365
3131
2772
1723
997
1356
2338
2976
2759
1922
1015
1113
2211
3024
2781
1791
1075
1221
2208
2932
2839
1962
1118
1177
2086
2954
2840
2007
1112
1163
2051
2902
2946
2112
1260
1101
2055
2935
2974
2076
1234
1192
1996
2852
2956
2270
1265
1042
1835
2891
2972
2200
1299
1039
1785
2724
3048
2336
1399
1052
1835
2769
3036
2377
1357
1096
1714
2732
3045
2426
1390
1053
1584
2570
3147
2523
1535
1047
1576
2496
3069
2569
1599
1073
1488
2578
3059
2573
1534
1051
1420
2394
3059
2672
1690
1061
1425
2364
3131
2736
1685
1032
1359
2311
3035
2803
1737
1076
1302
2243
3008
2809
1800
1070
1294
2232
3017
2802
1965
1178
1247
2136
3037
2958
1954
1139
1124
2049
2910
2916
1986
1173
1186
1977
2920
2947
2122
1200
1121
1958
2926
2958
2167
1281
1027
1810
2816
3045
2202
1299
1036
1745
2735
3037
2314
1330
1147
1790
2758
2932
2386
1435
1024
1674
2705
3080
2339
1450
973
1557
2648
3124
2428
1425
1091
1613
2694
3078
2517
1510
1023
1509
2603
3060
2555
1624
1028
1510
2486
3098
2602
1634
1036
1373
2419
3005
2648
1702
1140
1372
2369
3025
2720
1781
1058
1355
2320
3044
2756
1828
1056
1270
2237
2974
2822
1869
1143
1183
2176
2993
2883
1960
1156
1268
2150
2934
2841
2087
1202
1130
2005
2917
2944
2017
1119
1147
2043
2823
2979
2255
1306
1071
1877
2809
2925
2235
1242
1076
1862
2816
2920
2217
1328
1076
1784
2719
3071
2304
1354
1111
1802
2673
2990
2413
1447
1042
1628
2755
3012
2408
1419
1040
1573
2528
3082
2507
1503
988
1595
2628
3148
2544
1495
1005
1544
2542
3003
2655
1630
1090
1408
2427
3076
2649
1692
1077
1465
2307
3022
2773
1757
967
1273
2371
3073
2715
1695
1097
1313
2178
2960
2861
1802
1066
1299
2187
3020
2834
1964
1159
1173
2034
2990
2960
1974
1192
1151
2032
2954
2984
1997
1126
1205
2005
2898
2932
2135
1195
1093
1961
2990
2949
2089
1287
1133
1853
2815
3055
2224
1314
1024
1754
2818
3003
2284
1346
1087
1684
2786
3123
2404
1388
1065
1705
2681
3046
2391
1499
1036
1545
2612
3088
2447
1411
1096
1614
2583
2976
2525
1573
1054
1473
2625
3169
2541
1547
968
1484
2474
3030
2616
1715
1035
1331
2394
3032
2637
1632
1061
1366
2411
3028
2730
1816
1089
1300
2272
3061
2709
1789
1017
1279
2371
3012
2755
1922
1230
1205
2122
2982
2930
1939
1133
1245
2105
2894
2836
1996
1119
1134
2031
2951
2969
2041
1213
1183
2014
2821
2921
2156
1227
1073
1982
2913
2920
2157
1240
1112
1799
2744
2909
2220
1313
1052
1791
2712
3041
2344
1380
1037
1793
2748
2979
2390
1412
1071
1655
2719
3032
2373
1401
1074
1633
2577
3021
2431
1548
1082
1548
2465
3102
2587
1541
1071
1556
2471
2940
2649
1637
993
1339
2456
3093
2629
1684
1089
1417
2345
3035
2726
1801
1068
1318
2301
3014
2792
1760
1050
1251
2226
2944
2755
1830
1108
1209
2133
3042
2846
1900
1100
1234
2111
2948
2896
1957
1152
1120
2050
2939
2913
1971
1207
1196
1962
2900
2975
2143
1161
1097
1953
2953
2966
2145
1336
1063
1794
2819
3078
2227
1298
1070
1804
2796
3003
2270
1358
1112
1679
2731
3050
2386
1373
1020
1674
2723
3068
2382
1494
995
1667
2704
3058
2421
1467
1035
1506
2633
3046
2547
1575
1066
1485
2545
3128
2567
1589
957
1435
2494
3055
2613
1700
1041
1335
2348
2971
2712
1731
1062
1318
2355
3049
2772
1772
1041
1268
2265
3060
2771
1825
1039
1263
2288
2953
2743
1866
1144
1166
2203
2994
2870
1904
1057
1237
2182
2933
2866
2064
1155
1126
1957
2852
2933
2102
1167
1054
2014
2883
2978
2146
1237
1075
1873
2864
2960
2201
1262
1138
1863
2782
3005
2326
1320
1039
1803
2737
3071
2334
1302
1014
1850
2690
2910
2417
1471
1062
1595
2689
3028
2367
1394
1073
1637
2586
3066
2500
1470
992
1597
2555
3091
2567
1560
1078
1568
2542
3035
2623
1568
1002
1393
2408
3053
2652
1672
1034
1364
2304
3079
2726
1744
1039
1303
2323
3082
2784
1740
1114
1293
2185
2975
2863
1881
1077
1259
2220
3034
2835
1936
1126
1224
2121
2909
2837
1966
1223
1147
2031
2906
2937
2033
1166
1109
1944
2896
2918
2149
1235
1116
1922
2881
2885
2079
1304
1132
1883
2823
2975
2110
1227
1097
1838
2765
2956
2254
1325
1073
1674
2762
3066
2402
1374
1013
1710
2762
3063
2387
1459
960
1563
2675
3107
2431
1424
1020
1565
2646
3007
2551
1594
1146
1494
2475
3031
2534
1633
1023
1472
2456
3037
2586
1690
1093
1348
2410
3059
2701
1660
1064
1386
2354
2980
2678
1790
1081
1362
2331
2990
2682
1875
1125
1241
2185
2947
2806
1891
1108
1181
2175
3008
2865
1940
1102
1169
2130
2991
2855
2009
1187
1195
1981
2862
3001
2164
1201
1161
2124
2903
2879
2126
1262
1090
1955
2930
2995
2154
1209
1165
1871
2793
2966
2277
1341
1005
1766
2833
3197
2312
1304
1104
1839
2683
3024
2474
1382
1029
1694
2690
2931
2445
1504
1061
1543
2565
3076
2513
1515
972
1557
2524
3125
2598
1520
1025
1546
2555
3044
2608
1557
1067
1465
2437
3051
2665
1672
1059
1472
2326
3025
2688
1705
1023
1312
2305
3088
2825
1735
1080
1292
2211
2980
2858
1896
1065
1204
2173
3018
2839
1954
1119
1170
2067
3057
2925
1869
1121
1190
2025
2869
2885
1972
1178
1149
1964
2871
2879
2108
1218
1143
1839
2841
3026
2206
1230
1015
1897
2854
3030
2164
1299
1054
1796
2844
3013
2248
1280
1108
1760
2810
3069
2407
1431
1026
1664
2764
3110
2347
1424
1075
1646
2564
3038
2510
1522
956
1428
2649
3104
2552
1467
1028
1529
2602
3098
2577
1636
999
1465
2463
3022
2612
1667
1019
1379
2489
3047
2649
1766
1151
1304
2302
3069
2769
1735
1023
1376
2374
3036
2755
1864
1054
1300
2316
3025
2776
1872
1169
1176
2134
2985
2934
1998
1118
1157
2078
2973
2889
2082
1134
1145
2034
2919
2920
2050
1209
1154
2027
2855
2960
2193
1243
1104
1933
2871
2969
2205
1272
1097
1819
2829
3017
2249
1267
1044
1857
2779
3027
2308
1378
1055
1762
2658
3023
2474
1426
1025
1659
2704
3024
2459
1415
1009
1576
2620
3144
2508
1483
964
1551
2570
3122
2565
1538
1015
1501
2491
2995
2626
1606
1136
1451
2354
2910
2617
1750
1051
1363
2349
3120
2747
1752
1059
1324
2361
3058
2788
1733
1070
1316
2287
2970
2743
1894
1092
1217
2209
3044
2780
1874
1113
1211
2119
3003
2923
1950
1131
1068
2015
2988
2955
1981
1128
1183
1983
2908
2916
2173
1261
1112
1917
2876
2947
2174
1303
1076
1847
2838
3017
2173
1325
1087
1803
2843
3087
2301
1277
1082
1754
2878
3081
2302
1364
1045
1720
2694
3060
2427
1484
1032
1632
2673
3072
2469
1500
1038
1544
2646
3008
2473
1506
1105
1519
2510
3041
2573
1636
1021
1480
2440
3004
2596
1688
1019
1327
2457
3105
2710
1616
1035
1397
2433
3029
2718
1824
1053
1314
2308
3013
2688
1872
1151
1268
2256
3031
2912
1963
1122
1200
2219
2936
2806
1993
1216
1175
2085
3041
2939
1957
1025
1174
2055
2841
2879
2074
1172
1119
2052
2875
2956
2121
1211
1110
1884
2853
2969
2208
1201
1056
1833
2847
3006
2271
1266
1090
1834
2688
3092
2416
1396
1029
1773
2736
3034
2380
1384
1068
1608
2620
2983
2509
1447
941
1556
2640
3107
2446
1509
1083
1659
2514
3050
2586
1559
1037
1482
2505
3025
2570
1615
1174
1470
2379
3069
2728
1681
984
1349
2314
3077
2729
1778
1124
1400
2324
3032
2802
1769
1059
1299
2288
3006
2819
1861
1097
1224
2170
3115
2890
1915
1096
1258
2146
2975
2908
1917
1156
1199
2049
2881
2961
2073
1176
1070
1930
3004
2979
2046
1171
1189
1945
2867
2999
2189
1253
1054
1898
2898
3008
2099
1286
1115
1752
2757
3031
2276
1266
1084
1756
2802
2995
2345
1393
1047
1699
2766
3087
2333
1420
1004
1602
2638
3082
2455
1432
1067
1617
2640
3024
2563
1534
1046
1497
2562
3036
2533
1669
1018
1426
2439
3083
2608
1585
992
1400
2431
2967
2703
1725
1017
1277
2425
3143
2724
1741
1016
1330
2327
3032
2744
1849
1042
1190
2219
3001
2830
1875
1151
1192
2138
2977
2939
1955
1098
1179
2136
2979
2872
2012
1140
1162
2088
2957
2923
2063
1210
1133
1992
2789
2945
2168
1278
1116
1941
2907
2985
2217
1255
1088
1876
2819
2942
2242
1310
1067
1800
2767
3052
2299
1335
1069
1835
2729
3003
2430
1407
1033
1612
2702
3015
2424
1400
994
1599
2609
3017
2445
1474
955
1599
2543
3038
2518
1591
1060
1527
2528
3025
2606
1606
1114
1410
2387
3038
2654
1694
1071
1446
2328
3030
2765
1757
1030
1287
2325
3123
2766
1691
1067
1274
2257
3061
2832
1781
1068
1266
2166
3017
2784
1884
1161
1287
2111
2938
2947
2014
1137
1115
2104
2994
2889
1934
1173
1174
1974
2901
2892
2072
1179
1162
1952
2886
2909
2087
1306
1146
1865
2767
3015
2207
1259
1025
1847
2860
2950
2269
1343
1085
1689
2775
3107
2420
1391
1035
1691
2710
3101
2450
1454
1007
1599
2602
3075
2469
1421
1020
1566
2646
3063
2570
1506
993
1503
2653
3140
2541
1555
987
1568
2577
3043
2499
1668
1083
1358
2436
3064
2680
1632
1093
1391
2350
2984
2745
1802
995
1301
2378
3068
2696
1878
1141
1237
2156
2979
2876
1897
1136
1245
2215
3010
2866
1900
1068
1193
2078
2886
2862
2056
1138
1133
2018
2963
2960
2054
1194
1116
2063
2926
2965
2122
1292
1165
1951
2859
2943
2244
1235
1034
1875
2850
2958
2233
1298
1066
1799
2733
3074
2333
1319
975
1821
2782
3012
2370
1385
1118
1657
2681
2972
2400
1384
1015
1618
2511
3031
2475
1511
1064
1626
2534
3069
2640
1599
1029
1489
2523
3043
2681
1639
1022
1384
2451
3054
2614
1640
1040
1399
2322
3116
2731
1694
1069
1362
2287
3046
2831
1741
1041
1293
2281
2976
2770
1793
1097
1267
2130
2983
2811
1931
1142
1219
2105
2990
2925
1934
1130
1151
2046
2897
2904
1988
1108
1106
2023
2974
2903
2072
1234
1222
1914
2879
2965
2130
1294
1116
1957
2835
2966
2171
1360
1060
1687
2807
3050
2260
1300
1102
1750
2792
3005
2355
1404
1008
1645
2726
3098
2365
1423
986
1586
2627
3035
2457
1503
1068
1501
2619
3092
2580
1517
1068
1554
2543
3022
2625
1673
1022
1480
2497
3069
2584
1602
983
1385
2470
3052
2694
1710
1067
1306
2404
3090
2798
1773
1035
1360
2337
2965
2680
1895
1136
1205
2218
3064
2836
1828
1177
1295
2167
2915
2844
1959
1168
1159
2085
2998
2890
2028
1101
1166
2045
2884
2883
2046
1185
1100
2040
2892
2990
2143
1250
1099
1931
2891
2914
2179
1202
1031
1844
2880
2974
2159
1270
1141
1912
2723
2998
2341
1403
1010
1755
2770
3015
2375
1426
1093
1634
2661
3031
2508
1443
956
1591
2666
3093
2490
1516
1024
1610
2551
3044
2578
1604
1054
1424
2475
3090
2642
1519
1027
1439
2466
3080
2638
1631
1009
1375
2350
3113
2732
1711
1030
1421
2361
3040
2770
1774
1101
1284
2267
3011
2838
1862
1066
1251
2176
2996
2787
1875
1097
1216
2120
3042
2865
1877
1220
1196
2060
2918
2913
1987
1118
1161
1978
2873
2873
2040
1175
1109
1914
2899
3001
2229
1294
1059
1903
2840
3004
2154
1348
1041
1642
2766
3073
2353
1278
1059
1797
2825
3028
2384
1391
992
1655
2675
3063
2421
1455
999
1644
2624
3040
2411
1468
1087
1555
2650
3053
2533
1528
1036
1506
2608
3096
2487
1629
1036
1461
2485
3096
2584
1590
1004
1400
2457
3062
2701
1662
1071
1371
2358
3004
2708
1784
1019
1325
2268
2977
2743
1895
1111
1189
2213
3054
2839
1827
1079
1220
2182
2948
2874
1947
1084
1155
2129
2956
2841
2011
1119
1159
2012
2891
2877
2018
1220
1150
2006
2804
2984
2169
1231
1102
1934
2844
2907
2179
1252
1094
1787
2777
2987
2218
1245
1065
1819
2690
3077
2333
1315
1058
1812
2718
3025
2447
1338
974
1649
2757
3042
2403
1396
1066
1615
2551
3102
2513
1501
1014
1612
2522
3028
2586
1568
1025
1483
2495
3046
2678
1563
992
1425
2470
3054
2575
1675
1134
1430
2276
3120
2771
1720
1044
1394
2355
3032
2750
1805
1149
1267
2263
3009
2799
1836
1064
1215
2180
3091
2824
1883
1165
1289
2049
2923
2956
1922
1097
1135
2046
2914
2899
2043
1153
1156
1939
2882
2974
2162
1202
1058
1892
2946
2983
2106
1247
1099
1892
2880
3067
2172
1287
1119
1845
2797
2968
2277
1332
1157
1762
2812
3049
2335
1357
1037
1738
2776
3069
2315
1419
973
1540
2586
3089
2472
1386
972
1530
2637
3028
2526
1542
1038
1469
2539
3092
2577
1537
917
1507
2623
3091
2553
1647
1004
1382
2489
3110
2763
1725
1055
1315
2398
3063
2728
1771
1075
1315
2326
3110
2731
1743
1052
1330
2266
2950
2826
1941
1150
1128
2171
3053
2889
1866
1077
1249
2141
2907
2813
2070
1117
1065
2055
3034
2943
1962
1182
1183
2070
2862
2973
2188
1243
1129
1912
2814
2983
2264
1278
1143
1855
2797
2933
2248
1298
1015
1787
2748
3057
2309
1391
1033
1744
2713
3004
2409
1435
1033
1581
2696
3029
2442
1482
1058
1577
2606
3064
2416
1415
1003
1620
2556
3133
2623
1538
1034
1548
2584
3030
2645
1620
1026
1395
2501
3173
2581
1555
1067
1435
2265
3017
2749
1729
1013
1309
2378
3092
2741
1758
1092
1250
2199
3002
2848
1823
1088
1244
2168
3057
2819
1884
1144
1215
2047
2917
2899
1925
1109
1088
2049
2926
2903
2004
1180
1127
1968
2951
2945
2058
1157
1118
1959
2914
2936
2072
1256
1104
1875
2845
3062
2162
1249
1125
1840
2803
3040
2363
1375
1047
1695
2815
3035
2361
1388
1029
1699
2733
3077
2415
1493
1001
1613
2677
3047
2406
1483
1023
1489
2667
3120
2557
1540
1090
1542
2584
3106
2545
1607
998
1448
2486
3088
2546
1606
1071
1425
2427
3002
2684
1692
1042
1299
2398
3082
2703
1719
1060
1349
2333
3080
2784
1830
1049
1268
2314
3064
2846
1832
1082
1271
2236
2936
2856
2023
1157
1197
2142
2987
2850
2043
1164
1162
2005
2891
2916
2105
1224
1109
2019
2906
2983
2152
1280
1204
1972
2813
2925
2257
1281
1062
1853
2859
2976
2244
1287
1041
1829
2753
3061
2359
1332
1001
1786
2747
3068
2383
1377
1116
1664
2657
3083
2505
1347
1020
1763
2653
3010
2510
1562
1039
1583
2517
3038
2591
1592
1046
1517
2536
3037
2631
1570
1048
1421
2396
3059
2731
1698
980
1400
2374
3019
2630
1698
1036
1363
2288
2998
2769
1787
1100
1280
2291
2998
2736
1848
1100
1197
2149
3109
2896
1925
1090
1180
2117
2999
2905
1934
1140
1146
2044
2947
2980
2038
1134
1123
2017
2961
2926
2111
1251
1144
1900
2915
3036
2193
1294
1023
1769
2832
3066
2208
1266
1064
1802
2787
3023
2308
1281
1066
1764
2833
2974
2368
1491
1102
1650
2617
3040
2351
1431
989
1604
2672
3068
2412
1462
1114
1599
2633
3041
2532
1512
1023
1551
2596
3017
2511
1640
1053
1476
2452
3072
2588
1647
1027
1391
2474
3055
2700
1701
1079
1313
2394
3058
2712
1767
1055
1302
2277
3046
2780
1888
1058
1188
2230
2989
2832
1853
1111
1233
2216
2978
2860
1943
1111
1198
2145
3027
2907
2045
1200
1203
2015
2865
2936
2101
1162
1059
2067
3002
3005
2111
1252
1180
1928
2781
2952
2323
1286
1057
1788
2793
2952
2232
1305
1072
1800
2723
3113
2426
1368
968
1726
2732
3040
2405
1412
1057
1599
2659
3011
2452
1372
957
1549
2577
3078
2422
1424
1029
1597
2523
3061
2603
1579
1021
1483
2569
3043
2585
1611
1098
1352
2362
3092
2716
1679
995
1401
2364
3029
2683
1747
1085
1333
2289
2986
2771
1781
1070
1279
2258
3021
2784
1765
1089
1342
2197
2999
2859
1940
1044
1194
2193
3043
2860
1922
1181
1107
2007
2963
3021
2046
1084
1099
2031
2961
2927
2081
1217
1162
1943
2903
2990
2104
1209
1093
1947
2832
3000
2218
1301
1017
1775
2803
3049
2269
1278
1054
1727
2788
2962
2339
1449
1059
1625
2674
3122
2368
1411
1000
1590
2626
3003
2393
1449
982
1465
2675
3129
2540
1495
1057
1579
2605
3072
2557
1676
1016
1414
2497
3121
2594
1629
1016
1349
2388
3025
2771
1708
980
1338
2488
3089
2685
1726
1066
1341
2253
3008
2748
1875
1099
1266
2232
3015
2855
1906
1114
1195
2192
2985
2885
1948
1147
1260
2109
2882
2867
2063
1112
1158
2062
2931
2922
2115
1246
1100
1975
2850
3002
2094
1210
1144
1946
2821
2949
2280
1212
1053
1884
2792
2976
2277
1299
1025
1840
2762
3033
2290
1329
1036
1781
2687
3019
2457
1397
1059
1642
2654
2972
2428
1453
1025
1529
2550
3073
2460
1479
985
1568
2554
3097
2553
1543
1078
1555
2539
3040
2665
1584
992
1465
2541
3053
2582
1698
1091
1424
2299
3108
2799
1704
968
1348
2350
3007
2701
1719
1079
1294
2193
2928
2854
1941
1133
1250
2146
3047
2795
1894
1167
1219
2045
2983
2974
2003
1128
1089
2116
2985
2888
2003
1160
1142
1953
2896
2955
2181
1244
1129
1938
2946
2982
2136
1309
1111
1829
2756
3035
2227
1298
1051
1825
2777
2945
2282
1377
1123
1653
2732
3078
2405
1352
1011
1713
2756
3066
2343
1473
1120
1626
2596
3047
2509
1494
1048
1560
2647
3052
2530
1503
1008
1487
2620
3092
2488
1583
1065
1557
2489
3054
2576
1650
1045
1314
2380
3067
2724
1619
1042
1422
2395
2968
2707
1833
1022
1262
2273
3044
2715
1775
1070
1231
2199
2988
2845
1894
1101
1217
2261
3006
2828
1934
1105
1187
2127
2957
2808
1956
1141
1196
2039
2869
2878
2092
1252
1141
2026
2839
2978
2159
1248
1083
1925
2909
2955
2193
1279
1133
1782
2711
2977
2303
1335
1091
1834
2683
3008
2326
1424
1059
1704
2670
3084
2432
1326
1037
1635
2654
2983
2446
1413
1007
1577
2579
3108
2493
1486
1072
1618
2507
3042
2579
1541
972
1443
2532
3035
2624
1603
1035
1374
2372
3049
2696
1661
1001
1372
2350
3051
2649
1713
1120
1372
2241
2930
2812
1802
1013
1242
2306
3020
2804
1859
1105
1286
2194
3090
2852
1889
1073
1254
2159
2953
2826
1958
1277
1144
1940
2888
2949
2025
1184
1159
1945
2912
2981
2175
1238
1172
1936
2921
3070
2228
1289
1051
1895
2832
3019
2155
1270
1052
1772
2792
2960
2313
1342
1081
1747
2785
3014
2336
1439
1095
1687
2700
3066
2373
1422
967
1602
2645
3029
2410
1451
1061
1481
2616
3103
2499
1439
1080
1606
2556
2972
2562
1755
1083
1385
2392
3100
2643
1595
959
1421
2496
3026
2641
1690
1064
1325
2412
3047
2669
1718
1066
1403
2308
2980
2800
1913
1062
1211
2253
3061
2819
1821
1102
1260
2229
2944
2860
1997
1148
1152
2124
2987
2829
1978
1109
1198
2073
2876
2924
2125
1185
1031
2061
2982
3034
2142
1187
1107
2028
2902
2924
2235
1276
1095
1798
2803
3013
2204
1206
1077
1877
2722
3016
2320
1390
1032
1781
2812
3032
2357
1369
1100
1666
2635
3002
2478
1390
967
1628
2601
3031
2461
1517
1083
1613
2484
2988
2571
1589
1017
1464
2574
3078
2557
1538
1100
1463
2410
3078
2777
1675
938
1402
2460
3108
2623
1661
1067
1337
2236
3027
2884
1824
1076
1285
2260
2998
2761
1774
1096
1281
2153
2988
2824
1922
1100
1254
2155
2920
2841
1970
1164
1108
2021
2926
2977
2010
1123
1164
2034
2940
2925
2147
1275
1139
1911
2903
3012
2157
1259
1067
1906
2891
3031
2112
1284
1052
1776
2833
3015
2278
1308
1080
1722
2786
3030
2384
1405
1015
1669
2723
3094
2387
1472
1035
1607
2609
3039
2432
1451
1030
1517
2629
3073
2543
1500
1016
1542
2554
2993
2544
1600
1001
1477
2478
3068
2543
1632
1043
1389
2423
3009
2680
1724
1097
1339
2403
3067
2717
1719
1015
1332
2301
3011
2674
1831
1070
1223
2272
2995
2813
1865
1161
1263
2185
2982
2901
1971
1106
1152
2077
2964
2883
1998
1126
1176
2033
2909
2881
2027
1214
1141
2010
2861
2961
2159
1273
1100
1907
2839
2930
2194
1253
1095
1816
2787
2942
2234
1254
1034
1791
2701
3012
2302
1354
960
1746
2783
3075
2330
1284
1149
1673
2624
3046
2493
1385
937
1567
2610
3076
2477
1520
1016
1497
2477
3077
2544
1554
1044
1528
2551
3031
2615
1581
1048
1426
2471
3039
2604
1631
1037
1400
2280
3051
2708
1761
1121
1333
2216
2966
2868
1814
1032
1275
2322
3002
2742
1813
1130
1269
2127
3076
2909
1901
1116
1280
2153
2977
2853
1886
1159
1111
1991
2926
2923
2024
1155
1086
1899
2890
2989
2169
1233
1138
1917
2895
2955
2144
1229
1059
1946
2822
2945
2119
1293
1070
1737
2766
3009
2288
1270
1099
1817
2859
3065
2317
1328
1001
1723
2751
3053
2300
1419
1026
1644
2692
3074
2422
1494
1091
1553
2650
3071
2531
1564
1126
1531
2536
3154
2631
1563
994
1499
2489
3039
2611
1735
1082
1393
2459
3067
2684
1685
1085
1352
2397
3006
2688
1776
1021
1293
2279
3052
2810
1849
1078
1276
2242
2994
2842
1853
1134
1275
2187
2923
2863
1966
1141
1185
2074
2963
2877
2065
1132
1075
2003
2945
2968
2075
1163
1082
2020
2830
2938
2201
1261
1037
1851
2879
3014
2199
1269
1139
1818
2773
3048
2330
1278
1040
1832
2757
3017
2262
1383
1061
1737
2609
3017
2504
1416
995
1607
2698
3052
2465
1405
1037
1626
2542
3057
2533
1516
996
1620
2598
3139
2577
1507
1055
1496
2494
3029
2656
1604
1015
1406
2462
3028
2616
1650
1076
1428
2298
3049
2718
1770
1054
1329
2327
3017
2789
1735
1101
1321
2251
2985
2849
1848
1000
1264
2260
3050
2768
1902
1183
1231
2073
2919
2927
1984
1110
1132
2084
2918
2853
2021
1259
1149
1874
2886
3027
2185
1207
1122
1917
2935
3032
2172
1277
1060
1838
2805
3062
2201
1246
1042
1874
2901
2946
2229
1371
1089
1678
2765
3070
2373
1358
1056
1768
2741
3012
2302
1473
1047
1565
2646
3154
2449
1356
949
1566
2733
2993
2492
1587
1089
1485
2563
3113
2509
1548
1010
1540
2463
2938
2573
1758
1059
1306
2478
3133
2692
1645
1043
1305
2432
3125
2756
1766
1046
1309
2315
3105
2791
1811
1005
1244
2257
2969
2799
1895
1152
1222
2176
2980
2902
1994
1114
1164
2166
2992
2848
2058
1204
1184
1991
2930
2963
2036
1188
1194
2054
2784
2927
2231
1310
1052
1874
2993
3046
2173
1218
1153
1822
2752
3008
2316
1309
1049
1861
2769
3009
2314
1420
1080
1748
2701
3033
2418
1369
1011
1614
2678
3059
2425
1421
1057
1549
2516
3052
2522
1525
990
1524
2506
3091
2556
1584
1114
1516
2426
2969
2697
1610
932
1395
2549
3084
2561
1643
1114
1417
2272
3055
2722
1749
1074
1323
2276
3028
2774
1747
1103
1302
2246
2997
2823
1840
1009
1237
2243
3026
2755
1907
1121
1236
2101
2978
2915
1917
1068
1087
2092
2936
2829
1948
1200
1189
1877
2855
2991
2132
1191
1130
1998
2945
2966
2138
1315
1114
1792
2772
3060
2205
1224
1053
1879
2846
2965
2295
1345
1043
1715
2918
3125
2306
1318
1105
1720
2689
3061
2307
1424
981
1587
2691
3098
2401
1395
1083
1594
2608
3010
2578
1526
1002
1463
2507
3069
2619
1602
990
1509
2487
3001
2555
1730
1138
1357
2414
3145
2759
1638
1055
1374
2385
2992
2744
1806
1050
1331
2313
3061
2794
1831
1024
1259
2250
2988
2810
1861
1130
1221
2187
2940
2845
1976
1087
1137
2057
2963
2918
2047
1083
1088
2017
2902
2889
2034
1184
1133
2060
2834
2916
2206
1333
1075
1892
2896
3002
2146
1121
1117
1912
2743
2875
2314
1357
975
1765
2821
3122
2279
1336
1094
1788
2654
3039
2414
1277
965
1715
2757
3047
2430
1445
1127
1590
2493
3078
2545
1576
1005
1534
2530
3088
2562
1564
1005
1489
2538
3025
2671
1628
998
1346
2441
3114
2629
1589
1029
1434
2310
3031
2746
1847
1130
1327
2269
2999
2810
1771
1054
1218
2205
3004
2829
1832
1063
1273
2201
3034
2798
1934
1169
1217
2066
3033
2976
1930
1128
1188
2063
2896
2981
2060
1173
1235
2041
2914
2938
2131
1214
1125
1900
2867
3029
2236
1244
1069
1888
2856
3000
2095
1294
1104
1755
2730
2982
2309
1351
1058
1668
2834
3104
2307
1324
1099
1773
2732
3072
2389
1445
949
1630
2669
3008
2418
1519
1056
1537
2640
3074
2543
1508
1053
1521
2536
3094
2582
1601
935
1452
2574
3089
2530
1627
1053
1347
2388
3034
2673
1718
1123
1313
2369
3071
2760
1722
984
1370
2346
2985
2727
1911
1065
1229
2258
3029
2830
1837
1094
1244
2281
2953
2821
2034
1162
1146
2091
2999
2858
1946
1115
1186
2085
2887
2915
2126
1198
1088
2001
2856
2966
2123
1262
1148
1955
2872
2963
2220
1221
1105
1809
2802
2997
2207
1249
1067
1840
2719
3037
2339
1406
1070
1754
2756
3045
2349
1314
1059
1657
2666
3023
2464
1490
1030
1560
2614
3059
2423
1534
1098
1648
2529
3044
2587
1555
1026
1505
2524
2988
2584
1622
1122
1450
2405
3037
2662
1718
1040
1444
2391
3023
2651
1706
1108
1403
2288
2960
2788
1824
1046
1204
2288
3084
2771
1788
1142
1304
2122
3041
2978
1966
1042
1198
2179
2984
2791
1900
1236
1211
2019
2910
2995
2014
1081
1138
2066
2856
2798
2145
1288
1098
1842
2906
3016
2121
1213
1093
1923
2798
2974
2165
1271
1059
1761
2792
3018
2290
1287
1064
1745
2804
3007
2286
1375
1100
1734
2740
3075
2391
1492
1020
1567
2610
3111
2482
1505
1083
1536
2666
3112
2545
1539
1070
1533
2561
3059
2568
1648
980
1415
2535
3129
2545
1581
1022
1426
2440
2994
2753
1794
1031
1273
2407
3117
2755
1698
1004
1387
2318
3000
2679
1843
1103
1248
2252
3015
2831
1874
1120
1202
2217
2975
2885
1984
1199
1187
2104
3064
2933
1969
1106
1208
1990
2802
2906
2099
1233
1106
2029
2887
3015
2169
1210
1080
1900
2867
2982
2227
1208
1027
1860
2872
2969
2218
1331
1091
1755
2659
3036
2398
1464
1054
1731
2755
3070
2332
1339
1126
1667
2632
3009
2512
1457
968
1533
2592
3072
2462
1485
1001
1603
2538
3040
2554
1596
1001
1455
2588
3077
2591
1591
1134
1469
2363
3036
2680
1628
991
1408
2353
3076
2732
1794
1104
1307
2281
3015
2777
1792
1081
1246
2227
2979
2834
1873
1110
1276
2163
3029
2840
1930
1114
1172
2113
3016
2856
1911
1192
1169
1992
2909
2993
2017
1031
1093
2061
2967
2869
2106
1221
1168
1931
2922
3034
2166
1255
1031
1881
2900
3018
2171
1311
1064
1739
2781
3074
2325
1215
1007
1777
2841
2968
2328
1454
1038
1651
2691
3072
2354
1406
947
1592
2636
3043
2490
1502
1007
1463
2613
3106
2517
1495
1088
1547
2560
3044
2582
1702
1024
1461
2539
3174
2594
1619
1042
1429
2500
3017
2647
1696
1088
1302
2404
3086
2661
1683
1026
1365
2301
2963
2663
1883
1146
1205
2277
3072
2765
1782
1135
1252
2195
2942
2808
1929
1158
1172
2037
2911
2851
2016
1100
1152
2047
2886
2878
2071
1219
1100
2002
2854
3002
2146
1173
1045
2009
2948
2922
2172
1240
1056
1720
2738
3018
2256
1269
1030
1765
2697
3020
2255
1313
1066
1838
2736
2987
2404
1384
1023
1626
2672
3030
2475
1409
1033
1622
2600
3071
2473
1471
986
1591
2582
3088
2496
1535
1102
1480
2441
3020
2689
1590
989
1367
2462
3115
2629
1666
1047
1403
2339
3054
2708
1798
1083
1354
2371
3012
2723
1793
1139
1284
2203
2944
2806
1883
1112
1234
2161
3005
2822
1957
1130
1225
2139
2989
2888
1959
1168
1181
2072
2909
2928
1992
1154
1210
2013
2903
2951
2188
1217
1047
1864
2946
3009
2094
1222
1083
1867
2788
3006
2224
1346
1025
1708
2850
3118
2305
1282
1099
1774
2804
2992
2336
1445
1059
1644
2694
3142
2359
1374
1003
1669
2671
3051
2458
1506
1041
1531
2629
3067
2539
1504
1070
1548
2577
3114
2607
1639
1017
1500
2525
3053
2637
1705
1048
1385
2461
3039
2727
1740
1056
1244
2336
3106
2758
1716
1027
1344
2293
3004
2737
1788
961
1223
2283
2995
2811
1856
1109
1237
2318
2997
2796
1915
1164
1233
2102
2966
2784
1979
1135
1153
1986
2860
2918
2071
1218
1130
2033
2901
3006
2143
1283
1155
1929
2861
2941
2181
1285
1159
1865
2799
2983
2239
1347
1118
1877
2792
3057
2315
1386
1070
1755
2682
3079
2423
1347
1105
1683
2632
2968
2507
1418
947
1592
2631
3012
2430
1535
1088
1622
2502
3098
2630
1523
933
1472
2565
3049
2637
1561
1059
1409
2425
3090
2690
1643
977
1421
2381
3121
2662
1700
1132
1368
2246
3035
2866
1772
1036
1287
2306
3000
2697
1824
1153
1254
2117
3042
2901
1898
1042
1249
2158
2982
2897
1964
1139
1113
2039
2929
2910
1973
1127
1177
1977
2849
2896
2092
1232
1106
1827
2832
2997
2175
1251
1116
1936
2797
2920
2118
1282
1013
1734
2816
3058
2306
1269
1102
1793
2811
3022
2381
1421
1037
1676
2730
3069
2375
1475
1065
1653
2659
3084
2413
1451
1099
1534
2587
3043
2627
1496
1018
1540
2575
3042
2517
1629
1036
1434
2456
3075
2633
1627
1015
1377
2377
2949
2702
1732
1013
1269
2432
3096
2684
1705
998
1346
2289
2971
2767
1928
1106
1243
2291
3029
2812
1841
1150
1270
2218
2924
2846
2024
1146
1194
2142
2977
2856
2038
1144
1155
2058
2892
2848
2080
1229
1137
2040
2911
2979
2117
1219
1120
1951
2795
2904
2255
1291
1026
1718
2814
3023
2243
1265
1038
1796
2698
3057
2404
1377
1014
1783
2766
3041
2380
1389
1087
1637
2610
2987
2501
1391
973
1593
2601
3079
2475
1495
1021
1604
2548
3043
2537
1514
1002
1467
2486
3000
2621
1619
1058
1393
2417
3098
2715
1632
988
1402
2296
3038
2736
1734
1047
1361
2346
3016
2816
1824
1092
1245
2250
3049
2819
1821
1099
1255
2141
3073
2974
1996
1084
1156
2125
2990
2846
1906
1184
1206
2041
2851
2922
2047
1176
1160
1981
2910
2964
2176
1211
1162
1932
2896
3030
2229
1233
945
1851
2865
3005
2173
1297
1040
1756
2840
3027
2285
1307
1062
1731
2822
3096
2416
1406
1000
1649
2737
3062
2352
1485
1021
1590
2643
3056
2400
1461
1054
1533
2580
3027
2580
1555
1027
1512
2580
3088
2576
1625
1013
1517
2498
3032
2541
1691
1071
1339
2396
3072
2731
1666
1059
1370
2368
3020
2709
1743
1050
1397
2323
2987
2716
1846
1067
1258
2253
2982
2792
1874
1136
1232
2150
2906
2894
2014
1113
1135
2135
3069
2856
1962
1178
1241
2057
2858
2867
2088
1176
1085
2034
2892
2968
2158
1281
1164
1938
2765
2987
2312
1175
955
1821
2831
2966
2267
1300
1053
1814
2728
3046
2301
1367
1076
1759
2738
3026
2371
1341
1032
1708
2709
2926
2385
1432
1055
1596
2525
3044
2513
1547
1054
1633
2536
3060
2664
1618
1025
1484
2537
3056
2584
1559
1088
1434
2365
3018
2663
1655
953
1309
2372
3176
2680
1663
1091
1420
2315
3049
2821
1719
1035
1317
2287
2963
2790
1853
1091
1205
2150
3048
2815
1901
1118
1224
2171
2970
2862
1937
1181
1127
1953
2895
3016
2025
1098
1096
1997
2926
2918
2076
1197
1137
1911
2906
3024
2191
1252
1024
1869
2844
3009
2132
1284
1061
1792
2831
3032
2256
1261
1027
1660
2815
3071
2390
1433
1000
1694
2748
3104
2379
1447
1023
1640
2655
3046
2464
1496
1062
1519
2605
3013
2555
1519
1074
1592
2556
3011
2569
1664
1041
1481
2459
3040
2580
1618
1013
1429
2471
2951
2653
1762
1130
1320
2440
3111
2668
1707
1096
1434
2269
2976
2797
1843
1008
1243
2280
2996
2839
1892
1122
1233
2208
2973
2872
2002
1158
1209
2124
2983
2889
1969
1069
1157
2010
2834
2869
2109
1204
1095
2005
2921
3062
2141
1193
1092
1927
2871
2981
2245
1192
1045
1856
2851
2995
2226
1253
1061
1809
2686
3019
2369
1405
1019
1775
2766
3048
2418
1387
1042
1703
2717
2937
2411
1463
1100
1569
2491
3058
2555
1469
949
1632
2544
3008
2571
1633
1083
1454
2454
3075
2678
1570
1080
1445
2392
3010
2712
1707
960
1352
2373
3129
2697
1693
1073
1416
2320
2985
2812
1748
1019
1305
2329
3025
2788
1797
1059
1246
2155
3038
2852
1920
1096
1285
2235
2946
2809
1897
1161
1161
2038
2886
2880
1939
1130
1171
1967
2878
2892
2142
1225
1173
1940
2862
2988
2157
1265
1075
1866
2794
2934
2138
1315
1112
1789
2780
3015
2298
1325
1102
1711
2749
3010
2387
1415
957
1655
2785
3091
2351
1425
974
1577
2643
3075
2470
1490
1063
1587
2663
3063
2550
1525
1038
1480
2584
3111
2578
1593
968
1526
2529
3053
2608
1652
1025
1363
2454
3062
2688
1646
1064
1363
2397
2996
2697
1792
1022
1312
2330
3037
2723
1845
1066
1224
2259
2980
2791
1888
1168
1217
2152
2943
2857
1942
1137
1289
2135
2847
2867
2103
1127
1116
2015
2888
2941
2104
1179
1060
2043
2906
2904
2138
1326
1136
1884
2891
2978
2183
1216
1127
1900
2810
2976
2313
1351
997
1741
2803
3140
2309
1327
1061
1801
2670
2968
2436
1411
996
1621
2740
2968
2310
1336
1040
1590
2520
3046
2469
1511
1070
1571
2479
3079
2593
1531
1017
1488
2461
2985
2684
1647
986
1367
2463
3120
2614
1627
1042
1417
2301
3043
2747
1753
1008
1284
2306
3047
2728
1722
1131
1320
2205
3038
2913
1852
1013
1224
2194
3017
2787
1917
1162
1210
2072
2977
2958
1996
1107
1124
2086
2942
2889
2010
1234
1134
1911
2970
3035
2083
1090
1143
2022
2948
2899
2101
1261
1041
1810
2839
3041
2170
1310
1104
1810
2710
2927
2345
1383
1055
1671
2838
3112
2332
1338
1012
1717
2743
3047
2353
1499
1027
1561
2628
3113
2461
1404
979
1514
2625
3024
2499
1505
1034
1476
2551
3076
2551
1595
982
1464
2463
3046
2562
1667
1099
1403
2423
3043
2714
1654
1077
1370
2374
2981
2686
1831
1088
1289
2280
3077
2772
1807
1029
1276
2285
3014
2812
1884
1125
1197
2226
2999
2853
1945
1128
1201
2123
2933
2874
2060
1123
1160
2017
2862
2883
2077
1238
1110
2025
2837
2984
2207
1300
1072
1848
2839
3044
2275
1172
1095
1869
2759
2956
2266
1265
1027
1830
2767
3059
2284
1363
1094
1825
2709
3033
2496
1422
1005
1627
2714
2999
2415
1444
1011
1543
2595
3118
2412
1437
1110
1599
2468
3147
2689
1563
1010
1522
2545
3023
2637
1581
1041
1456
2479
3014
2637
1683
1022
1346
2345
3106
2702
1691
1043
1349
2264
3033
2795
1764
1084
1252
2203
3019
2850
1812
1043
1333
2198
2987
2825
1968
1149
1245
2162
2998
2860
1940
1165
1097
2011
2977
2970
2012
1189
1158
1979
2925
2908
2110
1233
1197
1916
2870
2969
2135
1278
1122
1893
2770
2967
2213
1346
1044
1783
2873
3022
2237
1307
1178
1776
2750
3093
2426
1396
1003
1704
2737
3059
2339
1387
989
1629
2677
3089
2396
1474
1109
1561
2633
3010
2534
1596
1086
1470
2580
3106
2501
1625
1044
1474
2486
3129
2602
1634
1070
1467
2471
2971
2646
1695
1080
1377
2425
3017
2703
1815
1045
1302
2329
3058
2679
1777
1070
1295
2270
2997
2841
1916
1156
1229
2238
3029
2861
1966
1126
1208
2117
2955
2876
2059
1112
1102
2015
2910
2938
2122
1194
1072
2037
2864
3002
2203
1298
1169
1938
2889
2969
2190
1244
1120
1800
2775
3059
2273
1246
1041
1794
2684
3061
2389
1411
1047
1734
2711
3034
2400
1369
1037
1651
2699
3023
2499
1446
1025
1567
2569
3034
2397
1510
1057
1592
2521
3081
2590
1505
988
1532
2549
3020
2627
1670
1126
1391
2404
3090
2664
1676
1069
1380
2289
3114
2771
1701
1028
1352
2320
3031
2811
1829
1113
1229
2233
3043
2815
1854
1119
1270
2179
3101
2884
1953
1127
1208
2094
3027
2949
1949
1210
1205
2008
2878
2965
2057
1154
1168
2015
2942
2917
2150
1222
1102
1889
2909
3003
2126
1272
1110
1868
2822
3022
2194
1285
1087
1821
2829
3023
2289
1278
1095
1780
2820
3037
2346
1452
1108
1674
2647
3075
2419
1419
991
1633
2621
3042
2461
1479
1004
1512
2706
3074
2501
1519
1121
1540
2480
3044
2605
1666
999
1477
2477
2991
2577
1700
1083
1396
2477
3129
2716
1652
1062
1345
2332
3021
2804
1776
967
1300
2324
2977
2629
1804
1085
1228
2215
3005
2833
1909
1152
1231
2169
2926
2890
2014
1161
1167
2071
2978
2897
2094
1145
1108
1981
2891
2930
2033
1190
1160
2080
2891
3009
2187
1232
1084
1913
2892
3011
2219
1281
1099
1736
2726
3008
2257
1248
1016
1853
2731
3037
2334
1382
1060
1772
2731
3010
2427
1410
1048
1615
2745
3062
2438
1416
1031
1612
2573
3055
2513
1585
1077
1496
2480
3109
2598
1585
1059
1491
2466
3021
2631
1585
1005
1373
2448
3049
2637
1691
1019
1343
2329
3101
2710
1730
1057
1362
2332
3020
2773
1741
1056
1286
2259
2984
2791
1810
1045
1243
2195
3086
2835
1820
1073
1290
2125
2909
2871
1917
1152
1147
1981
2860
2946
2020
1137
1149
1948
2869
2908
2148
1209
1102
1886
2920
3032
2176
1261
1068
1868
2797
3037
2201
1261
1024
1805
2802
2954
2359
1397
1077
1737
2872
3033
2239
1323
1056
1684
2681
3088
2380
1426
974
1608
2646
3063
2455
1468
1075
1557
2640
3070
2499
1505
1066
1516
2559
3056
2555
1637
1066
1486
2431
3038
2629
1692
1006
1333
2442
3000
2661
1674
1031
1288
2351
3045
2742
1715
1006
1350
2305
2975
2766
1906
1094
1248
2279
3069
2856
1854
1094
1228
2271
2983
2830
1989
1147
1162
2043
2924
2885
2025
1123
1148
2038
2939
2911
2027
1209
1086
1927
2798
3012
2196
1247
1109
1903
2869
3026
2221
1201
1139
1830
2724
2984
2268
1256
1032
1828
2695
3007
2361
1393
1006
1747
2738
3021
2386
1351
1043
1610
2555
2940
2488
1450
1021
1614
2615
3069
2488
1494
1035
1579
2528
3099
2563
1581
1090
1516
2541
3114
2678
1496
1024
1406
2373
3066
2690
1684
1000
1338
2370
3189
2773
1713
1046
1389
2300
3027
2800
1755
1077
1247
2268
3056
2820
1856
1107
1262
2187
3097
2864
1850
1066
1219
2072
2983
2943
1984
1163
1161
2063
2909
2934
2080
1188
1050
1918
3005
2991
2116
1233
1141
1920
2931
2988
2134
1283
1122
1899
2808
3025
2205
1309
1084
1762
2796
3052
2286
1270
1069
1757
2769
2980
2378
1426
1078
1728
2703
3062
2313
1425
1060
1647
2625
3005
2424
1502
1025
1493
2627
3096
2573
1474
1024
1487
2510
3046
2577
1652
1049
1485
2483
3103
2672
1682
974
1322
2480
3078
2644
1674
1070
1319
2405
3052
2721
1800
994
1273
2345
3074
2707
1774
1018
1249
2251
2977
2785
1843
1124
1252
2231
2990
2833
1910
1141
1233
2117
2975
2903
2038
1075
1135
2040
2875
2888
2096
1225
1097
2019
2914
3007
2144
1240
1137
1914
2859
2951
2207
1252
1110
1837
2785
3014
2266
1254
1017
1776
2692
3054
2348
1351
986
1797
2766
3040
2384
1344
1039
1623
2675
2977
2417
1356
974
1651
2655
3092
2440
1460
1038
1638
2604
3083
2513
1536
1093
1508
2436
3007
2732
1609
1001
1422
2483
3046
2649
1717
1032
1347
2330
3081
2713
1712
1074
1329
2282
3054
2823
1726
1025
1226
2235
3013
2812
1823
1090
1282
2231
3065
2808
1896
1138
1283
2090
2930
2925
1938
1130
1157
2037
2902
2946
2056
1225
1154
1917
2859
3002
2168
1150
1143
2006
2972
2991
2169
1288
1075
1899
2865
2970
2132
1330
1069
1724
2705
3019
2336
1311
1099
1726
2796
3072
2346
1327
1003
1723
2756
3062
2296
1447
1044
1580
2650
3115
2417
1398
1040
1573
2646
3046
2535
1529
1036
1482
2590
3123
2553
1612
1057
1462
2461
3081
2598
1651
981
1344
2483
3036
2654
1683
1063
1267
2343
3050
2649
1707
1110
1374
2242
3005
2753
1795
1004
1271
2262
2976
2803
1848
1077
1198
2175
2924
2867
1993
1087
1184
2154
2971
2811
2010
1137
1151
2038
2927
2905
2091
1256
1166
2006
2834
3010
2189
1292
1140
1869
2853
3002
2235
1196
1060
1828
2792
2934
2221
1277
1059
1834
2746
3060
2322
1381
1083
1811
2725
3015
2453
1436
1050
1591
2632
3025
2501
1449
1001
1550
2568
3100
2503
1505
1041
1560
2511
3078
2603
1593
1098
1481
2447
3051
2682
1514
989
1450
2459
2999
2641
1756
1099
1400
2345
3069
2702
1769
1119
1350
2301
3081
2835
1791
1151
1310
2230
3020
2839
1862
1136
1244
2122
3075
2913
1887
1057
1313
2186
2942
2930
2014
1170
1117
2012
2969
3048
1997
1047
1107
2020
2969
2888
2042
1246
1222
1948
2906
2987
2141
1272
1121
1894
2762
2979
2163
1291
1103
1782
2759
3022
2340
1327
1072
1694
2715
3019
2421
1490
1064
1628
2690
3128
2374
1417
1023
1696
2623
3004
2460
1517
1058
1477
2625
3105
2529
1463
1056
1574
2490
2981
2560
1634
951
1461
2537
3077
2518
1617
1077
1391
2423
3052
2679
1633
1029
1322
2414
3090
2742
1725
987
1357
2279
2991
2744
1846
1054
1168
2253
3068
2798
1814
1100
1267
2210
2905
2861
2015
1162
1127
2116
3028
2882
1950
1121
1252
2091
2866
2912
2147
1271
1035
1965
2934
3061
2126
1147
1130
2042
2904
2944
2254
1225
1069
1867
2836
2950
2194
1322
1133
1827
2654
2954
2322
1434
1040
1725
2736
3087
2394
1305
1017
1655
2671
3005
2523
1477
973
1568
2633
3102
2447
1500
1070
1661
2540
3019
2578
1588
1017
1421
2505
3063
2631
1618
1086
1417
2389
3068
2693
1645
992
1375
2403
3097
2659
1695
1103
1410
2321
2999
2762
1726
1048
1278
2242
2979
2779
1838
1131
1290
2165
2991
2843
1995
1156
1210
2120
2976
2857
1880
1167
1159
2020
2957
2960
1972
1139
1215
2077
2880
2852
2171
1305
1107
1861
2940
2994
2113
1226
1090
1906
2794
3025
2249
1374
1019
1723
2853
3091
2280
1239
1045
1715
2777
3008
2337
1400
1049
1674
2701
3074
2387
1444
977
1588
2689
3086
2463
1484
1018
1503
2656
3062
2534
1503
990
1483
2575
3072
2509
1643
1019
1418
2490
3126
2571
1588
995
1382
2375
2949
2695
1713
1064
1327
2369
2965
2661
1772
1062
1325
2264
3025
2795
1837
1056
1269
2247
2915
2814
1974
1159
1195
2185
2973
2857
1966
1151
1199
2078
2956
2920
2010
1112
1186
2075
2888
2825
2060
1280
1116
1970
2881
3027
2133
1196
1098
1958
2882
2986
2220
1230
1075
1814
2840
3036
2271
1294
1029
1723
2706
3123
2343
1354
1009
1809
2756
2991
2407
1419
1104
1657
2649
2997
2461
1453
1010
1606
2643
3076
2412
1441
1001
1573
2498
3110
2602
1481
1008
1593
2596
2993
2583
1589
1064
1395
2378
3036
2657
1714
1077
1405
2290
3028
2763
1769
1015
1303
2323
3062
2817
1737
1006
1272
2302
3007
2804
1849
1120
1238
2136
3081
2840
1873
1144
1296
2135
2920
2892
1975
1168
1154
2072
2934
2932
2038
1178
1133
1978
2928
2970
2128
1239
1133
1868
2918
3064
2151
1266
1112
1887
2792
3028
2205
1260
1032
1830
2842
2980
2276
1396
1121
1665
2734
3073
2447
1385
1010
1650
2714
3049
2304
1465
1038
1618
2614
3039
2445
1384
972
1521
2672
3029
2536
1536
1022
1473
2541
3078
2528
1568
974
1468
2468
3030
2571
1647
1068
1369
2414
3057
2720
1693
1076
1370
2340
2965
2751
1835
1004
1228
2302
3096
2736
1780
1074
1286
2231
2949
2816
1908
1119
1199
2199
3009
2937
1950
1081
1154
2100
2952
2857
2061
1087
1083
2010
2913
2906
2036
1189
1126
2037
2886
2936
2098
1266
1154
1887
2839
2978
2176
1202
1129
1904
2799
2925
2290
1376
1070
1742
2665
3053
2285
1341
1042
1780
2688
3000
2459
1442
1074
1576
2636
3073
2479
1424
1061
1581
2552
3096
2562
1518
974
1591
2576
3088
2577
1554
1041
1566
2535
2951
2586
1605
1014
1404
2486
3062
2618
1647
1030
1455
2358
2996
2661
1790
1082
1290
2320
3050
2745
1729
1082
1240
2191
3001
2822
1812
1080
1240
2112
3005
2845
1933
1134
1236
2141
3004
2890
1925
1170
1080
1976
3028
3018
1952
1139
1194
1955
2828
2951
2249
1200
1015
1928
2950
2922
2129
1335
1095
1817
2792
3055
2162
1221
1058
1825
2851
3059
2313
1298
1092
1696
2734
3011
2377
1409
1038
1690
2720
3065
2368
1456
1002
1603
2646
3027
2405
1449
994
1523
2658
3053
2586
1578
1016
1463
2538
3080
2521
1575
1003
1477
2487
3092
2615
1614
996
1380
2403
2981
2716
1751
1103
1303
2375
3088
2715
1733
986
1335
2358
3062
2690
1805
1124
1345
2273
2975
2815
1896
1130
1174
2176
2992
2842
1871
1034
1172
2119
2960
2844
2010
1159
1179
1993
2819
2922
2090
1165
1115
2056
2890
2997
2103
1223
1187
1990
2810
2928
2301
1227
1051
1838
2842
2989
2216
1319
1061
1786
2732
3045
2319
1377
1034
1768
2738
3024
2365
1406
1103
1674
2658
3042
2510
1393
969
1634
2643
3007
2428
1580
1141
1605
2476
3030
2643
1618
1025
1527
2571
3005
2584
1571
1054
1390
2397
3056
2672
1678
981
1377
2403
3086
2664
1748
1167
1370
2207
2963
2865
1833
1043
1237
2283
2990
2709
1808
1135
1222
2082
3030
2969
1984
1027
1219
2244
2992
2833
1950
1235
1196
2021
2889
2933
2001
1133
1127
2031
2940
2886
2123
1291
1108
1768
2895
3130
2269
1231
1027
1919
2846
2916
2152
1377
1134
1745
2793
3075
2286
1257
1036
1722
2820
3032
2350
1398
1047
1696
2684
3056
2407
1457
1045
1633
2593
3005
2410
1503
1068
1496
2575
3117
2578
1440
1052
1627
2662
3067
2465
1619
1033
1449
2474
3099
2614
1605
1065
1452
2391
2926
2699
1810
1097
1275
2394
3087
2748
1740
1037
1338
2262
2992
2770
1938
1124
1230
2205
3029
2844
1835
1187
1341
2219
2899
2892
2050
1142
1153
2144
3030
2857
1993
1148
1218
2028
2821
2883
2096
1254
1075
1961
2899
3022
2164
1268
1170
1950
2812
2884
2233
1323
1064
1765
2846
3020
2193
1215
1134
1872
2596
3019
2431
1411
943
1741
2856
3026
2303
1391
1182
1648
2550
3050
2563
1423
960
1567
2593
3056
2455
1487
1055
1570
2468
3096
2684
1589
942
1442
2527
3020
2578
1576
1094
1432
2382
3021
2702
1688
941
1393
2440
3115
2647
1727
1137
1438
2307
3005
2827
1746
1009
1259
2286
3011
2765
1845
1221
1289
2032
3011
2943
1922
1025
1171
2169
3008
2867
1866
1195
1276
2064
2879
2976
2085
1153
1081
2008
3007
2924
2058
1261
1186
1864
2925
3063
2113
1185
1056
1890
2801
2973
2181
1290
991
1715
2798
3014
2278
1258
1053
1810
2822
2986
2363
1448
1002
1597
2678
3099
2390
1408
1015
1673
2653
2997
2429
1520
1035
1468
2629
3131
2546
1400
1053
1605
2498
2934
2563
1776
1060
1392
2466
3154
2612
1523
954
1452
2521
2975
2698
1812
1079
1275
2392
3113
2725
1665
1087
1446
2305
2949
2746
1922
1053
1209
2233
3034
2810
1815
1176
1327
2213
2910
2887
2057
1165
1172
2107
3024
2818
1908
1145
1238
2083
2852
2866
2124
1215
1088
1991
2888
2999
2090
1184
1174
1970
2755
2901
2312
1298
1031
1819
2830
2926
2217
1346
1063
1764
2731
3079
2366
1436
992
1735
2797
3076
2309
1280
1147
1731
2574
2955
2558
1460
933
1585
2624
2997
2345
1519
1088
1589
2456
3021
2666
1661
1014
1442
2605
3100
2631
1597
1066
1470
2505
3088
2687
1720
1037
1368
2350
3146
2773
1720
1086
1393
2279
3008
2853
1821
1059
1258
2271
3000
2755
1881
1184
1246
2058
2967
2926
1958
1046
1212
2204
2980
2823
1913
1208
1166
1994
2904
2972
2019
1146
1174
2043
2907
2923
2139
1211
1151
1892
2929
3044
2089
1144
1055
1915
2814
2962
2165
1319
1051
1774
2761
2975
2296
1297
1088
1752
2848
3015
2297
1448
1099
1635
2629
3094
2392
1389
996
1705
2687
2975
2403
1514
1065
1462
2574
3082
2606
1515
976
1483
2583
3102
2560
1611
979
1426
2515
3103
2570
1647
980
1365
2545
3092
2664
1738
1133
1311
2413
3141
2765
1783
1075
1379
2316
3015
2777
1932
1113
1216
2237
3008
2775
1821
1116
1235
2218
2926
2855
1988
1194
1168
2045
2995
2867
1980
1148
1256
2093
2856
2913
2145
1220
1054
2028
2894
2946
2099
1291
1218
1904
2809
2984
2245
1249
1089
1832
2862
2994
2174
1280
1127
1816
2615
3007
2408
1391
971
1748
2804
3079
2365
1391
1177
1628
2595
3023
2515
1483
986
1591
2614
3046
2435
1564
1085
1509
2422
3080
2678
1591
966
1459
2610
3055
2553
1604
1101
1418
2373
2997
2740
1748
975
1379
2422
3077
2632
1719
1154
1393
2232
3003
2880
1767
996
1262
2292
2977
2792
1854
1093
1236
2143
3024
2866
1917
1071
1246
2175
2978
2879
1930
1169
1164
2035
2892
2951
2012
1130
1179
2058
2992
2956
2076
1179
1145
1899
2884
3002
2124
1179
1071
1972
2869
2933
2076
1317
1088
1706
2796
3127
2342
1253
1056
1812
2867
2984
2263
1465
1119
1627
2713
3157
2345
1349
971
1673
2674
2985
2382
1548
1105
1438
2545
3093
2562
1489
1036
1535
2609
3042
2541
1672
1050
1406
2423
3110
2603
1584
995
1470
2544
2961
2623
1761
1159
1293
2361
3102
2663
1672
1110
1388
2236
2921
2745
1892
1096
1275
2211
2993
2852
1872
1132
1234
2185
2911
2881
1996
1111
1129
2096
3010
2844
1975
1128
1183
2038
2857
2870
2100
1200
1089
1996
2877
2964
2099
1211
1142
1957
2807
2929
2295
1255
1008
1816
2882
3036
2183
1252
1107
1865
2703
3011
2335
1413
1056
1734
2722
3027
2366
1402
1059
1617
2683
3073
2539
1444
990
1604
2626
3098
2462
1506
1065
1646
2533
3016
2591
1586
985
1475
2582
3023
2545
1578
1162
1484
2346
3066
2822
1696
938
1418
2481
3086
2629
1799
1220
1302
2160
3044
2900
1770
1050
1269
2295
3000
2744
1858
1176
1259
2100
3042
2935
1966
1086
1173
2125
3010
2894
1915
1134
1163
2082
2930
2921
1986
1147
1133
1960
2939
2916
2060
1271
1177
1925
2890
2990
2141
1225
1091
1972
2865
2923
2107
1335
1120
1730
2716
3022
2325
1293
1006
1737
2869
3042
2315
1412
1091
1711
2720
3113
2352
1390
976
1633
2715
3067
2442
1501
1035
1467
2653
3099
2516
1481
1015
1549
2640
3089
2541
1624
1032
1504
2490
3043
2610
1706
1035
1386
2484
3013
2695
1707
1007
1276
2418
3139
2740
1726
1035
1375
2336
3015
2792
1937
1096
1239
2286
3069
2796
1802
1142
1313
2164
2874
2858
1986
1146
1197
2138
3021
2850
1984
1194
1208
1993
2829
2963
2129
1223
1095
1989
2840
2951
2137
1272
1142
1970
2904
2972
2217
1296
1130
1811
2788
3010
2262
1299
1055
1846
2781
3039
2329
1420
1051
1738
2714
3095
2423
1334
1043
1651
2656
3001
2473
1433
966
1528
2566
3014
2490
1534
998
1590
2536
3045
2537
1557
1032
1470
2478
3063
2720
1586
1001
1405
2512
3141
2652
1593
979
1436
2400
3050
2656
1715
1104
1415
2326
3030
2824
1778
1040
1307
2289
2991
2774
1841
1084
1215
2179
3017
2814
1894
1122
1213
2073
2971
2888
1983
1159
1156
2099
2871
2914
2068
1188
1138
1958
2945
2951
2089
1218
1173
1894
2886
3008
2120
1231
1047
1858
2803
2961
2152
1306
1097
1808
2780
2979
2228
1271
1135
1738
2749
3022
2362
1460
1091
1703
2746
3076
2353
1423
1039
1637
2583
3037
2468
1475
989
1484
2664
3083
2560
1555
1092
1499
2543
3092
2595
1634
985
1453
2482
3057
2580
1634
1032
1445
2510
3055
2643
1677
1069
1291
2402
3081
2768
1761
1035
1289
2268
3083
2815
1822
1013
1247
2237
3003
2864
1897
1089
1218
2201
2902
2873
2017
1140
1188
2125
3004
2889
2010
1153
1199
2040
2903
2952
2108
1223
1098
2039
2900
2953
2136
1256
1124
1948
2858
2940
2233
1263
1059
1771
2813
3023
2252
1324
1081
1792
2746
3092
2341
1337
1000
1736
2740
3033
2365
1382
1064
1647
2701
2987
2395
1482
1093
1547
2538
3068
2430
1483
1030
1578
2471
3041
2569
1543
1023
1463
2507
3057
2648
1573
1039
1450
2427
3010
2610
1664
999
1398
2354
3060
2640
1682
1110
1423
2277
2965
2808
1833
1078
1251
2258
3042
2817
1832
1080
1198
2121
3098
2931
1918
1095
1268
2119
2934
2891
1979
1160
1050
1982
2910
2953
2081
1170
1145
1966
2903
2970
2136
1206
1198
1979
2827
2943
2186
1272
1016
1834
2881
3032
2167
1306
1077
1809
2782
2999
2277
1312
1063
1697
2816
3112
2405
1375
1080
1699
2654
3087
2450
1433
952
1653
2660
2987
2444
1511
1022
1545
2682
3018
2543
1572
1006
1423
2536
3103
2569
1592
988
1486
2494
3105
2663
1682
1018
1382
2428
3041
2711
1703
1027
1305
2467
3048
2670
1735
1042
1365
2291
3015
2757
1846
1084
1265
2223
2940
2764
1894
1178
1212
2243
3062
2950
1958
1076
1184
2070
2913
2900
2081
1192
1154
1978
2898
2976
2073
1141
1087
2040
2886
2947
2139
1307
1155
1898
2824
3026
2255
1198
1041
1854
2809
2962
2290
1363
1037
1767
2761
3092
2314
1338
1056
1846
2728
3026
2434
1423
1084
1654
2698
3021
2398
1396
1045
1590
2523
3047
2538
1485
929
1591
2596
3119
2569
1539
1035
1495
2479
2993
2669
1572
976
1409
2513
3086
2600
1643
1015
1364
2350
3161
2746
1711
1070
1343
2324
3023
2767
1685
1028
1302
2237
2967
2854
1934
1065
1183
2232
3159
2823
1850
1170
1281
2058
2934
2935
2031
1147
1103
2066
3018
3012
1988
1136
1102
1957
2973
2977
2141
1187
1096
1918
2942
3004
2178
1300
1090
1854
2791
2980
2145
1313
1120
1768
2756
2998
2300
1311
1076
1721
2771
3020
2365
1444
1061
1610
2668
3133
2432
1407
973
1646
2635
3041
2442
1487
1075
1499
2595
3007
2487
1527
1071
1535
2582
3118
2645
1665
1037
1481
2500
3089
2626
1611
970
1372
2448
3019
2734
1732
1101
1348
2372
3051
2777
1769
990
1306
2349
3081
2704
1817
1051
1258
2368
3042
2777
1890
1182
1224
2136
2941
2883
1970
1117
1176
2123
2984
2889
2058
1144
1135
1991
2909
2985
2090
1183
1104
2014
2859
2989
2181
1232
1086
1886
2862
3015
2250
1239
1090
1811
2717
2972
2315
1308
1034
1777
2720
3091
2330
1383
1005
1734
2693
2995
2360
1372
1101
1669
2627
2946
2467
1494
1043
1613
2558
3060
2493
1513
1005
1542
2527
3131
2597
1502
1006
1513
2510
3039
2675
1606
1049
1418
2425
3043
2658
1656
1030
1406
2345
3057
2657
1682
1059
1324
2294
3031
2787
1768
1097
1252
2212
3076
2856
1746
1055
1301
2164
3004
2829
1937
1108
1207
2186
3090
2974
1977
1163
1152
2074
2932
2902
2001
1168
1158
2008
2928
2940
2140
1271
1142
1876
2924
3025
2116
1197
1102
1899
2793
3013
2214
1315
1085
1741
2754
3032
2343
1285
1062
1789
2809
3025
2399
1419
1042
1610
2647
3087
2430
1444
970
1628
2649
3019
2423
1550
982
1420
2661
3131
2560
1440
992
1528
2544
3046
2584
1664
1004
1417
2476
3087
2610
1610
1034
1475
2441
2948
2729
1772
1058
1255
2391
3118
2713
1649
963
1383
2403
2995
2663
1873
1134
1151
2206
3095
2846
1839
1093
1249
2227
2967
2905
1966
1057
1106
2126
3011
2857
1979
1048
1203
2117
2846
2801
2101
1321
1085
1969
2901
2961
2091
1245
1163
1936
2824
2974
2315
1271
1005
1788
2878
3016
2209
1267
1046
1810
2712
3018
2319
1350
1004
1776
2717
2978
2396
1387
1070
1595
2614
3034
2509
1436
966
1610
2640
3049
2455
1501
1047
1594
2487
3054
2592
1579
1023
1507
2561
3077
2599
1524
1105
1482
2374
3029
2689
1658
1006
1394
2320
3069
2714
1709
1050
1308
2281
3087
2793
1729
1076
1256
2183
3023
2844
1809
1103
1268
2127
2960
2838
1924
1064
1245
2182
2960
2839
1966
1221
1171
2028
2917
2989
2018
1072
1118
2088
2979
2872
2083
1265
1164
1865
2960
3058
2145
1215
1076
1927
2815
2955
2114
1319
1054
1764
2835
3027
2279
1329
1141
1772
2782
3026
2440
1465
995
1670
2771
3108
2378
1460
1094
1630
2615
3016
2426
1504
1038
1480
2606
3075
2586
1556
1089
1546
2602
3105
2579
1605
947
1424
2419
3047
2639
1607
989
1416
2480
3042
2692
1715
1064
1359
2389
3021
2745
1789
1026
1286
2307
3056
2724
1825
1080
1238
2218
2971
2830
1907
1129
1170
2145
2976
2906
1991
1122
1156
2118
2989
2844
1963
1119
1184
2046
2866
2896
2075
1208
1051
2037
2909
3007
2174
1240
1144
1937
2883
3007
2194
1242
1146
1830
2724
2964
2289
1303
1053
1824
2737
3060
2371
1421
