1.00E+08 0
2.00E+08 -0.02
3.00E+08 -0.04
4.00E+08 -0.06
5.00E+08 -0.08
6.00E+08 -0.1
7.00E+08 -0.12
8.00E+08 -0.14
9.00E+08 -0.16
1.00E+09 -0.18
1.10E+09 -0.2
1.20E+09 -0.22
1.30E+09 -0.24
1.40E+09 -0.26
1.50E+09 -0.28
1.60E+09 -0.3
1.70E+09 -0.32
1.80E+09 -0.34
1.90E+09 -0.36
2.00E+09 -0.38
2.10E+09 -0.4
2.20E+09 -0.42
2.30E+09 -0.44
2.40E+09 -0.46
2.50E+09 -0.48
2.60E+09 -0.5
2.70E+09 -0.52
2.80E+09 -0.54
2.90E+09 -0.56
3.00E+09 -0.58
3.10E+09 -0.6
3.20E+09 -0.62
3.30E+09 -0.64
3.40E+09 -0.66
3.50E+09 -0.68
3.60E+09 -0.7
3.70E+09 -0.72
3.80E+09 -0.74
3.90E+09 -0.76
4.00E+09 -0.78
4.10E+09 -0.8
4.20E+09 -0.82
4.30E+09 -0.84
4.40E+09 -0.86
4.50E+09 -0.88
4.60E+09 -0.9
4.70E+09 -0.92
4.80E+09 -0.94
4.90E+09 -0.96
5.00E+09 -0.98
5.10E+09 -1
6.00E+09 -20